30601612_zpid	30601612_zpid	11233	1280 Herkimer St, Brooklyn, NY 11233	40.677316	-73.911257	0.0555089174369	6	0.063273129762	3	0.137159970788	7	2	1	2100	430000	28	1462	1901	259	28	181	204	142	54	40	27	63	91	32	241
30793720_zpid	30793720_zpid	11229	21 Bartlett Pl, Brooklyn, NY 11229	40.588986	-73.926933	0.408303396898	2	1.10566278612	0	2.31299553139	0	3	1	1200	240000	29	1750	1930	8	24	4	60	4	4	108	44	76	4	12	140
30789418_zpid	30789418_zpid	11235	7 Brighton 1st Ct, Brooklyn, NY 11235	40.5784531	-73.9661364	0.165020830034	8	0.248035181809	9	0.311094745076	2	2	2	784	475000	16	1481	1901	416	160	252	320	232	208	128	68	176	76	84	892
30592535_zpid	30592535_zpid	11216	908 Sterling Pl, Brooklyn, NY 11216	40.672202	-73.948565	0.152770677852	13	0.131473556892	4	0.330711412347	4	6	3	2576	440000	48	1667	1901	248	59	130	146	146	15	25	4	34	46	27	199
30625902_zpid	30625902_zpid	11237	1434 Dekalb Ave, Brooklyn, NY 11237	40.700413	-73.9226709	0.0719173490682	12	0.37408014085	6	0.31671549287	4	2	1	4350	1050000	24	2482	1931	832	384	596	812	668	124	84	44	280	364	128	1248
30591585_zpid	30591585_zpid	11216	1134 Bergen St, Brooklyn, NY 11216	40.675721	-73.948183	0.264472810699	11	0.176593212027	7	0.296015007859	3	7	4	3696	1800000	8	2300	1899	361	84	142	204	182	36	33	11	59	68	33	285
30567325_zpid	30567325_zpid	11201	65 Cranberry St, Brooklyn, NY 11201	40.699769	-73.992548	0.0827571068952	14	0.244022855043	2	0.103249532095	4	1	1	3440	1525000	152	2075	1840	29	79	13	29	13	11	38	23	19	8	5	103
29796306_zpid	29796306_zpid	10472	1974 Powell Ave, Bronx, NY 10472	40.829975	-73.85822	0.225884110508	14	0.349822936707	5	0.422826160135	2	3	1	2575	455000	22	2574	1925	102	18	68	61	59	48	32	15	65	27	14	123
30742221_zpid	30742221_zpid	11229	1969 E 23rd St, Brooklyn, NY 11229	40.602696	-73.9487989	0.351775802489	3	0.545127193854	3	0.711399273378	1	3	2.5	1476	660000	82	2500	1920	74	20	24	31	35	55	56	18	27	6	5	150
30696335_zpid	30696335_zpid	11209	240 77th St, Brooklyn, NY 11209	40.630134	-74.029908	0.203822762738	17	0.593332213448	4	0.374113563625	1	6	2	2700	980000	62	5466	1910	80	42	33	27	26	50	44	82	12	15	8	115
30723937_zpid	30723937_zpid	11230	787 E 19th St, Brooklyn, NY 11230	40.6314909	-73.958337	0.27183539619	8	0.527502874746	4	0.372750833745	3	8	2.5	3293	1450000	15	7200	1905	360	52	264	248	300	128	108	112	52	68	12	388
30656177_zpid	30656177_zpid	11203	662 E 52nd St, Brooklyn, NY 11203	40.644098	-73.927885	0.199035569007	5	0.689577338639	1	1.78349879007	0	2	1	3000	560000	47	2500	1925	114	23	28	22	25	37	35	11	12	13	8	117
30785582_zpid	30785582_zpid	11234	1822 E 54th St, Brooklyn, NY 11234	40.612994	-73.922627	0.434902185981	5	1.21262148199	0	3.01230606549	0	3	2	1092	415000	28	2500	1930	16	5	10	9	10	32	27	18	19	5	7	104
30734695_zpid	30734695_zpid	11223	1966 W 3rd St, Brooklyn, NY 11223	40.599832	-73.975522	0.249919003123	5	0.401056949812	4	0.402892349197	4	4	3	2016	1374000	0	2051	1925	30	27	13	26	9	68	27	75	26	5	7	102
30730428_zpid	30730428_zpid	11214	8741 25th Ave, Brooklyn, NY 11214	40.594932	-73.989875	0.400000615286	8	0.369422855976	4	0.401882501154	1	4	2	1856	860000	9	1740	1950	25	6	15	17	8	41	37	21	20	9	3	78
30606088_zpid	30606088_zpid	11233	147 Bainbridge St, Brooklyn, NY 11233	40.681178	-73.931198	0.125518236444	9	0.111118317367	5	0.205778447962	1	4	3.5	3098	185000	216	2000	1905	122	63	87	119	67	14	23	8	37	32	20	171
30783401_zpid	30783401_zpid	11234	6221 Strickland Ave, Brooklyn, NY 11234	40.614378	-73.911616	0.194402039364	6	0.368977920325	1	3.67250347859	0	4	3	5000	425000	305	4200	2006	4	9	6	7	2	13	11	6	13	0	2	34
30637309_zpid	30637309_zpid	11208	172 Cleveland St, Brooklyn, NY 11208	40.681013	-73.886183	0.340724069627	7	0.252523877418	5	0.176270761562	3	7	2.25	2600	245000	62	3750	1899	55	12	30	32	35	35	23	17	17	14	11	86
30620544_zpid	30620544_zpid	11222	175 Mcguinness Blvd, Brooklyn, NY 11222	40.7282	-73.950608	0.0857124831872	19	0.197364559275	4	0.36138981274	2	4	2	2625	885000	32	2500	1920	232	280	100	192	88	148	128	140	80	68	60	772
30669949_zpid	30669949_zpid	11230	616 E 19th St, Brooklyn, NY 11230	40.635466	-73.959784	0.186446351804	11	0.205497380874	7	0.257760768834	3	6	4	1920	1480000	24	6926	1910	53	10	39	38	47	20	14	6	13	11	2	57
30612410_zpid	30612410_zpid	11205	481 Dekalb Ave, Brooklyn, NY 11205	40.690849	-73.957868	0.0636940726739	9	0.116834339622	5	0.287979029283	3	4	2	6480	975000	44	2700	1920	532	320	136	208	120	112	132	124	104	40	96	608
2099536949_zpid	2099536949_zpid	11214	43 Bay 25 St, Brooklyn, NY 11214	40.603162	-73.998152	0.283004401815	9	0.220525681734	11	0.155185262048	3	5	3	3800	3380000	0	3841	1910	166	22	43	57	42	84	42	37	23	15	6	186
30647413_zpid	30647413_zpid	11207	737 Alabama Ave, Brooklyn, NY 11207	40.6582999	-73.893337	0.71519142749	3	0.353248787665	3	0.500148156419	2	5	2	2320	597400	109	2400	1925	87	9	69	74	53	27	40	14	22	39	7	142
30574533_zpid	30574533_zpid	11232	191 33rd St, Brooklyn, NY 11232	40.655554	-74.001495	0.131952230731	4	0.607334056545	2	0.278848320569	2	3	2	1520	490000	61	1670	1930	25	31	11	17	12	9	34	15	15	1	9	78
30705017_zpid	30705017_zpid	11204	1664 73rd St, Brooklyn, NY 11204	40.616337	-73.998222	0.153941056746	8	0.323035885077	5	0.366053050065	2	2	2	960	728000	1	1500	1910	44	56	28	128	28	124	72	72	48	16	12	232
30640974_zpid	30640974_zpid	11207	533 Van Siclen Ave, Brooklyn, NY 11207	40.6664389	-73.888437	0.359270628103	10	0.408887044886	8	0.0947049646812	4	5	2	1190	300000	68	1750	1930	884	80	528	496	508	128	140	48	244	292	92	984
30792504_zpid	30792504_zpid	11235	2823 Batchelder St, Brooklyn, NY 11235	40.584761	-73.935712	0.616904456636	1	0.72143199742	1	1.57717410718	0	3	1	2240	599000	0	2800	1920	56	12	23	32	28	27	21	14	28	9	5	92
30665481_zpid	30665481_zpid	11226	375 Parkside Ave, Brooklyn, NY 11226	40.656061	-73.957305	0.16640190867	13	0.142434781902	7	0.364058420604	3	1	1	3348	925000	44	2450	1901	344	67	166	177	158	34	27	14	42	47	16	229
30615857_zpid	30615857_zpid	11217	107 Saint Felix St, Brooklyn, NY 11217	40.6863436	-73.9770444	0.113807374746	10	0.114797084025	1	0.169315220675	9	2	1.5	3525	1950000	39	1750	1899	67	88	28	48	17	21	34	40	30	18	25	195
30608529_zpid	30608529_zpid	11221	487 Lexington Ave, Brooklyn, NY 11221	40.688858	-73.942589	0.281732763966	10	0.182965042159	3	0.770171794275	0	6	3	3200	680000	34	2000	1899	756	204	384	548	380	108	120	40	148	208	104	852
30784075_zpid	30784075_zpid	11234	1848 E 37th St, Brooklyn, NY 11234	40.612442	-73.933469	0.333796680161	3	0.399279261504	1	2.09976283142	0	2	2	1000	377500	53	1800	1920	3	20	3	7	3	17	30	27	33	1	2	52
30713862_zpid	30713862_zpid	11214	1641 Cropsey Ave, Brooklyn, NY 11214	40.604688	-74.010853	0.188430724101	6	0.367737339547	2	0.851980403417	0	3	1.5	2390	555000	61	1564	1930	13	8	10	19	6	29	13	34	17	2	2	56
29851125_zpid	29851125_zpid	10464	227 Ditmars St, Bronx, NY 10464	40.850558	-73.784774	0.368804094222	3	3.46122423142	0	3.57287702197	0	4	2.5	1942	445000	66	2465	1970	2	24	2	3	1	2	17	11	4	1	16	37
30793202_zpid	30793202_zpid	11229	2328 Plumb 2nd St, Brooklyn, NY 11229	40.596228	-73.931655	0.411086986583	7	0.592283845907	1	1.98989857444	0	2	1	840	353000	31	1800	1925	28	60	0	20	8	28	76	28	72	12	8	152
30737674_zpid	30737674_zpid	11223	14 Corso Ct, Brooklyn, NY 11223	40.5946447	-73.9747595	0.292635987068	7	0.318544468956	3	0.197437527038	4	4	1	2244	317100	24	435	1926	168	48	44	144	44	232	100	148	112	28	36	420
30599750_zpid	30599750_zpid	11233	449 Bainbridge St, Brooklyn, NY 11233	40.682593	-73.918819	0.158332814865	7	0.481214585686	3	0.456169765193	3	3	1	2700	705000	30	2000	1899	222	54	150	169	133	25	40	11	58	94	24	271
30777038_zpid	30777038_zpid	11236	1462 E 92nd St, Brooklyn, NY 11236	40.635333	-73.898211	0.1261476978	5	0.251783954233	3	1.29719347459	0	6	3	1908	218000	234	3484	1920	132	84	80	96	28	220	92	48	68	44	20	360
30791165_zpid	30791165_zpid	11235	114 Kensington St, Brooklyn, NY 11235	40.58032	-73.942381	0.516661292042	1	1.2233969801	0	1.23559868508	0	3	3.5	2300	1650000	4	6240	1943	68	28	4	56	12	68	96	20	52	4	8	124
30723911_zpid	30723911_zpid	11230	771 E 18th St, Brooklyn, NY 11230	40.6319779	-73.95943	0.251860444488	6	0.420459056609	3	0.354535474442	2	7	4	3980	2695000	0	5000	1905	95	18	81	73	89	39	28	28	19	19	5	103
29842512_zpid	29842512_zpid	10461	2823 Zulette Ave, Bronx, NY 10461	40.842252	-73.836003	0.113290289297	6	0.783416372529	0	0.181336635603	3	5	2	4792	425000	10	4750	1958	268	48	88	68	60	124	88	52	52	40	12	308
30664439_zpid	30664439_zpid	11225	122 Lincoln Rd, Brooklyn, NY 11225	40.660838	-73.95857	0.168555380477	11	0.273979287337	8	0.322307887238	3	2	1	3397	1300000	18	5250	1910	446	108	195	159	176	17	44	22	62	56	15	291
29783513_zpid	29783513_zpid	10459	1285 Intervale Ave, Bronx, NY 10459	40.829834	-73.894116	0.505379584293	3	0.311860016923	6	0.194983462813	2	3	1.5	1152	332500	7	1995	1988	231	92	99	144	116	38	31	6	31	50	26	208
30697607_zpid	30697607_zpid	11228	7924 10th Ave, Brooklyn, NY 11228	40.621665	-74.017137	0.665333567455	5	0.646320031025	4	0.958260486546	0	3	1.5	2500	892000	9	2500	1915	14	7	6	12	5	21	47	23	17	2	4	40
30719067_zpid	30719067_zpid	11230	1456 E 10th St, Brooklyn, NY 11230	40.613591	-73.964358	0.171231068988	5	0.149614525988	5	0.613642470075	1	9	5.5	4566	1400000	20	4000	1936	280	68	80	168	120	256	176	92	132	40	8	528
30650174_zpid	30650174_zpid	11208	706 Cozine Ave, Brooklyn, NY 11208	40.661944	-73.8670829	0.610716664458	1	0.314305660213	3	1.48589831842	0	3	2	1824	223500	54	1700	1930	18	4	5	8	2	7	20	3	5	4	1	38
30730848_zpid	30730848_zpid	11214	207 Bay 35th St, Brooklyn, NY 11214	40.595379	-73.994275	0.472359499648	7	0.617447513528	6	0.680519826095	2	5	3	2475	998000	11	4850	1924	63	5	27	39	23	46	36	19	19	12	3	76
29851348_zpid	29851348_zpid	10475	3556 Ropes Ave, Bronx, NY 10475	40.889564	-73.818867	0.933949897077	0	0.323366197358	1	1.01686866972	0	7	5	3300	655000	8	9579	1969	0	0	0	1	0	2	2	1	0	0	1	1
30711562_zpid	30711562_zpid	11228	8661 14th Ave, Brooklyn, NY 11228	40.6114	-74.012702	0.154998793894	6	0.367750711301	1	1.00298760512	0	5	3	2700	980000	10	2178	1930	6	14	3	16	2	23	42	36	25	5	5	58
30663306_zpid	30663306_zpid	11203	729 E 42nd St, Brooklyn, NY 11203	40.637433	-73.93631	0.518454111295	3	0.88832048854	0	1.06041197494	0	4	3	2165	464400	14	1760	1930	64	36	28	44	36	120	64	16	48	40	20	216
30674064_zpid	30674064_zpid	11218	277 E 9th St, Brooklyn, NY 11218	40.6416918	-73.9701084	0.133360402239	13	0.162431074156	5	0.53203636426	2	4	2.5	1212	1700000	1	2225	1901	664	240	244	308	188	196	140	148	112	72	48	788
30596766_zpid	30596766_zpid	11213	1137 Lincoln Pl, Brooklyn, NY 11213	40.670356	-73.938731	0.229849343204	10	0.268756337194	7	0.333803424271	2	3	3	2400	999000	0	1705	1899	397	63	157	177	178	39	53	18	45	73	41	324
30671072_zpid	30671072_zpid	11218	39 E 2nd St, Brooklyn, NY 11218	40.651119	-73.979532	0.305840495874	7	0.650264426994	2	0.350067366355	1	5	2	2816	1255000	17	2500	1910	44	80	48	84	48	100	88	84	56	8	12	200
29834414_zpid	29834414_zpid	10466	1153 E 223rd St # A, Bronx, NY 10466	40.8822543	-73.8481982	0.122661915848	7	0.199665750461	4	0.909305749573	0	4	2.5	1534	392000	3	1850	1945	22	6	14	8	9	31	5	1	18	7	2	33
29781802_zpid	29781802_zpid	10453	113 E 179th St, Bronx, NY 10453	40.8517411	-73.9062204	0.115161907944	13	0.161279463592	9	0.170157190997	6	4	3	2232	319000	19	1624	1899	465	50	222	221	214	35	20	20	79	63	22	313
30646918_zpid	30646918_zpid	11207	665 Wyona St, Brooklyn, NY 11207	40.662233	-73.889796	0.124843383673	6	0.0819082211558	6	0.389594456528	3	2	1	3520	595000	120	3049	1930	932	80	584	536	520	104	184	36	212	340	52	1000
30666220_zpid	30666220_zpid	11226	226 Martense St, Brooklyn, NY 11226	40.65133	-73.951382	0.373441805525	10	0.0937883687162	6	0.161956829774	3	3	2	2200	755000	13	2196	1910	460	61	220	223	233	95	34	16	68	74	25	356
30775481_zpid	30775481_zpid	11236	10108 Avenue J, Brooklyn, NY 11236	40.643956	-73.895319	0.389031048057	7	0.514468260778	2	0.628098226201	1	5	3	2235	570000	7	2120	1931	69	6	38	24	25	45	21	9	18	19	10	104
30567032_zpid	30567032_zpid	11217	235 Bergen St, Brooklyn, NY 11217	40.684525	-73.98426	0.213689282193	10	0.414476015601	3	0.469895772626	9	5	3.5	2880	3495000	18	2000	1910	56	93	12	46	14	42	56	27	30	18	16	186
30652485_zpid	30652485_zpid	11203	34 E 58th St, Brooklyn, NY 11203	40.65468	-73.923256	0.125318146247	9	0.396136520847	2	0.954388306691	0	3	1.5	1812	225000	17	1742	1940	122	20	44	55	47	39	16	7	14	20	11	106
29782127_zpid	29782127_zpid	10453	1909 Harrison Ave, Bronx, NY 10453	40.8533201	-73.9110846	0.10887239554	10	0.273984531205	8	0.286714139586	4	3	2	1850	474950	102	5352	1980	624	42	230	253	243	96	33	24	107	76	31	360
30774183_zpid	30774183_zpid	11236	9016 Flatlands Ave, Brooklyn, NY 11236	40.640325	-73.905301	0.128912748455	9	0.712806101538	1	0.762461250879	0	3	3	1944	550000	0	1964	1920	41	6	24	22	11	67	29	11	15	17	12	99
30716962_zpid	30716962_zpid	11230	1327 E 4th St, Brooklyn, NY 11230	40.618267	-73.971408	0.439594615706	6	0.151772738261	4	0.420371496413	2	3	2.5	1596	520000	10	2000	1920	156	40	44	80	56	116	168	88	84	20	20	208
30566642_zpid	30566642_zpid	11217	425 Pacific St, Brooklyn, NY 11217	40.686	-73.983938	0.102286603967	11	0.553795083932	2	0.335594566661	9	6	4	3520	3600000	0	1980	1899	53	82	8	43	14	36	57	24	23	17	16	158
29779628_zpid	29779628_zpid	10455	686 Union Ave, Bronx, NY 10455	40.816086	-73.903839	0.0639341283668	13	0.265013013226	8	0.337306144048	4	8	6	2868	190000	24	1765	1901	308	26	99	129	87	29	39	20	55	50	27	245
30759274_zpid	30759274_zpid	11234	1087 E 53rd St, Brooklyn, NY 11234	40.632536	-73.925058	0.333338302824	5	0.507070878173	2	1.9081965645	0	4	3	1962	440000	3	1800	1955	36	11	12	24	12	45	22	13	18	13	3	74
30787489_zpid	30787489_zpid	11234	2753 E 63rd St, Brooklyn, NY 11234	40.606729	-73.913909	1.04290153374	0	1.23016626883	0	3.64645757307	0	3	2	1224	545000	1	1800	1965	3	4	2	5	3	17	4	27	20	2	1	27
68310610_zpid	68310610_zpid	11208	206 Fountain Ave, Brooklyn, NY 11208	40.675077	-73.875504	0.218775146128	8	0.1355386592	4	0.288818533878	2	6	3.5	2840	510000	116	2840	2005	692	84	380	444	332	220	196	32	172	208	68	784
30791363_zpid	30791363_zpid	11235	168 Oxford St, Brooklyn, NY 11235	40.5790719	-73.938246	0.572039459785	1	1.37137168701	0	1.60237836005	0	3	3	2880	680000	105	2482	1935	8	20	0	24	0	48	44	12	32	4	4	72
30598492_zpid	30598492_zpid	11233	479 Ralph Ave, Brooklyn, NY 11233	40.6729005	-73.9219192	0.457713528663	4	0.349067005347	3	0.650794056103	1	4	2.5	3884	760000	5	1790	1921	208	29	123	109	101	18	20	5	38	41	17	168
30606002_zpid	30606002_zpid	11233	109 Bainbridge St, Brooklyn, NY 11233	40.680954	-73.9332079	0.183920215076	9	0.177948904421	4	0.274083862993	2	8	4	3600	700000	68	2000	1910	86	52	70	83	57	10	23	5	26	27	14	127
30711786_zpid	30711786_zpid	11228	72 Bay 10th St, Brooklyn, NY 11228	40.609705	-74.0104209	0.170045602556	8	0.254152121743	4	0.759407226977	0	3	1.5	1500	610000	46	2522	1930	7	12	3	13	2	21	41	32	27	4	6	60
29843384_zpid	29843384_zpid	10465	1369 Siegfried Pl, Bronx, NY 10465	40.841555	-73.823741	0.580128136067	1	0.396791775462	1	0.945984785749	0	2	2	2655	494000	8	3042	1955	1	6	6	2	0	6	29	11	4	1	1	23
30602464_zpid	30602464_zpid	11221	862 Lafayette Ave, Brooklyn, NY 11221	40.691152	-73.938079	0.147234660384	10	0.349975954053	5	0.704356426666	1	6	5	3300	1450000	2	2000	1899	199	55	100	138	86	35	27	13	41	55	32	227
30692480_zpid	30692480_zpid	11209	22 Bay Ridge Pl, Brooklyn, NY 11209	40.635824	-74.028299	0.0595213399419	11	0.076456343535	3	0.4265995211	2	4	1.5	1991	820000	32	1600	1921	119	14	29	43	28	31	25	85	16	12	3	119
29822748_zpid	29822748_zpid	10467	2732 Cruger Ave, Bronx, NY 10467	40.866682	-73.866022	0.201165517866	11	0.154070593126	6	0.178042433143	2	6	2	1690	386500	59	2500	1910	356	26	162	169	162	36	30	16	45	58	33	222
30735922_zpid	30735922_zpid	11223	2035 West St, Brooklyn, NY 11223	40.5985234	-73.9715571	0.49651419076	4	0.427634171625	3	0.313307494133	3	3	2	1404	1325000	9	3000	1925	96	56	36	96	24	184	104	268	100	20	16	372
121711118_zpid	121711118_zpid	11228	945 79th St, Brooklyn, NY 11228	40.623143	-74.017657	0.593080406338	8	0.519863005438	4	0.908954784373	0	3	2.5	1700	440363	12	4658	1996	14	5	8	11	7	20	35	20	13	2	3	35
29822547_zpid	29822547_zpid	10469	2567 Tiemann Ave, Bronx, NY 10469	40.864429	-73.8382139	0.475613903737	3	0.30079970334	1	0.891619991342	0	3	3	1946	135000	243	2299	1950	10	12	3	5	2	14	24	13	13	3	2	46
30777319_zpid	30777319_zpid	11236	1425 E 98th St, Brooklyn, NY 11236	40.6384169	-73.892902	0.197862307149	8	0.180518657968	4	1.1883007951	0	4	2	1512	228500	187	2156	1925	30	10	25	26	5	40	19	14	13	10	2	72
89069537_zpid	89069537_zpid	11201	133 Water St, Brooklyn, NY 11201	40.7033228	-73.988947	0.0843798408635	7	0.714412963587	1	0.283379240358	3	1	1	1100	14640000	127	10018	2006	12	188	12	64	0	84	108	76	28	12	16	304
68312277_zpid	68312277_zpid	11208	190 Highland Pl, Brooklyn, NY 11208	40.680464	-73.8812389	0.043039643563	7	0.108320949835	3	0.146117894261	4	6	5	2517	416000	12	2018	2005	340	136	244	292	216	200	168	108	156	112	60	736
29780754_zpid	29780754_zpid	10459	1142 Simpson St, Bronx, NY 10459	40.8273719	-73.892619	0.350650554442	2	0.0308991326091	7	0.315193855072	5	5	3	2280	415000	8	1899	1992	259	50	105	153	111	41	34	11	44	41	33	257
29813296_zpid	29813296_zpid	10462	1847 Hunt Ave, Bronx, NY 10462	40.8467119	-73.865955	0.0782839185587	6	0.235577803136	2	0.316036750016	1	6	3.5	3010	660000	16	4675	1960	166	18	73	89	74	77	35	18	30	31	16	164
30765627_zpid	30765627_zpid	11234	1589 E 55th St, Brooklyn, NY 11234	40.617811	-73.921604	0.356623159784	10	0.806025842059	0	2.76355801796	0	3	1.5	1800	420000	39	1800	1950	12	21	7	6	11	29	31	13	22	4	5	135
30733989_zpid	30733989_zpid	11224	4012 Atlantic Ave, Brooklyn, NY 11224	40.574045	-74.006871	0.657467362942	1	0.560350814896	1	2.20010822181	0	4	2.5	3104	1100000	127	5000	1920	14	9	7	26	4	3	13	4	7	3	0	28
29816840_zpid	29816840_zpid	10461	2850 E 194th St, Bronx, NY 10461	40.852252	-73.832892	0.245003438568	6	0.278143600363	1	0.494415482476	2	4	3	2100	575000	105	2500	1930	63	16	16	17	22	37	24	21	13	6	5	59
30663282_zpid	30663282_zpid	11203	696 E 43rd St, Brooklyn, NY 11203	40.6382819	-73.936042	0.424055426794	3	0.970503245431	0	1.06154214666	0	3	2	2040	500000	0	1759	1930	88	40	32	52	40	148	72	16	60	44	20	244
30779256_zpid	30779256_zpid	11236	1537 E 98th St, Brooklyn, NY 11236	40.636068	-73.890267	0.27846904945	7	0.181277195151	4	1.53165812655	0	2	2	1000	350000	8	5250	1920	28	9	19	19	1	26	11	14	15	6	1	59
30748257_zpid	30748257_zpid	11235	2450 E 27th St, Brooklyn, NY 11235	40.592217	-73.943547	0.243511436192	12	0.300269631261	3	1.0380187007	0	6	5	2112	766000	16	2221	1940	204	60	48	52	32	96	88	116	88	4	4	252
29835089_zpid	29835089_zpid	10466	3631 Provost Ave, Bronx, NY 10466	40.887168	-73.828604	0.222041869102	2	0.287890342482	2	0.226051690938	1	3	2	1152	289800	47	3702	1952	15	7	8	12	0	13	18	12	10	2	1	47
30729915_zpid	30729915_zpid	11214	8646 25th Ave, Brooklyn, NY 11214	40.597146	-73.988377	0.143111316452	5	0.114435792303	6	0.144840420458	2	4	3	2680	860000	22	1933	1960	36	14	14	15	11	41	32	18	15	6	2	82
30791010_zpid	30791010_zpid	11235	7 Hastings St, Brooklyn, NY 11235	40.580958	-73.944808	0.650917247842	2	1.02043154046	0	1.03023274257	0	5	5	4320	3195000	0	7400	1920	17	6	3	15	4	12	27	11	15	1	2	36
30793676_zpid	30793676_zpid	11229	14 Kay Ct, Brooklyn, NY 11229	40.58856	-73.926604	0.398027381813	2	1.14462829886	0	2.33643908375	0	2	1	1200	290000	26	1680	1925	8	16	4	64	4	4	112	44	80	4	12	144
30643071_zpid	30643071_zpid	11208	189 Grant Ave, Brooklyn, NY 11208	40.686284	-73.867634	0.232760447649	9	0.132333504732	6	0.562603902446	3	4	1	2320	100000	11	871200	1899	59	29	42	58	34	54	24	11	38	24	5	129
30672540_zpid	30672540_zpid	11218	123 Chester Ave, Brooklyn, NY 11218	40.6424615	-73.9828531	0.198100065154	10	0.219586875404	8	0.320690448968	1	5	3	1640	580000	110	1999	1920	85	32	41	50	40	56	67	53	14	13	8	195
30641398_zpid	30641398_zpid	11208	28 Logan St, Brooklyn, NY 11208	40.686057	-73.879266	0.300397555815	6	0.482021893212	3	0.521401019279	3	6	3	2248	695000	6	2738	1910	75	32	44	55	34	44	24	12	37	25	7	120
30753710_zpid	30753710_zpid	11210	3610 Avenue K, Brooklyn, NY 11210	40.624818	-73.94025	0.230129826031	3	0.688739819524	2	1.08934916031	0	4	3	1892	370000	27	1900	1923	73	10	29	36	24	68	43	19	27	13	10	86
30592977_zpid	30592977_zpid	11213	1166 Saint Johns Pl, Brooklyn, NY 11213	40.6708039	-73.939786	0.143715263418	10	0.176415171991	5	0.279221081201	2	6	4	5100	1430000	9	3000	1910	1372	284	528	628	608	180	188	68	152	260	144	1184
30766068_zpid	30766068_zpid	11236	264 E 86th St, Brooklyn, NY 11236	40.646358	-73.918126	0.404979328612	3	1.02435451239	0	1.37511244462	0	2	1	1188	343000	117	1440	1945	8	2	10	11	7	15	14	3	6	6	3	48
30663468_zpid	30663468_zpid	11203	972 E 45th St, Brooklyn, NY 11203	40.63744	-73.933988	0.270083071171	7	1.04157183659	0	1.25040379777	0	3	2	1904	400000	14	1464	1945	60	36	24	44	40	108	80	16	68	32	20	252
29850370_zpid	29850370_zpid	10464	4 Carroll St, Bronx, NY 10464	40.8448611	-73.7896923	0.391184108183	3	3.04383048962	0	3.2747705627	0	1	1	500	340000	134	4356	1920	52	48	16	20	12	4	132	32	16	8	84	160
29783419_zpid	29783419_zpid	10459	815 Freeman St, Bronx, NY 10459	40.8304998	-73.8975831	0.295940898642	5	0.314093808462	9	0.48564836309	1	9	3	2805	349000	40	2787	1901	163	80	81	105	86	21	16	4	22	41	18	147
30776485_zpid	30776485_zpid	11236	1143 E 100th St, Brooklyn, NY 11236	40.6411919	-73.893528	0.392290641052	5	0.491286903388	2	0.929417588531	0	4	2	2000	422300	10	2000	1955	220	36	92	92	80	120	72	40	60	60	24	320
29846692_zpid	29846692_zpid	10465	212 Throggs Neck Blvd, Bronx, NY 10465	40.817627	-73.8124519	0.440466434354	4	0.499094566219	1	3.54572017337	0	2	2	1200	399125	7	2265	1950	20	44	8	28	12	40	92	52	48	16	36	260
29852673_zpid	29852673_zpid	10471	4580 Henry Hudson Pkwy, Bronx, NY 10471	40.893102	-73.907672	0.623052125868	3	0.863665003859	0	0.86737544603	0	5	4	6498	854900	16	9191	1980	18	5	2	3	1	2	30	3	5	0	1	18
30729471_zpid	30729471_zpid	11214	2376 83rd St, Brooklyn, NY 11214	40.600865	-73.987911	0.198330672803	8	0.196557189116	6	0.363571051091	3	4	2.5	1840	830000	33	3001	1925	336	52	96	148	104	252	168	96	64	32	24	428
30620496_zpid	30620496_zpid	11222	184 Calyer St, Brooklyn, NY 11222	40.728142	-73.952611	0.0879971183653	18	0.0435944302349	4	0.253329485081	2	4	2	1760	1510000	10	1250	1920	64	72	30	55	26	42	38	33	23	16	16	198
30616383_zpid	30616383_zpid	11249	67 Division Ave, Brooklyn, NY 11249	40.7073492	-73.9663226	0.34360314834	5	0.434118808191	4	0.718757291025	1	4	3	2160	995000	20	788	1910	20	54	10	17	8	5	18	34	12	5	5	55
30782167_zpid	30782167_zpid	11234	2036 E 68th St, Brooklyn, NY 11234	40.619076	-73.910838	0.179846126331	5	0.237369999121	1	3.1624763748	0	5	2	2320	550000	31	2000	1960	16	8	9	14	6	20	23	9	21	2	5	72
30756518_zpid	30756518_zpid	11234	1574 E 37th St, Brooklyn, NY 11234	40.616933	-73.93852	0.411771906516	4	0.181041699328	4	1.7659194549	0	3	1.75	1472	534000	70	2000	1925	18	15	14	25	6	44	21	22	33	6	3	106
30791135_zpid	30791135_zpid	11235	149 Irwin St, Brooklyn, NY 11235	40.579174	-73.943516	0.799858603831	0	1.23671218095	0	1.24416485505	0	3	2.5	1936	1070000	26	4000	1940	17	6	3	11	3	14	20	8	12	1	1	28
30764541_zpid	30764541_zpid	11234	1600 E 53rd St, Brooklyn, NY 11234	40.619503	-73.924328	0.123638410312	12	0.527188109885	1	2.46635356175	0	3	2.5	660	11000	5	2095	1920	14	25	5	9	11	44	27	17	19	5	8	137
30665801_zpid	30665801_zpid	11218	34 Stratford Rd, Brooklyn, NY 11218	40.6479799	-73.969855	0.154780404308	8	0.851998607019	0	0.539104254669	3	10	4	3692	1400000	2	4666	1920	93	24	36	47	45	23	14	19	22	18	3	108
