29848914_zpid	29848914_zpid	10465	4208 E Tremont Ave, Bronx, NY 10465	40.817177	-73.816532	0.244590842521	3	0.27698887101	1	3.35013465344	0	3	1.5	1589	379000	11	2069	1955	9	7	4	7	4	19	15	11	12	4	10	62
29854486_zpid	29854486_zpid	10471	5234 Blackstone Ave, Bronx, NY 10471	40.9005129	-73.909348	0.749301020993	1	0.712527396917	1	0.557370939538	1	7	6.5	3250	2000000	18	15681.599999999999	1991	6	3	2	6	1	2	23	4	5	0	1	15
30574989_zpid	30574989_zpid	11232	441 43rd St, Brooklyn, NY 11232	40.649833	-74.007149	0.157567376526	9	0.106895106273	7	0.26101694022	2	6	3	2766	1230000	2	2003	1899	70	44	27	33	32	5	30	16	16	13	4	101
112501736_zpid	112501736_zpid	11221	877 Greene Ave, Brooklyn, NY 11221	40.690754	-73.932611	0.393517043801	11	0.486079492832	6	0.430941142982	1	6	3	4125	1200000	8	1500	2014	203	64	105	128	108	57	33	14	35	59	48	260
30615528_zpid	30615528_zpid	11217	31 S Elliott Pl, Brooklyn, NY 11217	40.688713	-73.975579	0.157290164754	7	0.176627135789	2	0.170343766222	8	3	2.5	2224	2287500	46	73616.4	2008	35	52	21	22	9	8	23	19	17	10	10	95
30596215_zpid	30596215_zpid	11213	1358 Prospect Pl, Brooklyn, NY 11213	40.673022	-73.931484	0.112061665079	7	0.345960112875	4	0.475407355604	2	5	3	1938	700000	33	2427	1910	367	37	186	191	188	33	27	9	46	70	21	275
30590263_zpid	30590263_zpid	11238	358 Prospect Pl, Brooklyn, NY 11238	40.676505	-73.964823	0.096646581873	13	0.094426812434	5	0.524125611019	4	6	3	2295	1300000	30	2227	1910	206	158	82	104	94	30	42	43	44	41	14	222
30763947_zpid	30763947_zpid	11234	1627 Kimball St, Brooklyn, NY 11234	40.617711	-73.934888	0.311061140278	8	0.467733434496	3	1.9990130792	0	3	2	1668	604000	1	2000	1920	48	196	44	72	44	172	132	84	92	28	4	544
30571024_zpid	30571024_zpid	11201	92 Bergen St, Brooklyn, NY 11201	40.6862769	-73.990129	0.0445652662755	15	0.418128683908	3	0.0635927442836	7	5	5	3840	3200000	4	2000	1899	40	72	9	45	8	20	34	28	16	6	7	150
30787823_zpid	30787823_zpid	11234	330 Whitman Dr, Brooklyn, NY 11234	40.606949	-73.906852	1.10901437113	0	1.16572888835	0	4.23437231906	0	4	3	2936	975000	39	4617	1960	2	1	0	4	0	4	7	13	9	2	1	21
29834346_zpid	29834346_zpid	10466	1156 E 223rd St, Bronx, NY 10466	40.8819159	-73.848389	0.143829552741	8	0.231076290948	4	0.913172966874	0	5	2.5	1906	300000	152	1799	1955	22	5	14	7	9	30	5	1	18	7	2	32
30793335_zpid	30793335_zpid	11229	5 Beacon Ct, Brooklyn, NY 11229	40.5862958	-73.9192134	0.485877858986	1	1.81581908473	0	2.95467088461	0	5	2	1850	486540	131	1799	1930	2	3	1	11	0	0	15	8	13	1	2	24
30645284_zpid	30645284_zpid	11208	244 Fountain Ave, Brooklyn, NY 11208	40.673951	-73.8753119	0.133462402989	8	0.144347327447	4	0.31378106499	2	8	3	2560	350000	43	2003	1930	189	23	101	113	90	61	40	8	31	61	23	200
30731394_zpid	30731394_zpid	11214	2655 Cropsey Ave, Brooklyn, NY 11214	40.589101	-73.990045	0.315262310497	4	0.824595274189	0	0.531672193545	1	7	5	3430	360000	204	3078	1965	48	32	36	88	24	72	108	80	104	32	16	208
29784374_zpid	29784374_zpid	10458	508 E 183rd St, Bronx, NY 10458	40.854646	-73.892342	0.0152367857988	12	0.370826674158	6	0.725291904924	1	6	3	1362	449000	11	1316	1901	346	63	130	144	141	18	26	10	32	48	21	215
64462094_zpid	64462094_zpid	11234	1362 E 69th St, Brooklyn, NY 11234	40.622281	-73.913016	0.413396906895	5	0.638577939242	1	2.87248698185	0	3	4	2235	536000	16	2703	2005	84	12	36	52	12	188	112	88	84	16	36	352
30734179_zpid	30734179_zpid	11223	1913 W 13th St, Brooklyn, NY 11223	40.6000309	-73.9846448	0.296767309974	8	0.35026039671	7	0.318086531503	3	3	3	1158	800000	21	2800	1925	28	12	10	14	5	39	28	34	14	5	3	53
30624289_zpid	30624289_zpid	11237	1035 Flushing Ave, Brooklyn, NY 11237	40.7040714	-73.9309125	0.0750168270343	11	0.470411914669	4	0.298665552775	1	3	1	4248	1060000	35	1843	1910	87	64	53	63	45	22	23	5	13	27	12	165
29831573_zpid	29831573_zpid	10466	3970 Bronx Blvd, Bronx, NY 10466	40.888804	-73.8640209	0.359111124987	3	0.363796076417	2	0.32168796318	4	1	1	2880	325000	166	2415	1965	258	15	76	98	101	55	14	4	30	54	10	153
30652409_zpid	30652409_zpid	11203	125 E 55th St, Brooklyn, NY 11203	40.655121	-73.925613	0.238684180942	11	0.30694490388	4	1.05441588965	0	4	2.5	1845	720000	7	4000	1910	171	24	71	77	79	63	31	8	21	28	15	153
30598747_zpid	30598747_zpid	11233	1549 Eastern Pkwy, Brooklyn, NY 11233	40.671082	-73.916751	0.381645471787	7	0.436163464498	5	0.865999420676	0	3	1	3000	672000	31	1600	1920	171	7	90	105	62	10	11	9	21	36	19	130
30789087_zpid	30789087_zpid	11235	2934 Brighton 1st St, Brooklyn, NY 11235	40.5797449	-73.9666685	0.315599336797	6	0.399443747855	8	0.412362774098	3	4	3	1440	315000	145	2000	1930	340	140	224	284	176	216	136	60	152	72	68	748
30774822_zpid	30774822_zpid	11236	957 E 104th St, Brooklyn, NY 11236	40.646132	-73.894012	0.275760345526	4	0.254361603732	2	0.664566414843	2	7	3	1600	629000	0	2500	1930	160	32	92	56	56	132	48	20	60	40	36	348
30726090_zpid	30726090_zpid	11230	1481 E 17th St, Brooklyn, NY 11230	40.61397	-73.95703	0.446765585113	8	0.233779686522	7	0.452753574133	2	6	3.75	1907	750000	57	3000	1925	115	15	56	81	45	89	33	36	20	11	3	144
30609387_zpid	30609387_zpid	11216	823 Marcy Ave, Brooklyn, NY 11216	40.685459	-73.946989	0.120530358442	10	0.29096018881	9	0.590304318079	2	2	1	3600	115000	243	2000	1931	170	81	87	129	94	30	39	18	57	63	26	230
29842288_zpid	29842288_zpid	10461	1464 William Pl, Bronx, NY 10461	40.840317	-73.83513	0.244751953364	3	0.882665391338	0	0.407303053716	2	5	3	1755	520000	12	2600	1920	68	18	22	19	13	40	25	21	12	9	3	88
55677703_zpid	55677703_zpid	11234	7 Bergen Beach Pl, Brooklyn, NY 11234	40.622649	-73.9150329	0.341244597997	5	0.767007049761	0	2.89500068131	0	4	3.5	1600	518000	59	2678	1999	20	5	8	11	5	53	26	23	19	6	8	105
30690795_zpid	30690795_zpid	11220	274 61st St, Brooklyn, NY 11220	40.641609	-74.021721	0.297644634148	8	0.318869427322	5	0.325525121309	1	6	2	3444	928000	3	2000	1899	380	104	164	184	160	88	156	136	148	72	16	484
29825720_zpid	29825720_zpid	10469	3220 Tenbroeck Ave, Bronx, NY 10469	40.871813	-73.852392	0.128802971544	6	0.675764779473	1	0.566208841748	1	3	1	1420	309000	42	1785	1950	45	13	28	35	20	46	25	15	29	16	7	104
30609595_zpid	30609595_zpid	11216	364 Tompkins Ave, Brooklyn, NY 11216	40.684933	-73.944534	0.116300342287	10	0.343998508535	8	0.638425417201	2	5	3	2880	15000	25	1600	1920	157	76	98	139	98	19	32	17	50	56	19	212
89069523_zpid	89069523_zpid	10451	406 E 161st St, Bronx, NY 10451	40.8238205	-73.9133401	0.310531272661	7	0.23083027233	9	0.268391297915	1	1	1	83351	8	124	34848.0	2006	160	31	73	92	55	14	18	11	24	18	21	144
30766061_zpid	30766061_zpid	11236	250 E 86th St, Brooklyn, NY 11236	40.646597	-73.918392	0.39280830221	3	0.989816023649	0	1.39719663428	0	2	1.5	1188	125000	163	1440	1945	10	2	9	11	7	16	14	3	6	6	4	48
68313921_zpid	68313921_zpid	11212	442 Blake Ave, Brooklyn, NY 11212	40.666441	-73.9025489	0.414795012433	5	0.0303510356325	13	0.31535649507	5	4	2	2754	510000	123	1750	2005	21	5	8	12	6	5	10	0	6	8	7	40
29841342_zpid	29841342_zpid	10461	1256 Edison Ave, Bronx, NY 10461	40.8367549	-73.829012	0.505339587971	3	0.738761353728	1	1.00254926093	0	2	2	825	235000	3	7008	1920	9	15	2	8	1	29	24	14	6	0	1	47
30731722_zpid	30731722_zpid	11214	247 Avenue Z, Brooklyn, NY 11214	40.584895	-73.98417	0.37442103925	3	0.246056684264	1	0.440599006409	1	6	4	2640	770000	8	2000	1935	6	5	7	16	3	12	11	10	8	2	2	22
30662062_zpid	30662062_zpid	11203	774 E 45th St, Brooklyn, NY 11203	40.642305	-73.934505	0.0933598350163	7	0.915529199673	0	1.20312323146	0	2	1	1820	359000	15	2000	1930	104	40	48	72	40	176	96	40	80	40	8	372
30772845_zpid	30772845_zpid	11236	710 E 96th St, Brooklyn, NY 11236	40.651581	-73.9113239	0.448470733388	4	0.549707010074	2	0.97009221215	0	5	3	2500	448050	23	2600	1960	36	2	16	21	23	35	23	10	5	6	3	81
30765985_zpid	30765985_zpid	11203	362 E 59th St, Brooklyn, NY 11203	40.645171	-73.921283	0.10991902813	4	0.945724919828	0	1.64966262579	0	3	1.5	1636	448800	2	1600	1940	164	20	44	24	24	44	84	16	24	16	8	168
30694495_zpid	30694495_zpid	11209	236 73rd St, Brooklyn, NY 11209	40.632962	-74.028749	0.150194453403	14	0.308185054159	4	0.450957762729	2	5	3	2846	1049000	39	4000	1901	144	31	48	52	38	44	49	112	23	18	5	152
29815144_zpid	29815144_zpid	10461	1062 Rhinelander Ave, Bronx, NY 10461	40.850795	-73.855542	0.251260634905	7	0.289914305798	1	0.57600130543	1	7	4	3402	725000	130	2250	1926	136	36	40	56	40	96	92	40	36	20	4	232
30760365_zpid	30760365_zpid	11234	1053 E 56th St, Brooklyn, NY 11234	40.630477	-73.921969	0.216816862684	6	0.262563451678	2	2.18473723421	0	5	2	2380	540000	1	2000	1960	43	12	26	24	17	50	17	23	17	15	2	66
29789804_zpid	29789804_zpid	10470	327 E 241st St, Bronx, NY 10470	40.90198	-73.866971	0.3759625148	1	0.515479045103	1	0.811989094678	0	5	3	2016	400000	7	2500	1920	47	16	6	19	9	25	10	17	11	5	5	63
30663097_zpid	30663097_zpid	11210	3811 Farragut Rd, Brooklyn, NY 11210	40.637033	-73.939953	0.622551240839	3	0.655772101912	2	0.785586475606	0	3	2.5	3000	556000	4	3001	1933	120	8	97	92	88	31	14	3	29	27	5	157
30593787_zpid	30593787_zpid	11225	1073 Carroll St, Brooklyn, NY 11225	40.667635	-73.954163	0.273515885287	11	0.391840710519	6	0.295131208895	5	9	3	3600	499000	56	3072	1920	510	81	227	221	200	26	25	11	57	90	27	291
30599756_zpid	30599756_zpid	11233	433 Bainbridge St, Brooklyn, NY 11233	40.68253	-73.919386	0.206215898486	7	0.509529259547	3	0.458698387807	2	5	4	2655	220000	22	1999	1899	232	58	146	165	132	26	37	12	58	89	25	274
30764009_zpid	30764009_zpid	11234	1648 Hendrickson St, Brooklyn, NY 11234	40.618009	-73.933487	0.33536943823	9	0.475136310932	3	2.03827326958	0	3	2	3000	570000	35	4000	1920	32	180	24	48	32	172	128	108	68	40	4	528
30612549_zpid	30612549_zpid	11205	331 Washington Ave, Brooklyn, NY 11205	40.688915	-73.965617	0.161947307084	13	0.217655669166	4	0.052847892781	3	6	3.75	3968	2550000	18	1944	1899	152	128	68	100	68	88	60	16	52	52	28	292
30601691_zpid	30601691_zpid	11233	1350 Herkimer St, Brooklyn, NY 11233	40.677188	-73.908868	0.157799517788	5	0.143031719018	3	0.21656606618	8	6	2	3400	950000	0	1600	1910	204	24	139	170	115	41	34	21	54	73	28	199
30623505_zpid	30623505_zpid	11211	144 Powers St, Brooklyn, NY 11211	40.712083	-73.94512	0.116485619788	10	0.13131893565	4	0.290593531557	5	3	2	1080	115000	206	750	1910	26	87	21	47	27	27	43	7	19	13	14	174
30737538_zpid	30737538_zpid	11223	2232 W 6th St, Brooklyn, NY 11223	40.593488	-73.9773249	0.359208636343	5	0.120398558218	3	0.114645721352	4	6	4	1680	476000	135	2199	1935	136	72	40	96	40	184	92	152	100	32	28	336
30637552_zpid	30637552_zpid	11208	99 Shepherd Ave, Brooklyn, NY 11208	40.68248	-73.88212	0.143270817554	7	0.21309964714	3	0.21224735019	3	5	2	1080	312500	44	2000	1910	320	136	196	212	212	192	128	92	140	88	56	616
30770238_zpid	30770238_zpid	11236	1161 E 81st St, Brooklyn, NY 11236	40.631737	-73.907354	0.626756913967	5	0.638802466338	2	1.72441290451	0	4	3	1400	440000	4	1600	1955	39	6	15	18	10	64	26	4	26	6	7	62
30575682_zpid	30575682_zpid	11220	634 45th St, Brooklyn, NY 11220	40.645827	-74.004498	0.365747275331	8	0.321750297818	9	0.580031442697	1	5	3	3076	1375000	0	2003	1910	91	46	48	71	39	48	57	21	21	16	8	178
30636712_zpid	30636712_zpid	11207	180 Sunnyside Ave, Brooklyn, NY 11207	40.682045	-73.8905879	0.36184438882	3	0.268156499027	4	0.48266415267	2	2	3	2128	499000	120	2000	1910	76	31	48	49	38	59	39	34	33	19	7	111
30620294_zpid	30620294_zpid	11222	68 Oak St, Brooklyn, NY 11222	40.727602	-73.958329	0.219141213827	12	0.445960497936	4	0.459382425086	2	5	3	2688	2115000	10	1650	1899	39	67	12	36	19	23	24	16	16	6	4	119
30733887_zpid	30733887_zpid	11224	5010 Ocean View Ave, Brooklyn, NY 11224	40.579446	-74.011282	0.0564050309593	1	0.82418380617	0	2.55058271266	0	5	2	8168	300000	140	9888	1970	6	5	3	14	4	0	6	0	4	1	1	10
30672955_zpid	30672955_zpid	11218	146 E 8th St, Brooklyn, NY 11218	40.646528	-73.972435	0.105318155613	12	0.68553976955	3	0.459927334755	3	4	1	1404	168250	214	2000	1910	137	38	48	70	55	41	34	27	27	23	9	158
29813878_zpid	29813878_zpid	10461	1518 Lurting Ave, Bronx, NY 10461	40.843366	-73.849766	0.079469783902	8	0.396801268338	3	0.688848393561	1	5	2	1710	300000	16	3940	1910	101	14	35	35	19	34	31	21	24	9	7	122
30567252_zpid	30567252_zpid	11201	32 Hicks St, Brooklyn, NY 11201	40.7010303	-73.9933217	0.235676359565	14	0.387197852929	2	0.240402906772	3	3	4.5	2921	2475000	37	1211	1910	12	62	7	20	7	10	32	17	16	5	4	85
30789612_zpid	30789612_zpid	11235	3052 Brighton 6th St, Brooklyn, NY 11235	40.578313	-73.962031	0.153562038462	11	0.11716510112	5	0.0962904912889	2	10	6	2400	215000	311	2450	1925	736	276	256	368	212	288	208	100	168	128	104	1112
30631224_zpid	30631224_zpid	11207	40 Furman Ave, Brooklyn, NY 11207	40.682192	-73.906601	0.102720041428	4	0.227492852378	3	0.123899410909	6	7	2	1000	620000	121	2000	1910	65	21	52	71	50	13	20	14	15	24	9	124
30639052_zpid	30639052_zpid	11208	174 Atkins Ave, Brooklyn, NY 11208	40.674798	-73.879337	0.280424586119	8	0.210386431581	4	0.140574396505	4	6	3	2760	350000	13	2000	1910	664	100	392	444	336	204	176	56	168	244	88	820
30608530_zpid	30608530_zpid	11221	485 Lexington Ave, Brooklyn, NY 11221	40.6887659	-73.9426842	0.268740697795	10	0.178546752392	4	0.763941009141	0	5	3.5	2700	580500	46	2000	1899	187	51	94	135	93	28	30	10	36	50	25	210
30674696_zpid	30674696_zpid	11218	427 E 8th St, Brooklyn, NY 11218	40.639572	-73.970606	0.370248609285	10	0.114982351403	7	0.586934486846	2	4	2.5	2646	783000	32	4000	1905	215	57	80	83	47	74	36	66	29	21	12	220
30592787_zpid	30592787_zpid	11216	888 Saint Johns Pl, Brooklyn, NY 11216	40.671272	-73.948917	0.0994753154305	11	0.134497280187	4	0.230914276987	3	8	4	3380	1275000	8	2555	1901	231	53	113	123	127	12	26	4	33	46	26	174
30789666_zpid	30789666_zpid	11235	3021 Brighton 7th St, Brooklyn, NY 11235	40.5792529	-73.9609003	0.0744482584276	11	0.089424267204	5	0.179631060659	2	7	3	2772	379000	145	1839	1930	860	272	300	440	244	308	212	112	196	140	112	1196
29852670_zpid	29852670_zpid	10471	4560 Henry Hudson Pkwy, Bronx, NY 10471	40.892476	-73.907689	0.553959374996	4	0.794632713537	0	0.843043924492	0	4	2.5	2385	749000	13	5312	1950	72	20	8	12	4	8	116	12	20	0	4	72
30626560_zpid	30626560_zpid	11221	612 Van Buren St, Brooklyn, NY 11221	40.692666	-73.925191	0.168993858982	9	0.2118910465	4	0.314918792254	3	6	4.5	2340	730000	16	1934	1920	202	75	85	116	108	53	42	21	47	44	27	308
30782894_zpid	30782894_zpid	11234	2224 E 74th St, Brooklyn, NY 11234	40.61897	-73.903187	0.643284409406	1	0.56013807248	1	3.083837956	0	4	2	1810	850000	2	6000	1955	11	6	6	10	5	13	18	10	16	3	3	51
30598363_zpid	30598363_zpid	11233	209 Mother Gaston Blvd, Brooklyn, NY 11233	40.674189	-73.9080479	0.186278239848	7	0.388077658881	5	0.437350680755	7	3	1	4105	595000	12	4399	1921	114	9	67	104	64	28	23	13	34	40	17	112
30585865_zpid	30585865_zpid	11215	269 14th St, Brooklyn, NY 11215	40.666008	-73.987945	0.0834039026014	20	0.155191318066	5	0.421250859701	4	2	1	3096	2200000	9	3000	1901	89	87	25	69	25	48	73	22	36	24	22	229
30646837_zpid	30646837_zpid	11207	605 Hegeman Ave, Brooklyn, NY 11207	40.661077	-73.889608	0.220136755034	4	0.211468623988	6	0.511113919206	2	7	5	3	545000	11	1900	1930	201	19	127	117	115	22	39	7	45	73	13	220
30620810_zpid	30620810_zpid	11222	144 Newell St, Brooklyn, NY 11222	40.727295	-73.94852	0.084122365794	15	0.359842604301	5	0.376533650371	2	4	4	3180	2150000	0	1500	1901	38	72	23	43	14	33	34	33	18	16	13	183
30623456_zpid	30623456_zpid	11211	507 Grand St, Brooklyn, NY 11211	40.7111926	-73.9508196	0.097020268232	13	0.192129243208	7	0.297613167095	6	9	9	5500	351000	91	2500	1920	107	224	82	88	74	29	32	16	21	16	14	235
30775167_zpid	30775167_zpid	11236	1306 E 93rd St, Brooklyn, NY 11236	40.638847	-73.901075	0.341694304135	6	0.378940461203	1	0.871533240548	0	9	6	3751	769000	0	2420	1960	39	20	22	19	15	47	28	9	17	12	8	89
29798338_zpid	29798338_zpid	10472	1408 Bronx River Ave, Bronx, NY 10472	40.833919	-73.879221	0.329385306966	5	0.661167452688	1	0.593693746224	3	7	4	3520	560000	121	2500	1926	132	14	70	92	67	35	12	5	25	28	8	103
30583799_zpid	30583799_zpid	11215	353 4th St, Brooklyn, NY 11215	40.671751	-73.9824189	0.139000467581	16	0.393004020902	6	0.506810194966	4	6	2	3000	2950000	3	1500	1901	272	352	112	220	116	124	252	180	124	60	100	924
30769416_zpid	30769416_zpid	11236	956 E 87th St, Brooklyn, NY 11236	40.637589	-73.907173	0.221373441199	9	0.429915922835	2	1.10474809578	0	3	3	1152	480000	105	1983	1935	44	7	21	15	10	81	29	15	29	12	9	108
30607985_zpid	30607985_zpid	11221	703 Lafayette Ave, Brooklyn, NY 11221	40.69083	-73.94501	0.272719738557	10	0.2987097645	5	0.56470707911	2	2	1	2200	900000	19	2000	1899	104	32	40	68	54	16	22	6	16	24	10	117
30608620_zpid	30608620_zpid	11216	192 Lexington Ave, Brooklyn, NY 11216	40.687089	-73.953886	0.103577613983	10	0.222253105497	5	0.372456183379	4	4	2	2160	567100	108	1600	1899	112	111	71	96	61	33	28	15	25	34	35	213
30693074_zpid	30693074_zpid	11209	230 Ovington Ave, Brooklyn, NY 11209	40.635036	-74.028201	0.119983963705	12	0.115015203787	3	0.40759147525	2	6	6	3774	1480000	12	2995	1899	128	20	32	44	31	35	27	89	19	13	3	126
30620104_zpid	30620104_zpid	11222	188 Kent St, Brooklyn, NY 11222	40.730797	-73.953097	0.130847648213	12	0.0819159522837	4	0.107710412032	2	4	1	1440	1602000	14	1250	1899	77	97	45	61	36	54	44	29	26	19	16	228
30671504_zpid	30671504_zpid	11218	2905 Fort Hamilton Pkwy, Brooklyn, NY 11218	40.648963	-73.977772	0.13156853008	10	0.520868494022	4	0.192258409859	2	5	4	4400	210500	283	1986	1899	248	136	84	136	128	144	120	120	76	36	28	440
30756611_zpid	30756611_zpid	11234	3820 Flatlands Ave, Brooklyn, NY 11234	40.618971	-73.938314	0.503545072028	4	0.228955569749	3	1.73301569908	0	6	3	2200	670000	109	2613	1925	38	15	19	22	11	40	29	22	26	7	3	105
30626879_zpid	30626879_zpid	11221	65 Bleecker St, Brooklyn, NY 11221	40.694394	-73.922281	0.450590165645	9	0.207852390757	5	0.522485576559	4	4	2.5	2648	427350	35	2500	1901	173	59	78	109	74	44	35	18	61	32	27	224
29783415_zpid	29783415_zpid	10459	1367 Prospect Ave, Bronx, NY 10459	40.8306239	-73.89735	0.31303306712	4	0.329825923624	8	0.46747055119	1	6	3	2306	320000	6	1887	1901	175	79	85	115	92	21	17	5	22	42	20	162
30731987_zpid	30731987_zpid	11214	236 Bay 48th St, Brooklyn, NY 11214	40.58631	-73.989627	0.470877635806	4	0.556454261984	1	0.57005336411	1	2	1.5	928	410000	77	1536	1945	12	7	9	19	5	14	22	12	18	6	2	33
30619404_zpid	30619404_zpid	11211	168 S 4th St, Brooklyn, NY 11211	40.711107	-73.96133	0.209185754216	13	0.373837892848	5	0.423610465097	1	1	1	3360	475000	69	1449	1910	113	209	81	135	63	25	48	35	36	28	24	273
30663589_zpid	30663589_zpid	11203	4622 Foster Ave, Brooklyn, NY 11203	40.639347	-73.932203	0.28078499114	7	1.18954033361	0	1.37085313398	0	2	2	1440	350000	16	4000	1930	35	11	14	19	13	47	30	12	25	15	7	102
30599030_zpid	30599030_zpid	11221	1068 Putnam Ave, Brooklyn, NY 11221	40.687319	-73.919323	0.0751495725432	8	0.263418717529	3	0.259954149821	2	4	2	3240	426000	17	2633	1910	160	51	83	126	81	34	20	6	44	48	33	164
30789087_zpid	30789087_zpid	11235	2934 Brighton 1st St, Brooklyn, NY 11235	40.5797449	-73.9666685	0.0519740091249	7	0.399443747855	8	0.412362774098	3	4	3	1440	315000	145	2000	1930	340	140	224	284	176	216	136	60	152	72	68	748
30661629_zpid	30661629_zpid	11203	591 E 37th St, Brooklyn, NY 11203	40.642591	-73.941626	0.124647306966	3	0.562907402854	3	0.643270188074	2	9	2	2240	469000	47	2000	1910	101	8	62	61	65	44	19	8	23	27	8	108
30749780_zpid	30749780_zpid	11235	2626 E 22nd St, Brooklyn, NY 11235	40.588053	-73.947562	0.185683128964	10	0.422582042057	2	0.572043895246	1	3	2	1588	655000	28	4000	1930	54	14	12	32	5	48	31	28	40	8	4	138
29830132_zpid	29830132_zpid	10469	3318 Tiemann Ave, Bronx, NY 10469	40.876177	-73.842601	0.291273125634	4	0.433160350336	2	0.544548120545	1	5	3	1539	375000	28	1742	1950	33	7	32	31	19	34	36	14	36	10	7	83
30768208_zpid	30768208_zpid	11236	672 E 87th St, Brooklyn, NY 11236	40.6405349	-73.9103962	0.314420281099	6	0.472567967256	3	0.992518498948	0	3	2.5	1584	249000	172	1393	1960	172	32	100	76	44	296	124	56	88	60	32	456
30609618_zpid	30609618_zpid	11216	361 Tompkins Ave, Brooklyn, NY 11216	40.685257	-73.944048	0.0809259639231	11	0.324244423588	8	0.652192070333	2	11	4	3510	700000	140	2000	1900	516	256	324	460	344	72	108	72	172	196	76	744
29853397_zpid	29853397_zpid	10471	5850 Liebig Ave, Bronx, NY 10471	40.906142	-73.901951	0.119070545432	4	0.11911381691	2	1.05220923591	0	3	1.5	1254	550000	3	1748	1965	17	12	4	11	7	21	38	9	18	3	7	59
30634247_zpid	30634247_zpid	11207	210 Pennsylvania Ave, Brooklyn, NY 11207	40.672547	-73.896409	0.0467554404061	6	0.179121954142	5	0.222392241756	7	2	1	1920	290700	61	696960	2007	90	13	82	92	85	38	38	18	26	28	17	157
30736829_zpid	30736829_zpid	11223	2132 W 5th St, Brooklyn, NY 11223	40.595731	-73.976629	0.110600029921	3	0.127055249279	3	0.279030371909	4	3	4	1440	760000	13	1900	1930	32	15	8	32	10	50	22	39	27	5	8	102
29839264_zpid	29839264_zpid	10470	4649 Bronx Blvd, Bronx, NY 10470	40.904904	-73.854061	0.315703444947	4	0.328231146422	1	0.203289489511	3	3	1	1890	369000	0	1711	1965	98	10	46	56	48	25	13	4	21	18	4	103
30634168_zpid	30634168_zpid	11207	220 New Jersey Ave, Brooklyn, NY 11207	40.674235	-73.895691	0.161466844889	7	0.237921315674	5	0.0800193684877	6	4	2	2955	307000	50	2003	1901	86	17	72	90	69	68	42	34	27	35	20	195
30747635_zpid	30747635_zpid	11235	2456 E 12th St, Brooklyn, NY 11235	40.590381	-73.9589869	0.312301940401	11	0.486890834195	4	0.563339634999	2	4	2	2400	770000	6	4732	1930	164	52	28	88	52	156	104	104	80	24	8	280
