30736669_zpid	30736669_zpid	11223	2168 W 8th St, Brooklyn, NY 11223	40.594645	-73.979439	0.212643729155	8	0.160847728969	3	0.237311223601	6	6	3	2516	928000	3	2312	1920	140	60	24	112	44	152	72	120	88	20	16	256
30769318_zpid	30769318_zpid	11236	948 E 85th St, Brooklyn, NY 11236	40.636815	-73.9088529	0.104193837619	6	0.272446183414	2	1.24479970939	0	2	1	3960	630000	129	2200	1970	43	7	19	20	10	84	30	14	30	14	12	99
30697185_zpid	30697185_zpid	11209	55 80th St, Brooklyn, NY 11209	40.630287	-74.037397	0.665991113359	2	1.04880366895	0	1.00608904255	0	4	2	3180	1750000	0	2446	1930	3	5	0	4	1	6	22	17	9	0	1	33
30618448_zpid	30618448_zpid	11249	136 N 8th St, Brooklyn, NY 11249	40.7188589	-73.9582007	0.0517683162877	12	0.332106491498	4	0.131450336568	1	11	4	3600	3525000	5	1000	1910	260	444	24	92	12	120	80	104	64	152	8	476
30747025_zpid	30747025_zpid	11229	2409 E 21st St, Brooklyn, NY 11229	40.593657	-73.948976	0.1067207483	12	0.530226386139	3	0.551923243839	1	3	1.75	1200	690000	5	3000	1920	62	8	21	26	27	29	28	23	25	12	4	68
30711167_zpid	30711167_zpid	11214	2215 85th St, Brooklyn, NY 11214	40.602358	-73.992438	0.176613481601	12	0.106645545973	8	0.126444230131	3	3	1.5	3170	976000	38	2000	1930	684	108	224	220	192	424	180	136	112	52	36	700
30756818_zpid	30756818_zpid	11234	1640 E 32nd St, Brooklyn, NY 11234	40.613477	-73.940836	0.130426060657	2	0.24706663956	2	1.53122383764	0	4	2	2400	600000	24	2500	1930	5	13	4	12	2	17	16	16	30	3	3	62
30752319_zpid	30752319_zpid	11210	1039 E 26th St, Brooklyn, NY 11210	40.625404	-73.950207	0.294030530409	2	0.358430109647	2	0.855236545552	0	4	1	900	700000	26	2942	1925	59	9	36	25	24	47	25	14	34	7	4	87
30688005_zpid	30688005_zpid	11219	1461 58th St, Brooklyn, NY 11219	40.627895	-73.99346	0.435559743429	3	0.48396877462	4	0.330631370567	3	8	5.5	3960	1200000	22	3756	1910	37	5	14	14	17	23	50	28	14	4	5	112
30767518_zpid	30767518_zpid	11234	633 E 57th St, Brooklyn, NY 11234	40.637473	-73.921734	0.22317582575	3	0.534040979666	1	1.9660858765	0	3	2	1296	472500	8	1800	1960	15	5	1	8	3	11	10	2	10	2	1	27
30776784_zpid	30776784_zpid	11236	1166 E 105th St, Brooklyn, NY 11236	40.6429029	-73.88992	0.611593025369	3	0.575634504447	4	1.09076124944	0	4	3	1585	499000	11	1999	1960	37	3	14	19	12	23	11	5	15	10	7	58
29846079_zpid	29846079_zpid	10465	843 Vincent Ave, Bronx, NY 10465	40.8314949	-73.819248	0.382965316388	4	0.422948237845	2	1.99082742324	0	2	1	1100	293550	29	1900	1925	24	24	20	56	12	68	88	104	60	12	20	148
29813832_zpid	29813832_zpid	10461	2553 Poplar St, Bronx, NY 10461	40.844402	-73.8482255	0.135525870867	8	0.345845162394	3	0.666003152707	1	3	2	2220	400000	26	5924	1901	114	20	37	51	20	46	33	24	29	11	7	142
83050068_zpid	83050068_zpid	11206	620 Willoughby Ave, Brooklyn, NY 11206	40.694164	-73.94453	0.128768775905	9	0.305447765914	3	0.406958328009	2	1	1	1200	784052	121	2000	2004	119	35	74	111	57	43	22	38	24	39	21	158
29850816_zpid	29850816_zpid	10464	165 Schofield St, Bronx, NY 10464	40.845531	-73.784846	0.201733501468	3	3.21574438483	0	3.65134043867	0	3	2	1482	455200	19	6163	1890	17	14	5	8	3	1	35	9	8	2	25	42
30610917_zpid	30610917_zpid	11216	5 Verona Pl, Brooklyn, NY 11216	40.68108	-73.947393	0.0693576706566	10	0.123681221658	7	0.204293624196	5	5	3	3420	1357000	18	1648	1899	1196	428	564	832	612	188	228	92	268	348	120	1236
30788587_zpid	30788587_zpid	11234	2558 E 65th St, Brooklyn, NY 11234	40.608592	-73.909305	0.854683270944	0	0.962632761232	0	4.07400755464	0	4	3	2464	995000	2	5183	1960	2	5	2	5	2	18	6	25	20	2	1	31
109175868_zpid	109175868_zpid	11221	1209 Dekalb Ave, Brooklyn, NY 11221	40.6958259	-73.928239	0.270238107021	12	0.301048479416	6	0.237005847806	3	2	2	52300	58000000	25	52272.0	1931	728	400	300	404	348	248	168	84	152	164	132	1076
30632810_zpid	30632810_zpid	11212	339 Legion St, Brooklyn, NY 11212	40.660381	-73.915862	0.43945810656	9	0.136505070455	6	0.125628815155	2	7	2	2400	400000	12	2613	1930	366	16	206	176	144	47	40	13	37	52	30	256
30701353_zpid	30701353_zpid	11209	142 93rd St, Brooklyn, NY 11209	40.619167	-74.036316	0.289007125544	11	0.347212920535	3	0.543137717109	1	8	3.5	3438	1400000	2	4000	1925	178	35	23	38	31	50	33	30	12	7	6	135
29828612_zpid	29828612_zpid	10469	1142 E 214th St, Bronx, NY 10469	40.876178	-73.852787	0.153560766659	8	0.433161043894	1	0.915878119376	0	3	2	2018	365000	37	1873	1945	79	9	38	70	54	43	14	9	27	25	16	128
29839434_zpid	29839434_zpid	10470	4618 Richardson Ave, Bronx, NY 10470	40.902862	-73.851809	0.456683507426	5	0.187671961098	1	0.104235421705	3	3	3	1870	370000	76	1.3282315199999999E8	1915	141	12	77	68	68	29	21	5	26	31	4	139
29842596_zpid	29842596_zpid	10461	2877 Zulette Ave, Bronx, NY 10461	40.8423019	-73.833855	0.203337784884	6	0.728021163029	1	0.270854004434	2	3	2.5	1188	385000	32	2375	1925	312	60	88	68	84	172	124	68	60	48	12	424
30745202_zpid	30745202_zpid	11229	2130 Batchelder St, Brooklyn, NY 11229	40.599956	-73.939174	0.308469707762	7	0.335830382974	3	1.41805043722	0	2	3	928	530000	2	1600	1950	28	12	9	14	6	8	31	16	20	2	2	70
30772532_zpid	30772532_zpid	11236	24 Paerdegat 15th St, Brooklyn, NY 11236	40.627175	-73.90092	1.04962446016	0	0.745301981734	1	2.16981505683	0	2	1	3312	765000	112	2650	1976	92	16	40	40	20	124	56	24	72	16	28	140
30606755_zpid	30606755_zpid	11206	196 Hopkins St, Brooklyn, NY 11206	40.699375	-73.944854	0.222170308508	11	0.425186904123	6	0.329689556932	4	5	3.5	2916	760000	17	1981	1994	85	46	35	66	33	45	28	33	21	19	16	170
29840721_zpid	29840721_zpid	10475	2141 Reeds Mill Ln, Bronx, NY 10475	40.881756	-73.832767	0.66304448545	1	0.218882001957	4	0.500083476055	2	5	3	1463	335000	32	8102	1915	3	2	8	15	8	13	14	10	6	4	2	55
30786430_zpid	30786430_zpid	11234	2123 E 35th St, Brooklyn, NY 11234	40.607307	-73.929518	0.390635652638	3	0.776524516358	0	2.3962830495	0	2	3	1088	472000	2	1600	1950	0	7	3	2	2	15	15	18	15	0	2	38
30624554_zpid	30624554_zpid	11206	119 Boerum St, Brooklyn, NY 11206	40.7059452	-73.9441785	0.0897629588682	12	0.304518055523	8	0.357340082457	5	2	1	3900	190000	201	2500	1920	78	183	36	58	38	11	38	13	22	14	7	167
29778467_zpid	29778467_zpid	10452	1293 Shakespeare Ave, Bronx, NY 10452	40.839702	-73.922771	0.259777479478	4	0.247378360054	7	0.421454262453	2	5	3	2360	250000	46	2178	1899	486	63	185	177	170	51	29	18	67	63	22	266
30655713_zpid	30655713_zpid	11203	683 E 48th St, Brooklyn, NY 11203	40.644882	-73.931306	0.348612166907	7	0.568754048341	2	1.49125070469	0	5	2	1610	450000	10	2300	1950	37	23	13	13	15	42	23	8	17	8	5	95
30705016_zpid	30705016_zpid	11204	1662 73rd St, Brooklyn, NY 11204	40.616364	-73.998267	0.150065421184	8	0.327878179507	5	0.362532252042	2	3	1	990	588000	11	1742	1910	44	56	28	120	28	124	72	72	48	16	12	220
30652296_zpid	30652296_zpid	11203	297 E 51st St, Brooklyn, NY 11203	40.65463	-73.9294	0.22193574311	10	0.30164307447	3	1.26060779849	0	4	3	2670	450000	23	2500	1920	240	29	103	100	109	73	45	11	35	44	19	212
29836078_zpid	29836078_zpid	10466	2014 Edenwald Ave, Bronx, NY 10466	40.892785	-73.8429869	0.581274713557	2	0.368165083789	3	1.1380668477	0	3	2	2340	350000	21	2500	1925	45	6	18	21	8	74	43	14	35	15	6	74
2101717251_zpid	2101717251_zpid	11234	2251 East 72nd Street, Brooklyn, NY 11234	40.617858	-73.903633	0.585283656656	1	0.493108593815	1	3.2090931524	0	5	3	2420	869000	0	3000	1973	11	14	6	11	5	13	22	11	17	2	4	60
30680066_zpid	30680066_zpid	11204	1854 59th St, Brooklyn, NY 11204	40.621597	-73.985467	0.3609237481	1	0.416535788139	3	0.430519489602	2	5	3	2988	1245000	5	2003	1950	92	60	64	96	20	204	176	360	96	28	32	420
30766745_zpid	30766745_zpid	11236	582 E 80th St, Brooklyn, NY 11236	40.6389349	-73.917522	0.539560696476	6	0.541886643207	2	1.57821255539	0	2	1	2256	260000	199	2000	1960	22	8	15	14	8	33	24	10	25	6	8	54
30657653_zpid	30657653_zpid	11203	435 Winthrop St, Brooklyn, NY 11203	40.657613	-73.9457429	0.372514215711	5	0.408583807851	5	0.362529906678	2	3	2	1655	599000	0	2003	1945	31	8	15	24	14	20	17	16	4	10	9	34
30620229_zpid	30620229_zpid	11222	94 Franklin St, Brooklyn, NY 11222	40.7278784	-73.9570596	0.17375095436	13	0.337268312889	4	0.358506996124	2	6	3.5	3933	335000	195	1481	1931	196	328	92	164	96	124	116	84	72	44	32	652
30784073_zpid	30784073_zpid	11234	1844 E 37th St, Brooklyn, NY 11234	40.612519	-73.933554	0.344540949135	3	0.389679851701	1	2.09445823498	0	2	1	840	360000	42	1800	1920	3	20	3	7	3	19	30	26	32	1	2	52
30757715_zpid	30757715_zpid	11234	1770 E 37th St, Brooklyn, NY 11234	40.613706	-73.934849	0.38021780647	4	0.25965487478	2	2.0200155569	0	2	1	1064	1280	9	1800	1925	16	64	16	40	8	104	120	76	136	16	8	248
29845041_zpid	29845041_zpid	10465	731 Hollywood Ave, Bronx, NY 10465	40.82838	-73.820366	0.648857238728	3	0.272078097349	1	2.18554319593	0	3	2	1560	360000	8	1968	1960	11	15	6	16	1	14	24	37	21	2	5	74
30579410_zpid	30579410_zpid	11220	538 58th St, Brooklyn, NY 11220	40.63985	-74.014171	0.323523982151	8	0.0885477214968	9	0.35572472421	3	5	3	2820	1095000	6	2003	1899	150	63	52	67	40	45	68	36	40	24	5	240
30782128_zpid	30782128_zpid	11234	2021 E 68th St, Brooklyn, NY 11234	40.619736	-73.910813	0.252605998262	5	0.302133350429	1	3.09068596396	0	4	2	1224	450000	122	1800	1931	15	5	9	14	6	19	23	8	21	2	5	66
30791470_zpid	30791470_zpid	11235	1704 Shore Blvd, Brooklyn, NY 11235	40.580613	-73.937895	0.980592188745	0	1.20381104077	0	1.54235854183	0	4	2.5	1884	850000	23	3310	1950	9	7	6	14	8	13	15	3	19	2	1	37
30605260_zpid	30605260_zpid	11233	764 Halsey St, Brooklyn, NY 11233	40.684568	-73.923458	0.308878426252	9	0.600727741323	4	0.572352743597	3	5	4	2430	1495000	0	1799	1899	159	54	104	118	89	14	18	13	43	64	17	205
30636590_zpid	30636590_zpid	11207	30 Sunnyside Ct, Brooklyn, NY 11207	40.683219	-73.889778	0.501258373045	4	0.413044754901	4	0.566457637807	2	7	2	2000	357000	24	2000	1901	50	25	34	31	27	36	27	19	26	10	6	71
30642751_zpid	30642751_zpid	11208	92 Pine St, Brooklyn, NY 11208	40.6843239	-73.873718	0.15003704542	7	0.0909867306571	6	0.125906989704	3	3	1	2430	240000	184	1833	1899	108	47	66	101	58	72	44	18	70	44	10	203
30610060_zpid	30610060_zpid	11216	101 Hancock St, Brooklyn, NY 11216	40.68253	-73.951885	0.186831748829	13	0.308540503947	8	0.283953497312	4	7	3.5	3360	325000	28	2000	1901	792	600	368	516	376	96	208	84	200	224	156	1104
30780849_zpid	30780849_zpid	11234	7210 Bergen Ct, Brooklyn, NY 11234	40.624591	-73.9109579	0.624080974294	2	0.828776017297	0	2.57373767577	0	6	3.5	3013	585000	16	2117	1965	19	3	7	7	2	41	14	20	16	4	5	73
30730671_zpid	30730671_zpid	11214	54 Bay 43rd St, Brooklyn, NY 11214	40.594326	-73.986465	0.375065270134	8	0.35737607292	5	0.377293863009	4	3	2	1435	540000	6	1933	1950	60	28	20	68	16	60	96	96	64	24	16	196
30762015_zpid	30762015_zpid	11234	4516 Avenue K, Brooklyn, NY 11234	40.625309	-73.931806	0.194860797081	9	0.440431832723	1	1.57862744754	0	4	2	2220	345000	34	2000	1930	35	15	14	22	18	40	28	17	16	4	1	76
29845891_zpid	29845891_zpid	10465	1028 Clarence Ave, Bronx, NY 10465	40.834814	-73.818409	0.164645411795	2	0.180034795311	1	1.79034394518	0	3	2	1692	480000	113	1710	1950	4	3	7	8	7	10	21	13	11	4	3	36
83043868_zpid	83043868_zpid	11209	416 Bay Ridge Pkwy, Brooklyn, NY 11209	40.630388	-74.024675	0.177569901881	20	0.190191400545	5	0.100736432313	2	2	3	1000	760000	60	2000	1910	70	57	43	51	30	47	61	57	24	17	9	190
2100168342_zpid	2100168342_zpid	11216	1397 Dean St APT 4, Brooklyn, NY 11216	40.676697	-73.9423149	0.0877622339597	10	0.384212593646	10	0.37938472879	2	8	4	3840	1999000	0	2148	1915	150	18	54	86	55	18	17	3	23	25	17	126
29794280_zpid	29794280_zpid	10472	1063 Wheeler Ave, Bronx, NY 10472	40.825216	-73.879637	0.228480576558	6	0.362145456124	3	0.377347315652	3	3	2	1740	265000	17	1999	1940	508	48	159	171	151	46	28	6	50	68	16	278
2103575320_zpid	2103575320_zpid	11207	217 Covert St, Brooklyn, NY 11207	40.690871	-73.9081889	0.0309478332961	8	0.800127648914	0	0.421069693813	2	10	4	5625	1999000	0	2526	1912	96	31	75	89	67	19	20	13	38	41	20	159
30722812_zpid	30722812_zpid	11223	1848 W 7th St, Brooklyn, NY 11223	40.602161	-73.9798131	0.153421602659	9	0.357819778116	4	0.201382828886	3	5	2	2204	505000	20	1063	1930	272	104	152	96	108	364	124	252	96	48	24	380
30647419_zpid	30647419_zpid	11207	492 Hegeman Ave, Brooklyn, NY 11207	40.659085	-73.893013	0.428252216078	3	0.269997430765	5	0.52663671701	2	4	2	1632	370000	23	1900	1920	142	14	88	83	79	29	41	12	30	48	10	173
30598124_zpid	30598124_zpid	11233	2289 Pacific St, Brooklyn, NY 11233	40.6756839	-73.909829	0.167193322563	7	0.170192202627	4	0.322559826604	6	1	1	960	430000	132	1600	1901	206	18	121	165	110	39	31	21	52	66	30	179
29793924_zpid	29793924_zpid	10473	2232 Hermany Ave, Bronx, NY 10473	40.824513	-73.847981	0.409828404475	3	0.481140416514	2	1.13093525146	0	5	3	3400	468000	13	2578	1915	20	12	13	8	6	25	11	5	9	4	6	50
29792030_zpid	29792030_zpid	10473	552 Bolton Ave, Bronx, NY 10473	40.817006	-73.857845	0.562606869422	2	0.520120155217	1	1.81224942336	0	3	2	1290	312700	39	2831	1925	31	6	7	29	9	26	12	11	16	9	8	67
30735068_zpid	30735068_zpid	11223	927 Homecrest Ct, Brooklyn, NY 11223	40.601783	-73.961854	0.407625517657	8	0.175804621726	7	0.572003537957	1	3	2	1218	655000	6	1900	1920	29	16	14	23	8	26	16	9	15	5	4	58
30603188_zpid	30603188_zpid	11221	110 Malcolm X Blvd, Brooklyn, NY 11221	40.689802	-73.93074	0.337116516793	9	0.364431851941	4	0.426285724686	2	7	3	2600	600000	76	2000	1899	200	68	107	157	124	58	36	18	38	67	39	273
72669462_zpid	72669462_zpid	11215	378 12th St APT 4, Brooklyn, NY 11215	40.665404	-73.984306	0.147185845464	16	0.340251588579	7	0.351353782293	5	2	2	1100	830000	47	2500	2006	62	84	23	60	20	41	66	35	28	13	15	198
30629894_zpid	30629894_zpid	11207	1066 Halsey St, Brooklyn, NY 11207	40.687944	-73.9126689	0.26551813124	8	0.352820154628	3	0.374352057813	3	6	3	3276	609900	0	1742	1925	99	23	77	105	63	20	26	13	30	50	19	157
30782366_zpid	30782366_zpid	11234	2030 E 74th St, Brooklyn, NY 11234	40.622088	-73.906655	0.609417628217	1	0.587881783981	1	2.76463641827	0	3	2	924	549000	0	2000	1925	18	2	9	9	6	26	14	9	18	3	3	48
30750511_zpid	30750511_zpid	11210	811 E 22nd St, Brooklyn, NY 11210	40.632442	-73.95535	0.541013744507	5	0.535405964093	2	0.63794620297	3	5	2	2712	870000	105	4000	1920	42	14	23	32	39	32	14	14	19	11	2	71
30722689_zpid	30722689_zpid	11223	110 Highlawn Ave, Brooklyn, NY 11223	40.602859	-73.981945	0.218528595686	8	0.396104613466	4	0.179257161511	3	6	3	1500	550000	130	3120	1925	300	112	140	80	112	268	120	188	84	44	24	360
30595714_zpid	30595714_zpid	11213	1544 Pacific St, Brooklyn, NY 11213	40.67677	-73.938204	0.276934312586	7	0.360400289585	6	0.416220781585	2	3	1	4560	349000	172	2143	1910	165	38	71	78	70	35	26	8	31	34	12	168
30570753_zpid	30570753_zpid	11231	480 Court St, Brooklyn, NY 11231	40.6775676	-73.9984442	0.0199292541411	11	0.505183358062	1	0.345499407291	2	5	6	4330	787000	163	1580	1931	33	35	7	23	10	15	60	17	14	7	8	137
30606238_zpid	30606238_zpid	11233	106 Bainbridge St, Brooklyn, NY 11233	40.680486	-73.933127	0.222569263858	9	0.214284910151	4	0.237870304124	2	4	4	3200	1500000	25	2000	1930	80	49	68	77	54	10	24	4	25	25	13	124
30663777_zpid	30663777_zpid	11210	748 E 37th St, Brooklyn, NY 11210	40.638596	-73.94179	0.540149604016	2	0.531336043241	2	0.57973868234	1	4	3	1710	525000	0	1800	1940	167	7	111	96	102	35	11	3	25	29	6	179
29839410_zpid	29839410_zpid	10470	652 E 241st St, Bronx, NY 10470	40.903899	-73.851994	0.368952078986	5	0.143979938526	1	0.144180544364	3	3	6	1737	358000	13	1350	1960	456	48	256	256	240	108	80	20	100	96	16	532
30788580_zpid	30788580_zpid	11234	2530 E 65th St, Brooklyn, NY 11234	40.609245	-73.908758	0.807783255848	0	0.891610473802	0	4.13757531806	0	3	3	2664	514000	168	4000	1960	2	5	2	3	2	15	8	12	15	2	1	28
30712458_zpid	30712458_zpid	11214	60 Bay 26th St, Brooklyn, NY 11214	40.6026822	-73.9982216	0.273725838947	8	0.254537093364	10	0.208639648054	3	3	1	2544	745000	132	2900	1930	169	21	41	56	45	92	46	42	22	17	7	185
30750338_zpid	30750338_zpid	11235	2670 Batchelder St, Brooklyn, NY 11235	40.588191	-73.936967	0.261420817368	7	0.417503456693	2	1.46016323501	0	5	3	2232	559000	63	2160	1960	40	10	25	28	19	27	16	23	28	10	5	115
30770381_zpid	30770381_zpid	11236	1167 E 83rd St, Brooklyn, NY 11236	40.632509	-73.9057459	0.643464170109	5	0.691876434972	2	1.6086367159	0	4	2	1880	250000	2	2142	1955	49	8	18	29	10	71	33	7	25	7	11	74
30794206_zpid	30794206_zpid	11229	120 Frank Ct, Brooklyn, NY 11229	40.5899239	-73.9250663	0.235170662478	2	1.24192403285	0	2.48204578578	0	3	3	1248	375000	25	1800	1925	2	6	1	16	1	1	30	11	21	1	4	36
30770627_zpid	30770627_zpid	11236	1121 E 87th St, Brooklyn, NY 11236	40.635178	-73.903757	0.460110260503	7	0.621315472504	3	1.28761822314	0	3	1	608	259700	134	2094	1910	50	16	25	25	13	69	21	12	24	13	10	94
30664542_zpid	30664542_zpid	11225	139 Maple St, Brooklyn, NY 11225	40.660703	-73.956196	0.369409198067	10	0.408276044829	7	0.505286200363	3	3	2	2180	1320000	1	2000	1910	498	109	209	181	188	30	48	22	58	61	22	309
30643527_zpid	30643527_zpid	11208	3460 Fulton St, Brooklyn, NY 11208	40.684588	-73.867909	0.374493044901	9	0.0569788972672	8	0.519732731038	2	6	2	2460	302172	73	2178	1920	75	29	46	68	41	50	23	10	48	32	5	151
29853081_zpid	29853081_zpid	10471	383 W 254th St, Bronx, NY 10471	40.9018688	-73.9041327	0.338284073299	4	0.458331222014	3	0.873068901476	0	4	3	3800	1550000	6	23086.800000000003	1960	9	6	3	7	3	5	26	6	12	0	3	27
30702117_zpid	30702117_zpid	11209	135 99th St, Brooklyn, NY 11209	40.6143701	-74.0360749	0.249220810951	8	0.286928186256	3	0.45547804175	1	4	3	4137	1695000	0	4408	1925	158	28	15	19	20	44	38	38	6	9	5	91
30589401_zpid	30589401_zpid	11238	743 Dean St, Brooklyn, NY 11238	40.679862	-73.965594	0.182770745063	12	0.388772688854	5	0.427552458456	3	4	3.5	1500	2570000	15	2000	1910	404	668	172	336	204	172	176	164	164	60	76	808
29777799_zpid	29777799_zpid	10451	322 E 151st St, Bronx, NY 10451	40.818003	-73.919968	0.328457085106	5	0.123049186802	9	0.281335029226	3	7	3	2880	580000	0	2352	1899	106	12	38	50	33	3	14	7	12	19	24	120
30665770_zpid	30665770_zpid	11226	691 Rogers Ave, Brooklyn, NY 11226	40.654538	-73.95258	0.237770643957	10	0.239292508977	6	0.366751746112	2	7	3	3120	675000	33	2100	1905	1916	300	972	996	1016	248	132	32	284	308	80	1368
30567777_zpid	30567777_zpid	11201	16 Willow Pl, Brooklyn, NY 11201	40.693148	-73.9980269	0.0651928624312	14	0.453071113872	4	0.636360210369	4	4	2.5	1808	3762500	17	1186	1899	42	72	21	30	11	25	50	34	18	5	12	137
30631382_zpid	30631382_zpid	11207	28 Vermont St, Brooklyn, NY 11207	40.679394	-73.896131	0.246679895105	4	0.278381687582	3	0.341855969393	8	6	3	2400	580000	29	1742	1899	83	29	58	63	43	57	34	36	28	29	9	137
83049873_zpid	83049873_zpid	11206	27 Jefferson St, Brooklyn, NY 11206	40.697843	-73.934735	0.0609828057268	13	0.191031718525	5	0.105203286159	4	2	1	4576	621132	123	2200	2004	83	49	38	42	26	20	25	15	37	14	11	173
83045250_zpid	83045250_zpid	11235	11 W End Ave, Brooklyn, NY 11235	40.581221	-73.953401	0.174521175316	10	0.536589381928	6	0.634945988285	1	2	3	1500	50000	118	2100	1996	884	104	188	240	176	224	164	92	160	84	44	560
30589357_zpid	30589357_zpid	11238	993 Pacific St, Brooklyn, NY 11238	40.679746	-73.960829	0.358997463862	12	0.400175778721	3	0.432741553375	4	8	3	2700	2195000	0	2000	1910	122	208	67	106	68	51	47	41	39	23	32	239
30786919_zpid	30786919_zpid	11234	2057 E 53rd Pl, Brooklyn, NY 11234	40.6114	-73.921508	0.51047738554	3	1.21136807936	0	3.08324718318	0	3	2	1380	470000	14	19	1960	36	24	28	40	20	112	92	48	56	16	20	336
30734163_zpid	30734163_zpid	11223	1967 W 13th St, Brooklyn, NY 11223	40.598822	-73.984341	0.210120152553	8	0.276196213376	6	0.244362982951	3	3	2	1158	620000	15	2800	1925	26	14	10	15	6	29	28	37	12	6	3	50
68313332_zpid	68313332_zpid	11238	473 Classon Ave, Brooklyn, NY 11238	40.684345	-73.958901	0.341951173008	13	0.305279446178	7	0.454580097412	5	2	1	750	697501	115	820	2004	112	166	65	112	62	32	45	17	41	17	41	182
79724141_zpid	79724141_zpid	11233	1770 Dean St, Brooklyn, NY 11233	40.675491	-73.929182	0.237517317447	9	0.436707858026	4	0.450487854338	2	8	6	2876	120000	16	2178	2005	51	12	31	39	26	10	11	1	14	14	7	73
30667308_zpid	30667308_zpid	11218	319 Stratford Rd, Brooklyn, NY 11218	40.640895	-73.967858	0.299002596494	8	0.144805739231	5	0.335111211682	2	5	2	2507	400000	129	5000	1920	98	44	45	52	21	42	26	27	18	11	7	139
29850448_zpid	29850448_zpid	10464	20 Hawkins St, Bronx, NY 10464	40.845236	-73.790732	0.422488664118	3	2.74515969914	0	3.17916290406	0	3	1	2544	1625000	2	53143.2	1960	5	11	1	4	0	1	30	8	2	0	14	26
30647665_zpid	30647665_zpid	11207	826 Barbey St, Brooklyn, NY 11207	40.662076	-73.883861	0.206191711565	7	0.235685668526	5	0.470540273327	2	5	5	2760	645000	0	4000	1930	428	36	256	220	200	76	92	32	108	144	36	484
