30790154_zpid	30790154_zpid	11235	30 Corbin Pl, Brooklyn, NY 11235	40.581156	-73.955239	0.217999708169	11	0.382949885655	7	0.64159232957	2	3	2.5	1752	200000	30	2000	1940	1000	172	232	312	204	268	184	112	168	112	68	768
30716387_zpid	30716387_zpid	11230	1135 E 2nd St, Brooklyn, NY 11230	40.6225999	-73.9742211	0.438446763088	5	0.493498990082	4	0.222048343749	2	2	1.5	1500	382800	39	4000	1935	17	6	5	17	3	10	29	18	7	1	2	42
30793178_zpid	30793178_zpid	11229	2330 Plumb 1st St, Brooklyn, NY 11229	40.596066	-73.932548	0.339578608205	8	0.58868729643	2	1.91359168917	0	2	1	980	369000	129	1800	1920	36	60	0	20	8	28	76	24	72	12	8	164
30608809_zpid	30608809_zpid	11221	258 Marcus Garvey Blvd, Brooklyn, NY 11221	40.688746	-73.939493	0.253417053364	9	0.206431601198	3	0.989128959311	0	3	1	4056	492358	48	1950	1931	996	256	476	700	460	148	156	72	208	256	128	1096
29788678_zpid	29788678_zpid	10467	3519 Tryon Ave, Bronx, NY 10467	40.880965	-73.8768014	0.175641610938	8	0.358985536204	3	0.587094594583	4	7	4	3485	450000	89	2500	1920	484	103	151	194	193	31	29	28	46	63	23	258
30658193_zpid	30658193_zpid	11203	695 Lenox Rd, Brooklyn, NY 11203	40.655324	-73.9342829	0.366868174845	7	0.473499822923	3	1.34334833925	0	4	2.5	2637	205000	259	1999	1910	107	14	58	48	58	57	34	6	31	29	11	134
30772434_zpid	30772434_zpid	11236	1452 E 89th St, Brooklyn, NY 11236	40.630426	-73.896754	0.597889153939	3	0.267961360807	2	1.85707400001	0	5	4	2142	650000	0	2633	1960	42	7	16	19	5	33	18	11	21	7	5	46
94717870_zpid	94717870_zpid	10456	770 E 161st St, Bronx, NY 10456	40.8210686	-73.9041438	0.221981666043	10	0.0784781371287	9	0.259356209569	3	8	6	4432	565000	9	1688	2008	66	13	28	41	23	15	6	1	11	10	17	67
29854117_zpid	29854117_zpid	10471	565 W 246th St, Bronx, NY 10471	40.8928143	-73.9097561	0.634812267426	4	0.822638874571	0	1.0198663861	0	4	3.5	2050	850000	11	1672	1971	18	5	2	3	1	2	32	3	6	0	1	19
30720787_zpid	30720787_zpid	11223	1621 W 2nd St, Brooklyn, NY 11223	40.6079035	-73.9756529	0.239876912235	11	0.381095913546	6	0.24957185112	4	4	2	1820	735000	8	1782	1925	368	68	160	100	96	224	76	108	84	52	8	384
29782510_zpid	29782510_zpid	10453	1862 Loring Pl S, Bronx, NY 10453	40.853309	-73.914837	0.097228559305	8	0.106614967824	7	0.413171000919	3	6	2	4140	22500	182	2774	1920	521	41	159	190	192	87	34	11	104	52	24	271
30620837_zpid	30620837_zpid	11222	119 Jewel St, Brooklyn, NY 11222	40.728305	-73.947718	0.157640824399	15	0.328342740085	5	0.507003730595	2	8	4	3000	2399000	0	2500	1930	26	48	17	22	11	26	28	25	18	15	12	137
30787479_zpid	30787479_zpid	11234	2773 E 63rd St, Brooklyn, NY 11234	40.60639	-73.914427	1.0632838247	0	1.27993328621	0	3.59536827572	0	3	3	2045	598000	6	1800	1965	3	4	2	5	3	17	4	26	19	2	1	25
29779550_zpid	29779550_zpid	10456	803 E 161st St, Bronx, NY 10456	40.8210679	-73.90284	0.267976077069	12	0.187915414586	8	0.18808269871	3	4	1	3300	415000	132	1925	1905	50	12	21	35	22	11	4	1	8	9	16	55
30789142_zpid	30789142_zpid	11235	217 Ocean View Ave, Brooklyn, NY 11235	40.5788752	-73.966227	0.155628494026	7	0.314779684231	8	0.344066941144	3	4	4	1932	455000	147	1811	1930	380	164	236	312	208	216	148	68	168	72	84	852
30641653_zpid	30641653_zpid	11208	52 Hemlock St, Brooklyn, NY 11208	40.688601	-73.872563	0.262778270216	6	0.165744847222	5	0.149172153647	3	5	2	2904	550800	13	1578	1915	76	23	50	63	34	57	33	15	39	30	5	136
30747376_zpid	30747376_zpid	11229	2810 Avenue W, Brooklyn, NY 11229	40.595506	-73.942562	0.169808156688	9	0.161212463118	4	1.06535572316	0	2	2	1584	565000	19	1600	1950	4	9	3	16	3	16	22	18	16	2	1	58
30707269_zpid	30707269_zpid	11214	1627 78th St, Brooklyn, NY 11214	40.61428	-74.001608	0.16185682166	9	0.0811858770951	6	0.120964474249	3	7	2.5	2800	1160000	16	2475	1920	33	6	10	23	6	17	19	21	12	6	5	85
30786065_zpid	30786065_zpid	11234	2054 Kimball St, Brooklyn, NY 11234	40.610462	-73.927567	0.223761190014	2	0.943937041425	0	2.56399432618	0	3	2.5	1120	530000	43	2500	1925	7	9	2	6	1	25	25	20	18	0	6	76
30748296_zpid	30748296_zpid	11235	2413 E 26th St, Brooklyn, NY 11235	40.5929659	-73.944057	0.284564085381	12	0.288101421862	3	0.972325153197	0	6	4	2100	882000	7	4000	1930	47	14	9	11	7	21	19	25	20	1	1	58
30720196_zpid	30720196_zpid	11230	1573 E 9th St, Brooklyn, NY 11230	40.610555	-73.964149	0.462846771596	8	0.301525043302	2	0.574736983425	1	3	2	1720	630000	19	2000	1925	116	64	56	100	68	168	92	56	80	20	4	356
30720777_zpid	30720777_zpid	11223	1647 W 2nd St, Brooklyn, NY 11223	40.607298	-73.9755267	0.294024575934	8	0.337907717443	6	0.275756195002	4	4	2	1575	688000	19	1999	1950	364	76	172	108	112	244	96	128	96	52	8	412
29852604_zpid	29852604_zpid	10471	4401 Waldo Ave, Bronx, NY 10471	40.8912944	-73.9024517	0.359655980873	5	0.867115250445	0	0.384302694559	2	4	2.5	2500	1100000	75	19602.0	1930	42	10	0	6	1	1	9	1	6	1	2	16
30778534_zpid	30778534_zpid	11236	1359 E 100th St, Brooklyn, NY 11236	40.637701	-73.8896369	0.4243133762	5	0.225860418748	3	1.43441227212	0	3	2.5	1540	475000	8	2000	1955	24	6	22	21	2	20	16	11	13	7	2	60
30751206_zpid	30751206_zpid	11210	1078 E 37th St, Brooklyn, NY 11210	40.630489	-73.940928	0.263281197045	3	0.31406790954	2	0.624489639827	1	4	2	1728	610000	113	2000	1925	79	20	42	48	36	55	32	20	21	15	8	122
30566936_zpid	30566936_zpid	11217	140 Dean St, Brooklyn, NY 11217	40.686198	-73.987702	0.181931481971	13	0.461772689097	3	0.266809201433	8	5	4	3016	1950000	56	1560	1910	22	53	3	26	7	23	36	12	11	8	9	79
30664499_zpid	30664499_zpid	11225	254 Lincoln Rd, Brooklyn, NY 11225	40.661095	-73.954338	0.321668137672	11	0.3753327632	6	0.346940364012	3	4	2	1780	1450000	23	2100	1910	491	96	203	178	180	34	44	21	45	70	21	309
30736686_zpid	30736686_zpid	11223	2149 W 9th St, Brooklyn, NY 11223	40.5949925	-73.9799484	0.265593941692	8	0.117929381397	3	0.284518085758	4	4	3	2541	600000	108	2082	1930	156	60	32	92	44	148	80	108	80	20	16	240
30641168_zpid	30641168_zpid	11207	611 Ashford St, Brooklyn, NY 11207	40.667026	-73.883103	0.059377789792	7	0.0889419095437	3	0.0958224331241	2	5	2.5	1975	515000	6	1799	1901	68	8	44	30	27	21	20	8	24	24	11	106
30787046_zpid	30787046_zpid	11234	2037 E 55th St, Brooklyn, NY 11234	40.612687	-73.920489	0.343486110113	2	1.06444513399	0	3.18583441734	0	3	1	1560	413700	0	2000	1920	17	4	10	11	10	30	19	14	18	5	6	97
30670430_zpid	30670430_zpid	11218	162 Terrace Pl, Brooklyn, NY 11218	40.655249	-73.976027	0.207374461005	7	0.211589954446	2	0.607911101362	2	2	1.5	1000	219056	39	2950	1930	9	10	12	13	7	21	16	15	11	1	3	42
30603064_zpid	30603064_zpid	11221	582 Lexington Ave, Brooklyn, NY 11221	40.689051	-73.9367819	0.336153835625	7	0.271508402526	4	0.824913093493	0	5	5	3000	499000	15	18	1899	812	180	480	636	360	160	140	56	168	264	160	984
29842297_zpid	29842297_zpid	10461	2827 Dudley Ave, Bronx, NY 10461	40.839761	-73.835504	0.181430489395	3	0.84782002861	0	0.461799575624	2	1	1	2400	535000	81	34	1930	56	19	20	17	14	35	20	19	11	7	2	80
30614322_zpid	30614322_zpid	11216	166 Putnam Ave, Brooklyn, NY 11216	40.6833012	-73.9547264	0.217949303332	11	0.209701270601	7	0.28072019263	3	3	1.5	2800	1100000	12	2000	1899	144	137	67	82	59	26	36	16	24	32	45	210
29783417_zpid	29783417_zpid	10459	1363 Prospect Ave, Bronx, NY 10459	40.8305199	-73.8973124	0.317954514391	5	0.335560896583	9	0.463126944777	1	6	3	2280	351000	64	1728	1899	175	79	85	115	92	21	17	5	22	42	20	163
30646717_zpid	30646717_zpid	11207	695 Pennsylvania Ave, Brooklyn, NY 11207	40.660575	-73.891762	0.238259020193	3	0.185901945078	5	0.523694903361	3	9	4	4210	470000	23	2541	1950	235	17	128	121	123	28	45	11	40	67	14	234
29844304_zpid	29844304_zpid	10465	1622 Stadium Ave, Bronx, NY 10465	40.846939	-73.819886	0.877815139605	0	0.55737744707	1	0.901744745282	0	3	2	1648	477500	28	2500	1925	1	3	2	4	0	12	24	15	7	1	0	27
30785438_zpid	30785438_zpid	11234	1907 Hendrickson St, Brooklyn, NY 11234	40.6140159	-73.9284411	0.293070221405	4	0.802125557693	0	2.55254261603	0	5	2	2000	496000	45	2000	1960	10	35	4	3	2	26	26	19	14	2	4	80
30771821_zpid	30771821_zpid	11236	1360 E 85th St, Brooklyn, NY 11236	40.630088	-73.901374	0.745089625241	1	0.537239315951	1	1.84455699401	0	4	2	1760	413400	5	2000	1955	52	9	19	24	10	54	23	10	25	6	10	71
30637204_zpid	30637204_zpid	11207	56 Jerome St, Brooklyn, NY 11207	40.680815	-73.888942	0.228390756899	6	0.212680024748	5	0.375890514187	2	5	3	2367	500000	19	356320.8	1910	83	33	56	65	48	56	40	20	38	22	7	130
30759295_zpid	30759295_zpid	11234	1072 E 54th St, Brooklyn, NY 11234	40.631895	-73.924626	0.314910113919	5	0.485756179424	2	1.94722876427	0	5	2.5	2322	495000	6	2500	1950	38	12	22	25	13	49	24	18	15	15	3	80
29794619_zpid	29794619_zpid	10472	1158 Wheeler Ave, Bronx, NY 10472	40.827757	-73.879609	0.132904829046	6	0.154405933298	3	0.0999290906926	3	7	4	3440	521000	127	2500	1929	648	72	232	263	238	69	33	8	80	98	23	379
30737483_zpid	30737483_zpid	11223	2202 W 7th St, Brooklyn, NY 11223	40.5940202	-73.9782714	0.130417835705	6	0.116835737486	2	0.144668615769	5	3	3	2724	780000	12	1472	1925	128	56	28	104	44	176	88	156	108	24	24	292
29852779_zpid	29852779_zpid	10471	4601 Fieldston Rd, Bronx, NY 10471	40.8939189	-73.905821	0.716428823474	2	0.987321128915	0	0.775384284304	0	7	6	6320	2280139	30	17424.0	1928	10	5	2	4	1	1	29	3	5	0	1	17
30667060_zpid	30667060_zpid	11226	1019 Rogers Ave, Brooklyn, NY 11226	40.6452812	-73.9516187	0.00852428702558	6	0.385838715379	7	0.225574086834	3	6	3	3240	660000	104	1900	1930	311	48	137	155	111	94	39	18	28	65	34	291
30721494_zpid	30721494_zpid	11223	1729 W 11th St, Brooklyn, NY 11223	40.6046331	-73.9836252	0.183969168363	7	0.445367739362	2	0.287629626697	1	3	2	1486	699000	23	2583	1920	70	22	31	18	25	57	24	29	13	8	5	85
30650609_zpid	30650609_zpid	11212	59 E 96th St, Brooklyn, NY 11212	40.664502	-73.924911	0.100082927	13	0.132856893865	6	0.186521514511	1	6	5	3420	830000	13	2525	2013	1540	64	504	496	468	160	88	40	132	216	80	884
30699898_zpid	30699898_zpid	11209	8723 Colonial Rd, Brooklyn, NY 11209	40.623351	-74.03665	0.306090134332	9	0.542286567385	1	0.701139909917	1	4	3.5	1836	690000	139	2200	1925	52	27	12	33	12	35	27	18	14	3	3	77
30580649_zpid	30580649_zpid	11215	354A 20th St, Brooklyn, NY 11215	40.659353	-73.989097	0.38122627756	13	0.303655147124	5	0.74622071727	1	4	3	2295	1700000	9	1670	1905	29	43	16	34	14	28	40	12	15	7	7	101
30667195_zpid	30667195_zpid	11218	210 Stratford Rd, Brooklyn, NY 11218	40.643425	-73.968926	0.0700581579398	10	0.346466317095	4	0.384578734575	2	7	4	2775	2350210	4	5000	1915	110	38	44	54	34	33	24	24	25	13	10	159
30596393_zpid	30596393_zpid	11213	202 Schenectady Ave, Brooklyn, NY 11213	40.672362	-73.9338439	0.147851109404	12	0.192384281965	5	0.393166933587	1	3	2	1020	588000	26	1560	1901	393	43	187	194	191	36	33	13	42	66	28	295
30611923_zpid	30611923_zpid	11205	138A Classon Ave, Brooklyn, NY 11205	40.695791	-73.9617236	0.227728106654	10	0.297834517924	9	0.7826538173	0	6	4	2700	975000	29	16	1905	47	62	24	37	23	32	18	30	26	9	22	146
79715037_zpid	79715037_zpid	11226	2603 Albemarle Rd, Brooklyn, NY 11226	40.6481104	-73.9525464	0.291503237499	6	0.270975447242	7	0.394353107435	2	7	5	3420	734000	8	910	2006	352	51	145	145	137	80	37	17	41	62	32	272
29788047_zpid	29788047_zpid	10458	2860 Valentine Ave, Bronx, NY 10458	40.869613	-73.889262	0.0268663480226	9	0.119000566839	9	0.320924866274	5	10	3	3390	240000	145	2481	1910	669	50	171	189	220	36	21	5	64	59	24	278
30601584_zpid	30601584_zpid	11233	1246 Herkimer St, Brooklyn, NY 11233	40.67737	-73.912249	0.134360110168	9	0.14560473209	3	0.176493271912	4	1	1	2565	490000	127	1653	1901	257	27	175	183	131	56	40	23	63	79	34	231
30692789_zpid	30692789_zpid	11219	1050 Bay Ridge Ave, Brooklyn, NY 11219	40.6267319	-74.009399	0.143525423857	7	0.343260991476	5	0.620789800942	1	4	2.75	3091	1280000	7	2500	1925	92	36	24	48	12	68	64	104	32	4	12	260
30740553_zpid	30740553_zpid	11235	2825 Brighton 6th St, Brooklyn, NY 11235	40.5824458	-73.9627907	0.0929980077662	10	0.274477230162	5	0.547391282713	1	11	4	3001	855000	1	2581	1925	364	136	136	244	100	280	196	120	120	72	92	628
83043347_zpid	83043347_zpid	11210	1478 New York Ave, Brooklyn, NY 11210	40.636834	-73.945479	0.564892676588	2	0.342292212702	4	0.427760805281	2	7	3	4320	803000	115	2020	2005	311	26	180	165	149	54	37	13	37	63	8	310
30712854_zpid	30712854_zpid	11228	148 Bay 10th St, Brooklyn, NY 11228	40.608147	-74.01203	0.15850800952	7	0.474018083714	3	0.870226793875	0	3	2.5	1944	650000	43	1933	1940	6	12	2	10	2	22	32	27	21	3	5	56
29832599_zpid	29832599_zpid	10466	837 E 229th St, Bronx, NY 10466	40.8894639	-73.8545089	0.253958123196	6	0.491606915022	3	0.484297466513	2	6	4	1196	339200	86	2860	1899	147	19	76	63	53	89	28	6	31	31	18	139
30712868_zpid	30712868_zpid	11228	139 Bay 10th St, Brooklyn, NY 11228	40.608083	-74.011401	0.141978293414	7	0.446777635502	4	0.816930412031	0	4	2.5	1476	540000	46	2368	1925	7	12	2	11	2	22	33	29	22	3	5	53
30784771_zpid	30784771_zpid	11234	1663 E 55th St, Brooklyn, NY 11234	40.615984	-73.921422	0.247881025931	9	0.987804004959	0	2.90292679476	0	3	2.5	1815	445000	16	1800	1955	21	6	14	12	14	40	19	17	22	7	7	115
30704486_zpid	30704486_zpid	11204	1647 73rd St, Brooklyn, NY 11204	40.616908	-73.998199	0.166344158093	9	0.342033317705	4	0.30369135111	2	2	1.5	1122	580000	15	1600	1925	25	15	13	40	13	27	15	20	14	5	2	64
30642292_zpid	30642292_zpid	11208	21 Kiely Pl, Brooklyn, NY 11208	40.686345	-73.8721811	0.25537624624	6	0.241444532776	4	0.375990774686	3	7	2	2970	400000	134	1742	1901	98	40	68	87	47	79	41	17	62	46	8	199
29790433_zpid	29790433_zpid	10473	170 Newman Ave, Bronx, NY 10473	40.809259	-73.854022	0.678671641092	1	1.32708660429	0	2.7286922261	0	3	2	2086	350000	0	2400	1935	104	40	76	76	36	60	64	56	40	64	16	240
30574456_zpid	30574456_zpid	11232	159 32nd St, Brooklyn, NY 11232	40.6564226	-74.0015015	0.112172124256	4	0.521967680921	3	0.331641090415	2	6	3	2850	970000	12	1421	1910	23	30	13	17	12	8	38	19	14	1	9	79
30680249_zpid	30680249_zpid	11204	2137 60th St, Brooklyn, NY 11204	40.617636	-73.97949	0.326349206765	7	0.57136059773	5	0.468465457572	4	4	4	3780	1390000	7	2496	1925	53	10	10	26	17	35	32	30	15	5	6	71
30763766_zpid	30763766_zpid	11234	1549 Kimball St, Brooklyn, NY 11234	40.6189518	-73.9364345	0.526103591433	3	0.365571388789	2	1.81258440844	0	6	3	1680	869000	0	7017	1987	35	17	19	19	12	46	33	21	27	9	2	120
30723107_zpid	30723107_zpid	11223	1843 W 4th St, Brooklyn, NY 11223	40.6026287	-73.9765078	0.209507709598	7	0.327507434784	4	0.355493690743	3	4	2	1512	725000	22	2667	1925	344	100	172	120	120	328	132	192	92	56	20	532
30719512_zpid	30719512_zpid	11204	1546 W 4th St, Brooklyn, NY 11204	40.609696	-73.978323	0.317433106316	12	0.267886054074	7	0.386023358984	4	3	2	1288	780000	5	1999	1925	181	29	46	48	56	79	21	23	14	10	6	120
30606059_zpid	30606059_zpid	11233	205 Bainbridge St, Brooklyn, NY 11233	40.681409	-73.929195	0.193208476456	8	0.226894838844	5	0.26190472867	2	5	3	2555	1060000	17	1700	1899	125	70	93	127	72	15	19	11	35	42	28	190
30750510_zpid	30750510_zpid	11210	815 E 22nd St, Brooklyn, NY 11210	40.632331	-73.95533	0.536406255537	5	0.538367656122	3	0.63261407134	3	6	3	3500	1160000	11	4000	1920	42	13	23	31	39	32	14	14	19	11	2	71
30607967_zpid	30607967_zpid	11221	268 Kosciuszko St, Brooklyn, NY 11221	40.691222	-73.943991	0.277352107112	10	0.202648604315	4	0.637589122814	2	4	1.5	3000	375900	136	1875	1899	111	38	49	90	60	18	22	7	17	30	15	143
29783902_zpid	29783902_zpid	10460	1457 Bryant Ave, Bronx, NY 10460	40.83185	-73.888165	0.358186423347	7	0.348160410878	7	0.363119691763	3	9	3	3300	520000	82	2000	1923	141	14	56	73	55	16	8	4	22	32	9	101
30739739_zpid	30739739_zpid	11235	719 Desmond Ct, Brooklyn, NY 11235	40.5908694	-73.9620975	0.358132272193	9	0.819343875041	0	0.762342369562	0	3	2.5	1296	620000	72	1800	1945	34	10	9	12	10	31	27	19	14	4	2	45
30706868_zpid	30706868_zpid	11214	2055 77th St, Brooklyn, NY 11214	40.608992	-73.991368	0.160661490907	13	0.210540937791	6	0.757706610522	0	7	4	2898	1990000	0	4104	1935	57	8	23	25	16	46	38	20	16	5	6	78
30700511_zpid	30700511_zpid	11209	8853 Fort Hamilton Pkwy, Brooklyn, NY 11209	40.6181849	-74.0259899	0.180941725904	12	0.277568327935	6	0.496674708148	2	3	3	1344	1200000	0	2502	1925	260	160	68	92	88	140	84	60	4	24	20	584
29850107_zpid	29850107_zpid	10464	111 Buckley St, Bronx, NY 10464	40.840114	-73.784265	0.366411853586	2	3.53875918052	0	3.87829536832	0	3	2	1636	535000	126	2580	1965	44	20	16	12	12	4	72	12	32	12	40	92
30619219_zpid	30619219_zpid	11211	240 S 2nd St, Brooklyn, NY 11211	40.7117543	-73.9584006	0.0943517113125	17	0.125329079576	5	0.383916462948	4	1	1	800	1500000	13	2400	1920	552	1120	376	528	340	124	200	112	132	132	108	1336
30688090_zpid	30688090_zpid	11219	918 58th St, Brooklyn, NY 11219	40.634803	-74.005804	0.135205080738	7	0.321478995189	7	0.382298966557	2	4	2	2100	995000	27	2003	1925	38	14	15	24	9	48	36	37	14	6	6	75
69227141_zpid	69227141_zpid	11225	273 Empire Blvd, Brooklyn, NY 11225	40.664043	-73.953087	0.321086272502	7	0.218372555663	5	0.238025869068	3	3	2	2240	850000	7	1650	1915	511	95	201	194	200	23	34	16	45	85	20	306
29834332_zpid	29834332_zpid	10466	3663 Eastchester Rd, Bronx, NY 10466	40.882145	-73.849386	0.102037489978	7	0.201512548949	4	1.0008713146	0	5	2	1584	475000	12	3876	1950	35	4	18	10	11	34	6	2	20	10	5	36
30736621_zpid	30736621_zpid	11223	2138 W 9th St, Brooklyn, NY 11223	40.595121	-73.980438	0.298630259963	8	0.11372817586	3	0.283980026753	4	6	5	2916	800000	97	3131	1920	40	16	8	21	10	31	23	26	19	5	4	63
30635119_zpid	30635119_zpid	11207	497 Pennsylvania Ave, Brooklyn, NY 11207	40.665183	-73.893805	0.319232682982	4	0.106931991002	8	0.110420006414	3	8	3	2000	990000	90	2003	1901	242	19	149	137	172	23	49	12	49	61	16	265
30612670_zpid	30612670_zpid	11238	149 Greene Ave, Brooklyn, NY 11238	40.6868458	-73.9661753	0.0193052274426	10	0.0248760644604	3	0.182268790268	5	6	3	3240	2300000	96	3049	1899	137	63	73	98	81	34	40	8	34	24	23	149
29852675_zpid	29852675_zpid	10471	480 W 246th St, Bronx, NY 10471	40.893357	-73.907549	0.650344799267	3	0.893319300073	0	0.869872916857	0	4	3	1846	815000	114	5000	1948	72	20	8	12	4	8	116	12	20	0	4	76
30646377_zpid	30646377_zpid	11208	739 Hemlock St, Brooklyn, NY 11208	40.6707548	-73.8676432	0.179127642346	4	0.276380514839	6	0.637748944728	2	6	2	2140	504000	15	2000	1930	89	7	61	45	34	39	26	7	24	32	8	121
30731482_zpid	30731482_zpid	11214	186 Bay 47th St, Brooklyn, NY 11214	40.5879199	-73.988376	0.315394469298	4	0.641085776815	1	0.4030578407	1	6	3.5	4000	830000	19	1934	2005	13	10	9	22	5	22	21	22	25	9	4	48
30726995_zpid	30726995_zpid	11229	1745 E 21st St, Brooklyn, NY 11229	40.610341	-73.952143	0.314987579312	4	0.186944025111	3	0.513993295474	1	3	2.5	1380	760000	12	2200	1925	108	17	36	36	34	49	44	36	20	11	3	141
30740469_zpid	30740469_zpid	11235	1 Brighton 3rd Rd, Brooklyn, NY 11235	40.5821689	-73.9655276	0.252686204635	9	0.494217838466	7	0.616889881898	2	2	1	969	999000	11	1024	1910	204	120	140	220	84	220	152	84	92	40	76	584
30772621_zpid	30772621_zpid	11236	1435 E 80th St, Brooklyn, NY 11236	40.628178	-73.900952	0.940802884252	0	0.656350361563	1	2.0581373582	0	5	3	3905	510000	23	2600	1960	144	24	52	60	20	156	72	32	88	16	32	184
30658413_zpid	30658413_zpid	11203	576 Lenox Rd, Brooklyn, NY 11203	40.65459	-73.938943	0.459209801206	3	0.6843883141	1	0.977441980678	0	6	4	2340	650000	9	5400	1910	87	14	56	40	39	57	29	11	25	28	5	92
30746777_zpid	30746777_zpid	11229	2366 E 17th St, Brooklyn, NY 11229	40.5929069	-73.953666	0.238346101262	12	0.315514072685	6	0.289432672081	3	3	2	1950	580000	47	2178	1940	74	15	16	17	19	33	19	14	13	8	3	69
82783839_zpid	82783839_zpid	11208	353 Atkins Ave, Brooklyn, NY 11208	40.6699848	-73.8776248	0.283481956982	10	0.481537551546	4	0.531555829847	2	6	3	2000	33000	161	2000	2005	152	27	105	99	81	53	33	11	32	56	27	192
29826438_zpid	29826438_zpid	10467	650 E 220th St, Bronx, NY 10467	40.884586	-73.864251	0.221510118163	4	0.39219943443	2	0.153742364543	2	3	4	2000	579000	0	2280	1960	107	10	49	64	70	51	18	4	28	24	6	129
30756664_zpid	30756664_zpid	11229	1630 Madison Pl, Brooklyn, NY 11229	40.612223	-73.943313	0.0688911869366	2	0.482368957277	2	1.28763956931	0	4	1	1616	879000	0	2800	1930	132	16	56	84	24	52	96	64	36	16	4	240
30694291_zpid	30694291_zpid	11228	865 73rd St, Brooklyn, NY 11228	40.627275	-74.015386	0.226554407621	8	0.0948017042165	5	0.898338948058	0	6	3	1800	950000	10	4000	1925	11	5	5	15	3	28	22	20	6	2	1	49
30598231_zpid	30598231_zpid	11233	2358 Pacific St, Brooklyn, NY 11233	40.675058	-73.907276	0.289777839067	5	0.359097184795	5	0.354262074536	6	5	3	2280	480000	9	2108	1901	484	40	300	432	292	124	104	52	156	176	64	492
30720430_zpid	30720430_zpid	11223	1637 W 9th St, Brooklyn, NY 11223	40.6068179	-73.982076	0.200986450994	11	0.358955018541	6	0.353632119594	2	3	1.5	1372	700000	14	2000	1930	284	68	140	76	116	236	68	84	48	32	12	296
30656858_zpid	30656858_zpid	11225	509 Maple St, Brooklyn, NY 11225	40.661456	-73.94389	0.14694554053	4	0.108144433732	6	0.604907922465	2	3	1.5	1600	265000	97	2000	1915	190	11	63	81	84	23	22	11	20	25	6	126
