30729160_zpid	30729160_zpid	11229	1880 Stuart St, Brooklyn, NY 11229	40.607173	-73.940167	0.291349034685	3	0.74496519598	1	1.50081803249	0	3	2	1890	545000	21	1800	1930	7	9	5	14	6	15	23	14	14	1	2	40
30781460_zpid	30781460_zpid	11234	1434 E 69th St, Brooklyn, NY 11234	40.621298	-73.9119599	0.433826434607	6	0.500526237738	1	2.94900063475	0	2	1	3254	350000	224	3600	1986	22	3	10	15	6	45	25	22	22	4	7	84
29798340_zpid	29798340_zpid	10472	1412 Bronx River Ave, Bronx, NY 10472	40.834036	-73.879133	0.34611027348	4	0.675721426432	2	0.606693778772	3	12	4	3520	510000	37	2500	1926	492	52	268	332	240	132	48	24	92	96	28	372
30692034_zpid	30692034_zpid	11220	139 Bay Ridge Ave, Brooklyn, NY 11220	40.637314	-74.030345	0.19082274394	10	0.296532774821	3	0.644006250931	1	3	1	1080	575000	24	882090.0	1925	144	60	96	100	64	104	76	100	28	40	8	224
30597129_zpid	30597129_zpid	11213	1150 Eastern Pkwy, Brooklyn, NY 11213	40.668293	-73.930286	0.0361623236252	15	0.206377505279	8	0.234121671486	2	2	2	2856	430000	26	2371	1901	2400	240	1112	1044	980	176	140	56	220	412	180	1472
30768148_zpid	30768148_zpid	11236	635 E 85th St, Brooklyn, NY 11236	40.6405249	-73.912152	0.398532068106	7	0.450485156459	2	1.10576711768	0	4	2	1760	465000	19	2000	1950	164	24	108	56	40	264	128	60	100	52	40	436
30594964_zpid	30594964_zpid	11225	35 Sterling St, Brooklyn, NY 11225	40.662809	-73.959684	0.0964010824662	8	0.035265399122	4	0.253553836603	2	4	2	1680	1335000	15	2000	1910	348	70	125	114	141	11	28	18	43	34	16	214
30762487_zpid	30762487_zpid	11234	1286 E 55th St, Brooklyn, NY 11234	40.625422	-73.923019	0.206949702306	8	0.382305050678	2	2.23800874388	0	3	3	1058	385000	7	4000	1955	76	60	84	48	40	200	100	104	76	52	36	324
30659765_zpid	30659765_zpid	11203	283 E 40th St, Brooklyn, NY 11203	40.650249	-73.939613	0.200873374129	2	0.47297210825	2	0.843962493503	0	5	3	1848	432500	9	2282	1915	400	76	272	228	224	224	60	32	100	88	24	392
30724881_zpid	30724881_zpid	11230	1136 E 13th St, Brooklyn, NY 11230	40.621626	-73.962879	0.253334317818	7	0.141317579577	6	0.441756871056	2	3	3	2342	480000	25	1700	1930	101	12	37	48	42	37	36	25	20	15	6	140
83048913_zpid	83048913_zpid	11207	187 Cooper St, Brooklyn, NY 11207	40.689067	-73.906422	0.26635587102	7	0.741079864371	1	0.203372772392	1	8	4	4004	721000	112	1983	2005	108	34	82	101	78	22	24	14	42	45	22	181
30660798_zpid	30660798_zpid	11203	1163 New York Ave, Brooklyn, NY 11203	40.644816	-73.945688	0.266361952566	4	0.31911362887	3	0.278062150305	3	3	3.5	1386	715000	1	3000	1910	82	8	68	38	56	29	12	4	23	14	13	69
30591344_zpid	30591344_zpid	11216	1294 Dean St, Brooklyn, NY 11216	40.6764439	-73.946183	0.172153205315	13	0.361757189429	8	0.275727024258	3	5	4	4800	1800000	22	2860	1905	321	66	133	192	167	33	28	11	54	62	30	246
30775780_zpid	30775780_zpid	11236	1065 E 105th St, Brooklyn, NY 11236	40.644781	-73.8912129	0.381551285621	4	0.345611380184	3	0.92232654562	0	3	2.5	1572	440000	0	1792	1960	168	20	76	76	52	92	52	12	52	36	28	284
30663469_zpid	30663469_zpid	11203	974 E 45th St, Brooklyn, NY 11203	40.637396	-73.933984	0.268878843579	7	1.0390224496	0	1.25184414783	0	1	1	1904	325000	152	1600	1945	15	9	6	11	10	27	20	4	17	8	5	62
30612904_zpid	30612904_zpid	11238	389 Classon Ave, Brooklyn, NY 11238	40.6877367	-73.9596532	0.327599475965	10	0.322645410472	7	0.131293903455	3	3	3	3340	1825000	23	19	1899	81	87	42	65	38	13	27	13	34	11	20	103
30652799_zpid	30652799_zpid	11203	384 E 48th St, Brooklyn, NY 11203	40.6525109	-73.932705	0.125294475894	6	0.133442731009	3	1.43682497747	0	6	3.5	2136	520000	13	2600	1915	178	18	75	61	79	64	39	8	39	36	15	181
30614599_zpid	30614599_zpid	11238	582 Washington Ave, Brooklyn, NY 11238	40.6815989	-73.9646776	0.0500139364805	12	0.184509300975	5	0.285223615551	2	5	3.5	3860	2350000	19	1935	1899	107	153	47	103	70	44	54	32	36	20	26	215
30655479_zpid	30655479_zpid	11236	626 E 94th St, Brooklyn, NY 11236	40.652432	-73.914938	0.308711035524	6	0.726597867805	1	1.01104076456	0	3	2	1771	350000	18	2217	1945	47	4	15	26	20	44	17	10	8	11	4	85
30736553_zpid	30736553_zpid	11223	2694 86th St, Brooklyn, NY 11223	40.594667	-73.982365	0.427588125384	8	0.260475794214	3	0.411216387932	4	5	3	2160	752000	24	2160	1960	36	16	6	19	9	26	21	25	16	4	4	49
30761314_zpid	30761314_zpid	11234	1072 E 57th St, Brooklyn, NY 11234	40.6267939	-73.921194	0.304523738177	6	0.390640815461	3	2.33347034992	0	6	4	2400	274476	97	2918	1960	27	10	28	22	21	53	19	26	18	22	8	88
30579206_zpid	30579206_zpid	11220	659 58th St, Brooklyn, NY 11220	40.638534	-74.011064	0.0902880323801	10	0.287506088551	11	0.438758063587	2	3	2	2328	1150000	2	1786	1915	143	43	50	55	29	63	75	41	28	24	7	263
30761551_zpid	30761551_zpid	11210	1240 E 40th St, Brooklyn, NY 11210	40.624801	-73.936829	0.183955591782	2	0.838477869087	0	1.27851399241	0	3	4	1574	205000	183	2500	1915	244	28	108	132	76	136	132	36	84	44	36	276
30752843_zpid	30752843_zpid	11210	1171 E 35th St, Brooklyn, NY 11210	40.625542	-73.941492	0.362374827297	4	0.558269784627	2	0.963976631975	0	2	2	1280	131000	242	2000	1910	524	56	280	216	216	300	208	88	140	68	48	520
30743201_zpid	30743201_zpid	11229	2055 E 18th St, Brooklyn, NY 11229	40.600057	-73.953442	0.382403821138	8	0.104937486976	5	0.226468537962	2	9	5	3455	2499000	0	4000	1910	476	136	136	128	200	332	176	84	88	52	20	640
29839190_zpid	29839190_zpid	10470	4568 Bronx Blvd, Bronx, NY 10470	40.903093	-73.854861	0.338982890013	5	0.39960064722	1	0.356843935147	3	4	2	2000	429000	0	3798	1928	113	12	32	39	27	24	10	4	16	21	3	87
30675460_zpid	30675460_zpid	11218	676 E 5th St, Brooklyn, NY 11218	40.635578	-73.974317	0.0685163601979	5	0.335817726798	10	0.336942418942	2	6	3	2432	1320000	7	4168	1905	161	49	93	97	70	92	38	103	25	22	6	221
29781149_zpid	29781149_zpid	10474	881 Longfellow Ave, Bronx, NY 10474	40.8195807	-73.8859967	0.266967674136	6	0.317953154317	4	0.412598252762	1	4	2	3173	485000	113	2500	1901	134	10	85	78	72	13	18	11	27	22	13	125
30611628_zpid	30611628_zpid	11205	415 Myrtle Ave, Brooklyn, NY 11205	40.693297	-73.9691984	0.0198367085334	10	0.34003196888	3	0.613061152525	1	2	1	857	990000	54	1745	1958	73	106	38	49	37	45	27	16	32	23	16	183
30727847_zpid	30727847_zpid	11229	1716 E 28th St, Brooklyn, NY 11229	40.6091849	-73.945802	0.429157208489	3	0.731162726574	1	1.01682777475	0	3	4	2828	759837	1	3250	1925	148	24	72	96	40	144	104	132	100	12	12	364
30602556_zpid	30602556_zpid	11221	297 Van Buren St, Brooklyn, NY 11221	40.691215	-73.935154	0.393931028191	10	0.548467142173	6	0.585170218237	2	4	2	2280	340000	10	1900	1899	175	41	95	126	99	41	28	15	36	50	44	226
30793291_zpid	30793291_zpid	11229	3078 Gerritsen Ave, Brooklyn, NY 11229	40.58661	-73.918525	0.492125935813	1	1.86102873376	0	3.01227293279	0	3	1	767	305000	47	1800	1920	2	3	1	8	0	0	15	5	13	1	2	15
30775692_zpid	30775692_zpid	11236	10569 Flatlands 1st St, Brooklyn, NY 11236	40.646627	-73.890635	0.2092488426	2	0.176284192886	3	0.866989615616	0	4	2	2	463500	59	1999	1960	152	20	48	56	48	60	40	8	40	24	28	216
30688420_zpid	30688420_zpid	11219	915 60th St, Brooklyn, NY 11219	40.634063	-74.006662	0.0688528098584	7	0.347615091263	9	0.317917811171	2	6	3	1902	875000	80	2003	1905	38	13	17	26	10	47	35	23	13	7	6	77
30732596_zpid	30732596_zpid	11224	4119 Sea Gate Ave, Brooklyn, NY 11224	40.5778617	-74.0056181	0.455203634517	1	0.317259274944	1	2.06234011121	0	4	3	2176	390000	45	3990	1901	48	16	13	42	13	4	18	4	16	13	2	55
30732528_zpid	30732528_zpid	11224	3726 Cypress Ave, Brooklyn, NY 11224	40.578611	-74.004643	0.517256859605	1	0.267569455493	1	1.98372400802	0	4	3	1864	472500	10	3000	1930	48	13	12	37	13	4	16	4	15	12	2	52
30777317_zpid	30777317_zpid	11236	1429 E 98th St, Brooklyn, NY 11236	40.638325	-73.8928	0.203406313415	8	0.167855994907	4	1.20167532894	0	4	2	1512	485000	24	2158	1925	25	10	25	26	5	40	20	14	14	10	2	69
30778680_zpid	30778680_zpid	11236	1306 E 104th St, Brooklyn, NY 11236	40.64023	-73.888058	0.652455638677	2	0.50293208098	1	1.36694392259	0	3	2.5	1669	430000	27	4000	1960	88	4	64	72	24	24	60	24	48	20	8	220
30773169_zpid	30773169_zpid	11236	9206 Foster Ave, Brooklyn, NY 11236	40.64556	-73.909494	0.201899637807	4	0.766576739964	0	0.657023335549	1	4	2.5	1642	430000	24	2500	1935	38	6	25	30	16	43	33	4	11	16	4	93
30768779_zpid	30768779_zpid	11236	717 E 87th St, Brooklyn, NY 11236	40.6400598	-73.9092176	0.208639836277	6	0.46480794661	2	0.962355509608	0	5	3	1960	497000	20	3005	1920	45	9	28	23	12	79	35	14	19	15	11	123
29827444_zpid	29827444_zpid	10469	907 E 211th St, Bronx, NY 10469	40.876297	-73.859526	0.26020012599	8	0.548301709869	2	0.594498443329	1	6	2	1980	253500	278	1988	1901	45	3	23	34	20	35	11	5	22	21	14	54
30789948_zpid	30789948_zpid	11235	30 Brighton 10th Path, Brooklyn, NY 11235	40.5811216	-73.9582006	0.238939572282	10	0.140972043491	6	0.46446435759	2	6	3	2400	575000	13	1306	1920	1000	220	280	372	248	308	216	112	192	128	104	992
30774963_zpid	30774963_zpid	11236	918 E 107th St, Brooklyn, NY 11236	40.64793	-73.89309	0.0866534048788	3	0.0932061117671	3	0.615053763715	1	5	2	2080	360000	16	1999	1960	29	7	17	15	7	24	9	1	13	5	8	65
30585793_zpid	30585793_zpid	11215	227 14th St, Brooklyn, NY 11215	40.666765	-73.989496	0.122696518484	15	0.186773070377	4	0.322302384864	3	4	2.5	1750	594000	18	2000	1899	90	84	28	75	30	45	70	24	37	20	20	241
29793583_zpid	29793583_zpid	10473	2065 Turnbull Ave, Bronx, NY 10473	40.8236724	-73.8525431	0.518722144425	4	0.488531661674	3	1.18245402315	0	4	3	1448	175000	54	2575	1940	89	22	22	22	14	21	15	5	15	11	6	60
30764004_zpid	30764004_zpid	11234	1626 Hendrickson St, Brooklyn, NY 11234	40.618407	-73.9339339	0.348203566884	10	0.419780847317	3	1.9802449357	0	3	3	1980	580000	7	2000	1930	44	196	36	60	52	176	128	92	64	36	4	548
29830637_zpid	29830637_zpid	10469	1510 Hammersley Ave, Bronx, NY 10469	40.871176	-73.84285	0.220278764494	4	0.741119967272	1	0.349623521703	1	3	2	905	329999	0	2500	1925	50	12	35	30	13	46	32	11	23	12	8	68
30721692_zpid	30721692_zpid	11223	1787 W 8th St, Brooklyn, NY 11223	40.6036209	-73.98056	0.179877734721	7	0.252438485426	2	0.0379081306776	3	4	2.5	1280	710000	3	1650	1920	89	27	45	27	33	97	30	56	24	15	6	107
29789134_zpid	29789134_zpid	10470	114 E 236th St, Bronx, NY 10470	40.897529	-73.872178	0.123661624486	1	0.40222538626	1	0.815870111319	0	3	1.5	1950	500000	3	2500	1925	53	12	10	7	7	32	9	13	13	6	1	57
30785828_zpid	30785828_zpid	11234	2063 E 36th St, Brooklyn, NY 11234	40.608718	-73.929726	0.232724178321	1	0.88333851757	0	2.37384280461	0	4	1	2304	645000	9	2000	1935	2	10	3	2	2	18	19	21	20	0	3	45
83042929_zpid	83042929_zpid	11233	178 Ralph Ave, Brooklyn, NY 11233	40.683752	-73.92316	0.36365138002	9	0.559313962842	4	0.575127423876	3	3	2	2340	125000	8	1260	1920	175	56	113	130	98	21	23	15	48	70	20	225
30600860_zpid	30600860_zpid	11233	270 Macdougal St, Brooklyn, NY 11233	40.6802	-73.909454	0.228293647552	6	0.261750836859	4	0.22029911423	7	6	3	2970	468500	40	1800	1899	182	18	144	157	113	37	32	13	48	73	24	174
30765212_zpid	30765212_zpid	11234	1747 E 46th St, Brooklyn, NY 11234	40.617724	-73.930358	0.163276859852	8	0.651622235432	2	2.2276747432	0	3	3	1216	499900	0	1999	1920	36	216	12	36	12	140	128	76	40	28	8	492
30714281_zpid	30714281_zpid	11214	175 Bay 26th St, Brooklyn, NY 11214	40.5999679	-74.000306	0.0893913087532	6	0.111010975185	7	0.541768731686	2	4	2	1995	605000	43	1837	1901	776	80	228	204	160	304	136	128	80	68	40	540
29844822_zpid	29844822_zpid	10465	853 Logan Ave, Bronx, NY 10465	40.830036	-73.822978	0.371670942218	4	0.326480244637	2	1.90583854087	0	3	2	1480	455000	2	2500	1920	7	22	4	16	3	19	25	28	14	3	4	59
30647374_zpid	30647374_zpid	11207	726 Alabama Ave, Brooklyn, NY 11207	40.6583323	-73.8940327	0.758300806247	0	0.350510127059	3	0.441328601452	2	8	3	2320	463000	44	2400	1925	107	10	75	75	57	28	42	15	22	43	10	144
30786286_zpid	30786286_zpid	11234	2151 E 33rd St, Brooklyn, NY 11234	40.6058345	-73.9304933	0.532705606963	3	0.593326053897	1	2.26951872676	0	2	1	1505	547000	2	2200	1935	0	3	3	1	1	7	9	12	10	0	2	19
30591784_zpid	30591784_zpid	11216	843 Prospect Pl, Brooklyn, NY 11216	40.674468	-73.94855	0.141005037155	11	0.114567887531	7	0.436372127071	3	6	4	3976	1385000	21	1706	1905	339	89	172	221	196	39	32	8	54	78	35	284
30760935_zpid	30760935_zpid	11234	1418 E 49th St, Brooklyn, NY 11234	40.626514	-73.928988	0.210120828138	9	0.34739421725	1	1.72596480498	0	5	3.5	1900	615000	5	2500	1930	29	17	10	18	12	50	28	17	23	1	3	83
30702175_zpid	30702175_zpid	11209	442 Marine Ave, Brooklyn, NY 11209	40.61324	-74.031646	0.139922944084	9	0.415551011929	3	0.328614261518	1	3	2	1972	820100	2	1892	1925	55	21	15	17	18	44	32	33	6	7	4	83
29777190_zpid	29777190_zpid	10454	295 E 139th St, Bronx, NY 10454	40.811155	-73.925083	0.14868340292	2	0.204840212103	5	0.167925018186	3	4	2	2724	330000	65	2479	1899	92	21	35	42	27	9	9	8	19	14	10	126
30749414_zpid	30749414_zpid	11235	2562 E 28th St, Brooklyn, NY 11235	40.589948	-73.942157	0.225804390553	9	0.263727235334	3	1.06965670308	0	3	3	1467	750000	8	2667	1940	64	16	18	20	11	36	30	41	33	3	4	104
89074581_zpid	89074581_zpid	11208	9 Wharton Pl, Brooklyn, NY 11208	40.6882835	-73.8741181	0.378784974938	5	0.0392223005606	5	0.227077739232	3	4	2	1842	490000	8	1842	2007	77	18	52	66	36	60	26	16	43	29	4	126
29779287_zpid	29779287_zpid	10456	1098 Jackson Ave, Bronx, NY 10456	40.826784	-73.903206	0.31240797659	5	0.306360190953	7	0.742847598431	1	5	4.5	3375	435000	38	1742	1903	256	19	94	105	81	42	14	7	23	35	25	172
30598248_zpid	30598248_zpid	11233	2415 Dean St, Brooklyn, NY 11233	40.674766	-73.90727	0.273135539528	5	0.380961614149	5	0.358159975294	7	5	3	1920	550000	85	2143	1901	107	10	73	104	70	29	24	13	36	40	15	118
30737243_zpid	30737243_zpid	11223	2134 Ocean Pkwy, Brooklyn, NY 11223	40.59693	-73.965941	0.271763737878	8	0.307329567176	3	0.63423224169	1	5	6	9200	7700000	0	8120	1993	47	18	9	33	15	27	30	17	19	6	3	68
30595544_zpid	30595544_zpid	11225	421 Lincoln Rd, Brooklyn, NY 11225	40.6618675	-73.9488021	0.156361387289	7	0.197557078314	6	0.198448437559	3	2	1	1962	30500	267	2237	1926	364	69	136	140	131	49	37	19	36	65	14	271
29783174_zpid	29783174_zpid	10460	1819 Waterloo Pl, Bronx, NY 10460	40.8403227	-73.887923	0.495937376305	8	0.30803516211	5	0.338196047132	2	7	3	1950	466400	125	1750	1910	192	24	107	106	97	16	18	3	29	29	15	179
30765375_zpid	30765375_zpid	11234	1750 E 51st St, Brooklyn, NY 11234	40.6176389	-73.9260089	0.146596141529	10	0.689135274906	1	2.49052731549	0	10	4.5	2256	62500	164	4117	1925	64	204	20	28	40	116	120	92	56	24	20	596
72691231_zpid	72691231_zpid	11208	128 Fountain Ave, Brooklyn, NY 11208	40.677	-73.876052	0.212200401457	10	0.291676222684	6	0.378980108042	4	4	3.5	2592	420000	24	2587	2005	492	76	276	320	240	216	204	52	160	140	48	748
30641681_zpid	30641681_zpid	11208	29 Hemlock St, Brooklyn, NY 11208	40.68922	-73.872162	0.270175395217	6	0.216002132848	6	0.0866860744805	3	7	2	1760	400000	101	1668	1925	70	21	45	61	32	55	31	13	31	26	3	114
30660603_zpid	30660603_zpid	11203	341 E 35th St, Brooklyn, NY 11203	40.646801	-73.94402	0.395598185821	5	0.0689876260139	2	0.4582211148	2	7	3	3090	455800	118	2000	1899	360	72	360	260	284	152	68	16	92	80	52	404
30628812_zpid	30628812_zpid	11221	280 Cornelia St, Brooklyn, NY 11221	40.694082	-73.911332	0.0800682417302	12	0.477020221536	4	0.621919322212	3	9	3	3000	565000	14	2000	1901	91	18	75	91	69	22	27	5	35	41	24	123
30658038_zpid	30658038_zpid	11203	11 E 40th St, Brooklyn, NY 11203	40.655671	-73.940201	0.530248173939	2	0.776924605747	0	0.844491763399	0	3	2	1808	449000	18	1808	1940	75	9	41	38	22	59	28	19	20	27	6	96
30618446_zpid	30618446_zpid	11211	149 N 7th St, Brooklyn, NY 11211	40.7180135	-73.958114	0.134890483822	13	0.319585245304	4	0.055793184566	2	1	1	2628	800000	27	1700	1910	172	536	64	232	76	124	156	68	52	56	48	644
30670783_zpid	30670783_zpid	11218	6 Seeley St, Brooklyn, NY 11218	40.65256	-73.980911	0.384411192788	7	0.547465782155	1	0.532140240827	1	5	3	3144	1565000	20	1620	1901	4	60	28	28	20	68	52	68	40	0	8	132
83048499_zpid	83048499_zpid	11206	802 Flushing Ave, Brooklyn, NY 11206	40.701005	-73.9400125	0.189111902018	10	0.107985441451	5	0.125334856451	4	3	1.5	2187	725000	13	3516	1931	61	131	34	42	22	26	31	16	24	15	10	165
30689876_zpid	30689876_zpid	11219	1408 66th St, Brooklyn, NY 11219	40.6237955	-73.9998266	0.0308302473335	7	0.442364965841	3	0.315763089132	3	8	3	2320	998000	11	1960	1965	44	8	14	16	11	49	59	49	12	7	15	111
30657524_zpid	30657524_zpid	11203	437 Hawthorne St, Brooklyn, NY 11203	40.658351	-73.945894	0.369288276646	6	0.419838293653	6	0.370063280172	2	7	3	2040	150000	202	3000	1910	46	10	22	24	18	16	15	14	2	10	9	38
29826687_zpid	29826687_zpid	10467	3637 Barnes Ave, Bronx, NY 10467	40.8794449	-73.861796	0.349960678357	5	0.335640201221	1	0.441263851753	2	6	3	2700	350000	13	2259	1991	180	14	78	87	62	66	16	2	26	42	16	172
30590210_zpid	30590210_zpid	11238	300 Prospect Pl, Brooklyn, NY 11238	40.676886	-73.9667769	0.163899202725	14	0.220506769207	6	0.387391846068	4	6	3.5	4200	4425000	9	2336	1910	188	155	70	96	88	30	51	37	49	37	13	230
2099067050_zpid	2099067050_zpid	11234	366 Mayfair Dr S, Brooklyn, NY 11234	40.608151	-73.904927	1.06146208925	0	1.08032879068	0	4.29401098444	0	3	3	2255	1299000	0	4100	1960	2	1	0	5	0	2	8	2	7	2	1	19
30781605_zpid	30781605_zpid	11234	2070 Pearson St, Brooklyn, NY 11234	40.612787	-73.918888	0.293511523689	3	0.941755204442	0	3.29903549604	0	6	4.5	6390	212500	257	2130	1970	10	3	11	9	7	29	20	10	15	4	5	72
30627824_zpid	30627824_zpid	11221	222 Palmetto St, Brooklyn, NY 11221	40.694898	-73.915259	0.371680776836	8	0.134021804618	3	0.562972139346	3	8	4	3750	995000	21	2087	1931	106	31	90	122	82	28	35	8	53	44	26	163
30591222_zpid	30591222_zpid	11213	1463 Dean St, Brooklyn, NY 11213	40.6765619	-73.939853	0.135920510612	9	0.460452483931	6	0.383438071318	2	5	3	3040	987000	6	2143	1910	153	39	71	76	72	26	21	7	30	37	15	169
30732917_zpid	30732917_zpid	11224	3520 Neptune Ave, Brooklyn, NY 11224	40.576809	-74.0016969	0.663427103779	1	0.0672315211903	2	1.73158061223	0	4	2	2142	312000	31	2350	1901	51	18	14	36	13	5	21	10	17	14	1	61
30766871_zpid	30766871_zpid	11236	583 E 82nd St, Brooklyn, NY 11236	40.640118	-73.915482	0.480335863983	7	0.571913743898	1	1.36206445222	0	3	1.5	1391	549000	0	1800	1965	30	7	23	18	10	45	31	9	26	10	9	75
29846603_zpid	29846603_zpid	10465	240 Throggs Neck Blvd, Bronx, NY 10465	40.818437	-73.812839	0.378503748895	4	0.438079294178	1	3.45303895652	0	4	2	1942	380000	154	2811	1930	6	11	1	7	5	12	21	12	12	6	9	60
112507787_zpid	112507787_zpid	11235	67 Brighton 1st Ln, Brooklyn, NY 11235	40.577205	-73.9667474	0.109840970064	8	0.274578781601	8	0.178509488881	2	1	1	989	300000	101	2025	2012	300	140	200	268	180	172	124	44	156	68	52	736
29828542_zpid	29828542_zpid	10469	1139 E 212th St, Bronx, NY 10469	40.875229	-73.853264	0.178015760046	9	0.497935764391	1	0.859323176104	0	3	2	1890	365000	2	3201	1945	252	32	132	252	176	172	64	36	100	104	64	476
30770758_zpid	30770758_zpid	11236	24 Paerdegat 7th St, Brooklyn, NY 11236	40.6301289	-73.907503	0.737474517619	1	0.753227173943	0	1.90053511058	0	3	1.5	2457	335000	195	1219680	1965	31	5	8	16	7	49	17	4	24	5	5	41
30754720_zpid	30754720_zpid	11210	2218 Avenue M, Brooklyn, NY 11210	40.618589	-73.952429	0.246204533806	3	0.575976947643	3	0.598793489216	1	4	2.5	2288	1395000	0	4000	1920	1	1	1	7	0	15	19	11	15	1	4	23
30712152_zpid	30712152_zpid	11214	36 Bay 19th St, Brooklyn, NY 11214	40.606158	-74.002868	0.338712222649	12	0.08125472363	8	0.221640206647	2	6	2.5	2144	650000	104	1932	1930	86	27	33	46	22	51	44	40	30	13	5	144
30571774_zpid	30571774_zpid	11231	101 Douglass St, Brooklyn, NY 11231	40.683152	-73.99101	0.257349044519	13	0.287157590386	3	0.333413387907	2	4	3	2100	900000	32	2000	1901	9	29	2	21	9	13	28	17	15	2	2	83
30625081_zpid	30625081_zpid	11237	200 Knickerbocker Ave, Brooklyn, NY 11237	40.7033631	-73.9267514	0.0236883621479	13	0.113883313002	5	0.514000841084	4	2	1	6300	725000	49	2500	1931	150	113	97	151	115	48	34	7	30	63	23	306
29842396_zpid	29842396_zpid	10461	2887 Dudley Ave, Bronx, NY 10461	40.840864	-73.833212	0.350700228924	4	0.756702843226	0	0.424322103037	2	3	1.5	1216	250000	168	2374	1930	68	18	19	18	15	52	34	25	14	10	2	100
30717289_zpid	30717289_zpid	11230	1211 E 10th St, Brooklyn, NY 11230	40.619546	-73.964908	0.039510286623	7	0.147984850506	8	0.512595576774	2	6	4	2841	995000	5	2000	1920	122	10	38	51	43	44	53	18	27	11	6	138
30775728_zpid	30775728_zpid	11236	1033 E 105th St, Brooklyn, NY 11236	40.645407	-73.891893	0.304906391572	3	0.269696706456	3	0.852382155943	0	3	1.5	1692	212000	316	2831	1960	39	6	19	14	12	23	13	3	13	9	7	73
