30714082_zpid	30714082_zpid	11214	203 Bay 20th St, Brooklyn, NY 11214	40.60216	-74.005228	0.22384266265	8	0.223286442018	7	0.653592475579	2	5	2	3120	615000	57	2000	1901	124	24	33	43	26	52	46	49	15	12	10	138
30714535_zpid	30714535_zpid	11228	292 Bay 10th St, Brooklyn, NY 11228	40.605281	-74.015058	0.353263199967	3	0.728736806248	1	1.16454312545	0	2	2	1472	985000	0	1938	1920	7	2	2	6	1	9	16	21	10	1	2	31
29813132_zpid	29813132_zpid	10462	856 Kinsella St, Bronx, NY 10462	40.84548	-73.8601259	0.112170792166	9	0.274231692031	4	0.794401741021	0	6	3	2064	375000	48	2482	1901	153	25	42	51	29	63	37	20	25	20	9	122
30657941_zpid	30657941_zpid	11203	780 New York Ave, Brooklyn, NY 11203	40.654756	-73.947398	0.201332876381	4	0.274253118528	4	0.348596002786	2	5	2	1676	480000	24	2500	1920	64	12	32	54	32	37	15	17	11	22	6	66
30639522_zpid	30639522_zpid	11207	346 Van Siclen Ave, Brooklyn, NY 11207	40.6712813	-73.8901352	0.144035995025	5	0.372125036538	3	0.170746066515	4	6	3	1800	514000	8	1710	1901	113	25	85	83	82	57	36	21	51	44	24	221
30581241_zpid	30581241_zpid	11232	749 42nd St, Brooklyn, NY 11232	40.6463279	-73.99982	0.115716555527	8	0.14269622483	8	0.46422647734	1	5	2	975	805000	38	1878	1905	68	37	28	29	27	52	18	12	8	8	6	84
30785179_zpid	30785179_zpid	11234	1950 E 38th St, Brooklyn, NY 11234	40.611249	-73.930891	0.079517805486	3	0.651137487244	1	2.29331500268	0	3	2	2064	649000	0	2000	1930	16	56	16	16	8	60	120	124	108	8	12	240
29783340_zpid	29783340_zpid	10459	873 Freeman St, Bronx, NY 10459	40.830759	-73.894208	0.402474470627	3	0.233955654701	7	0.21124088752	1	3	2.5	1782	266000	4	2069	1990	208	87	88	129	102	38	26	6	25	46	22	184
30790166_zpid	30790166_zpid	11235	11 Corbin Pl, Brooklyn, NY 11235	40.581549	-73.954735	0.194676356717	12	0.421923161902	7	0.597241597974	2	4	2.5	1962	819000	0	1800	1940	242	39	50	66	47	67	48	26	41	30	15	171
30638136_zpid	30638136_zpid	11207	180 Ashford St, Brooklyn, NY 11207	40.678305	-73.886462	0.149053944271	9	0.184912064595	6	0.23894834747	5	6	5	1996	676500	5	2613	1901	49	21	45	55	36	59	34	15	39	20	3	117
30597071_zpid	30597071_zpid	11213	1591 Union St, Brooklyn, NY 11213	40.66839	-73.937977	0.148673774077	11	0.34927011594	8	0.389283493995	2	7	2.5	3312	980000	6	2000	1901	496	53	178	204	204	48	57	20	45	66	46	329
29794072_zpid	29794072_zpid	10473	2226 Bruckner Blvd, Bronx, NY 10473	40.826808	-73.848678	0.155874215396	7	0.740367462838	2	0.869305637178	0	6	2	2900	575000	0	2574	1920	14	10	3	8	5	17	10	5	6	4	5	24
29844218_zpid	29844218_zpid	10465	1530 Stadium Ave, Bronx, NY 10465	40.845149	-73.820009	0.819973651857	0	0.492824305922	1	1.05181320672	0	3	3	1836	529000	0	2500	1975	4	44	16	16	0	60	124	68	36	4	0	136
30746280_zpid	30746280_zpid	11229	2275 E 27th St, Brooklyn, NY 11229	40.596169	-73.943692	0.260439283692	8	0.429748518941	3	0.974871314467	0	3	2	1848	699000	0	2200	1950	36	52	16	68	16	72	128	88	72	12	12	304
29842408_zpid	29842408_zpid	10461	2867 Dudley Ave, Bronx, NY 10461	40.840468	-73.834064	0.285058952248	3	0.840791189477	0	0.423072672312	2	3	2	1428	445000	45	2395	1926	67	19	20	18	15	46	29	23	12	9	3	92
30690623_zpid	30690623_zpid	11220	426 60th St, Brooklyn, NY 11220	40.640201	-74.017872	0.109507265599	10	0.139868176544	5	0.12924416472	3	9	11	2900	1750000	0	2000	1910	556	200	208	252	208	104	216	148	184	92	16	680
30761104_zpid	30761104_zpid	11234	1289 E 53rd St, Brooklyn, NY 11234	40.627248	-73.924502	0.209398721755	8	0.439428174663	2	2.05153375089	0	3	1	2125	495000	11	2400	1950	40	15	28	26	18	61	25	26	19	17	5	96
30640391_zpid	30640391_zpid	11207	488 Van Siclen Ave, Brooklyn, NY 11207	40.667664	-73.889307	0.290468548786	6	0.527111274175	8	0.241139489861	4	6	3	2240	599000	15	2375	1901	716	88	516	492	492	100	156	44	228	252	92	952
30614860_zpid	30614860_zpid	11216	20 Brevoort Pl, Brooklyn, NY 11216	40.6798069	-73.954666	0.101928934395	11	0.263591859229	8	0.131615267663	5	7	3	4000	600000	32	1520	1879	688	496	280	360	276	52	152	80	96	124	148	692
30749653_zpid	30749653_zpid	11235	2611 E 11th St, Brooklyn, NY 11235	40.587003	-73.959068	0.106117472887	8	0.222308713475	5	0.415506908748	1	4	2	1824	940000	4	2660	1950	380	64	84	180	116	216	160	112	128	64	44	456
30603834_zpid	30603834_zpid	11221	490 Madison St, Brooklyn, NY 11221	40.6859363	-73.9383387	0.240056149104	12	0.123039576279	5	0.702581048908	1	5	3	3500	237500	33	1480	1901	166	34	90	112	71	21	31	12	42	46	18	190
30696332_zpid	30696332_zpid	11209	220 77th St, Brooklyn, NY 11209	40.630238	-74.03034	0.223602015988	16	0.627714753765	4	0.411775197576	1	7	3	4500	1300000	65	8720	1899	75	42	32	26	25	51	39	86	12	15	7	111
30642629_zpid	30642629_zpid	11208	192 Richmond St, Brooklyn, NY 11208	40.682665	-73.877034	0.122697170496	9	0.324947160749	5	0.280520669113	3	6	3	3420	212000	192	3000	1910	90	36	47	68	44	46	40	19	54	28	10	192
30634059_zpid	30634059_zpid	11207	78 Williams Ave, Brooklyn, NY 11207	40.6744	-73.900685	0.371309523031	3	0.584294138281	6	0.22920460769	8	3	3	1962	214000	22	15	1920	23	6	26	37	25	10	22	10	12	7	5	59
30776510_zpid	30776510_zpid	11236	1132 E 101st St, Brooklyn, NY 11236	40.641568	-73.893475	0.433237284219	6	0.53097692876	3	0.906072266081	0	5	2	1571	460000	16	2000	1955	260	28	108	92	88	136	68	36	60	68	32	332
30732305_zpid	30732305_zpid	11224	3726 Polar St, Brooklyn, NY 11224	40.579982	-74.004795	0.508440764429	1	0.377475786357	1	2.01241457452	0	3	1.5	1280	420000	21	2000	1984	41	9	11	29	12	3	13	3	11	10	2	44
29825902_zpid	29825902_zpid	10467	3438 Olinville Ave, Bronx, NY 10467	40.876472	-73.867794	0.162521507719	7	0.281050669149	4	0.16746872982	3	3	1.5	1800	280900	82	2400	1915	326	14	104	127	107	33	24	10	39	35	24	205
2099665207_zpid	2099665207_zpid	11234	2049 East 68th Street, Brooklyn, NY 11234	40.61925	-73.910273	0.198754755259	5	0.235393936337	1	3.1324902969	0	3	2	1224	569000	0	1800	1960	15	7	9	15	6	20	23	10	22	2	6	71
30653803_zpid	30653803_zpid	11236	958 Ralph Ave, Brooklyn, NY 11236	40.651122	-73.920973	0.221479041593	8	0.538672623987	2	1.21512953947	0	8	3	1956	590000	0	2200	1940	21	3	11	18	7	19	12	4	8	10	2	43
30698890_zpid	30698890_zpid	11209	8307 4th Ave, Brooklyn, NY 11209	40.6246374	-74.027217	0.19482817326	16	0.203792292578	6	0.238949840607	2	1	1	4968	300000	245	2622	1930	134	79	43	44	26	52	36	28	15	29	5	207
30635279_zpid	30635279_zpid	11212	655 Mother Gaston Blvd, Brooklyn, NY 11212	40.662684	-73.904734	0.380325990324	3	0.288279208905	8	0.214131319283	4	3	1	1116	299000	11	1800	1985	32	11	32	17	12	8	24	5	18	7	6	58
30701863_zpid	30701863_zpid	11209	155 Marine Ave, Brooklyn, NY 11209	40.616403	-74.035167	0.134503705194	9	0.0897836180462	3	0.332967609274	1	3	1.5	1364	650000	37	1740	1901	203	38	31	30	33	63	46	49	6	11	7	146
30583740_zpid	30583740_zpid	11215	489 3rd St, Brooklyn, NY 11215	40.670944	-73.978903	0.122483520141	15	0.301801436577	5	0.533495211959	1	6	4	3960	2200000	47	1980	1899	212	264	80	184	104	72	276	196	124	48	64	828
30716838_zpid	30716838_zpid	11230	1346 E 2nd St, Brooklyn, NY 11230	40.616986	-73.973773	0.196983436185	6	0.157276495061	2	0.208595788973	2	7	5	3168	1100000	13	3454	1930	148	28	44	76	56	136	116	84	56	20	20	204
29785959_zpid	29785959_zpid	10468	2407 Walton Ave, Bronx, NY 10468	40.861204	-73.901374	0.145235693538	10	0.123733068942	11	0.180286746558	4	1	1	3110	372000	140	1896	1901	531	64	223	249	272	22	42	10	92	74	58	427
30745029_zpid	30745029_zpid	11229	2149 E 27th St, Brooklyn, NY 11229	40.598904	-73.944225	0.241551898417	6	0.14295716715	3	0.990236910437	0	3	2	1536	650000	18	1598	1940	84	64	36	52	40	76	152	68	80	12	20	432
30660480_zpid	30660480_zpid	11226	173 E 32nd St, Brooklyn, NY 11226	40.646477	-73.946884	0.244849674783	5	0.283327523849	4	0.232985141456	3	8	3	2800	585000	16	2000	1910	219	35	71	87	68	74	23	11	17	35	22	160
30611517_zpid	30611517_zpid	11213	4 Alice Ct, Brooklyn, NY 11213	40.678173	-73.940318	0.222842224018	8	0.327277819188	7	0.1998552796	2	6	2	1240	695000	0	1219	1899	131	28	64	67	58	23	19	6	26	29	11	139
30785171_zpid	30785171_zpid	11234	1928 E 38th St, Brooklyn, NY 11234	40.611629	-73.931315	0.134580764858	3	0.601601101695	1	2.26352022598	0	3	3	2064	530000	13	2000	1930	16	64	16	16	8	44	104	120	104	8	12	216
30575775_zpid	30575775_zpid	11220	723 46th St, Brooklyn, NY 11220	40.6444082	-74.0027432	0.231727750317	9	0.188720520278	7	0.741397486396	1	5	2	3120	1180000	26	2003	1915	89	36	40	60	40	64	54	23	26	13	6	151
29854628_zpid	29854628_zpid	10471	6000 Independence Ave, Bronx, NY 10471	40.909926	-73.905593	0.388042543711	4	0.358027906319	3	0.976398720202	0	4	2.5	2836	390000	210	11761.2	1955	4	8	3	9	5	6	21	3	5	4	4	29
30741647_zpid	30741647_zpid	11229	1933 E 12th St, Brooklyn, NY 11229	40.6022545	-73.9602626	0.435146076209	10	0.289521926842	6	0.49227143764	2	3	2	1394	1249000	0	3250	1925	292	92	80	112	108	204	80	52	32	24	20	296
30783394_zpid	30783394_zpid	11234	2136 E 63rd St, Brooklyn, NY 11234	40.615098	-73.912528	0.313485639821	6	0.355197954885	1	3.5638559368	0	3	2	5000	410000	163	4950	1850	32	36	28	32	8	48	60	24	64	4	12	168
30640940_zpid	30640940_zpid	11207	587 Miller Ave, Brooklyn, NY 11207	40.666233	-73.88931	0.345125771327	9	0.369084579003	8	0.0998372956819	4	7	3	2375	799000	0	2375	1920	235	23	142	138	143	34	43	11	63	70	20	258
30788371_zpid	30788371_zpid	11234	2304 E 66th St, Brooklyn, NY 11234	40.613648	-73.907515	0.413591263745	3	0.430682747786	1	3.70525095563	0	3	5	6300	3599999	0	6217	2007	0	15	4	8	2	9	12	12	10	1	1	53
30737798_zpid	30737798_zpid	11223	447 Lake St, Brooklyn, NY 11223	40.5928772	-73.9746151	0.429911352826	4	0.336785502873	2	0.306064710953	4	3	2	960	699000	0	2325	1965	33	13	11	23	7	45	30	39	20	4	7	116
30672724_zpid	30672724_zpid	11218	214 E 2nd St, Brooklyn, NY 11218	40.646292	-73.979243	0.0942720358466	10	0.19862325252	4	0.253259559024	2	6	1.5	2560	910000	27	3249	1935	73	34	27	40	37	30	47	28	16	9	9	139
30624000_zpid	30624000_zpid	11211	216 Withers St, Brooklyn, NY 11211	40.717387	-73.942725	0.020457439924	10	0.383106781043	4	0.333528666401	3	2	1	1000	850000	3	1000	1910	56	232	52	148	60	100	152	32	100	36	64	488
30785735_zpid	30785735_zpid	11234	2034 E 35th St, Brooklyn, NY 11234	40.608481	-73.931579	0.281839567521	1	0.785848878465	0	2.2173483646	0	3	3	1568	501000	48	2000	1930	4	28	16	8	8	44	88	84	76	4	4	136
30745533_zpid	30745533_zpid	11229	2267 E 13th St, Brooklyn, NY 11229	40.594902	-73.957244	0.0694229803984	13	0.231311906206	8	0.180187830132	2	7	4	2600	1100000	20	4000	1964	76	18	11	17	17	35	18	16	9	5	4	84
30602072_zpid	30602072_zpid	11221	443 Pulaski St, Brooklyn, NY 11221	40.694502	-73.932733	0.126852306405	12	0.38264477569	4	0.355086758409	3	8	4	4400	3675000	14	2500	1901	119	81	60	82	72	40	32	14	21	41	34	206
30773286_zpid	30773286_zpid	11236	956 E 95th St, Brooklyn, NY 11236	40.646338	-73.906931	0.260766563995	4	1.0011504124	0	0.430595161885	1	3	1.5	2000	399000	58	2000	1925	41	7	25	33	18	55	27	5	7	21	7	94
30705171_zpid	30705171_zpid	11204	1932 73rd St, Brooklyn, NY 11204	40.612633	-73.992023	0.191655378962	11	0.169146146602	6	0.732050840975	1	4	2	2184	990000	5	2426	1930	224	56	76	156	80	188	120	96	76	40	12	420
29826763_zpid	29826763_zpid	10467	742 E 217th St, Bronx, NY 10467	40.881419	-73.862052	0.178656611527	4	0.452100472377	2	0.275159872178	3	7	2	3476	520000	2	4216	1940	236	16	104	119	102	79	18	3	46	62	17	209
30595462_zpid	30595462_zpid	11225	205 Lincoln Rd, Brooklyn, NY 11225	40.661474	-73.955735	0.39234194693	8	0.392324422348	8	0.435986547741	3	6	3	3096	10000	145	2050	1901	524	96	200	163	166	25	38	19	51	60	23	295
30588082_zpid	30588082_zpid	11215	554 10th St, Brooklyn, NY 11215	40.66589	-73.98179	0.0825903545471	15	0.408666629676	7	0.132369301701	2	5	3	2430	2250000	8	1817	1910	67	65	24	53	21	31	67	39	28	8	17	182
29786356_zpid	29786356_zpid	10468	2321 Grand Ave, Bronx, NY 10468	40.8609042	-73.9048159	0.174266317274	5	0.152575376343	10	0.288961659707	5	9	3	4125	530000	125	1875	1910	527	74	228	285	287	34	34	15	79	84	52	382
30652790_zpid	30652790_zpid	11212	349 Rockaway Pkwy, Brooklyn, NY 11212	40.659307	-73.917542	0.36760693163	9	0.0814270700526	4	0.259992661608	2	2	1	3198	683000	6	2750	1930	549	20	256	228	204	58	37	14	46	86	36	341
30773789_zpid	30773789_zpid	11236	10413 Glenwood Rd, Brooklyn, NY 11236	40.648953	-73.896906	0.0297178555657	5	0.259873690158	3	0.282784019227	2	5	3	1404	425000	15	1890	1925	92	24	64	60	8	84	44	12	52	16	16	268
30642285_zpid	30642285_zpid	11208	24 Kiely Pl, Brooklyn, NY 11208	40.686016	-73.872079	0.2716346776	6	0.207246162178	4	0.345579910824	3	5	3	2970	550000	19	1558	1901	98	40	67	88	50	80	43	17	64	46	8	205
30750451_zpid	30750451_zpid	11235	3037 Voorhies Ave, Brooklyn, NY 11235	40.587988	-73.935019	0.417891350174	4	0.510097310372	2	1.62227180489	0	4	3	1920	588000	0	1969	1930	51	15	21	26	21	27	18	16	22	9	4	105
30719453_zpid	30719453_zpid	11204	1576 W 5th St, Brooklyn, NY 11204	40.608823	-73.979124	0.305356420268	11	0.286201850853	6	0.411948888202	3	3	2	1378	783000	10	2000	1925	640	104	156	176	200	292	68	88	52	44	28	424
30640671_zpid	30640671_zpid	11207	537 Ashford St, Brooklyn, NY 11207	40.668827	-73.88356	0.252060931356	7	0.252889840025	3	0.281444988107	4	3	2	1134	370000	0	1620	1992	61	9	38	34	21	21	23	8	21	20	11	87
30770685_zpid	30770685_zpid	11236	1126 E 89th St, Brooklyn, NY 11236	40.635729	-73.902683	0.356377950296	7	0.514044369664	2	1.21819922245	0	7	5	3139	134000	194	2150	1965	43	18	23	26	11	58	18	8	20	10	10	95
30676348_zpid	30676348_zpid	11230	222 Parkville Ave, Brooklyn, NY 11230	40.63111	-73.970445	0.253368825468	8	0.346739134111	9	0.569107065685	1	6	3	2520	400000	33	3049	1925	86	36	45	48	49	63	42	48	20	14	13	146
30736832_zpid	30736832_zpid	11223	2142 W 5th St, Brooklyn, NY 11223	40.595512	-73.976587	0.135174708039	4	0.284723431256	2	0.279827441661	4	4	3	2200	680000	125	2000	1940	34	13	6	32	10	53	20	38	27	5	8	103
29841147_zpid	29841147_zpid	10465	3264 Fairmount Ave, Bronx, NY 10465	40.836417	-73.818563	0.232638514855	2	0.213300223456	1	1.65220744551	0	3	1.5	1296	485000	73	2800	1955	5	4	7	5	7	9	18	12	10	4	3	34
30660305_zpid	30660305_zpid	11203	522 E 46th St, Brooklyn, NY 11203	40.648781	-73.934267	0.319905771117	5	0.341421425823	3	1.30689513514	0	3	2	1224	270000	15	4583	1920	120	11	54	53	54	36	28	1	20	23	7	112
30714688_zpid	30714688_zpid	11228	341 Bay 10th St, Brooklyn, NY 11228	40.604026	-74.015624	0.472985961694	3	0.759294786564	0	1.25253581558	0	4	3	1849	723888	45	1740	1950	5	1	1	1	0	6	10	11	5	1	2	25
30619953_zpid	30619953_zpid	11222	175 Java St, Brooklyn, NY 11222	40.731914	-73.953612	0.178297830779	12	0.113848010561	4	0.200313298715	1	3	2	1015	1220000	21	2500	1899	72	112	52	65	39	56	45	22	27	23	16	231
30717873_zpid	30717873_zpid	11230	1523 Mcdonald Ave, Brooklyn, NY 11230	40.615768	-73.973934	0.157152780581	8	0.216219227981	2	0.0733561660048	2	8	4.5	2440	167500	86	2221	1911	23	7	9	19	8	41	30	21	12	5	5	52
29785694_zpid	29785694_zpid	10458	2336 Valentine Ave, Bronx, NY 10458	40.857724	-73.897402	0.103523519298	10	0.241682936821	10	0.334662738425	5	4	3.5	1776	350000	8	3001	1901	395	22	205	187	208	18	16	10	35	70	19	271
30655626_zpid	30655626_zpid	11236	653 E 96th St, Brooklyn, NY 11236	40.65299	-73.912073	0.400590755381	5	0.392021801346	2	1.0082683787	0	4	2	1891	299000	0	2299	1948	39	2	14	21	21	32	16	8	6	6	3	64
30604756_zpid	30604756_zpid	11233	493 Halsey St, Brooklyn, NY 11233	40.683956	-73.933106	0.0639802336562	8	0.237916429972	4	0.549153429747	1	5	2	2500	528750	74	1667	1899	81	51	63	90	39	8	23	6	21	19	17	124
30609957_zpid	30609957_zpid	11221	367 Jefferson Ave, Brooklyn, NY 11221	40.6842189	-73.9431552	0.0954536091253	11	0.370352121468	9	0.516247660054	2	1	1	3000	525000	97	1667	1915	79	22	55	56	51	7	14	7	25	34	6	93
29788246_zpid	29788246_zpid	10458	3184 Grand Concourse, Bronx, NY 10458	40.8765361	-73.8851345	0.233279111397	9	0.197574512461	4	0.36003891318	4	1	1	80811	11000	225	27007.2	1963	288	18	32	46	30	11	5	5	7	17	8	77
30714363_zpid	30714363_zpid	11214	2165 Cropsey Ave, Brooklyn, NY 11214	40.597873	-73.998991	0.173195967804	6	0.189924522098	3	0.627782614262	2	5	3	2362	237500	261	1800	1940	636	64	176	200	144	276	116	68	72	52	36	468
30702774_zpid	30702774_zpid	11204	1676 Bay Ridge Ave, Brooklyn, NY 11204	40.618378	-73.995541	0.279147798581	10	0.357122085747	5	0.311470458286	4	5	2	3110	888000	13	3000	1930	180	72	84	232	76	176	120	156	84	40	24	412
30602306_zpid	30602306_zpid	11221	873 Lafayette Ave, Brooklyn, NY 11221	40.691663	-73.937714	0.191537975224	9	0.365337508547	5	0.641110658898	1	7	4	3376	75000	298	1742	1899	186	52	83	126	79	34	25	12	31	47	31	210
30608463_zpid	30608463_zpid	11216	205 Lexington Ave, Brooklyn, NY 11216	40.687544	-73.954037	0.0575144777383	10	0.268138944967	5	0.337796305438	2	4	3.5	2100	575000	61	1667	1899	412	448	252	336	208	120	100	56	80	124	136	788
29854631_zpid	29854631_zpid	10471	562 W 261st St, Bronx, NY 10471	40.910237	-73.90489	0.404922151921	6	0.387151084656	3	1.04345201823	0	4	3	2200	590410	179	14374.800000000001	1930	4	6	3	8	5	7	21	3	6	4	5	32
30750107_zpid	30750107_zpid	11235	2679 E 27th St, Brooklyn, NY 11235	40.587421	-73.942033	0.308439359713	5	0.481527228737	2	1.02643393032	0	3	2	2000	729000	23	3100	1930	68	40	44	92	20	148	104	132	124	8	20	392
30573833_zpid	30573833_zpid	11232	138 20th St, Brooklyn, NY 11232	40.66395	-73.99668	0.239584960197	8	0.412792021545	1	0.360488900723	2	3	1	1125	258000	142	1561	1910	28	19	14	19	8	18	23	23	14	7	4	59
30786261_zpid	30786261_zpid	11234	1874 E 53rd St, Brooklyn, NY 11234	40.612662	-73.923577	0.521232114645	5	1.21702823545	0	2.92725638313	0	5	3	2970	599000	0	2800	1925	14	9	10	9	10	30	29	18	20	5	8	104
30774084_zpid	30774084_zpid	11236	745 E 101st St, Brooklyn, NY 11236	40.646406	-73.898109	0.314161779833	6	0.262942815228	2	0.317179217249	2	2	1	770	110000	218	2000	1955	50	11	23	21	12	43	17	6	14	14	6	96
30640685_zpid	30640685_zpid	11208	634 Cleveland St, Brooklyn, NY 11208	40.6688959	-73.883244	0.245160965091	8	0.247785359736	3	0.291541822369	3	3	1.5	1106	365000	103	1530	1988	74	14	41	49	35	26	17	5	23	28	20	99
30624375_zpid	30624375_zpid	11206	24 Scholes St, Brooklyn, NY 11206	40.7079639	-73.9495479	0.26441668477	15	0.170467715173	8	0.275970729436	6	4	2	2640	50000	235	2500	1920	36	51	16	35	26	10	20	9	14	7	3	86
30574592_zpid	30574592_zpid	11232	188 33rd St, Brooklyn, NY 11232	40.655287	-74.001977	0.123723852602	4	0.573322354171	3	0.229514537535	2	6	2.5	1930	1000000	0	1903	1920	33	33	13	20	17	9	38	12	17	2	9	86
30717936_zpid	30717936_zpid	11230	314 Avenue M, Brooklyn, NY 11230	40.616439	-73.971758	0.0589396857333	7	0.0592675034502	2	0.251768573565	2	6	3	2640	1350000	0	2639	1930	41	8	14	23	19	44	39	24	21	5	5	63
30778830_zpid	30778830_zpid	11236	10522 Flatlands 8th St, Brooklyn, NY 11236	40.6401169	-73.885391	0.751267843383	0	0.669658064128	1	1.56917885855	0	5	3	2890	580000	6	4000	1960	68	4	48	44	16	16	44	8	44	12	8	132
65294375_zpid	65294375_zpid	10463	163A W 228th St, Bronx, NY 10463	40.877719	-73.90937	0.0706115766926	8	0.214991510318	5	0.353681974979	3	5	3	2886	525077	129	1620	2003	292	33	91	88	95	19	36	17	46	32	11	201
30734550_zpid	30734550_zpid	11223	1984 W 6th St, Brooklyn, NY 11223	40.599133	-73.978365	0.0265788669487	6	0.366244362218	4	0.195972833777	6	5	3	2400	740000	49	2400	1925	37	22	14	27	11	65	28	50	22	8	7	94
29847587_zpid	29847587_zpid	10465	2861 Barkley Ave, Bronx, NY 10465	40.83063	-73.827803	0.0832886355264	2	0.556265371969	1	1.63852746579	0	3	2	1902	375000	6	5000	1930	12	15	7	10	4	13	28	16	11	2	6	51
