29816608_zpid	29816608_zpid	10461	1958 Mulford Ave, Bronx, NY 10461	40.851405	-73.83443	0.37315392647	6	0.342701575758	1	0.534979222415	2	3	2	1836	459000	0	2304	1950	68	16	15	16	17	33	20	17	11	6	6	54
30599960_zpid	30599960_zpid	11233	456 Bainbridge St, Brooklyn, NY 11233	40.6822907	-73.918646	0.158888581077	7	0.506201323145	3	0.463654538425	3	7	3	2622	695000	10	1933	1899	224	50	153	170	134	26	40	14	61	97	24	275
30577303_zpid	30577303_zpid	11220	425 52nd St, Brooklyn, NY 11220	40.64508	-74.012832	0.0501112851891	9	0.208301343164	11	0.101533926765	3	6	3	2400	990000	2	1986	1899	528	220	232	440	212	152	276	144	160	100	36	1036
30612549_zpid	30612549_zpid	11205	331 Washington Ave, Brooklyn, NY 11205	40.688915	-73.965617	0.161947307084	12	0.217655669166	4	0.052847892781	3	6	3.75	3968	2550000	18	1944	1899	152	128	68	100	68	88	60	16	52	52	28	292
30764009_zpid	30764009_zpid	11234	1648 Hendrickson St, Brooklyn, NY 11234	40.618009	-73.933487	0.33536943823	10	0.475136310932	3	2.03827326958	0	3	2	3000	570000	35	4000	1920	32	180	24	48	32	172	128	108	68	40	4	528
30778439_zpid	30778439_zpid	11236	1322 E 99th St, Brooklyn, NY 11236	40.637606	-73.8915169	0.307433946148	7	0.0915274162039	4	1.33278099255	0	3	2	1760	475000	75	2000	1955	28	11	26	26	3	33	16	14	16	8	1	71
30700526_zpid	30700526_zpid	11209	571 90th St, Brooklyn, NY 11209	40.61809	-74.025725	0.205438307826	12	0.285752500778	6	0.512275429465	2	3	1.25	1595	529000	35	1000	1940	59	40	16	22	22	30	20	15	1	5	3	138
30712169_zpid	30712169_zpid	11214	86 Bay 19th St, Brooklyn, NY 11214	40.605241	-74.003779	0.318345575328	12	0.0641035550761	8	0.347881662779	2	2	2	1360	560000	46	1360	1935	61	25	29	38	14	56	41	45	23	11	6	127
30595365_zpid	30595365_zpid	11225	556 Empire Blvd, Brooklyn, NY 11225	40.663794	-73.943878	0.0604067451767	8	0.091779117939	7	0.600261605173	3	7	5	3280	735000	48	3061	1923	179	20	61	80	77	21	23	12	21	23	5	119
29835090_zpid	29835090_zpid	10466	3629 Provost Ave, Bronx, NY 10466	40.8870859	-73.828595	0.230358507912	2	0.294680516561	2	0.23188609142	1	3	2	1280	365000	0	3644	1925	15	7	8	12	0	13	18	12	10	2	1	45
30747550_zpid	30747550_zpid	11229	2350 Knapp St, Brooklyn, NY 11229	40.595467	-73.93352	0.233767338538	10	0.643273599401	3	1.82942648061	0	3	2	1176	490000	0	1800	1925	32	60	0	20	8	28	64	20	72	12	8	152
30727464_zpid	30727464_zpid	11229	1736 E 19th St, Brooklyn, NY 11229	40.607779	-73.954497	0.24791972656	4	0.248577350361	4	0.297624338674	1	6	4	2453	855000	16	4000	1920	648	148	204	200	248	304	240	168	88	76	12	764
30706875_zpid	30706875_zpid	11214	2031 77th St, Brooklyn, NY 11214	40.609361	-73.99198	0.106004546885	14	0.163103800616	6	0.748064640857	1	3	1.5	1280	795000	6	2083	1920	60	8	18	26	15	43	38	26	17	5	6	74
30783357_zpid	30783357_zpid	11234	2451 E 73RD St, Brooklyn, NY 11234	40.615376	-73.89966	0.948729144883	0	0.849703881751	0	3.48676322076	0	4	5	3645	1175000	3	4007	1980	8	40	4	20	0	12	56	24	32	4	8	128
30636605_zpid	30636605_zpid	11207	20 Bulwer Pl, Brooklyn, NY 11207	40.682652	-73.893365	0.353990195888	3	0.276109477874	3	0.562087504584	1	2	1	954	327000	58	2910	1910	63	24	41	35	28	48	30	34	26	15	6	87
30573253_zpid	30573253_zpid	11231	241 Van Brunt St, Brooklyn, NY 11231	40.6801571	-74.0092763	0.0914571775057	8	0.217055128358	4	1.18761244724	0	3	2	936	1085000	29	1125	1899	17	37	15	21	12	11	23	18	8	10	3	84
29793548_zpid	29793548_zpid	10473	2043 Lafayette Ave, Bronx, NY 10473	40.822895	-73.853679	0.525822611248	4	0.461535522316	3	1.27779120321	0	5	2	2658	450000	36	1742	1965	356	92	100	112	68	68	72	20	60	36	20	300
30725763_zpid	30725763_zpid	11230	1460 E 13th St, Brooklyn, NY 11230	40.613841	-73.961409	0.14494795852	10	0.143329649234	7	0.453464313523	2	4	2	2000	775000	107	2003	1910	76	16	29	49	31	94	29	32	30	9	2	138
30583740_zpid	30583740_zpid	11215	489 3rd St, Brooklyn, NY 11215	40.670944	-73.978903	0.122483520141	15	0.560860874674	3	0.533495211959	1	6	4	3960	2200000	47	1980	1899	212	264	80	184	104	72	276	196	124	48	64	828
30649582_zpid	30649582_zpid	11208	1007 Hegeman Ave, Brooklyn, NY 11208	40.666974	-73.875829	0.335949001884	8	0.485948952962	5	0.670135398403	1	6	3	2480	386000	22	3850	1920	83	14	67	72	56	30	37	8	20	34	17	134
30714794_zpid	30714794_zpid	11214	308 Bay 14th St, Brooklyn, NY 11214	40.603024	-74.012291	0.408564348123	3	0.486219805272	1	1.04735189872	0	2	2.5	992	650000	11	1511	1950	11	5	6	14	6	16	12	24	11	1	1	43
30628197_zpid	30628197_zpid	11221	1239 Putnam Ave, Brooklyn, NY 11221	40.691782	-73.915457	0.224835132001	7	0.38468035409	4	0.61597425201	2	5	3.5	2400	1100000	4	1700	1910	182	47	125	168	115	48	43	9	77	63	53	217
30765067_zpid	30765067_zpid	11234	1770 Kimball St, Brooklyn, NY 11234	40.615063	-73.932684	0.244593854865	6	0.469852410732	2	2.23965539148	0	3	2	1104	565000	24	4000	1920	6	43	1	10	2	24	28	16	23	3	2	87
30645554_zpid	30645554_zpid	11208	282 Forbell St, Brooklyn, NY 11208	40.675973	-73.863742	0.375281840231	4	0.344272962796	9	0.162506778079	3	3	2.5	1800	368000	23	2010	1960	50	14	26	25	17	31	21	6	43	11	7	119
29796951_zpid	29796951_zpid	10472	1148 Olmstead Ave, Bronx, NY 10472	40.830698	-73.853601	0.0400397380783	12	0.499229992233	6	0.429269975996	2	12	5	3564	550000	2	2557	1925	80	16	54	57	39	38	27	7	39	20	9	97
30592066_zpid	30592066_zpid	11213	1123 Park Pl, Brooklyn, NY 11213	40.673147	-73.940344	0.267310169217	10	0.297508846091	5	0.463348343889	1	5	4	3144	999500	23	2555	1901	314	73	148	154	134	38	37	12	37	67	23	305
30607111_zpid	30607111_zpid	11206	485 Willoughby Ave, Brooklyn, NY 11206	40.69397	-73.950279	0.141967552743	7	0.433672739368	5	0.200301600324	3	2	1	3476	815000	87	18	1901	52	21	49	77	38	27	14	15	26	19	19	118
29839761_zpid	29839761_zpid	10466	4418 Murdock Ave, Bronx, NY 10466	40.900529	-73.843487	0.268458240534	2	0.504265897061	2	0.666114034962	1	4	2.5	2000	406300	10	3933	1952	50	7	27	27	13	18	38	12	19	9	2	64
30742017_zpid	30742017_zpid	11229	1943 E 19th St, Brooklyn, NY 11229	40.602866	-73.952935	0.499534670075	4	0.41626026483	3	0.470762898544	1	4	3	1800	999999	2	3149	1920	488	160	152	144	212	332	244	76	72	40	16	644
30625148_zpid	30625148_zpid	11221	1003 Willoughby Ave, Brooklyn, NY 11221	40.699035	-73.929097	0.247449419046	14	0.117649369816	5	0.194374161596	3	4	2	1810	950000	14	2198	1910	260	184	148	240	152	148	92	56	112	112	76	564
30674517_zpid	30674517_zpid	11218	555 E 4th St, Brooklyn, NY 11218	40.638718	-73.975285	0.29095311883	8	0.0867516980668	10	0.382781640424	2	6	5	2096	410000	171	2000	1925	936	244	344	368	228	364	184	428	148	76	24	956
30638000_zpid	30638000_zpid	11207	113 Van Siclen Ave, Brooklyn, NY 11207	40.677658	-73.891296	0.23533893621	6	0.238657738178	6	0.0302697700964	5	5	2	3968	224000	273	2900	1933	460	172	332	388	220	404	172	144	208	164	52	872
30571693_zpid	30571693_zpid	11231	16 Butler St, Brooklyn, NY 11231	40.684664	-73.994101	0.0880286438187	20	0.4504720384	4	0.319274712183	2	5	4	4083	3500000	0	2500	1901	12	30	12	37	13	13	25	15	21	3	6	102
30779756_zpid	30779756_zpid	11236	1812 E 92nd St, Brooklyn, NY 11236	40.629457	-73.890236	0.381887340721	3	0.34358036624	2	2.15111344845	0	8	3	4667	549000	20	2500	1965	20	5	5	3	2	11	6	12	4	3	1	19
30671641_zpid	30671641_zpid	11219	1018 38th St, Brooklyn, NY 11219	40.6447467	-73.9918126	0.203052327226	5	0.336537981025	5	0.273107696928	2	6	3	2736	950000	117	1742	1899	160	20	104	152	68	100	96	160	56	40	12	300
29847615_zpid	29847615_zpid	10465	931 Revere Ave, Bronx, NY 10465	40.829883	-73.827129	0.143847298524	2	0.457758882098	1	1.73820686427	0	3	1.5	1434	449000	0	2500	1930	11	16	5	11	4	14	27	18	10	2	6	55
30737611_zpid	30737611_zpid	11223	2237 W 5th St, Brooklyn, NY 11223	40.5935103	-73.9757122	0.248533384211	9	0.250299665806	3	0.230254308748	4	3	2	1080	661800	1	1280	1925	36	15	10	24	10	49	25	35	24	5	8	108
29844499_zpid	29844499_zpid	10465	2923 Barkley Ave, Bronx, NY 10465	40.831659	-73.825742	0.128396414717	4	0.552883668376	2	1.62468816202	0	3	3	985	324450	51	3049	1950	7	14	4	14	3	15	25	24	12	2	5	46
29793525_zpid	29793525_zpid	10473	2032 Turnbull Ave, Bronx, NY 10473	40.823188	-73.85351	0.506510727061	4	0.455395292813	3	1.24363395321	0	1	1	1782	430000	119	3058	1950	89	23	25	27	13	19	18	5	15	10	5	68
79521407_zpid	79521407_zpid	11234	31 Bell Point Dr, Brooklyn, NY 11234	40.6102984	-73.914214	0.675113484585	2	0.872737912301	0	3.68915482568	0	4	5	4031	940000	65	5060	2005	8	24	8	20	16	72	12	92	76	8	0	104
30661334_zpid	30661334_zpid	11226	333 E 32nd St, Brooklyn, NY 11226	40.642493	-73.946457	0.338117079571	4	0.168215808746	5	0.326055479502	2	3	2.5	1492	435000	15	2563	1910	153	32	62	79	62	41	31	7	16	34	14	138
68311920_zpid	68311920_zpid	10465	600 Clarence Ave, Bronx, NY 10465	40.828035	-73.812847	0.760155222402	0	0.871655831045	0	2.64831081452	0	3	2	865	599999	0	317116.8	2004	4	2	3	4	0	1	4	10	6	0	2	21
30603222_zpid	30603222_zpid	11221	111 Malcolm X Blvd, Brooklyn, NY 11221	40.6897639	-73.93014	0.302661142074	9	0.355796185561	3	0.413738114701	2	5	2.5	2900	1595000	2	1700	1910	800	272	440	620	484	240	148	68	156	272	164	1136
30732364_zpid	30732364_zpid	11224	3819 Cypress Ave, Brooklyn, NY 11224	40.578792	-74.006765	0.336732804802	2	0.438578829883	1	2.16409495043	0	5	4	2293	635520	2	3005	1930	30	9	7	23	7	2	16	2	14	3	2	37
29813548_zpid	29813548_zpid	10462	1848 Muliner Ave, Bronx, NY 10462	40.847779	-73.861032	0.198427665489	7	0.266866653993	2	0.636047975406	2	3	2	1000	370000	23	2719	1901	77	29	43	57	32	80	38	29	28	24	14	116
30581420_zpid	30581420_zpid	11217	598 Pacific St, Brooklyn, NY 11217	40.6830181	-73.9772982	0.180956304948	11	0.421023233596	2	0.14659071402	8	2	2.5	1280	3000000	0	733	1899	78	136	41	46	31	46	46	76	41	19	34	231
30712230_zpid	30712230_zpid	11214	47 Bay 20th St, Brooklyn, NY 11214	40.6052899	-74.001944	0.333436145122	12	0.122967341427	8	0.297086783692	2	2	2.5	2800	635000	54	2175	2004	102	24	36	49	22	63	46	44	26	13	5	157
30594734_zpid	30594734_zpid	11225	281 Empire Blvd, Brooklyn, NY 11225	40.664057	-73.952853	0.310057665609	8	0.200902059779	5	0.223686590238	3	3	3	2240	1260000	8	1650	1915	512	99	199	192	199	25	35	16	45	84	20	304
30787796_zpid	30787796_zpid	11234	466 Mayfair Dr S, Brooklyn, NY 11234	40.6079719	-73.908077	0.960257338357	0	1.03776472352	0	4.15792783953	0	4	3	2240	530000	16	6490	1960	2	4	2	7	2	12	7	17	18	4	1	28
30721332_zpid	30721332_zpid	11223	1772 W 12th St, Brooklyn, NY 11223	40.6035929	-73.984891	0.192644800464	8	0.576192172779	6	0.385294203371	2	7	5	3116	1150000	18	2750	1933	52	23	23	16	17	49	22	38	12	8	5	71
29791739_zpid	29791739_zpid	10473	2270 Lacombe Ave, Bronx, NY 10473	40.8170069	-73.844875	0.347659982441	3	0.227705511232	2	2.00638989327	0	3	2	1538	379000	0	2757	1960	52	12	48	8	8	40	20	12	28	12	12	160
30595776_zpid	30595776_zpid	11233	1794 Pacific St, Brooklyn, NY 11233	40.676236	-73.928427	0.295878217521	7	0.474100265467	4	0.398769741828	2	4	4	2000	599000	0	1829	1920	60	23	48	56	40	12	14	1	21	24	11	99
30762963_zpid	30762963_zpid	11234	1574 E 48th St, Brooklyn, NY 11234	40.62212	-73.929439	0.219013246482	8	0.277343892906	2	1.9463285046	0	3	2	1184	430000	131	2000	1920	17	36	9	21	15	39	38	17	19	7	3	145
30727441_zpid	30727441_zpid	11229	1755 E 17th St, Brooklyn, NY 11229	40.6071219	-73.955725	0.18121689757	4	0.324637991607	4	0.247150663527	1	3	1.5	1440	710000	30	2657	1930	708	160	244	240	264	300	240	172	96	84	28	844
30613911_zpid	30613911_zpid	11238	52 Downing St, Brooklyn, NY 11238	40.6841549	-73.9612269	0.183269107986	13	0.160292247193	6	0.474649960692	5	2	1	3600	33500	255	2030	1931	142	180	77	126	76	46	58	21	51	19	41	212
116166681_zpid	116166681_zpid	11208	176 Atkins Ave, Brooklyn, NY 11208	40.6747439	-73.879322	0.275886565575	8	0.208133132325	4	0.138584037271	4	6	3	3960	550000	29	2000	2012	168	26	98	111	83	51	44	14	42	61	21	205
2099774633_zpid	2099774633_zpid	11228	292 Bay 10 St, Brooklyn, NY 11228	40.605281	-74.015058	0.353263199967	3	0.728736806248	1	1.16454312545	0	3	2	1472	985000	0	1938	1920	28	8	8	24	4	36	64	84	40	4	8	124
29840786_zpid	29840786_zpid	10465	2749 Gifford Ave, Bronx, NY 10465	40.831549	-73.832362	0.387703507682	2	0.922207173099	0	1.29180019113	0	4	3	2700	205000	195	2500	2006	7	8	4	4	3	7	8	10	4	1	3	20
29841084_zpid	29841084_zpid	10465	1166 Throggmorton Ave, Bronx, NY 10465	40.836683	-73.821918	0.242617747495	3	0.206316899006	1	1.4406409099	0	6	3	3000	695000	20	3800	1965	6	7	7	7	7	8	29	11	11	4	4	39
30739861_zpid	30739861_zpid	11223	2525 W 3rd St, Brooklyn, NY 11223	40.5874925	-73.9722737	0.123442038495	4	0.133327504144	1	0.289830103752	2	3	2	1100	910000	17	2178	1965	332	48	48	72	28	96	160	108	60	16	20	364
30775015_zpid	30775015_zpid	11236	954 E 108th St, Brooklyn, NY 11236	40.647702	-73.891597	0.0649318784628	5	0.0364148014429	4	0.738909935437	1	5	3.5	1	442030	2	2000	1960	120	24	56	56	32	56	32	4	36	12	28	212
30740365_zpid	30740365_zpid	11235	2609 Hubbard St, Brooklyn, NY 11235	40.5867195	-73.9627135	0.218804686967	9	0.619749562708	1	0.723788395186	1	2	2	1632	605000	17	1600	1930	120	52	56	76	40	156	176	104	72	28	24	312
30725764_zpid	30725764_zpid	11230	1466 E 13th St, Brooklyn, NY 11230	40.613759	-73.961393	0.151437552517	10	0.138970391057	6	0.461445294416	2	9	4.5	7680	1650000	24	2000	1899	76	16	29	49	31	93	29	31	30	9	2	138
30735191_zpid	30735191_zpid	11223	2072 W 11th St, Brooklyn, NY 11223	40.596379	-73.982572	0.350051949008	8	0.230471564712	5	0.314851810446	3	7	4	2970	225000	235	4000	1925	23	22	8	18	7	32	27	39	13	5	5	54
30633900_zpid	30633900_zpid	11207	88 Miller Ave, Brooklyn, NY 11207	40.679175	-73.893178	0.0334223975989	4	0.0427035852311	3	0.203707228061	5	5	3	2500	410000	10	2500	1900	103	39	69	83	58	75	49	42	40	33	11	163
29788216_zpid	29788216_zpid	10458	190 E Mosholu Pkwy S, Bronx, NY 10458	40.8742949	-73.883753	0.0593700817789	12	0.0437431611123	5	0.393186385357	4	3	2	63763	165000	92	15681.599999999999	1949	500	25	49	69	42	23	13	11	9	24	9	116
29778798_zpid	29778798_zpid	10456	578 E 166th St, Bronx, NY 10456	40.8274358	-73.9056808	0.25273698088	6	0.247614015214	9	0.82577810762	0	11	5	3348	630000	92	5460	2008	286	21	110	118	90	43	20	11	26	48	26	208
30639152_zpid	30639152_zpid	11207	317 Van Siclen Ave, Brooklyn, NY 11207	40.672121	-73.889876	0.0487953328913	7	0.0642926714407	5	0.0937020596315	4	5	2	2448	530000	24	1875	1901	432	116	296	328	312	260	156	88	196	160	72	912
29793524_zpid	29793524_zpid	10473	2030 Turnbull Ave, Bronx, NY 10473	40.823174	-73.853617	0.502651975224	4	0.449842031345	3	1.24631750537	0	3	2	1782	370000	7	4	1950	89	23	25	27	13	19	18	5	15	9	5	68
30615892_zpid	30615892_zpid	11217	118 S Elliott Pl, Brooklyn, NY 11217	40.685884	-73.975648	0.0749625920552	8	0.16697291251	1	0.145914767462	9	2	1	2793	1650000	117	2100	1900	63	83	27	42	15	18	31	40	30	18	19	175
29831659_zpid	29831659_zpid	10466	643 E 223rd St, Bronx, NY 10466	40.88722	-73.863131	0.258915411355	4	0.216995476241	1	0.25119847992	2	6	3	1612	525000	12	2971	1920	248	12	79	104	99	54	16	5	28	55	10	157
30701344_zpid	30701344_zpid	11209	53 Marine Ave, Brooklyn, NY 11209	40.61914	-74.036828	0.332277479908	9	0.375591902303	3	0.576199249005	1	8	3	2160	1450000	0	2725	1925	676	116	88	140	112	164	124	112	48	24	20	492
30615470_zpid	30615470_zpid	11217	123 Dekalb Ave, Brooklyn, NY 11217	40.6895623	-73.9774157	0.314987018535	9	0.26925081106	3	0.298158435661	10	1	1	7800	600000	247	2664	1930	144	232	80	104	40	20	92	92	76	48	36	416
29776980_zpid	29776980_zpid	10454	430 E 145th St, Bronx, NY 10454	40.812882	-73.918734	0.580716820634	2	0.21729460216	8	0.368537710325	3	5	2.5	2280	500000	112	1999	1990	98	17	28	48	33	7	7	7	20	15	5	86
30599893_zpid	30599893_zpid	11233	362 Bainbridge St, Brooklyn, NY 11233	40.681733	-73.922162	0.456319891743	8	0.359731887051	2	0.337794071043	2	1	1	750	680000	118	1800	1901	201	57	128	157	121	28	27	14	57	88	26	257
30575183_zpid	30575183_zpid	11220	239 45th St, Brooklyn, NY 11220	40.651464	-74.01287	0.146871859374	8	0.257801620677	8	0.370832653643	2	4	2	1952	760000	16	2003	1920	28	14	23	33	11	9	23	7	13	8	3	62
29792969_zpid	29792969_zpid	10473	2156 Virgil Pl, Bronx, NY 10473	40.822206	-73.84917	0.34348135927	3	0.253906461724	2	1.36031812225	0	3	3	1944	380000	1	2038	1960	47	19	20	15	11	26	11	5	15	7	8	59
30793706_zpid	30793706_zpid	11229	4 Florence Ave, Brooklyn, NY 11229	40.589276	-73.928579	0.496954676952	2	0.962833376073	0	2.17828421763	0	4	2.5	2145	610000	116	1785	1935	4	12	4	52	4	4	84	32	68	4	12	116
30627139_zpid	30627139_zpid	11237	274 Bleecker St, Brooklyn, NY 11237	40.699311	-73.916757	0.0982631936388	9	0.266953817347	6	0.259502204669	4	7	3	2798	860000	24	1488	1920	201	90	159	203	141	39	33	25	86	76	31	325
30791599_zpid	30791599_zpid	11235	2771 E 15th St, Brooklyn, NY 11235	40.584012	-73.953338	0.242190954032	12	0.344502209238	6	0.328391104247	1	7	4	3003	830000	57	2350	1932	134	18	40	58	33	50	37	32	38	21	13	156
30784265_zpid	30784265_zpid	11234	1826 Kimball St, Brooklyn, NY 11234	40.6142139	-73.931712	0.258804393231	5	0.528471091291	1	2.29047061865	0	4	4	1224	580000	39	3000	1930	6	40	3	9	2	22	28	18	24	2	2	68
30667513_zpid	30667513_zpid	11226	330 E 18th St, Brooklyn, NY 11226	40.6430689	-73.962143	0.173713595019	9	0.197222946572	4	0.237168842632	2	1	1	3207	1525000	18	5000	1899	472	87	258	257	270	42	28	22	69	72	10	381
29797231_zpid	29797231_zpid	10462	2218 Gleason Ave, Bronx, NY 10462	40.83179	-73.850209	0.0430571214113	11	0.420526768233	4	0.303760557178	2	5	2	1708	320000	57	2575	1905	178	19	41	35	31	48	26	13	16	18	9	123
30590049_zpid	30590049_zpid	11238	667 Washington Ave, Brooklyn, NY 11238	40.6772015	-73.9635076	0.0549314409785	13	0.110809482129	6	0.565579733391	4	5	6	2904	1400000	11	1380	1930	184	189	79	97	91	42	45	44	47	41	16	229
30760938_zpid	30760938_zpid	11234	1428 E 49th St, Brooklyn, NY 11234	40.626327	-73.928968	0.225946996402	9	0.328477858811	1	1.73609432403	0	3	4	1872	540000	35	2200	1950	96	60	40	68	28	188	112	72	96	8	12	328
29826516_zpid	29826516_zpid	10467	651 E 221st St, Bronx, NY 10467	40.885718	-73.863598	0.180673730274	4	0.277925254121	1	0.221943516361	2	10	2	2900	187000	27	5715	1901	96	8	40	56	63	42	13	4	23	20	5	104
30707496_zpid	30707496_zpid	11214	2114 77th St, Brooklyn, NY 11214	40.607842	-73.990367	0.184095291693	12	0.323204556608	5	0.72087578005	1	7	5	2932	730000	51	4000	1925	81	10	27	38	22	58	38	27	14	8	9	90
29847282_zpid	29847282_zpid	10465	3229 Glennon Pl, Bronx, NY 10465	40.815831	-73.8021569	0.836080455958	0	1.38322487776	0	4.24487423698	0	2	1	964	290000	71	2060	1940	2	1	2	0	0	2	9	6	4	0	0	16
30633869_zpid	30633869_zpid	11207	58 Bradford St, Brooklyn, NY 11207	40.678208	-73.8939089	0.152774369369	5	0.165970538606	4	0.199312425876	4	2	1	1456	325000	36	2500	1901	111	38	75	87	63	74	48	39	43	33	13	174
30688058_zpid	30688058_zpid	11220	877 59th St, Brooklyn, NY 11220	40.635075	-74.0068469	0.0856868863071	9	0.242005304539	9	0.338956873792	2	11	4	3280	2580000	0	2548	2007	65	17	26	30	10	48	35	23	10	12	4	151
30652095_zpid	30652095_zpid	11212	283 E 95th St, Brooklyn, NY 11212	40.659703	-73.920991	0.0926383813485	13	0.157132850732	6	0.439397060065	2	7	4	3567	40000	10	3250	1931	594	22	235	231	189	70	27	9	42	84	36	305
30783939_zpid	30783939_zpid	11234	1873 E 35th St, Brooklyn, NY 11234	40.611319	-73.933982	0.326732328443	3	0.421636470883	1	2.03551792011	0	3	2	1036	440000	134	2200	1925	4	68	16	24	8	56	108	104	124	4	12	188
30740277_zpid	30740277_zpid	11235	2615 E 6th St, Brooklyn, NY 11235	40.5865173	-73.9635887	0.293172911697	8	0.634030396771	3	0.798624286979	0	4	2	2000	835000	0	2787	1950	68	56	48	68	32	144	176	100	68	28	20	276
30774322_zpid	30774322_zpid	11236	1234 E 94th St, Brooklyn, NY 11236	40.640536	-73.901657	0.269349106013	8	0.524898594528	1	0.681247724004	1	6	4	2640	485000	29	3730	1925	51	14	21	19	19	49	28	10	18	18	9	91
30697746_zpid	30697746_zpid	11209	179 81st St, Brooklyn, NY 11209	40.628138	-74.032968	0.287589507686	9	0.300418966549	2	0.654901212762	2	6	3	2082	1895000	0	4373	1920	29	37	13	15	10	35	44	45	11	5	3	83
30771641_zpid	30771641_zpid	11236	45 Paerdegat 14th St, Brooklyn, NY 11236	40.62818	-73.901932	0.961721465445	0	0.710875045103	1	2.05652793871	0	8	6	3500	425000	22	3150	1965	160	20	52	56	24	164	72	28	88	16	32	196
30623499_zpid	30623499_zpid	11211	631 Grand St, Brooklyn, NY 11211	40.7115545	-73.9469097	0.0938999095663	14	0.0314127099389	5	0.336805393575	6	2	1	4510	1200000	107	2050	1920	42	111	27	45	26	30	45	9	18	11	9	189
29832602_zpid	29832602_zpid	10466	831 E 229th St, Bronx, NY 10466	40.8895399	-73.854752	0.267627936221	7	0.473083598531	3	0.466695136565	2	5	3	2122	565000	128	2613	1925	150	16	83	69	57	91	28	5	30	31	14	146
30623411_zpid	30623411_zpid	11211	215 Powers St, Brooklyn, NY 11211	40.71278	-73.941602	0.0594171031114	12	0.0776629531477	4	0.135777306633	4	4	2	1340	1850000	6	2100	1901	35	81	17	49	27	30	43	10	23	14	18	181
89071898_zpid	89071898_zpid	11215	248 9th St, Brooklyn, NY 11215	40.6703166	-73.989188	0.0935188989593	12	0.357861673944	3	0.0534844179529	3	6	3	3465	944600	134	1575	1899	66	83	29	56	25	37	58	36	31	20	19	229
30649886_zpid	30649886_zpid	11208	516 Fountain Ave, Brooklyn, NY 11208	40.66713	-73.872536	0.206817724728	4	0.20799066631	4	0.918769435582	0	3	3	1360	350000	118	4000	1901	228	32	228	232	172	100	128	32	56	84	20	468
30681571_zpid	30681571_zpid	11204	1720 64th St, Brooklyn, NY 11204	40.620584	-73.991457	0.373110082917	4	0.253511283935	5	0.0886594709862	4	4	2	1296	965000	16	1799	1945	53	19	27	48	14	46	47	100	20	10	8	131
83049207_zpid	83049207_zpid	11221	122 Stockholm St, Brooklyn, NY 11221	40.6980326	-73.9240142	0.208389855141	15	0.170970303662	7	0.286169063087	3	3	1	4375	40000	49	1900	2007	121	53	60	80	55	49	16	19	42	32	22	162
30794621_zpid	30794621_zpid	11229	2576 Gerritsen Ave, Brooklyn, NY 11229	40.595214	-73.928128	0.280748724616	2	0.835525629963	0	2.28504078798	0	3	1.5	1360	405000	15	1485	1965	8	60	4	28	4	24	44	20	52	12	8	96
30701392_zpid	30701392_zpid	11209	271 94th St, Brooklyn, NY 11209	40.6182779	-74.033737	0.155354100104	10	0.203542435944	4	0.315204987186	2	5	3	3200	1130000	14	2000	1910	217	42	29	40	35	76	42	34	9	10	8	173
30571801_zpid	30571801_zpid	11231	289 Court St, Brooklyn, NY 11231	40.6841395	-73.9948055	0.0459811601595	17	0.394412205568	5	0.380975623983	2	1	1	2100	3650000	4	1551	1931	16	35	15	40	13	16	34	18	22	3	6	124
30601547_zpid	30601547_zpid	11233	1218 Herkimer St, Brooklyn, NY 11233	40.67741	-73.913048	0.493085585945	4	0.176796614786	3	0.226785969602	3	4	2	1610	437000	122	1520	1899	265	28	175	183	130	57	39	23	65	77	38	224
29839435_zpid	29839435_zpid	10470	4620 Richardson Ave, Bronx, NY 10470	40.902925	-73.85176	0.448553716353	5	0.179720911015	1	0.0984666277464	3	3	2	1394	172500	195	3049	1915	141	12	77	67	68	28	22	5	26	31	4	139
30605727_zpid	30605727_zpid	11233	306 Malcolm X Blvd, Brooklyn, NY 11233	40.682334	-73.929233	0.216626590068	8	0.212289061065	4	0.353918588567	1	3	1	800	920000	40	1376	1927	136	69	99	124	72	16	20	11	41	38	24	190
30602334_zpid	30602334_zpid	11221	442 Kosciuszko St, Brooklyn, NY 11221	40.692117	-73.936406	0.312899487564	11	0.470630225176	6	0.570131843053	2	4	4	2520	65000	28	1600	1899	157	50	81	121	94	37	31	14	30	49	40	211
30792651_zpid	30792651_zpid	11235	119 Neptune Ave, Brooklyn, NY 11235	40.582527	-73.958218	0.201361733945	13	0.161403968254	8	0.595421317963	2	9	4.5	2754	698000	0	1785	1915	904	184	260	336	192	276	188	120	172	108	104	816
30723681_zpid	30723681_zpid	11230	1119 Coney Island Ave, Brooklyn, NY 11230	40.63033	-73.9658649	0.32689894879	9	0.37831117013	7	0.376015489108	3	8	4	3640	700000	26	22	1930	83	44	58	53	55	58	48	56	29	16	11	152
29844795_zpid	29844795_zpid	10465	3571 E Tremont Ave, Bronx, NY 10465	40.829725	-73.824938	0.244989104103	4	0.329320427023	2	1.8428815819	0	6	3	2850	5000	257	1830	1925	10	14	6	18	4	19	31	28	13	3	5	64
30720706_zpid	30720706_zpid	11223	1650 W 2nd St, Brooklyn, NY 11223	40.607194	-73.975949	0.315023517525	8	0.304607296879	6	0.311216884663	4	8	3	2197	290000	201	3005	1920	356	72	168	100	120	260	100	144	96	48	8	444
29824493_zpid	29824493_zpid	10469	2891 Dewitt Pl, Bronx, NY 10469	40.86784	-73.847256	0.348625096931	2	0.983611492159	0	0.201529041505	1	3	1	1520	392200	125	1524	1950	36	15	18	22	15	39	25	12	24	16	5	75
79722985_zpid	79722985_zpid	11234	76 Bell Point Dr, Brooklyn, NY 11234	40.6104813	-73.9150827	0.621056904908	2	0.891962202557	0	3.61690121701	0	4	5	4031	1435000	0	5060	2005	4	7	4	6	6	24	5	23	20	4	1	30
30607913_zpid	30607913_zpid	11205	525 Lafayette Ave, Brooklyn, NY 11205	40.689833	-73.953719	0.231691460385	11	0.21719884858	6	0.17942902478	3	5	4	2376	1110000	8	2283	1899	109	46	21	41	20	24	23	23	14	10	14	106
29845691_zpid	29845691_zpid	10465	1051 Vincent Ave, Bronx, NY 10465	40.8345775	-73.8206811	0.0340322934382	4	0.0684724487017	1	1.6743961892	0	2	2	1139	220000	13	1140	1925	24	20	28	40	28	52	112	100	56	20	16	172
29846913_zpid	29846913_zpid	10465	273 Reynolds Ave, Bronx, NY 10465	40.8210279	-73.8094347	0.0752100270353	4	0.731375703418	1	3.40445484411	0	3	2	1246	479000	0	2029	1960	18	12	3	6	2	9	12	11	12	3	3	41
30607054_zpid	30607054_zpid	11206	255 Vernon Ave # A, Brooklyn, NY 11206	40.695744	-73.941433	0.102461865211	10	0.0414469770847	4	0.503386079197	3	7	4	3360	1301000	8	2000	1901	127	53	66	92	53	50	23	34	23	38	24	191
30639509_zpid	30639509_zpid	11207	421 Miller Ave, Brooklyn, NY 11207	40.6705602	-73.890529	0.229417755225	6	0.377121679132	3	0.247105352503	4	4	1.5	1560	400000	10	1900	1930	123	20	100	105	103	49	38	19	49	49	24	247
29853815_zpid	29853815_zpid	10471	261 W 261st St, Bronx, NY 10471	40.9097859	-73.898162	0.533172003715	6	0.475547325907	5	1.49045802189	0	4	3.5	2974	340000	193	3338	1915	12	8	6	9	4	17	20	9	11	2	4	40
30633852_zpid	30633852_zpid	11207	47 Wyona St, Brooklyn, NY 11207	40.678225	-73.89428	0.165782447127	5	0.183544251183	5	0.230254949109	4	6	2.5	1871	550000	14	2500	1910	105	34	72	90	65	72	49	39	40	31	14	166
30730368_zpid	30730368_zpid	11214	163 Bay 38th St, Brooklyn, NY 11214	40.594996	-73.991057	0.400379865228	6	0.434981950527	5	0.467538780651	1	4	3	2262	998000	6	2900	1930	124	28	64	88	40	176	152	92	92	40	12	324
30696676_zpid	30696676_zpid	11228	7716 11th Ave, Brooklyn, NY 11228	40.621568	-74.013642	0.515753624697	4	0.613599093619	2	1.25299646154	0	3	2.25	2064	710000	7	2000	1930	5	11	3	19	4	37	49	21	18	2	5	46
