30755227_zpid	30755227_zpid	11234	1411 E 35th St, Brooklyn, NY 11234	40.619495	-73.940356	0.482194911905	2	0.202135778891	3	1.60763963726	0	6	2	3360	760000	25	2500	1925	92	36	68	64	36	116	76	68	76	20	12	328
29828559_zpid	29828559_zpid	10469	1106 E 213th St, Bronx, NY 10469	40.875894	-73.854203	0.257503197322	8	0.555830230615	1	0.967318077548	0	3	3	1512	399000	0	1313	1950	68	7	37	68	50	48	15	13	28	23	16	122
83049847_zpid	83049847_zpid	11208	84 Mckinley Ave, Brooklyn, NY 11208	40.679116	-73.872366	0.112315602456	9	0.141347893664	7	0.416801964653	4	9	6	4640	739000	115	2925	2005	147	21	81	96	58	46	42	12	89	35	12	227
30673779_zpid	30673779_zpid	11218	395 E 2nd St, Brooklyn, NY 11218	40.6417209	-73.977749	0.216146133132	11	0.177669407395	11	0.305374044492	2	7	3	4018	1355000	1	3433	1930	652	176	252	348	236	260	224	260	116	100	68	808
30789948_zpid	30789948_zpid	11235	30 Brighton 10th Path, Brooklyn, NY 11235	40.5811216	-73.9582006	0.238939572282	11	0.140972043491	6	0.46446435759	2	6	3	2400	575000	13	1306	1920	1000	220	280	372	248	308	216	112	192	128	104	992
30736810_zpid	30736810_zpid	11223	2145 W 7th St, Brooklyn, NY 11223	40.5952836	-73.9781019	0.186748504277	6	0.172849565865	2	0.258951538593	4	3	2	1533	520000	32	1550	1925	136	56	28	108	40	180	96	136	100	16	32	324
30647869_zpid	30647869_zpid	11208	988 Cleveland St, Brooklyn, NY 11208	40.660634	-73.87849	0.324153507899	4	0.357284872719	3	0.769910041894	0	3	1.5	1224	130000	247	1800	1960	18	2	18	6	12	6	15	1	5	4	5	30
30760454_zpid	30760454_zpid	11210	1170 E 40th St, Brooklyn, NY 11210	40.626652	-73.937684	0.353955816657	1	0.804225470789	0	1.0870451412	0	9	2.25	1536	450000	69	2500	1910	316	40	148	160	116	176	164	72	80	60	44	360
30713023_zpid	30713023_zpid	11214	129 Bay 13th St, Brooklyn, NY 11214	40.606863	-74.0088959	0.110407789112	9	0.385308532855	6	0.617167546306	1	6	2	1920	920000	5	2708	1945	15	20	12	23	4	32	19	36	19	1	2	70
29836517_zpid	29836517_zpid	10466	4259 Carpenter Ave, Bronx, NY 10466	40.896123	-73.8595519	0.530285948909	3	0.351217376032	3	0.295513700877	3	3	2	1372	389000	9	2528	1910	162	13	79	62	107	52	12	2	31	35	10	164
30602604_zpid	30602604_zpid	11221	475 Van Buren St, Brooklyn, NY 11221	40.691868	-73.929559	0.115194426231	9	0.205976208104	4	0.175721166192	3	4	2	2400	759000	6	2000	1899	181	78	98	131	128	47	41	15	40	57	37	299
30790944_zpid	30790944_zpid	11235	271 Exeter St, Brooklyn, NY 11235	40.575619	-73.947639	0.466419042769	5	0.974878933586	0	1.17537504406	0	4	3.5	4000	1625000	25	4160	2003	1	7	2	5	2	6	24	15	16	1	1	26
30794281_zpid	30794281_zpid	11229	71 Bartlett Pl, Brooklyn, NY 11229	40.5901263	-73.9251843	0.245554388402	2	1.22933783674	0	2.47533222048	0	2	1	685	250000	19	1750	1920	2	6	1	16	1	1	29	11	21	1	4	36
30689397_zpid	30689397_zpid	11219	1310 64th St, Brooklyn, NY 11219	40.626207	-74.000787	0.260639117525	6	0.484589088926	3	0.330149362409	4	9	4.5	2700	940000	16	2500	2000	51	12	22	22	13	57	65	51	12	8	18	126
83179225_zpid	83179225_zpid	10452	161 W 161st St, Bronx, NY 10452	40.830923	-73.931337	0.149782813199	1	0.388356039122	4	0.457647619976	3	7	4	3930	695000	108	1631	2003	264	30	100	111	101	21	8	0	43	52	14	171
30761477_zpid	30761477_zpid	11234	1007 E 59th St, Brooklyn, NY 11234	40.628427	-73.918916	0.407321608647	4	0.160567595023	2	2.47599040821	0	7	5	3181	649000	0	2108	1975	80	36	72	48	40	152	56	84	52	60	12	284
32767183_zpid	32767183_zpid	11224	2894 W 8th St APT 8C, Brooklyn, NY 11224	40.5779147	-73.9767981	0.381294929002	3	0.180245527479	3	0.211847923041	4	2	1	896	17000	45	5950	1939	19	1	11	11	9	1	11	6	8	4	1	57
30603875_zpid	30603875_zpid	11221	629 Putnam Ave, Brooklyn, NY 11221	40.6858239	-73.936335	0.0988140335211	11	0.231786529881	5	0.759983642905	0	7	1	2565	1690000	0	1900	1899	143	36	79	112	56	28	32	12	31	44	20	169
30789214_zpid	30789214_zpid	11235	407 Ocean View Ave, Brooklyn, NY 11235	40.5794105	-73.963771	0.275571995007	6	0.220676631269	7	0.286760938487	2	2	1.5	934	400000	20	1980	1940	556	276	312	408	260	292	212	108	200	124	120	1144
30749756_zpid	30749756_zpid	11235	2635 E 19th St, Brooklyn, NY 11235	40.587521	-73.950083	0.217311508409	11	0.281377422749	3	0.351198760813	1	10	6	3536	824000	127	3700	1920	268	72	52	168	32	196	128	112	128	52	16	636
30768207_zpid	30768207_zpid	11236	653 Varkens Hook Rd, Brooklyn, NY 11236	40.640523	-73.910541	0.326152722807	6	0.467828190466	3	1.00235078956	0	5	3	1530	340000	130	2680	1920	46	8	26	22	11	74	31	15	24	15	9	118
30791046_zpid	30791046_zpid	11235	111 Falmouth St, Brooklyn, NY 11235	40.579742	-73.94643	0.572118464155	3	1.02717961034	0	1.02992766173	0	5	3	2870	700000	183	5000	1955	18	6	3	9	5	6	26	15	22	1	1	36
29847427_zpid	29847427_zpid	10465	3248 Tierney Pl, Bronx, NY 10465	40.814474	-73.799989	1.07089378069	0	1.60456988448	0	4.47984951871	0	3	4	2970	799900	0	2178	1974	0	0	0	0	0	1	8	4	2	0	0	9
30664356_zpid	30664356_zpid	11203	4614 Farragut Rd, Brooklyn, NY 11203	40.637005	-73.932211	0.359750520695	7	1.14300850331	0	1.38372043116	0	4	2.5	2000	365000	65	2033	1958	15	8	4	11	9	22	21	5	14	7	5	67
2102050948_zpid	2102050948_zpid	10471	421 W 260th St, Bronx, NY 10471	40.9083012	-73.9020068	0.243993604692	4	0.294352506434	3	1.12735575558	0	3	2	2222	3900	7	3049	1976	11	13	5	14	10	18	31	10	16	4	6	50
30661534_zpid	30661534_zpid	11203	592 E 37th St, Brooklyn, NY 11203	40.642562	-73.942213	0.100532712453	3	0.523480672931	3	0.597950175962	2	8	3	2598	540000	44	19	1950	124	8	79	72	71	45	19	8	23	27	9	117
30580997_zpid	30580997_zpid	11232	3907 7th Ave, Brooklyn, NY 11232	40.648238	-73.999475	0.282255537417	7	0.348546517981	7	0.486011960909	1	2	2	1560	845000	5	1666	1910	316	172	120	124	124	204	84	48	32	40	24	340
30615656_zpid	30615656_zpid	11217	163 Dekalb Ave, Brooklyn, NY 11217	40.689396	-73.973496	0.0803159778868	11	0.342968209373	3	0.251985412377	8	5	2	3200	290000	277	1071	1899	132	148	76	72	36	28	40	56	44	36	24	248
30668152_zpid	30668152_zpid	11218	1109 Ditmas Ave, Brooklyn, NY 11218	40.635834	-73.966885	0.259075338773	8	0.24066030324	9	0.35567104211	2	6	5	2760	2299000	0	4000	1935	75	21	35	33	18	52	25	21	6	8	7	88
112505648_zpid	112505648_zpid	11249	22 N 6th St APT 19G, Brooklyn, NY 11249	40.7201615	-73.9634606	0.104973131948	7	0.0934040680017	2	0.566301029851	1	1	1	684	905000	33	77972.40000000001	2008	224	304	20	48	8	108	32	84	44	148	0	376
64708180_zpid	64708180_zpid	10460	1987 Southern Blvd, Bronx, NY 10460	40.8437569	-73.8857699	0.125801059163	11	0.123334194806	4	0.616954093317	2	3	1	3991	525000	23	1707	2006	1176	76	500	480	572	128	68	48	196	164	88	852
30650390_zpid	30650390_zpid	11212	63 Remsen Ave, Brooklyn, NY 11212	40.662234	-73.930031	0.203250976275	11	0.193335421535	6	0.677739513611	1	3	2	1672	15000	65	1600	1940	105	7	46	48	34	27	6	4	13	17	8	107
30732288_zpid	30732288_zpid	11224	4407 Sea Gate Ave, Brooklyn, NY 11224	40.5796455	-74.0059952	0.402413161405	1	0.42654143617	1	2.10819581543	0	5	4	1922	628000	0	3010	1930	30	9	5	18	6	2	15	2	10	2	2	34
30670730_zpid	30670730_zpid	11218	54 Terrace Pl, Brooklyn, NY 11218	40.653906	-73.979674	0.30304148061	8	0.365341687679	3	0.56413938141	2	4	2	2160	750000	67	2392	1940	1	13	8	11	4	20	15	24	12	0	2	38
30642170_zpid	30642170_zpid	11208	375 Ridgewood Ave, Brooklyn, NY 11208	40.685072	-73.875051	0.109875123059	8	0.224342820899	5	0.234790070227	3	5	2	2100	163000	197	2128	1901	90	37	60	78	53	61	37	17	60	36	10	183
29798210_zpid	29798210_zpid	10472	1790 E 174th St, Bronx, NY 10472	40.834501	-73.867611	0.36735914539	8	0.41594651905	5	0.333068438284	2	3	2	1242	175000	187	3855	1899	193	150	52	64	49	31	18	10	26	41	11	136
30745116_zpid	30745116_zpid	11229	2165 E 29th St, Brooklyn, NY 11229	40.59876	-73.942299	0.106298804204	7	0.164162640152	3	1.15361465783	0	3	3	1989	775000	0	1890	1940	17	16	9	12	9	13	34	18	20	3	4	99
89068997_zpid	89068997_zpid	10457	629 Oak Tree Pl, Bronx, NY 10457	40.8510528	-73.8895192	0.343067084403	12	0.455623594302	4	0.962164045045	0	8	6	3420	583000	68	3441	2008	201	40	106	133	114	25	16	8	41	52	23	187
30647158_zpid	30647158_zpid	11207	696 Ashford St, Brooklyn, NY 11207	40.664816	-73.882654	0.190692896395	6	0.230258185862	5	0.188106370086	2	5	3	1960	312000	42	2400	1930	87	6	55	44	35	20	22	10	26	33	13	111
30691069_zpid	30691069_zpid	11220	413 63rd St, Brooklyn, NY 11220	40.639029	-74.019536	0.0982650101335	11	0.225323485421	8	0.294944522901	2	6	3	3200	1349000	0	2086	1910	127	51	46	57	44	25	48	35	33	17	3	150
30782787_zpid	30782787_zpid	11234	2209 E 70th St, Brooklyn, NY 11234	40.617623	-73.905818	0.399442467304	2	0.306633680579	1	3.2490555803	0	3	2	1683	535000	23	2650	1960	13	12	8	13	6	13	18	10	21	2	4	64
29785647_zpid	29785647_zpid	10457	2095 Tiebout Ave, Bronx, NY 10457	40.852791	-73.89922	0.0774808849531	10	0.187097188301	9	0.389247933093	5	4	3	1320	290000	29	1600	1910	421	37	187	194	193	30	24	16	61	68	27	299
30720040_zpid	30720040_zpid	11230	1541 Ocean Pkwy, Brooklyn, NY 11230	40.610987	-73.967304	0.539645668874	10	0.294924063862	3	0.5351763942	2	5	4.5	5187	350000	272	4125	1925	25	13	11	23	13	46	28	19	19	9	4	93
30788751_zpid	30788751_zpid	11234	2675 E 63rd St, Brooklyn, NY 11234	40.607778	-73.912218	0.885694205196	0	1.07957955801	0	3.81297596425	0	4	2	1152	572500	12	2100	1960	3	6	1	7	3	19	4	27	20	2	1	31
29778332_zpid	29778332_zpid	10452	1016 Woodycrest Ave, Bronx, NY 10452	40.832922	-73.927412	0.256533428114	4	0.32485864696	5	0.569405594796	2	9	3	2907	485000	3	2500	1905	450	51	194	206	210	34	20	6	80	81	33	336
30765032_zpid	30765032_zpid	11234	1753 Ryder St, Brooklyn, NY 11234	40.615183	-73.933276	0.281914198595	5	0.428237642105	2	2.19664174495	0	4	3	1464	850000	0	4000	1920	6	44	3	11	3	26	29	17	24	3	3	86
30793999_zpid	30793999_zpid	11229	48 Canton Ct, Brooklyn, NY 11229	40.5881197	-73.9214773	0.218563741178	2	1.57665186433	0	2.765847247	0	4	1	1203	395000	74	1800	1925	2	3	1	13	0	0	31	10	23	2	5	38
29834788_zpid	29834788_zpid	10466	3881 Amundson Ave, Bronx, NY 10466	40.888762	-73.835691	0.485088193452	2	0.384248780933	4	0.411967590197	1	3	2	1701	365000	47	1785	1957	41	6	16	22	5	45	24	12	26	8	2	65
30787284_zpid	30787284_zpid	11234	2336 National Dr, Brooklyn, NY 11234	40.604065	-73.913235	1.34078659746	0	1.50170984622	0	3.64725652175	0	4	2.5	1728	870000	52	2795	1965	2	1	2	5	3	7	5	16	13	1	1	20
29852629_zpid	29852629_zpid	10471	351 W 245th St, Bronx, NY 10471	40.892373	-73.9030949	0.462017822009	5	0.929528924703	0	0.488957118343	1	5	3.5	3754	600000	187	9302	1930	41	10	2	6	1	1	14	1	7	1	2	18
30661204_zpid	30661204_zpid	11203	681 E 46th St, Brooklyn, NY 11203	40.644817	-73.933243	0.315305623425	6	0.616292518397	2	1.32781770782	0	3	1	1300	302100	65	2000	1925	26	15	11	12	12	27	17	6	13	10	5	75
30680902_zpid	30680902_zpid	11204	1736 62nd St, Brooklyn, NY 11204	40.621476	-73.989921	0.471767694087	3	0.245898153274	2	0.0988209071827	3	7	6	3213	1500000	2	2613	1931	50	15	28	43	13	51	49	94	25	10	9	132
30772937_zpid	30772937_zpid	11236	9229 Foster Ave, Brooklyn, NY 11236	40.646291	-73.909319	0.271179615183	4	0.814449715459	0	0.632146325574	1	4	2	2000	500000	0	2000	1920	34	7	23	32	17	41	38	4	8	16	5	92
30570267_zpid	30570267_zpid	11231	194 Carroll St, Brooklyn, NY 11231	40.681255	-73.998153	0.121754851688	13	0.388596673492	2	0.327364159202	2	4	3	2520	2875000	31	1433	1899	124	208	84	208	68	72	268	124	100	28	56	708
30748543_zpid	30748543_zpid	11235	2419 Bragg St, Brooklyn, NY 11235	40.593896	-73.93459	0.0967987077811	9	0.512524909927	2	1.7453190384	0	5	3	2265	502000	19	2000	1955	6	12	9	2	5	2	6	5	4	2	1	42
30789936_zpid	30789936_zpid	11235	8 Brighton 10th Path, Brooklyn, NY 11235	40.58108	-73.9593325	0.184094886854	11	0.0702060891587	5	0.41419943448	1	3	1.5	1694	535000	110	1282	1960	968	216	308	392	224	340	208	124	208	132	112	1044
30740408_zpid	30740408_zpid	11235	2739 Brighton 7th St, Brooklyn, NY 11235	40.583782	-73.9620489	0.231767242343	7	0.309339996686	6	0.684084443063	1	9	3	2808	635000	31	2500	1930	102	36	32	57	23	51	49	32	26	19	21	155
83049845_zpid	83049845_zpid	11207	47 De Sales Pl, Brooklyn, NY 11207	40.6816969	-73.9053579	0.172347536818	4	0.34230925383	3	0.071319422608	8	10	4	4127	1250000	0	1985	2006	49	18	44	50	38	11	16	14	12	19	6	105
30722699_zpid	30722699_zpid	11223	1842 W 9th St, Brooklyn, NY 11223	40.602078	-73.981765	0.134441408596	9	0.448074407877	6	0.237538711792	3	5	3	2160	796000	40	3000	1925	292	108	128	72	84	240	120	180	80	32	20	356
29834235_zpid	29834235_zpid	10466	1235 E 223rd St, Bronx, NY 10466	40.8812285	-73.8458272	0.349248939755	5	0.40048204828	3	0.684845057611	1	2	2	960	329000	0	1598	1955	60	44	32	16	32	72	24	4	68	16	12	132
30636511_zpid	30636511_zpid	11207	215A Highland Blvd, Brooklyn, NY 11207	40.682089	-73.893896	0.296768425979	3	0.23148319369	3	0.516847463748	2	8	3	3000	610000	119	3386	2003	70	27	45	44	28	48	32	36	25	20	8	97
30639153_zpid	30639153_zpid	11207	315 Van Siclen Ave, Brooklyn, NY 11207	40.672172	-73.889889	0.0431484288794	7	0.373066368436	3	0.0886158166108	4	6	3	2448	599000	0	1875	1901	436	116	296	332	304	260	156	88	192	156	72	916
83043388_zpid	83043388_zpid	11208	389 Atkins Ave, Brooklyn, NY 11208	40.669189	-73.877363	0.290064203803	10	0.475157427568	4	0.619927570566	2	5	2	2466	546000	27	2500	2005	133	18	101	114	82	49	33	11	30	55	30	185
30792795_zpid	30792795_zpid	11229	2154 Stuart St, Brooklyn, NY 11229	40.602693	-73.935157	0.112691321348	4	0.188244023009	2	1.79582830282	0	3	2	1805	570000	22	2000	1930	15	7	4	6	1	11	28	15	7	0	2	42
30750381_zpid	30750381_zpid	11235	2610 Ford St, Brooklyn, NY 11235	40.589675	-73.936288	0.277665039821	8	0.338798580881	2	1.54176889313	0	5	4	2440	785000	9	3000	1960	12	12	10	9	9	13	8	17	14	4	5	93
30629145_zpid	30629145_zpid	11221	497 Central Ave, Brooklyn, NY 11221	40.691114	-73.912445	0.214819669048	7	0.575832462226	4	0.636963639508	1	3	1.5	2940	355000	8	1968	1998	133	31	102	122	100	36	29	8	50	53	37	170
30759755_zpid	30759755_zpid	11210	1092 E 43rd St, Brooklyn, NY 11210	40.62842	-73.934974	0.100995111754	8	0.848928738636	0	1.17773092524	0	3	1.5	1040	560000	0	4000	1910	76	4	56	84	28	104	60	48	52	24	28	208
30784279_zpid	30784279_zpid	11234	1872 Kimball St, Brooklyn, NY 11234	40.613444	-73.930851	0.301925663035	3	0.597829035427	1	2.33971518191	0	3	1.5	1216	470000	22	2150	1930	6	35	3	4	1	23	25	25	23	1	2	64
30643327_zpid	30643327_zpid	11208	282 Hemlock St, Brooklyn, NY 11208	40.682902	-73.871257	0.111149371635	7	0.186858824444	7	0.215866533982	1	3	0.5	1368	450000	120	2047	1910	135	40	77	95	67	71	38	10	90	44	8	213
30789142_zpid	30789142_zpid	11235	217 Ocean View Ave, Brooklyn, NY 11235	40.5788752	-73.966227	0.211954610418	6	0.314779684231	8	0.344066941144	3	4	4	1932	455000	147	1811	1930	380	164	236	312	208	216	148	68	168	72	84	852
29778673_zpid	29778673_zpid	10454	739 E 136th St, Bronx, NY 10454	40.8032856	-73.9125215	0.193344780004	4	0.575010064235	2	0.264861875689	2	4	2	1500	135000	46	1500	1920	46	5	12	28	13	11	12	7	11	10	7	64
30642389_zpid	30642389_zpid	11208	137 Autumn Ave, Brooklyn, NY 11208	40.68698	-73.870702	0.113439893841	6	0.316269199426	5	0.364664241331	3	7	3	3210	789000	0	1799	1905	89	37	58	82	43	72	39	16	52	37	6	181
30608761_zpid	30608761_zpid	11216	293 Tompkins Ave, Brooklyn, NY 11216	40.6879909	-73.944575	0.137343366704	11	0.266774829373	5	0.631730997144	1	2	1	3850	869200	101	1444	1931	356	116	164	272	252	60	84	28	96	128	80	436
30592713_zpid	30592713_zpid	11216	5 Saint Charles Pl, Brooklyn, NY 11216	40.671716	-73.955402	0.162839918332	11	0.448336477505	4	0.257564666158	5	2	1	900	600000	105	1810	1910	660	172	368	420	372	72	96	24	100	148	84	636
30636752_zpid	30636752_zpid	11207	210 Sunnyside Ave, Brooklyn, NY 11207	40.682488	-73.88964	0.419054585429	6	0.358979919643	4	0.508179597858	2	9	6	2664	585000	14	4125	1931	240	120	148	152	120	192	140	112	124	48	24	356
30744201_zpid	30744201_zpid	11229	2065 Coyle St, Brooklyn, NY 11229	40.6016487	-73.9370355	0.240530156144	4	0.257834582869	3	1.61816152127	0	4	3	2142	548000	80	1767	1930	24	8	9	9	6	13	36	15	13	0	3	59
79719614_zpid	79719614_zpid	11221	1075 Willoughby Ave, Brooklyn, NY 11221	40.700484	-73.92684	0.0982911477925	16	0.190810539474	4	0.296190489611	2	9	6	4800	1625000	0	2010	2005	188	100	104	156	104	128	48	40	76	84	52	332
30662842_zpid	30662842_zpid	11203	852 E 45th St, Brooklyn, NY 11203	40.6403747	-73.9342339	0.148044696629	7	1.1115907727	0	1.19841184975	0	3	2	1184	375000	39	1134	1930	35	14	12	19	13	51	25	12	26	13	5	101
30584673_zpid	30584673_zpid	11215	426 6th Ave, Brooklyn, NY 11215	40.6684295	-73.9838975	0.0218338605192	20	0.135919804529	3	0.386975392214	3	3	2.5	2500	900000	167	1160	1899	78	96	29	61	21	33	57	42	36	19	29	266
30732766_zpid	30732766_zpid	11224	4011 Sea Gate Ave, Brooklyn, NY 11224	40.5770279	-74.005409	0.508527064042	1	0.29791854596	1	2.04456325281	0	5	2	2023	260000	28	435	1925	49	15	15	44	13	4	23	5	16	13	2	56
30787913_zpid	30787913_zpid	11234	117 Indiana Pl, Brooklyn, NY 11234	40.605779	-73.904742	1.31195170812	0	1.33536538233	0	4.38595529679	0	3	3	2624	775000	58	4100	1965	0	1	0	2	0	1	7	1	7	2	1	11
30598224_zpid	30598224_zpid	11233	2344 Pacific St, Brooklyn, NY 11233	40.675081	-73.907756	0.259039918137	5	0.327057057582	5	0.394439513606	6	6	3	2280	263000	28	2054	1901	516	40	312	468	296	124	112	52	164	192	84	520
30642360_zpid	30642360_zpid	11208	475 Ridgewood Ave, Brooklyn, NY 11208	40.685981	-73.871323	0.231805128138	6	0.227236693946	5	0.37342509668	3	3	2	1356	370000	21	2000	1930	96	40	67	89	48	77	42	17	63	46	8	203
30601522_zpid	30601522_zpid	11233	1182 Herkimer St, Brooklyn, NY 11233	40.677476	-73.914388	0.401710499529	4	0.245340438535	4	0.325563392945	3	7	3	2700	365000	30	1790	1899	260	25	159	171	118	60	34	23	64	75	38	220
30610440_zpid	30610440_zpid	11216	101 Halsey St, Brooklyn, NY 11216	40.682048	-73.94956	0.169816750857	10	0.160379258944	8	0.164255094907	4	5	4	3332	377000	82	1850	1901	1000	668	468	652	480	140	240	112	224	280	152	1176
30776702_zpid	30776702_zpid	11236	1122 E 104th St, Brooklyn, NY 11236	40.643149	-73.891452	0.55846163434	5	0.522931732465	4	0.961034621128	0	4	2	2000	461000	10	2000	1960	180	20	72	88	56	112	52	28	44	52	28	276
30787835_zpid	30787835_zpid	11234	11 Dakota Pl, Brooklyn, NY 11234	40.607279	-73.908438	1.01775596821	0	1.11180044283	0	4.11092454218	0	4	3	2300	895000	79	4643	1960	3	4	1	8	2	11	6	19	19	2	1	30
30729748_zpid	30729748_zpid	11214	72 Bay 35th St, Brooklyn, NY 11214	40.59841	-73.9917959	0.205215160661	9	0.237275019903	7	0.426499506332	2	5	3	2350	1188000	0	1933	1965	97	17	34	46	35	83	47	30	25	15	3	133
30607194_zpid	30607194_zpid	11206	240A Vernon Ave, Brooklyn, NY 11206	40.6953195	-73.9419939	0.107743459527	10	0.100031829491	4	0.554830379316	3	3	8	3360	1990000	0	2000	1899	115	39	60	93	54	52	22	37	18	36	24	162
30623872_zpid	30623872_zpid	11222	106 Beadel St, Brooklyn, NY 11222	40.721759	-73.936517	0.376753040172	3	0.630580349295	1	1.02255079014	0	4	3	2080	734500	120	3000	1910	16	22	8	18	7	4	21	21	22	4	6	76
30792120_zpid	30792120_zpid	11235	11 Canda Ave, Brooklyn, NY 11235	40.5845684	-73.939601	0.545542568248	3	0.754452068857	0	1.25737792107	0	2	2	1576	317000	32	1698	1920	37	6	20	28	13	30	19	15	30	7	5	83
