30608098_zpid	30608098_zpid	11221	748 Lafayette Ave, Brooklyn, NY 11221	40.6907858	-73.9433117	0.296344829574	10	0.194948020042	4	0.705656595743	2	4	3.5	2471	1465000	0	1917	1899	141	43	76	99	78	24	25	8	27	41	19	162
30752264_zpid	30752264_zpid	11210	2509 Avenue K, Brooklyn, NY 11210	40.624131	-73.950774	0.342018483901	3	0.499559353109	2	0.854435098692	0	5	2	2392	1175000	114	4000	1930	64	5	34	25	23	33	23	6	29	6	4	74
30657746_zpid	30657746_zpid	11203	160 E 45th St, Brooklyn, NY 11203	40.658215	-73.9362249	0.420978707455	4	0.48365881921	5	1.16881383339	0	3	2	720	350000	92	2000	1940	54	17	31	27	17	35	31	18	19	17	6	92
30719748_zpid	30719748_zpid	11230	1656 E 2nd St, Brooklyn, NY 11230	40.609331	-73.972298	0.188431684214	10	0.228310966233	4	0.0791104106867	3	12	8	4090	700000	122	2940	1928	11	3	2	18	4	25	10	8	3	4	2	53
30606053_zpid	30606053_zpid	11233	328 Malcolm X Blvd, Brooklyn, NY 11233	40.6815939	-73.929064	0.214490839975	8	0.231572791772	5	0.285264164771	2	4	2	2160	389000	71	1500	1901	128	72	94	129	72	16	20	11	37	41	27	195
29851506_zpid	29851506_zpid	10463	3117 Kingsbridge Ave, Bronx, NY 10463	40.880503	-73.906482	0.176727458453	14	0.227150139421	7	0.210678972962	3	5	3	3384	760000	29	7194	1901	302	35	72	84	68	31	47	10	36	22	11	171
30659680_zpid	30659680_zpid	11203	289 E 38th St, Brooklyn, NY 11203	40.6500709	-73.941479	0.111604180297	3	0.355162146336	1	0.689151638048	1	5	2.5	2000	163000	309	1999	1920	596	76	356	396	300	268	60	32	104	152	28	492
30714258_zpid	30714258_zpid	11214	180 Bay 26th St, Brooklyn, NY 11214	40.600187	-74.000807	0.120298118556	6	0.159633941765	7	0.535060787332	2	3	1.5	1256	255000	199	2900	1925	181	20	50	46	35	75	44	31	18	16	10	128
29829845_zpid	29829845_zpid	10469	3347 Mickle Ave, Bronx, NY 10469	40.876215	-73.845169	0.140434979282	5	0.220280687876	2	0.712862851791	1	3	2	1440	200000	14	1520	1940	52	13	40	54	34	36	31	12	34	16	9	118
30765531_zpid	30765531_zpid	11234	1622 E 54th St, Brooklyn, NY 11234	40.617959	-73.923141	0.23085296337	11	0.725650687292	1	2.6510176698	0	4	3	3000	465000	57	2000	1920	14	22	7	7	11	32	28	14	23	4	5	132
30789242_zpid	30789242_zpid	11235	2956 Brighton 5th St, Brooklyn, NY 11235	40.5797912	-73.9635217	0.237847555819	8	0.256494775738	7	0.30340324266	2	2	2	1152	475000	14	914	1940	568	268	288	400	212	300	208	112	180	112	120	1088
30721412_zpid	30721412_zpid	11223	1773 W 12th St, Brooklyn, NY 11223	40.6035328	-73.9843566	0.225231506949	9	0.535693209321	6	0.341148792505	2	3	3	1680	1200000	0	1968	1950	61	24	28	18	22	51	22	39	15	8	5	80
30626881_zpid	30626881_zpid	11221	61 Bleecker St, Brooklyn, NY 11221	40.694285	-73.922388	0.435464880907	9	0.21954267466	6	0.518287936406	4	6	3	2400	260000	48	2500	1901	692	236	316	444	296	172	140	68	240	132	116	924
68314760_zpid	68314760_zpid	11234	6686 Avenue M, Brooklyn, NY 11234	40.62344	-73.914109	0.455257656066	5	0.796266263307	0	2.78395796574	0	3	4	2200	680000	6	2711	2005	19	4	9	10	4	51	21	22	19	7	5	93
30581758_zpid	30581758_zpid	11217	30 Saint Marks Ave, Brooklyn, NY 11217	40.680274	-73.976584	0.137279501431	15	0.218984765616	5	0.139836323929	9	4	3.5	3402	2550000	26	1517	2000	67	141	27	45	30	40	51	68	40	13	31	194
64465016_zpid	64465016_zpid	11234	2219 E 69th St, Brooklyn, NY 11234	40.617002	-73.90638	0.355561305741	2	0.257509645885	1	3.32295670598	0	5	3.5	2439	765000	101	2667	2003	52	52	32	52	28	52	80	48	80	8	12	268
30623459_zpid	30623459_zpid	11211	490 Lorimer St, Brooklyn, NY 11211	40.711608	-73.948683	0.0772760459078	17	0.0215221779147	7	0.270085043708	6	3	1	2625	3250000	13	4000	1910	67	144	62	73	52	29	46	14	21	16	9	211
29839970_zpid	29839970_zpid	10470	633 E 241st St, Bronx, NY 10470	40.9046279	-73.8524096	0.330120107059	5	0.186324663864	2	0.22508086955	3	5	2	1733	335000	147	1875	1899	114	12	64	63	60	26	18	5	25	24	4	129
30584994_zpid	30584994_zpid	11215	282 10th St, Brooklyn, NY 11215	40.669767	-73.989699	0.0564877638331	13	0.331337023205	3	0.071171018217	3	7	4	3000	2190000	0	1437	1901	72	87	29	63	29	39	62	38	34	22	19	248
29790597_zpid	29790597_zpid	10473	1410 Harding Park, Bronx, NY 10473	40.80977	-73.857673	0.803915554558	0	1.3221170098	0	2.56089130212	0	3	2	875	325000	0	4351	1930	32	9	21	21	9	15	14	16	11	17	3	69
30664136_zpid	30664136_zpid	11210	3704 Farragut Rd, Brooklyn, NY 11210	40.636475	-73.941032	0.528684143478	1	0.55673869166	2	0.689861071502	2	4	3	1650	495000	4	1900	1930	124	8	105	101	98	40	20	8	31	27	6	172
30603183_zpid	30603183_zpid	11221	708 Lexington Ave, Brooklyn, NY 11221	40.689697	-73.9312	0.374896948786	10	0.361174603756	4	0.452989746313	1	3	4.5	2868	765000	15	1875	1905	852	264	444	636	512	228	140	64	144	268	160	1092
30710814_zpid	30710814_zpid	11214	1684 84th St, Brooklyn, NY 11214	40.609934	-74.0041169	0.143782750192	9	0.280084968657	8	0.298441765566	2	5	3	3000	757000	35	2600	1899	53	11	24	26	9	23	33	29	25	8	7	112
30655633_zpid	30655633_zpid	11236	653 Rockaway Pkwy, Brooklyn, NY 11236	40.6534819	-73.911132	0.385090134119	6	0.410603212419	2	0.989868072816	0	6	2.5	3480	520000	26	2695	1920	35	2	14	19	21	30	16	8	4	6	3	62
30750849_zpid	30750849_zpid	11210	992 E 37th St, Brooklyn, NY 11210	40.632584	-73.941147	0.189879016377	2	0.252533348964	3	0.549416331748	1	3	2.5	1290	148000	303	1759	1920	77	21	47	51	47	49	31	15	23	17	5	117
30637962_zpid	30637962_zpid	11207	183 Miller Ave, Brooklyn, NY 11207	40.676854	-73.89204	0.307974480696	6	0.297383002365	4	0.109095763926	5	3	2	1176	186375	76	2500	1901	119	40	83	108	65	95	46	36	47	50	14	224
30789226_zpid	30789226_zpid	11235	44 Brighton 4th Ct, Brooklyn, NY 11235	40.5805372	-73.9639648	0.345335805031	8	0.328426651998	7	0.392286088737	2	4	1	1350	110000	9	2240	1940	456	204	260	376	164	268	172	100	160	88	104	972
30738899_zpid	30738899_zpid	11223	2354 E 4th St, Brooklyn, NY 11223	40.5926	-73.967116	0.249163606646	4	0.577337118345	1	0.653385888284	2	4	2.5	2280	857500	11	2492	1950	200	40	56	100	48	160	156	116	56	20	12	272
30725104_zpid	30725104_zpid	11230	1166 E 18th St, Brooklyn, NY 11230	40.62211	-73.958207	0.432238065978	8	0.414379255746	6	0.412393775649	2	5	2	3102	740000	12	2000	1925	171	21	77	97	87	33	36	13	18	42	9	187
29850342_zpid	29850342_zpid	10464	41 Centre St, Bronx, NY 10464	40.844061	-73.788259	0.258580310984	3	2.88921061074	0	3.4156925738	0	4	2	1742	575000	6	5000	1901	64	52	20	24	12	4	144	40	28	12	84	164
30782442_zpid	30782442_zpid	11234	2019 Royce St, Brooklyn, NY 11234	40.623068	-73.905867	0.73719973374	1	0.714650815563	1	2.64742031516	0	6	4	2646	770000	21	4175	1965	16	4	16	24	8	76	36	8	48	12	8	140
29793721_zpid	29793721_zpid	10473	2161 Turnbull Ave, Bronx, NY 10473	40.8241437	-73.8498175	0.422003647503	4	0.472898118999	3	1.13891302527	0	4	1	2650	412000	74	2607	1970	44	19	20	11	10	29	14	6	13	7	8	56
30579805_zpid	30579805_zpid	11215	419 17th St, Brooklyn, NY 11215	40.660013	-73.984754	0.199195258735	13	0.0645365776621	6	0.419705715321	1	3	2	1650	865000	29	1240	1910	46	47	22	41	28	32	42	18	18	8	14	99
30667433_zpid	30667433_zpid	11226	353 Rugby Rd, Brooklyn, NY 11226	40.641225	-73.96507	0.111680071879	8	0.163954403041	6	0.104969491554	3	8	5	3780	1410000	7	3700	1920	184	38	80	79	66	32	22	19	20	22	3	116
30742315_zpid	30742315_zpid	11229	1956 E 26th St, Brooklyn, NY 11229	40.603264	-73.946588	0.409915941992	3	0.450566202007	2	0.904451795097	0	3	1	1216	525000	19	2178	1930	31	19	13	27	10	43	38	14	26	1	3	121
63163883_zpid	63163883_zpid	11234	945 E 57th St, Brooklyn, NY 11234	40.629524	-73.920919	0.239343434135	6	0.169389231415	2	2.28752657046	0	6	4.5	2880	579500	20	3500	2003	30	11	24	23	18	48	18	26	12	18	3	72
30722910_zpid	30722910_zpid	11223	1865 W 7th St, Brooklyn, NY 11223	40.6018049	-73.9793106	0.158300055677	7	0.384809085418	3	0.251707864127	3	4	2	1748	195000	206	2350	1920	248	112	156	100	104	380	128	260	84	48	20	380
30749762_zpid	30749762_zpid	11235	2642 E 21st St, Brooklyn, NY 11235	40.587492	-73.948397	0.199433088842	10	0.389704410016	3	0.49126982783	1	7	3.5	2626	865000	24	4000	1930	216	64	48	144	24	204	136	100	164	48	20	564
30585325_zpid	30585325_zpid	11215	185 12th St, Brooklyn, NY 11215	40.6693659	-73.991377	0.130163787052	11	0.40285830648	3	0.175311499729	3	3	2	1250	2450000	5	2500	1899	296	284	124	240	116	156	220	132	124	76	48	888
30601340_zpid	30601340_zpid	11233	1417 Herkimer St, Brooklyn, NY 11233	40.677499	-73.906462	0.363729163462	5	0.348598622045	3	0.22729817687	9	2	1.5	2550	385000	21	1700	1899	616	72	396	536	340	128	112	64	172	236	76	624
30734463_zpid	30734463_zpid	11223	1928 W 7th St, Brooklyn, NY 11223	40.600288	-73.9794784	0.148270640842	6	0.472924395626	4	0.314690174529	5	6	3	2431	651000	64	1481	1930	168	88	76	104	72	296	96	228	88	28	32	340
30695059_zpid	30695059_zpid	11209	555 Bay Ridge Pkwy, Brooklyn, NY 11209	40.628858	-74.02095	0.166263333515	13	0.177297413565	5	0.397619602325	2	5	3	3000	731500	29	2777	1899	66	24	33	40	25	35	46	48	24	21	5	119
30762896_zpid	30762896_zpid	11234	2024 Schenectady Ave, Brooklyn, NY 11234	40.6225499	-73.930521	0.13504813082	9	0.327992679456	2	1.84485119209	0	5	2.5	1950	455000	8	2425	1920	34	23	14	21	20	35	35	26	19	7	0	129
30735475_zpid	30735475_zpid	11223	2064 W 6th St, Brooklyn, NY 11223	40.59722	-73.977969	0.106031600018	4	0.207448718221	2	0.102663908418	3	4	3	1800	995000	14	4000	1925	144	76	44	124	36	200	92	188	112	24	24	356
30636856_zpid	30636856_zpid	11208	109 Ridgewood Ave, Brooklyn, NY 11208	40.683006	-73.884837	0.365124559235	6	0.349423345047	4	0.340936304109	2	8	3	2500	600000	7	2500	1920	64	20	33	35	39	36	25	17	23	19	10	106
29846516_zpid	29846516_zpid	10465	548 Ellsworth Ave, Bronx, NY 10465	40.825915	-73.814955	0.562623199239	5	0.700578351376	1	2.68895219861	0	3	1.5	1650	300000	144	2500	1930	11	5	6	15	1	6	15	18	13	0	4	46
30611743_zpid	30611743_zpid	11205	126 Washington Ave, Brooklyn, NY 11205	40.694785	-73.967494	0.165648770718	7	0.156289666622	2	0.720352523839	1	1	1	1440	1005000	8	1667	1901	65	91	36	39	41	48	12	21	27	23	15	181
29816262_zpid	29816262_zpid	10461	1761 Tenbroeck Ave, Bronx, NY 10461	40.851429	-73.849188	0.493861031009	5	0.641224485612	1	0.981392469283	0	3	2	1260	459000	0	1698	1947	43	12	4	21	9	26	27	12	19	3	3	72
29834129_zpid	29834129_zpid	10466	3515 Grace Ave, Bronx, NY 10466	40.881117	-73.841059	0.506324340828	5	0.0503994486985	3	0.309238221624	1	10	6	4864	375000	0	4750	1925	14	11	6	3	2	15	5	3	6	2	1	22
30575900_zpid	30575900_zpid	11220	560 46th St, Brooklyn, NY 11220	40.646282	-74.006676	0.231416241252	10	0.156331141354	8	0.40815279056	2	7	4.5	2260	1100000	5	2145	1935	113	51	59	92	52	41	59	20	23	23	9	192
30659380_zpid	30659380_zpid	11226	3103 Snyder Ave, Brooklyn, NY 11226	40.649209	-73.948202	0.165722003284	5	0.328353685899	6	0.215715595555	2	6	4	2000	799000	0	2000	1910	282	37	118	120	116	71	23	10	37	49	23	214
30619353_zpid	30619353_zpid	11211	364 S 3rd St, Brooklyn, NY 11211	40.708733	-73.952784	0.0208810408949	16	0.20602811077	8	0.222382943151	6	1	1	1120	125000	60	937	1930	118	243	87	92	67	18	35	17	30	19	13	263
89067492_zpid	89067492_zpid	11216	85 Madison St, Brooklyn, NY 11216	40.68434	-73.955642	0.199093819703	9	0.124422928953	6	0.378491866161	5	3	2	1700	500000	115	1698	2007	118	107	56	64	43	25	29	15	18	26	38	178
30760681_zpid	30760681_zpid	11234	4501 Kings Hwy, Brooklyn, NY 11234	40.627307	-73.932907	0.206173965547	8	0.634996958687	1	1.38871004517	0	2	1	1120	398000	15	1600	1925	23	8	17	19	15	32	21	17	17	2	1	62
30634220_zpid	30634220_zpid	11207	270 Miller Ave, Brooklyn, NY 11207	40.674393	-73.891953	0.269513907627	8	0.299390198291	6	0.214351023829	4	6	2.5	2330	677000	8	2500	1930	113	20	92	111	88	75	48	31	34	45	21	239
30712837_zpid	30712837_zpid	11228	8685 15th Ave, Brooklyn, NY 11228	40.609448	-74.011124	0.224145972156	7	0.316672679206	4	0.810630255073	0	6	3	3740	1030000	7	1999	1940	7	12	3	14	2	21	41	32	27	3	4	62
30774452_zpid	30774452_zpid	11236	1140 E 98th St, Brooklyn, NY 11236	40.643534	-73.899479	0.162161711786	6	0.71351471376	1	0.400918089976	1	9	3	3012	575000	132	2400	1960	47	10	24	17	18	55	19	6	13	15	8	94
30787915_zpid	30787915_zpid	11234	107 Indiana Pl, Brooklyn, NY 11234	40.6059742	-73.9047866	1.29164567167	0	1.31349530741	0	4.38585958621	0	4	4	2348	880000	26	4100	1965	0	1	0	2	0	1	7	1	7	2	1	11
30750162_zpid	30750162_zpid	11235	2823 Voorhies Ave, Brooklyn, NY 11235	40.587386	-73.940575	0.247203827673	7	0.4478521332	2	1.14932050009	0	5	3	2300	563500	25	2200	1950	24	12	16	24	13	36	21	27	35	4	5	94
55677637_zpid	55677637_zpid	11236	664 E 103rd St, Brooklyn, NY 11236	40.648179	-73.898431	0.159146974311	5	0.306737067993	2	0.280973680344	2	6	5	2858	750000	0	2900	1999	108	40	76	76	24	136	36	28	40	40	20	328
30761476_zpid	30761476_zpid	11234	1009 E 59th St, Brooklyn, NY 11234	40.628369	-73.91891	0.408918119815	4	0.167035600421	2	2.47777596415	0	7	4.5	3181	602550	126	2108	1975	80	36	72	48	40	152	56	84	52	60	12	284
30596731_zpid	30596731_zpid	11213	1198 Saint Johns Pl, Brooklyn, NY 11213	40.670723	-73.938578	0.24609613557	10	0.278269188815	7	0.361885480914	2	5	3	2391	675475	7	1833	1899	409	73	159	184	184	38	51	18	43	77	39	334
29788027_zpid	29788027_zpid	10458	2836 Valentine Ave, Bronx, NY 10458	40.8691866	-73.8900045	0.0532125704786	8	0.147893378692	9	0.384032807187	5	3	1	1600	339500	136	1517	1928	560	50	175	207	239	36	16	4	66	60	25	279
30769714_zpid	30769714_zpid	11236	1 Paerdegat 4th St, Brooklyn, NY 11236	40.631101	-73.910826	0.471810217464	5	0.507766247959	4	1.89010199144	0	6	3	3025	565000	32	3233	1965	100	16	40	48	16	144	60	8	72	12	4	144
30619858_zpid	30619858_zpid	11222	174 Huron St, Brooklyn, NY 11222	40.732901	-73.954372	0.0568916583624	12	0.128139569363	4	0.30820097765	1	8	4	2214	1599000	0	954	1901	100	130	66	74	48	55	44	24	28	23	15	253
30793132_zpid	30793132_zpid	11229	415 Allen Ave, Brooklyn, NY 11229	40.5953298	-73.9326461	0.28789799436	7	0.667473218914	3	1.9031545104	0	2	1	868	328700	3	1494	1930	28	60	0	24	8	28	64	20	72	12	8	132
30644329_zpid	30644329_zpid	11208	81 Forbell St, Brooklyn, NY 11208	40.681358	-73.8644939	0.272777397178	10	0.234007677836	9	0.482521550006	2	5	3	3006	352000	14	27007.2	1910	73	15	30	44	29	42	16	6	48	18	3	125
30782156_zpid	30782156_zpid	11234	2006 E 68th St, Brooklyn, NY 11234	40.619568	-73.911384	0.243504612787	5	0.308211504058	1	3.120920979	0	2	2	2812	570000	20	2000	1960	16	8	9	15	6	21	24	10	19	2	5	69
30626112_zpid	30626112_zpid	11237	239 Stanhope St, Brooklyn, NY 11237	40.701057	-73.920398	0.103518768137	13	0.32079375669	7	0.272624197955	6	2	1	4875	669662	118	2500	1931	241	104	176	242	191	41	33	18	88	94	37	384
30595913_zpid	30595913_zpid	11213	1598 Bergen St, Brooklyn, NY 11213	40.6747299	-73.92995	0.13553830443	8	0.422734182079	4	0.520040957605	2	5	3	2548	720000	12	2548	1899	210	21	115	132	101	30	19	4	29	39	15	180
83046103_zpid	83046103_zpid	11221	976 Dekalb Ave, Brooklyn, NY 11221	40.692862	-73.936232	0.365916710076	10	0.417502694224	6	0.486111783398	2	3	2	4288	60000	5	2000	2006	564	276	292	396	352	148	108	60	104	188	148	772
30740079_zpid	30740079_zpid	11235	2560 Hubbard St, Brooklyn, NY 11235	40.587638	-73.963367	0.23483954086	7	0.728002215249	2	0.783130310935	0	5	2	2170	800000	19	2613	1955	80	44	36	56	28	152	168	76	56	28	12	248
30770530_zpid	30770530_zpid	11236	1105 E 85th St, Brooklyn, NY 11236	40.634503	-73.9055	0.486879309262	7	0.595242365492	2	1.38733655519	0	4	2	1976	300000	17	5508	1955	43	7	18	26	10	75	26	12	31	8	10	84
29853697_zpid	29853697_zpid	10471	310 W 261st St, Bronx, NY 10471	40.90936	-73.89924	0.478610407636	5	0.479488835399	6	1.38818301682	0	3	1	1518	575000	0	3140	1920	48	40	24	40	20	68	96	36	60	8	16	172
30589135_zpid	30589135_zpid	11215	1640 10th Ave, Brooklyn, NY 11215	40.658397	-73.979107	0.0824599468205	15	0.224382296893	5	0.257076655182	1	5	2	3036	1827000	19	1975	1915	38	33	16	22	16	17	17	10	15	2	7	57
29854511_zpid	29854511_zpid	10471	5245 Blackstone Ave, Bronx, NY 10471	40.900834	-73.909881	0.765885006054	0	0.706075035115	1	0.500293626928	1	6	4.5	4938	950500	222	20037.600000000002	1957	6	3	2	5	1	2	22	4	5	0	1	17
29837639_zpid	29837639_zpid	10466	2035 Edenwald Ave, Bronx, NY 10466	40.893401	-73.84239	0.657489720792	1	0.445486715562	3	1.1261180607	0	3	1.5	2688	185000	192	2482	1930	41	5	14	21	7	64	44	14	36	12	6	73
29852672_zpid	29852672_zpid	10471	4570 Henry Hudson Pkwy, Bronx, NY 10471	40.89287	-73.907678	0.597426635228	3	0.838072212748	0	0.857754752232	0	6	4.5	5000	1980000	60	10117	1930	18	5	2	3	1	2	29	3	5	0	1	18
29832255_zpid	29832255_zpid	10466	724 E 232nd St, Bronx, NY 10466	40.892196	-73.856778	0.116767502573	6	0.134212179589	3	0.12545213358	4	4	3	1299	355000	33	2874	1920	289	25	126	103	148	88	31	5	47	64	21	242
30613248_zpid	30613248_zpid	11238	116 Saint James Pl, Brooklyn, NY 11238	40.686388	-73.964691	0.148859568847	9	0.156027300066	3	0.246360574399	3	5	4	3780	2450000	33	2083	1900	576	400	332	468	364	156	176	52	160	96	92	704
30594095_zpid	30594095_zpid	11225	189 Crown St, Brooklyn, NY 11225	40.666735	-73.954398	0.304755673612	10	0.384369769359	6	0.338714813937	5	4	2	2400	175000	315	2400	1910	529	82	227	223	206	26	27	13	62	93	30	312
30779561_zpid	30779561_zpid	11236	1454 E 104th St, Brooklyn, NY 11236	40.637713	-73.8854	0.511248754969	5	0.573017458875	2	1.70919831119	0	3	1.5	1584	412000	7	2133	1960	64	16	48	44	8	28	28	16	52	8	8	132
30789815_zpid	30789815_zpid	11235	112 Brightwater Ct, Brooklyn, NY 11235	40.5753885	-73.9662761	0.188352741531	6	0.327387607055	7	0.214377690884	2	4	2.5	2000	710000	3	1586	1950	276	124	176	232	156	120	88	24	124	52	48	616
30642275_zpid	30642275_zpid	11208	2 Kiely Pl, Brooklyn, NY 11208	40.6858549	-73.872777	0.265164091931	5	0.183904626609	4	0.308189390255	2	6	3	3120	585000	7	1755	1901	100	41	66	89	50	77	39	17	64	46	8	205
30662343_zpid	30662343_zpid	11203	668 E 37th St, Brooklyn, NY 11203	40.6406289	-73.941979	0.31405368176	4	0.53405356789	2	0.548289181303	1	3	2	1144	383000	17	1999	1925	110	7	64	62	61	38	19	6	22	26	7	106
30668710_zpid	30668710_zpid	11226	371 E 26th St, Brooklyn, NY 11226	40.641267	-73.952141	0.307898952936	6	0.231273831617	4	0.346719391184	2	9	4	3264	850000	8	2003	1905	413	112	184	195	166	71	42	18	40	85	20	340
30763681_zpid	30763681_zpid	11234	2246 Ralph Ave, Brooklyn, NY 11234	40.6230339	-73.917969	0.307741658182	5	0.765519139572	0	2.73413761067	0	5	2.5	2340	560000	36	2003	1960	11	8	9	10	6	34	22	20	20	9	7	110
30647299_zpid	30647299_zpid	11208	710 Shepherd Ave, Brooklyn, NY 11208	40.66675	-73.878716	0.110983477242	6	0.283795436906	3	0.425112706227	1	5	2	1920	646000	4	2500	1930	388	40	320	340	240	112	136	40	104	160	64	576
30618978_zpid	30618978_zpid	11249	62 Grand St, Brooklyn, NY 11249	40.7156847	-73.965167	0.194463182466	9	0.456434161447	3	0.686979676699	1	4	2.5	3300	3500000	18	2000	1920	64	328	24	108	24	112	76	60	88	8	16	408
29788297_zpid	29788297_zpid	10468	2795 Morris Ave, Bronx, NY 10468	40.869976	-73.894201	0.217612422304	10	0.174440280322	9	0.338781748191	4	3	1	1272	240000	117	2657	1901	427	37	141	143	158	27	18	5	46	38	18	211
30672482_zpid	30672482_zpid	11218	25 Clara St, Brooklyn, NY 11218	40.643681	-73.981589	0.197681130812	9	0.156197078085	9	0.166315326482	1	7	3	2640	1220000	12	2600	1920	360	120	160	200	152	224	208	156	60	56	40	736
30619740_zpid	30619740_zpid	11222	76 Green St, Brooklyn, NY 11222	40.733128	-73.958823	0.137047623864	10	0.356207675549	2	0.522684040919	1	7	5	3200	1670000	23	2482	1899	68	108	47	49	33	45	29	13	20	17	5	193
30584114_zpid	30584114_zpid	11215	387 6th St, Brooklyn, NY 11215	40.670283	-73.982821	0.0588877039047	20	0.255575101486	4	0.46701356092	3	4	2	2000	2650000	25	1667	1901	69	83	28	58	25	24	60	43	28	19	24	243
30633386_zpid	30633386_zpid	11212	776 Mother Gaston Blvd, Brooklyn, NY 11212	40.65955	-73.904583	0.316353634372	4	0.348812937211	4	0.460936821971	4	2	1.5	1116	280000	18	1800	1986	85	14	62	60	41	26	33	6	35	18	9	141
30726807_zpid	30726807_zpid	11229	1664 E 12th St, Brooklyn, NY 11229	40.608506	-73.96134	0.247185254175	8	0.518832948357	5	0.298475161207	1	6	2	2200	600000	102	2600	1910	272	76	124	124	96	140	64	76	44	44	32	488
29781918_zpid	29781918_zpid	10453	1991 Morris Ave, Bronx, NY 10453	40.851652	-73.907343	0.103938713537	12	0.253302616076	8	0.202532018638	5	3	3	3132	145000	30	1999	1899	555	49	255	250	242	47	27	21	88	74	22	360
30614320_zpid	30614320_zpid	11216	162 Putnam Ave, Brooklyn, NY 11216	40.6832841	-73.9548764	0.212624443929	10	0.212233925955	7	0.274639271545	3	3	1.5	2960	162000	13	2100	1899	548	548	260	308	220	104	140	64	92	124	180	808
30657869_zpid	30657869_zpid	11203	576 Schenectady Ave, Brooklyn, NY 11203	40.659545	-73.934453	0.332445243984	10	0.323515233102	4	1.04884925126	0	4	2	1648	551000	5	2000	1945	137	20	92	75	63	45	29	20	25	34	8	143
83179276_zpid	83179276_zpid	10474	635 Barretto St, Bronx, NY 10474	40.81309	-73.889264	0.201381717386	7	0.34500349589	4	0.691068018993	1	3	1	3295	685000	101	1875	2007	112	17	92	77	63	21	16	3	25	16	13	139
30763237_zpid	30763237_zpid	11234	1501 E 53rd St, Brooklyn, NY 11234	40.622025	-73.923941	0.0864726239514	9	0.323991673598	1	2.33624993608	0	3	1	976	415000	129	3000	1930	9	29	6	12	8	44	30	17	19	8	8	118
30661049_zpid	30661049_zpid	11203	457 E 40th St, Brooklyn, NY 11203	40.644562	-73.938998	0.333400954864	3	0.508548741292	2	0.843468822898	0	3	2	1936	355000	6	2169	1945	120	20	48	40	56	124	48	20	52	32	8	220
29778569_zpid	29778569_zpid	10452	1074 Dr Martin L King Jr Blvd, Bronx, NY 10452	40.835084	-73.929722	0.41403293925	4	0.20322377788	3	0.702719341914	1	4	2	1946	183000	15	5000	1901	1592	216	708	740	720	160	80	24	308	292	120	1152
