30737305_zpid	30737305_zpid	11223	2194 E 7th St, Brooklyn, NY 11223	40.596911	-73.964224	0.172790714908	8	0.196286518745	4	0.749869870278	1	4	2	2286	1795000	0	3000	1930	43	19	12	28	14	32	34	18	14	6	4	59
30635560_zpid	30635560_zpid	11207	552 Pennsylvania Ave, Brooklyn, NY 11207	40.663683	-73.894138	0.275792273988	3	0.108882508911	8	0.123761465494	5	8	2.5	2400	65000	251	2383	1910	262	17	151	143	163	34	47	14	44	69	19	280
30720576_zpid	30720576_zpid	11223	1615 W 6th St, Brooklyn, NY 11223	40.60768	-73.979277	0.281344698033	13	0.286440243691	6	0.42799966932	3	3	1.5	2100	750000	13	2150	1925	356	76	164	96	120	248	56	128	64	52	12	320
30596537_zpid	30596537_zpid	11213	1530 Park Pl, Brooklyn, NY 11213	40.671863	-73.926609	0.207528022501	8	0.481212804208	4	0.628435729907	1	3	1.5	3432	700000	16	3449	1923	904	116	564	552	524	120	60	24	108	236	84	880
30670915_zpid	30670915_zpid	11218	192 Seeley St, Brooklyn, NY 11218	40.6546189	-73.975349	0.155766563944	5	0.302097444214	3	0.53859559092	1	8	2	1602	1225000	94	2500	1899	10	16	13	16	10	20	17	14	13	1	4	45
30750868_zpid	30750868_zpid	11210	965 E 37th St, Brooklyn, NY 11210	40.633238	-73.940623	0.260836878135	1	0.318960350958	1	0.594650724434	1	3	2	1440	410000	43	2000	1930	57	17	39	40	38	46	28	13	23	14	4	93
30748008_zpid	30748008_zpid	11235	2496 E 21st St, Brooklyn, NY 11235	40.591454	-73.949151	0.173559234169	12	0.339108275528	5	0.660513883467	2	5	2	3060	999000	0	2626	1930	42	13	6	24	7	26	34	26	31	4	1	99
30581116_zpid	30581116_zpid	11232	4016 7th Ave, Brooklyn, NY 11232	40.647861	-74.000628	0.285341543155	8	0.326339157642	7	0.560364640391	1	3	2	2100	1700000	11	2500	1915	76	44	29	34	34	47	23	12	11	12	7	90
30585792_zpid	30585792_zpid	11215	229 14th St, Brooklyn, NY 11215	40.666736	-73.989435	0.119518528329	16	0.183116033734	4	0.325394162989	3	3	2	1943	1410000	2	2000	1899	360	328	112	300	120	176	276	100	148	80	80	960
30645953_zpid	30645953_zpid	11208	316 Fountain Ave, Brooklyn, NY 11208	40.671921	-73.874802	0.178924656276	9	0.160380579255	5	0.447012443016	2	4	2	2000	200000	7	5000	1910	656	84	372	388	316	224	160	44	88	236	72	684
30663861_zpid	30663861_zpid	11210	3124 Farragut Rd, Brooklyn, NY 11210	40.636135	-73.946243	0.519913727813	2	0.347777789962	3	0.38579149179	2	7	3	2909	535000	8	3500	1920	330	30	183	173	165	64	40	15	38	69	7	331
30691296_zpid	30691296_zpid	11220	709 66th St, Brooklyn, NY 11220	40.633178	-74.014652	0.365621653767	12	0.0434891974578	7	0.361010764824	1	6	2	1620	860000	9	2075	1935	32	11	16	20	9	36	47	23	7	10	3	87
30567263_zpid	30567263_zpid	11201	15 Willow St, Brooklyn, NY 11201	40.7008337	-73.9940226	0.243233262402	14	0.37817091692	2	0.270306604155	3	7	4.5	4810	4810000	23	1813	1834	92	260	40	92	40	44	116	80	68	24	20	364
29840662_zpid	29840662_zpid	10475	3329 Delavall Ave, Bronx, NY 10475	40.8593404	-73.8179605	0.768985835914	0	0.64759872064	2	1.04860841003	0	2	2	1600	335000	38	3484	1925	0	0	0	1	0	0	3	2	0	0	1	0
30706834_zpid	30706834_zpid	11214	1949 77th St, Brooklyn, NY 11214	40.610403	-73.993702	0.13055858455	15	0.153848262969	7	0.678028694618	2	4	4	640	605000	99	1999	1930	51	8	22	28	13	38	39	20	20	9	6	88
30622389_zpid	30622389_zpid	11211	38 Richardson St, Brooklyn, NY 11211	40.71801	-73.950712	0.0890410946858	15	0.330294613939	2	0.463396960499	5	10	3.5	3600	910000	87	2500	1930	21	95	13	45	9	15	31	15	12	5	11	124
30698585_zpid	30698585_zpid	11209	472 82nd St, Brooklyn, NY 11209	40.624459	-74.025474	0.0630677322967	14	0.0563256302473	4	0.316143294914	2	7	3	3192	1375000	0	2400	1910	136	60	44	52	41	42	36	35	13	32	5	225
30671092_zpid	30671092_zpid	11218	28 E 4th St, Brooklyn, NY 11218	40.651936	-73.978354	0.194994798112	7	0.175084914562	2	0.323192026537	1	6	3.75	3000	1900000	8	2500	1899	68	96	48	84	52	92	104	108	72	8	20	224
29832059_zpid	29832059_zpid	10466	731 E 226th St, Bronx, NY 10466	40.88832	-73.858731	0.157212992944	6	0.232698254519	2	0.139493489357	3	4	3	2092	400000	0	2848	1899	1256	104	492	552	496	344	112	48	196	260	84	888
29828257_zpid	29828257_zpid	10469	3710 Paulding Ave, Bronx, NY 10469	40.879076	-73.855259	0.523842504223	5	0.687991658668	1	0.82151706023	0	3	2.5	1534	420000	2	1568	1945	100	10	50	73	57	62	9	6	33	18	12	98
30691344_zpid	30691344_zpid	11220	152 Wakeman Pl, Brooklyn, NY 11220	40.639863	-74.027976	0.362605581175	8	0.447280241925	3	0.669311179811	1	3	2	1368	605000	99	1080	1940	35	16	24	25	15	24	24	31	7	11	2	56
55540728_zpid	55540728_zpid	10455	411 E 153rd St, Bronx, NY 10455	40.818931	-73.915865	0.391939743265	4	0.152188866139	9	0.352267660324	2	5	2	1960	480000	2	1960	1995	64	28	32	46	41	16	21	3	10	8	12	151
30768610_zpid	30768610_zpid	11236	740 E 83rd St, Brooklyn, NY 11236	40.637504	-73.9120949	0.0770088493199	6	0.114183838136	2	1.33654728117	0	6	4	2740	640000	120	2000	1960	37	7	29	21	11	80	30	14	31	12	12	107
30705272_zpid	30705272_zpid	11204	2152 73rd St, Brooklyn, NY 11204	40.609665	-73.987171	0.325294215551	12	0.368366485784	6	0.511271417292	1	5	3	2480	1075000	14	2800	1930	62	18	26	39	41	40	20	22	22	10	2	92
30690484_zpid	30690484_zpid	11219	1347 Bay Ridge Ave, Brooklyn, NY 11219	40.623102	-74.002467	0.170393263258	9	0.36212231005	3	0.495593010435	3	9	4	2904	1350000	9	4000	1910	172	36	52	60	36	164	188	144	48	24	56	324
83178458_zpid	83178458_zpid	10460	1661 Adams St, Bronx, NY 10460	40.8401836	-73.870215	0.165482226051	2	0.558352181857	2	0.335006950227	1	5	3	3916	725000	101	1306	2007	263	27	82	101	110	54	25	15	36	52	28	164
30699919_zpid	30699919_zpid	11209	156 87th St, Brooklyn, NY 11209	40.623361	-74.035065	0.345955454831	8	0.462759267825	2	0.568286745516	1	4	1.5	1920	849000	15	2100	1920	61	35	22	40	16	48	31	20	12	5	4	110
30649950_zpid	30649950_zpid	11208	613 Atkins Ave, Brooklyn, NY 11208	40.664087	-73.873898	0.450486564388	5	0.318173720284	4	0.864883634291	0	8	2	2420	449500	28	3049	1910	52	8	50	40	31	19	33	6	12	19	6	108
30581284_zpid	30581284_zpid	11232	862 41st St, Brooklyn, NY 11232	40.645034	-73.99709	0.156160351012	4	0.186267923921	4	0.272383673446	2	4	2.5	2180	760000	19	2003	1945	220	108	104	104	100	192	52	44	28	28	20	288
30642961_zpid	30642961_zpid	11208	204 Lincoln Ave, Brooklyn, NY 11208	40.685125	-73.86993	0.270556676603	6	0.172404991609	4	0.390007005583	3	4	5	3300	589000	0	1750	1915	106	36	52	86	50	65	37	12	60	39	7	187
30723934_zpid	30723934_zpid	11230	807 E 19th St, Brooklyn, NY 11230	40.631059	-73.958295	0.248703521982	8	0.557143522092	5	0.345650876094	3	5	4	2533	1399000	0	4791	1910	133	13	72	69	80	35	27	29	15	18	4	100
30632733_zpid	30632733_zpid	11212	739 Thomas S Boyland St, Brooklyn, NY 11212	40.662563	-73.911539	0.21584610783	6	0.288998047751	6	0.22260352215	2	6	2	2400	430000	67	2400	1930	384	40	352	212	164	144	156	56	112	56	44	452
30794282_zpid	30794282_zpid	11229	73 Bartlett Pl, Brooklyn, NY 11229	40.5901712	-73.925116	0.240173163346	2	1.23453657382	0	2.48177347947	0	2	2	756	260000	19	1750	1920	8	24	4	64	4	4	116	44	84	4	16	144
30731087_zpid	30731087_zpid	11214	185 Bay 44th St, Brooklyn, NY 11214	40.590598	-73.988465	0.319815715767	4	0.776795287822	0	0.442845869363	1	5	2	2142	870000	7	2062	1950	52	32	28	72	20	80	132	88	108	28	20	244
30761887_zpid	30761887_zpid	11234	4140 Kings Hwy, Brooklyn, NY 11234	40.62494	-73.933678	0.23795309521	8	0.579048395822	1	1.47119522897	0	5	2.5	2454	525250	19	2300	1945	33	8	16	23	21	36	27	17	15	4	1	74
30589781_zpid	30589781_zpid	11238	659 Washington Ave, Brooklyn, NY 11238	40.6776268	-73.9634927	0.0979946460521	12	0.157678289133	6	0.588626156174	7	2	2	3080	1400000	28	946	1931	145	185	62	82	72	44	47	44	44	35	18	225
29846599_zpid	29846599_zpid	10465	232 Throggs Neck Blvd, Bronx, NY 10465	40.818155	-73.812716	0.39761689884	4	0.457027288563	1	3.48472038117	0	5	3	2305	510000	64	2535	1930	24	40	4	28	20	48	84	48	48	24	36	260
29796928_zpid	29796928_zpid	10472	2164 Cross Bronx Expy, Bronx, NY 10472	40.8307418	-73.8524202	0.137905695377	11	0.49899568694	6	0.398023027836	1	5	2.5	2100	455000	103	3348	1958	65	13	48	50	35	29	26	5	31	17	9	88
30747830_zpid	30747830_zpid	11235	2458 E 16th St, Brooklyn, NY 11235	40.5907359	-73.954102	0.11847507992	12	0.213721383708	4	0.427479192822	2	6	2.5	2300	425000	146	2378	1984	71	12	10	30	19	38	28	24	25	8	3	95
30694028_zpid	30694028_zpid	11209	259 73rd St, Brooklyn, NY 11209	40.633241	-74.027991	0.0793930747286	14	0.241418770432	4	0.434566935273	2	5	3	3120	920000	23	2000	1925	146	32	48	51	38	41	46	108	23	18	5	159
30566262_zpid	30566262_zpid	11201	16 Duffield St, Brooklyn, NY 11201	40.6978873	-73.9842292	0.160373498973	9	0.312404591768	3	0.444905640513	7	6	4	2800	1585000	26	1523	1901	32	200	12	60	12	16	112	52	64	16	8	304
30734780_zpid	30734780_zpid	11223	116 Lake St, Brooklyn, NY 11223	40.601211	-73.97376	0.38492656307	5	0.187384770555	4	0.252679888802	4	6	3	3600	812000	15	2435	1930	29	20	15	23	9	62	26	77	28	6	3	102
94716689_zpid	94716689_zpid	10460	1820 Mohegan Ave APT 3, Bronx, NY 10460	40.8403924	-73.8881781	0.514084501733	8	0.315779952921	3	0.347598297845	2	8	7	4293	460000	22	1750	2007	700	96	388	384	380	64	72	12	108	108	52	680
30714557_zpid	30714557_zpid	11228	305 Bay 10th St, Brooklyn, NY 11228	40.604712	-74.01491	0.37781597383	3	0.705204028111	1	1.17041429614	0	4	2	1860	825000	4	1933	1955	28	8	8	24	4	32	52	60	32	4	8	120
30748257_zpid	30748257_zpid	11235	2450 E 27th St, Brooklyn, NY 11235	40.592217	-73.943547	0.243511436192	12	0.300269631261	2	1.0380187007	0	6	5	2112	766000	16	2221	1940	204	60	48	52	32	96	88	116	88	4	4	252
30661851_zpid	30661851_zpid	11203	492 E 42nd St, Brooklyn, NY 11203	40.643277	-73.937495	0.368106234059	4	0.697620278373	2	0.989306940342	0	2	2	1590	365000	0	2151	1940	33	7	9	14	12	33	17	4	18	11	2	75
29793946_zpid	29793946_zpid	10473	2249 Turnbull Ave, Bronx, NY 10473	40.8244705	-73.8469995	0.451041191626	3	0.480185606029	2	1.1610004621	0	4	1.5	1800	407550	19	2575	1970	80	48	52	28	20	88	44	16	36	16	24	180
30782903_zpid	30782903_zpid	11234	2270 E 74th St, Brooklyn, NY 11234	40.618147	-73.90227	0.702887343522	1	0.611848449631	1	3.17358308099	0	4	2	2520	779000	0	4000	1930	3	7	4	10	2	10	20	7	14	2	3	44
30585241_zpid	30585241_zpid	11215	427 11th St, Brooklyn, NY 11215	40.666663	-73.9841999	0.187955539364	19	0.15553861264	6	0.331758397153	4	2	2.5	1114	1427427	2	877	1901	76	84	26	68	22	40	71	39	29	20	26	246
30620472_zpid	30620472_zpid	11222	188 Guernsey St, Brooklyn, NY 11222	40.7271393	-73.9545658	0.0774630799896	17	0.15575383787	4	0.337408843937	2	3	2	1726	725000	51	2482	1901	59	82	22	48	25	42	35	26	21	14	11	174
30777687_zpid	30777687_zpid	11236	10522 Flatlands 5th St, Brooklyn, NY 11236	40.642257	-73.887844	0.747310474936	1	0.603855069204	3	1.2802838135	0	4	3.5	2475	560000	17	4300	1970	68	8	36	32	32	32	40	16	52	28	24	160
83045439_zpid	83045439_zpid	11233	36A Rochester Ave, Brooklyn, NY 11233	40.677895	-73.927767	0.236387677219	4	0.347765523128	3	0.298782184597	2	4	3	2808	650000	85	1372	2007	92	33	57	81	60	15	13	2	28	32	15	137
30735581_zpid	30735581_zpid	11223	2028 W 4th St, Brooklyn, NY 11223	40.598067	-73.976139	0.165808351496	4	0.177778831263	4	0.261889656627	5	4	3	2350	915000	6	2000	1930	21	21	10	33	10	59	22	58	23	3	7	103
30793352_zpid	30793352_zpid	11229	9 Canton Ct, Brooklyn, NY 11229	40.5864973	-73.9199651	0.43495925889	1	1.74844952089	0	2.89070404981	0	5	3	3000	505000	35	1785	1920	2	3	1	13	0	0	16	8	13	2	2	26
30760937_zpid	30760937_zpid	11234	1424 E 49th St, Brooklyn, NY 11234	40.626389	-73.928975	0.220624635432	9	0.334739222716	1	1.73268616568	0	3	2.5	1872	445000	0	2200	1930	96	64	40	68	28	204	112	72	96	8	12	324
30788515_zpid	30788515_zpid	11234	2440 E 66th St, Brooklyn, NY 11234	40.610781	-73.907016	0.725292647975	1	0.746866277458	1	4.01714408825	0	4	3	2592	1060000	7	5450	1960	2	10	2	5	1	7	8	11	12	1	1	35
30748505_zpid	30748505_zpid	11235	2452 Brigham St, Brooklyn, NY 11235	40.593237	-73.934085	0.169493146418	8	0.514456748437	3	1.79551495647	0	5	3	2265	650000	4	2000	1955	6	12	9	2	5	2	6	7	4	2	1	41
30781834_zpid	30781834_zpid	11234	2064 E 63rd St, Brooklyn, NY 11234	40.616216	-73.913821	0.310626530339	6	0.389630645079	1	3.40420696509	0	5	2	2080	555000	25	2233	1955	13	10	8	7	4	19	19	6	16	1	3	55
30788157_zpid	30788157_zpid	11234	26 Barlow Dr N, Brooklyn, NY 11234	40.610652	-73.905765	0.778174473251	0	0.795384361792	0	4.02135010448	0	3	4	2584	995000	6	5730	1960	0	36	8	16	4	20	36	20	52	8	0	128
30719207_zpid	30719207_zpid	11204	1534 W 9th St, Brooklyn, NY 11204	40.609424	-73.983159	0.105137050655	14	0.20494160502	7	0.294268019942	2	3	2	1440	372000	169	2700	1930	572	112	152	204	260	296	84	136	76	48	28	504
30738807_zpid	30738807_zpid	11223	2326 E 2nd St, Brooklyn, NY 11223	40.592418	-73.968985	0.179139692765	2	0.716659533193	1	0.543230118469	2	3	3	1272	900000	7	2667	1920	200	44	64	92	40	176	152	148	64	24	16	384
30656572_zpid	30656572_zpid	11203	823 E 49th St, Brooklyn, NY 11203	40.64127	-73.929993	0.167209897457	7	0.968166224717	0	1.56252134061	0	2	1	3840	615000	92	2550	1930	94	18	20	22	19	48	36	13	26	17	5	122
30756515_zpid	30756515_zpid	11234	1568 E 37th St, Brooklyn, NY 11234	40.617056	-73.9386619	0.423561429721	4	0.164237011258	4	1.75339665332	0	3	1	1472	650000	4	2000	1925	18	15	14	25	6	45	20	22	32	6	3	105
30770304_zpid	30770304_zpid	11236	1177 E 82nd St, Brooklyn, NY 11236	40.631952	-73.9063539	0.671906228096	5	0.694633603659	2	1.68025801834	0	3	1	1120	399000	0	1600	1960	46	8	16	25	10	68	26	7	26	7	8	67
29841176_zpid	29841176_zpid	10465	3239 Fairmount Ave, Bronx, NY 10465	40.836563	-73.81984	0.197645138743	2	0.163906806365	1	1.56534689519	0	3	1.5	1564	485000	97	1800	1955	5	5	7	8	7	9	26	13	10	4	3	39
29842380_zpid	29842380_zpid	10461	2868 Wellman Ave, Bronx, NY 10461	40.841239	-73.8342996	0.263143093015	4	0.812653201657	0	0.338128602673	3	3	1.5	1302	424000	6	2025	1930	71	18	22	18	15	45	27	25	14	11	4	97
30643221_zpid	30643221_zpid	11208	203 Pine St, Brooklyn, NY 11208	40.681728	-73.872317	0.197158349364	8	0.277246897335	7	0.204913946991	3	5	3	2000	520000	20	2700	1925	129	34	74	90	58	56	34	12	84	37	9	225
30639270_zpid	30639270_zpid	11207	393 Ashford St, Brooklyn, NY 11207	40.672669	-73.884553	0.19537568553	9	0.498579487631	3	0.359923900636	3	6	3	2000	430000	26	1800	1901	38	13	29	34	24	20	23	4	23	17	9	90
30669095_zpid	30669095_zpid	11226	415 E 23rd St, Brooklyn, NY 11226	40.6399518	-73.9559467	0.0436331987303	10	0.156792398533	4	0.636551499302	2	4	3	1960	715000	13	2038	1910	535	105	240	257	223	55	36	27	58	106	14	396
30615441_zpid	30615441_zpid	11217	54 Saint Felix St, Brooklyn, NY 11217	40.6884063	-73.9778883	0.263890711095	10	0.177245781527	3	0.220501337989	10	5	4	3369	3200000	0	1211	2001	63	72	23	36	14	10	37	27	24	17	12	146
30701981_zpid	30701981_zpid	11209	340 97th St, Brooklyn, NY 11209	40.6152113	-74.0332955	0.108587726399	9	0.156175968367	3	0.204337000795	1	3	2	1260	670000	6	867	1925	202	35	29	29	30	59	48	47	8	10	6	138
30682104_zpid	30682104_zpid	11204	2039 66th St, Brooklyn, NY 11204	40.615453	-73.985272	0.226424978187	12	0.3433024611	7	0.218841743569	3	4	2	1	685000	69	2300	1915	89	15	34	50	44	60	38	40	26	10	5	141
30739828_zpid	30739828_zpid	11223	33 Dank Ct, Brooklyn, NY 11223	40.5868115	-73.9731835	0.146903560582	4	0.127120135669	2	0.325380974203	2	6	3	2812	999999	0	1999	1965	67	11	7	13	6	14	29	20	13	1	4	70
30749805_zpid	30749805_zpid	11235	2675 E 21st St, Brooklyn, NY 11235	40.587018	-73.947719	0.126555025834	10	0.466950626567	2	0.544257226197	1	4	4	2750	855000	9	2000	1965	216	56	44	132	20	192	132	96	148	28	20	516
29842822_zpid	29842822_zpid	10461	2992 Zulette Ave, Bronx, NY 10461	40.842039	-73.829365	0.243252675753	6	0.423272986755	1	0.595712087708	2	3	2	1704	446000	7	2500	1920	216	48	60	56	56	164	132	56	24	32	12	320
30646698_zpid	30646698_zpid	11207	754 New Jersey Ave, Brooklyn, NY 11207	40.660792	-73.891532	0.210967078918	3	0.19193296817	5	0.513476342977	3	3	1	1444	449000	0	1853	1925	235	17	131	125	130	27	47	10	40	71	15	238
30739723_zpid	30739723_zpid	11235	736 Avenue X, Brooklyn, NY 11235	40.5913435	-73.9616817	0.398474440231	11	0.760340317307	0	0.701812938274	1	4	3	1932	633000	89	2217	1945	34	10	7	12	11	34	23	21	14	4	2	44
30671493_zpid	30671493_zpid	11218	118 E 4th St, Brooklyn, NY 11218	40.649619	-73.977936	0.170274840198	11	0.584244202662	1	0.18355531909	2	5	2	2500	1400000	21	3100	1910	152	120	72	120	76	136	100	128	76	24	20	372
30783566_zpid	30783566_zpid	11234	1838 Marine Pkwy, Brooklyn, NY 11234	40.609303	-73.938811	0.445128726145	4	0.489083055502	1	1.60757342346	0	3	1	1345	775000	2	3100	1925	1	6	3	1	1	9	12	13	14	3	1	24
94719918_zpid	94719918_zpid	11207	46 Schenck Ave, Brooklyn, NY 11207	40.6802916	-73.8905949	0.221219631673	4	0.175585616435	4	0.292600486299	2	8	3	3524	560000	36	1850	2008	105	42	68	81	53	66	49	35	46	32	11	164
30780058_zpid	30780058_zpid	11234	1127 E 73rd St, Brooklyn, NY 11234	40.62777	-73.9152019	0.663595913248	3	0.394630586931	2	2.38562701604	0	7	5	3388	899000	0	3008	1986	96	12	60	32	32	192	24	116	48	40	20	288
30733718_zpid	30733718_zpid	11224	4911 Surf Ave, Brooklyn, NY 11224	40.578519	-74.010253	0.0832091276669	2	0.715880348006	1	2.45666474551	0	8	5	3762	689000	142	5356	1930	44	20	12	60	16	0	52	0	32	4	8	68
83043753_zpid	83043753_zpid	11207	279 Ashford St, Brooklyn, NY 11207	40.675654	-73.885333	0.216045416773	8	0.45212429314	5	0.422486910407	4	6	3	3115	535600	126	2250	2005	44	20	41	45	28	50	26	13	31	20	8	131
30690536_zpid	30690536_zpid	11219	1435 Bay Ridge Ave, Brooklyn, NY 11219	40.621943	-74.000585	0.234630484265	8	0.254070460641	2	0.299690087016	3	6	3	1596	690000	122	1454	1920	164	32	52	56	36	144	92	108	36	24	20	284
30641664_zpid	30641664_zpid	11208	79 Hemlock St, Brooklyn, NY 11208	40.68807	-73.871886	0.189511101613	7	0.226437541128	5	0.215688154192	3	6	3	3192	456300	130	1999	1925	79	32	52	70	38	59	37	15	42	32	6	161
30776688_zpid	30776688_zpid	11236	1119 E 103rd St, Brooklyn, NY 11236	40.643053	-73.891819	0.566944363722	5	0.53181309469	3	0.937311566248	0	5	2.5	2210	552000	27	2000	1960	180	20	72	92	56	120	68	28	44	56	28	292
29851851_zpid	29851851_zpid	10463	680 W 232nd St, Bronx, NY 10463	40.8844769	-73.915683	0.461527639369	6	0.552595281211	2	0.846915349762	0	3	2.5	8538	1295000	0	8566	1960	34	10	5	19	12	17	34	11	9	1	3	37
30599868_zpid	30599868_zpid	11233	599 Bainbridge St, Brooklyn, NY 11233	40.683234	-73.913148	0.150440561421	6	0.16335740626	4	0.230398058581	4	4	4.5	2430	368000	24	2400	1901	162	36	131	123	93	17	30	9	43	64	12	182
30659497_zpid	30659497_zpid	11203	230 E 35th St, Brooklyn, NY 11203	40.649639	-73.944903	0.309942755561	5	0.269010618785	4	0.416729778932	2	3	2.5	1344	480000	5	2000	1965	556	84	448	388	332	264	52	20	108	120	40	472
30633336_zpid	30633336_zpid	11212	548 Chester St, Brooklyn, NY 11212	40.6580323	-73.9089721	0.0929358561291	6	0.206475399953	4	0.505813862962	2	5	2.5	1880	525000	0	1197	1930	169	17	125	101	82	32	35	13	49	38	12	195
30719671_zpid	30719671_zpid	11204	1528 W 1st St, Brooklyn, NY 11204	40.609344	-73.975448	0.103091285261	11	0.372755712443	7	0.217399594773	5	3	2	1056	680000	21	2320	1920	134	16	24	25	30	57	13	18	7	5	5	70
30676242_zpid	30676242_zpid	11230	307 Parkville Ave, Brooklyn, NY 11230	40.632705	-73.968411	0.354790365759	10	0.13335213663	6	0.543381692472	2	6	3	1296	500000	19	1371	1920	81	40	55	46	48	53	38	49	30	17	10	139
30609385_zpid	30609385_zpid	11216	827 Marcy Ave, Brooklyn, NY 11216	40.68535	-73.946967	0.132725052654	10	0.294025071781	9	0.579895880707	2	6	5	3600	1300000	10	2000	1901	171	78	87	132	96	29	40	18	58	63	26	230
30643730_zpid	30643730_zpid	11208	939 Liberty Ave, Brooklyn, NY 11208	40.677786	-73.874798	0.170022026193	10	0.325179185062	5	0.351520666278	4	8	3	2700	593000	5	1799	1920	129	17	76	77	57	51	53	13	54	27	12	206
30696275_zpid	30696275_zpid	11209	7725 Colonial Rd, Brooklyn, NY 11209	40.630588	-74.033695	0.467211536421	8	0.792973026655	0	0.697881354463	1	3	2	1478	1350000	0	2600	1925	200	124	52	56	52	140	168	344	56	16	8	316
30638423_zpid	30638423_zpid	11207	180 Van Siclen Ave, Brooklyn, NY 11207	40.6757004	-73.8913233	0.37060780885	7	0.432427851026	4	0.232808563927	5	4	2	1760	450000	100	2500	1901	452	100	336	448	316	352	164	120	172	212	72	936
29787396_zpid	29787396_zpid	10463	114 Van Cortlandt Ave W, Bronx, NY 10463	40.884172	-73.893907	0.352749740727	3	0.161861259785	2	0.588598309284	2	3	2.5	1406	405600	52	1548	1945	2004	56	184	268	192	92	116	68	76	60	52	416
30626797_zpid	30626797_zpid	11221	37 Goodwin Pl, Brooklyn, NY 11221	40.6916634	-73.9235876	0.170843857098	10	0.0936073390773	4	0.252202715931	2	6	3	2200	250000	148	22	1901	241	63	95	142	115	46	39	17	67	47	34	291
30769858_zpid	30769858_zpid	11236	1076 E 82nd St, Brooklyn, NY 11236	40.633293	-73.908588	0.447775301722	5	0.456350894467	2	1.59252313159	0	6	4	2687	329000	164	2687	1960	172	20	56	92	28	292	116	36	112	28	24	352
30609602_zpid	30609602_zpid	11216	409 Putnam Ave, Brooklyn, NY 11216	40.684829	-73.944954	0.13798936658	9	0.315532449517	8	0.621203458687	2	10	3	3360	654241	12	1500	1915	660	372	384	572	400	84	140	72	200	232	84	900
30591884_zpid	30591884_zpid	11216	665 Park Pl, Brooklyn, NY 11216	40.674187	-73.955639	0.217467013175	16	0.492928805896	4	0.179796456276	5	6	4	2500	1895000	19	2358	1901	224	53	121	134	116	21	25	10	25	43	24	171
30774981_zpid	30774981_zpid	11236	962 E 107th St, Brooklyn, NY 11236	40.647173	-73.892242	0.108442852151	3	0.0759028632932	4	0.719361632529	1	5	5	2717	565000	1	1992	1960	140	28	68	56	40	76	32	4	40	24	32	292
89073142_zpid	89073142_zpid	10456	316 E 166th St, Bronx, NY 10456	40.8299792	-73.9142053	0.0191593821599	9	0.297926298448	7	0.477450052337	2	6	3	2436	446800	57	1002	2009	469	58	193	209	241	31	32	5	81	63	28	299
30755237_zpid	30755237_zpid	11234	3518 Avenue M, Brooklyn, NY 11234	40.619928	-73.940146	0.430882782289	2	0.251351086034	3	1.57029169169	0	3	1.5	2242	659000	4	2050	1930	35	9	19	16	8	27	20	15	17	6	3	80
30778273_zpid	30778273_zpid	11236	1538 E 95th St, Brooklyn, NY 11236	40.6349329	-73.894216	0.337861059824	6	0.283783645545	4	1.45543584656	0	5	2.5	1596	363000	32	43	1920	36	13	19	26	4	52	19	15	15	11	0	75
30776243_zpid	30776243_zpid	11236	1351 E 96th St, Brooklyn, NY 11236	40.639333	-73.896826	0.190573575833	5	0.215332785879	3	0.918836600194	0	3	2.5	1040	360000	22	2800	1920	44	16	27	25	15	48	22	12	13	16	4	86
30591229_zpid	30591229_zpid	11213	1449 Dean St, Brooklyn, NY 11213	40.676589	-73.940351	0.0963651841886	9	0.475497156704	6	0.37337798348	2	6	3.5	2505	720000	35	2081	1910	188	38	92	101	91	25	19	7	32	41	20	184
30656353_zpid	30656353_zpid	11203	5475 Kings Hwy, Brooklyn, NY 11203	40.643095	-73.924835	0.268876893731	4	0.902925357435	0	1.98143886485	0	6	4	2266	545000	22	1518	1940	99	19	20	15	16	23	28	10	9	9	6	87
30740065_zpid	30740065_zpid	11235	2516 Hubbard St, Brooklyn, NY 11235	40.588601	-73.963548	0.262210990508	8	0.742062050265	1	0.816426162021	0	6	4	3136	209500	319	3230	1920	20	11	8	15	7	36	39	24	15	7	2	59
30581709_zpid	30581709_zpid	11217	130 Saint Marks Pl APT 2L, Brooklyn, NY 11217	40.6809903	-73.9780626	0.0806400906824	12	0.187088845912	5	0.250912789871	8	1	1	760	705000	18	2500	1894	74	217	34	41	31	49	52	69	40	12	26	217
30794760_zpid	30794760_zpid	11229	119 Celeste Ct, Brooklyn, NY 11229	40.595985	-73.930909	0.451842891114	6	0.641101858501	1	2.05160458145	0	4	3	1887	500000	23	3570	1925	20	72	0	24	8	28	72	24	72	12	8	128
30657836_zpid	30657836_zpid	11203	125 E 45th St, Brooklyn, NY 11203	40.65902	-73.935704	0.400724640074	7	0.386738730632	3	1.12396623012	0	3	2	1720	237500	30	2000	1950	121	20	88	71	56	43	34	21	29	30	9	132
30619372_zpid	30619372_zpid	11249	64 S 4th St, Brooklyn, NY 11249	40.7125739	-73.965568	0.0662123532254	9	0.287101177929	3	0.801193825357	0	4	4	3344	3750000	0	1800	1899	112	348	32	132	36	88	88	144	80	12	32	384
30691323_zpid	30691323_zpid	11220	6664 Sedgwick Pl, Brooklyn, NY 11220	40.639811	-74.029301	0.366130454259	7	0.467379427118	2	0.735661117001	1	3	1.5	1400	635000	95	2000	1925	34	13	23	24	15	26	17	28	6	10	1	63
30771566_zpid	30771566_zpid	11236	22 Paerdegat 11th St, Brooklyn, NY 11236	40.628622	-73.904241	0.992899367612	0	0.82930362322	0	2.0174490428	0	6	3	2450	580000	10	1983	1965	152	12	52	64	32	176	80	24	104	20	28	160
30769084_zpid	30769084_zpid	11236	963 E 79th St, Brooklyn, NY 11236	40.633955	-73.912476	0.14206665273	5	0.160999651602	3	1.67453154264	0	4	2.5	2088	600000	2	2933	1939	96	28	64	68	36	248	112	40	84	28	28	296
29834450_zpid	29834450_zpid	10466	1120 E 225th St, Bronx, NY 10466	40.883631	-73.848509	0.0560908230191	7	0.0552018921321	3	0.993236458872	0	8	5	3599	240000	10	2299	1988	156	36	84	48	52	192	32	8	108	40	36	168
30623068_zpid	30623068_zpid	11211	32 Devoe St, Brooklyn, NY 11211	40.712979	-73.9502739	0.140582165932	16	0.224206805503	7	0.140924036383	4	4	2	2220	1595000	30	2005	1901	63	149	50	80	47	34	41	19	20	13	14	202
30736765_zpid	30736765_zpid	11223	2138 W 6th St, Brooklyn, NY 11223	40.595496	-73.977692	0.14914399882	5	0.142567945443	3	0.251699922485	4	4	3	1760	475000	8	16	1925	140	56	28	128	40	180	92	132	100	16	32	344
89069559_zpid	89069559_zpid	11215	248 9th St # 3, Brooklyn, NY 11215	40.6703166	-73.989188	0.0935188989593	12	0.357861673944	3	0.0534844179529	3	2	1	1155	748000	18	1575	1899	66	83	29	56	25	37	58	36	31	20	19	229
