30612908_zpid	30612908_zpid	11238	120 Clifton Pl, Brooklyn, NY 11238	40.688007	-73.9595889	0.297040819324	10	0.29213990688	5	0.104606937584	3	4	2	2070	1650000	2	907	1899	77	77	40	61	35	12	26	13	31	11	20	99
30624141_zpid	30624141_zpid	11211	12 Sharon St, Brooklyn, NY 11211	40.715071	-73.938428	0.311811885478	8	0.433732012544	2	0.390731844282	2	4	2	1692	125000	273	1800	1950	24	121	12	40	17	26	32	11	23	12	17	134
30793919_zpid	30793919_zpid	11229	28 Eaton Ct, Brooklyn, NY 11229	40.587231	-73.9215107	0.313459932769	1	1.59938823159	0	2.75993739979	0	3	3	700	399000	15	1800	1925	2	3	1	13	0	0	28	9	20	2	5	36
30788878_zpid	30788878_zpid	11234	2664 E 66th St, Brooklyn, NY 11234	40.606958	-73.910044	1.00765717459	0	1.14573466009	0	3.97068781996	0	4	3	2116	1100000	0	4000	1960	3	5	1	6	2	18	7	28	21	2	1	33
30585869_zpid	30585869_zpid	11215	531 6th Ave, Brooklyn, NY 11215	40.665063	-73.986056	0.229368190487	20	0.278815704329	7	0.503881802357	5	4	3	1920	2400000	12	1313	1899	75	84	21	61	23	39	70	25	29	18	15	204
30656171_zpid	30656171_zpid	11203	5104 Clarendon Rd, Brooklyn, NY 11203	40.644249	-73.92834	0.205138192487	5	0.661930656095	1	1.74415014437	0	3	1.5	2472	325000	97	1999	1930	111	23	28	21	25	37	35	11	14	13	8	120
30652474_zpid	30652474_zpid	11203	53 E 57th St, Brooklyn, NY 11203	40.655009	-73.923675	0.106531760937	10	0.39228347212	2	0.948488711453	0	4	2.5	2556	510000	2	1841	1940	138	21	55	62	55	43	17	7	16	23	11	117
30702152_zpid	30702152_zpid	11209	445 99th St, Brooklyn, NY 11209	40.612932	-74.031704	0.156226357238	8	0.443293267894	2	0.36322790888	1	3	1	1680	630000	27	1675	1940	50	20	14	13	16	41	31	32	6	7	4	73
29781332_zpid	29781332_zpid	10474	632 Faile St, Bronx, NY 10474	40.8133539	-73.885868	0.198462307845	5	0.23149480359	3	0.932829532119	0	7	2.5	2480	381600	92	2478	1915	127	16	90	78	68	24	16	3	29	17	12	140
30736183_zpid	30736183_zpid	11223	2145 E 4th St, Brooklyn, NY 11223	40.598006	-73.967562	0.657478609219	3	0.405698113891	3	0.535454460075	2	3	1.5	1344	1489000	0	1800	1910	160	48	44	112	44	128	120	244	80	20	12	312
30735851_zpid	30735851_zpid	11223	2257 Mcdonald Ave, Brooklyn, NY 11223	40.597421	-73.972858	0.352433980766	2	0.384503493972	5	0.156945690245	4	4	2	2678	435000	138	2881	1920	72	76	28	124	16	196	104	276	96	16	20	380
30664627_zpid	30664627_zpid	11225	61 Midwood St, Brooklyn, NY 11225	40.659824	-73.958563	0.163762415881	13	0.320817105011	5	0.369651816039	3	5	3	3848	2150000	16	2000	1910	423	109	187	157	172	21	47	22	54	52	14	274
30608534_zpid	30608534_zpid	11221	475 Lexington Ave, Brooklyn, NY 11221	40.688799	-73.943094	0.212224669549	11	0.202715624126	4	0.729237073745	1	2	1	1680	35000	252	1400	1899	704	192	348	456	344	100	120	40	128	184	88	752
30788633_zpid	30788633_zpid	11234	577 Mayfair Dr S, Brooklyn, NY 11234	40.609702	-73.9121849	0.672861198274	1	0.871146298856	0	3.85791541819	0	3	3.5	2175	285000	252	2300	1965	2	7	2	6	3	20	6	23	20	2	1	28
62648298_zpid	62648298_zpid	11225	325 Winthrop St, Brooklyn, NY 11225	40.657373	-73.9492	0.0844978796882	6	0.120326478488	6	0.0705607531781	3	8	3	3420	374500	161	2118	2001	764	96	296	280	236	136	104	24	84	120	28	464
30671094_zpid	30671094_zpid	11218	32 E 4th St, Brooklyn, NY 11218	40.651801	-73.9783269	0.201254225988	6	0.556230023239	1	0.310663054891	1	3	2	1100	794000	27	2500	1899	68	96	60	92	52	92	112	108	68	12	20	232
30659417_zpid	30659417_zpid	11226	37 E 32nd St, Brooklyn, NY 11226	40.649943	-73.947261	0.276836681155	5	0.380398042617	6	0.219619333758	2	7	3	2480	586000	10	2500	1925	273	26	108	114	113	64	21	9	40	46	19	202
29840884_zpid	29840884_zpid	10461	1169 Crosby Ave, Bronx, NY 10461	40.835653	-73.827479	0.374814442462	5	0.590827652868	1	1.17894376012	0	3	3	1280	380000	14	1785	1925	5	8	0	8	0	12	18	13	4	0	1	28
30604823_zpid	30604823_zpid	11233	256 Malcolm X Blvd, Brooklyn, NY 11233	40.684379	-73.929667	0.0360897347489	6	0.246035612488	2	0.56542002253	1	3	1.5	900	1850000	13	2500	1910	119	61	82	108	58	15	18	10	32	30	20	154
29849268_zpid	29849268_zpid	10465	2828 Collis Pl, Bronx, NY 10465	40.814666	-73.817742	0.520154706193	3	0.532895016938	1	3.4626797133	0	4	2	1728	400000	1	1751	1950	8	8	2	4	4	9	13	6	11	4	6	40
30642322_zpid	30642322_zpid	11208	14 Danforth St, Brooklyn, NY 11208	40.686512	-73.872493	0.267954094992	5	0.257095654008	4	0.381744855523	3	7	2	2970	400000	88	1619	1901	97	40	68	87	47	74	41	17	61	46	8	195
30607283_zpid	30607283_zpid	11205	216 Walworth St, Brooklyn, NY 11205	40.692105	-73.954053	0.234410233124	10	0.189469071309	4	0.316923760927	3	3	1	1920	210000	89	2000	2012	139	70	33	60	34	32	42	33	25	14	19	159
30790128_zpid	30790128_zpid	11235	2926 Brighton 12th St, Brooklyn, NY 11235	40.581341	-73.95593	0.18932147499	12	0.322458680693	8	0.609783996855	2	1	1	1831	485000	38	2200	1940	972	192	236	332	216	280	192	116	164	112	80	824
30740594_zpid	30740594_zpid	11235	2821 Brighton 7th St, Brooklyn, NY 11235	40.582666	-73.961859	0.112423518506	11	0.213820056696	5	0.558902077378	1	9	4	2538	795000	0	2300	1920	404	136	140	240	100	280	212	128	124	72	88	656
30787930_zpid	30787930_zpid	11234	22 Montana Pl, Brooklyn, NY 11234	40.606337	-73.9036239	1.29038023044	0	1.30845960931	0	4.4895982607	0	3	2.5	2588	1200000	100	4300	1965	0	1	0	2	0	0	6	1	6	2	0	8
30614364_zpid	30614364_zpid	11238	497 Franklin Ave, Brooklyn, NY 11238	40.6816406	-73.955521	0.0229691158323	10	0.103713698828	7	0.0841722258007	4	4	3	2037	1100000	24	871	1930	284	332	188	264	168	108	112	44	84	56	116	536
30740108_zpid	30740108_zpid	11235	2533 E 6th St, Brooklyn, NY 11235	40.5881464	-73.9638834	0.279048777614	7	0.699310084154	1	0.834110471236	0	4	2	2040	640000	10	1900	1920	80	40	36	56	28	148	156	76	56	28	8	228
30775255_zpid	30775255_zpid	11236	1272 E 95th St, Brooklyn, NY 11236	40.640031	-73.899895	0.23644044103	6	0.380569325763	2	0.755535822043	0	3	2	1645	350000	4	5000	1899	52	19	22	22	18	48	25	12	17	18	8	93
30737502_zpid	30737502_zpid	11223	2268 W 7th St, Brooklyn, NY 11223	40.592596	-73.9779779	0.0552108163798	8	0.0689382470142	2	0.0254509843824	5	1	1	1240	579000	0	1240	1930	144	72	44	100	40	152	96	132	80	28	20	324
29841096_zpid	29841096_zpid	10465	1155 Vincent Ave, Bronx, NY 10465	40.836537	-73.8215589	0.213794587885	3	0.176150611775	1	1.47225111211	0	4	2.5	1714	200000	227	1361	1960	24	28	28	28	28	40	120	48	44	16	16	172
30695782_zpid	30695782_zpid	11209	225 77th St, Brooklyn, NY 11209	40.6306579	-74.030094	0.180589910062	14	0.577529532573	4	0.400468747083	2	8	3	2870	1300000	132	6534	1920	81	41	35	27	27	50	39	103	16	15	8	122
30708908_zpid	30708908_zpid	11228	1468 80th St, Brooklyn, NY 11228	40.614935	-74.006657	0.452775678611	9	0.422814363185	3	0.535347792807	1	3	1.5	1296	555000	50	2630	1920	6	16	4	17	1	25	36	43	20	6	2	58
30606612_zpid	30606612_zpid	11233	802 Herkimer St, Brooklyn, NY 11233	40.678194	-73.926831	0.265352502918	5	0.262851433654	3	0.353913991565	2	8	4	1800	559500	4	1800	1901	99	52	69	86	66	17	16	5	28	37	17	148
29846576_zpid	29846576_zpid	10465	3236 Schley Ave, Bronx, NY 10465	40.827397	-73.813602	0.683412767386	2	0.80255402492	0	2.64981234408	0	4	4	3200	580000	115	3290	2007	5	2	4	6	0	1	9	16	8	0	4	25
30602995_zpid	30602995_zpid	11221	948 Greene Ave, Brooklyn, NY 11221	40.690603	-73.929908	0.227641382285	9	0.334503043204	3	0.318579762786	2	6	5	3540	900000	2	1967	1899	209	71	108	137	125	57	34	18	39	63	40	295
29818652_zpid	29818652_zpid	10461	2070 Tenbroeck Ave, Bronx, NY 10461	40.856719	-73.852334	0.312010973274	3	0.785089474653	0	0.35503441062	2	3	2	2595	450000	22	3463	1940	20	2	3	5	1	11	21	9	6	3	2	43
30785424_zpid	30785424_zpid	11234	1963 Hendrickson St, Brooklyn, NY 11234	40.613158	-73.927329	0.358042971719	3	0.896675442588	0	2.62421936043	0	2	2	1386	475000	28	1875	1925	48	132	16	20	12	92	100	84	56	8	20	300
30665616_zpid	30665616_zpid	11226	65 Clarkson Ave, Brooklyn, NY 11226	40.655201	-73.9576249	0.102739411612	13	0.101478477549	8	0.326993873181	3	2	1	2606	270000	129	2250	1901	442	89	245	242	229	43	35	21	58	67	18	310
30647309_zpid	30647309_zpid	11208	740 Shepherd Ave, Brooklyn, NY 11208	40.666174	-73.878288	0.18053897368	6	0.328549748958	4	0.458531692279	1	4	3	1560	595100	4	2000	1910	364	36	300	288	220	100	152	36	92	120	64	580
30669617_zpid	30669617_zpid	11210	572 E 28th St, Brooklyn, NY 11210	40.636767	-73.950284	0.251892353897	3	0.299530914656	5	0.38977864044	2	4	2	1196	324450	70	2040	1930	291	33	151	136	119	53	34	19	35	56	9	282
29846657_zpid	29846657_zpid	10465	222 Throggs Neck Blvd, Bronx, NY 10465	40.817877	-73.812601	0.4176789083	4	0.476724036455	1	3.51567781473	0	2	2	960	399500	0	2000	1950	24	40	8	28	12	40	96	52	48	20	36	252
30713341_zpid	30713341_zpid	11214	113 Bay 25th St, Brooklyn, NY 11214	40.601732	-73.999659	0.150322220493	8	0.244519355298	9	0.338682958395	3	5	4	2408	1380000	2	2900	1920	170	20	47	54	41	83	39	38	19	19	10	176
30740436_zpid	30740436_zpid	11235	2860 Brighton 3rd St, Brooklyn, NY 11235	40.5815957	-73.9659708	0.178777569074	9	0.519737148869	7	0.59074275219	3	5	4	1800	575000	116	1600	1931	156	108	152	244	88	204	132	80	104	32	64	500
30614776_zpid	30614776_zpid	11216	19 Brevoort Pl, Brooklyn, NY 11216	40.680331	-73.954732	0.136511231499	11	0.219138786071	8	0.0970326754017	5	1	1	3600	300000	169	2823	1910	564	544	240	312	240	48	156	68	84	120	140	648
30567672_zpid	30567672_zpid	11201	51 Joralemon St, Brooklyn, NY 11201	40.693818	-73.997749	0.0675905610078	13	0.491503686155	4	0.565510022653	4	6	3	3192	3735000	33	1477	1915	184	304	80	100	60	52	192	120	88	16	48	524
30773160_zpid	30773160_zpid	11236	993 E 92nd St, Brooklyn, NY 11236	40.644753	-73.908477	0.0878841151341	3	0.819619554187	0	0.598409219641	1	6	3	2745	480000	0	1700	1935	43	8	30	32	18	59	35	6	12	22	8	112
30779258_zpid	30779258_zpid	11236	9818 Avenue N, Brooklyn, NY 11236	40.636188	-73.889946	0.275735847841	7	0.199155198242	4	1.53898123048	0	3	3	1046	365000	6	2000	1920	20	9	17	17	1	21	10	13	15	6	1	59
30660331_zpid	30660331_zpid	11203	976 Schenectady Ave, Brooklyn, NY 11203	40.649211	-73.933358	0.249293635379	5	0.252589993889	3	1.38165817103	0	4	2	2368	390000	0	1999	1920	143	13	67	56	62	38	27	3	24	28	10	147
29793587_zpid	29793587_zpid	10473	2057 Turnbull Ave, Bronx, NY 10473	40.823688	-73.853094	0.485078147135	4	0.448493041934	3	1.18442420364	0	3	2	1900	345000	44	3484	1935	320	88	92	96	56	84	72	20	60	44	28	256
2099139795_zpid	2099139795_zpid	11235	3042 Brighton 14 St # 1, Brooklyn, NY 11235	40.57889	-73.955556	0.102799909446	10	0.260225712095	6	0.50255835564	1	8	5	4047	1300000	0	2300	1931	796	212	228	272	204	224	220	112	164	120	56	728
30738893_zpid	30738893_zpid	11223	412 Avenue W, Brooklyn, NY 11223	40.592753	-73.967567	0.222457599457	6	0.737472572911	1	0.612618775296	2	3	3	2070	785000	5	2000	1950	56	8	16	25	12	42	40	29	13	5	3	74
30602518_zpid	30602518_zpid	11221	898 Lafayette Ave, Brooklyn, NY 11221	40.691355	-73.936488	0.283290783052	9	0.473403047416	5	0.655206553551	2	2	1	4000	105000	71	1800	1920	183	54	91	129	102	37	31	13	36	50	41	223
30757167_zpid	30757167_zpid	11234	1662 E 38th St, Brooklyn, NY 11234	40.615925	-73.93608	0.401430946629	3	0.297750656626	2	1.97945905843	0	3	1	1600	440000	17	20	1925	36	136	32	60	20	152	100	76	148	28	4	456
30602458_zpid	30602458_zpid	11221	850 Lafayette Ave, Brooklyn, NY 11221	40.691107	-73.938486	0.112548807047	12	0.319768068258	5	0.719806075048	1	17	8	4585	745500	42	2000	1931	198	51	102	145	90	39	29	14	43	54	30	236
30764686_zpid	30764686_zpid	11234	1529 E 55th St, Brooklyn, NY 11234	40.619362	-73.9218765	0.315845540828	11	0.655309730158	1	2.64359994886	0	3	2	1275	495000	3	1292	1970	13	22	7	7	10	37	27	13	21	3	9	126
29781265_zpid	29781265_zpid	10474	637 Manida St APT 3, Bronx, NY 10474	40.81294	-73.888272	0.176211215103	5	0.309655278531	3	0.772677252784	0	9	5	4000	440000	135	2500	1932	126	17	92	78	66	23	18	4	27	16	12	145
30731946_zpid	30731946_zpid	11214	2566 Cropsey Ave, Brooklyn, NY 11214	40.5905259	-73.9921279	0.106532366282	4	0.88477694775	0	0.731413526487	1	9	6	3420	775000	103	2384	1970	48	28	36	52	20	60	108	88	76	20	12	224
30789293_zpid	30789293_zpid	11235	39 Brighton 6th Ct, Brooklyn, NY 11235	40.5807593	-73.9623458	0.105681344856	8	0.208800417512	5	0.356135570048	2	8	6	2700	360000	6	1800	1910	640	244	268	364	160	292	224	128	196	112	104	980
30667877_zpid	30667877_zpid	11226	2314 Beverley Rd, Brooklyn, NY 11226	40.644534	-73.955145	0.284162408544	7	0.318282555074	4	0.526259107321	1	4	3	1500	249000	183	1500	1910	424	106	235	254	232	69	44	15	59	91	25	418
30664508_zpid	30664508_zpid	11225	215 Maple St, Brooklyn, NY 11225	40.660838	-73.953709	0.280564555165	10	0.351079736692	6	0.321262106322	3	6	3	3312	202000	218	2300	1910	443	86	180	158	161	35	46	20	42	65	17	283
30773162_zpid	30773162_zpid	11236	987 E 92nd St, Brooklyn, NY 11236	40.644838	-73.908578	0.0986260850998	3	0.81379945968	0	0.603159111273	1	5	3	2172	372319	2	1808	1935	172	32	116	124	72	212	136	24	48	88	32	444
30610428_zpid	30610428_zpid	11216	127 Halsey St, Brooklyn, NY 11216	40.682128	-73.948576	0.201051500243	10	0.152515900142	8	0.197802818696	5	6	4	3430	1600000	13	1463	1899	232	153	124	163	120	28	58	27	59	72	30	296
30783543_zpid	30783543_zpid	11229	1851 Madison Pl, Brooklyn, NY 11229	40.608856	-73.938799	0.494772269306	3	0.538164101572	1	1.60719741139	0	5	1.5	1800	780000	27	3100	1925	12	20	20	56	24	40	48	28	24	4	8	116
30651103_zpid	30651103_zpid	11212	147 E 95th St, Brooklyn, NY 11212	40.662397	-73.923973	0.12718482764	11	0.140865253253	6	0.283303658475	2	7	4	3198	451000	21	3250	1930	475	22	182	198	159	53	22	10	40	72	23	288
29779036_zpid	29779036_zpid	10456	676 E 158th St, Bronx, NY 10456	40.819769	-73.907601	0.216848102195	8	0.252236936023	10	0.365428933534	2	3	1.5	1152	329000	15	1528	1992	73	11	24	35	20	16	4	1	10	9	13	64
30687743_zpid	30687743_zpid	11220	845 58th St, Brooklyn, NY 11220	40.636107	-74.007033	0.191437714808	7	0.147508050997	7	0.36059348087	2	6	2	1922	1400000	15	2003	1920	79	20	31	33	12	60	41	29	13	16	5	175
30702889_zpid	30702889_zpid	11204	1847 70th St, Brooklyn, NY 11204	40.615705	-73.9916889	0.185804108676	12	0.268615422787	4	0.563211284197	3	3	3	2384	870000	4	2000	1930	280	84	124	260	112	208	160	156	84	52	32	560
30789399_zpid	30789399_zpid	11235	72 Brighton 1st Ln, Brooklyn, NY 11235	40.577066	-73.9665002	0.0877816540957	7	0.255924846859	8	0.188847938967	2	3	2	1554	310000	144	1800	1910	308	144	204	272	172	172	128	44	156	64	56	744
30635429_zpid	30635429_zpid	11212	492 Junius St, Brooklyn, NY 11212	40.662547	-73.901461	0.611775406386	3	0.271632170849	8	0.136175682477	5	3	1	1116	250000	69	784080	1985	13	9	11	3	1	9	17	0	9	4	4	29
30656710_zpid	30656710_zpid	11203	946 E 49th St, Brooklyn, NY 11203	40.638291	-73.930245	0.382955123909	8	1.10380077023	0	1.54582234148	0	3	3	1550	460000	14	2650	1940	164	36	44	84	52	144	120	40	72	40	20	368
89069348_zpid	89069348_zpid	11221	175 Marcus Garvey Blvd, Brooklyn, NY 11221	40.692314	-73.939596	0.146368926199	9	0.201537338872	5	0.638131508993	1	10	7	2862	1300000	0	2000	2008	588	200	248	412	272	120	100	44	104	172	116	728
29846132_zpid	29846132_zpid	10465	749 Vincent Ave, Bronx, NY 10465	40.8297669	-73.817779	0.495321021995	5	0.538825500056	2	2.21388041656	0	3	2	2100	435000	8	2100	1935	24	16	12	52	0	52	60	132	64	4	12	172
30587436_zpid	30587436_zpid	11215	619 3rd St, Brooklyn, NY 11215	40.668898	-73.974597	0.363502587092	14	0.501051369935	2	0.563742943763	1	6	3	4152	4133000	23	1900	1901	23	29	11	23	10	10	52	30	19	5	7	127
30735201_zpid	30735201_zpid	11223	2069 W 12th St, Brooklyn, NY 11223	40.596512	-73.982957	0.314300103415	8	0.26511914194	5	0.340147869592	3	5	4	2550	1040000	23	2550	1925	23	19	8	18	7	31	27	39	13	7	3	52
30733879_zpid	30733879_zpid	11224	5114 Ocean View Ave, Brooklyn, NY 11224	40.580337	-74.01018	0.136613581758	1	0.771798560504	0	2.42552037105	0	5	3	3008	500000	23	3283	1950	28	20	12	44	16	4	28	0	32	4	8	44
30712125_zpid	30712125_zpid	11214	17 Bay 17th St, Brooklyn, NY 11214	40.6071839	-74.003582	0.209743269631	10	0.0981509983628	7	0.178011431461	3	7	3	2512	838000	24	2613	1905	71	26	32	41	17	42	45	44	31	11	5	139
30619178_zpid	30619178_zpid	11249	114 S 2nd St, Brooklyn, NY 11249	40.713436	-73.963236	0.0927839593537	12	0.377713206923	4	0.684544552279	2	3	1	2800	1450000	49	2250	1910	96	372	32	116	32	92	84	60	76	12	32	392
29790379_zpid	29790379_zpid	10473	1524 Harding Park, Bronx, NY 10473	40.808652	-73.85733	0.878567038305	0	1.44856350285	0	2.68798688642	0	3	3	595	150000	0	1230	1925	116	40	76	72	36	56	60	44	40	64	12	240
30627930_zpid	30627930_zpid	11221	1101 Bushwick Ave, Brooklyn, NY 11221	40.690149	-73.918795	0.262871508858	7	0.453520222294	4	0.298953393833	2	5	3	1750	322000	58	1280	1905	211	69	107	164	106	45	40	8	72	53	51	237
30793610_zpid	30793610_zpid	11229	8 Melba Ct, Brooklyn, NY 11229	40.586883	-73.9254461	0.436584619968	2	1.29850718822	0	2.42700115448	0	4	2	1450	299000	22	1800	1930	2	3	1	14	0	0	29	10	20	1	4	37
30669478_zpid	30669478_zpid	11210	2341 Foster Ave, Brooklyn, NY 11210	40.638395	-73.9546249	0.159841352076	5	0.163429718995	4	0.553303233156	1	7	3	3564	1100000	0	2116	1910	115	17	69	65	47	25	14	9	12	32	6	132
30726004_zpid	30726004_zpid	11230	1432 E 17th St, Brooklyn, NY 11230	40.615136	-73.957935	0.296122178694	7	0.360506020045	7	0.30272584941	2	9	5	1928	1860500	3	4658	1998	560	112	224	356	204	352	184	172	92	52	12	724
30571262_zpid	30571262_zpid	11201	54 Wyckoff St, Brooklyn, NY 11201	40.686136	-73.991777	0.0940876565669	17	0.382475440778	4	0.0772441044946	5	3	1	781	2742500	105	2500	1900	40	64	10	47	8	18	41	29	16	10	6	156
30691328_zpid	30691328_zpid	11220	153 67th St, Brooklyn, NY 11220	40.639324	-74.028529	0.302390691862	8	0.396318941399	3	0.651655144048	1	4	2	1914	790000	14	2352	1925	35	14	23	24	15	24	21	30	6	10	2	51
30773503_zpid	30773503_zpid	11236	1036 E 92nd St, Brooklyn, NY 11236	40.643578	-73.907859	0.0598534508575	6	0.849080487948	0	0.612254445889	1	6	3	2224	535000	22	3234	1920	180	36	108	96	64	276	152	32	56	88	32	480
30769665_zpid	30769665_zpid	11236	12 Paerdegat 2nd St, Brooklyn, NY 11236	40.631807	-73.911814	0.357312896078	5	0.403773219511	4	1.85473501304	0	5	2	2165	620000	91	863794.7999999999	1965	96	16	48	40	20	116	72	8	76	16	8	180
30573351_zpid	30573351_zpid	11231	91 Pioneer St, Brooklyn, NY 11231	40.677954	-74.010051	0.21205743636	4	0.148573362687	4	1.14178220232	0	2	2	1632	86000	62	1250	1860	30	61	16	26	12	13	33	8	11	10	3	73
30630764_zpid	30630764_zpid	11207	891 Knickerbocker Ave, Brooklyn, NY 11207	40.6912027	-73.9045226	0.0719176087537	8	0.992112371453	0	0.274439325808	2	4	3	2450	6050000	24	2000	1910	73	27	46	65	54	13	14	11	27	32	13	129
30761847_zpid	30761847_zpid	11234	2040 E 41st St, Brooklyn, NY 11234	40.623613	-73.934354	0.198806973981	8	0.22131070543	2	1.52133332724	0	3	1.5	1833	450000	7	1833	1925	156	40	72	88	84	104	104	80	60	16	0	324
30623008_zpid	30623008_zpid	11211	296 Manhattan Ave, Brooklyn, NY 11211	40.7137919	-73.9457602	0.251459030002	16	0.140514219586	4	0.167799100442	4	5	5	3000	1495000	33	1500	1901	120	396	104	260	108	140	212	44	88	48	76	900
30731305_zpid	30731305_zpid	11214	2544 Harway Ave, Brooklyn, NY 11214	40.5918009	-73.991506	0.0591160277656	4	0.73535334739	1	0.732650082828	1	5	2.5	2223	730000	74	1783	1960	48	24	36	68	12	84	136	100	84	20	16	248
29826264_zpid	29826264_zpid	10467	3628 Olinville Ave, Bronx, NY 10467	40.880514	-73.866618	0.158256234013	4	0.265095732485	2	0.331442109596	3	2	1	2112	325000	132	3808	1925	209	17	80	82	79	38	26	8	25	29	18	167
30768209_zpid	30768209_zpid	11236	674 E 87th St, Brooklyn, NY 11236	40.640492	-73.910346	0.309325222751	6	0.469288641517	2	0.992732781683	0	3	1.5	1584	415000	8	20	1960	172	32	96	76	44	300	128	56	88	60	32	460
