29822029_zpid	29822029_zpid	10469	1516 Mace Ave, Bronx, NY 10469	40.862493	-73.842596	0.0722036262396	2	0.635090720441	1	0.845363415753	0	4	3	1956	500000	8	1955	1932	14	10	4	8	0	21	23	16	17	2	4	54
30739026_zpid	30739026_zpid	11223	632 Avenue W, Brooklyn, NY 11223	40.593246	-73.963369	0.422652137093	13	0.563722364643	2	0.728660199665	1	6	3	3246	1500000	6	3400	1935	32	11	8	21	13	24	30	15	11	4	2	55
30601449_zpid	30601449_zpid	11233	29 Louis Pl, Brooklyn, NY 11233	40.676915	-73.917092	0.165429136776	3	0.416782301827	3	0.424943899234	2	6	3	2089	949000	0	1658	1901	204	15	122	138	101	43	32	18	49	63	33	192
30770004_zpid	30770004_zpid	11236	1029 E 85th St, Brooklyn, NY 11236	40.635727	-73.906784	0.316421897931	8	0.452449157815	2	1.2858070069	0	5	3	3000	622000	14	3094	1970	39	6	14	21	11	66	25	10	27	9	10	86
30605859_zpid	30605859_zpid	11233	546 Macdonough St, Brooklyn, NY 11233	40.682951	-73.92453	0.476637638788	9	0.471470168527	3	0.533585735043	2	1	1	2862	950000	24	1800	1899	168	76	110	128	82	18	18	13	49	52	22	214
30607528_zpid	30607528_zpid	11206	626 Marcy Ave, Brooklyn, NY 11206	40.692899	-73.949037	0.103102943079	8	0.562993028493	5	0.289044412796	2	1	1	2932	60000	39	1506	1925	68	24	54	88	40	26	12	14	27	23	21	120
30665640_zpid	30665640_zpid	11226	644 Rogers Ave, Brooklyn, NY 11226	40.655768	-73.953286	0.0923071573629	13	0.233504052988	8	0.319418666071	3	1	1	3520	615000	25	1372	1905	394	72	196	209	215	51	26	6	57	75	16	276
30612612_zpid	30612612_zpid	11205	512 Dekalb Ave, Brooklyn, NY 11205	40.690592	-73.956003	0.112007214578	9	0.0504608482983	6	0.378540036177	2	3	2	1680	1400000	0	1668	1901	544	256	136	228	124	108	140	124	96	40	72	584
79722065_zpid	79722065_zpid	11212	108 Livonia Ave, Brooklyn, NY 11212	40.661539	-73.913973	0.450551585046	9	0.0961344656024	7	0.199011322264	2	8	4	3240	760000	98	2000	2005	205	10	155	96	87	45	44	13	39	33	19	178
30692374_zpid	30692374_zpid	11209	87 70th St, Brooklyn, NY 11209	40.637225	-74.032588	0.304200436262	8	0.463846273364	3	0.81770095657	0	3	1	1650	790000	30	1933	1925	84	5	6	19	11	27	18	83	15	3	1	56
30719740_zpid	30719740_zpid	11230	1616 E 2nd St, Brooklyn, NY 11230	40.610228	-73.972501	0.167863095608	10	0.277904700492	3	0.16021434677	2	3	1.5	4914	320000	279	3699	1930	17	4	7	22	7	37	16	10	3	7	3	63
30608537_zpid	30608537_zpid	11221	471 Lexington Ave, Brooklyn, NY 11221	40.688783	-73.943237	0.247570335735	10	0.209642864849	4	0.717678090588	1	6	3	2400	820000	2	2000	1899	692	192	344	444	344	100	120	32	124	180	80	736
29816925_zpid	29816925_zpid	10461	2864 E 196th St, Bronx, NY 10461	40.85369	-73.832589	0.298140603538	6	0.395095406184	1	0.4706600989	1	6	3	3024	700000	0	2500	1925	196	48	40	60	64	120	92	72	40	16	16	184
30740565_zpid	30740565_zpid	11235	2812 Brighton 7th St, Brooklyn, NY 11235	40.58276	-73.962441	0.11801746984	9	0.261553735174	5	0.575670830864	1	7	3	2916	640000	102	2596	1920	86	34	34	58	24	66	51	31	28	16	22	161
30788101_zpid	30788101_zpid	11234	362 Mayfair Dr S, Brooklyn, NY 11234	40.608226	-73.904819	1.05729372497	0	1.07577289146	0	4.28513354529	0	6	3	2260	1265000	129	46	1960	1	1	0	5	0	2	8	2	7	2	1	18
30672420_zpid	30672420_zpid	11218	18 Clara St, Brooklyn, NY 11218	40.644224	-73.98143	0.172139692004	10	0.116926768427	7	0.149379788699	1	9	4.75	3280	980000	36	2500	1931	87	29	41	51	35	48	48	39	16	14	10	178
30659404_zpid	30659404_zpid	11203	942 New York Ave, Brooklyn, NY 11203	40.650266	-73.946926	0.322498634829	5	0.404188293926	6	0.232766264499	2	4	2	3136	190000	269	4100	1942	121	17	94	85	78	44	10	5	24	25	9	101
30652736_zpid	30652736_zpid	11212	367 E 96th St, Brooklyn, NY 11212	40.658502	-73.918207	0.357947629735	9	0.175732755522	4	0.364854631577	1	7	4	3276	250000	311	2500	1930	479	18	228	218	178	71	32	12	39	71	35	310
30728469_zpid	30728469_zpid	11229	2024 Avenue R, Brooklyn, NY 11229	40.606204	-73.951807	0.519082999423	4	0.494783773914	2	0.577470727114	1	3	2.5	1239	230000	224	3397	1930	141	26	35	44	41	73	61	30	18	13	2	136
29784141_zpid	29784141_zpid	10457	4461 Park Ave, Bronx, NY 10457	40.854178	-73.896092	0.284992052838	12	0.338589767191	7	0.445721744437	1	6	2	1860	260000	2	1592	1899	370	29	144	180	157	23	13	12	36	55	22	254
30666756_zpid	30666756_zpid	11226	147 Rugby Rd, Brooklyn, NY 11226	40.646067	-73.96599	0.249110109725	10	0.564638332214	2	0.240291646457	3	7	4.5	4155	2200000	31	6500	1910	239	36	152	146	183	24	16	11	41	45	6	206
30743468_zpid	30743468_zpid	11229	2033 E 23rd St, Brooklyn, NY 11229	40.601108	-73.948492	0.179305917917	4	0.447425724766	4	0.660021308977	1	5	3	2736	915000	9	1900	1940	61	21	26	27	31	59	52	20	30	10	6	150
30790200_zpid	30790200_zpid	11235	85 Corbin Pl, Brooklyn, NY 11235	40.579896	-73.954226	0.0909280833612	10	0.402686806573	4	0.645815237619	1	2	2	1720	590500	8	1503	1940	212	43	48	62	41	53	50	31	39	29	12	148
29792513_zpid	29792513_zpid	10473	2211 Cincinnatus Ave, Bronx, NY 10473	40.820656	-73.847763	0.145428594123	3	0.0513980362188	2	1.55190347042	0	3	1	2948	25000	36	5000	1929	42	14	19	8	9	17	8	2	13	3	4	51
30596664_zpid	30596664_zpid	11213	1436 Sterling Pl, Brooklyn, NY 11213	40.671252	-73.9312	0.111512444471	9	0.213251391861	4	0.300598931404	1	3	7	3492	999000	1	2000	1899	504	40	267	265	246	48	39	14	55	96	37	376
29834467_zpid	29834467_zpid	10466	1164 E 225th St, Bronx, NY 10466	40.883061	-73.847181	0.17031521192	7	0.18333003857	4	0.864881572205	0	3	1	1584	312000	28	1840	1970	29	10	15	9	9	33	8	1	23	7	2	35
30760843_zpid	30760843_zpid	11234	1839 Schenectady Ave, Brooklyn, NY 11234	40.62745	-73.930404	0.256260623706	8	0.499452237823	1	1.57491935521	0	3	2	1440	178000	227	2500	1925	22	13	14	13	7	47	27	19	20	3	2	67
29793639_zpid	29793639_zpid	10473	867 Olmstead Ave, Bronx, NY 10473	40.824563	-73.85276	0.440723008537	5	0.428265356468	3	1.0848625528	0	4	2.5	1848	355000	24	3049	1961	316	88	88	88	56	84	56	20	60	44	24	228
30791760_zpid	30791760_zpid	11235	2721 E 23rd St, Brooklyn, NY 11235	40.5861226	-73.945378	0.0997030621509	7	0.686651020556	2	0.746974721036	1	5	4	3360	1010000	21	3223	1901	44	14	11	33	5	43	24	27	27	5	5	102
29813021_zpid	29813021_zpid	10462	1651 Holland Ave, Bronx, NY 10462	40.8431866	-73.8637268	0.25263128256	10	0.32537800338	6	0.743671712365	1	6	3	1896	392945	14	1363	1901	95	15	52	58	42	48	22	13	32	24	11	123
30715403_zpid	30715403_zpid	11214	1910 19th Ln, Brooklyn, NY 11214	40.599621	-74.006461	0.398872927894	5	0.471455013068	3	0.890551643324	0	3	2	1584	699500	21	1710	1945	104	9	27	22	20	32	32	32	7	8	9	86
30712183_zpid	30712183_zpid	11214	93 Bay 19th St, Brooklyn, NY 11214	40.604925	-74.003582	0.324596079211	11	0.099714227823	8	0.3715301413	2	5	2.5	1440	517000	47	1200	1925	57	26	26	39	15	56	41	52	21	13	6	131
29826248_zpid	29826248_zpid	10467	3631 Olinville Ave, Bronx, NY 10467	40.880712	-73.867118	0.196498942768	4	0.302462562304	2	0.358162849533	3	7	3	3388	487600	22	2090	1978	249	20	91	96	92	30	25	8	29	34	20	176
30792837_zpid	30792837_zpid	11229	2216 Stuart St, Brooklyn, NY 11229	40.601718	-73.934101	0.0287961865284	3	0.0543472860835	1	1.86445780819	0	3	5	1092	480000	15	2200	1925	15	6	4	6	2	8	28	13	8	0	2	35
30694668_zpid	30694668_zpid	11209	640 73rd St, Brooklyn, NY 11209	40.6287417	-74.0187115	0.301617420808	12	0.365213263352	5	0.585063731401	1	1	1	1041	609000	12	2000	1920	17	13	10	27	15	23	33	39	18	3	3	84
30660104_zpid	30660104_zpid	11203	1052 New York Ave, Brooklyn, NY 11203	40.6476614	-73.9465909	0.214050700938	5	0.241829040458	5	0.348475281827	2	4	3	1960	460000	0	2039	1899	91	16	88	80	73	31	12	2	20	24	13	97
30785000_zpid	30785000_zpid	11234	1955 E 35th St, Brooklyn, NY 11234	40.609998	-73.932513	0.215396471037	3	0.61121088802	1	2.14335426044	0	3	2	1064	484000	26	1800	1925	2	10	4	3	2	10	28	24	30	1	2	40
29849605_zpid	29849605_zpid	10465	257 Graff Ave, Bronx, NY 10465	40.815269	-73.823797	0.717650582472	2	0.683197643245	1	3.06780912588	0	4	2.5	1836	431600	52	2500	1968	16	11	11	2	2	21	14	18	13	5	2	36
29851363_zpid	29851363_zpid	10475	2581 Hollers Ave, Bronx, NY 10475	40.888795	-73.817256	1.0665906662	0	0.471502725549	1	1.14399517398	0	3	2	1244	350000	3	4766	1920	0	0	0	1	0	2	2	1	0	0	1	1
30694444_zpid	30694444_zpid	11209	132 73rd St, Brooklyn, NY 11209	40.633816	-74.032342	0.090981260775	10	0.476262656018	3	0.734037060687	1	7	3	1140	875000	9	1967	1925	123	18	23	32	23	46	41	99	20	11	5	112
29784986_zpid	29784986_zpid	10458	695 E 183rd St, Bronx, NY 10458	40.8522553	-73.8856132	0.187662601275	11	0.193500153105	2	1.10612153552	0	4	2	1685	465000	96	2000	1930	320	73	109	137	137	14	22	8	41	53	17	221
30764387_zpid	30764387_zpid	11234	1635 E 49th St, Brooklyn, NY 11234	40.6208706	-73.9279171	0.0957816816154	9	0.33352560316	2	2.13341022045	0	4	6	1952	482300	52	3998	1920	10	37	3	16	6	37	31	13	17	6	4	142
30791585_zpid	30791585_zpid	11235	1521 Emmons Ave, Brooklyn, NY 11235	40.583508	-73.9528	0.27005218199	11	0.407109932479	7	0.394163249799	1	3	1.5	1460	600000	18	2000	1910	536	72	152	212	136	192	132	112	144	76	52	564
30639152_zpid	30639152_zpid	11207	317 Van Siclen Ave, Brooklyn, NY 11207	40.672121	-73.889876	0.0487953328913	7	0.374550354084	3	0.0937020596315	4	5	2	2448	530000	24	1875	1901	432	116	296	328	312	260	156	88	196	160	72	912
30687951_zpid	30687951_zpid	11219	1325 58th St, Brooklyn, NY 11219	40.629647	-73.996469	0.287632683827	3	0.354385437826	6	0.215996383956	4	6	4	3720	1800000	4	1753	2005	47	9	20	30	20	37	72	44	15	7	7	122
29788992_zpid	29788992_zpid	10470	4301 Napier Ave, Bronx, NY 10470	40.89786	-73.875065	0.261718969208	1	0.647102896381	1	1.0594588335	0	4	2	2400	532500	12	4281	1925	15	3	5	6	2	18	5	7	2	3	1	26
30585591_zpid	30585591_zpid	11215	244 12th St, Brooklyn, NY 11215	40.667853	-73.989318	0.118173221363	14	0.169989596804	2	0.286644755631	3	3	1	1440	725000	75	726145.2000000001	1901	87	90	30	73	33	40	69	34	43	21	20	249
30782757_zpid	30782757_zpid	11234	2244 E 70th St, Brooklyn, NY 11234	40.616822	-73.905699	0.415596292817	2	0.31711598801	1	3.33676481381	0	3	2.5	1224	550000	5	2500	1965	10	14	8	14	6	12	22	11	19	2	5	61
30786436_zpid	30786436_zpid	11234	2109 E 35th St, Brooklyn, NY 11234	40.6075469	-73.929782	0.361464956123	3	0.789483516315	0	2.37245024477	0	2	1	1592	499000	13	1600	1950	4	32	12	8	8	60	60	72	60	0	8	152
83178840_zpid	83178840_zpid	10472	1004 Evergreen Ave, Bronx, NY 10472	40.823824	-73.879695	0.309718742565	6	0.445546368646	3	0.532059327769	2	4	3	3120	438075	116	1800	2005	421	26	125	135	118	38	17	5	31	49	10	205
30692983_zpid	30692983_zpid	11209	7043 Colonial Rd, Brooklyn, NY 11209	40.635567	-74.031634	0.11505749152	9	0.359596954201	3	0.700717838561	1	5	2	2340	960000	20	2400	1930	476	44	96	136	112	164	108	384	76	36	12	412
29781889_zpid	29781889_zpid	10457	1505 Morris Ave, Bronx, NY 10457	40.841242	-73.909732	0.140331148909	10	0.434500024926	6	0.376657655808	4	8	3	3216	365000	0	130680	1920	213	32	156	162	175	18	16	8	45	42	17	197
30589464_zpid	30589464_zpid	11238	1003 Dean St, Brooklyn, NY 11238	40.6781017	-73.9569487	0.199276434826	10	0.38676756873	4	0.293367724804	5	5	2.5	2800	1999000	0	2200	1910	456	544	216	288	256	144	104	104	132	84	92	688
29783133_zpid	29783133_zpid	10460	789 Elsmere Pl, Bronx, NY 10460	40.8434937	-73.8884647	0.121666324216	9	0.114481185493	3	0.693550801742	1	4	4	2000	415000	123	2500	1901	206	14	101	83	92	16	14	7	32	30	17	157
30644437_zpid	30644437_zpid	11208	434 Grant Ave, Brooklyn, NY 11208	40.680012	-73.866824	0.344324535573	8	0.17522750714	9	0.362755149337	4	3	1.5	1824	195000	61	1901	1910	107	23	49	70	43	51	34	11	87	25	5	186
30624429_zpid	30624429_zpid	11206	61 Montrose Ave, Brooklyn, NY 11206	40.7071031	-73.947528	0.343911710865	11	0.229264566386	10	0.279597274112	4	1	2	4750	65000	304	2500	1930	62	96	29	50	33	13	32	12	26	10	5	146
30718371_zpid	30718371_zpid	11204	1457 W 9th St, Brooklyn, NY 11204	40.6112681	-73.9829871	0.111937872281	13	0.0928193270259	6	0.116336566193	2	3	1.5	1450	620000	31	20	1924	744	128	184	240	288	328	132	152	96	48	36	660
29846942_zpid	29846942_zpid	10465	246 Prentiss Ave, Bronx, NY 10465	40.820042	-73.809361	0.165441212009	4	0.719247334693	1	3.49121114812	0	3	2	1170	325000	10	2500	1925	80	44	12	28	8	44	80	48	52	12	16	188
30585705_zpid	30585705_zpid	11215	371 13th St, Brooklyn, NY 11215	40.66503	-73.984206	0.109099085165	18	0.369149448485	7	0.357191634359	4	3	1.5	1474	2210000	17	2500	1899	68	86	22	60	22	40	65	33	29	13	16	186
30713553_zpid	30713553_zpid	11228	8837 14th Ave, Brooklyn, NY 11228	40.607885	-74.016373	0.437586611659	4	0.780621487824	0	1.23702132368	0	4	2	1802	810000	6	2078	1935	8	3	2	7	2	13	20	21	15	1	5	40
30731480_zpid	30731480_zpid	11214	178 Bay 47th St, Brooklyn, NY 11214	40.588049	-73.988243	0.302892565858	4	0.649104414005	1	0.388684804111	1	3	1	1000	458000	58	1933	1930	13	10	8	24	6	22	21	22	26	9	5	47
30791895_zpid	30791895_zpid	11235	2720 Voorhies Ave, Brooklyn, NY 11235	40.586824	-73.94159	0.340740584563	5	0.529711214552	1	1.06225406579	0	6	3	3106	830000	74	4200	1901	24	9	15	27	12	33	23	28	37	4	5	99
30630501_zpid	30630501_zpid	11207	166 Schaefer St, Brooklyn, NY 11207	40.688951	-73.908181	0.211764713932	9	0.626709907139	3	0.349652440858	2	5	2	2700	1100000	0	2000	1915	130	35	98	125	95	24	27	18	43	56	24	207
30585770_zpid	30585770_zpid	11215	135 14th St, Brooklyn, NY 11215	40.66843	-73.992947	0.170097366235	13	0.482089312726	2	0.335799303873	3	7	4	2440	2060000	6	2000	1931	60	65	18	48	22	23	48	22	26	17	13	170
30724563_zpid	30724563_zpid	11230	1012 E 12th St, Brooklyn, NY 11230	40.624484	-73.96438	0.172964139491	6	0.236494516507	5	0.316430459651	2	4	3.5	1836	550000	40	2003	1920	87	19	39	49	52	48	34	31	22	16	7	138
30739988_zpid	30739988_zpid	11223	16 Manhattan Ct, Brooklyn, NY 11223	40.58775	-73.967211	0.368962704781	5	0.41889544919	1	0.630410093135	1	2	1	1050	649000	0	2000	1930	208	40	40	60	16	64	108	92	48	4	20	236
30761841_zpid	30761841_zpid	11234	2026 E 41st St, Brooklyn, NY 11234	40.6238529	-73.934606	0.208518086906	8	0.235030150219	2	1.4876076643	0	3	2	1368	380000	24	2283	1925	160	40	72	88	84	92	96	80	56	16	0	300
30753224_zpid	30753224_zpid	11210	1128 E 28th St, Brooklyn, NY 11210	40.623402	-73.948493	0.209626189988	2	0.424333183771	2	1.05264631964	0	3	2.5	2052	845000	26	20	1925	62	4	32	24	23	46	30	7	31	6	2	82
30790813_zpid	30790813_zpid	11235	225 Amherst St, Brooklyn, NY 11235	40.576334	-73.951538	0.147550686887	5	0.637721735432	2	0.836651698178	0	6	3	2184	1425000	9	4000	1925	64	26	13	29	17	24	37	16	20	9	2	64
30760227_zpid	30760227_zpid	11234	1275 E 52nd St, Brooklyn, NY 11234	40.628837	-73.925691	0.171689120511	5	0.573201536908	3	1.90716227837	0	3	2.5	2000	440000	14	2000	1950	42	14	22	25	15	58	26	28	18	16	4	90
30768176_zpid	30768176_zpid	11236	623 E 85th St, Brooklyn, NY 11236	40.64075	-73.912404	0.430927465817	6	0.617910431639	1	1.10754230522	0	9	3	3415	289000	226	2900	1975	41	6	26	14	10	63	29	11	24	11	10	100
30568296_zpid	30568296_zpid	11201	228 Clinton St, Brooklyn, NY 11201	40.6893529	-73.9950889	0.0912449705929	15	0.14332099136	4	0.504801570711	6	6	4	5650	4656000	7	2250	1900	56	83	22	67	17	35	68	38	34	10	7	214
30789987_zpid	30789987_zpid	11235	1025 Ocean View Ave, Brooklyn, NY 11235	40.5802825	-73.9588759	0.132998293345	11	0.121081207702	5	0.355139024357	1	5	2	1572	340000	12	1655	1920	1076	252	332	412	264	332	224	124	216	156	116	1156
30587189_zpid	30587189_zpid	11215	485A 1st St, Brooklyn, NY 11215	40.6712286	-73.9762645	0.147941895868	12	0.211774946856	4	0.641947437789	2	4	1.5	2400	2250000	11	1267	1876	28	43	6	26	15	16	65	36	25	6	14	179
83178895_zpid	83178895_zpid	10474	627 Barretto St, Bronx, NY 10474	40.81277	-73.88918	0.215915113844	5	0.427199003259	3	0.715087933442	1	3	2.5	2400	550000	114	2083	2004	105	16	80	71	60	21	17	4	23	13	12	135
30754502_zpid	30754502_zpid	11210	1356 E 35th St, Brooklyn, NY 11210	40.620983	-73.941266	0.3833596348	3	0.374532148043	2	1.42519871777	0	7	3	3575	830000	13	2500	1925	76	16	48	52	28	152	116	36	56	12	8	224
30754945_zpid	30754945_zpid	11210	1372 E 28th St, Brooklyn, NY 11210	40.617614	-73.947405	0.624127440862	3	0.306665784336	2	1.01348611565	0	3	1.5	1886	860000	9	3000	1925	60	8	4	36	4	72	80	32	56	0	12	160
30712878_zpid	30712878_zpid	11228	109 Bay 10th St, Brooklyn, NY 11228	40.608598	-74.010861	0.204323965913	7	0.373645739589	4	0.774490052971	0	4	3	1500	499000	8	2000	1925	7	11	3	12	2	21	35	29	25	2	4	58
30619371_zpid	30619371_zpid	11249	62 S 4th St, Brooklyn, NY 11249	40.712597	-73.9656399	0.0727098667171	9	0.284007658837	3	0.807610528295	0	1	1	3220	870000	144	2070	1899	112	348	32	124	36	88	80	144	80	12	32	384
30646788_zpid	30646788_zpid	11207	749 New Jersey Ave, Brooklyn, NY 11207	40.661091	-73.891105	0.175389254969	3	0.216782467483	5	0.508001968114	3	4	2	2280	50000	142	1999	1920	223	18	124	122	123	24	48	10	48	79	14	232
30618875_zpid	30618875_zpid	11249	126 N 1st St, Brooklyn, NY 11249	40.715286	-73.962039	0.112857964961	11	0.210624574086	4	0.47302151799	1	3	2	2500	500000	77	1240	1899	260	372	28	140	28	148	76	80	108	152	12	548
30770371_zpid	30770371_zpid	11236	1109 E 82nd St, Brooklyn, NY 11236	40.6330529	-73.907649	0.515299292246	5	0.532465321115	2	1.59133670041	0	3	1.5	1120	10000	10	1280	1960	45	6	15	25	9	73	28	8	29	7	7	80
30624627_zpid	30624627_zpid	11206	3 Seigel Ct, Brooklyn, NY 11206	40.70536	-73.935837	0.262276770591	9	0.467539776055	2	0.243523225495	3	4	2	1100	725000	7	1843	1989	25	80	20	14	7	19	29	8	16	9	5	100
30747979_zpid	30747979_zpid	11235	2437 E 19th St, Brooklyn, NY 11235	40.591706	-73.950874	0.148700449138	13	0.272645145098	3	0.535360737933	2	3	2	2024	225000	323	2200	1930	124	32	12	60	28	100	112	100	92	16	4	324
30717176_zpid	30717176_zpid	11230	1243 E 8th St, Brooklyn, NY 11230	40.618786	-73.966647	0.192165119959	6	0.307717311871	6	0.62609592473	1	5	5	2776	895000	23	2500	1915	76	15	23	38	33	44	56	20	29	7	3	117
29847005_zpid	29847005_zpid	10465	3167 Wissman Ave, Bronx, NY 10465	40.82095	-73.807444	0.122599912035	1	0.893428732948	0	3.52448915654	0	2	2	910	275100	113	5400	1940	68	48	12	20	8	28	36	36	40	12	8	132
30663137_zpid	30663137_zpid	11210	670 E 40th St, Brooklyn, NY 11210	40.639064	-73.938999	0.535411726112	3	0.891822332593	0	0.801377257108	0	3	2	1824	465000	10	1900	1930	25	3	35	31	47	9	6	0	13	11	3	77
29784336_zpid	29784336_zpid	10457	482 E 181st St, Bronx, NY 10457	40.8521085	-73.8949279	0.0773264655456	10	0.258802517095	4	0.660538047363	2	2	2	1240	283000	94	1500	1901	298	28	124	148	115	25	17	16	35	44	23	284
68313729_zpid	68313729_zpid	11249	120 S 2nd St, Brooklyn, NY 11249	40.7134679	-73.9630791	0.0819788559872	13	0.364815575435	4	0.672729121034	2	3	1	23760	1180000	136	7425	2004	23	90	8	29	8	23	21	17	19	3	8	99
30788398_zpid	30788398_zpid	11234	2310 E 65th St, Brooklyn, NY 11234	40.613259	-73.908317	0.429198813313	3	0.452611320583	1	3.75744846708	0	4	4	3240	1799000	0	5100	1950	0	15	4	6	2	9	6	11	11	0	1	46
29815570_zpid	29815570_zpid	10461	2910 Roberts Ave, Bronx, NY 10461	40.845132	-73.832226	0.231166764791	7	0.539718769378	2	0.189014082508	2	4	2.5	2280	530000	64	2500	1986	186	19	42	59	44	47	35	21	18	27	14	149
30575552_zpid	30575552_zpid	11220	353 46th St, Brooklyn, NY 11220	40.649308	-74.010843	0.168116142894	8	0.0981074966842	8	0.0817603894201	2	4	1	1500	750000	25	2003	1910	78	34	49	69	35	16	44	17	23	23	8	151
30576746_zpid	30576746_zpid	11220	363 50th St, Brooklyn, NY 11220	40.646925	-74.01293	0.0912394943747	10	0.105471852842	11	0.22667687336	3	4	2.5	2280	850000	11	2000	1910	104	47	57	93	43	31	54	30	35	28	10	236
30679797_zpid	30679797_zpid	11204	2022 58th St, Brooklyn, NY 11204	40.619936	-73.981232	0.175752165933	4	0.750527549964	0	0.426432556844	3	3	2	2040	650000	36	2003	1930	13	10	5	15	4	32	31	35	23	4	5	67
30600730_zpid	30600730_zpid	11233	293 Macdougal St, Brooklyn, NY 11233	40.680656	-73.909549	0.183174184588	5	0.211907939141	5	0.260527085255	6	3	3	1920	525000	120	1600	1901	174	18	141	150	107	34	30	13	46	65	22	167
30773346_zpid	30773346_zpid	11236	976 E 96th St, Brooklyn, NY 11236	40.646477	-73.90564	0.152136630472	5	0.891247555472	0	0.320719796803	2	6	3	2080	187000	251	3250	1925	40	7	21	32	17	58	23	9	7	20	8	93
30714485_zpid	30714485_zpid	11228	8886 15th Ave, Brooklyn, NY 11228	40.605829	-74.015691	0.379183147567	3	0.79568576823	0	1.20286813857	0	3	2	1536	999000	0	2617	1950	7	2	2	6	1	12	18	22	11	1	3	32
30590132_zpid	30590132_zpid	11238	166 Prospect Pl, Brooklyn, NY 11238	40.677908	-73.971458	0.150523123853	18	0.141154286834	6	0.0922125148412	4	5	3	3340	3300000	35	1933	1899	79	39	28	36	23	8	30	13	19	10	7	90
