29788285_zpid	29788285_zpid	10468	114 E 198th St, Bronx, NY 10468	40.870239	-73.891601	0.184575681372	11	0.0836372101591	6	0.376166567949	4	9	3	3222	166500	141	2450	1920	352	31	129	118	123	20	9	3	37	33	12	158
2100263498_zpid	2100263498_zpid	11220	450 60th St, Brooklyn, NY 11220	40.639859	-74.017306	0.149714184131	8	0.0821654422714	6	0.174220528491	3	9	6	3600	1399000	0	2000	1907	144	56	48	65	47	31	60	37	42	25	5	177
29783442_zpid	29783442_zpid	10459	840 Freeman St, Bronx, NY 10459	40.830225	-73.896169	0.418769870816	3	0.399408269125	7	0.365013037297	2	4	2	2700	389000	0	1999	1901	192	81	88	121	101	28	21	5	24	46	21	178
30763740_zpid	30763740_zpid	11234	1526 Kimball St, Brooklyn, NY 11234	40.619154	-73.937281	0.488673338186	3	0.31212745607	3	1.75671781358	0	6	2	3080	450000	134	2500	1953	36	17	19	21	12	42	29	19	26	9	2	100
30659773_zpid	30659773_zpid	11203	187 E 40th St, Brooklyn, NY 11203	40.650916	-73.9397089	0.17238980736	3	0.520524055543	2	0.833304095323	0	6	2	3200	495000	116	2432	1920	114	16	72	62	60	65	19	6	26	25	5	111
30604621_zpid	30604621_zpid	11221	120 Ralph Ave, Brooklyn, NY 11221	40.685833	-73.923549	0.241008938178	9	0.556305156993	3	0.436250046745	2	2	1	1237	525000	18	1325	1927	133	52	72	101	77	18	13	6	28	42	20	159
30772991_zpid	30772991_zpid	11236	9317 Foster Ave, Brooklyn, NY 11236	40.64676	-73.908593	0.311292662827	4	0.893124733228	0	0.569653615212	1	3	2	1224	170000	226	5000	1930	33	7	20	32	16	44	30	7	9	19	6	83
30691439_zpid	30691439_zpid	11220	172 67th St, Brooklyn, NY 11220	40.638771	-74.028312	0.240128637891	8	0.332167333336	3	0.594230965688	1	8	4	3960	580000	158	4000	1901	38	15	26	26	17	26	21	30	9	10	2	56
30750541_zpid	30750541_zpid	11210	713 E 26th St, Brooklyn, NY 11210	40.633133	-73.9516639	0.509094115848	3	0.220527185175	3	0.341374797733	1	3	1.5	1131	753000	5	3000	1920	114	37	46	44	69	41	37	21	27	24	4	159
30600862_zpid	30600862_zpid	11233	274 Macdougal St APT 1, Brooklyn, NY 11233	40.68021	-73.909322	0.224325855621	6	0.260159480844	4	0.227068084355	7	7	3	2970	555000	32	1785	1899	184	18	144	160	112	37	32	13	47	72	24	168
30674723_zpid	30674723_zpid	11218	734 Coney Island Ave, Brooklyn, NY 11218	40.6396618	-73.9691481	0.370451702631	9	0.0778919733061	8	0.465870593588	3	3	1	1760	3288000	0	5998	1925	173	51	73	76	42	58	31	37	29	15	11	194
30631887_zpid	30631887_zpid	11212	543 Thomas S Boyland St, Brooklyn, NY 11212	40.667558	-73.912775	0.247859770747	6	0.256313368371	8	0.643816900538	2	3	2	2000	355000	115	2000	1987	208	28	120	156	68	112	112	32	104	40	44	472
30601215_zpid	30601215_zpid	11233	1079 Herkimer St, Brooklyn, NY 11233	40.678117	-73.917679	0.218655562351	2	0.513429062556	3	0.331072078682	2	1	1	1635	574000	19	1533	1899	242	22	148	175	127	39	40	17	60	80	37	228
29827181_zpid	29827181_zpid	10467	856 E 217th St, Bronx, NY 10467	40.880374	-73.858769	0.588483080985	4	0.610603246469	2	0.508993992817	2	3	1	2454	170000	0	2854	1925	157	13	74	79	68	59	9	2	26	46	10	140
30631403_zpid	30631403_zpid	11207	30 Sunnyside Ave, Brooklyn, NY 11207	40.680096	-73.894774	0.149010476354	3	0.177964347407	3	0.370850404659	4	7	3	3075	255000	73	2560	1915	89	33	59	59	47	53	36	35	34	26	10	131
30701325_zpid	30701325_zpid	11209	56 Marine Ave, Brooklyn, NY 11209	40.6191145	-74.0371986	0.363696241034	9	0.393401508953	3	0.600587029178	1	4	4	2290	895000	76	3500	1925	167	29	22	34	28	35	31	26	12	6	4	120
30761812_zpid	30761812_zpid	11234	1367 E 40th St, Brooklyn, NY 11234	40.622704	-73.9338889	0.173942780192	8	0.178392880912	2	1.61934150076	0	5	3	2292	535000	24	1219	1955	40	13	18	26	23	31	26	24	16	6	0	121
30766795_zpid	30766795_zpid	11236	576 E 81st St, Brooklyn, NY 11236	40.639547	-73.916824	0.522605891083	7	0.562197528973	2	1.49186549498	0	7	3	2900	535000	13	2200	1965	25	7	17	15	8	40	25	10	24	7	8	61
30636967_zpid	30636967_zpid	11208	29 Shepherd Ave, Brooklyn, NY 11208	40.684207	-73.882551	0.326314688849	5	0.390007124625	2	0.376713244975	3	6	3	1886	162000	156	1759	1920	284	100	164	204	188	140	100	80	132	68	48	484
30586610_zpid	30586610_zpid	11217	205 Saint Johns Pl, Brooklyn, NY 11217	40.676182	-73.972796	0.077115892183	14	0.0990853216349	6	0.136579655942	3	5	4	3824	3200000	12	2000	1899	31	48	5	19	6	11	35	18	27	8	7	88
30723960_zpid	30723960_zpid	11230	860 E 12th St, Brooklyn, NY 11230	40.628166	-73.965079	0.308663414756	8	0.42448903883	5	0.315545905029	2	4	2.5	2282	680000	26	2000	1955	308	104	156	152	196	228	160	200	84	64	36	552
30580063_zpid	30580063_zpid	11215	426 17th St, Brooklyn, NY 11215	40.659673	-73.985127	0.224911520851	13	0.076975729484	6	0.458154408553	1	4	2	1800	800000	39	2055	1920	45	42	22	41	25	23	39	15	17	8	10	97
30768497_zpid	30768497_zpid	11236	717 E 80th St, Brooklyn, NY 11236	40.636817	-73.914271	0.212241303706	7	0.191937525328	2	1.51655204282	0	5	2	2214	330000	171	1799	1960	36	10	27	19	12	60	31	17	30	10	9	97
29826969_zpid	29826969_zpid	10467	734 E 222nd St, Bronx, NY 10467	40.885048	-73.860532	0.0881458687912	5	0.194113809333	1	0.227637035678	2	6	3	3032	545000	8	2288	1960	129	9	68	84	83	61	12	4	28	33	8	130
30659378_zpid	30659378_zpid	11226	3109 Snyder Ave, Brooklyn, NY 11226	40.649218	-73.948057	0.172576331392	5	0.339068191876	6	0.221720447505	2	5	3	3072	215000	193	20	1910	281	37	118	120	116	70	22	10	37	49	23	211
30653205_zpid	30653205_zpid	11212	1044 Linden Blvd, Brooklyn, NY 11212	40.6540589	-73.919336	0.1672544483	10	0.489552951371	3	0.861438149969	0	5	3	3180	649000	0	5497	1930	237	10	82	87	74	46	10	4	23	37	17	151
29791383_zpid	29791383_zpid	10473	434 Bolton Ave, Bronx, NY 10473	40.814426	-73.857228	0.531448110807	2	0.81198262441	0	2.09341951351	0	3	1	2650	425000	11	1950	1970	34	8	14	31	11	35	12	16	17	19	8	83
30745347_zpid	30745347_zpid	11229	2123 Ford St, Brooklyn, NY 11229	40.600231	-73.937701	0.352174669954	6	0.329327608619	4	1.54414873399	0	3	2.5	1152	350000	146	1800	1940	26	7	9	10	7	7	34	15	17	2	2	62
30793805_zpid	30793805_zpid	11229	17 Joval Ct, Brooklyn, NY 11229	40.590316	-73.929062	0.420234077191	3	0.901342357712	0	2.15515766702	0	3	2	2072	453000	61	2678	1925	4	12	4	24	4	4	76	16	60	8	12	76
30766756_zpid	30766756_zpid	11236	599 E 80th St, Brooklyn, NY 11236	40.638954	-73.916652	0.475186371848	6	0.498847452615	2	1.51589748981	0	6	4	3230	685000	110	3467	1965	26	9	18	15	8	42	27	10	25	8	8	68
30596539_zpid	30596539_zpid	11213	1540 Park Pl, Brooklyn, NY 11213	40.671848	-73.926337	0.200177974731	8	0.460403524324	4	0.6472396388	1	4	2	1440	299000	137	3193	1899	208	28	125	132	124	29	15	6	25	56	20	211
30769273_zpid	30769273_zpid	11236	962 E 84th St, Brooklyn, NY 11236	40.636062	-73.9092299	0.154689867074	6	0.242501299331	2	1.33374083014	0	4	2	1760	345000	5	3000	1940	156	28	68	84	32	336	112	52	116	52	40	376
30735129_zpid	30735129_zpid	11223	2076 W 12th St, Brooklyn, NY 11223	40.596338	-73.9835109	0.282347818183	10	0.30857874504	5	0.319034480279	3	2	2	1250	590000	4	2417	1930	16	17	3	15	5	28	26	39	13	5	2	43
30671389_zpid	30671389_zpid	11218	92 E 2nd St, Brooklyn, NY 11218	40.649566	-73.97979	0.142354254967	9	0.548095756383	1	0.340063011942	2	3	1	1140	1105000	16	1431	1925	160	92	72	88	96	92	92	96	60	20	20	304
30660146_zpid	30660146_zpid	11203	3306 Snyder Ave, Brooklyn, NY 11203	40.648883	-73.946183	0.270688641773	6	0.264512009641	4	0.360108440545	2	5	3	1800	575000	98	2347	1910	119	19	98	86	79	49	11	4	21	24	10	109
30667368_zpid	30667368_zpid	11226	1320 Beverley Rd, Brooklyn, NY 11226	40.643945	-73.96608	0.314584211525	8	0.369733378112	3	0.137316648829	2	6	5	3684	1815000	10	5000	1930	888	164	436	436	488	88	40	40	112	132	16	648
30788947_zpid	30788947_zpid	11234	2213 E 59th Pl, Brooklyn, NY 11234	40.611041	-73.91255	0.698881188632	3	0.739189610427	1	3.83119788083	0	4	3.5	2592	888888	12	4000	1955	8	20	12	12	12	72	20	68	68	4	0	100
30648104_zpid	30648104_zpid	11207	949 Ashford St, Brooklyn, NY 11207	40.659304	-73.877927	0.222941900597	4	0.502763189215	3	0.919630367913	0	4	3.5	1944	479000	31	1785	1960	11	3	7	10	7	7	13	4	2	2	1	23
29818034_zpid	29818034_zpid	10461	1938 Tenbroeck Ave, Bronx, NY 10461	40.854497	-73.850961	0.388449377176	4	0.798719207498	0	0.61591495345	1	4	2	2000	620000	41	3484	1940	25	3	5	8	6	10	27	9	14	4	2	60
30786096_zpid	30786096_zpid	11234	2035 Kimball St, Brooklyn, NY 11234	40.611073	-73.927475	0.231037652464	2	0.927961808574	0	2.57788826934	0	3	1.5	1084	515000	92	2500	1925	9	10	2	6	2	24	25	21	16	2	5	79
30647048_zpid	30647048_zpid	11207	763 Hendrix St, Brooklyn, NY 11207	40.662822	-73.885938	0.254919254094	7	0.341253313435	6	0.375776934621	2	3	1	3080	340000	157	1154340.0	1930	166	10	108	90	83	25	32	10	41	60	15	178
2112596495_zpid	2112596495_zpid	11220	247 60th St, Brooklyn, NY 11220	40.642945	-74.021389	0.317547455651	8	0.31976475734	5	0.344754495402	2	12	6	3630	1550000	0	2001	1910	364	112	156	200	168	144	180	100	136	84	16	540
30567867_zpid	30567867_zpid	11201	48 Garden Pl, Brooklyn, NY 11201	40.691975	-73.996804	0.231638497673	13	0.289841715226	4	0.563573638271	4	6	4	5100	7500000	25	1821	1901	49	89	23	44	16	24	67	38	32	7	12	197
30598123_zpid	30598123_zpid	11233	2295 Pacific St, Brooklyn, NY 11233	40.675673	-73.90965	0.175585797144	7	0.177321579338	4	0.327778776038	6	6	3	2550	949000	0	1668	1901	206	18	121	162	110	39	30	20	53	67	30	181
30774563_zpid	30774563_zpid	11236	974 E 100th St, Brooklyn, NY 11236	40.643688	-73.897063	0.254192897418	8	0.629056629241	2	0.522014213507	1	4	3	1760	460000	23	2600	1960	63	6	27	19	20	50	18	10	18	18	8	97
55540879_zpid	55540879_zpid	10454	676 Saint Marys St, Bronx, NY 10454	40.809013	-73.91215	0.48674222323	6	0.453581062269	3	0.379978981134	3	5	2.5	3124	201000	181	3136	1999	111	24	54	65	44	8	12	6	20	21	7	101
29840325_zpid	29840325_zpid	10470	4816 Barnes Ave, Bronx, NY 10470	40.9057002	-73.8469649	0.208891014794	7	0.332304594414	3	0.420417309093	2	3	1	1665	315000	0	2186	1945	102	8	61	48	56	19	17	2	16	17	2	101
30758012_zpid	30758012_zpid	11234	1554 Schenectady Ave, Brooklyn, NY 11234	40.634535	-73.931803	0.254868118135	3	1.07119960515	0	1.35136482745	0	3	2	1452	453000	0	1600	1950	2	8	8	5	2	7	14	5	8	7	2	40
30599459_zpid	30599459_zpid	11233	624A Macdonough St, Brooklyn, NY 11233	40.6834459	-73.9213413	0.342818180138	7	0.538921556732	3	0.515349961573	3	3	3	2268	15000	14	1800	1899	200	58	131	151	121	21	27	15	54	83	24	245
30647310_zpid	30647310_zpid	11208	742 Shepherd Ave, Brooklyn, NY 11208	40.666126	-73.878253	0.186436690991	6	0.33268822706	4	0.461681007043	1	4	2	2000	430000	43	2003	1910	88	9	72	70	55	25	37	9	23	27	16	144
30665723_zpid	30665723_zpid	11226	148 Woodruff Ave, Brooklyn, NY 11226	40.654115	-73.961071	0.0747293761343	12	0.0878371361547	5	0.135827978473	2	4	2	3185	736000	30	1653	1905	469	74	283	262	246	32	35	26	60	79	14	374
30707415_zpid	30707415_zpid	11214	1961 78th St, Brooklyn, NY 11214	40.6096689	-73.993993	0.170026913905	15	0.0724480299903	9	0.669660899052	3	8	4	3750	1392000	3	2500	1924	340	40	104	124	72	200	144	96	84	40	24	416
30651214_zpid	30651214_zpid	11203	110 E 53rd St, Brooklyn, NY 11203	40.65751	-73.928381	0.123778824562	11	0.559230822606	5	0.937690721191	0	6	3	2440	630100	9	4000	1940	144	19	58	55	69	65	28	13	20	27	17	126
30675623_zpid	30675623_zpid	11218	540 E 9th St, Brooklyn, NY 11218	40.635456	-73.969451	0.427278295262	6	0.279644564629	10	0.563987226322	2	7	2	2910	1160000	6	4000	1930	556	108	212	200	124	268	136	232	56	52	36	572
30579752_zpid	30579752_zpid	11215	259A 17th St, Brooklyn, NY 11215	40.663462	-73.990408	0.0931881462655	15	0.405705807867	5	0.300843147994	2	4	4	1756	770000	30	1602	1910	73	66	24	59	32	45	58	16	28	17	15	189
30642268_zpid	30642268_zpid	11208	449 Ridgewood Ave, Brooklyn, NY 11208	40.685728	-73.8723009	0.248121879201	5	0.172037575962	4	0.308652289369	2	5	2	3084	315000	76	1659	1901	103	42	67	89	52	79	41	17	65	46	8	216
30622026_zpid	30622026_zpid	11222	66 Hausman St, Brooklyn, NY 11222	40.725609	-73.938503	0.2809720685	5	0.536468860804	1	1.08309738943	0	3	1	3273	610000	146	1958	1899	20	14	14	21	10	8	27	19	19	5	10	89
30615426_zpid	30615426_zpid	11217	185 Ashland Pl, Brooklyn, NY 11217	40.6893452	-73.9783007	0.350440361545	9	0.280625289965	3	0.221776979951	10	5	3	3780	2395000	0	1575	1899	59	61	21	35	13	5	28	23	23	17	10	113
29832321_zpid	29832321_zpid	10466	848 E 223rd St, Bronx, NY 10466	40.884711	-73.856762	0.156757396059	6	0.398484377459	2	0.47599779985	2	4	3	2110	599000	0	2020	1955	99	12	49	62	36	48	15	10	26	24	11	89
112079078_zpid	112079078_zpid	11231	332 Bond St, Brooklyn, NY 11231	40.6794819	-73.9899928	0.424263279728	10	0.334978102439	2	0.392329012348	3	6	3.5	3750	2800000	16	1500	2005	13	25	2	20	10	12	29	30	13	3	2	78
29845711_zpid	29845711_zpid	10465	3183 Barkley Ave, Bronx, NY 10465	40.833574	-73.82078	0.141468014452	4	0.179949344887	2	1.7393019625	0	4	2.5	1690	365000	20	1842	1960	7	6	9	12	8	15	29	27	14	4	4	43
30620834_zpid	30620834_zpid	11222	127 Jewel St, Brooklyn, NY 11222	40.728495	-73.947826	0.179187636086	16	0.309211632006	5	0.519031571097	2	1	1	3000	215000	231	2500	1930	30	45	18	24	12	24	25	26	18	16	11	136
29824509_zpid	29824509_zpid	10469	2859 Dewitt Pl, Bronx, NY 10469	40.867247	-73.8477659	0.418842334997	4	0.924531400779	0	0.279096703642	1	2	2	1520	295000	80	1698	1950	36	15	20	24	15	43	21	19	26	16	4	80
29850484_zpid	29850484_zpid	10464	103 Carroll St, Bronx, NY 10464	40.8458789	-73.786601	0.197304680278	3	3.30650186477	0	3.49862579349	0	4	2	1602	419021	0	1711	1960	68	76	24	28	12	4	148	36	28	8	124	188
64605513_zpid	64605513_zpid	11218	101 Prospect Park SW, Brooklyn, NY 11218	40.6575907	-73.974352	0.291781613865	7	0.284839405473	2	0.575035921123	1	4	2	1600	6400	4	5828	2004	2	4	4	8	2	7	8	7	9	0	1	19
30596248_zpid	30596248_zpid	11213	1355 Park Pl, Brooklyn, NY 11213	40.672719	-73.9324	0.195942741589	7	0.285587085864	4	0.427917075017	1	5	2	2500	665000	10	2555	1910	375	36	186	181	173	31	29	12	43	65	20	258
30773610_zpid	30773610_zpid	11236	9306 Farragut Rd, Brooklyn, NY 11236	40.644565	-73.906691	0.154535870352	5	1.00746135243	0	0.47039244611	1	4	2	1264	350000	140	2700	1925	48	9	27	33	19	62	35	6	12	22	7	114
30619206_zpid	30619206_zpid	11211	194 S 2nd St, Brooklyn, NY 11211	40.71226	-73.9601239	0.180051787728	16	0.239174026107	5	0.476320391409	3	4	4	2640	3200000	0	3000	1910	500	908	348	536	276	116	188	96	136	124	104	1176
30600115_zpid	30600115_zpid	11233	247 Ralph Ave, Brooklyn, NY 11233	40.6810601	-73.9221033	0.480749747892	4	0.294439932622	1	0.263173140314	2	4	2	3300	680000	26	1500	1910	187	52	119	151	114	28	26	14	55	79	24	244
30584397_zpid	30584397_zpid	11215	230 7th St, Brooklyn, NY 11215	40.671965	-73.989079	0.0926715583431	11	0.33760418545	3	0.140687129682	2	1	1	2334	980000	106	1667	1901	48	70	25	52	11	31	49	39	23	17	16	175
30636715_zpid	30636715_zpid	11207	188 Sunnyside Ave, Brooklyn, NY 11207	40.682131	-73.890407	0.378812406883	3	0.28545126886	4	0.495007613403	2	3	1	2926	375000	49	2000	1910	71	31	45	47	35	54	39	33	33	19	6	108
30793429_zpid	30793429_zpid	11229	9 Hyman Ct, Brooklyn, NY 11229	40.58645	-73.923171	0.400538255018	1	1.49492926794	0	2.61981270766	0	3	2	1004	370800	72	1800	1925	2	3	1	13	0	0	29	9	20	2	5	36
29792588_zpid	29792588_zpid	10473	1755 Seward Ave, Bronx, NY 10473	40.819077	-73.865553	0.260671589642	3	0.321027866203	2	1.39156532642	0	8	3	3550	500000	5	2500	1920	51	16	20	17	19	19	17	6	22	10	5	78
30589646_zpid	30589646_zpid	11238	574 Carlton Ave, Brooklyn, NY 11238	40.679729	-73.971833	0.163029397267	17	0.340641579117	4	0.268624176842	8	5	3.5	3600	1549000	78	2000	1910	55	52	23	34	16	9	28	12	15	7	11	85
29779847_zpid	29779847_zpid	10459	812 E 168th St, Bronx, NY 10459	40.828432	-73.898912	0.338037472427	5	0.367719540232	7	0.625566469001	3	10	8	3654	750000	0	3358	1910	158	66	95	118	96	16	14	4	24	42	23	145
30742084_zpid	30742084_zpid	11229	1988 E 22nd St, Brooklyn, NY 11229	40.602839	-73.95035	0.385481730712	2	0.510081587356	5	0.614453619228	1	4	2	1862	850000	3	3000	1930	83	18	28	30	42	72	55	17	22	8	6	158
30787781_zpid	30787781_zpid	11234	157 Barlow Dr S, Brooklyn, NY 11234	40.607993	-73.906088	1.04370148513	0	1.06689914109	0	4.31859174547	0	6	3	1959	1050000	26	4400	1960	2	1	1	7	0	2	8	3	9	2	1	21
30789271_zpid	30789271_zpid	11235	2932 Brighton 6th St, Brooklyn, NY 11235	40.5805031	-73.9627764	0.140540075262	8	0.23070591921	5	0.340444824009	2	4	1	1386	120000	207	1600	1940	151	60	70	94	42	75	56	31	50	27	26	252
30595590_zpid	30595590_zpid	11225	459 E New York Ave, Brooklyn, NY 11225	40.661972	-73.947501	0.266654525368	6	0.287217067716	7	0.295503767878	3	4	2	2000	333500	133	1800	1935	308	56	134	140	133	43	39	19	35	48	11	241
30570370_zpid	30570370_zpid	11231	71 Woodhull St APT 1, Brooklyn, NY 11231	40.681283	-74.002154	0.178397925424	14	0.257928609846	3	0.662786880752	1	6	4	3200	2985000	20	1500	1900	30	46	26	52	19	15	52	38	11	11	12	160
30661059_zpid	30661059_zpid	11203	452 E 42nd St, Brooklyn, NY 11203	40.644431	-73.937613	0.439605525143	3	0.612492471181	2	0.961212746118	0	5	2	1808	539000	5	2150	1945	19	5	6	6	9	25	13	3	13	6	0	52
30643426_zpid	30643426_zpid	11208	266 Lincoln Ave, Brooklyn, NY 11208	40.6835669	-73.869557	0.232713794284	8	0.221275728592	7	0.359317500005	1	5	4	2000	655000	2	2187	1910	106	37	67	95	61	64	36	11	70	43	7	198
30667479_zpid	30667479_zpid	11226	282 E 17th St, Brooklyn, NY 11226	40.643885	-73.96332	0.252965925167	10	0.268867799007	4	0.106619446453	3	7	3	2885	1885000	0	5000	1986	1772	304	1048	1000	1044	132	100	80	248	292	40	1388
29793964_zpid	29793964_zpid	10473	2224 Hermany Ave, Bronx, NY 10473	40.824609	-73.848336	0.389587732785	3	0.493910048697	2	1.11268674511	0	3	1.5	1000	310000	6	1724	1925	23	13	13	9	7	26	12	5	9	4	6	51
30579806_zpid	30579806_zpid	11215	417A 17th St, Brooklyn, NY 11215	40.660038	-73.984787	0.19550930288	13	0.0684745814501	6	0.422006254579	1	3	1	1088	1199000	0	1171	1915	46	48	22	42	28	32	42	18	18	8	14	99
29781966_zpid	29781966_zpid	10453	1705 Townsend Ave, Bronx, NY 10453	40.84652	-73.912325	0.13041790172	8	0.195022181984	8	0.196831982683	4	8	3	3900	485000	97	2250	1920	434	52	186	170	177	66	19	10	46	57	15	256
68310449_zpid	68310449_zpid	11238	477 Classon Ave # 2, Brooklyn, NY 11238	40.684238	-73.958881	0.336484770728	13	0.300192430914	7	0.443761193574	5	6	5	2400	777500	109	820	2006	112	168	65	112	62	31	46	17	41	17	41	178
30788490_zpid	30788490_zpid	11234	2438 E 65th St, Brooklyn, NY 11234	40.610817	-73.907964	0.696632594882	2	0.725292358734	1	4.0226587121	0	6	6	2240	1950000	0	4550	1965	2	6	2	5	1	11	10	10	15	1	1	24
30705097_zpid	30705097_zpid	11204	1745 74th St, Brooklyn, NY 11204	40.614907	-73.996407	0.148868718933	16	0.112662213734	7	0.388126478921	2	6	3	1800	940000	2	1999	1910	76	64	36	156	32	156	100	84	48	20	20	280
30788025_zpid	30788025_zpid	11234	15 Whitman Dr, Brooklyn, NY 11234	40.612665	-73.905882	0.578224982023	3	0.590102058707	1	3.79894111213	0	6	5	5400	1240000	47	4000	2005	0	14	4	6	1	5	11	8	9	1	2	42
30642289_zpid	30642289_zpid	11208	27 Kiely Pl, Brooklyn, NY 11208	40.686406	-73.8719524	0.235741830622	6	0.251956033919	5	0.389588601403	3	6	3	3098	163800	43	1642	1901	97	40	68	87	48	80	42	17	61	46	8	198
30730929_zpid	30730929_zpid	11214	203 Bay 40th St, Brooklyn, NY 11214	40.5932559	-73.990452	0.239992106599	7	0.550588616258	3	0.582209847902	2	3	1.5	1584	530000	75	1740	1960	14	9	9	20	6	26	39	25	26	8	4	77
30691481_zpid	30691481_zpid	11220	218 67th St, Brooklyn, NY 11220	40.638415	-74.027145	0.221269789693	9	0.284188609331	3	0.498640038548	1	2	2.5	1872	650000	8	2256	1960	39	16	26	29	18	26	26	30	10	11	2	64
30730424_zpid	30730424_zpid	11214	8751 25th Ave, Brooklyn, NY 11214	40.594774	-73.990035	0.404676027465	8	0.391600058621	4	0.424052928	1	5	2	1856	287500	36	1740	1950	22	6	15	18	7	39	36	26	21	9	3	79
30615545_zpid	30615545_zpid	11217	16 S Portland Ave, Brooklyn, NY 11217	40.689053	-73.975275	0.190264925168	7	0.221777645736	2	0.197541085857	8	5	3.5	5780	5020000	11	2000	1901	35	45	20	22	9	8	22	19	13	9	8	90
30722794_zpid	30722794_zpid	11223	1827 W 9th St, Brooklyn, NY 11223	40.6024899	-73.9812821	0.162183785689	8	0.386749640222	4	0.177810787189	3	3	1	864	910000	13	3000	1925	308	104	168	84	116	268	116	184	84	40	28	388
30608636_zpid	30608636_zpid	11216	236 Lexington Ave, Brooklyn, NY 11216	40.687266	-73.952311	0.202458310464	10	0.238727631208	6	0.304800471257	2	5	4	2640	1199000	0	1650	1899	588	476	348	476	320	144	128	68	140	204	148	968
30777727_zpid	30777727_zpid	11236	10562 Flatlands 6th St, Brooklyn, NY 11236	40.6423289	-73.88632	0.739010025865	1	0.541748592519	1	1.39731668671	0	4	2	4167	495000	22	4167	1970	36	4	32	28	24	24	48	12	36	12	8	132
