30705091_zpid	30705091_zpid	11204	1763 74th St, Brooklyn, NY 11204	40.614662	-73.995999	0.185400103052	13	0.0742341899883	7	0.410522344241	2	4	2	2354	777000	3	1700	1910	84	56	36	160	32	172	108	88	48	20	20	280
30636444_zpid	30636444_zpid	11207	55 Bulwer Pl, Brooklyn, NY 11207	40.683154	-73.894319	0.420178701552	2	0.354138433542	3	0.64026836979	1	3	1	1148	189000	7	2626	1925	228	88	144	124	108	120	96	116	84	56	24	288
30720884_zpid	30720884_zpid	11223	1736 E 2nd St, Brooklyn, NY 11223	40.607234	-73.971908	0.173404166625	7	0.276106907264	5	0.199128722886	2	8	6	5692	518000	45	2933	2003	75	18	25	32	30	52	22	31	26	15	1	122
29777228_zpid	29777228_zpid	10451	268 E 143rd St, Bronx, NY 10451	40.814985	-73.924576	0.471327751876	4	0.282991781538	6	0.421818776757	5	5	4	2442	265000	45	2178	1901	74	4	36	42	17	12	12	8	18	14	25	111
30758066_zpid	30758066_zpid	11234	1615 Schenectady Ave, Brooklyn, NY 11234	40.633134	-73.931011	0.277759211517	6	1.00592971693	0	1.40537804476	0	2	2	1470	440000	107	2150	1945	7	10	10	9	2	16	18	7	12	8	2	51
30774981_zpid	30774981_zpid	11236	962 E 107th St, Brooklyn, NY 11236	40.647173	-73.892242	0.108442852151	4	0.0759028632932	4	0.719361632529	1	5	5	2717	565000	1	1992	1960	140	28	68	56	40	76	32	4	40	24	32	292
30735458_zpid	30735458_zpid	11223	2006 W 6th St, Brooklyn, NY 11223	40.59851	-73.97821	0.0456222933395	5	0.308022614588	4	0.139518270474	6	8	5	4222	1275000	0	2080	1930	128	92	52	108	36	220	104	176	88	32	28	384
30614916_zpid	30614916_zpid	11205	135 Park Ave, Brooklyn, NY 11205	40.6963669	-73.974205	0.358921488089	6	0.326850071311	2	0.937703687806	0	3	1	800	245000	154	2175	1899	29	31	14	23	19	35	7	25	10	12	7	68
30759477_zpid	30759477_zpid	11234	920 E 58th St, Brooklyn, NY 11234	40.632379	-73.920861	0.414907442661	7	0.169328764758	3	2.25922145093	0	5	5	3450	792500	13	56	1945	26	11	8	21	11	39	12	14	11	12	1	50
29853861_zpid	29853861_zpid	10471	6122 Tyndall Ave, Bronx, NY 10471	40.910361	-73.900044	0.525802994464	7	0.540061581082	6	1.38131766387	0	3	2	2049	799000	0	2826	1925	8	8	6	10	4	8	22	9	11	2	4	38
30736784_zpid	30736784_zpid	11223	2175 W 7th St, Brooklyn, NY 11223	40.5944773	-73.97794	0.186229892168	6	0.173549457457	2	0.197041222737	4	5	3	1908	820000	29	2395	1931	124	56	32	104	40	180	88	152	96	24	28	328
29787753_zpid	29787753_zpid	10458	2654 Bainbridge Ave, Bronx, NY 10458	40.864911	-73.891601	0.408847900353	10	0.0465291154328	10	0.280615223921	5	9	3	4307	66500	284	3622	1910	556	70	224	236	280	32	20	4	81	73	27	374
30761116_zpid	30761116_zpid	11234	1222 E 54th St, Brooklyn, NY 11234	40.627899	-73.924216	0.133029411283	6	0.494779137092	3	2.05399645345	0	9	6	3465	600000	32	2900	1990	45	15	30	24	18	62	25	31	21	18	5	99
30637447_zpid	30637447_zpid	11208	104 Essex St, Brooklyn, NY 11208	40.681948	-73.883526	0.205706416361	7	0.212387644246	3	0.241755915035	2	6	2	2100	418500	29	2178	1910	74	33	47	55	46	48	32	22	32	20	14	139
30749297_zpid	30749297_zpid	11235	2559 E 22nd St, Brooklyn, NY 11235	40.589443	-73.947218	0.20054736329	11	0.421005851046	4	0.651376013194	1	6	2.5	2256	660000	26	2467	1930	57	14	12	36	10	51	31	36	42	6	3	126
30720524_zpid	30720524_zpid	11223	1635 W 7th St, Brooklyn, NY 11223	40.6070552	-73.9803041	0.24463949495	12	0.262046301993	6	0.348699400646	3	3	2	1456	620000	34	2450	1930	344	80	144	88	120	288	68	132	52	44	12	344
30746995_zpid	30746995_zpid	11229	2357 E 21st St, Brooklyn, NY 11229	40.594874	-73.949211	0.205178345766	13	0.470200970631	5	0.50464319933	1	7	2	2772	739000	30	2200	1925	74	11	27	26	34	41	37	30	27	14	6	98
30747311_zpid	30747311_zpid	11229	2333 E 26th St, Brooklyn, NY 11229	40.594687	-73.9443579	0.287569233934	11	0.293050734747	4	0.915282869016	0	3	2	2134	810000	0	2200	1950	16	36	16	64	12	72	96	80	60	4	8	220
30570594_zpid	30570594_zpid	11231	18 3rd Pl, Brooklyn, NY 11231	40.679241	-74.000978	0.27806585962	13	0.451616878369	3	0.584879250397	2	8	4	2520	3795000	0	2000	1910	39	49	24	44	21	18	57	29	16	12	11	179
30640056_zpid	30640056_zpid	11207	551 Warwick St, Brooklyn, NY 11207	40.6700369	-73.8847612	0.418262365022	7	0.420684673224	2	0.425088232979	4	3	1	1116	370000	99	1406	1989	76	16	40	45	37	25	26	6	29	25	14	114
30790806_zpid	30790806_zpid	11235	278 Amherst St, Brooklyn, NY 11235	40.575047	-73.951842	0.265215140153	5	0.680829008673	2	0.849295795534	0	3	2.5	1864	1575000	0	4000	1925	41	23	10	20	15	10	28	15	18	6	2	47
30770799_zpid	30770799_zpid	11236	25 Paerdegat 9th St, Brooklyn, NY 11236	40.629649	-73.9063539	0.843010998435	0	0.858016609658	0	1.93084258585	0	7	3	2500	301000	209	1975	1965	164	12	48	76	32	216	64	20	88	20	24	168
30739722_zpid	30739722_zpid	11235	734 Avenue X, Brooklyn, NY 11235	40.5913974	-73.9617592	0.405844041614	11	0.761719008582	0	0.703298469607	1	3	2	1932	660000	23	2199	1945	34	10	7	12	10	32	23	20	14	4	2	43
30631894_zpid	30631894_zpid	11212	487 Thomas S Boyland St, Brooklyn, NY 11212	40.668839	-73.91311	0.273385268891	7	0.319489230276	7	0.782500464967	0	4	2	1340	265000	109	2000	1987	48	8	25	39	20	29	25	7	20	10	12	105
30781211_zpid	30781211_zpid	11234	2528 Ralph Ave, Brooklyn, NY 11234	40.616465	-73.917254	0.152444327007	6	0.668281805218	1	3.1485280034	0	3	2.5	1296	288750	142	1800	1960	13	10	9	7	11	27	23	10	23	2	5	101
30715145_zpid	30715145_zpid	11214	287 Bay 20th St, Brooklyn, NY 11214	40.60056	-74.00687	0.380194471098	6	0.367177304765	3	0.859538497008	0	3	1.5	1320	675000	10	1551	1940	93	9	30	24	18	35	33	38	10	8	8	101
30595813_zpid	30595813_zpid	11213	103 Schenectady Ave, Brooklyn, NY 11213	40.675618	-73.93294	0.126653748523	10	0.177420990023	5	0.45687366998	2	3	1.5	1150	275000	55	2300	1920	156	20	75	95	80	41	26	10	24	22	10	164
30618270_zpid	30618270_zpid	11206	597 Flushing Ave, Brooklyn, NY 11206	40.6998792	-73.9507734	0.311628516798	6	0.175567145057	9	0.055253704535	4	1	1	4350	200000	142	2500	1931	51	24	22	41	21	24	21	28	17	10	10	125
30643333_zpid	30643333_zpid	11208	294 Hemlock St, Brooklyn, NY 11208	40.6825789	-73.871184	0.139875714853	7	0.219402910448	7	0.229997078698	1	4	2	2160	575000	0	2141	1910	121	37	76	92	65	66	34	11	90	41	8	216
30601692_zpid	30601692_zpid	11233	1352 Herkimer St, Brooklyn, NY 11233	40.6771839	-73.908796	0.163788126164	5	0.149073000987	3	0.221414626923	8	2	1	2565	307000	14	1537	1910	203	24	139	170	115	41	34	21	54	73	28	198
62649434_zpid	62649434_zpid	11229	2335 Stuart St, Brooklyn, NY 11229	40.600055	-73.9314799	0.313269718	4	0.252591621419	1	2.06819775963	0	4	5	2560	849000	0	1600	2002	15	14	1	7	2	8	19	6	11	1	2	38
29833188_zpid	29833188_zpid	10466	936 E 231st St, Bronx, NY 10466	40.889521	-73.851072	0.186103798574	8	0.367940624888	4	0.676196548657	1	4	2	2160	460000	69	3310	1950	89	10	41	36	33	98	21	6	27	15	13	92
30793333_zpid	30793333_zpid	11229	9 Beacon Ct, Brooklyn, NY 11229	40.5864144	-73.9194558	0.463880046416	1	1.79225632845	0	2.93391045221	0	3	2	760	285000	183	3600	1920	2	3	1	11	0	0	16	8	13	1	2	24
30595058_zpid	30595058_zpid	11225	478 Empire Blvd, Brooklyn, NY 11225	40.663899	-73.946342	0.245067527209	6	0.164698546767	7	0.401861459455	3	6	4	3007	650000	73	2650	1920	273	54	107	125	121	34	34	17	30	46	9	213
29781027_zpid	29781027_zpid	10459	1169 W Farms Rd, Bronx, NY 10459	40.828001	-73.889301	0.23868751309	4	0.262354572696	6	0.302693559072	3	5	2	2100	425000	18	2072	1992	232	35	79	125	93	32	31	10	37	30	25	201
30607473_zpid	30607473_zpid	11206	118 Marcus Garvey Blvd, Brooklyn, NY 11206	40.6946014	-73.94061	0.089183181972	10	0.182784080229	3	0.508806869669	3	3	2.5	1922	310000	149	1333	1931	436	176	204	312	192	144	88	116	92	132	68	612
30626799_zpid	30626799_zpid	11221	33 Goodwin Pl, Brooklyn, NY 11221	40.691833	-73.923619	0.175451749509	11	0.109244658171	5	0.270381794646	3	2	1	2200	113500	274	2640	1901	241	64	99	145	115	46	40	17	67	49	36	296
29841098_zpid	29841098_zpid	10465	1151 Vincent Ave, Bronx, NY 10465	40.836408	-73.821522	0.199583378187	4	0.162279586462	1	1.4853780352	0	3	2	1922	365000	25	2374	1920	24	28	28	32	28	40	112	48	44	16	12	176
30629464_zpid	30629464_zpid	11221	1236 Hancock St, Brooklyn, NY 11221	40.692085	-73.910964	0.246760824126	9	0.596676685541	1	0.691119207704	2	6	5	3433	404250	33	2000	1910	105	23	85	104	81	33	27	7	43	51	26	142
30622761_zpid	30622761_zpid	11211	312 Leonard St, Brooklyn, NY 11211	40.7150729	-73.9475921	0.151471049745	15	0.309035394108	4	0.185969589083	4	2	4.5	2500	3100000	14	2000	1899	39	112	24	65	24	34	51	17	19	12	22	210
30734529_zpid	30734529_zpid	11223	1924 W 6th St, Brooklyn, NY 11223	40.600509	-73.978628	0.180190049305	6	0.433368167905	4	0.340693276482	4	7	5	2136	620000	127	2395	1925	160	100	80	100	72	296	108	228	96	32	28	396
112500024_zpid	112500024_zpid	11226	361 E 26th St, Brooklyn, NY 11226	40.64149	-73.952164	0.310231154432	7	0.248090078799	5	0.359504075405	2	6	3	3282	590000	23	2000	1905	416	118	185	197	166	74	44	19	40	86	22	343
30790704_zpid	30790704_zpid	11235	151 Coleridge St, Brooklyn, NY 11235	40.578365	-73.950041	0.249175723475	6	0.720974933279	1	0.953181913663	0	7	6	5125	1550000	8	6240	1931	264	68	56	108	68	88	164	84	100	40	12	252
30618626_zpid	30618626_zpid	11211	224 N 6th St, Brooklyn, NY 11211	40.715784	-73.9563919	0.186706498057	15	0.27024253667	4	0.243449454489	3	4	3	1358	2300000	2	2500	1899	328	856	120	328	112	148	196	84	80	72	80	940
30586019_zpid	30586019_zpid	11215	274 14th St, Brooklyn, NY 11215	40.665688	-73.988355	0.101640281907	20	0.20054276482	5	0.382627539676	4	2	1	1710	1640000	9	1700	1899	90	88	26	69	27	45	72	21	34	23	21	227
29850137_zpid	29850137_zpid	10464	121 Pilot St, Bronx, NY 10464	40.8413007	-73.784821	0.227107470958	3	3.4753592708	0	3.78759585398	0	2	2	1080	395000	31	3964	1925	11	7	5	4	3	2	23	7	8	3	13	27
83042172_zpid	83042172_zpid	11229	114 Ivan Ct, Brooklyn, NY 11229	40.588907	-73.925987	0.335116409049	2	1.18547853075	0	2.39173765092	0	4	2.5	1950	300517	138	1800	2005	2	6	1	17	1	1	29	11	20	1	3	36
2112109269_zpid	2112109269_zpid	11226	2514 Beverley Rd, Brooklyn, NY 11226	40.644654	-73.953528	0.195180320312	6	0.396951791872	5	0.389072438231	2	3	2.5	1280	345000	34	1872	1930	348	60	174	196	144	84	43	13	41	75	29	345
29783508_zpid	29783508_zpid	10459	1295 Intervale Ave, Bronx, NY 10459	40.830021	-73.893914	0.192207818428	5	0.285355219674	7	0.175461890937	2	3	1.5	1152	235000	8	1755	1988	226	89	95	139	115	39	29	6	28	50	25	199
30775015_zpid	30775015_zpid	11236	954 E 108th St, Brooklyn, NY 11236	40.647702	-73.891597	0.0649318784628	4	0.0364148014429	4	0.738909935437	1	5	3.5	1	442030	2	2000	1960	120	24	56	56	32	56	32	4	36	12	28	212
30732583_zpid	30732583_zpid	11224	3812 Laurel Ave, Brooklyn, NY 11224	40.5778271	-74.0061706	0.412645224741	1	0.362871833833	1	2.1089557656	0	4	2	2792	629000	0	3000	2006	156	56	48	148	44	16	72	12	56	28	8	192
30794623_zpid	30794623_zpid	11229	2570 Gerritsen Ave, Brooklyn, NY 11229	40.5953329	-73.92826	0.298060039363	2	0.818246144023	0	2.27389890677	0	3	3	1360	179000	258	1484	1965	12	60	4	28	8	28	44	20	48	12	8	100
30613885_zpid	30613885_zpid	11238	395 Grand Ave, Brooklyn, NY 11238	40.68397	-73.961574	0.151042560139	11	0.13226256747	5	0.443198467288	5	4	3	3600	3050000	15	2030	1901	151	180	78	130	80	47	60	21	49	21	40	225
29789319_zpid	29789319_zpid	10470	268 E 236th St, Bronx, NY 10470	40.897954	-73.868229	0.401306512677	3	0.0958634288307	1	0.532152878946	1	3	2.5	1650	360000	8	2500	1908	68	17	12	22	9	44	15	19	17	5	4	88
30656573_zpid	30656573_zpid	11203	821 E 49th St, Brooklyn, NY 11203	40.641339	-73.930001	0.161791691329	7	0.960461903101	0	1.56257975398	0	11	3.5	3840	430000	75	2550	1930	94	17	20	22	19	48	36	13	26	17	6	121
30664258_zpid	30664258_zpid	11210	776 E 40th St, Brooklyn, NY 11210	40.63641	-73.938695	0.62154692705	2	0.665067499118	1	0.85414220113	0	3	2	1484	455000	16	2300	1920	30	7	39	41	53	20	13	6	19	15	3	98
29834099_zpid	29834099_zpid	10466	1355 E 224th St, Bronx, NY 10466	40.880572	-73.842291	0.391840776665	5	0.098523860866	3	0.378579069421	1	8	5	3864	590000	4	2587	1988	52	40	16	16	12	72	24	8	32	4	4	92
30789976_zpid	30789976_zpid	11235	17 Brighton 10th Ln, Brooklyn, NY 11235	40.580645	-73.9584725	0.185148985442	11	0.152877402573	7	0.407775008614	1	3	2	1144	485000	6	1530	1920	1028	224	312	388	252	320	216	116	208	140	104	1048
30787755_zpid	30787755_zpid	11234	2659 E 66th St, Brooklyn, NY 11234	40.606537	-73.909436	1.06682435305	0	1.19135413619	0	4.01122893303	0	5	6	5500	1350000	40	7013	1992	3	5	1	7	2	16	7	26	17	2	1	30
30587393_zpid	30587393_zpid	11215	523 3rd St, Brooklyn, NY 11215	40.670358	-73.977575	0.111381832234	15	0.558088261692	3	0.510024674986	1	5	2.5	3000	1725000	143	1900	1880	41	50	19	40	20	17	71	43	30	10	15	197
30763364_zpid	30763364_zpid	11234	1382 E 55th St, Brooklyn, NY 11234	40.6228989	-73.922742	0.174794526732	10	0.372689764925	1	2.3768191842	0	3	2	1008	399000	0	1800	1925	10	15	8	12	11	36	27	15	20	9	8	112
68314619_zpid	68314619_zpid	11223	2356 W 11th St, Brooklyn, NY 11223	40.589988	-73.981361	0.213735205283	4	0.408721205006	2	0.240004956848	3	3	1	2730	641497	117	1750	2011	10	8	4	9	6	13	8	11	11	2	2	12
29822174_zpid	29822174_zpid	10469	1502 Hawthorne St, Bronx, NY 10469	40.864129	-73.843053	0.255128028127	3	0.679405323333	1	0.663010338924	1	2	1	1024	216000	44	1656	1940	14	11	6	11	3	19	22	13	16	3	4	54
30606902_zpid	30606902_zpid	11205	125 Sandford St, Brooklyn, NY 11205	40.6952738	-73.9533082	0.259157390723	7	0.195377739443	8	0.362726620696	3	6	2	1440	850000	3	1001	1910	456	172	92	200	84	104	168	108	44	40	40	504
30731076_zpid	30731076_zpid	11214	160 Bay 44th St, Brooklyn, NY 11214	40.5913309	-73.988433	0.307472403825	5	0.695770002493	1	0.482223362254	2	4	3	2100	789000	9	21	1950	48	32	44	72	12	72	136	84	104	28	20	264
30604087_zpid	30604087_zpid	11221	923 Putnam Ave, Brooklyn, NY 11221	40.6871681	-73.9243293	0.304295826042	10	0.41973223506	4	0.324534546021	2	9	3	3400	1255000	22	2700	1899	194	56	90	136	97	36	22	7	35	61	32	226
29834732_zpid	29834732_zpid	10466	1103 E 231st St, Bronx, NY 10466	40.888522	-73.846255	0.33373006287	5	0.0711290865655	3	1.07775631674	0	7	5.5	2928	545000	7	2613	1955	132	56	72	76	36	216	76	8	128	48	32	252
30702916_zpid	30702916_zpid	11204	1934 Bay Ridge Ave, Brooklyn, NY 11204	40.614852	-73.989711	0.163982097358	12	0.311895859792	8	0.487661069239	3	7	3	3300	1525000	0	3001	1915	240	68	120	212	104	236	152	128	100	40	32	604
30701460_zpid	30701460_zpid	11209	9327 Hamilton Walk, Brooklyn, NY 11209	40.6175268	-74.0320236	0.175120165669	11	0.0957981034555	5	0.164402133952	2	2	1	910	410000	102	13	1925	122	43	32	35	32	82	49	32	6	13	8	181
30668383_zpid	30668383_zpid	11226	941 Ocean Ave, Brooklyn, NY 11226	40.639625	-73.95868	0.273755391795	10	0.240093560095	4	0.463425158794	3	1	1	1860	1680000	36	10211	1910	537	109	244	241	231	59	33	23	62	97	11	375
30628281_zpid	30628281_zpid	11221	1369 Putnam Ave, Brooklyn, NY 11221	40.694602	-73.912724	0.157548323874	8	0.350502264773	4	0.569618169	4	12	6	2880	1500000	0	1999	1910	91	21	80	92	68	23	29	6	35	40	26	142
29794580_zpid	29794580_zpid	10472	1143 Wheeler Ave, Bronx, NY 10472	40.827047	-73.880037	0.219701712504	6	0.169291202194	4	0.18677280199	3	7	4	3280	490000	129	2500	1926	558	64	177	198	180	62	28	6	61	77	19	320
30579418_zpid	30579418_zpid	11220	558 58th St, Brooklyn, NY 11220	40.639574	-74.013718	0.372212591324	8	0.135920261091	10	0.404072830756	3	6	3	2820	1350000	4	2003	1899	153	62	52	70	40	44	69	35	36	24	7	234
30696318_zpid	30696318_zpid	11209	139 78th St, Brooklyn, NY 11209	40.630476	-74.032725	0.395140666334	10	0.742911730811	1	0.61500130173	1	5	3	1895	1200000	8	3280	1925	55	35	13	16	14	39	39	88	15	6	4	93
30606070_zpid	30606070_zpid	11233	183 Bainbridge St, Brooklyn, NY 11233	40.68132	-73.929954	0.184296123872	8	0.172614739551	5	0.227357887444	1	4	3	2220	1085000	28	1742	1899	130	65	87	121	68	13	24	10	35	38	22	182
30699400_zpid	30699400_zpid	11209	96 85th St, Brooklyn, NY 11209	40.6254234	-74.036463	0.514334320713	7	0.720679490053	1	0.746408860324	1	3	4	2046	1215000	21	3484	1920	21	19	4	17	5	27	24	20	11	2	1	70
30725649_zpid	30725649_zpid	11230	1366 E 19th St, Brooklyn, NY 11230	40.617035	-73.956267	0.17296676127	6	0.297163632618	4	0.272494580017	1	3	2.5	1360	567000	23	3005	1925	130	17	48	74	43	52	32	23	16	14	4	137
29825725_zpid	29825725_zpid	10469	3230 Tenbroeck Ave, Bronx, NY 10469	40.872062	-73.852386	0.118705289618	6	0.653183508042	1	0.578759704766	1	3	2	1900	359500	7	4356000	1920	41	12	28	36	21	42	24	14	30	18	7	103
30697247_zpid	30697247_zpid	11209	23 Harbor Ln, Brooklyn, NY 11209	40.6293657	-74.0390411	0.818507635734	0	1.21023610313	0	1.14393296663	0	6	6.5	3882	2320000	28	5040	1930	8	16	0	12	0	12	76	28	28	0	4	104
30768091_zpid	30768091_zpid	11236	617 E 84th St, Brooklyn, NY 11236	40.640323	-73.913253	0.40546173565	7	0.565359906112	1	1.19348031412	0	7	3	1880	576000	11	2000	1960	172	24	108	60	48	256	136	44	100	44	44	392
29843679_zpid	29843679_zpid	10465	3181 Country Club Rd, Bronx, NY 10465	40.84218	-73.823121	0.595874111052	1	0.366052169266	1	0.947986582768	0	2	2	1476	440000	7	3332	1925	1	12	4	1	0	7	31	10	4	0	1	24
29786238_zpid	29786238_zpid	10453	2108 Harrison Ave, Bronx, NY 10453	40.855665	-73.908644	0.36840296025	10	0.418919558247	9	0.259166281394	4	3	3	2340	415000	83	2340	1991	650	30	227	272	266	59	29	21	105	79	29	359
29841498_zpid	29841498_zpid	10465	3145 Baisley Ave, Bronx, NY 10465	40.83734	-73.8235739	0.386017080664	4	0.354115221805	1	1.29610927677	0	3	3	1768	467100	44	1873	1945	3	7	5	5	4	5	25	11	7	4	3	32
29850811_zpid	29850811_zpid	10464	194 Carroll St, Bronx, NY 10464	40.846041	-73.783704	0.0905861562629	3	3.3259203312	0	3.73299196467	0	4	2	1155	575000	0	5000	1900	60	36	20	28	12	4	132	32	24	8	100	148
30571103_zpid	30571103_zpid	11217	179 Wyckoff St, Brooklyn, NY 11217	40.684785	-73.986973	0.176367515257	11	0.314665741752	2	0.361511897763	6	9	3	2700	2395000	0	2000	1899	27	57	5	34	11	37	40	13	14	13	10	104
30591320_zpid	30591320_zpid	11216	1208 Dean St, Brooklyn, NY 11216	40.676589	-73.949364	0.143297108694	11	0.207381790466	7	0.221534418641	5	6	3	5200	1350000	4	3288	1920	1400	332	636	924	796	152	156	64	240	276	156	1200
30789440_zpid	30789440_zpid	11235	45 Brighton 1st Ln, Brooklyn, NY 11235	40.5773384	-73.9659784	0.0534141712433	8	0.256598269286	7	0.241964616731	2	6	4	1530	665000	88	1800	1910	384	156	240	316	232	184	128	48	172	76	72	872
30730840_zpid	30730840_zpid	11214	2367 Cropsey Ave, Brooklyn, NY 11214	40.594628	-73.995035	0.41461033125	7	0.649196515403	5	0.773541194184	0	4	2.5	1764	680500	40	1793	1965	140	20	80	96	40	148	128	56	64	40	8	256
30605519_zpid	30605519_zpid	11233	471 Macdonough St, Brooklyn, NY 11233	40.683143	-73.92712	0.27736444252	6	0.406162466157	3	0.519414107524	2	1	1	3184	500000	22	1800	1899	130	70	95	116	62	16	12	11	43	39	23	180
30759275_zpid	30759275_zpid	11234	1085 E 53rd St, Brooklyn, NY 11234	40.632585	-73.925063	0.337077214097	5	0.506831104607	2	1.90768583902	0	2	2	1368	475000	125	1799	1955	36	11	12	24	12	45	22	13	19	13	3	73
30791231_zpid	30791231_zpid	11235	145 Kensington St, Brooklyn, NY 11235	40.579589	-73.941675	0.559283053515	1	1.32003099381	0	1.33224023433	0	5	3.5	2893	385000	271	4000	1935	68	24	4	56	12	52	64	20	48	4	4	104
30702066_zpid	30702066_zpid	11209	180 Marine Ave, Brooklyn, NY 11209	40.61563	-74.035378	0.178774638103	8	0.14241611795	3	0.355071574322	1	5	1	3900	1220000	10	4000	1915	191	30	29	27	29	58	45	48	6	10	7	131
30773878_zpid	30773878_zpid	11236	1103 E 92nd St, Brooklyn, NY 11236	40.642529	-73.905913	0.260568645059	6	0.849774668832	0	0.573264621102	1	4	2	1357	436000	12	1742	1950	176	40	92	88	60	252	144	24	76	88	36	464
30606696_zpid	30606696_zpid	11233	954 Herkimer St, Brooklyn, NY 11233	40.677881	-73.9220859	0.313649569455	3	0.174543799812	1	0.106981981569	2	4	2	1232	1250000	0	4200	1901	163	33	103	124	85	29	32	9	44	58	29	195
29794574_zpid	29794574_zpid	10472	1157 Wheeler Ave, Bronx, NY 10472	40.827458	-73.880133	0.184368445415	6	0.131444185283	3	0.150230131482	3	7	4	3360	565000	2	3358	1970	582	64	194	222	200	62	30	8	70	82	18	342
30702074_zpid	30702074_zpid	11209	220 Marine Ave, Brooklyn, NY 11209	40.614815	-74.034881	0.184841081411	8	0.195598593164	3	0.343089013973	1	1	1	2048	775000	2	2000	1923	189	31	26	26	27	52	43	44	7	10	5	117
