30624755_zpid	30624755_zpid	11206	59 Beaver St, Brooklyn, NY 11206	40.699789	-73.937348	0.250768171157	12	0.20653918724	5	0.320907957137	2	8	3	2520	1350000	0	1830	1920	65	71	34	43	24	23	37	22	35	17	10	197
30646598_zpid	30646598_zpid	11207	503 Hegeman Ave, Brooklyn, NY 11207	40.659602	-73.892963	0.655770367276	2	0.214848216938	5	0.538162998929	2	8	4	3	450000	140	2374	1922	174	15	101	93	93	31	45	11	33	49	14	211
30745591_zpid	30745591_zpid	11229	2261 E 14th St, Brooklyn, NY 11229	40.595198	-73.956359	0.0371097585028	14	0.14975951932	8	0.101405103964	2	3	2	900	869000	0	2500	1925	87	21	16	24	25	37	22	19	11	8	5	95
29791032_zpid	29791032_zpid	10473	330 Stephens Ave, Bronx, NY 10473	40.8127179	-73.853675	0.333803050004	1	0.970523445479	0	2.36087500451	0	3	2	1600	295000	92	2500	1940	35	5	18	20	13	22	11	17	12	19	3	68
30671171_zpid	30671171_zpid	11218	55 E 4th St, Brooklyn, NY 11218	40.651389	-73.977671	0.194887758745	7	0.113619677516	2	0.239335552716	1	3	3	1818	1260000	19	2500	1899	104	96	64	112	64	112	116	120	68	12	16	268
30625738_zpid	30625738_zpid	11221	1357 Dekalb Ave, Brooklyn, NY 11221	40.698928	-73.9248719	0.109343982436	16	0.125501516891	7	0.244193741619	3	2	1	2754	1350000	2	2696	1920	396	160	192	252	152	140	68	56	128	108	72	528
30792424_zpid	30792424_zpid	11235	3073 Emmons Ave, Brooklyn, NY 11235	40.584278	-73.9367251	0.191545998381	2	0.824408591121	0	1.50206589141	0	4	3	3600	300000	213	2808	1927	56	14	23	34	26	31	21	13	28	8	4	90
30604833_zpid	30604833_zpid	11233	561 Halsey St, Brooklyn, NY 11233	40.684266	-73.930348	0.0743452040523	7	0.257370452089	2	0.546635188706	1	4	2	2208	750000	28	16	1899	116	53	80	107	56	14	18	10	29	26	19	151
30756952_zpid	30756952_zpid	11234	1612 E 35th St, Brooklyn, NY 11234	40.615374	-73.939269	0.232755317143	2	0.223747258177	2	1.71924623452	0	3	2	1200	609000	0	2200	1925	52	52	44	76	24	144	100	84	148	32	16	388
30608183_zpid	30608183_zpid	11216	294 Clifton Pl, Brooklyn, NY 11216	40.688711	-73.952723	0.183312006165	11	0.362903848345	6	0.167437763721	2	6	5	3150	2450000	0	1867	1899	432	264	260	364	244	116	96	44	92	136	128	772
30670304_zpid	30670304_zpid	11210	1481 Flatbush Ave, Brooklyn, NY 11210	40.6344762	-73.9490667	0.483317402704	3	0.046960182291	3	0.218686162005	2	1	1	3120	170000	208	1583	1933	200	34	93	92	89	68	47	18	31	49	6	238
30788107_zpid	30788107_zpid	11234	386 Mayfair Dr S, Brooklyn, NY 11234	40.607833	-73.905543	1.07607278448	0	1.09692590645	0	4.33278279926	0	4	2	2056	1225000	127	4408	1960	2	1	0	6	0	2	8	2	9	2	1	18
30755974_zpid	30755974_zpid	11234	1560 Marine Pkwy, Brooklyn, NY 11234	40.613776	-73.943763	0.117052916951	2	0.49392622153	3	1.31631150141	0	3	2	1152	580000	8	2156	1925	5	3	2	10	2	14	9	13	17	3	2	47
63126594_zpid	63126594_zpid	11234	1344 E 72nd St, Brooklyn, NY 11234	40.6239769	-73.91125	0.612000860553	4	0.765968317321	0	2.64635241375	0	1	1	2920	524399	133	4012	2003	19	2	7	7	2	41	16	19	15	4	5	72
30789122_zpid	30789122_zpid	11235	54 Brighton 2nd Path, Brooklyn, NY 11235	40.580102	-73.9658079	0.339672592434	6	0.374628178155	7	0.46943045	3	2	1	1410	270000	56	1742	1930	340	160	240	332	172	228	140	92	164	72	72	800
89067064_zpid	89067064_zpid	11234	1556 E 49th St, Brooklyn, NY 11234	40.622782	-73.928589	0.163913296633	9	0.17480781251	1	1.96056789997	0	5	2.5	2980	595340	72	3049	2009	8	36	4	13	9	45	36	17	16	5	4	130
30623877_zpid	30623877_zpid	11222	116 Beadel St, Brooklyn, NY 11222	40.721844	-73.936156	0.408360152671	2	0.658510396235	1	1.04905411415	0	4	2.5	2000	994000	6	2000	1910	14	21	7	15	7	4	21	20	19	3	6	64
30768477_zpid	30768477_zpid	11236	759 E 80th St, Brooklyn, NY 11236	40.63606	-73.913425	0.113744843668	6	0.0910524675768	2	1.53191206143	0	5	2.5	2214	208000	250	1800	1960	31	9	28	16	12	69	30	15	27	11	9	91
29790486_zpid	29790486_zpid	10473	128 Pugsley Ave, Bronx, NY 10473	40.808704	-73.851578	0.691203860057	1	1.29763576516	0	2.83854075744	0	1	1	1751	625000	94	2613	2007	14	9	15	9	8	12	11	14	8	7	3	36
30773021_zpid	30773021_zpid	11236	878 E 94th St, Brooklyn, NY 11236	40.647536	-73.90946	0.408003316274	3	0.877295638613	0	0.650212488741	1	4	2	1673	474300	32	2000	1960	27	2	17	27	17	34	28	7	8	11	4	96
30777017_zpid	30777017_zpid	11236	1437 E 91st St, Brooklyn, NY 11236	40.6355	-73.899017	0.110620840572	5	0.271285869897	3	1.26450757548	0	4	2.5	1680	550000	13	3708	1925	34	20	19	23	7	52	19	10	17	10	6	85
29813213_zpid	29813213_zpid	10462	1821 Amethyst St, Bronx, NY 10462	40.8455	-73.868243	0.15709067362	8	0.422980947693	1	0.370909288631	2	3	2	2300	330000	22	1999	1899	89	10	55	61	54	61	21	14	15	27	13	119
30654407_zpid	30654407_zpid	11203	374 E 54th St, Brooklyn, NY 11203	40.6495279	-73.9265379	0.334978923958	7	0.340860255334	3	1.58298815644	0	7	6	2500	515000	21	2482	1920	133	15	49	50	56	43	34	8	17	28	10	154
30753779_zpid	30753779_zpid	11210	1264 E 38th St, Brooklyn, NY 11210	40.623398	-73.938804	0.0554786749799	2	0.651073365522	2	1.28894301309	0	3	1	1092	480000	122	2233	1930	244	28	108	128	80	184	140	52	88	44	32	272
30739896_zpid	30739896_zpid	11223	460 Avenue Y, Brooklyn, NY 11223	40.5883895	-73.9690139	0.269719587547	6	0.327867539954	1	0.463347075937	1	6	3	3480	1175000	9	4000	1901	336	60	60	80	36	104	148	116	60	12	24	352
30628449_zpid	30628449_zpid	11221	1282 Putnam Ave, Brooklyn, NY 11221	40.692559	-73.9140029	0.296583661366	7	0.368094269391	4	0.7279341872	1	6	3	2015	1500000	0	1750	1910	148	44	113	137	99	39	36	10	67	61	38	190
30765532_zpid	30765532_zpid	11234	1624 E 54th St, Brooklyn, NY 11234	40.617905	-73.923135	0.234122544182	11	0.731253372547	1	2.65517302939	0	5	2	2000	470000	14	2000	1920	14	22	7	7	11	31	28	14	23	4	6	130
30759474_zpid	30759474_zpid	11234	912 E 58th St, Brooklyn, NY 11234	40.632561	-73.92088	0.396085650697	6	0.162054857758	3	2.24616387193	0	5	3	2058	499900	0	2100	1940	104	40	32	84	44	136	48	52	44	44	4	192
30775793_zpid	30775793_zpid	11236	10538 Flatlands 2nd St, Brooklyn, NY 11236	40.645285	-73.890451	0.34722707031	2	0.311716219586	3	0.963700709916	0	4	2.5	3680	555000	53	2000	1960	160	16	64	64	52	72	48	8	48	32	28	248
30679247_zpid	30679247_zpid	11230	4832 Bay Pkwy, Brooklyn, NY 11230	40.622721	-73.9732159	0.481436444726	6	0.522073573687	5	0.277785144855	2	4	1	1325	750000	25	6800	1930	35	6	6	18	3	17	35	18	10	1	2	48
30744162_zpid	30744162_zpid	11229	2020 Bragg St, Brooklyn, NY 11229	40.602716	-73.93676	0.229989633014	4	0.283436411904	3	1.66419962839	0	2	2	1120	555000	0	1600	1935	26	8	9	10	6	13	33	15	14	0	3	55
30585653_zpid	30585653_zpid	11215	307 13th St, Brooklyn, NY 11215	40.666177	-73.986637	0.131497097034	20	0.145761993358	5	0.533281203293	4	3	2.5	972	1325000	38	1613	1899	87	86	27	71	27	48	69	28	31	26	21	233
30632910_zpid	30632910_zpid	11212	768 Thomas S Boyland St, Brooklyn, NY 11212	40.661598	-73.911941	0.311480373779	7	0.267781697194	6	0.278682880067	2	6	3	2240	515000	0	2450	1901	624	44	524	348	260	156	164	64	144	92	72	708
30574527_zpid	30574527_zpid	11232	181 33rd St, Brooklyn, NY 11232	40.655778	-74.001868	0.0919909529708	4	0.599643158617	3	0.263584368391	2	1	1	1978	206000	262	1503	1987	22	31	11	16	11	9	36	18	15	1	9	78
29851436_zpid	29851436_zpid	10475	3554 Mc Owen Ave, Bronx, NY 10475	40.889062	-73.8196619	0.864269470717	0	0.348619195086	1	0.944013775175	0	3	3	1925	265000	11	2700	1965	0	0	0	1	0	2	2	4	0	0	1	3
30780330_zpid	30780330_zpid	11234	1244 E 69th St, Brooklyn, NY 11234	40.6243042	-73.915288	0.508591313481	4	0.693038952743	1	2.73471468354	0	3	1.5	5200	310000	256	4475	1965	92	16	52	52	40	232	84	100	68	36	32	380
30786187_zpid	30786187_zpid	11234	2077 Hendrickson St, Brooklyn, NY 11234	40.611238	-73.925208	0.423383125287	4	1.10717994795	0	2.7703397619	0	2	1	1268	443000	5	2200	1945	24	32	28	44	24	144	112	68	72	16	24	352
30736686_zpid	30736686_zpid	11223	2149 W 9th St, Brooklyn, NY 11223	40.5949925	-73.9799484	0.318971340329	6	0.117929381397	4	0.284518085758	4	4	3	2541	600000	108	2082	1930	156	60	32	92	44	148	80	108	80	20	16	240
29826954_zpid	29826954_zpid	10467	725 E 221st St, Bronx, NY 10467	40.884874	-73.860945	0.0642872333848	5	0.21514516461	1	0.188214832604	2	4	3	1971	412000	2	1971	1930	131	10	69	88	84	62	14	4	29	34	8	134
30630004_zpid	30630004_zpid	11207	796 Knickerbocker Ave, Brooklyn, NY 11207	40.6925389	-73.907893	0.197942684206	8	0.805436827026	0	0.468641465369	2	8	3	4800	393000	70	2000	1920	74	29	47	61	55	18	15	12	26	27	13	125
30567658_zpid	30567658_zpid	11201	34 Grace Ct, Brooklyn, NY 11201	40.694057	-73.997673	0.08581173065	14	0.508590410229	4	0.542118591957	4	10	4	6000	7255000	12	3000	1915	47	81	21	25	15	11	49	32	21	8	12	136
30608447_zpid	30608447_zpid	11216	235 Lexington Ave, Brooklyn, NY 11216	40.6876589	-73.9530319	0.13247476078	10	0.308448667648	5	0.282303897176	2	2	1	2100	949000	33	1655	1899	484	452	308	404	268	128	120	48	100	168	140	868
30767034_zpid	30767034_zpid	11236	547 E 85th St, Brooklyn, NY 11236	40.642221	-73.914042	0.519183153855	6	0.778868552548	0	1.14193537739	0	3	2	1248	365000	7	2500	1925	37	4	24	14	9	41	30	5	22	9	6	84
30750106_zpid	30750106_zpid	11235	2701 Voorhies Ave, Brooklyn, NY 11235	40.587219	-73.942133	0.316774291998	6	0.505487165257	1	1.01695237275	0	5	5.5	2571	740000	125	2500	1920	24	8	15	26	13	38	26	33	36	2	6	99
30604135_zpid	30604135_zpid	11221	686 Putnam Ave, Brooklyn, NY 11221	40.6856099	-73.934273	0.138243682581	7	0.370671744623	5	0.756924305803	0	5	4	3440	1705000	5	2000	1899	153	25	61	114	52	23	31	9	21	40	18	161
30607126_zpid	30607126_zpid	11206	457 Willoughby Ave, Brooklyn, NY 11206	40.693851	-73.951309	0.227311748159	9	0.350081769719	5	0.26612235596	3	9	4	3388	622200	118	2017	1899	164	60	164	212	128	84	52	52	84	64	72	368
30671006_zpid	30671006_zpid	11218	187 Mcdonald Ave, Brooklyn, NY 11218	40.650124	-73.980416	0.221520726995	9	0.209647172578	2	0.393750283666	2	3	2	1583	765000	38	2603	1940	52	80	48	80	48	76	76	84	52	12	12	228
30770169_zpid	30770169_zpid	11236	7 Paerdegat 6th St, Brooklyn, NY 11236	40.630512	-73.909016	0.623577044069	3	0.64102099317	2	1.89613987125	0	6	3	2110	615000	29	2000	1965	120	20	24	48	20	160	60	12	88	12	16	148
30619168_zpid	30619168_zpid	11249	67 S 3rd St, Brooklyn, NY 11249	40.7134612	-73.9647666	0.113632381995	10	0.403027607407	4	0.779228345597	0	5	4	3220	1530000	46	1900	1910	96	368	32	128	32	92	84	64	76	12	32	380
83046009_zpid	83046009_zpid	11226	2916 Snyder Ave, Brooklyn, NY 11226	40.648644	-73.9497839	0.101688807264	5	0.26030420171	7	0.245426565049	2	6	3	3210	420000	53	2137	2006	355	42	130	133	131	84	28	15	42	58	26	242
30603052_zpid	30603052_zpid	11221	554 Lexington Ave, Brooklyn, NY 11221	40.688905	-73.938057	0.277231918163	7	0.213625852248	4	0.92337628757	0	5	3	2001	950000	13	1667	1899	936	224	464	688	388	168	156	56	176	264	132	1056
30644677_zpid	30644677_zpid	11208	32 Doscher St, Brooklyn, NY 11208	40.6768101	-73.8732955	0.0388989685489	9	0.258105288506	6	0.188508439225	4	10	3	3120	270000	50	2000	1901	157	21	84	94	57	59	57	13	68	40	14	226
30615632_zpid	30615632_zpid	11217	65 S Oxford St, Brooklyn, NY 11217	40.687705	-73.9734425	0.144568888104	9	0.256726212014	3	0.115290837867	10	1	1	4784	590000	207	2300	1930	35	41	20	20	9	10	11	19	14	9	10	75
30773268_zpid	30773268_zpid	11236	967 E 94th St, Brooklyn, NY 11236	40.646076	-73.907113	0.256461697565	4	0.974621412253	0	0.449161455581	1	5	3	1616	300000	22	1999	1965	44	7	25	34	18	57	26	5	7	21	7	99
30596247_zpid	30596247_zpid	11213	1357 Park Pl, Brooklyn, NY 11213	40.672716	-73.932334	0.191214042147	7	0.286899787207	4	0.4282172756	1	2	1	1920	25000	3	2044	1910	379	36	189	183	178	32	29	12	43	68	22	271
30667845_zpid	30667845_zpid	11226	254 E 23rd St, Brooklyn, NY 11226	40.6435389	-73.955858	0.212650573552	11	0.26952556709	4	0.608025375657	4	6	2	2328	430000	70	2000	1910	575	119	268	279	252	78	43	27	65	99	28	451
30587638_zpid	30587638_zpid	11215	588 5th St, Brooklyn, NY 11215	40.667352	-73.976101	0.286388222612	13	0.641822059324	1	0.374816305082	1	4	3	3744	3775000	0	2000	1901	112	132	56	92	40	36	180	120	84	16	36	468
30789270_zpid	30789270_zpid	11235	34 Brighton 5th Walk, Brooklyn, NY 11235	40.5804647	-73.9629284	0.148884929903	8	0.24167860122	5	0.341531058914	2	6	3	2040	539000	0	1600	1940	512	244	268	360	172	296	204	120	180	104	108	1028
30651270_zpid	30651270_zpid	11203	16 E 55th St, Brooklyn, NY 11203	40.657899	-73.926473	0.275108972212	12	0.593152526296	4	0.826671044152	0	3	3	1296	355200	6	1800	1945	596	72	228	236	268	228	96	48	68	104	52	460
29786348_zpid	29786348_zpid	10468	2344 Aqueduct Ave, Bronx, NY 10468	40.86093	-73.9050759	0.196161904447	4	0.14956576594	10	0.298389704222	5	4	3	1624	305500	32	1263	1901	510	70	224	278	282	35	33	15	80	84	50	374
30781052_zpid	30781052_zpid	11234	1595 E 56th St, Brooklyn, NY 11234	40.616573	-73.920477	0.205371291853	8	0.937982159327	0	2.92324704159	0	6	4	1624	929000	0	3497	1965	80	44	52	36	48	164	96	56	96	24	24	476
30780531_zpid	30780531_zpid	11234	1222 Bergen Ave, Brooklyn, NY 11234	40.62708	-73.912948	0.785464121426	0	0.595741479386	1	2.37209074408	0	9	5	2950	535600	135	2167	1970	18	3	8	7	6	44	7	18	11	5	5	53
30647473_zpid	30647473_zpid	11207	782 New Jersey Ave, Brooklyn, NY 11207	40.660064	-73.890994	0.289991492998	3	0.271438411758	5	0.60616123114	3	5	2	1722	477000	31	1900	1920	172	16	100	90	91	22	39	11	37	61	11	187
29840679_zpid	29840679_zpid	10475	3409 De Reimer Ave, Bronx, NY 10475	40.879559	-73.836976	0.722046513549	1	0.370531428482	3	0.0846577020829	1	3	2	3750	360000	42	37	1957	0	0	5	8	5	9	10	3	7	4	0	29
29842194_zpid	29842194_zpid	10461	1434 Edwards Ave, Bronx, NY 10461	40.839234	-73.837368	0.202874338312	4	0.689659464918	2	0.476747082704	2	3	1	1368	379000	11	993	1940	45	16	19	17	14	32	18	17	10	5	2	79
30592085_zpid	30592085_zpid	11238	735 Franklin Ave, Brooklyn, NY 11238	40.673485	-73.95666	0.15898007369	15	0.506465199548	5	0.164772144461	5	4	3	2430	1610001	12	1388	1910	173	118	85	85	66	21	14	15	22	24	15	129
30658939_zpid	30658939_zpid	11203	226 E 38th St, Brooklyn, NY 11203	40.651698	-73.942247	0.0834750155971	3	0.49559172976	3	0.626175465216	1	3	1	1216	359000	0	1999	1920	476	84	308	340	236	280	80	40	108	148	24	488
30575576_zpid	30575576_zpid	11220	428 45th St, Brooklyn, NY 11220	40.648603	-74.009053	0.147429460272	9	0.122400723651	8	0.0887564740991	2	5	3	1800	828800	20	2003	1901	100	41	58	75	44	22	46	21	25	25	9	181
30763572_zpid	30763572_zpid	11234	5807 Avenue M, Brooklyn, NY 11234	40.622048	-73.919115	0.28683839176	10	0.693362393836	1	2.69278084676	0	2	2	826	425000	0	2188	1925	7	7	8	7	6	39	26	23	20	7	9	118
29850396_zpid	29850396_zpid	10464	98 Carroll St, Bronx, NY 10464	40.84546	-73.786619	0.243594761216	3	3.30354890263	0	3.50792423629	0	3	2	1848	430000	21	3392	1950	68	68	24	32	12	4	148	36	28	8	116	168
30619158_zpid	30619158_zpid	11249	74 S 2nd St, Brooklyn, NY 11249	40.7141174	-73.9648604	0.186700653346	10	0.451343884107	4	0.742796327811	1	4	3	1900	50000	10	3750	1930	92	404	28	112	24	92	84	60	76	12	32	396
29842359_zpid	29842359_zpid	10461	2889 Harrington Ave, Bronx, NY 10461	40.8403	-73.832712	0.333798809042	3	0.761771473501	0	0.499741865132	2	1	1	1408	505000	105	2178	1930	65	20	20	21	15	54	40	22	12	7	2	93
30568056_zpid	30568056_zpid	11201	187 State St, Brooklyn, NY 11201	40.6903491	-73.9916463	0.0420091663765	17	0.126943428545	3	0.261259101155	8	6	3	3763	2900000	20	967	1910	67	103	17	63	17	16	75	40	36	11	12	297
29777881_zpid	29777881_zpid	10451	295 E 163rd St, Bronx, NY 10451	40.827113	-73.916393	0.0651461211496	11	0.340973403677	7	0.179532956572	1	5	3	2580	420000	14	1742	1920	171	28	68	72	59	9	16	15	20	17	22	155
112505648_zpid	112505648_zpid	11249	22 N 6th St APT 19G, Brooklyn, NY 11249	40.7201615	-73.9634606	0.104973131948	8	0.0934040680017	2	0.566301029851	1	1	1	684	905000	33	77972.40000000001	2008	224	304	20	48	8	108	32	84	44	148	0	376
30571098_zpid	30571098_zpid	11217	160 Bond St, Brooklyn, NY 11217	40.684806	-73.986523	0.185806460528	12	0.328689028217	2	0.395438817643	8	3	2	2100	2475000	0	1875	1899	30	58	5	35	11	39	43	16	16	14	10	113
30658008_zpid	30658008_zpid	11203	87 E 38th St, Brooklyn, NY 11203	40.655365	-73.942047	0.480655820561	3	0.716564391145	2	0.701530200941	1	4	2	1795	433000	21	2242	1945	424	56	228	212	180	220	104	84	76	124	16	404
30654174_zpid	30654174_zpid	11203	550 E 48th St, Brooklyn, NY 11203	40.6483418	-73.9321173	0.341908194764	6	0.224134007617	3	1.46761036362	0	2	2	1376	390000	4	2080	1920	135	13	53	46	56	36	26	1	16	29	9	146
30642578_zpid	30642578_zpid	11208	270 Ridgewood Ave, Brooklyn, NY 11208	40.683746	-73.878598	0.223977498146	6	0.324303899371	4	0.287088076673	3	4	2	2035	125000	268	1133	1910	97	34	52	61	49	50	34	22	53	29	12	172
30654730_zpid	30654730_zpid	11203	594 E 48th St, Brooklyn, NY 11203	40.647158	-73.932143	0.472641181651	8	0.339987180762	3	1.43872861367	0	2	1	1376	210000	166	2500	1925	87	15	28	26	33	31	23	4	12	17	10	100
29833589_zpid	29833589_zpid	10466	1009 E 228th St, Bronx, NY 10466	40.887153	-73.849849	0.332076150607	6	0.267672097474	3	0.888258669627	0	4	2	2462	395000	0	2735	1961	79	14	38	31	22	80	16	5	33	21	15	74
30783010_zpid	30783010_zpid	11234	2339 E 70th St, Brooklyn, NY 11234	40.615521	-73.903519	0.632039730939	1	0.533383130245	1	3.46857680858	0	3	1.5	1998	600000	76	2550	1970	2	12	4	8	3	9	19	10	14	1	3	51
30591002_zpid	30591002_zpid	11216	1443 Pacific St, Brooklyn, NY 11216	40.677555	-73.94376	0.197822974951	8	0.252074475574	7	0.359710320729	3	6	4	3000	605000	129	2000	1910	221	64	109	137	115	30	27	7	45	46	24	196
30722625_zpid	30722625_zpid	11223	1809 W 12th St, Brooklyn, NY 11223	40.602558	-73.984104	0.317465217028	9	0.561296385928	6	0.351559827284	3	4	3	2248	943000	32	4000	1925	62	24	27	17	20	58	23	39	15	8	4	79
29845553_zpid	29845553_zpid	10465	193 Throggs Neck Blvd, Bronx, NY 10465	40.816936	-73.812843	0.451393399633	4	0.507265172049	1	3.59110323777	0	3	1.5	1944	390000	37	2613	1959	5	7	2	7	5	11	23	13	11	4	9	58
30653432_zpid	30653432_zpid	11203	4815 Snyder Ave, Brooklyn, NY 11203	40.650239	-73.931601	0.146454019573	5	0.0954258641896	3	1.51953205689	0	6	3	1920	495000	35	2003	1920	176	18	80	71	84	56	29	7	30	34	12	190
30643068_zpid	30643068_zpid	11208	197 Grant Ave, Brooklyn, NY 11208	40.686124	-73.867596	0.247181769048	9	0.115405858823	6	0.580145243408	3	6	3	2320	520000	14	2000	1899	59	29	42	58	34	53	24	11	38	24	5	127
30775174_zpid	30775174_zpid	11236	9323 Avenue K, Brooklyn, NY 11236	40.638927	-73.899731	0.288807807113	6	0.28547827689	3	0.878590522832	0	3	2.5	1158	472000	8	3000	1930	52	19	22	24	14	52	24	12	16	13	8	88
30721659_zpid	30721659_zpid	11223	1731 W 9th St, Brooklyn, NY 11223	40.604813	-73.981695	0.0312892251745	7	0.281054349637	2	0.150598745327	1	4	1.5	2523	545000	31	1700	1910	348	100	164	104	132	292	112	120	80	44	20	396
30726209_zpid	30726209_zpid	11230	1530 E 12th St, Brooklyn, NY 11230	40.611839	-73.961977	0.314038411976	7	0.14884487207	7	0.49777268686	2	5	3.5	2162	790000	43	3333	1910	136	60	64	112	80	240	80	104	96	24	8	356
30619405_zpid	30619405_zpid	11211	170 S 4th St, Brooklyn, NY 11211	40.7110819	-73.961264	0.203425480621	13	0.369991349934	5	0.417772491871	1	1	1	3360	2275000	12	1449	1899	452	840	324	544	256	100	196	140	144	112	96	1100
30700863_zpid	30700863_zpid	11209	135 92nd St, Brooklyn, NY 11209	40.620506	-74.036893	0.352017825594	7	0.397557053	3	0.678748289778	1	5	5	3100	250000	53	2629	1899	676	128	72	144	76	156	152	88	52	16	24	456
30784099_zpid	30784099_zpid	11234	1871 E 37th St, Brooklyn, NY 11234	40.61231	-73.932567	0.263922886457	3	0.476163273816	1	2.17172287388	0	3	1.5	1064	475000	61	1800	1925	4	19	3	6	2	15	31	30	30	2	3	58
