30641672_zpid	30641672_zpid	11208	55 Hemlock St, Brooklyn, NY 11208	40.688611	-73.872016	0.221688104847	7	0.211844740439	5	0.154764170406	3	4	3	1999	150000	286	5000	1925	72	30	50	63	35	58	32	15	38	30	5	134
30633923_zpid	30633923_zpid	11207	30 Georgia Ave, Brooklyn, NY 11207	40.676424	-73.899235	0.134254359941	3	0.613717209122	3	0.0800246099565	8	9	4	2400	525000	105	1667	1901	37	12	36	50	33	29	29	17	16	16	7	87
30702551_zpid	30702551_zpid	11209	255 Battery Ave, Brooklyn, NY 11209	40.613309	-74.025728	0.457554348851	8	0.634037968304	1	0.564474689594	1	3	2	2433	375000	195	2632	1935	24	4	7	6	6	10	10	3	2	1	2	21
30776116_zpid	30776116_zpid	11236	1409 E 92nd St, Brooklyn, NY 11236	40.636637	-73.898927	0.0378805054419	5	0.1828938433	3	1.14209493213	0	5	2.5	2940	500000	1	2953	1931	136	84	80	96	32	212	84	40	60	44	24	332
30600350_zpid	30600350_zpid	11233	280 Marion St, Brooklyn, NY 11233	40.6808212	-73.9183752	0.270263117761	5	0.513070359182	4	0.352081377373	4	3	1	1000	1349000	4	2000	1899	215	45	143	162	118	34	43	17	60	85	25	254
29782915_zpid	29782915_zpid	10456	645 Jefferson Pl, Bronx, NY 10456	40.833421	-73.8995755	0.294986764877	4	0.276067491725	6	0.747118604405	1	2	1	743	451667	25	1240	1901	216	19	81	110	57	24	10	7	13	29	15	152
29832797_zpid	29832797_zpid	10466	932 E 223rd St, Bronx, NY 10466	40.883947	-73.8542949	0.197224616099	4	0.443323564297	2	0.681681346024	2	6	4	2440	629000	0	2500	1955	65	10	39	43	20	45	11	8	23	21	9	74
30605170_zpid	30605170_zpid	11233	652 Halsey St, Brooklyn, NY 11233	40.684073	-73.927854	0.169499587274	7	0.334767161057	3	0.57766238316	1	6	3	2331	1070000	26	1698	1899	124	64	86	110	59	14	10	11	39	35	22	168
30573297_zpid	30573297_zpid	11231	98 Pioneer St, Brooklyn, NY 11231	40.678394	-74.009872	0.165826741078	4	0.131360475581	3	1.14469459157	0	3	2	1440	1238000	45	1655	1899	29	57	16	27	12	11	31	10	11	10	3	72
29781253_zpid	29781253_zpid	10474	613 Barretto St, Bronx, NY 10474	40.8122789	-73.889053	0.161006131857	5	0.475137029111	2	0.75373503679	0	5	2	4200	350000	0	2900	1930	101	14	76	71	59	20	18	4	23	13	9	131
29853486_zpid	29853486_zpid	10471	446 W 258th St, Bronx, NY 10471	40.905599	-73.903594	0.117961562871	4	0.140062113143	2	0.904231399006	0	3	1.5	1380	550000	8	3770	1920	13	10	2	12	6	15	30	8	13	3	6	46
30756883_zpid	30756883_zpid	11234	1662 E 33rd St, Brooklyn, NY 11234	40.613572	-73.939718	0.0468915663099	2	0.152100864888	2	1.6236134792	0	4	2	2600	428000	26	2500	1927	4	13	5	12	2	19	19	20	36	4	3	66
30787847_zpid	30787847_zpid	11234	319 Whitman Dr, Brooklyn, NY 11234	40.605536	-73.906878	1.24859474769	0	1.32025707851	0	4.20344168981	0	3	3	3439	1900000	23	3500	1965	3	1	0	5	0	1	6	5	7	2	1	15
30764549_zpid	30764549_zpid	11234	1577 E 53rd St, Brooklyn, NY 11234	40.620048	-73.923728	0.200329571905	12	0.499209294978	1	2.47158483005	0	4	2	1920	458000	10	2000	1920	13	25	4	9	10	43	28	16	20	4	9	133
30712901_zpid	30712901_zpid	11228	136 Bay 11th St, Brooklyn, NY 11228	40.607956	-74.011082	0.130521740302	7	0.443796815635	4	0.789845784044	0	4	2.5	2018	650000	91	867715.2000000001	1955	28	40	8	44	8	84	132	116	88	8	20	208
64471632_zpid	64471632_zpid	11236	675 E 103rd St, Brooklyn, NY 11236	40.6482923	-73.897771	0.131044859009	6	0.26323219555	3	0.292257784104	2	6	3.5	2040	385000	152	4591	2001	104	28	80	76	16	132	52	24	48	32	16	272
30658026_zpid	30658026_zpid	11203	47 E 40th St, Brooklyn, NY 11203	40.6548535	-73.9401792	0.443137193625	2	0.789610075299	0	0.869042165283	0	4	2.5	1875	455000	30	1440	1940	69	15	41	27	26	58	26	11	22	20	3	85
30570112_zpid	30570112_zpid	11231	372 Court St, Brooklyn, NY 11231	40.6815687	-73.996506	0.103372504194	13	0.419084273834	3	0.20531414021	2	3	2	3200	2300000	17	1300	1931	108	204	80	208	68	76	244	88	112	28	44	716
30588246_zpid	30588246_zpid	11215	580 11th St, Brooklyn, NY 11215	40.664174	-73.979996	0.0382380965979	15	0.269797388095	6	0.234890606556	2	6	3.5	2376	2700000	8	1800	1910	53	57	24	41	17	20	50	34	21	6	10	124
30700668_zpid	30700668_zpid	11209	8909 Shore Ct, Brooklyn, NY 11209	40.6225565	-74.0386739	0.1765593438	4	0.622009653543	1	0.868364027416	0	3	3	2473	980000	8	1650	1925	46	19	12	29	12	25	24	13	12	2	2	62
30786042_zpid	30786042_zpid	11234	2029 Ryder St, Brooklyn, NY 11234	40.61069	-73.928304	0.158978595075	2	0.876681634028	0	2.50404519308	0	3	2	1800	635000	9	3001	1925	6	10	1	6	1	20	25	28	20	0	5	65
30692318_zpid	30692318_zpid	11220	10 Bay Ridge Ave, Brooklyn, NY 11220	40.6384619	-74.0355079	0.533468532111	3	0.743558871907	1	1.09612734984	0	6	3	3960	1599000	0	2000	1928	80	12	16	12	12	20	28	16	8	0	4	112
30652978_zpid	30652978_zpid	11203	234 E 54th St, Brooklyn, NY 11203	40.6531562	-73.9268528	0.0866371632182	9	0.0653559899333	3	1.28185947488	0	1	1	1728	370000	25	2000	1920	215	28	90	86	94	77	41	11	29	45	18	213
29826885_zpid	29826885_zpid	10467	732 E 220th St, Bronx, NY 10467	40.883669	-73.861373	0.148246415775	5	0.353288333301	2	0.114447750032	2	6	2	3716	190000	241	5710	1910	620	44	320	420	364	288	68	16	120	196	40	664
30693200_zpid	30693200_zpid	11209	7116 Colonial Rd, Brooklyn, NY 11209	40.635124	-74.032486	0.0829092886255	9	0.437924170066	4	0.769702796708	0	2	1	1000	787000	129	2379	1925	464	32	64	96	84	156	116	368	80	20	8	336
30618554_zpid	30618554_zpid	11211	92 Roebling St, Brooklyn, NY 11211	40.716185	-73.955549	0.158569084848	13	0.34953907087	4	0.244556107808	3	2	1.5	1400	398000	55	1200	1901	66	180	20	75	22	41	47	21	16	11	16	210
79716917_zpid	79716917_zpid	11208	529 Milford St, Brooklyn, NY 11208	40.6662765	-73.8735174	0.29750342835	5	0.315701769485	5	0.861135200994	0	2	1	3087	400000	30	3400	2006	53	8	51	45	35	24	34	8	14	16	6	109
30715508_zpid	30715508_zpid	11230	714 E 9th St, Brooklyn, NY 11230	40.63125	-73.968629	0.381791197233	9	0.279889644946	7	0.630331795777	3	4	3	3382	715000	39	4748	1925	344	152	196	160	172	236	188	228	104	64	48	648
2101250069_zpid	2101250069_zpid	11214	84 Bay 47 St, Brooklyn, NY 11214	40.589912	-73.986316	0.232717940773	5	0.737592076317	1	0.246411652533	1	2	2	952	499000	0	1938	1925	48	24	28	92	12	76	96	88	104	28	16	180
30726284_zpid	30726284_zpid	11230	1529 E 12th St, Brooklyn, NY 11230	40.6119119	-73.961405	0.320776567763	6	0.169177771388	7	0.471057030535	2	6	1.5	2144	1412500	16	3000	1940	136	60	64	112	80	252	88	112	108	24	8	368
30729564_zpid	30729564_zpid	11214	2448 84th St, Brooklyn, NY 11214	40.59948	-73.987148	0.176314216587	6	0.188747655354	6	0.199533564391	3	6	2	1920	230000	258	3000	1920	35	13	13	15	11	39	30	19	15	5	2	75
30775780_zpid	30775780_zpid	11236	1065 E 105th St, Brooklyn, NY 11236	40.644781	-73.8912129	0.381551285621	3	0.345611380184	3	0.92232654562	0	3	2.5	1572	440000	0	1792	1960	168	20	76	76	52	92	52	12	52	36	28	284
2104445361_zpid	2104445361_zpid	11238	428A Saint Marks Ave, Brooklyn, NY 11238	40.6767394	-73.9606403	0.213091216321	14	0.270086171549	5	0.335877727876	6	5	2.75	1848	1370000	15	2409	1915	198	192	81	115	95	52	41	46	50	38	18	252
29783429_zpid	29783429_zpid	10459	1350 Prospect Ave, Bronx, NY 10459	40.829885	-73.897009	0.361217222143	3	0.382718356202	7	0.436576609734	2	9	3	3087	520000	82	2500	1889	190	81	93	126	101	23	21	5	23	48	21	179
30581284_zpid	30581284_zpid	11232	862 41st St, Brooklyn, NY 11232	40.645034	-73.99709	0.156160351012	5	0.186267923921	4	0.272383673446	2	4	2.5	2180	760000	19	2003	1945	220	108	104	104	100	192	52	44	28	28	20	288
30706768_zpid	30706768_zpid	11214	1723 77th St, Brooklyn, NY 11214	40.613435	-73.998767	0.100142335438	12	0.176957915596	8	0.155915298193	3	3	3	1875	715000	17	1750	1920	49	6	12	24	8	20	22	23	15	9	7	97
89068642_zpid	89068642_zpid	10461	2842 Roebling Ave, Bronx, NY 10461	40.8426697	-73.8350551	0.0976923780552	6	0.809993688284	0	0.170377663411	3	4	3	3200	526500	26	4800	2008	77	13	22	16	18	31	23	15	13	12	3	99
30623075_zpid	30623075_zpid	11211	545 Lorimer St, Brooklyn, NY 11211	40.7132069	-73.9493972	0.119708116417	15	0.209212663536	6	0.0880863095212	3	5	3	2016	850000	47	828	1901	51	143	35	72	37	33	48	17	20	13	15	209
30784835_zpid	30784835_zpid	11234	1963 E 32nd St, Brooklyn, NY 11234	40.608472	-73.934507	0.446791953633	4	0.643991760375	1	1.96992512601	0	3	2.5	1694	220000	189	2200	1940	0	24	16	4	8	32	76	76	76	4	4	104
30739315_zpid	30739315_zpid	11223	2438 West St, Brooklyn, NY 11223	40.589531	-73.970332	0.131608351914	5	0.375704955929	1	0.331355785891	1	5	4	2640	760000	7	3001	1960	76	15	16	22	10	38	41	39	15	4	7	107
30574214_zpid	30574214_zpid	11232	187 29th St, Brooklyn, NY 11232	40.657888	-73.999325	0.347976083469	4	0.298838966425	1	0.298107391592	2	1	1	2265	475000	94	1783	1905	35	39	16	20	13	15	28	19	15	3	11	76
30700167_zpid	30700167_zpid	11209	8806 Colonial Rd, Brooklyn, NY 11209	40.623185	-74.037367	0.24847557897	7	0.572766063417	1	0.759839938254	0	4	3	4080	1200000	19	2500	1925	212	96	44	120	44	124	108	68	52	12	8	252
30724499_zpid	30724499_zpid	11230	1000 E 19th St, Brooklyn, NY 11230	40.6262029	-73.957986	0.29825623638	5	0.296718522728	2	0.258129727071	2	7	2.5	3042	790000	142	4000	1910	192	20	87	104	105	37	23	29	20	38	10	177
30629949_zpid	30629949_zpid	11207	1152 Halsey St, Brooklyn, NY 11207	40.690155	-73.91051	0.181659741947	11	0.641636735854	2	0.567163452381	2	10	4	4056	1405000	4	1950	1925	116	34	85	113	81	22	25	17	41	58	22	198
29829838_zpid	29829838_zpid	10469	3307 Eastchester Rd, Bronx, NY 10469	40.87489	-73.845564	0.263660947304	6	0.272665017354	2	0.60109402482	1	3	1.5	1633	298700	6	1799	1950	50	13	42	54	35	29	28	8	35	17	11	117
30611438_zpid	30611438_zpid	11216	30 New York Ave, Brooklyn, NY 11216	40.679135	-73.947102	0.148548104807	9	0.139038504592	6	0.126380674339	3	5	2	2720	735000	28	1306	1901	354	112	157	233	175	40	49	18	73	82	31	340
89073587_zpid	89073587_zpid	11239	545 Vandalia Ave, Brooklyn, NY 11239	40.656195	-73.8726629	0.343168158763	2	0.306284252458	2	1.461809484	0	2	1	3240	488000	83	1900	2008	1	0	0	0	0	0	1	2	2	0	0	12
30580989_zpid	30580989_zpid	11232	613 40th St, Brooklyn, NY 11232	40.6492689	-74.001654	0.274836558432	8	0.262431891113	6	0.627003055796	3	5	3	3000	1650000	0	2504	1910	74	51	20	31	25	34	26	11	10	12	6	87
68312415_zpid	68312415_zpid	11234	1336 E 66th St, Brooklyn, NY 11234	40.621521	-73.915654	0.205329546263	7	0.710943836052	1	2.98169126402	0	3	4	1600	570000	10	2879	2004	12	6	5	10	3	31	26	21	20	6	7	95
30730476_zpid	30730476_zpid	11214	146 Bay 40th St, Brooklyn, NY 11214	40.594755	-73.98961	0.414301042844	8	0.371670027472	4	0.403764213333	1	3	2	1764	650000	32	1728	1965	84	28	56	72	28	144	144	100	88	32	12	308
30691273_zpid	30691273_zpid	11220	541 66th St, Brooklyn, NY 11220	40.635603	-74.018437	0.207885414862	11	0.386623653716	8	0.423279762333	3	6	4	2130	645000	112	1606	1920	86	37	30	34	33	29	52	26	19	15	6	133
30729568_zpid	30729568_zpid	11214	2464 84th St, Brooklyn, NY 11214	40.599233	-73.986743	0.174795613605	7	0.195412986639	6	0.17036264958	3	2	1	3150	1600000	3	3000	1923	34	14	13	14	10	36	29	17	13	5	2	71
29784666_zpid	29784666_zpid	10457	607 E 182nd St, Bronx, NY 10457	40.85215	-73.8895639	0.321596458345	11	0.36875630401	3	1.01996415884	0	5	2	1632	379000	0	2125	1901	764	124	380	484	360	84	44	36	156	172	88	704
30757227_zpid	30757227_zpid	11229	1771 Madison Pl, Brooklyn, NY 11229	40.610219	-73.940326	0.351688290895	3	0.43209120294	1	1.48797200024	0	3	2	1374	600000	77	3100	1920	23	3	10	16	8	3	11	9	8	2	2	40
30676329_zpid	30676329_zpid	11230	417 Foster Ave, Brooklyn, NY 11230	40.629399	-73.973321	0.0438533488842	7	0.329173240107	6	0.308685596963	2	6	3	2226	387500	102	3010	1910	81	44	37	42	41	47	31	58	19	10	12	117
30689938_zpid	30689938_zpid	11220	842 67th St, Brooklyn, NY 11220	40.630655	-74.012887	0.235741123157	9	0.184734649675	6	0.472645412258	2	5	3	1905	600000	74	2000	1935	14	4	11	16	6	23	29	9	4	5	1	43
30674472_zpid	30674472_zpid	11218	525 E 3rd St, Brooklyn, NY 11218	40.6392529	-73.976329	0.377431368536	9	0.167794024183	9	0.385108676341	2	4	2	1700	1580000	10	5000	1925	220	66	77	89	52	85	43	79	34	19	8	238
30612747_zpid	30612747_zpid	11238	338 Lafayette Ave, Brooklyn, NY 11238	40.688402	-73.961964	0.348683234587	11	0.338364357488	6	0.168249814025	3	4	4	3506	1830000	34	1875	1905	70	79	40	60	29	19	36	13	31	10	13	105
30791744_zpid	30791744_zpid	11235	4720 Bedford Ave, Brooklyn, NY 11235	40.586345	-73.9444709	0.15811646876	6	0.690509286587	2	0.8209748775	0	2	2	1540	624500	5	2368	1940	37	12	11	27	5	40	23	29	26	4	4	95
30738592_zpid	30738592_zpid	11223	98 Stryker St, Brooklyn, NY 11223	40.591358	-73.973148	0.242866306631	8	0.495476580348	2	0.214732340638	3	3	3	2560	670000	17	2750	1925	204	40	60	88	32	152	128	160	84	20	20	396
30691172_zpid	30691172_zpid	11220	318 64th St, Brooklyn, NY 11220	40.63941	-74.022591	0.300576688241	11	0.470289695801	8	0.453329078999	2	3	1	1144	530000	17	1079	1925	102	33	54	56	49	30	42	32	26	23	5	121
30574827_zpid	30574827_zpid	11232	421 41st St, Brooklyn, NY 11232	40.651262	-74.006497	0.144788692813	8	0.20320024625	6	0.393323307779	2	6	3	2784	2165000	15	2003	1899	284	180	112	132	132	40	160	68	68	52	20	456
30665630_zpid	30665630_zpid	11226	374 Parkside Ave, Brooklyn, NY 11226	40.6556074	-73.9572577	0.118200128758	13	0.0989555295175	8	0.359564830267	3	2	1	3000	96000	137	2437	1931	405	76	208	218	213	44	32	14	55	57	17	292
30788670_zpid	30788670_zpid	11234	2666 Mill Ave, Brooklyn, NY 11234	40.608738	-73.913107	0.775607490175	0	0.996536844555	0	3.76858390604	0	3	1.5	1624	520000	14	2326	1965	2	5	2	6	3	19	5	27	19	2	1	31
30611752_zpid	30611752_zpid	11205	146 Washington Ave, Brooklyn, NY 11205	40.694253	-73.967387	0.114233878335	8	0.216182275929	2	0.660543625441	1	2	1	3200	630000	56	2000	1901	68	94	37	41	41	55	14	21	29	24	16	188
30787810_zpid	30787810_zpid	11234	413 Mayfair Dr S, Brooklyn, NY 11234	40.60722	-73.9066239	1.09214115915	0	1.13992553202	0	4.25939248008	0	4	2.5	2600	975000	0	3789	1970	2	1	0	6	0	3	7	10	9	2	1	21
30594946_zpid	30594946_zpid	11225	79 Sterling St, Brooklyn, NY 11225	40.662886	-73.95839	0.11978681339	9	0.126272365895	6	0.354729046317	2	4	1.5	1800	794000	56	2000	1910	408	79	137	130	160	11	31	18	47	42	17	232
30643787_zpid	30643787_zpid	11208	96 Glen St, Brooklyn, NY 11208	40.680546	-73.872097	0.105637023582	6	0.259781632452	8	0.327410025137	4	3	1	5000	425000	107	5000	1910	143	27	87	105	66	54	40	13	95	40	13	234
83044028_zpid	83044028_zpid	11212	30 Tapscott St, Brooklyn, NY 11212	40.667122	-73.921118	0.151354946896	7	0.0988101199728	5	0.295981333344	2	6	4	2100	630000	124	2100	2003	123	13	41	59	40	27	21	7	27	16	5	104
30733786_zpid	30733786_zpid	11224	3719 Oceanic Ave, Brooklyn, NY 11224	40.575623	-74.00381	0.705368112289	2	0.25348645277	2	1.91939239339	0	5	3	2059	650000	51	3005	1920	47	13	14	40	12	4	18	7	17	13	1	50
30602699_zpid	30602699_zpid	11221	310 Van Buren St, Brooklyn, NY 11221	40.6908608	-73.9346916	0.432613709627	10	0.538217860725	6	0.567806782858	2	2	1.5	2300	383000	141	1783	1899	186	40	101	132	99	45	28	15	34	53	42	234
29781872_zpid	29781872_zpid	10457	1565 Selwyn Ave, Bronx, NY 10457	40.842315	-73.910771	0.0800339958025	9	0.306030176573	9	0.401520430295	5	7	2.5	3250	489000	1	2970	1920	258	41	168	160	195	19	14	7	48	44	19	192
30744098_zpid	30744098_zpid	11229	2020 Coyle St, Brooklyn, NY 11229	40.602649	-73.937771	0.309323296872	4	0.352981524373	3	1.57935426289	0	5	2	2040	575000	22	1758	1930	26	9	10	13	7	15	35	21	18	0	3	61
30733922_zpid	30733922_zpid	11224	4710 Surf Ave, Brooklyn, NY 11224	40.577328	-74.011142	0.209191235261	1	0.779947235567	0	2.52883642251	0	6	2.5	2900	650000	92	4678	1943	36	20	12	60	16	0	40	0	20	4	4	68
30582146_zpid	30582146_zpid	11217	14 7th Ave, Brooklyn, NY 11217	40.677543	-73.9735631	0.11329305028	18	0.17686510874	6	0.113311988349	3	7	4	3520	893000	44	1800	1899	48	76	15	30	16	15	51	41	32	9	17	121
2099146626_zpid	2099146626_zpid	11229	2005 E 13th St, Brooklyn, NY 11229	40.6007087	-73.9586351	0.264092731786	9	0.223096153783	7	0.277319164637	2	8	6	4930	3500000	0	3598	1976	85	25	19	31	28	61	23	15	13	5	5	104
30695867_zpid	30695867_zpid	11209	457 77th St, Brooklyn, NY 11209	40.628686	-74.024016	0.10714795601	18	0.108719441356	4	0.172482867147	2	7	3	2862	1280000	4	2000	1899	82	51	40	41	29	41	64	69	25	25	8	162
29842077_zpid	29842077_zpid	10461	3032 Coddington Ave, Bronx, NY 10461	40.840835	-73.828541	0.387722677066	3	0.491450509058	1	0.736887207723	2	2	1.5	1152	359000	8	1855	1925	34	8	5	7	7	38	34	16	4	4	1	60
30772010_zpid	30772010_zpid	11236	1360 E 88th St, Brooklyn, NY 11236	40.631503	-73.899175	0.55124223	3	0.296415756857	2	1.70167105827	0	6	4	2616	592250	22	3167	1960	200	56	92	100	36	248	96	40	96	36	36	308
30761594_zpid	30761594_zpid	11210	1235 E 40th St, Brooklyn, NY 11210	40.625049	-73.936485	0.223653514585	2	0.814006388395	0	1.28059168925	0	4	2	1236	484500	32	8400	1940	244	28	104	128	76	136	128	36	76	44	36	280
30790433_zpid	30790433_zpid	11235	48 Beaumont St, Brooklyn, NY 11235	40.5807689	-73.9519849	0.160297033189	9	0.615450578232	5	0.706309363915	1	4	2	1760	1750000	0	5998	1925	161	21	35	48	36	40	35	27	30	15	8	115
30735303_zpid	30735303_zpid	11223	2054 W 9th St, Brooklyn, NY 11223	40.597094	-73.980823	0.299290203705	7	0.140874832167	3	0.148623429183	4	3	1	2040	620000	17	2000	1925	116	64	40	112	36	160	116	168	76	28	24	292
79714235_zpid	79714235_zpid	11208	220 Nichols Ave, Brooklyn, NY 11208	40.6853222	-73.8690167	0.267086147757	8	0.0984557078161	4	0.467060859918	3	8	3	4098	25000	13	1653	1915	75	34	49	67	41	63	33	12	53	34	6	172
30752880_zpid	30752880_zpid	11210	1214 E 37th St, Brooklyn, NY 11210	40.626963	-73.940518	0.198275776009	5	0.587856454153	2	0.888631938359	0	3	2	2480	438500	18	2000	1925	99	13	51	50	39	76	44	27	30	14	13	113
30694330_zpid	30694330_zpid	11228	959 73rd St, Brooklyn, NY 11228	40.6259938	-74.0133887	0.217299994484	3	0.141278061104	3	0.906334527397	0	5	3	2440	1350000	17	2425	1925	13	7	5	20	4	46	28	36	8	3	1	67
30714478_zpid	30714478_zpid	11228	8858 15th Ave, Brooklyn, NY 11228	40.606326	-74.015176	0.32413626125	5	0.771898720001	0	1.15021711387	0	3	2	2079	1375000	17	3673	1950	32	12	8	28	4	60	84	88	60	4	20	148
30788936_zpid	30788936_zpid	11234	2265 E 59th Pl, Brooklyn, NY 11234	40.610613	-73.91107	0.592538106968	2	0.750812177649	0	3.95630173773	0	4	3	2184	670000	29	3963	1955	8	24	12	12	12	72	32	64	76	4	4	124
30719428_zpid	30719428_zpid	11204	1517 W 7th St, Brooklyn, NY 11204	40.6099885	-73.980951	0.10950469559	10	0.0897303198986	6	0.224458915859	3	8	5	3650	1449000	0	2000	1989	860	124	208	236	296	356	132	124	84	44	32	568
83044932_zpid	83044932_zpid	11237	174 Knickerbocker Ave, Brooklyn, NY 11237	40.70378	-73.927616	0.102293305636	12	0.197444268181	4	0.536266929794	3	9	7	3750	780000	112	2500	2006	123	96	86	130	98	47	32	8	19	48	20	264
30731738_zpid	30731738_zpid	11214	2534 W 15th St, Brooklyn, NY 11214	40.5859493	-73.9844255	0.255504576815	3	0.35682037642	1	0.326709424185	1	3	2	1500	750000	11	5000	1901	28	20	36	68	12	56	52	40	44	20	8	116
29844467_zpid	29844467_zpid	10465	1611 Bayshore Ave, Bronx, NY 10465	40.846516	-73.816706	1.12117974081	0	0.793740568159	0	1.12905007699	0	7	4	4724	725000	16	5000	1965	1	2	2	4	0	14	17	15	5	1	0	29
30784739_zpid	30784739_zpid	11234	1643 E 55th St, Brooklyn, NY 11234	40.616425	-73.921472	0.268571222137	9	0.942842152347	0	2.86818294655	0	3	1.5	1815	498500	0	2000	1955	84	24	56	40	56	160	96	64	100	28	24	464
30744113_zpid	30744113_zpid	11229	2054 Coyle St, Brooklyn, NY 11229	40.60188	-73.937644	0.289438389146	4	0.313467706161	3	1.57192559743	0	5	3	2060	700000	20	1800	1930	28	9	10	12	7	14	36	19	18	0	3	64
30671171_zpid	30671171_zpid	11218	55 E 4th St, Brooklyn, NY 11218	40.651389	-73.977671	0.194887758745	7	0.598239257949	1	0.239335552716	1	3	3	1818	1260000	19	2500	1899	104	96	64	112	64	112	116	120	68	12	16	268
