30694033_zpid	30694033_zpid	11209	235 73rd St, Brooklyn, NY 11209	40.633374	-74.02854	0.122325344561	14	0.264563631964	4	0.470833551059	2	6	4	2710	1480000	0	3617	1925	141	31	48	52	38	42	47	111	21	18	5	151
30732275_zpid	30732275_zpid	11224	3805 Maple Ave, Brooklyn, NY 11224	40.57953	-74.006357	0.370525241858	1	0.44460276599	1	2.13712889791	0	3	2.5	1540	410000	78	3000	1925	120	36	20	68	24	4	56	8	40	4	8	132
30615596_zpid	30615596_zpid	11217	27 S Portland Ave, Brooklyn, NY 11217	40.6888379	-73.974637	0.170028356383	11	0.231498171684	3	0.168000849999	8	2	1	3840	360000	21	2000	1866	35	44	20	21	9	8	18	19	14	9	9	82
30786255_zpid	30786255_zpid	11234	1856 E 53rd St, Brooklyn, NY 11234	40.613045	-73.9236169	0.500234892162	5	1.21057065705	0	2.93069059921	0	4	3	1764	480000	15	1800	1950	14	9	10	10	10	30	28	18	20	5	8	100
30674485_zpid	30674485_zpid	11218	408 Avenue C, Brooklyn, NY 11218	40.6404629	-73.975619	0.410409602021	10	0.237119063884	9	0.525550501686	2	2	1	3403	780000	47	3300	1925	222	49	78	96	61	85	46	69	34	21	11	215
30793909_zpid	30793909_zpid	11229	46 Dare Ct, Brooklyn, NY 11229	40.588095	-73.9219728	0.212014824776	2	1.53654107318	0	2.72387492374	0	4	3.5	1740	395000	19	1800	1925	2	3	1	13	0	0	31	11	24	2	5	38
29851356_zpid	29851356_zpid	10475	2578 Flint Ave, Bronx, NY 10475	40.889001	-73.817608	1.03698097809	0	0.43507337573	1	1.11577489416	0	4	3	1300	415000	3	3772	1940	0	0	0	1	0	2	2	1	0	0	1	1
30732732_zpid	30732732_zpid	11224	3916 Lyme Ave, Brooklyn, NY 11224	40.576779	-74.008626	0.320271938907	2	0.571244229667	1	2.3172015294	0	3	1.5	1760	420000	115	3000	1901	16	6	7	23	5	0	19	1	13	2	2	26
30731283_zpid	30731283_zpid	11214	2525 Cropsey Ave, Brooklyn, NY 11214	40.591954	-73.992337	0.0573873822962	2	0.759342858712	0	0.791503379418	0	5	2.5	2280	825000	22	4712	1960	14	5	8	15	4	24	31	23	17	4	2	63
30709576_zpid	30709576_zpid	11214	1859 82nd St, Brooklyn, NY 11214	40.608613	-73.998318	0.184783092586	11	0.345184735423	9	0.298029106939	3	6	2	2670	275000	9	2000	1930	101	16	36	40	21	51	55	29	27	14	5	172
30592677_zpid	30592677_zpid	11216	583 Lincoln Pl, Brooklyn, NY 11216	40.671517	-73.956997	0.0714829351404	14	0.461484397725	5	0.133443806798	6	1	1	547	1100000	39	1629	1910	122	26	68	80	73	12	17	6	18	27	17	108
30718290_zpid	30718290_zpid	11230	1311 E 9th St, Brooklyn, NY 11230	40.617043	-73.965387	0.249324060222	6	0.252822423604	6	0.510017262183	1	4	3	1496	949000	0	2500	1925	93	19	23	34	34	56	55	19	31	7	3	132
30742790_zpid	30742790_zpid	11229	1977 Batchelder St, Brooklyn, NY 11229	40.603571	-73.939275	0.330387059789	4	0.507184620054	3	1.48572190129	0	3	3	1344	525000	51	2600	1915	17	9	13	14	9	13	34	20	20	0	4	61
30660906_zpid	30660906_zpid	11203	401 E 35th St, Brooklyn, NY 11203	40.645236	-73.943847	0.227912658629	5	0.239485916552	3	0.432056025793	2	4	2	1845	499000	0	1575	1930	352	36	280	168	232	128	56	16	88	56	52	292
59996891_zpid	59996891_zpid	11207	714 Ashford St, Brooklyn, NY 11207	40.664492	-73.882403	0.23072397209	6	0.188451273269	5	0.2299198679	2	8	3	1800	499000	11	1800	2000	85	5	49	41	31	20	21	10	25	26	13	102
30644280_zpid	30644280_zpid	11208	400 Eldert Ln, Brooklyn, NY 11208	40.681098	-73.866139	0.347350708149	7	0.270533086733	10	0.460558390071	3	4	2.5	2100	725000	0	2002	1910	106	29	49	64	43	52	23	9	71	25	4	178
30682441_zpid	30682441_zpid	11204	1948 66th St, Brooklyn, NY 11204	40.616329	-73.987627	0.203461644728	11	0.381758627386	6	0.250572309502	3	3	2.5	1403	590000	32	16	1920	43	14	30	51	27	55	35	44	27	10	9	147
30719290_zpid	30719290_zpid	11204	1581 W 9th St, Brooklyn, NY 11204	40.6083939	-73.982443	0.199227259543	10	0.271852130244	6	0.39106886215	2	2	1	1400	700000	6	2000	1930	288	92	104	136	176	228	68	88	60	32	20	364
30754500_zpid	30754500_zpid	11210	1350 E 35th St, Brooklyn, NY 11210	40.621117	-73.941291	0.374118738772	2	0.389579220544	2	1.41059475548	0	3	1	2360	220000	201	2050	1925	25	5	15	17	10	39	31	11	14	4	2	60
30733995_zpid	30733995_zpid	11224	4050 Atlantic Ave, Brooklyn, NY 11224	40.5744169	-74.008145	0.572921497725	1	0.621863152615	1	2.29992566208	0	14	13.5	7989	5800000	0	15245.999999999998	1955	12	5	6	22	4	1	15	4	7	2	0	23
30756455_zpid	30756455_zpid	11234	1585 E 36th St, Brooklyn, NY 11234	40.616522	-73.938504	0.36695624868	3	0.207157730851	4	1.76984009586	0	3	3	2112	650000	7	1900	1925	18	15	14	26	6	44	22	21	38	8	3	108
30789472_zpid	30789472_zpid	11235	3027 Brighton 2nd St, Brooklyn, NY 11235	40.5781611	-73.9654098	0.122430829516	8	0.219294937093	7	0.332687203498	2	3	2	1050	350000	100	2450	1925	113	46	66	86	60	53	37	17	46	19	23	238
30761934_zpid	30761934_zpid	11234	1957 Troy Ave, Brooklyn, NY 11234	40.62437	-73.932944	0.149973035957	9	0.360186579186	2	1.5588983284	0	2	1.5	924	371000	4	1899	1920	35	12	16	23	22	39	31	22	15	5	1	82
29828230_zpid	29828230_zpid	10469	1019 E 216th St, Bronx, NY 10469	40.878769	-73.854723	0.468619696605	8	0.633463229804	2	0.878038504519	0	5	2	2356	270000	163	2622	1955	101	12	51	75	58	65	8	7	33	21	15	106
30665388_zpid	30665388_zpid	11225	155 Winthrop St, Brooklyn, NY 11225	40.657018	-73.955	0.148535600681	13	0.261616822542	7	0.422753504244	3	2	1	2421	800000	11	53143.2	1901	1064	228	540	448	356	104	132	64	172	176	24	688
30765723_zpid	30765723_zpid	11234	1421 E 57th St, Brooklyn, NY 11234	40.618791	-73.919768	0.176301485298	11	0.825786204614	0	2.82678730371	0	3	1.5	1384	485000	21	2168	1925	44	36	32	20	36	132	120	48	80	12	32	476
30776746_zpid	30776746_zpid	11236	1131 E 104th St, Brooklyn, NY 11236	40.643263	-73.890815	0.553843890788	4	0.517903228419	4	1.00560813272	0	3	2	1760	421000	5	2000	1960	176	20	60	80	48	100	48	20	48	44	32	252
30793434_zpid	30793434_zpid	11229	8 Hyman Ct, Brooklyn, NY 11229	40.586315	-73.922712	0.410097145753	1	1.53654082598	0	2.65893481267	0	2	1	630	300000	18	1800	1920	8	12	4	52	0	0	116	36	80	8	20	140
30663000_zpid	30663000_zpid	11210	682 E 38th St, Brooklyn, NY 11210	40.6386759	-73.940854	0.547637581892	3	0.608840311581	1	0.654334270107	1	2	2	1672	378000	21	1600	1940	528	24	408	352	396	104	32	4	96	100	24	640
30612779_zpid	30612779_zpid	11238	416 Lafayette Ave, Brooklyn, NY 11238	40.688773	-73.958751	0.207936256216	10	0.208931426393	6	0.111890981813	3	4	3	1872	995000	29	1600	1899	63	71	35	54	29	10	18	12	26	10	16	87
30606602_zpid	30606602_zpid	11233	50 Rochester Ave, Brooklyn, NY 11233	40.677551	-73.927771	0.2691365308	4	0.360466537543	3	0.321081057729	2	5	3	1	25000	66	1620	1901	80	30	57	71	55	15	14	1	25	31	14	122
29845921_zpid	29845921_zpid	10465	1004 Dean Ave, Bronx, NY 10465	40.834439	-73.817427	0.251186592312	3	0.27089575934	1	1.87687385604	0	3	3	2268	428500	24	2090	1960	4	3	5	8	6	10	20	12	11	4	3	32
30596626_zpid	30596626_zpid	11213	1201 Saint Johns Pl, Brooklyn, NY 11213	40.6712909	-73.938436	0.261115037413	10	0.269898662672	4	0.403694730629	2	4	2.5	2565	900000	7	2470	1899	386	77	152	175	175	40	45	15	45	77	35	314
30730218_zpid	30730218_zpid	11214	160 Bay 35th St, Brooklyn, NY 11214	40.5966221	-73.9935923	0.326005320919	9	0.478655986943	6	0.584218598892	2	9	7	3621	1295214	30	2880	2013	368	60	140	180	108	284	144	92	84	48	12	440
29784983_zpid	29784983_zpid	10458	2321 Beaumont Ave, Bronx, NY 10458	40.85295	-73.88533	0.129662354038	10	0.121127654324	2	1.04463502964	0	7	7	5100	499999	153	5227	1931	351	80	122	151	145	20	23	11	48	62	19	254
30675574_zpid	30675574_zpid	11218	608 E 8th St, Brooklyn, NY 11218	40.635041	-73.9703339	0.367748452664	9	0.305769107128	10	0.63705158529	2	11	3	4320	150000	273	4016	1910	135	28	55	52	32	70	32	59	15	13	7	154
30607810_zpid	30607810_zpid	11216	211 Kosciuszko St, Brooklyn, NY 11216	40.691411	-73.94652	0.195755653369	11	0.393535115146	4	0.458496515654	2	8	3	4400	730000	90	4400	1901	61	26	26	38	36	12	10	5	13	21	13	68
30611499_zpid	30611499_zpid	11213	4 Agate Ct, Brooklyn, NY 11213	40.678133	-73.939575	0.208949644608	7	0.293504724144	5	0.226601712686	2	5	2	2120	475000	38	1240	1899	148	29	65	67	60	24	17	7	26	29	11	140
30576255_zpid	30576255_zpid	11220	535 48th St, Brooklyn, NY 11220	40.645856	-74.008048	0.141268936709	10	0.078625048395	11	0.380964708435	2	7	2	2772	990000	18	2198	1901	132	61	68	102	57	47	70	21	26	32	11	236
30601639_zpid	30601639_zpid	11233	10 Pleasant Pl, Brooklyn, NY 11233	40.677089	-73.910209	0.0441272435705	7	0.0296322049295	3	0.163237950903	8	5	2	1474	405000	8	1560	1901	232	26	160	195	131	50	39	27	62	79	33	221
29789466_zpid	29789466_zpid	10470	227 E 238th St, Bronx, NY 10470	40.89957	-73.869938	0.411085673555	2	0.325534593848	1	0.754089849386	0	3	1.5	1550	420000	37	4008	1925	55	12	7	9	6	41	14	15	15	5	3	76
29813102_zpid	29813102_zpid	10462	1713 Matthews Ave, Bronx, NY 10462	40.844997	-73.86159	0.188206221935	8	0.18730150189	4	0.718511288627	1	5	3	2450	180000	5	2500	1962	170	24	52	67	42	70	35	19	30	26	11	134
30591078_zpid	30591078_zpid	11216	1137 Dean St, Brooklyn, NY 11216	40.677216	-73.951947	0.180866165598	12	0.325440943926	8	0.340281756144	5	10	9.5	3700	1970000	9	1875	1899	315	100	153	216	189	33	44	19	55	63	48	292
29826760_zpid	29826760_zpid	10467	730 E 217th St, Bronx, NY 10467	40.881551	-73.862473	0.154577578174	3	0.442309364663	2	0.255571946583	3	8	3	3432	295000	0	958320	1970	257	16	106	124	104	79	19	3	47	61	18	214
30706996_zpid	30706996_zpid	11228	1208 77th St, Brooklyn, NY 11228	40.620142	-74.010756	0.229071069285	6	0.412066626638	1	1.00671715771	0	2	1	1560	639000	17	1300	1920	6	12	2	20	2	33	42	26	20	1	4	61
30788648_zpid	30788648_zpid	11234	2221 E 57th Pl, Brooklyn, NY 11234	40.60961	-73.912981	0.796767937549	0	0.901247399878	0	3.7903745013	0	5	3.5	2464	685000	7	3007	1965	2	5	2	6	3	19	5	23	20	2	1	28
29853360_zpid	29853360_zpid	10471	5838 Tyndall Ave, Bronx, NY 10471	40.90644	-73.901003	0.127786372577	4	0.128488889279	3	1.13752523931	0	3	2.5	1632	775000	2	2994	1940	40	32	16	36	28	80	148	36	76	16	24	220
30781450_zpid	30781450_zpid	11234	1411 E 68th St, Brooklyn, NY 11234	40.621395	-73.912643	0.385345138227	4	0.53720712806	1	2.95595426177	0	5	4	3254	665000	57	3600	1986	23	4	8	15	5	44	28	21	22	4	7	83
30602356_zpid	30602356_zpid	11221	919 Lafayette Ave, Brooklyn, NY 11221	40.6918999	-73.935649	0.365191788608	11	0.527524967826	7	0.590784055446	2	4	3.5	1920	1350000	6	1600	1899	168	56	85	120	96	38	34	15	31	51	40	220
30702774_zpid	30702774_zpid	11204	1676 Bay Ridge Ave, Brooklyn, NY 11204	40.618378	-73.995541	0.279147798581	9	0.357122085747	5	0.311470458286	4	5	2	3110	888000	13	3000	1930	180	72	84	232	76	176	120	156	84	40	24	412
29817950_zpid	29817950_zpid	10461	1945 Tenbroeck Ave, Bronx, NY 10461	40.854619	-73.851694	0.325317744866	4	0.783568517681	0	0.568686188026	2	3	2	1700	439000	7	4500	1940	35	4	6	10	7	17	28	12	14	5	2	65
30771767_zpid	30771767_zpid	11236	8401 Avenue N, Brooklyn, NY 11236	40.629443	-73.901353	0.812965079338	0	0.579009983934	1	1.91637968952	0	3	2	1610	460000	14	2000	1955	46	7	18	20	9	49	23	10	24	6	8	62
30585612_zpid	30585612_zpid	11215	231A 13th St, Brooklyn, NY 11215	40.667624	-73.98952	0.121109298364	16	0.180043281362	4	0.310069434372	3	3	3	2016	300000	30	1250	1901	90	85	32	75	32	43	70	28	41	20	17	249
30761974_zpid	30761974_zpid	11234	1504 E 45th St, Brooklyn, NY 11234	40.6240809	-73.932551	0.104351207373	9	0.360526235969	2	1.60481433418	0	2	1	924	360000	15	2083	1920	140	48	64	88	92	152	132	88	60	24	4	344
30587467_zpid	30587467_zpid	11215	526 3rd St, Brooklyn, NY 11215	40.669924	-73.97792	0.067494620446	16	0.614190043823	3	0.453781560119	1	3	3	3720	603000	197	1726	1901	41	50	19	35	17	17	68	43	29	10	14	195
30783424_zpid	30783424_zpid	11234	2128 E 65th St, Brooklyn, NY 11234	40.616158	-73.911265	0.158977176641	7	0.197526107703	1	3.4867347372	0	4	4	3000	960000	11	5000	1950	17	10	10	10	6	18	19	9	18	0	6	50
30714438_zpid	30714438_zpid	11214	225 Bay 32nd St, Brooklyn, NY 11214	40.5964118	-73.9967498	0.183748655121	7	0.404408125926	5	0.66134793518	1	5	2	2537	714000	56	1940	1940	384	36	128	144	116	232	104	64	64	44	20	284
30702132_zpid	30702132_zpid	11209	346 Marine Ave, Brooklyn, NY 11209	40.6141239	-74.0334309	0.0401964090652	9	0.267507509617	3	0.294121005402	1	5	2	2242	798230	17	2996	1920	165	30	25	24	28	54	40	40	7	10	5	113
30788335_zpid	30788335_zpid	11234	2271 E 64th St, Brooklyn, NY 11234	40.6136	-73.908941	0.380257076101	3	0.407048270514	1	3.72800342607	0	4	4	5000	1695000	0	5000	1955	0	12	4	6	2	11	8	10	12	0	1	48
29813983_zpid	29813983_zpid	10461	1165 Sackett Ave, Bronx, NY 10461	40.846834	-73.847213	0.361770762475	7	0.538437104072	2	0.84677660398	0	4	1	1660	445000	19	6398	1930	49	14	16	30	12	34	27	20	20	7	4	95
30629675_zpid	30629675_zpid	11207	1075 Halsey St, Brooklyn, NY 11207	40.688396	-73.9129449	0.211011344884	9	0.35920946829	3	0.382446818488	2	6	3	3300	850000	18	2000	1920	91	21	70	99	54	20	25	12	25	41	18	145
30793560_zpid	30793560_zpid	11229	21 Nova Ct, Brooklyn, NY 11229	40.5873276	-73.9245853	0.353959789675	2	1.34880798425	0	2.50022463064	0	3	2.5	1632	318000	6	1793	1920	2	3	1	14	0	0	31	11	22	2	5	40
30732496_zpid	30732496_zpid	11224	3826 Cypress Ave, Brooklyn, NY 11224	40.5783569	-74.006997	0.327401846502	2	0.44275773646	1	2.18082172959	0	11	4.5	4002	650000	129	4000	1925	31	10	8	26	7	3	20	2	14	3	2	39
30593544_zpid	30593544_zpid	11225	1194 Union St, Brooklyn, NY 11225	40.6687439	-73.951812	0.136384057056	12	0.397144574589	5	0.135172676851	5	4	2	1720	1489500	0	2555	1915	346	63	146	172	143	21	18	7	39	64	19	206
30700043_zpid	30700043_zpid	11209	8701 5th Ave, Brooklyn, NY 11209	40.6207314	-74.026585	0.139716229893	12	0.091027330558	5	0.266192227571	2	1	1	800	470000	304	2325	1925	116	63	33	45	28	48	23	18	6	16	5	218
30619369_zpid	30619369_zpid	11249	55 S 5th St, Brooklyn, NY 11249	40.7122537	-73.9662451	0.123436643328	8	0.220323494789	2	0.828641722947	0	4	4	3200	3295000	0	1473	1910	92	320	28	104	36	84	80	128	72	12	28	340
30746318_zpid	30746318_zpid	11229	2234 E 28th St, Brooklyn, NY 11229	40.597219	-73.943527	0.176052392915	8	0.312328364737	4	1.00760937222	0	4	4	1624	485000	35	1600	1940	40	64	28	40	36	72	132	92	88	12	24	388
30631506_zpid	30631506_zpid	11212	60 Tapscott St, Brooklyn, NY 11212	40.666315	-73.920913	0.18377991851	10	0.180592191251	6	0.231191007511	2	3	1	2400	135000	184	2500	1920	1056	64	340	348	340	116	112	36	148	152	44	640
30572786_zpid	30572786_zpid	11215	297 3rd Ave, Brooklyn, NY 11215	40.676738	-73.986288	0.44623473915	12	0.280928247668	4	0.27590754403	2	3	2	2400	1888000	0	1559	1899	36	42	15	23	15	23	24	31	9	5	9	77
30641780_zpid	30641780_zpid	11208	43 Lincoln Ave, Brooklyn, NY 11208	40.689417	-73.870455	0.205147482647	7	0.359035343076	6	0.186207509583	3	4	2	1888	435000	41	2144	1901	49	20	44	54	30	43	27	9	26	23	3	104
79713540_zpid	79713540_zpid	10469	1520 Burke Ave, Bronx, NY 10469	40.873055	-73.84374	0.421062179889	6	0.52785167785	1	0.451512958353	1	9	3	4764	749000	114	7362	2006	46	12	36	30	21	43	29	10	34	18	8	85
30639542_zpid	30639542_zpid	11207	367 Van Siclen Ave, Brooklyn, NY 11207	40.6708116	-73.8896727	0.195254887923	7	0.427720199485	3	0.231739217105	4	3	1.5	1000	625000	1	3500	1899	416	96	328	332	356	220	152	76	208	180	84	920
30599921_zpid	30599921_zpid	11233	412 Bainbridge St, Brooklyn, NY 11233	40.681937	-73.920416	0.310282640416	6	0.45565783524	3	0.367912412854	2	5	3.5	2220	4112500	12	1725	1901	233	63	147	169	136	25	36	10	62	93	25	273
29812866_zpid	29812866_zpid	10462	1723 White Plains Rd, Bronx, NY 10462	40.8442719	-73.866067	0.236097438235	7	0.309845625341	3	0.545655465544	2	5	3	1783	262500	39	1306	1920	83	13	46	52	41	52	24	11	20	25	10	111
30641794_zpid	30641794_zpid	11208	66 Nichols Ave, Brooklyn, NY 11208	40.688925	-73.870017	0.142823045183	7	0.383403426549	6	0.241878234445	3	6	3	2048	550000	10	2063	1901	53	27	47	57	32	48	28	10	28	23	4	120
30597881_zpid	30597881_zpid	11213	734 Empire Blvd, Brooklyn, NY 11213	40.663549	-73.938059	0.225191299865	8	0.150408510078	7	0.73560120668	2	1	1	1776	315500	148	1819	1920	267	20	72	82	80	30	26	7	22	29	18	126
30789243_zpid	30789243_zpid	11235	2958 Brighton 5th St, Brooklyn, NY 11235	40.5797396	-73.9634941	0.28785333676	7	0.250418359246	6	0.297467384906	2	2	2	1296	540000	123	900	1940	568	272	292	404	212	300	212	116	180	112	120	1092
30673133_zpid	30673133_zpid	11218	311 E 2nd St, Brooklyn, NY 11218	40.643907	-73.978136	0.0318525591447	12	0.190324629171	8	0.131098089501	2	4	3	1432	658000	112	1775	1920	564	156	176	284	196	240	236	140	84	72	64	844
30664425_zpid	30664425_zpid	11226	5 Parkside Ct, Brooklyn, NY 11226	40.655761	-73.961069	0.0885128164276	12	0.0359052817271	4	0.0634039312407	3	7	3	3672	1700000	0	1906	1910	304	59	172	175	161	18	29	22	38	48	12	217
29813232_zpid	29813232_zpid	10462	1850 Amethyst St, Bronx, NY 10462	40.8462867	-73.8680237	0.112566657052	6	0.399980858752	2	0.28523953831	2	5	2	2048	450000	31	2178	1920	116	12	62	71	70	65	24	16	21	30	13	134
29831945_zpid	29831945_zpid	10467	719 E 222nd St, Bronx, NY 10467	40.8857	-73.860765	0.0849688540456	5	0.122051779414	1	0.26093520001	2	3	1	1872	300000	0	2295	1915	472	28	208	292	300	224	48	16	100	132	32	420
30786098_zpid	30786098_zpid	11234	2029 Kimball St, Brooklyn, NY 11234	40.611181	-73.927595	0.223095529758	2	0.914644307852	0	2.56907768036	0	4	1	1084	525000	1	2500	1925	8	10	2	6	1	25	26	21	16	2	5	77
29843968_zpid	29843968_zpid	10465	3206 Ampere Ave, Bronx, NY 10465	40.846032	-73.820777	0.775560317628	0	0.449472912465	1	0.934178519039	0	3	2.5	1732	490000	3	2300	1950	4	16	16	16	0	60	116	60	32	4	0	124
30783252_zpid	30783252_zpid	11234	2445 E 70th St, Brooklyn, NY 11234	40.613776	-73.901554	0.863949034034	0	0.767769574585	0	3.66004764927	0	4	2.5	2172	224000	230	2475	1975	0	48	8	28	0	12	68	32	36	4	12	140
29848519_zpid	29848519_zpid	10465	2869 Schley Ave, Bronx, NY 10465	40.824193	-73.821516	0.539506663379	1	0.351275914487	2	2.51673884858	0	3	1.5	2200	235000	136	2200	1965	13	19	8	18	7	14	23	21	12	1	3	60
