30630565_zpid	30630565_zpid	11207	863 Knickerbocker Ave, Brooklyn, NY 11207	40.6916635	-73.9053881	0.00631552350936	9	0.950168961219	0	0.342073304355	2	3	1	2700	465000	14	1306	1931	74	28	48	65	54	16	16	11	27	32	14	130
2114045235_zpid	2114045235_zpid	11236	583 E 79th St, Brooklyn, NY 11236	40.638485	-73.917483	0.517057493255	6	0.502678332176	2	1.60331991124	0	5	3.5	2256	550000	34	2917	1960	22	8	15	14	8	33	25	10	25	6	8	63
30663763_zpid	30663763_zpid	11210	3603 Farragut Rd, Brooklyn, NY 11210	40.636871	-73.942052	0.547429497823	2	0.56490790807	3	0.63822089667	2	3	2	1650	119338	128	4000	1930	177	7	124	113	119	40	20	6	34	32	6	207
30642460_zpid	30642460_zpid	11208	133 Nichols Ave, Brooklyn, NY 11208	40.687484	-73.869	0.0628449823251	7	0.280629826245	6	0.405710498304	3	5	2	3372	468000	19	2500	1905	62	32	42	58	35	59	32	12	35	25	4	139
68310582_zpid	68310582_zpid	11207	569 Van Siclen Ave, Brooklyn, NY 11207	40.665733	-73.888355	0.351939638702	9	0.338051365717	7	0.0195289643918	3	6	2.5	2960	17000	146	1000	2007	244	23	149	139	143	34	38	10	66	78	23	258
68314015_zpid	68314015_zpid	11203	151 E 42nd St, Brooklyn, NY 11203	40.6521712	-73.9380312	0.337199685655	2	0.517477847405	3	0.986096968016	0	3	2	1530	302100	75	2178	1945	472	60	312	244	256	244	104	40	120	124	36	500
29786944_zpid	29786944_zpid	10463	111 Van Cortlandt Ave W, Bronx, NY 10463	40.884219	-73.8929859	0.430206526979	3	0.145573868321	1	0.665405334765	1	3	3	2289	447000	57	4835	1940	459	13	35	46	39	19	27	17	19	10	9	81
30691276_zpid	30691276_zpid	11220	535 66th St, Brooklyn, NY 11220	40.635701	-74.018604	0.200772475787	11	0.404449177806	10	0.411404382704	3	6	4.5	2100	730000	37	1611	1920	88	38	29	36	33	30	53	26	19	15	6	135
30714796_zpid	30714796_zpid	11214	312 Bay 14th St, Brooklyn, NY 11214	40.602957	-74.0123629	0.418181653267	3	0.493641806756	1	1.05644077179	0	2	2	1500	550000	49	1536	1950	11	4	6	14	6	16	12	24	11	1	1	42
30570715_zpid	30570715_zpid	11231	42 4th Pl, Brooklyn, NY 11231	40.678229	-74.0005149	0.190728315835	13	0.392845249722	3	0.488535297051	2	1	1	3660	3525000	17	2100	1899	38	44	17	39	17	17	57	25	13	11	10	160
30665148_zpid	30665148_zpid	11225	207 Fenimore St, Brooklyn, NY 11225	40.6585527	-73.9555403	0.286747162698	13	0.408740135853	9	0.492009977023	4	4	2.5	1972	760000	62	3100	1910	1796	396	864	648	700	124	168	84	240	268	56	1140
30590043_zpid	30590043_zpid	11238	117 Underhill Ave, Brooklyn, NY 11238	40.677249	-73.965359	0.167807972897	14	0.176190003537	6	0.512555840254	5	12	6	6000	140000	14	1446	2006	173	154	71	92	83	31	45	40	45	33	14	234
30599207_zpid	30599207_zpid	11233	778 Halsey St, Brooklyn, NY 11233	40.684664	-73.922723	0.259377652322	8	0.572289902884	4	0.552746166065	3	6	3	4180	375000	68	1942	1901	156	46	105	118	92	14	22	11	43	66	16	216
30566264_zpid	30566264_zpid	11201	173 Concord St, Brooklyn, NY 11201	40.6977487	-73.9842859	0.165664591673	9	0.300412826163	3	0.456312683895	7	4	2.5	2000	1275000	13	1750	1899	8	49	3	15	3	3	27	13	16	3	2	74
30589517_zpid	30589517_zpid	11238	590 Dean St, Brooklyn, NY 11238	40.680444	-73.970574	0.203707204942	18	0.368444367446	6	0.373694639399	6	3	2	2800	800000	104	1779	1910	356	256	152	204	116	68	136	64	76	48	52	488
30664623_zpid	30664623_zpid	11225	71 Midwood St, Brooklyn, NY 11225	40.659843	-73.9582719	0.188280225521	12	0.337004376531	8	0.389476312957	3	5	3.5	3860	2400000	2	2000	1901	435	113	188	161	174	23	47	22	56	54	14	279
30730468_zpid	30730468_zpid	11214	128 Bay 40th St, Brooklyn, NY 11214	40.595144	-73.989214	0.366298446361	8	0.317024800376	5	0.349074427815	1	4	2	1728	663000	26	1800	1965	84	32	56	60	32	144	128	84	84	32	12	292
30576613_zpid	30576613_zpid	11220	649 49th St, Brooklyn, NY 11220	40.643713	-74.006013	0.386040784074	7	0.371669569706	8	0.672446814763	2	7	3	1920	980000	5	2000	1910	144	47	61	88	49	71	79	29	32	20	8	263
29839028_zpid	29839028_zpid	10470	4417 Richardson Ave, Bronx, NY 10470	40.89938	-73.855303	0.39271480556	3	0.344122319113	3	0.136017874519	3	8	3	3550	544973	87	1825	1950	81	8	20	23	14	11	5	2	9	14	1	45
30631851_zpid	30631851_zpid	11212	529 Thomas S Boyland St, Brooklyn, NY 11212	40.667858	-73.9128581	0.328863046408	5	0.272802278684	8	0.676236959992	1	6	2	2400	130000	200	2465	1920	212	28	116	156	64	112	116	32	104	36	44	468
30654198_zpid	30654198_zpid	11203	4818 Snyder Ave, Brooklyn, NY 11203	40.649777	-73.931506	0.197769034856	4	0.0845334035021	3	1.53067930257	0	3	2.5	1	575000	0	4000	1920	176	19	80	71	81	51	30	6	28	33	11	186
30653609_zpid	30653609_zpid	11203	347 E 53rd St, Brooklyn, NY 11203	40.651304	-73.9270839	0.132104771839	8	0.143038976373	3	1.44970368132	0	4	2	2000	699000	0	1999	1920	208	21	75	81	84	78	40	9	29	39	17	214
30657834_zpid	30657834_zpid	11203	131 E 45th St, Brooklyn, NY 11203	40.658909	-73.935694	0.395596597162	7	0.39874038431	5	1.13588363159	0	3	2	1720	420000	121	2000	1950	456	72	332	284	200	180	132	80	84	120	36	512
30764642_zpid	30764642_zpid	11234	5410 Avenue M, Brooklyn, NY 11234	40.621403	-73.922862	0.19224902381	9	0.438473603934	1	2.45009316771	0	4	1	9800	300000	16	1733	1920	10	27	6	12	11	40	29	15	20	9	9	126
30742175_zpid	30742175_zpid	11229	1951 E 22nd St, Brooklyn, NY 11229	40.603706	-73.949945	0.471182503739	2	0.607256535149	4	0.704531143019	1	3	3	1316	762500	10	2000	1920	80	18	30	29	38	70	55	18	26	9	5	142
62648298_zpid	62648298_zpid	11225	325 Winthrop St, Brooklyn, NY 11225	40.657373	-73.9492	0.0844978796882	6	0.120326478488	8	0.0705607531781	3	8	3	3420	374500	161	2118	2001	764	96	296	280	236	136	104	24	84	120	28	464
29848075_zpid	29848075_zpid	10465	861 Revere Ave, Bronx, NY 10465	40.82871	-73.82614	0.286711798883	2	0.310714758878	1	1.88910282105	0	7	3	2950	570000	11	2900	1960	12	13	4	14	4	15	23	20	10	2	7	59
30595831_zpid	30595831_zpid	11213	1722 Dean St, Brooklyn, NY 11213	40.67559	-73.930935	0.127002645968	9	0.299846239142	5	0.420479568667	1	3	2	1773	100000	195	1822	1920	140	15	65	68	63	36	20	5	18	19	11	138
30633737_zpid	30633737_zpid	11212	661 Watkins St, Brooklyn, NY 11212	40.655986	-73.9040459	0.059054024802	3	0.33839675465	2	0.508701019084	2	2	1	3280	650000	111	2500	1930	62	10	40	46	37	19	16	6	34	13	5	104
30682041_zpid	30682041_zpid	11204	1923 66th St, Brooklyn, NY 11204	40.617029	-73.987835	0.281863844152	9	0.32681679913	6	0.24111976038	2	3	3	2345	765000	12	1700	1925	58	16	37	59	31	59	43	40	29	10	9	158
30719634_zpid	30719634_zpid	11204	1566 W 2nd St, Brooklyn, NY 11204	40.609142	-73.976327	0.178995550672	11	0.35632703474	7	0.286178541681	5	3	5	1316	620000	29	2000	1920	564	72	108	112	124	236	52	80	40	24	24	328
29798720_zpid	29798720_zpid	10460	1463 Saint Lawrence Ave, Bronx, NY 10460	40.836787	-73.868423	0.279839013794	8	0.36802704634	4	0.591443368166	2	6	3	3164	335000	137	1576	1920	195	17	80	98	100	39	19	8	33	34	13	129
30670004_zpid	30670004_zpid	11210	756 E 21st St, Brooklyn, NY 11210	40.635062	-73.957384	0.393632007059	10	0.412419621154	5	0.45694332889	2	6	3.5	2538	180000	267	5000	1910	39	13	27	31	30	22	8	10	10	8	4	71
30791758_zpid	30791758_zpid	11235	2729 E 23rd St, Brooklyn, NY 11235	40.5859582	-73.945254	0.119707060201	7	0.705459271113	2	0.759687480492	0	5	3	2020	540000	142	3192	1901	44	12	11	32	5	43	22	27	26	5	5	99
30793182_zpid	30793182_zpid	11229	2338 Plumb 1st St, Brooklyn, NY 11229	40.595868	-73.932511	0.328787990689	8	0.610890403471	2	1.91579528645	0	2	2	980	325000	25	1800	1920	32	60	0	20	8	28	72	24	72	12	8	148
30721686_zpid	30721686_zpid	11223	1794 W 7th St, Brooklyn, NY 11223	40.603574	-73.9800911	0.205133123513	6	0.2296317692	2	0.04471374889	3	4	4	1484	890000	0	1294	1920	89	28	45	26	33	103	30	62	23	15	6	113
30761188_zpid	30761188_zpid	11234	1200 E 55th St, Brooklyn, NY 11234	40.627569	-73.923239	0.1657265439	6	0.442562159029	3	2.14340258703	0	5	4	2318	545000	130	1950	1965	40	15	30	24	19	57	22	25	20	19	5	92
30654169_zpid	30654169_zpid	11203	536 E 48th St, Brooklyn, NY 11203	40.648646	-73.932299	0.306493774153	5	0.20866672856	3	1.46152243209	0	3	1	1036	299000	31	2500	1935	138	12	58	57	63	38	27	2	19	29	9	151
29836401_zpid	29836401_zpid	10466	4076 Seton Ave, Bronx, NY 10466	40.8933139	-73.8378826	0.55247493331	1	0.556553202291	3	0.814472032036	0	6	3	2150	340000	6	5000	1896	35	3	7	13	4	63	29	10	24	8	5	54
30636507_zpid	30636507_zpid	11207	227 Highland Blvd, Brooklyn, NY 11207	40.682242	-73.893565	0.309556797692	3	0.236523889665	3	0.523247067805	2	4	3	1760	589900	0	3150	1925	276	108	168	172	112	196	128	140	108	68	28	376
29794231_zpid	29794231_zpid	10472	1054 Colgate Ave, Bronx, NY 10472	40.824647	-73.880827	0.184618795156	7	0.314328833416	3	0.460579314571	2	4	2	1614	447500	0	2143	1955	427	24	129	137	121	33	20	5	35	49	10	232
30742230_zpid	30742230_zpid	11229	1939 E 23rd St, Brooklyn, NY 11229	40.603359	-73.948925	0.425301613653	2	0.596977494699	4	0.744716592974	1	3	2.5	1548	920000	21	2500	1920	68	17	21	30	31	56	55	15	26	6	4	140
30611633_zpid	30611633_zpid	11205	405 Myrtle Ave, Brooklyn, NY 11205	40.6932786	-73.969595	0.0137254949215	10	0.337183666632	3	0.627898404884	1	3	1	2400	655000	134	1808	1958	73	100	38	49	37	45	27	15	32	23	16	184
30605162_zpid	30605162_zpid	11233	640 Halsey St, Brooklyn, NY 11233	40.684016	-73.928365	0.134938570969	7	0.318393671263	3	0.554980489259	1	8	3	2466	770000	25	1842	1899	122	65	84	110	58	14	11	11	38	33	21	162
30636414_zpid	30636414_zpid	11207	108 Vermont St, Brooklyn, NY 11207	40.6774677	-73.8953299	0.21579646531	5	0.305614641084	5	0.285586209549	8	3	1	1200	360000	17	4468	1925	96	33	62	82	48	65	47	38	32	32	12	158
30614700_zpid	30614700_zpid	11238	1004 Fulton St, Brooklyn, NY 11238	40.681904	-73.960646	0.173211084784	12	0.145696337043	6	0.413295617051	3	9	4	4500	1400000	27	2040	1930	104	169	63	101	72	47	50	31	43	18	43	221
30691999_zpid	30691999_zpid	11220	6815 Colonial Rd, Brooklyn, NY 11220	40.6378119	-74.030738	0.246557791732	10	0.355633963886	4	0.697826024141	1	5	2	2038	860000	131	3543	1925	172	56	88	96	56	88	76	100	24	40	4	224
30755804_zpid	30755804_zpid	11229	1527 E 27th St, Brooklyn, NY 11229	40.613516	-73.947004	0.285502724105	2	0.625037717239	5	1.06073800382	0	3	2	1800	939000	0	3200	1930	172	16	80	64	36	84	104	44	68	12	8	268
30791917_zpid	30791917_zpid	11235	2725 E 27th St, Brooklyn, NY 11235	40.586544	-73.941869	0.373533470447	4	0.566819404068	1	1.03937870175	0	6	4	2706	710000	15	4200	1901	96	32	60	108	48	140	92	100	148	16	20	384
30598073_zpid	30598073_zpid	11233	2065 Pacific St, Brooklyn, NY 11233	40.676197	-73.919009	0.0232191731156	1	0.494811755023	4	0.353232933109	2	1	1	1800	333900	53	2000	1901	179	17	100	104	72	35	31	15	53	41	30	182
29844582_zpid	29844582_zpid	10465	3011 Barkley Ave, Bronx, NY 10465	40.832489	-73.824006	0.300732044803	4	0.420753808495	2	1.63677143432	0	4	2	1740	499000	55	2482	1920	6	14	5	11	7	17	29	26	13	3	4	49
30757606_zpid	30757606_zpid	11234	1715 E 35th St, Brooklyn, NY 11234	40.613939	-73.936914	0.215526295261	4	0.0911728881049	2	1.86098237963	0	3	1.5	1100	522000	6	1800	1935	16	56	28	44	12	108	104	88	148	20	8	272
30746248_zpid	30746248_zpid	11229	2214 E 28th St, Brooklyn, NY 11229	40.59766	-73.94361	0.166873451235	7	0.263664403129	2	1.01266767823	0	3	3	1632	767432	0	1600	1940	17	16	9	11	9	18	36	25	20	3	5	101
30621588_zpid	30621588_zpid	11222	130 Nassau Ave, Brooklyn, NY 11222	40.7243967	-73.9482967	0.0249664319783	14	0.409926165955	3	0.252825739024	1	5	5.5	4125	1380000	54	2500	1931	41	80	20	38	15	28	34	27	19	14	15	184
30611356_zpid	30611356_zpid	11216	355 Herkimer St, Brooklyn, NY 11216	40.679415	-73.941642	0.215179854718	9	0.235421974442	7	0.0869102320775	3	5	3	2268	585000	45	1785	1911	167	78	76	118	64	21	30	18	37	34	26	188
30599895_zpid	30599895_zpid	11233	366 Bainbridge St, Brooklyn, NY 11233	40.681748	-73.922033	0.44546258519	8	0.365593663099	2	0.337857867338	2	2	1	1000	675000	119	1800	1901	192	56	127	153	120	28	27	13	58	85	26	250
30570062_zpid	30570062_zpid	11231	563 Henry St, Brooklyn, NY 11231	40.682297	-74.000021	0.075692926948	13	0.261865434992	2	0.510413619008	1	1	1	1250	150000	258	1625	1900	25	50	21	52	11	18	54	42	19	6	12	177
30726370_zpid	30726370_zpid	11230	1553 E 14th St, Brooklyn, NY 11230	40.611527	-73.959448	0.348193878629	6	0.325491167067	4	0.346203644761	2	2	1	2881	254000	198	3001	1920	71	19	38	42	30	65	21	32	20	7	2	105
30621216_zpid	30621216_zpid	11222	98 Diamond St, Brooklyn, NY 11222	40.726162	-73.946895	0.10452436502	14	0.440377107319	3	0.406886936265	2	2	1	1500	850000	93	2500	1910	34	68	19	38	11	25	34	26	16	14	14	177
30658076_zpid	30658076_zpid	11203	27 E 42nd St, Brooklyn, NY 11203	40.6554209	-73.938219	0.570003803793	3	0.688109347475	1	1.01407990919	0	3	2	1868	250000	34	2199	1950	284	36	204	168	148	192	128	40	100	104	16	372
83048415_zpid	83048415_zpid	11221	157 Van Buren St, Brooklyn, NY 11221	40.6907241	-73.9398266	0.0317907092858	9	0.24628671954	5	0.802909629056	0	6	6	3255	690000	85	2182	2006	189	53	96	146	90	29	30	14	38	54	33	227
30608001_zpid	30608001_zpid	11205	532 Lafayette Ave, Brooklyn, NY 11205	40.689359	-73.953661	0.184342855165	10	0.255940883512	6	0.186088579255	2	2	1	850	445000	134	2500	1901	108	40	19	36	19	16	22	20	12	10	13	95
30622345_zpid	30622345_zpid	11222	164 Engert Ave, Brooklyn, NY 11222	40.721522	-73.944338	0.192155852024	12	0.166520100418	1	0.680293203447	1	6	3	2376	736000	94	1500	1910	29	48	16	46	9	14	36	20	23	9	9	148
30639456_zpid	30639456_zpid	11208	225 Atkins Ave, Brooklyn, NY 11208	40.673508	-73.878447	0.153063470085	7	0.168934158698	3	0.20639900704	2	8	5	3350	25000	38	2500	1930	171	28	94	104	84	53	40	11	36	60	25	203
30792790_zpid	30792790_zpid	11229	2142 Stuart St, Brooklyn, NY 11229	40.602919	-73.9354261	0.146582585895	4	0.221545294082	3	1.77912373872	0	3	1	1805	630000	6	1999	1930	15	6	4	6	1	11	27	15	6	0	2	41
30775632_zpid	30775632_zpid	11236	1018 E 105th St, Brooklyn, NY 11236	40.645397	-73.8927	0.309644045748	4	0.277153090608	3	0.785406198564	0	4	3	1760	425000	94	2000	1950	41	7	26	19	15	27	13	5	13	10	9	89
29785010_zpid	29785010_zpid	10458	2445 Beaumont Ave, Bronx, NY 10458	40.8555492	-73.8839156	0.179955691556	9	0.232380668976	2	0.863191774433	0	4	4	2480	115000	281	1794	1910	382	82	127	151	145	23	29	14	49	59	22	261
30574476_zpid	30574476_zpid	11232	188A 32nd St, Brooklyn, NY 11232	40.655821	-74.001368	0.12826097398	4	0.575896059019	3	0.30211711316	2	2	2	1910	1250000	2	1628	1987	92	120	52	64	44	36	144	64	60	4	36	272
29813655_zpid	29813655_zpid	10462	1568 Colden Ave, Bronx, NY 10462	40.844538	-73.853165	0.191868365577	9	0.451181811649	3	1.00071983023	0	3	3	1440	310000	2	1598	1953	103	9	9	16	6	19	17	14	15	5	2	47
29786400_zpid	29786400_zpid	10453	2206 Dr Martin L King Jr Blvd, Bronx, NY 10453	40.858529	-73.908251	0.47897629912	8	0.162966864121	9	0.368346766163	4	14	4	3	425000	139	3702	1901	1324	96	368	500	416	132	84	20	160	144	72	704
30641615_zpid	30641615_zpid	11208	62 Hemlock St, Brooklyn, NY 11208	40.688337	-73.8724979	0.247314373487	6	0.171098783373	5	0.178610610978	3	4	2.5	1660	350000	9	1659	1920	308	124	200	272	144	244	136	60	164	120	20	580
30633996_zpid	30633996_zpid	11207	92 Bradford St, Brooklyn, NY 11207	40.67725	-73.893666	0.250560034594	6	0.255471118807	4	0.182805002742	4	8	3	2328	143000	319	3325	1901	120	38	82	103	58	86	49	51	43	41	16	201
30590083_zpid	30590083_zpid	11238	441 Prospect Pl, Brooklyn, NY 11238	40.676395	-73.961547	0.143147117004	13	0.188360564741	5	0.377276960476	6	5	3	2295	1365000	4	2186	1931	856	860	360	456	416	208	156	176	224	172	68	1008
30722974_zpid	30722974_zpid	11223	1879 W 6th St, Brooklyn, NY 11223	40.601656	-73.978139	0.243135494485	6	0.394389960054	4	0.314167661577	4	7	3.5	2292	880000	29	1200	1920	284	100	168	108	120	372	124	248	104	56	20	456
30655038_zpid	30655038_zpid	11203	346 E 57th St, Brooklyn, NY 11203	40.6473746	-73.9233661	0.32133214217	8	0.658607521244	2	1.67616047004	0	4	2	2090	255000	153	2500	1930	66	8	22	22	22	28	26	7	10	15	8	87
30662434_zpid	30662434_zpid	11203	661 E 37th St, Brooklyn, NY 11203	40.640786	-73.941422	0.309166798163	4	0.584168224134	2	0.597363490407	1	4	1.5	2640	390000	78	3000	1920	110	7	65	63	61	38	20	6	21	28	8	107
30785109_zpid	30785109_zpid	11234	1954 E 37th St, Brooklyn, NY 11234	40.610708	-73.931527	0.113986232828	3	0.631473315424	1	2.23310182699	0	2	2	886	489000	6	1800	1925	16	44	16	16	8	56	120	116	116	4	8	176
30655583_zpid	30655583_zpid	11236	624 E 96th St, Brooklyn, NY 11236	40.653182	-73.913133	0.360433194898	7	0.554936545589	1	0.959419835938	0	3	2	1776	450000	116	1776	1945	44	4	15	23	22	32	14	6	5	9	3	66
30766127_zpid	30766127_zpid	11236	123 Branton St, Brooklyn, NY 11236	40.645946	-73.9192039	0.304604779904	3	0.993009332079	0	1.46788204417	0	2	1.5	1357	290000	141	1439	1940	8	2	10	11	7	15	16	3	7	6	2	36
30570717_zpid	30570717_zpid	11231	46 4th Pl, Brooklyn, NY 11231	40.678187	-74.000373	0.177910794308	13	0.398913824451	3	0.478007036753	2	6	4	3812	2862500	12	2178	1890	156	164	64	144	60	68	228	100	52	40	40	624
30635930_zpid	30635930_zpid	11207	351 New Lots Ave, Brooklyn, NY 11207	40.661655	-73.894041	0.707492545354	2	0.041022349347	4	0.339479753126	5	7	4	3383	120000	305	2029	1930	269	15	145	126	148	28	47	14	43	69	17	271
30746200_zpid	30746200_zpid	11229	2273 E 26th St, Brooklyn, NY 11229	40.596162	-73.944641	0.319380186657	8	0.442510841004	3	0.895052720302	0	2	2	1500	530000	54	1600	1940	52	64	32	76	32	88	120	92	76	16	12	316
29785079_zpid	29785079_zpid	10457	1985 Prospect Ave, Bronx, NY 10457	40.845139	-73.888716	0.304593316993	6	0.845840329429	0	0.877873383976	0	6	4	2280	454000	21	1742	1994	229	41	101	104	99	19	13	4	30	47	11	182
29786346_zpid	29786346_zpid	10468	2340 Aqueduct Ave, Bronx, NY 10468	40.860855	-73.90513	0.198710433855	4	0.158249344325	10	0.292155940762	5	4	1.5	1664	80000	263	1289	1901	493	67	216	269	275	34	33	15	79	81	50	367
30754501_zpid	30754501_zpid	11210	1352 E 35th St, Brooklyn, NY 11210	40.621053	-73.941279	0.378482126927	3	0.382391422806	2	1.41757048936	0	6	2	3575	710000	11	2639	1925	76	16	48	52	28	152	120	36	56	12	8	232
30593541_zpid	30593541_zpid	11225	1188 Union St, Brooklyn, NY 11225	40.668756	-73.952028	0.148230198448	12	0.402857942294	5	0.149470493052	5	5	2	2786	810000	52	2555	1915	387	63	156	178	152	21	18	7	42	66	20	214
30631062_zpid	30631062_zpid	11207	1438 Bushwick Ave, Brooklyn, NY 11207	40.68377	-73.908675	0.178372993112	5	0.144732542778	3	0.17926178275	8	5	3	2176	1030000	4	1125	1901	89	24	86	108	69	19	29	13	20	40	19	165
30735687_zpid	30735687_zpid	11223	232 Lake St, Brooklyn, NY 11223	40.598403	-73.974158	0.300604328943	4	0.471125212488	3	0.26914256051	4	3	2.5	1080	675000	7	1800	1925	104	80	44	132	40	200	96	268	104	24	28	396
30749356_zpid	30749356_zpid	11235	2541 E 23rd St, Brooklyn, NY 11235	40.5899519	-73.946372	0.154312459269	13	0.495388105032	4	0.740686538141	1	3	2	1264	555000	18	2500	1920	58	12	13	33	10	49	31	38	42	5	2	120
30672948_zpid	30672948_zpid	11218	130 E 8th St, Brooklyn, NY 11218	40.646883	-73.972683	0.101092591554	12	0.679064176963	1	0.415937866775	2	6	4	3000	165000	299	25	1901	134	34	48	70	54	37	33	28	26	23	8	148
30753792_zpid	30753792_zpid	11230	1773 Ocean Ave, Brooklyn, NY 11230	40.6188239	-73.95469	0.0707307233341	3	0.397221919158	3	0.419938259131	1	3	2	1200	590000	30	2182	1920	115	20	51	88	52	33	29	16	17	29	5	153
30631354_zpid	30631354_zpid	11207	9 Fanchon Pl, Brooklyn, NY 11207	40.6792796	-73.898656	0.275117082099	3	0.491853198373	2	0.254654523115	9	4	2	2310	552000	118	2753	1910	44	14	28	25	16	30	31	31	17	16	5	94
30692592_zpid	30692592_zpid	11220	540 Bay Ridge Ave, Brooklyn, NY 11220	40.632746	-74.019985	0.083579929524	14	0.371556770602	6	0.378470805592	2	3	2	1948	616000	8	1948	1920	30	25	11	14	11	20	31	13	10	7	5	74
30780852_zpid	30780852_zpid	11234	7218 Bergen Ct, Brooklyn, NY 11234	40.624733	-73.910788	0.636648704855	2	0.842287149578	0	2.55437806083	0	8	4	3870	725000	10	3000	1972	76	8	28	28	8	164	56	80	60	16	20	280
30737980_zpid	30737980_zpid	11223	2203 West St, Brooklyn, NY 11223	40.5948171	-73.970811	0.21369480929	8	0.688448542628	1	0.2560268569	3	4	3	2110	920000	1	2153	1960	168	32	64	124	28	176	124	120	112	24	24	448
