30598440_zpid	30598440_zpid	11233	1968 Bergen St, Brooklyn, NY 11233	40.673943	-73.9157479	0.382998075597	3	0.362444757391	3	0.657961322657	2	6	3	2760	550000	14	2555	1901	205	16	122	116	83	24	29	15	45	47	32	162
30609688_zpid	30609688_zpid	11221	334 Marcus Garvey Blvd, Brooklyn, NY 11221	40.6857715	-73.9388616	0.242118547911	11	0.141799405111	5	0.672726547876	1	3	2	4800	575000	48	1800	1900	676	132	368	456	320	76	116	48	164	180	76	768
30672881_zpid	30672881_zpid	11218	221 E 4th St, Brooklyn, NY 11218	40.646902	-73.976839	0.254798811068	13	0.376473737909	4	0.333973753015	2	3	2.5	2160	1420000	11	1800	1910	296	160	92	168	144	156	180	116	92	56	44	572
30672434_zpid	30672434_zpid	11218	64 Clara St, Brooklyn, NY 11218	40.643692	-73.982713	0.254991973031	9	0.234106778494	8	0.259282114743	1	3	3.5	1722	805000	94	1920	1920	82	31	31	44	34	40	47	41	11	14	9	184
30647378_zpid	30647378_zpid	11207	738 Alabama Ave # 1, Brooklyn, NY 11207	40.6580749	-73.893838	0.726482177812	1	0.377893671103	3	0.461364964565	2	5	3	2320	329000	47	2400	1925	91	9	66	71	49	27	40	14	21	40	8	131
30573310_zpid	30573310_zpid	11231	126 Pioneer St, Brooklyn, NY 11231	40.678823	-74.010494	0.115821734239	4	0.0659417032451	3	1.21139245702	0	4	2.5	1888	975000	33	1667	1899	29	57	16	26	12	11	31	9	11	10	3	67
30719308_zpid	30719308_zpid	11204	1517 W 9th St APT 4B, Brooklyn, NY 11204	40.6097778	-73.9827363	0.0525014316363	14	0.151901685398	7	0.245172198821	2	2	2	1384	590000	2	3000	2005	580	116	160	212	260	312	100	132	76	48	32	548
30640942_zpid	30640942_zpid	11207	581 Miller Ave, Brooklyn, NY 11207	40.666368	-73.889344	0.334668893278	9	0.383534743117	6	0.112939156102	4	10	4	3690	365350	145	2375	1920	232	23	141	140	143	34	42	11	65	72	20	260
30658713_zpid	30658713_zpid	11226	17 Fairview Pl, Brooklyn, NY 11226	40.651237	-73.94834	0.376561854228	6	0.288744794346	5	0.113150911247	3	5	2	2122	238000	2	1800	1910	332	33	147	157	165	73	26	11	52	59	20	252
30596897_zpid	30596897_zpid	11213	1495 Lincoln Pl, Brooklyn, NY 11213	40.6697429	-73.927033	0.105321860413	12	0.391888748615	7	0.507728931746	2	9	3	3360	1080000	0	2425	1901	328	34	181	183	169	34	22	12	31	75	28	274
30594955_zpid	30594955_zpid	11225	57 Sterling St, Brooklyn, NY 11225	40.662847	-73.959043	0.0937947704823	9	0.0743230738638	6	0.302932963103	2	3	2.5	2053	1737500	3	2083	1910	1600	308	584	520	664	44	116	64	196	172	64	916
30609048_zpid	30609048_zpid	11221	494A Quincy St # A, Brooklyn, NY 11221	40.6879363	-73.940992	0.23357150762	8	0.0702282887633	3	0.892330813937	0	8	7	4890	1649000	2	1875	1901	216	58	107	148	105	32	38	15	48	59	26	252
30612840_zpid	30612840_zpid	11238	77 Saint James Pl, Brooklyn, NY 11238	40.68721	-73.964226	0.188385933504	10	0.178654792025	3	0.188648319801	3	2	1	2400	1383000	122	2000	1905	492	236	296	436	332	116	176	40	156	100	76	608
30631421_zpid	30631421_zpid	11207	35 Sunnyside Ave, Brooklyn, NY 11207	40.680586	-73.8950799	0.200531457525	3	0.207057680407	3	0.42786272318	4	4	3	4050	210000	182	13068.0	1920	81	27	52	56	44	52	35	33	29	25	9	119
30571641_zpid	30571641_zpid	11217	208 Hoyt St, Brooklyn, NY 11217	40.683919	-73.989772	0.12736244992	13	0.259319331988	2	0.264328461374	3	5	3.5	3200	1720000	19	1400	1931	24	104	0	76	4	100	92	28	32	12	4	152
29784111_zpid	29784111_zpid	10457	410 E 182nd St, Bronx, NY 10457	40.854497	-73.896036	0.319619065625	12	0.372683344124	6	0.434167599737	1	3	1.5	1460	85000	217	1328	1899	361	29	140	174	153	22	13	11	32	52	21	244
29821350_zpid	29821350_zpid	10469	2532 Tenbroeck Ave, Bronx, NY 10469	40.863771	-73.85265	0.537456305472	2	0.433366316349	3	0.595635402126	1	3	2	1470	475000	9	3117	1940	26	8	7	9	5	36	26	16	25	5	6	70
30602158_zpid	30602158_zpid	11221	964 Dekalb Ave, Brooklyn, NY 11221	40.6929024	-73.9366997	0.336843033612	11	0.414245236019	5	0.487200211687	2	6	3	2532	150000	257	1500	1920	560	252	284	388	328	140	96	56	100	188	128	752
30781536_zpid	30781536_zpid	11234	1443 E 70th St, Brooklyn, NY 11234	40.621771	-73.910445	0.478164045542	5	0.511992723599	1	2.86354745628	0	5	3.5	2110	500000	15	2916	1984	23	2	10	15	6	44	23	15	25	4	7	77
94715926_zpid	94715926_zpid	11216	18 Herkimer St, Brooklyn, NY 11216	40.6795649	-73.952665	0.197659262829	11	0.313755721935	9	0.272939914057	5	8	8	3360	820000	106	3175	1905	265	167	111	149	121	26	50	25	40	52	41	246
29835643_zpid	29835643_zpid	10466	4035 Rombouts Ave, Bronx, NY 10466	40.891598	-73.830378	0.20422462795	2	0.305562787507	1	0.369131754614	1	3	1.5	1312	375000	5	3220	1925	19	10	11	15	2	22	18	5	11	5	1	36
30734606_zpid	30734606_zpid	11223	1960 W 5th St, Brooklyn, NY 11223	40.599737	-73.977409	0.114102539664	5	0.460457245315	3	0.291290723706	4	4	3	1388	715000	0	1800	1901	36	23	14	24	11	67	23	67	24	7	7	101
30748697_zpid	30748697_zpid	11235	2511 E 12th St, Brooklyn, NY 11235	40.5893309	-73.958317	0.218969385504	13	0.366809966448	3	0.444141614341	2	5	3	1440	410000	145	1440	1930	180	64	36	116	56	168	140	116	92	36	12	372
30766445_zpid	30766445_zpid	11203	766 E 53rd St, Brooklyn, NY 11203	40.64064	-73.926585	0.230110404255	7	1.04972854216	0	1.84517936645	0	4	2	3456	381600	29	2325	1940	86	13	19	19	16	33	30	12	18	10	5	96
30760537_zpid	30760537_zpid	11210	4106 Avenue J, Brooklyn, NY 11210	40.627398	-73.936165	0.466229849661	1	0.841837038512	0	1.14307254466	0	3	2	1386	350000	23	2000	1920	53	5	25	32	15	30	30	16	16	9	7	73
29788118_zpid	29788118_zpid	10458	2979 Valentine Ave, Bronx, NY 10458	40.872162	-73.8860466	0.149829854332	9	0.264767261979	7	0.120070070394	4	6	3	2370	365000	53	871	1901	701	31	112	138	122	33	19	12	34	43	13	210
30676264_zpid	30676264_zpid	11230	94 Parkville Ave, Brooklyn, NY 11230	40.629137	-73.974547	0.130829893884	7	0.325005981111	6	0.214089002412	2	5	3	2208	620000	79	2028	1905	68	38	31	39	37	39	31	58	15	8	9	89
29777882_zpid	29777882_zpid	10451	293 E 163rd St, Bronx, NY 10451	40.827129	-73.916452	0.219005716201	9	0.338401368665	8	0.183763395923	1	4	4	2232	265500	136	1718	1901	177	28	70	72	60	9	17	15	20	17	23	157
30591039_zpid	30591039_zpid	11213	1515 Pacific St, Brooklyn, NY 11213	40.677375	-73.9409189	0.127863571246	8	0.396131003565	8	0.283466052154	2	8	3	2700	1450000	0	2000	1910	176	34	88	94	83	25	16	6	27	35	17	162
112080450_zpid	112080450_zpid	11211	351 S 3rd St APT 4A, Brooklyn, NY 11211	40.709459	-73.9534879	0.108522236531	16	0.247764527362	8	0.295219502326	5	1	1	1030	1200000	0	2808	2008	127	310	90	102	74	20	43	21	34	22	16	299
29815901_zpid	29815901_zpid	10461	1864 Hutchinson River Pkwy, Bronx, NY 10461	40.8488407	-73.8357471	0.323177666436	8	0.475536079811	1	0.350317034483	2	6	3	3088	580000	2	3088	1920	66	13	16	11	15	24	15	11	10	8	5	65
30663702_zpid	30663702_zpid	11210	1471 New York Ave, Brooklyn, NY 11210	40.637025	-73.944895	0.571251404653	3	0.360479974511	4	0.442120713806	2	6	3	2200	735900	0	2000	1905	294	24	172	162	147	52	33	11	36	61	7	301
30641598_zpid	30641598_zpid	11208	55 Crescent St, Brooklyn, NY 11208	40.688107	-73.873352	0.311713315036	5	0.106100464074	4	0.215090766918	3	5	2	1760	490000	129	2253	1930	78	21	52	68	35	60	34	15	44	33	5	142
30600744_zpid	30600744_zpid	11233	84 Macdougal St, Brooklyn, NY 11233	40.679248	-73.917739	0.332938993871	3	0.473895314481	5	0.323697721597	3	8	4	4500	975000	24	1873	1910	252	33	149	174	125	40	35	14	57	76	33	233
30711622_zpid	30711622_zpid	11228	37 Bay 7th St, Brooklyn, NY 11228	40.611376	-74.011561	0.0840193591603	6	0.271307437006	1	0.913520145587	0	4	1	2960	970000	6	2320	1930	9	15	3	18	2	24	42	37	27	6	6	68
83047043_zpid	83047043_zpid	11216	218 Lexington Ave, Brooklyn, NY 11216	40.6872	-73.952889	0.160327277998	10	0.268976324259	5	0.324951821613	3	3	2	1200	390000	114	2003	2007	520	464	312	436	288	132	120	60	108	172	144	912
30769523_zpid	30769523_zpid	11236	8820 Flatlands Ave, Brooklyn, NY 11236	40.639429	-73.906719	0.0595723743857	7	0.557185069432	2	0.903335779293	0	4	1.5	1840	358000	32	1825	1960	34	7	26	23	11	85	33	12	22	16	10	112
2100232130_zpid	2100232130_zpid	11234	2134-2138 E 74th St, Brooklyn, NY 11234	40.620416	-73.904782	0.586442695098	1	0.527339027754	1	2.93128457365	0	3	4	2060	995000	0	8000	1940	10	6	5	8	5	11	13	8	15	3	4	54
30656888_zpid	30656888_zpid	11203	766 E New York Ave, Brooklyn, NY 11203	40.66214	-73.937517	0.296828179147	7	0.226708678912	6	0.845586758825	0	3	1	4200	575000	118	3150	1931	147	21	109	85	68	35	21	18	24	25	10	119
30601438_zpid	30601438_zpid	11233	12A Louis Pl, Brooklyn, NY 11233	40.677446	-73.917602	0.161831827085	2	0.476214127667	3	0.360247097754	2	3	3	1928	360000	13	1495	1910	227	19	136	160	116	39	38	17	60	70	36	214
30656481_zpid	30656481_zpid	11203	1303 Schenectady Ave, Brooklyn, NY 11203	40.640903	-73.931822	0.172751297052	7	1.01379813716	0	1.40515040641	0	3	2	1275	425000	117	2400	1935	35	19	12	21	14	50	33	13	25	15	7	118
30743976_zpid	30743976_zpid	11229	2056 Batchelder St, Brooklyn, NY 11229	40.601625	-73.939497	0.447540032041	4	0.352511709527	3	1.4127609299	0	3	3	1455	635000	17	1999	1935	30	12	10	16	7	16	36	23	22	2	3	74
30731551_zpid	30731551_zpid	11214	2751 Cropsey Ave, Brooklyn, NY 11214	40.587176	-73.9885089	0.345469461701	4	0.574030292303	1	0.441794152179	1	9	3	4104	1180000	12	3732	1955	13	10	9	24	5	21	21	19	22	8	4	47
30775597_zpid	30775597_zpid	11236	10405 Avenue K, Brooklyn, NY 11236	40.644072	-73.891757	0.453943048378	4	0.418652946581	3	0.899648597715	0	3	2	1596	340000	70	20	1955	45	5	22	22	14	28	15	5	13	11	8	80
29798211_zpid	29798211_zpid	10472	1792 E 174th St, Bronx, NY 10472	40.834508	-73.86752	0.359659845752	8	0.409908078995	5	0.333949177382	2	9	3	3610	434000	31	3746	1928	772	600	204	252	196	124	72	40	104	164	44	536
29781161_zpid	29781161_zpid	10474	1301 Seneca Ave, Bronx, NY 10474	40.819122	-73.887509	0.147420890063	5	0.281294816404	5	0.326962975948	2	6	4	2200	337500	15	2500	1938	146	11	89	85	75	14	18	11	31	24	13	136
30599222_zpid	30599222_zpid	11233	806 Halsey St, Brooklyn, NY 11233	40.684778	-73.921725	0.20607562965	8	0.489429525443	5	0.469330986634	3	5	3	2169	865000	12	1808	1899	163	44	111	119	96	14	25	14	42	68	14	215
30735331_zpid	30735331_zpid	11223	2033 W 10th St, Brooklyn, NY 11223	40.597494	-73.981258	0.301605199577	8	0.198459935874	6	0.179292504997	5	3	2	1024	660000	5	2000	1930	132	84	40	96	36	176	120	168	72	28	16	308
30656636_zpid	30656636_zpid	11203	928 E 48th St, Brooklyn, NY 11203	40.638599	-73.931225	0.393406709288	7	1.19238407375	0	1.45970129665	0	3	1.5	1912	629000	0	1999	1930	34	10	10	18	12	39	29	11	18	11	6	95
30760390_zpid	30760390_zpid	11210	1149 E 38th St, Brooklyn, NY 11210	40.627014	-73.939022	0.223426589625	5	0.701045966015	2	0.974877156643	0	3	2	2000280	350000	25	2003	1920	360	44	184	184	148	240	176	92	104	64	60	420
30770480_zpid	30770480_zpid	11236	1132 E 85th St, Brooklyn, NY 11236	40.633762	-73.905474	0.546964045548	7	0.632331425953	2	1.46741660642	0	4	2.75	4000	480000	8	3484	1960	46	7	20	27	10	72	27	11	29	9	10	79
29783195_zpid	29783195_zpid	10460	1819 Trafalgar Pl, Bronx, NY 10460	40.8400524	-73.8873421	0.438566484959	8	0.284118608907	4	0.309496528212	2	5	3	2535	200000	5	1625	1931	860	108	444	444	392	72	80	12	120	124	68	744
29776886_zpid	29776886_zpid	10454	420 E 142nd St, Bronx, NY 10454	40.811091	-73.920322	0.368118713398	5	0.27853753058	6	0.381057119883	3	6	2.5	1960	245000	46	1655	1910	207	30	99	122	105	9	16	11	27	28	16	202
30633736_zpid	30633736_zpid	11212	665 Watkins St, Brooklyn, NY 11212	40.655918	-73.904029	0.05194227985	3	0.340729769267	2	0.512157597093	2	8	4	3280	350000	7	2500	1930	62	9	40	46	37	19	16	5	33	13	5	102
30670800_zpid	30670800_zpid	11218	638 20th St, Brooklyn, NY 11218	40.652878	-73.979523	0.265987411538	7	0.463588268783	1	0.46720609346	1	4	2	1580	1325000	14	2500	1899	12	68	32	48	20	80	76	96	56	0	12	172
29787750_zpid	29787750_zpid	10458	2648 Bainbridge Ave, Bronx, NY 10458	40.864751	-73.8917869	0.390452779675	10	0.0311181466153	11	0.287186682807	4	5	3	2600	410000	0	2273	1910	580	67	225	242	289	30	19	4	80	78	27	376
30652315_zpid	30652315_zpid	11203	214 E 53rd St, Brooklyn, NY 11203	40.654727	-73.928073	0.233489947606	10	0.253196911981	3	1.20465196734	0	7	4.5	999	360000	31	2900	1930	211	27	98	90	103	70	42	10	32	39	15	206
62635813_zpid	62635813_zpid	10470	4601 Richardson Ave, Bronx, NY 10470	40.902685	-73.8526569	0.51062589918	5	0.253406480398	2	0.178241714484	3	6	2	3240	380000	142	3006	2001	171	14	64	68	60	29	16	5	25	26	4	127
30737207_zpid	30737207_zpid	11223	2239 E 4th St, Brooklyn, NY 11223	40.5956319	-73.9672083	0.44516504591	6	0.477349135935	1	0.521941720268	1	2	2.5	2496	1400000	0	2075	1930	144	36	52	136	48	120	128	88	76	16	16	328
30612099_zpid	30612099_zpid	11205	223 Washington Ave, Brooklyn, NY 11205	40.692138	-73.966328	0.167478108188	11	0.285239045738	5	0.413364490477	2	4	2.5	3282	960000	87	2100	1901	60	88	34	38	31	45	26	14	29	21	15	160
30606306_zpid	30606306_zpid	11233	160 Bainbridge St, Brooklyn, NY 11233	40.680769	-73.930561	0.162091187553	9	0.177150741497	5	0.157045604576	1	7	3	3750	2205000	17	2000	1899	126	63	85	119	72	12	22	8	36	35	21	173
30739921_zpid	30739921_zpid	11223	2537 West St, Brooklyn, NY 11223	40.587501	-73.969359	0.207242675792	5	0.243691557655	1	0.476021664495	1	3	1	4576	170000	274	3000	1997	86	13	12	16	8	20	39	26	15	2	6	80
30789269_zpid	30789269_zpid	11235	33 Brighton 5th Walk, Brooklyn, NY 11235	40.5804306	-73.9630723	0.157225622763	8	0.252361346835	5	0.343274313001	2	4	2	1218	535000	0	1600	1935	520	240	272	372	172	296	208	120	176	104	108	1020
30658291_zpid	30658291_zpid	11203	140 E 38th St, Brooklyn, NY 11203	40.653974	-73.942497	0.331313499322	2	0.648517542623	3	0.691965571235	2	6	4	1360	684000	5	2500	1925	396	80	244	260	204	268	92	44	84	120	20	444
30601492_zpid	30601492_zpid	11233	12 Roosevelt Pl, Brooklyn, NY 11233	40.677281	-73.915735	0.287014233687	3	0.32481229151	3	0.440157525175	2	5	4	2028	820000	9	1584	1899	236	20	135	157	106	56	37	18	58	68	35	209
30785971_zpid	30785971_zpid	11234	2045 E 38th St, Brooklyn, NY 11234	40.609991	-73.928687	0.153823225073	2	0.879916419305	0	2.46597837276	0	3	2	2040	585000	3	2000	1925	12	44	8	20	4	80	108	100	80	0	16	264
30572349_zpid	30572349_zpid	11231	317 Smith St, Brooklyn, NY 11231	40.6811325	-73.9940485	0.174660747925	14	0.526409139114	2	0.0504043355628	2	4	3.5	2643	2700000	7	1566	1900	26	51	13	54	14	22	54	36	30	5	5	157
83049791_zpid	83049791_zpid	11238	355 Carlton Ave, Brooklyn, NY 11238	40.686984	-73.971303	0.290450792998	10	0.419818716107	3	0.243259775967	8	4	3.5	2730	2075000	34	1800	1900	83	28	36	50	40	19	17	6	11	19	15	67
30641678_zpid	30641678_zpid	11208	37 Hemlock St, Brooklyn, NY 11208	40.6890519	-73.872121	0.255810234512	7	0.212699461085	6	0.105390400588	3	5	2	1680	525000	93	2500	1925	71	21	45	61	32	55	31	13	31	27	3	118
112503724_zpid	112503724_zpid	11233	237 Bainbridge St, Brooklyn, NY 11233	40.6815799	-73.927634	0.254169581381	6	0.350226035993	4	0.359325015446	2	2	1	9240	250000	47	3000	1910	145	71	105	136	78	17	17	12	46	45	27	204
30655498_zpid	30655498_zpid	11236	667 E 94th St, Brooklyn, NY 11236	40.651957	-73.913658	0.326023040277	6	0.679745992849	1	1.08085281244	0	5	3	3420	370610	61	2500	1940	47	4	15	24	23	39	17	9	6	10	3	77
30654414_zpid	30654414_zpid	11203	392 E 54th St, Brooklyn, NY 11203	40.649124	-73.92649	0.379857283435	7	0.353914469724	3	1.61873126213	0	7	3	3660	630000	13	2500	1930	126	15	49	43	47	43	35	7	17	26	9	138
30639295_zpid	30639295_zpid	11208	400 Elton St, Brooklyn, NY 11208	40.673246	-73.8834959	0.0854227748118	7	0.574129868283	3	0.251853024937	2	5	3	2000	499000	15	2000	1920	115	16	54	67	46	29	18	8	26	34	18	120
30568150_zpid	30568150_zpid	11201	226 Pacific St, Brooklyn, NY 11201	40.688575	-73.991726	0.107080424605	19	0.130179473616	3	0.280165408038	8	4	3	3760	2825000	5	2007	1915	61	99	15	65	16	27	69	39	36	12	10	255
30793026_zpid	30793026_zpid	11229	2440 Stuart St, Brooklyn, NY 11229	40.598038	-73.929984	0.564092546335	5	0.493624082651	1	2.15068585341	0	3	3	1944	435000	63	1800	1955	16	17	1	7	2	8	22	8	16	3	2	38
29786936_zpid	29786936_zpid	10463	3966 Orloff Ave, Bronx, NY 10463	40.883807	-73.892398	0.475751316382	2	0.109903045958	1	0.719412629893	1	4	3.5	2856	350000	41	2482	1935	458	12	33	45	39	19	26	17	16	10	9	75
30583625_zpid	30583625_zpid	11215	390 1st St, Brooklyn, NY 11215	40.672466	-73.979645	0.0249615130346	14	0.424603602471	3	0.614060873539	2	1	1	8800	212500	292	2750	1921	62	78	23	47	28	26	53	43	29	15	22	212
30712165_zpid	30712165_zpid	11214	76 Bay 19th St, Brooklyn, NY 11214	40.605429	-74.003593	0.340464426961	12	0.0442100123648	7	0.321927680274	2	4	1	1200	550000	61	965	1930	62	25	27	38	14	51	41	44	25	10	6	127
30720921_zpid	30720921_zpid	11223	1733 E 2nd St, Brooklyn, NY 11223	40.6073065	-73.9714036	0.200134785758	7	0.241880069482	4	0.215127739962	2	3	1.5	2100	505000	134	2000	1930	70	16	18	28	23	45	23	29	23	13	1	115
30654078_zpid	30654078_zpid	11236	589 E 94th St, Brooklyn, NY 11236	40.653479	-73.915361	0.279366067423	7	0.687452586504	2	0.891402309033	0	6	3	3780	599000	8	3001	1920	45	3	15	22	19	35	14	7	7	11	3	70
30698193_zpid	30698193_zpid	11209	345 82nd St, Brooklyn, NY 11209	40.626237	-74.028313	0.160451980804	15	0.236349391076	6	0.39524944387	2	2	1	1288	375000	169	1941	1920	92	65	41	39	23	57	45	47	16	21	5	200
30575024_zpid	30575024_zpid	11232	342 43rd St, Brooklyn, NY 11232	40.65083	-74.00971	0.243884933682	9	0.139933654652	8	0.211984452958	3	5	2	1336	529000	9	1951	1910	42	37	23	28	25	9	32	16	15	10	3	85
29834572_zpid	29834572_zpid	10466	3646 Palmer Ave, Bronx, NY 10466	40.884263	-73.837861	0.843315939708	0	0.440025884921	2	0.519079718836	2	5	2.5	2310	475000	5	2508	1960	13	7	5	4	1	13	6	7	8	4	1	30
30600853_zpid	30600853_zpid	11233	252 Macdougal St, Brooklyn, NY 11233	40.680178	-73.910083	0.250694897851	6	0.272768287504	5	0.196496979502	6	8	3	3000	400000	0	1159	1899	192	18	149	158	114	38	40	16	50	75	25	184
30692870_zpid	30692870_zpid	11209	66 70th St, Brooklyn, NY 11209	40.637047	-74.033488	0.310174873668	7	0.531072701715	2	0.884966232419	0	6	5	3625	1675000	0	5267	1925	77	5	6	17	11	27	18	78	15	3	1	55
30736531_zpid	30736531_zpid	11223	2166 W 12th St, Brooklyn, NY 11223	40.594236	-73.983094	0.369472051436	8	0.33854787126	3	0.444398247585	4	5	3	900	780000	9	2000	1930	18	10	5	15	8	25	21	22	14	3	3	39
30771637_zpid	30771637_zpid	11236	34 Paerdegat 13th St, Brooklyn, NY 11236	40.62806	-73.902439	0.987833440957	0	0.750514270389	0	2.07047253377	0	6	3.5	3000	549000	39	2003	1965	160	16	52	56	24	160	68	28	88	16	32	184
30631251_zpid	30631251_zpid	11207	72 Aberdeen St, Brooklyn, NY 11207	40.682786	-73.904861	0.123669240333	3	0.37188558836	2	0.0574233696025	7	2	1	2271	574000	32	1698	1905	50	19	44	56	39	11	17	14	14	19	7	109
30625444_zpid	30625444_zpid	11221	167 Central Ave, Brooklyn, NY 11221	40.6989741	-73.9262701	0.0091194143754	17	0.0868274332395	5	0.156555208795	3	5	2	2640	160000	203	1800	1901	104	47	46	68	41	37	19	15	31	29	18	148
30731205_zpid	30731205_zpid	11214	67 Bay 47th St, Brooklyn, NY 11214	40.589909	-73.985593	0.201854890318	5	0.684279400121	1	0.194972389616	2	4	2	2532	200000	164	4000	1899	12	5	7	23	3	18	21	20	23	7	4	42
83048536_zpid	83048536_zpid	11229	1777 E 21st St, Brooklyn, NY 11229	40.6095029	-73.951986	0.330948097372	4	0.21387350455	4	0.501179725204	1	8	5	3840	765000	138	6000	1915	117	19	40	37	38	53	54	41	22	12	3	153
79712864_zpid	79712864_zpid	11233	885 Herkimer St, Brooklyn, NY 11233	40.678461	-73.923997	0.467147742474	3	0.0361543037273	1	0.211885979148	2	8	5	2500	785000	118	2500	2006	118	32	76	99	61	23	26	6	32	49	19	173
30761659_zpid	30761659_zpid	11234	3809 Kings Hwy, Brooklyn, NY 11234	40.622268	-73.938011	0.136930538142	1	0.549912666081	2	1.43040915758	0	4	3	2820	482300	42	2000	1940	47	7	25	21	21	22	17	12	12	8	1	77
30732928_zpid	30732928_zpid	11224	2826 W 35th St, Brooklyn, NY 11224	40.576402	-74.001279	0.607348329503	1	0.122446358675	2	1.69870604511	0	7	4	3160	206000	154	2970	1927	192	76	56	140	52	16	84	36	64	56	4	244
30750053_zpid	30750053_zpid	11235	2641 E 26th St, Brooklyn, NY 11235	40.588118	-73.943114	0.188626786075	8	0.464159650043	3	0.943239147832	0	3	2	1584	610000	20	1833	1930	21	12	9	20	4	41	29	36	29	4	6	102
30748382_zpid	30748382_zpid	11235	2461 E 28th St, Brooklyn, NY 11235	40.592093	-73.941981	0.122496628289	11	0.2148202304	3	1.16808228623	0	5	2.5	1992	510000	96	1990	1940	50	17	14	10	8	19	21	27	18	2	1	66
30716962_zpid	30716962_zpid	11230	1327 E 4th St, Brooklyn, NY 11230	40.618267	-73.971408	0.189382367518	7	0.151772738261	4	0.420371496413	2	3	2.5	1596	520000	10	2000	1920	156	40	44	80	56	116	168	88	84	20	20	208
30592436_zpid	30592436_zpid	11216	641 Saint Johns Pl, Brooklyn, NY 11216	40.672498	-73.956785	0.0569198798564	13	0.481664030711	5	0.231909786255	6	2	1.5	1100	930000	19	1600	1899	616	128	360	400	324	72	84	32	80	140	88	520
30566370_zpid	30566370_zpid	11201	308 State St, Brooklyn, NY 11201	40.688691	-73.9877448	0.0524149988913	15	0.424618833038	5	0.205881170587	10	5	3	4300	5450000	7	2250	1847	47	102	13	67	14	19	58	29	29	8	13	247
30612528_zpid	30612528_zpid	11205	282 Dekalb Ave, Brooklyn, NY 11205	40.6893109	-73.967445	0.205670088404	11	0.270164612871	3	0.17228126916	5	4	3	2208	1725000	97	1425	1901	48	60	21	34	19	31	21	10	18	16	10	119
29787774_zpid	29787774_zpid	10458	317 E 196th St, Bronx, NY 10458	40.8664429	-73.88952	0.292262940075	9	0.283172670546	10	0.341050415834	5	5	3	1900	380000	12	3484	1915	619	77	226	251	313	38	18	3	86	71	30	339
30626843_zpid	30626843_zpid	11221	937 Bushwick Ave, Brooklyn, NY 11221	40.6929299	-73.923702	0.248266576915	10	0.22507340179	5	0.386717581817	4	6	3	2660	315000	4	1529	1901	204	62	83	120	102	46	39	19	61	42	30	279
30639058_zpid	30639058_zpid	11208	179 Atkins Ave, Brooklyn, NY 11208	40.6748	-73.878751	0.242339547523	8	0.162020611231	5	0.184516310435	3	5	3	1748	614000	0	1917	1930	172	20	96	112	82	50	43	14	43	60	17	215
30598774_zpid	30598774_zpid	11233	1746 Sterling Pl, Brooklyn, NY 11233	40.670643	-73.920886	0.313422999672	4	0.114979427868	2	0.673074314014	1	6	4	2240	410000	24	3617	1930	220	23	114	103	92	17	16	7	25	36	15	147
30753591_zpid	30753591_zpid	11210	1224 E 35th St, Brooklyn, NY 11210	40.624132	-73.941869	0.187166499795	4	0.56203683254	3	1.08475874936	0	4	3	1378	605000	4	2000	1925	484	52	232	200	180	292	196	68	112	64	32	476
30749448_zpid	30749448_zpid	11235	2530 E 28th St, Brooklyn, NY 11235	40.590684	-73.942299	0.254866547747	11	0.236695841367	3	1.08735096063	0	3	2	1554	500000	41	2000	1955	57	17	16	17	9	30	25	38	26	2	4	80
30780254_zpid	30780254_zpid	11234	1244 E 68th St, Brooklyn, NY 11234	40.623613	-73.916332	0.418093896743	5	0.731101924071	1	2.83751557139	0	8	4.5	22	675000	29	4486	1970	18	6	10	9	7	55	21	22	18	9	6	111
30672707_zpid	30672707_zpid	11218	51 Dahill Rd, Brooklyn, NY 11218	40.6460719	-73.980808	0.0425916158362	9	0.167280291639	5	0.245400432497	2	4	2	2080	1100000	21	2000	1910	62	32	27	34	27	28	41	25	10	11	10	140
30672503_zpid	30672503_zpid	11218	58 Louisa St, Brooklyn, NY 11218	40.643303	-73.981768	0.169585409283	9	0.143297211272	9	0.19471468923	1	5	4.5	1908	920000	12	2199	1920	85	31	33	47	39	56	56	40	14	13	9	187
