30732221_zpid	30732221_zpid	11224	3746 Bayview Ave, Brooklyn, NY 11224	40.580574	-74.005683	0.452896670397	1	0.476485256851	1	2.06891535082	0	4	2	1520	450000	66	2000	1985	96	28	16	48	16	4	40	8	32	4	8	92
29827615_zpid	29827615_zpid	10469	929 E 215th St, Bronx, NY 10469	40.8788259	-73.857346	0.496210051328	4	0.687299855575	1	0.718068082031	1	3	2.5	462	571500	48	2395	1800	62	6	37	41	32	56	5	5	24	19	13	81
83042202_zpid	83042202_zpid	11216	795 Saint Johns Pl, Brooklyn, NY 11216	40.671951	-73.951807	0.10987967203	14	0.143684739004	2	0.260418449261	5	8	6	2925	390000	14	1950	2003	284	73	146	175	165	21	35	9	41	58	32	244
30593213_zpid	30593213_zpid	11213	725 Eastern Pkwy, Brooklyn, NY 11213	40.6699946	-73.9441813	0.165941582435	11	0.211744126857	6	0.167042266073	3	3	1	5600	1205000	25	2492	1931	174	40	82	90	82	34	46	10	25	33	15	192
30753747_zpid	30753747_zpid	11210	1339 E 37th St, Brooklyn, NY 11210	40.623342	-73.939158	0.0860297221553	3	0.639303679737	2	1.27700543956	0	3	4	1850	552000	64	2613	1910	61	7	27	32	20	46	37	11	22	11	8	65
29833449_zpid	29833449_zpid	10466	1034 E 226th St, Bronx, NY 10466	40.885149	-73.850353	0.185066873486	6	0.175259216479	3	0.899359937844	0	3	1.5	2000	328600	83	2725	1928	52	9	25	18	16	56	10	4	30	19	12	69
30585851_zpid	30585851_zpid	11215	291 14th St, Brooklyn, NY 11215	40.665629	-73.987171	0.143455223734	20	0.192066236929	6	0.481980178833	4	3	3	1512	175000	307	1875	1901	84	88	26	67	23	46	72	23	31	25	19	225
30652295_zpid	30652295_zpid	11203	299 E 51st St, Brooklyn, NY 11203	40.654559	-73.929393	0.229799382507	10	0.295338526398	3	1.267420712	0	3	2	1696	350000	10	2500	1920	242	29	105	100	109	73	45	11	35	45	20	216
30765775_zpid	30765775_zpid	11234	1469 E 58th St, Brooklyn, NY 11234	40.618509	-73.918806	0.128781865057	10	0.806323895971	0	2.91192967958	0	2	2	1250	529000	8	2500	1925	52	40	28	20	36	132	132	52	88	12	28	452
30742551_zpid	30742551_zpid	11229	1993 E 28th St, Brooklyn, NY 11229	40.6026744	-73.94411	0.317020134518	3	0.299280904862	2	1.06723858948	0	4	2	1890	650000	18	1775	1930	23	19	11	23	10	27	38	21	29	3	3	115
29846932_zpid	29846932_zpid	10465	221 Reynolds Ave, Bronx, NY 10465	40.8199819	-73.8088082	0.163730836103	2	0.76509001943	0	3.52671553982	0	3	1	1732	400500	131	8537	1949	19	11	4	7	2	10	20	13	14	3	4	46
30668694_zpid	30668694_zpid	11226	1172 Rogers Ave, Brooklyn, NY 11226	40.641329	-73.951784	0.338712028119	6	0.258073467501	4	0.322747842097	2	9	4	3780	969000	0	2625	1920	416	112	185	194	167	74	43	19	40	88	21	346
30607972_zpid	30607972_zpid	11221	274A Kosciuszko St, Brooklyn, NY 11221	40.69126	-73.943656	0.293180267059	9	0.177057393729	4	0.653695999075	2	4	5	3719	125000	17	1875	1899	116	38	61	92	72	18	25	7	23	35	16	151
30768208_zpid	30768208_zpid	11236	672 E 87th St, Brooklyn, NY 11236	40.6405349	-73.9103962	0.314420281099	6	0.472567967256	2	0.992518498948	0	3	2.5	1584	249000	172	1393	1960	172	32	100	76	44	296	124	56	88	60	32	456
30587945_zpid	30587945_zpid	11215	454 9th St, Brooklyn, NY 11215	40.666507	-73.981379	0.0986529378164	17	0.433172608803	5	0.0944147913593	2	4	4	3512	2175000	23	1900	1899	56	68	23	52	20	31	62	41	30	9	17	184
30660048_zpid	30660048_zpid	11226	114 E 32nd St, Brooklyn, NY 11226	40.647988	-73.947659	0.122844221361	6	0.336823562306	5	0.339935098642	2	6	2	3120	650000	105	2000	1910	207	23	65	73	53	70	23	13	24	27	18	154
29854398_zpid	29854398_zpid	10471	715 W 246th St, Bronx, NY 10471	40.893851	-73.914531	0.921206761001	0	1.03730689779	0	1.12818123416	0	6	4	3787	1225000	45	19602.0	1962	9	5	0	3	0	1	33	2	3	0	0	9
30651040_zpid	30651040_zpid	11212	161 E 94th St, Brooklyn, NY 11212	40.661695	-73.924498	0.179989257546	11	0.188132124538	6	0.372518602685	2	8	3	3600	556500	26	2500	1930	2004	60	772	844	656	228	76	32	156	276	108	1180
30680697_zpid	30680697_zpid	11204	1811 62nd St, Brooklyn, NY 11204	40.620793	-73.987886	0.465530243233	6	0.350418169838	2	0.214035868597	2	5	2	2700	1050000	3	2700	1930	41	15	27	45	16	54	53	99	25	7	9	134
30658076_zpid	30658076_zpid	11203	27 E 42nd St, Brooklyn, NY 11203	40.6554209	-73.938219	0.491558816697	3	0.688109347475	1	1.01407990919	0	3	2	1868	250000	34	2199	1950	284	36	204	168	148	192	128	40	100	104	16	372
30591217_zpid	30591217_zpid	11213	1473 Dean St, Brooklyn, NY 11213	40.676543	-73.93949	0.165578422804	8	0.451564370735	6	0.393372603085	1	5	3	2376	999000	0	2063	1899	149	38	71	77	71	26	22	7	30	37	14	169
29840988_zpid	29840988_zpid	10465	1122 Ellsworth Ave, Bronx, NY 10465	40.8353449	-73.822305	0.168518840523	4	0.1538197331	1	1.51416087145	0	4	2.5	1450	460000	8	1505	1960	6	7	9	9	8	10	29	12	12	4	4	43
30636475_zpid	30636475_zpid	11207	16 Crosby Ave, Brooklyn, NY 11207	40.681635	-73.895516	0.309397291756	3	0.286595046002	3	0.540869497754	3	5	3	2092	575000	18	2802	1925	260	104	172	152	108	176	116	132	92	76	32	364
30782661_zpid	30782661_zpid	11234	2117 E 73rd St, Brooklyn, NY 11234	40.620553	-73.905412	0.552405456705	1	0.500292129015	1	2.92109067568	0	4	3.5	2276	700000	46	6000	1950	15	6	6	9	5	11	14	8	19	3	3	55
30793091_zpid	30793091_zpid	11229	2479 Stuart St, Brooklyn, NY 11229	40.597646	-73.92878	0.539814959626	5	0.597195348336	1	2.24583322653	0	3	2	1660	500000	9	1992	1955	4	60	0	16	4	20	68	24	40	12	8	108
30742153_zpid	30742153_zpid	11229	2015 E 22nd St, Brooklyn, NY 11229	40.602213	-73.9496659	0.285136726443	3	0.501285642081	5	0.620787704298	1	3	3	1316	865000	0	2100	1920	81	24	28	33	39	72	54	17	25	9	6	160
29829464_zpid	29829464_zpid	10469	3310 Fish Ave, Bronx, NY 10469	40.874041	-73.848571	0.274694347093	8	0.308902501726	1	0.535261984079	1	3	1.5	1690	343000	3	1799	1935	59	14	46	64	50	37	31	9	31	20	9	125
30658802_zpid	30658802_zpid	11203	128 E 35th St, Brooklyn, NY 11203	40.6522448	-73.9451601	0.317688474332	4	0.441434659834	6	0.404203711574	2	1	1	700	430000	132	2002	1920	114	20	66	81	56	67	16	8	23	30	6	116
30598473_zpid	30598473_zpid	11233	2056 Bergen St, Brooklyn, NY 11233	40.673764	-73.912435	0.197736208315	4	0.239822807171	5	0.544716650454	1	4	2	1710	730000	6	3194	1901	780	60	408	504	328	144	108	80	164	220	120	648
83042577_zpid	83042577_zpid	11234	1311 E 70th St, Brooklyn, NY 11234	40.6240297	-73.9126411	0.578110424688	4	0.803676701725	0	2.6784295631	0	6	5	3822	859000	58	2879	2005	20	3	7	11	4	47	15	21	14	6	5	80
29840049_zpid	29840049_zpid	10470	4726 Richardson Ave, Bronx, NY 10470	40.904451	-73.85054	0.250499158019	5	0.0430970010933	2	0.147763027909	3	3	2	1208	215200	151	3500	1925	112	13	65	60	60	26	19	6	24	24	4	126
2099986072_zpid	2099986072_zpid	10466	950 E 231 Street, Bronx, NY 10466	40.889427	-73.850744	0.177371780518	7	0.338433366947	4	0.704559628853	1	4	3	1272	429000	0	2136	1930	86	10	40	33	31	92	22	5	27	16	13	88
30757880_zpid	30757880_zpid	11210	874 E 40th St, Brooklyn, NY 11210	40.634006	-73.938452	0.462626368926	1	0.521312134553	1	0.787215007614	0	3	1.5	1392	400000	58	4000	1930	26	5	16	19	16	24	19	13	16	10	2	63
30664120_zpid	30664120_zpid	11210	885 E 37th St, Brooklyn, NY 11210	40.635317	-73.940832	0.419048194334	1	0.455852987258	2	0.638158769364	1	3	2.5	1424	470000	111	1999	1930	82	9	83	75	85	42	24	10	29	25	3	162
29828575_zpid	29828575_zpid	10469	1144 E 213th St, Bronx, NY 10469	40.875494	-73.853046	0.15673703205	9	0.471217247199	1	0.869392516162	0	3	1.5	1255	288000	62	1784	1945	260	32	136	264	184	176	68	36	100	104	64	484
29843247_zpid	29843247_zpid	10465	3206 Parsifal Pl, Bronx, NY 10465	40.839118	-73.821391	0.484863889457	2	0.445321703626	2	1.27252530276	0	3	2	2100	499000	23	3001	1930	4	11	9	2	6	4	25	15	9	2	3	36
29784434_zpid	29784434_zpid	10458	2396 Lorillard Pl, Bronx, NY 10458	40.856125	-73.889097	0.113748586344	10	0.133886202049	3	0.606863555157	1	4	2	1536	289000	36	1672	1901	449	78	163	199	192	25	39	16	55	70	29	318
30689083_zpid	30689083_zpid	11219	1021 64th St, Brooklyn, NY 11219	40.630372	-74.006724	0.163715851901	7	0.199375592324	7	0.161852392518	2	5	3	3828	1410000	16	2708	1925	43	22	11	23	8	48	36	28	13	5	8	112
30777347_zpid	30777347_zpid	11236	1230 E 99th St, Brooklyn, NY 11236	40.639048	-73.893131	0.213195288539	8	0.253040651006	3	1.12217881221	0	3	2	1323	377000	7	2265120	1960	38	10	29	27	12	37	20	13	13	14	2	76
30763241_zpid	30763241_zpid	11234	1483 E 53rd St, Brooklyn, NY 11234	40.622319	-73.923971	0.0884264216954	12	0.30318690687	1	2.3173688673	0	3	2	868	469000	0	1800	1925	9	29	6	12	8	42	31	18	17	8	8	118
30670973_zpid	30670973_zpid	11218	4 E 2nd St, Brooklyn, NY 11218	40.651751	-73.980223	0.346821579592	6	0.602004740604	1	0.434438408471	1	4	2	1440	1243500	31	1517	1920	16	68	44	72	40	80	60	76	44	8	16	188
30785325_zpid	30785325_zpid	11234	1967 Kimball St, Brooklyn, NY 11234	40.61212	-73.928637	0.198226145479	2	0.802652973547	0	2.49545589688	0	3	3	1192	499999	101	2500	1925	6	10	2	5	1	23	24	21	14	2	5	70
30639470_zpid	30639470_zpid	11208	204 Montauk Ave, Brooklyn, NY 11208	40.674098	-73.878231	0.159272399744	6	0.120401345291	3	0.212703751592	2	2	1	1100	403473	61	2000	1901	173	24	103	114	92	51	41	14	40	64	25	225
29843597_zpid	29843597_zpid	10465	3234 Spencer Dr, Bronx, NY 10465	40.842064	-73.819795	0.806452689812	0	0.590022145057	1	1.19845861516	0	4	2	1536	390000	126	2731	1930	4	44	20	12	0	36	104	56	20	4	4	152
30584943_zpid	30584943_zpid	11215	162 10th St, Brooklyn, NY 11215	40.671256	-73.992868	0.371167033109	10	0.545161157365	3	0.275058243935	4	2	2	1146	1320000	11	1200	1901	39	43	20	34	20	26	43	24	19	14	8	122
29822577_zpid	29822577_zpid	10469	2414 Tiemann Ave, Bronx, NY 10469	40.861339	-73.837751	0.422131575953	2	0.297928619377	1	1.16567394465	0	3	2.5	1728	420000	9	2491	1963	7	10	2	5	0	7	30	12	11	1	3	46
30746559_zpid	30746559_zpid	11229	2320 E 13th St, Brooklyn, NY 11229	40.593392	-73.9575459	0.112531457133	13	0.347643462424	8	0.288504809944	2	3	3	1325	468000	64	2500	1930	41	12	7	10	9	27	9	12	7	2	4	42
30631070_zpid	30631070_zpid	11207	1454 Bushwick Ave, Brooklyn, NY 11207	40.683552	-73.908299	0.157630303973	5	0.137991204766	3	0.196308387205	7	7	3.5	3627	950000	2	1167	1901	88	23	77	99	61	16	29	12	20	37	18	156
30574471_zpid	30574471_zpid	11232	182A 32nd St, Brooklyn, NY 11232	40.6560653	-74.0015924	0.103111874692	4	0.560389743563	3	0.300918083	2	2	1.5	1855	1080000	8	1660	1987	92	120	52	64	48	36	152	68	60	4	36	332
30641658_zpid	30641658_zpid	11208	99 Hemlock St, Brooklyn, NY 11208	40.687652	-73.871785	0.17552029882	6	0.247729167804	5	0.262864956824	3	5	3	2800	367000	16	2000	1925	83	34	56	78	40	62	38	15	44	35	7	177
30641891_zpid	30641891_zpid	11208	66 Grant Ave, Brooklyn, NY 11208	40.689349	-73.869007	0.196637298605	6	0.328941360677	6	0.270550222646	2	6	4	2040	600000	17	2875	1899	46	23	32	45	29	41	23	9	23	19	2	93
30652033_zpid	30652033_zpid	11212	1035 Lenox Rd, Brooklyn, NY 11212	40.657546	-73.921761	0.219999859553	13	0.156700792365	6	0.632244034993	1	5	3	3040	440000	23	2000	1930	440	17	185	200	156	69	17	7	27	65	28	240
30792957_zpid	30792957_zpid	11229	2283 Plumb 1st St, Brooklyn, NY 11229	40.597376	-73.932231	0.455556022042	6	0.455556241943	1	1.95263913961	0	2	1	868	296640	62	1800	1930	68	72	4	28	8	36	92	32	68	12	8	180
30667509_zpid	30667509_zpid	11226	304 E 18th St, Brooklyn, NY 11226	40.643654	-73.962253	0.232606771237	11	0.254515509479	4	0.200141747422	2	6	3	4500	972500	124	5500	1899	496	84	292	279	309	42	29	23	74	84	11	409
30601420_zpid	30601420_zpid	11233	1945 Atlantic Ave, Brooklyn, NY 11233	40.6769963	-73.9186707	0.070232541244	2	0.475494746492	4	0.308604507531	2	4	2	2080	850000	2	1343	1915	208	17	116	133	92	38	33	18	52	54	34	188
30570497_zpid	30570497_zpid	11231	16 2nd Pl, Brooklyn, NY 11231	40.6801109	-74.000748	0.316857241878	14	0.425824903112	3	0.54574234102	2	7	4	5984	5500000	0	3400	1899	144	188	100	196	68	60	228	128	88	44	52	708
30733162_zpid	30733162_zpid	11224	2902 Neptune Ave, Brooklyn, NY 11224	40.577443	-73.9958879	0.497592402879	1	0.16355063871	5	1.23907726289	0	4	2	1760	476000	21	2875	1960	54	15	27	39	21	2	15	3	21	21	2	83
30593588_zpid	30593588_zpid	11225	1235 President St, Brooklyn, NY 11225	40.668245	-73.948927	0.178597545584	15	0.437458098643	8	0.15364751753	4	4	3	2156	1499000	0	2556	1935	207	40	95	109	87	16	19	7	24	50	9	146
30726173_zpid	30726173_zpid	11230	1972 Ocean Ave, Brooklyn, NY 11230	40.613809	-73.954555	0.436710139778	8	0.0552849753775	5	0.589353863692	2	9	1	3920	1070500	16	3678	1925	84	10	48	62	36	57	18	28	15	6	2	88
30773040_zpid	30773040_zpid	11236	889 E 94th St, Brooklyn, NY 11236	40.647585	-73.90881	0.404340256507	4	0.925381672767	0	0.596921915207	1	5	3	1200	182500	300	2200	1930	26	5	18	27	16	39	29	8	8	14	4	88
30601273_zpid	30601273_zpid	11233	2142 Fulton St, Brooklyn, NY 11233	40.678039	-73.911338	0.124345342725	8	0.122650005737	3	0.069474338842	6	6	3	4000	550000	14	2000	1920	263	31	187	197	141	55	48	26	62	91	28	240
30614168_zpid	30614168_zpid	11238	58 Madison St, Brooklyn, NY 11238	40.683736	-73.956829	0.239856648097	9	0.240918626986	6	0.319971288821	4	5	3	2160	1649000	0	1250	1901	84	104	50	87	57	22	32	17	27	13	35	143
30774353_zpid	30774353_zpid	11236	1180 E 95th St, Brooklyn, NY 11236	40.641919	-73.901994	0.235586883552	8	0.655535177652	1	0.527238104684	1	4	3	1298	390000	3	2500	1915	58	7	20	22	20	64	28	11	17	17	10	100
30664661_zpid	30664661_zpid	11225	152 Maple St, Brooklyn, NY 11225	40.660278	-73.955704	0.407573380897	10	0.470712617121	7	0.493199708442	4	4	4	220	1152000	43	2000	1905	1884	428	872	740	772	144	184	84	256	260	72	1204
30790447_zpid	30790447_zpid	11235	201 Hampton Ave, Brooklyn, NY 11235	40.579611	-73.952254	0.0798379412866	8	0.550345965406	4	0.793041398141	0	3	2	1752	1175000	5	4367	1950	178	27	40	50	38	40	43	23	36	17	7	121
29836632_zpid	29836632_zpid	10466	738 E 234th St, Bronx, NY 10466	40.893503	-73.855669	0.112553243619	6	0.190553999232	2	0.155678980878	4	6	2	2660	550000	118	2870	1901	245	16	131	94	140	89	33	8	44	53	17	232
30763083_zpid	30763083_zpid	11234	1536 E 51st St, Brooklyn, NY 11234	40.62294	-73.926586	0.0923938893198	9	0.100136613731	1	2.09241747003	0	3	2.5	868	400000	6	1742	1920	8	32	7	15	8	49	35	16	18	6	6	117
30625247_zpid	30625247_zpid	11221	901 Willoughby Ave, Brooklyn, NY 11221	40.69647	-73.932798	0.118995282651	11	0.297000838445	6	0.254863233082	3	1	1	3630	260000	76	2090	1899	74	76	30	57	47	29	23	15	17	30	26	147
30569171_zpid	30569171_zpid	11231	36 Strong Pl, Brooklyn, NY 11231	40.685496	-73.998041	0.187379856509	16	0.153856515842	4	0.610292917891	2	3	2.5	2000	5800000	4	3470	1901	19	38	16	45	9	16	33	21	21	3	8	110
30601159_zpid	30601159_zpid	11233	108 Somers St, Brooklyn, NY 11233	40.67892	-73.907359	0.353974549737	5	0.337083558118	3	0.248811365288	8	2	1.5	2430	300000	21	1875	1910	173	18	124	157	105	34	32	14	43	68	21	170
30574446_zpid	30574446_zpid	11232	179 32nd St, Brooklyn, NY 11232	40.6560606	-74.0010868	0.145511966863	4	0.541640440293	2	0.336144699486	2	6	3	3240	890000	40	1800	1910	92	120	52	68	48	32	140	64	52	4	36	292
30663435_zpid	30663435_zpid	11203	4406 Foster Ave, Brooklyn, NY 11203	40.639221	-73.934544	0.278349348131	7	1.13379741147	0	1.17430789014	0	5	2.5	1938	153787	43	1792	1960	31	11	12	17	13	44	25	8	23	13	5	87
30751511_zpid	30751511_zpid	11210	950 E 27th St, Brooklyn, NY 11210	40.627569	-73.950238	0.256466677759	2	0.242422995226	3	0.625996605864	1	3	1.5	1500	629000	71	4000	1900	248	40	140	96	100	212	100	68	104	28	20	412
30698809_zpid	30698809_zpid	11209	246 83rd St, Brooklyn, NY 11209	40.625806	-74.031675	0.111038873114	14	0.597619686858	2	0.444086237635	2	5	4.5	8000	1450000	117	8000	2008	73	47	27	36	18	46	33	27	14	9	2	141
29822393_zpid	29822393_zpid	10469	2415 Tiemann Ave, Bronx, NY 10469	40.861207	-73.838318	0.377402878573	2	0.344067864868	1	1.14834353414	0	3	1.5	1944	420000	68	2500	1960	7	10	2	5	0	9	31	11	11	1	3	48
30589314_zpid	30589314_zpid	11238	875 Pacific St, Brooklyn, NY 11238	40.680843	-73.966092	0.100639225261	13	0.327150043148	6	0.311829164125	3	2	1	1938	1625100	11	2500	1920	107	161	44	87	51	39	48	36	34	19	22	191
30791663_zpid	30791663_zpid	11235	2114 Voorhies Ave, Brooklyn, NY 11235	40.586145	-73.947528	0.121882848896	6	0.5390232992	3	0.566441491179	1	6	3	3144	930000	32	5040	1920	69	16	13	39	8	46	28	25	28	6	5	120
29793899_zpid	29793899_zpid	10473	2263 Lafayette Ave, Bronx, NY 10473	40.823817	-73.846596	0.503799083995	3	0.41480409307	2	1.24099757859	0	3	3	1152	399000	29	2500	1930	20	12	13	6	5	22	9	4	10	4	4	48
30693179_zpid	30693179_zpid	11209	72 71st St, Brooklyn, NY 11209	40.635654	-74.033804	0.205000849013	8	0.541863428152	3	0.884155713982	0	3	1	2485	925000	32	3000	1925	112	8	13	21	16	32	22	89	20	3	1	66
30619826_zpid	30619826_zpid	11222	977 Manhattan Ave, Brooklyn, NY 11222	40.7325703	-73.9549097	0.0641001273955	13	0.0815098356828	4	0.279911497015	1	2	1	6085	4100000	15	2500	1931	100	128	65	76	48	55	45	25	29	22	14	258
30731075_zpid	30731075_zpid	11214	158 Bay 44th St, Brooklyn, NY 11214	40.591377	-73.988386	0.31120505714	5	0.690071588309	1	0.481965337719	2	4	2.25	2476	650000	17	1998	1950	48	32	44	72	12	72	136	84	104	28	20	264
55540721_zpid	55540721_zpid	10454	542 E 139th St, Bronx, NY 10454	40.8075059	-73.91763	0.0925196308234	4	0.064990662496	4	0.147026102319	2	3	3	2220	327000	41	1829	1998	233	33	125	158	127	17	17	12	36	39	18	228
29850219_zpid	29850219_zpid	10464	20 Earley St, Bronx, NY 10464	40.842273	-73.788033	0.252629486999	3	3.19549117648	0	3.49640214675	0	3	2	1994	910000	74	13503.6	1957	16	10	5	6	3	2	28	10	7	3	17	32
30727827_zpid	30727827_zpid	11229	1769 E 26th St, Brooklyn, NY 11229	40.60779	-73.946838	0.463112062642	2	0.688780110149	3	0.932910187355	0	3	2	2152	735000	11	3000	1925	37	9	5	16	4	39	31	28	19	4	0	81
30611138_zpid	30611138_zpid	11216	11 Decatur St, Brooklyn, NY 11216	40.680565	-73.94281	0.310744636731	9	0.160289319366	6	0.179706850613	3	4	3.5	2520	725000	37	2000	1899	197	84	97	146	92	27	37	23	49	50	30	224
30602949_zpid	30602949_zpid	11221	904 Greene Ave, Brooklyn, NY 11221	40.690382	-73.931823	0.36685199884	9	0.449664457848	4	0.416026190402	1	7	4	550	1350000	12	1775	1899	211	61	107	131	120	53	30	16	39	62	44	277
30739765_zpid	30739765_zpid	11235	725 Dunne Ct, Brooklyn, NY 11235	40.5901961	-73.9617986	0.2790988723	9	0.760897478743	0	0.743290684661	1	7	4.5	2464	266000	321	3005	1940	42	10	10	15	12	36	30	21	16	4	2	51
