68310387_zpid	68310387_zpid	11221	733 Monroe St, Brooklyn, NY 11221	40.68831	-73.927504	0.289204508185	10	0.290556468892	3	0.465592814451	2	6	3.5	3105	470000	49	1800	2005	196	60	104	162	121	46	35	11	34	65	34	282
30698482_zpid	30698482_zpid	11209	172 82nd St, Brooklyn, NY 11209	40.627021	-74.033606	0.302605303117	8	0.793916807575	0	0.652984397626	2	3	2.5	2697	1425000	18	3600	1920	31	34	11	20	8	37	42	26	9	7	3	85
29827055_zpid	29827055_zpid	10467	843 E 214th St, Bronx, NY 10467	40.8788348	-73.8598982	0.510043446841	5	0.473774333585	1	0.565433881832	2	6	2	1413	465000	18	2324	1925	142	14	66	77	50	47	9	1	20	36	11	134
29841164_zpid	29841164_zpid	10465	1111 Stadium Ave, Bronx, NY 10465	40.836096	-73.817632	0.269671545971	3	0.261785360744	1	1.73345449593	0	3	1.25	1636	415000	7	2604	1955	5	3	7	4	6	9	18	11	9	3	3	30
2110550388_zpid	2110550388_zpid	11206	52 Vernon Ave # 2, Brooklyn, NY 11206	40.694277	-73.95004	0.132675885514	7	0.450676784809	5	0.160633529118	3	3	1	3779	1949000	0	1800	1905	65	24	53	85	40	28	15	16	27	20	19	121
29786694_zpid	29786694_zpid	10468	2241 Hampden Pl, Bronx, NY 10468	40.860904	-73.911961	0.471445598709	1	0.489495610655	4	0.178620557947	3	8	3	3120	524900	0	2038	1910	205	32	75	102	87	21	8	15	26	22	8	107
29851490_zpid	29851490_zpid	10475	2535 Hollers Ave, Bronx, NY 10475	40.887694	-73.819069	0.914158102984	0	0.508795691225	1	0.992396596033	0	4	2.5	1836	130000	242	1530	1965	0	0	0	1	0	3	2	6	0	0	1	4
30589852_zpid	30589852_zpid	11217	126 Saint Marks Ave, Brooklyn, NY 11217	40.679069	-73.972566	0.10050138658	17	0.27461404894	4	0.194700250539	6	8	5	4000	3100000	3	2500	1931	140	324	64	96	64	56	160	188	112	20	76	404
30614931_zpid	30614931_zpid	11205	169 Park Ave, Brooklyn, NY 11205	40.6963379	-73.972758	0.3677313353	6	0.326849273801	2	1.01628798161	0	3	2	2800	510000	136	1460	1962	32	53	17	28	22	40	9	27	12	12	9	96
30785135_zpid	30785135_zpid	11234	1957 E 37th St, Brooklyn, NY 11234	40.61092	-73.930999	0.0708262149822	2	0.658857684167	1	2.27996028772	0	3	1.5	1036	480825	16	1800	1925	4	11	4	4	2	15	30	29	28	1	3	47
30791201_zpid	30791201_zpid	11235	146 Langham St, Brooklyn, NY 11235	40.57962	-73.941291	0.893728668313	0	1.31275814144	0	1.35603153836	0	3	4	3000	499000	38	3000	1935	68	24	4	56	12	52	60	20	48	4	4	108
30701457_zpid	30701457_zpid	11209	9321 Hamilton Walk, Brooklyn, NY 11209	40.6176246	-74.0319379	0.184822535948	11	0.090457934531	5	0.17179195314	2	2	1	910	435000	94	923	1925	122	44	32	34	32	83	49	31	6	12	8	180
30567366_zpid	30567366_zpid	11201	76 Willow St, Brooklyn, NY 11201	40.6989088	-73.9952712	0.113888476012	14	0.260535348801	2	0.244558401225	3	4	4	3060	3025000	33	859	1899	156	324	60	92	64	28	148	84	68	24	36	432
30613415_zpid	30613415_zpid	11238	407 Classon Ave, Brooklyn, NY 11238	40.687041	-73.95936	0.401372972717	10	0.398170656667	6	0.212561037579	5	6	2	2340	505000	50	1560	1901	98	99	59	82	51	16	33	14	37	14	24	126
30579882_zpid	30579882_zpid	11215	519 17th St, Brooklyn, NY 11215	40.657859	-73.981126	0.123769602726	14	0.180934172756	6	0.32732519286	1	3	1.5	1610	1350000	0	1655	1920	132	128	64	88	60	88	76	52	64	8	28	244
30791264_zpid	30791264_zpid	11235	188 Mackenzie St, Brooklyn, NY 11235	40.5787229	-73.94017	0.615625700069	1	1.40588325979	0	1.49188122349	0	3	3	1188	535000	29	2178	1930	2	5	0	7	0	12	13	4	9	1	1	23
30761584_zpid	30761584_zpid	11210	1269 E 40th St, Brooklyn, NY 11210	40.624526	-73.935813	0.229192500839	1	0.749523636285	1	1.36180088997	0	4	1.5	1408	412000	102	27	1940	41	5	18	26	10	24	27	9	16	8	9	59
30792651_zpid	30792651_zpid	11235	119 Neptune Ave, Brooklyn, NY 11235	40.582527	-73.958218	0.201361733945	12	0.161403968254	8	0.595421317963	2	9	4.5	2754	698000	0	1785	1915	904	184	260	336	192	276	188	120	172	108	104	816
30627611_zpid	30627611_zpid	11237	406 Linden St, Brooklyn, NY 11237	40.700906	-73.911578	0.190436604833	17	0.0749571277611	4	0.135141781901	5	11	3	4480	1115000	1	2000	1931	106	56	81	108	66	35	25	21	48	33	12	199
30568046_zpid	30568046_zpid	11201	18 Schermerhorn St, Brooklyn, NY 11201	40.691136	-73.993167	0.14544561455	17	0.113427952937	4	0.291081838397	9	2	1	750	98000	144	1804	1899	60	101	20	58	11	28	77	41	36	11	10	271
30607574_zpid	30607574_zpid	11206	132 Hart St, Brooklyn, NY 11206	40.69319	-73.946383	0.0253818327008	8	0.38707696247	2	0.339740206747	2	7	3	4000	233220	70	1700	1910	95	34	71	101	54	32	18	38	29	31	22	148
29787754_zpid	29787754_zpid	10458	2656 Bainbridge Ave, Bronx, NY 10458	40.8649739	-73.891543	0.414982278344	10	0.0530423088327	10	0.277784131942	5	7	2	4408	400000	69	3092	1910	553	71	222	236	277	32	19	3	81	74	28	371
30664386_zpid	30664386_zpid	11225	604 Flatbush Ave, Brooklyn, NY 11225	40.6587729	-73.9608	0.0737555041575	13	0.147765371124	5	0.33960605374	2	2	1	4087	665000	107	1908	1928	297	93	150	120	138	12	34	17	48	39	12	203
30791089_zpid	30791089_zpid	11235	195 Girard St, Brooklyn, NY 11235	40.577923	-73.945154	0.638294815511	3	1.13544499019	0	1.25571944241	0	3	4	2700	685000	153	4000	1925	72	24	12	48	20	36	88	36	64	8	8	120
30715562_zpid	30715562_zpid	11230	726 E 10th St, Brooklyn, NY 11230	40.631205	-73.967696	0.38945176949	8	0.263351061397	6	0.555204541389	2	7	4	3340	640000	57	2400	1931	88	39	66	48	54	61	50	55	31	17	13	162
30735458_zpid	30735458_zpid	11223	2006 W 6th St, Brooklyn, NY 11223	40.59851	-73.97821	0.0456222933395	5	0.308022614588	4	0.139518270474	6	8	5	4222	1175000	0	2080	1930	128	92	52	108	36	220	104	176	88	32	28	384
30614826_zpid	30614826_zpid	11238	166 Lefferts Pl, Brooklyn, NY 11238	40.680317	-73.957482	0.133829806657	11	0.152960273784	5	0.143125341943	4	5	3.5	3696	2350000	8	2380	1899	107	140	67	84	67	45	34	26	34	21	30	198
30640648_zpid	30640648_zpid	11207	553 Ashford St, Brooklyn, NY 11207	40.668557	-73.883489	0.223990595342	7	0.224029212461	3	0.251810352439	3	4	1	3042	300000	59	2340	1901	60	9	37	34	20	21	23	8	20	20	11	85
30631295_zpid	30631295_zpid	11207	72 De Sales Pl, Brooklyn, NY 11207	40.682394	-73.904067	0.201342014621	3	0.43828602253	1	0.091201027139	8	8	4	3000	925000	27	2500	1911	184	64	160	196	132	44	68	56	40	72	20	388
30791200_zpid	30791200_zpid	11235	142 Langham St, Brooklyn, NY 11235	40.579701	-73.941315	0.536006815929	1	1.30401187214	0	1.34903132498	0	2	1.5	1290	640000	26	3005	1935	68	24	4	56	12	52	60	20	48	4	4	108
30577557_zpid	30577557_zpid	11220	323 53rd St, Brooklyn, NY 11220	40.645864	-74.015634	0.202246137446	10	0.361040002466	8	0.161541384655	3	5	3	2430	930000	13	1803	1920	92	46	38	84	40	42	53	26	34	22	8	210
29793604_zpid	29793604_zpid	10473	2017 Turnbull Ave, Bronx, NY 10473	40.823502	-73.854505	0.432313336737	4	0.371170599144	3	1.20595636372	0	5	2.5	2009	284000	50	2060	1940	80	22	24	24	17	16	18	5	13	8	5	73
30765982_zpid	30765982_zpid	11203	356 E 59th St, Brooklyn, NY 11203	40.645307	-73.9212979	0.118447146915	5	0.936229166925	0	1.64946803647	0	3	1.5	1540	219000	52	1600	1940	152	20	36	24	24	44	80	16	24	16	8	168
30566859_zpid	30566859_zpid	11217	361 Dean St, Brooklyn, NY 11217	40.683494	-73.979536	0.140107469373	12	0.453449611575	3	0.0642072827367	9	4	4	2640	240000	213	2000	1850	65	110	32	45	20	42	54	65	37	24	27	217
30769661_zpid	30769661_zpid	11236	2 Paerdegat 2nd St, Brooklyn, NY 11236	40.631606	-73.911969	0.365431195443	5	0.421256931868	4	1.880616525	0	8	5	3013	760000	122	3100	1965	20	3	12	8	5	28	17	2	19	3	1	43
29813186_zpid	29813186_zpid	10462	847 Kinsella St, Bronx, NY 10462	40.8457999	-73.860628	0.111751879108	9	0.225730961822	4	0.740445198398	1	5	3	2200	590000	97	20	1930	161	24	47	58	36	73	37	21	29	22	9	128
30641998_zpid	30641998_zpid	11208	94 Etna St, Brooklyn, NY 11208	40.685046	-73.879741	0.299753082059	6	0.437465151078	4	0.405538652366	3	5	2	3154	440000	13	1440	1910	89	30	56	64	44	43	25	13	41	26	10	132
29788533_zpid	29788533_zpid	10467	108 E 208th St, Bronx, NY 10467	40.8778379	-73.880869	0.197632652336	9	0.506195838379	5	0.377193177932	2	8	6	3496	570000	22	3920	1925	459	99	147	159	194	46	26	33	43	49	20	239
30693909_zpid	30693909_zpid	11209	7218 Narrows Ave, Brooklyn, NY 11209	40.635003	-74.035485	0.310096851796	6	0.690111512514	1	1.02286075489	0	5	3	3876	910000	56	1992	1925	40	6	7	15	7	31	20	71	13	2	2	45
79483253_zpid	79483253_zpid	10459	800 Freeman St, Bronx, NY 10459	40.830084	-73.898197	0.2600557999	6	0.282804282489	10	0.535748943382	1	8	4	3622	499000	26	2700	2005	163	79	87	108	90	19	14	4	22	43	19	138
29797667_zpid	29797667_zpid	10461	1348 Herschell St, Bronx, NY 10461	40.837097	-73.844449	0.125139435417	6	0.266706523303	4	0.228184563127	3	5	3.5	2767	315200	141	3851	1920	58	11	20	13	17	8	12	4	11	3	3	67
30712907_zpid	30712907_zpid	11228	155 Bay 11th St, Brooklyn, NY 11228	40.607335	-74.011011	0.0670211225368	7	0.501404970221	4	0.786871974452	0	4	3	2235	950000	19	2178	1965	24	36	8	40	8	88	112	104	84	12	20	216
30572186_zpid	30572186_zpid	11231	412 Sackett St, Brooklyn, NY 11231	40.681404	-73.991857	0.324811491949	13	0.339121996208	2	0.222112885426	2	4	2	2208	2900000	22	1455	1899	17	36	7	37	10	16	37	32	22	4	2	125
30782330_zpid	30782330_zpid	11234	2072 E 73rd St, Brooklyn, NY 11234	40.620921	-73.906567	0.509725360337	1	0.475138725711	1	2.89216807829	0	3	2	1064	482500	11	2000	1925	18	4	8	11	6	18	16	9	19	3	3	59
30783987_zpid	30783987_zpid	11234	1830 E 36th St, Brooklyn, NY 11234	40.612266	-73.934561	0.405394410925	3	0.322706315137	1	2.00542866629	0	2	2	952	162000	195	1800	1925	2	19	4	9	3	19	27	24	34	3	1	56
30570948_zpid	30570948_zpid	11231	162 W 9th St, Brooklyn, NY 11231	40.675134	-73.999852	0.115264449507	8	0.361043823758	2	0.225875284141	1	2	1	2520	400000	150	2108	1901	84	108	28	48	36	64	152	32	48	20	24	388
83049409_zpid	83049409_zpid	11208	775 Liberty Ave, Brooklyn, NY 11208	40.676859	-73.881105	0.336812468574	9	0.406995564784	4	0.30526575844	3	6	4.5	1500	420000	40	1500	2005	142	21	74	96	75	43	47	24	33	39	13	192
30792657_zpid	30792657_zpid	11235	103 Neptune Ave, Brooklyn, NY 11235	40.582639	-73.957697	0.155588701298	12	0.204543167247	8	0.560567299723	2	6	6	2754	650000	9	1773	1915	232	42	63	84	49	73	52	32	42	31	25	202
29783877_zpid	29783877_zpid	10459	1425 Bryant Ave, Bronx, NY 10459	40.830647	-73.888896	0.531509434171	5	0.335625404091	6	0.254039612825	3	6	3	2520	415000	16	2200	1995	140	29	35	67	50	30	20	6	18	19	14	118
30768209_zpid	30768209_zpid	11236	674 E 87th St, Brooklyn, NY 11236	40.640492	-73.910346	0.309325222751	6	0.469288641517	3	0.992732781683	0	3	1.5	1584	415000	8	20	1960	172	32	96	76	44	300	128	56	88	60	32	460
30732463_zpid	30732463_zpid	11224	3720 Maple Ave, Brooklyn, NY 11224	40.579321	-74.004551	0.52139308959	1	0.309540188316	1	1.98281548269	0	6	4	3415	880000	116	3333	1925	45	13	12	35	13	4	15	4	15	12	2	46
29812811_zpid	29812811_zpid	10462	1717 Unionport Rd, Bronx, NY 10462	40.843625	-73.867223	0.296276531266	10	0.43069119479	3	0.561688060817	2	6	4.5	2000	27500	71	2839	1924	73	11	40	46	38	40	17	9	17	22	10	98
30572850_zpid	30572850_zpid	11231	81 2nd St, Brooklyn, NY 11231	40.678161	-73.992187	0.190148531882	9	0.461445579711	2	0.339211471624	2	4	2.5	1800	1500000	34	1375	1901	15	24	2	19	11	12	40	32	20	4	3	97
29828501_zpid	29828501_zpid	10469	1100 E 211th St, Bronx, NY 10469	40.8744992	-73.8550162	0.23122358871	6	0.664711231414	1	0.913499496214	0	6	6	7350	595000	31	5000	1955	60	7	30	53	33	44	24	9	28	20	15	97
30628066_zpid	30628066_zpid	11221	601 Knickerbocker Ave, Brooklyn, NY 11221	40.696307	-73.913588	0.290928575585	9	0.27531890979	4	0.405527375389	3	8	3	1200	899000	0	1320	1910	60	13	56	68	51	13	23	5	27	25	18	109
30744771_zpid	30744771_zpid	11229	2180 E 23rd St, Brooklyn, NY 11229	40.597822	-73.948327	0.19865788376	6	0.483541359657	6	0.644912128235	2	7	3	2740	1020000	8	30	1950	90	22	32	36	41	49	50	34	34	16	8	154
30647458_zpid	30647458_zpid	11207	734 Pennsylvania Ave, Brooklyn, NY 11207	40.65947	-73.891666	0.358335793164	4	0.276946426564	5	0.636342885639	3	1	1	1216	286700	128	1900	1925	151	17	94	88	81	24	40	11	36	53	10	174
30658812_zpid	30658812_zpid	11203	154 E 35th St, Brooklyn, NY 11203	40.65161	-73.945112	0.291285473218	3	0.471283140032	6	0.386480470188	2	6	2.5	3344	557000	11	2000	1910	117	19	75	83	60	67	14	7	24	30	6	115
29849333_zpid	29849333_zpid	10465	240 Brinsmade Ave, Bronx, NY 10465	40.8158389	-73.8202589	0.505165552146	2	0.450030499635	1	3.22046277141	0	3	2	1080	355000	62	1800	1955	19	12	12	6	7	21	18	10	14	8	7	48
30748653_zpid	30748653_zpid	11235	2516 E 13th St, Brooklyn, NY 11235	40.589429	-73.956787	0.161190856414	14	0.285873761548	4	0.359186343749	2	5	2	1720	645000	17	2969	1920	180	56	44	124	60	176	148	112	84	52	8	380
30599732_zpid	30599732_zpid	11233	485 Bainbridge St, Brooklyn, NY 11233	40.682737	-73.917531	0.0529365184442	7	0.430291820719	4	0.406407553747	4	5	2	3300	965000	2	2000	1899	230	48	154	173	135	30	40	12	58	96	19	273
30598152_zpid	30598152_zpid	11233	2052 Pacific St, Brooklyn, NY 11233	40.675651	-73.917686	0.133736549447	2	0.452824525407	4	0.471782543974	2	5	2.5	1848	774000	8	1785	1901	183	17	107	106	73	22	33	20	53	44	39	177
30660791_zpid	30660791_zpid	11203	1183 New York Ave, Brooklyn, NY 11203	40.64423	-73.945635	0.263858372954	5	0.281401568005	3	0.296924114642	2	6	3	3060	750000	0	4000	1910	117	8	90	66	77	29	14	6	24	20	14	87
29836546_zpid	29836546_zpid	10466	676 E 234th St, Bronx, NY 10466	40.894243	-73.858002	0.288895557841	3	0.130035468374	2	0.12507514292	4	4	3	2280	442000	77	33	1920	234	18	104	77	123	75	26	4	47	46	15	213
30774346_zpid	30774346_zpid	11236	1175 E 94th St, Brooklyn, NY 11236	40.641937	-73.902535	0.281027894755	7	0.687237392441	1	0.528272098758	1	8	3.5	2488	645000	8	3090	1925	56	10	23	23	21	61	26	9	18	17	8	98
30608106_zpid	30608106_zpid	11221	63 Van Buren St, Brooklyn, NY 11221	40.6901025	-73.9430466	0.290999397685	10	0.25198430788	4	0.72207931216	1	3	1.5	2400	695000	14	2000	1899	158	45	79	110	85	28	28	8	29	45	22	174
30604785_zpid	30604785_zpid	11233	439 Halsey St, Brooklyn, NY 11233	40.6837347	-73.9349584	0.161549247344	10	0.328384519136	5	0.603491871022	2	7	4	2920	1085000	18	1659	1899	65	20	46	64	29	5	21	3	15	16	12	93
2099395232_zpid	2099395232_zpid	11249	135 Grand St STE 1, Brooklyn, NY 11249	40.7150927	-73.9622664	0.113900130178	13	0.23152250374	4	0.501253485744	1	8	6	5500	6000000	0	2525	1910	65	93	7	33	7	36	20	20	27	38	4	133
30734547_zpid	30734547_zpid	11223	1974 W 6th St, Brooklyn, NY 11223	40.599331	-73.978403	0.0482286541273	6	0.385920396135	4	0.215935936451	6	6	3	3204	1348000	0	2400	1925	37	25	15	26	11	69	28	50	21	9	7	99
29826225_zpid	29826225_zpid	10467	3628 Bronx Blvd, Bronx, NY 10467	40.880783	-73.867479	0.219782403512	5	0.324186695779	2	0.372217086559	3	5	2	2496	393000	36	1916	1930	249	20	90	93	90	30	23	7	28	32	20	172
30645306_zpid	30645306_zpid	11208	225 Fountain Ave, Brooklyn, NY 11208	40.674509	-73.87486	0.20137980665	8	0.171138366746	5	0.251789776363	2	5	3	1280	434600	119	1667	1930	708	80	388	440	328	228	176	28	132	224	72	772
30716290_zpid	30716290_zpid	11230	915 Avenue J, Brooklyn, NY 11230	40.624832	-73.966609	0.229989350209	7	0.410477884346	4	0.495046933194	2	7	4	3024	2500000	24	4000	1930	128	22	44	52	50	31	45	33	22	17	6	141
30600792_zpid	30600792_zpid	11233	148 Macdougal St, Brooklyn, NY 11233	40.679571	-73.914907	0.424286591766	3	0.458097662743	5	0.36918990905	3	5	3	1920	463000	122	1600	1910	285	33	183	208	139	48	50	19	75	93	34	262
30724364_zpid	30724364_zpid	11230	941 E 14th St, Brooklyn, NY 11230	40.626434	-73.962281	0.149374619855	4	0.134530548786	4	0.1823279799	2	4	3	1728	730000	14	2000	1901	160	23	65	75	79	53	30	37	20	21	8	171
30623684_zpid	30623684_zpid	11211	790 Grand St, Brooklyn, NY 11211	40.7115566	-73.9416026	0.0713609600532	13	0.060466993863	4	0.104221600627	4	9	6.5	5319	481500	30	2500	1899	124	252	60	140	92	84	104	32	64	48	32	508
30670800_zpid	30670800_zpid	11218	638 20th St, Brooklyn, NY 11218	40.652878	-73.979523	0.265987411538	7	0.306647803704	2	0.46720609346	1	4	2	1580	1325000	14	2500	1899	12	68	32	48	20	80	76	96	56	0	12	172
29782101_zpid	29782101_zpid	10453	1851 Harrison Ave, Bronx, NY 10453	40.851564	-73.913364	0.263523889653	10	0.292297636125	5	0.36788383331	5	7	3	2404	350000	6	2243	1910	692	57	252	265	246	92	35	12	114	70	30	380
30745294_zpid	30745294_zpid	11229	2179 Batchelder St, Brooklyn, NY 11229	40.598872	-73.938388	0.296336511264	7	0.424127544554	4	1.47408584246	0	3	1	1534	440000	14	1800	1950	104	40	36	52	28	32	108	44	64	8	8	256
30791102_zpid	30791102_zpid	11235	1010 Hampton Ave, Brooklyn, NY 11235	40.58002	-73.94452	0.734619157623	1	1.11006447792	0	1.11776941131	0	4	3	5200	1550000	22	6098	1984	17	6	3	12	3	10	24	10	18	1	2	30
30620292_zpid	30620292_zpid	11222	99 Oak St, Brooklyn, NY 11222	40.728004	-73.95685	0.163521977273	13	0.31953958527	4	0.336113678438	2	6	3	2600	2575000	0	2000	1899	55	85	24	44	27	34	29	22	20	12	8	173
30573288_zpid	30573288_zpid	11231	80 Pioneer St, Brooklyn, NY 11231	40.6781099	-74.009462	0.205788207096	4	0.176918074597	3	1.10097006998	0	6	5	3315	1750000	24	1655	1931	31	56	15	27	12	14	32	9	11	11	3	79
30762662_zpid	30762662_zpid	11234	1212 E 58th St, Brooklyn, NY 11234	40.6249959	-73.9200446	0.15168849991	8	0.550058082749	2	2.48956228461	0	8	4	3443	445000	146	2917	1955	19	7	24	12	14	47	20	31	22	17	10	95
30694971_zpid	30694971_zpid	11209	454 74th St, Brooklyn, NY 11209	40.630588	-74.023421	0.10218935387	18	0.151998649438	5	0.200041307746	2	6	2	2640	880000	23	1840	1899	62	42	37	52	27	46	57	64	25	17	7	171
29841603_zpid	29841603_zpid	10461	1320 Balcom Ave, Bronx, NY 10461	40.836522	-73.836453	0.198114766657	2	0.828404995942	0	0.666783850465	1	3	2.5	1728	340000	29	1800	1960	16	15	14	15	10	23	14	16	7	4	1	54
83178529_zpid	83178529_zpid	10458	2355 Washington Ave, Bronx, NY 10458	40.856662	-73.8922429	0.130277288311	11	0.389643395007	7	0.553588310864	3	9	3	4320	450000	0	1637	2007	407	48	180	181	204	23	30	14	42	66	29	308
30712886_zpid	30712886_zpid	11228	86 Bay 11th St, Brooklyn, NY 11228	40.60885	-74.0101099	0.251912384786	9	0.316603782656	5	0.714681589001	1	4	5	2212	839999	46	2900	1997	28	44	12	44	8	84	144	116	108	8	20	228
30669618_zpid	30669618_zpid	11210	574 E 28th St, Brooklyn, NY 11210	40.636711	-73.950278	0.254669441477	3	0.293360715317	5	0.395281480156	2	3	2.5	1196	510000	14	1196	1930	291	33	151	136	119	54	34	19	35	56	9	284
29849911_zpid	29849911_zpid	10465	203 Balcom Ave, Bronx, NY 10465	40.814279	-73.822139	0.728905099172	2	0.67926580153	1	3.2420047582	0	4	2.5	1836	400000	16	1850	1960	14	12	9	1	5	21	13	19	13	7	6	36
30602484_zpid	30602484_zpid	11221	235 Van Buren St, Brooklyn, NY 11221	40.69099	-73.93701	0.236618342604	9	0.441190623174	5	0.701431613722	2	5	3	2634	1465000	2	1950	1910	194	54	102	139	90	38	27	14	36	52	39	216
30789439_zpid	30789439_zpid	11235	46 Brighton 1st Pl, Brooklyn, NY 11235	40.5772384	-73.966144	0.0609153589218	7	0.223449044456	8	0.224388705713	2	3	2	1562	475000	88	1800	1915	380	152	240	312	232	184	128	44	168	76	68	852
30777584_zpid	30777584_zpid	11236	1262 E 104th St, Brooklyn, NY 11236	40.640834	-73.888865	0.623229181672	2	0.514967344687	1	1.27385579026	0	3	1.5	1080	383750	116	2600	1960	88	8	64	76	20	68	56	28	60	32	16	232
30685109_zpid	30685109_zpid	11219	4811 Fort Hamilton Pkwy, Brooklyn, NY 11219	40.638415	-73.997045	0.211425612735	7	0.355988282988	8	0.306272964357	2	5	2	3492	925000	19	3492	1899	292	60	156	200	196	132	272	256	156	56	28	596
30761968_zpid	30761968_zpid	11234	1488 E 45th St, Brooklyn, NY 11234	40.624434	-73.932587	0.132000857144	9	0.385731084661	2	1.57879735036	0	3	1	952	360000	22	2125	1920	140	56	56	84	68	156	120	84	56	20	4	328
