30783004_zpid	30783004_zpid	11234	2363 E 70th St, Brooklyn, NY 11234	40.615086	-73.903039	0.687518439405	1	0.589409579076	1	3.51556904849	0	4	3	1665	685000	14	2550	1970	8	48	12	32	4	28	76	36	52	4	12	192
83178396_zpid	83178396_zpid	10456	272 E 166th St, Bronx, NY 10456	40.8303271	-73.9155652	0.11889302325	8	0.183916107937	7	0.453437517782	2	3	2	3705	167496	89	2394	2003	564	76	239	225	266	30	29	4	87	72	31	326
30609399_zpid	30609399_zpid	11216	352A Tompkins Ave, Brooklyn, NY 11216	40.6855398	-73.9444906	0.0499104936462	9	0.329109621059	8	0.696608833284	2	5	3	2430	370500	114	1440	1920	500	164	284	460	324	68	112	56	168	192	68	680
30732196_zpid	30732196_zpid	11224	3821 Ocean View Ave, Brooklyn, NY 11224	40.5801681	-74.0086241	0.208265629678	1	0.645911880947	1	2.31277453106	0	5	3	2608	931000	6	4015	1960	36	32	8	44	24	4	48	0	36	4	8	64
30602108_zpid	30602108_zpid	11221	1093 Dekalb Ave, Brooklyn, NY 11221	40.693819	-73.931781	0.109934927715	12	0.345115910609	6	0.255992116624	3	6	3	1800	399777	112	1858	1899	572	360	320	400	384	204	148	76	124	192	148	976
30717044_zpid	30717044_zpid	11230	627 Avenue M, Brooklyn, NY 11230	40.617342	-73.968018	0.372667089747	8	0.331810712711	6	0.576809347463	3	9	3	3705	1449000	0	2538	1930	60	10	18	28	25	48	54	27	26	5	4	90
30774350_zpid	30774350_zpid	11236	1174 E 95th St, Brooklyn, NY 11236	40.64208	-73.90217	0.249674987507	7	0.67882067898	1	0.509892247337	1	6	3	1310	500000	41	2482	1915	228	40	80	92	84	248	108	40	68	68	32	404
30758680_zpid	30758680_zpid	11210	967 E 42nd St, Brooklyn, NY 11210	40.631358	-73.93564	0.424413268868	5	0.713936284392	1	1.0272043975	0	3	2	1300	479000	0	3000	1935	52	4	40	52	36	64	64	56	36	12	8	160
30681574_zpid	30681574_zpid	11204	1726 64th St, Brooklyn, NY 11204	40.620491	-73.991305	0.36582193436	7	0.242878516512	5	0.0779065420968	4	3	2	1782	868000	6	1799	1945	53	20	27	48	14	47	47	100	21	10	7	132
30611939_zpid	30611939_zpid	11205	171 Classon Ave, Brooklyn, NY 11205	40.695223	-73.961065	0.173345412922	9	0.280558002217	8	0.711850240187	1	6	4	1260	245000	26	1306	1901	192	272	108	204	92	168	88	144	116	36	92	660
30601671_zpid	30601671_zpid	11233	1334 Herkimer St, Brooklyn, NY 11233	40.677202	-73.909356	0.117230699863	6	0.102088436652	3	0.186828603362	8	2	1	2717	825000	19	1711	1910	222	26	143	179	121	41	34	22	55	74	29	210
30639377_zpid	30639377_zpid	11208	432 Shepherd Ave, Brooklyn, NY 11208	40.673774	-73.881002	0.140717273615	7	0.355740947636	3	0.0449797681141	1	7	3	2850	549000	0	1900	1930	600	92	312	364	272	172	120	40	120	216	88	688
30735221_zpid	30735221_zpid	11223	2011 W 12th St, Brooklyn, NY 11223	40.597792	-73.983203	0.264872038621	7	0.331471317006	6	0.306642506674	4	5	2.5	1344	710000	23	2000	1925	29	18	10	19	7	32	28	42	16	8	3	63
29796663_zpid	29796663_zpid	10472	2037 Watson Ave, Bronx, NY 10472	40.82932	-73.855329	0.175578629578	11	0.418150703261	5	0.630729109801	2	3	2	1714	355000	2	1854	1955	91	18	58	62	45	47	33	10	55	24	8	106
79726014_zpid	79726014_zpid	10469	3561 Corsa Ave, Bronx, NY 10469	40.878577	-73.8486	0.253256817917	7	0.218722209772	3	0.901074910862	0	4	2.5	1720	405000	23	2298	1915	78	21	37	63	53	39	15	10	30	19	9	114
30720369_zpid	30720369_zpid	11223	1628 W 9th St, Brooklyn, NY 11223	40.60695	-73.982687	0.232064942047	9	0.411183295176	6	0.390455325892	2	2	2	2304	690000	79	2700	1930	67	16	35	17	29	51	15	19	12	7	3	67
30628948_zpid	30628948_zpid	11237	854 Wyckoff Ave, Brooklyn, NY 11237	40.6975913	-73.9079907	0.0446001615662	15	0.417843892746	3	0.389642063738	4	7	3	2324	417000	28	1235	1901	77	41	51	67	31	25	14	17	31	27	10	104
30623100_zpid	30623100_zpid	11211	532 Lorimer St, Brooklyn, NY 11211	40.7128642	-73.9489586	0.154455744442	13	0.162366180871	6	0.12838889317	4	4	3	2790	2000000	14	2500	1901	54	133	35	64	34	33	51	15	21	12	16	196
64801688_zpid	64801688_zpid	11234	1359 E 66th St, Brooklyn, NY 11234	40.621407	-73.914699	0.242766762353	7	0.644116470509	1	3.0128147233	0	3	3	2210	599000	0	2461	2004	16	6	4	10	2	42	27	21	19	5	7	93
30689603_zpid	30689603_zpid	11219	6512 14th Ave, Brooklyn, NY 11219	40.62444	-73.9999129	0.0507872025119	7	0.514456629677	3	0.304088659773	3	6	4.5	4300	939000	60	1999	1920	45	8	14	18	13	54	60	52	13	7	15	115
30613953_zpid	30613953_zpid	11238	39 Irving Pl # A, Brooklyn, NY 11238	40.683879	-73.959681	0.25895850039	11	0.326395466138	4	0.455634435188	5	6	4.5	2717	940000	17	1700	1899	452	684	248	460	268	128	196	72	196	68	168	744
30782143_zpid	30782143_zpid	11234	2041 E 67th St, Brooklyn, NY 11234	40.6187619	-73.910959	0.147413266037	7	0.214095907982	1	3.19887414666	0	4	3	1850	538100	16	3000	1960	16	8	10	15	6	20	24	10	20	2	5	71
30705011_zpid	30705011_zpid	11204	1648 73rd St, Brooklyn, NY 11204	40.616516	-73.998524	0.129166224982	9	0.328804301257	4	0.343289087875	2	2	1	1030	170000	238	1742	1920	10	14	6	30	7	25	15	16	12	3	3	47
30749771_zpid	30749771_zpid	11235	2672 E 21st St, Brooklyn, NY 11235	40.586716	-73.948241	0.165548350811	10	0.453955717825	3	0.500361324484	1	6	3	2100	725000	19	2300	1930	70	19	14	42	9	47	32	26	36	12	5	141
30788657_zpid	30788657_zpid	11234	2216 E 57th Pl, Brooklyn, NY 11234	40.609263	-73.913366	0.810835708266	0	0.948702616909	0	3.75698842142	0	5	3	2552	606000	49	3000	1965	2	5	2	6	3	19	5	23	19	2	1	28
29785622_zpid	29785622_zpid	10457	2088 Valentine Ave, Bronx, NY 10457	40.8526979	-73.899578	0.0544186231083	10	0.187327590938	9	0.390420667997	5	8	3	2922	296800	58	1785	1901	430	39	184	193	201	29	24	14	62	70	25	295
30735416_zpid	30735416_zpid	11223	2058 W 7th St, Brooklyn, NY 11223	40.5972214	-73.9788978	0.177123607506	4	0.154524436809	3	0.0345431690591	4	8	5	2636	718000	19	2090	1925	188	64	48	124	40	188	88	188	92	28	28	312
30604055_zpid	30604055_zpid	11221	825 Putnam Ave, Brooklyn, NY 11221	40.6867329	-73.928424	0.111539234587	10	0.13994581645	4	0.611430349224	2	5	5	3360	1100000	6	2000	1899	156	39	85	124	92	42	21	9	30	52	26	195
30619957_zpid	30619957_zpid	11222	288 Mcguinness Blvd, Brooklyn, NY 11222	40.732053	-73.951561	0.126609558146	12	0.239319055661	4	0.298099450917	1	6	3	2160	1800000	0	1890	1899	212	248	156	172	120	172	140	84	76	68	64	748
30740527_zpid	30740527_zpid	11235	10 Brighton 4th Rd, Brooklyn, NY 11235	40.5823816	-73.9636516	0.138375731318	10	0.342253662074	5	0.562148042713	1	4	3	1904	469000	34	1437	1930	260	144	172	248	92	272	188	128	132	80	80	648
30594960_zpid	30594960_zpid	11225	45 Sterling St, Brooklyn, NY 11225	40.662826	-73.9593919	0.0913377550017	9	0.0496501152316	6	0.275809523006	2	3	2	2520	1600000	10	2000	1910	1488	296	548	508	632	44	120	72	192	168	64	872
30770679_zpid	30770679_zpid	11236	5 Beach Pl, Brooklyn, NY 11236	40.6352437	-73.9022561	0.338560537718	7	0.504038692163	2	1.27065190468	0	3	2	1900	376300	56	6750	1930	160	68	88	108	48	240	80	32	80	44	40	380
30571416_zpid	30571416_zpid	11217	244 Wyckoff St, Brooklyn, NY 11217	40.683562	-73.985172	0.16695780617	13	0.287213288825	2	0.537178631433	8	5	3	2600	998000	150	2000	1850	56	102	11	44	13	47	47	23	26	17	14	160
29796232_zpid	29796232_zpid	10472	1965 Chatterton Ave, Bronx, NY 10472	40.827515	-73.85776	0.0945897012507	7	0.176205064168	5	0.685879267574	1	3	2	2464	775000	0	2575	1930	75	15	60	52	46	44	29	11	60	22	9	94
30788783_zpid	30788783_zpid	11234	2606 E 64th St, Brooklyn, NY 11234	40.608724	-73.9104	0.81022721061	0	0.951570916457	0	3.98839981179	0	5	3	2576	1099000	0	4000	1960	2	5	2	5	2	19	8	27	21	2	1	30
29851224_zpid	29851224_zpid	10464	105 Sutherland St, Bronx, NY 10464	40.856179	-73.790181	0.0685304097093	1	3.26095144252	0	3.12860568414	0	4	2	2791	725000	92	5000	1925	0	8	0	2	0	2	6	20	4	1	2	10
30789052_zpid	30789052_zpid	11234	2306 E 63rd St, Brooklyn, NY 11234	40.612732	-73.910074	0.418829171956	2	0.504842662	1	3.83956732606	0	5	3.5	1744	290000	212	7000	1950	0	7	3	5	2	10	5	14	11	1	0	25
30666185_zpid	30666185_zpid	11226	168 Martense St, Brooklyn, NY 11226	40.65123	-73.953396	0.469570183405	10	0.163475547877	7	0.325573553452	2	7	2	2338	325000	47	2400	1915	517	81	250	243	247	91	38	20	65	81	23	398
30601716_zpid	30601716_zpid	11233	1392 Herkimer St, Brooklyn, NY 11233	40.677064	-73.907352	0.284756327347	4	0.270794592899	3	0.315931663101	9	6	2	2030	510000	19	2500	1915	628	72	432	572	372	136	124	64	200	264	96	660
30601743_zpid	30601743_zpid	11233	96 Sackman St, Brooklyn, NY 11233	40.676416	-73.90633	0.377117099011	6	0.365270766252	4	0.289805685866	8	2	1	1600	590000	23	1440	1899	552	60	340	484	316	128	100	64	164	220	80	540
30733613_zpid	30733613_zpid	11224	2850 W 15th St, Brooklyn, NY 11224	40.577862	-73.983165	0.127898134531	2	0.567609463144	5	0.17053588715	2	14	8	3000	900000	0	40	1932	224	32	92	140	104	60	116	56	52	68	16	332
30773680_zpid	30773680_zpid	11236	1041 E 95th St, Brooklyn, NY 11236	40.645019	-73.904418	0.158332043313	5	0.817741657279	0	0.283149277444	2	4	4.5	3280	500000	17	5425	1930	46	10	24	36	20	66	23	10	11	24	9	98
30730439_zpid	30730439_zpid	11214	8713 25th Ave, Brooklyn, NY 11214	40.595444	-73.989355	0.334980962328	6	0.297485694274	5	0.329971543197	1	4	2	1856	1008888	0	1740	1950	26	9	15	14	8	33	33	20	18	7	3	71
30683344_zpid	30683344_zpid	11219	911 41st St, Brooklyn, NY 11219	40.644731	-73.995664	0.134178453114	5	0.228358416882	4	0.207379039379	2	8	4	3200	635000	141	2000	1930	224	44	140	200	180	92	100	164	80	60	16	388
30783239_zpid	30783239_zpid	11234	2438 E 70th St, Brooklyn, NY 11234	40.613599	-73.902099	0.833787121312	0	0.73892894824	1	3.6797258996	0	5	4	2330	565000	57	3500	1980	0	12	2	7	0	4	17	8	9	1	2	35
2110094614_zpid	2110094614_zpid	10473	1953 Gildersleeve Ave, Bronx, NY 10473	40.8097629	-73.853672	0.615599213233	1	1.26389781544	0	2.68033729805	0	5	3	2400	500000	3	2400	1920	108	32	72	76	36	60	56	60	36	64	12	236
29844295_zpid	29844295_zpid	10465	1505 Bayview Ave, Bronx, NY 10465	40.845078	-73.817695	1.01277770394	0	0.686644059445	1	1.17914907646	0	3	2	1406	430000	8	3750	1920	1	9	4	4	0	14	23	15	8	1	0	33
30624560_zpid	30624560_zpid	11206	255 Boerum St, Brooklyn, NY 11206	40.7065378	-73.9373986	0.264129236187	9	0.402599237274	4	0.246318821647	3	2	1	1500	890000	19	1441	1920	48	170	31	32	20	20	27	11	14	12	9	115
30748288_zpid	30748288_zpid	11235	2437 E 26th St, Brooklyn, NY 11235	40.592435	-73.943954	0.274345604384	12	0.311060865754	3	0.997665857025	0	3	2	1961	740000	5	2200	1940	200	60	48	52	32	84	92	112	80	4	4	248
30793941_zpid	30793941_zpid	11229	33 Frank Ct, Brooklyn, NY 11229	40.587334	-73.922472	0.295495465581	2	1.51829330286	0	2.6788607148	0	2	1	325	165000	20	1800	1925	2	3	1	13	0	0	31	11	23	2	5	38
30725385_zpid	30725385_zpid	11230	1382 E 13th St, Brooklyn, NY 11230	40.615767	-73.961799	0.156851333613	6	0.251705599889	6	0.289112422207	1	6	2.5	3080	860000	29	3001	1910	102	22	32	51	33	82	39	25	32	8	1	155
30789293_zpid	30789293_zpid	11235	39 Brighton 6th Ct, Brooklyn, NY 11235	40.5807593	-73.9623458	0.233859409283	7	0.208800417512	5	0.356135570048	2	8	6	2700	360000	6	1800	1910	640	244	268	364	160	292	224	128	196	112	104	980
30663703_zpid	30663703_zpid	11210	1467 New York Ave, Brooklyn, NY 11210	40.637081	-73.9449	0.577406476532	3	0.355958594782	4	0.437236294992	2	7	4	3170	533000	37	2003	1905	294	24	172	162	147	51	32	11	36	61	7	301
64822768_zpid	64822768_zpid	11234	6611 Avenue N, Brooklyn, NY 11234	40.6211879	-73.9141099	0.26609081044	7	0.592323328215	1	3.01814249988	0	3	2.5	1800	482603	134	2178	2004	16	6	4	10	2	32	28	21	19	4	7	96
94717799_zpid	94717799_zpid	11207	50 Schenck Ave, Brooklyn, NY 11207	40.6802333	-73.8905622	0.214473786771	4	0.178203589189	4	0.287248646043	2	7	4	3524	567500	36	1850	2008	105	42	70	81	58	66	49	35	47	32	11	166
30601328_zpid	30601328_zpid	11233	1305 Herkimer St, Brooklyn, NY 11233	40.6777	-73.910121	0.0909236963284	6	0.0754694862366	3	0.103873860592	8	4	1	2700	725000	2	1999	1905	244	27	171	198	142	49	41	26	62	86	30	227
30788995_zpid	30788995_zpid	11234	2514 E 63rd St, Brooklyn, NY 11234	40.610175	-73.910237	0.661812014586	1	0.7894607985	0	4.02429014913	0	4	2	1920	540000	11	2000	1960	2	6	3	4	3	17	8	15	18	2	1	30
29784160_zpid	29784160_zpid	10457	461 E 178th St, Bronx, NY 10457	40.8486469	-73.897647	0.375111638683	10	0.31289304722	7	0.240956866427	2	5	2	1548	376300	106	1782	1899	185	35	98	88	89	25	26	21	37	41	15	218
30637361_zpid	30637361_zpid	11208	255 Arlington Ave, Brooklyn, NY 11208	40.680947	-73.885347	0.312123073469	7	0.187111804137	5	0.126350293373	3	5	4	2126	66186	36	2500	2014	63	14	40	38	39	37	25	17	24	17	12	100
29778576_zpid	29778576_zpid	10452	1198 Dr Martin L King Jr Blvd, Bronx, NY 10452	40.837837	-73.927275	0.119782853122	3	0.223411533314	5	0.55712063638	1	4	4	3055	335000	20	2834	1924	1312	160	580	604	632	148	80	32	276	220	96	948
30788473_zpid	30788473_zpid	11234	2443 E 64th St, Brooklyn, NY 11234	40.610373	-73.908494	0.710337718345	2	0.768252239614	0	4.07760304676	0	4	3	1300	1000000	4	4450	1965	2	6	2	5	1	13	10	11	16	1	1	27
30728944_zpid	30728944_zpid	11229	1827 E 29th St, Brooklyn, NY 11229	40.606583	-73.9437839	0.184039200534	2	0.725043149948	2	1.20845866326	0	3	2	1530	558000	21	2800	1930	9	12	5	17	6	19	29	20	20	1	1	64
29838171_zpid	29838171_zpid	10466	4379 Richardson Ave, Bronx, NY 10466	40.898362	-73.8560509	0.436987091716	3	0.237461815434	2	0.140944311924	4	6	2	1900	215000	234	5009	1901	136	10	51	50	69	46	13	2	25	25	6	126
30574398_zpid	30574398_zpid	11232	125 32nd St, Brooklyn, NY 11232	40.657454	-74.003108	0.141246823153	4	0.520884651358	2	0.350846542958	2	5	3	1100	310000	24	2526	1910	24	33	13	16	12	11	42	18	14	1	9	68
30720448_zpid	30720448_zpid	11223	1634 W 7th St, Brooklyn, NY 11223	40.607073	-73.980741	0.233426075366	12	0.287567033326	6	0.352186321402	3	3	1.5	1200	535000	39	1150	1930	77	18	36	19	29	64	16	27	13	10	3	77
30571402_zpid	30571402_zpid	11217	216 Wyckoff St, Brooklyn, NY 11217	40.683893	-73.98602	0.119228662974	12	0.26074621872	1	0.479488239015	7	4	2.5	2388	1440000	58	1800	1899	32	69	6	35	11	42	46	22	15	15	11	127
30596847_zpid	30596847_zpid	11213	1443 Lincoln Pl, Brooklyn, NY 11213	40.669873	-73.928799	0.150252404226	12	0.243305382058	7	0.366293804032	1	7	2.5	2280	750000	14	2800	1901	417	45	238	231	216	46	29	13	40	94	32	342
72669465_zpid	72669465_zpid	11208	731 Fountain Ave, Brooklyn, NY 11208	40.662515	-73.868366	0.512811921617	3	0.229068894589	3	1.36295682483	0	6	3	3036	579000	122	1462	2006	18	4	6	10	3	8	22	2	6	5	1	40
30602819_zpid	30602819_zpid	11221	949 Greene Ave, Brooklyn, NY 11221	40.69112	-73.929368	0.159760650946	10	0.261616904948	3	0.251732988167	2	4	2	2700	1199000	0	2178	1899	207	78	100	133	126	54	35	16	41	58	37	289
30780717_zpid	30780717_zpid	11234	18 Georgetown Ln, Brooklyn, NY 11234	40.622532	-73.914368	0.357622030603	5	0.72288767506	1	2.88597578369	0	3	2.5	1650	625000	1	1655	1996	84	12	36	44	16	192	112	92	84	24	28	404
30729386_zpid	30729386_zpid	11214	2341 82nd St, Brooklyn, NY 11214	40.602358	-73.987954	0.331694112893	8	0.317928757536	6	0.4980444907	3	4	1	2400	980000	26	3000	1920	98	16	25	39	33	55	37	32	19	8	6	113
30794202_zpid	30794202_zpid	11229	109 Eaton Ct, Brooklyn, NY 11229	40.589596	-73.92448	0.190490638031	2	1.29608153905	0	2.52656358205	0	3	1	1059	389000	0	1800	1925	1	6	1	17	0	1	31	11	22	1	4	36
30690269_zpid	30690269_zpid	11220	819 Bay Ridge Ave, Brooklyn, NY 11220	40.630167	-74.014145	0.118676413642	9	0.240046857991	5	0.567999628566	1	3	2	3300	160000	260	2517	1920	14	5	9	15	4	25	26	9	5	3	0	38
30572034_zpid	30572034_zpid	11231	410 Degraw St, Brooklyn, NY 11231	40.6820762	-73.991363	0.372263198311	14	0.289631773752	2	0.291995372472	2	4	3	2750	2600000	5	1667	1899	9	35	6	32	10	13	31	27	18	4	2	103
30640366_zpid	30640366_zpid	11207	543 Miller Ave, Brooklyn, NY 11207	40.667414	-73.889591	0.271156593413	7	0.497311534095	7	0.223520515383	4	5	2	1620	20000	28	2565	1901	183	21	131	125	128	26	42	11	59	63	20	241
30015336_zpid	30015336_zpid	11201	225 Adams St APT 14D, Brooklyn, NY 11201	40.6974292	-73.988221	0.110328698731	15	0.133666257093	4	0.349289685736	8	3	2	2914	257000	19	24393.600000000002	1900	22	65	11	20	14	2	45	12	18	7	3	117
30694129_zpid	30694129_zpid	11209	465 73rd St, Brooklyn, NY 11209	40.631472	-74.022538	0.0845471901467	15	0.248558341234	5	0.316434814906	2	7	3	2970	992000	18	2000	1905	54	33	38	49	24	35	48	42	24	15	6	153
29822737_zpid	29822737_zpid	10467	2710 Cruger Ave, Bronx, NY 10467	40.865924	-73.866043	0.1695955269	11	0.136532193867	6	0.122734970126	2	6	2	1690	92500	248	2500	1925	373	25	158	167	164	32	29	17	45	57	31	236
30787792_zpid	30787792_zpid	11234	446 Mayfair Dr S, Brooklyn, NY 11234	40.60778	-73.907504	1.00143619265	0	1.06524766798	0	4.20020093046	0	4	2	2310	849000	0	4293	1960	2	4	2	5	0	8	7	14	14	3	1	25
30743305_zpid	30743305_zpid	11229	2078 E 22nd St, Brooklyn, NY 11229	40.6004999	-73.949915	0.133558567561	2	0.401883767564	5	0.525571032869	2	7	3	2600	250100	188	3000	1930	86	36	29	30	42	75	54	20	28	13	8	169
64701228_zpid	64701228_zpid	11233	2110 Dean St, Brooklyn, NY 11233	40.674874	-73.917743	0.196812239312	2	0.471198881083	4	0.535194132031	2	5	3	2598	313016	133	2144	2003	188	15	115	107	75	23	34	17	51	43	31	180
83048061_zpid	83048061_zpid	11233	275 Hull St, Brooklyn, NY 11233	40.6802376	-73.9061276	0.305006792132	4	0.368461631748	3	0.15931341664	9	4	2	4000	875000	9	2565	2006	436	52	384	464	252	48	104	28	124	176	48	452
30714575_zpid	30714575_zpid	11228	1540 Cropsey Ave, Brooklyn, NY 11228	40.605599	-74.01362	0.231320540949	5	0.620849839894	1	1.03800455277	0	7	4	3300	1180000	16	2450	1920	8	4	2	8	1	14	21	22	16	1	5	41
30659562_zpid	30659562_zpid	11203	205 E 35th St, Brooklyn, NY 11203	40.650279	-73.9443919	0.23983277622	4	0.326483556152	4	0.442232336271	2	5	2.5	1245	370000	80	1860	1910	564	84	428	388	336	264	60	36	104	136	44	492
29828468_zpid	29828468_zpid	10469	1030 E 222nd St, Bronx, NY 10469	40.882423	-73.852267	0.267062683138	4	0.320409495546	2	0.893277076993	0	3	2.5	1560	307600	24	20	1955	62	16	25	27	27	41	6	6	19	11	3	57
30642862_zpid	30642862_zpid	11208	444 Ridgewood Ave, Brooklyn, NY 11208	40.685246	-73.8724019	0.194611053588	5	0.117717753439	4	0.256536139675	2	4	3	2508	463500	11	1742	1920	108	41	67	97	54	76	42	16	68	48	8	218
30598102_zpid	30598102_zpid	11233	2280 Atlantic Ave, Brooklyn, NY 11233	40.675962	-73.909863	0.138755432775	7	0.140555208802	3	0.291891278467	6	7	6	1536	500000	100	1655	1901	211	20	126	170	112	40	32	22	54	71	30	193
29785291_zpid	29785291_zpid	10458	749 E 183rd St, Bronx, NY 10458	40.8517254	-73.8838103	0.249780052533	9	0.300474157802	2	1.22351606718	0	9	8	4148	420000	1	3101	1930	299	61	95	122	120	13	15	8	33	51	14	179
30651140_zpid	30651140_zpid	11212	139 E 96th St, Brooklyn, NY 11212	40.662984	-73.9232169	0.148478068155	10	0.147807539029	7	0.202002631793	2	2	1	3198	410000	142	2500	1930	491	22	181	195	163	41	27	11	42	71	24	286
30693447_zpid	30693447_zpid	11209	629 71st St, Brooklyn, NY 11209	40.6306985	-74.0181783	0.238871300808	12	0.431858473136	7	0.628492642094	2	2	1	1257	520000	32	729	1930	10	12	7	20	5	20	27	32	17	1	2	74
30613410_zpid	30613410_zpid	11238	35 Lexington Ave, Brooklyn, NY 11238	40.6867469	-73.960875	0.45979793153	10	0.446951848785	7	0.246237640378	3	3	2	1610	1775500	14	2000	1899	468	516	272	376	244	132	188	64	200	72	116	612
30730013_zpid	30730013_zpid	11214	29 Bay 40th St, Brooklyn, NY 11214	40.5967119	-73.986872	0.118386799434	10	0.0898493879258	6	0.110499857755	2	2	2	1200	550000	59	1740	1950	15	11	9	9	6	21	26	16	13	5	2	58
55677155_zpid	55677155_zpid	11207	509 Alabama Ave, Brooklyn, NY 11207	40.663545	-73.896368	0.450543995915	4	0.176129993209	9	0.173763076514	5	3	2	1296	315000	32	1800	2000	209	13	110	111	118	29	40	13	36	42	15	212
30759686_zpid	30759686_zpid	11210	1052 E 42nd St, Brooklyn, NY 11210	40.629211	-73.936002	0.567952368462	4	0.748292125378	1	1.06295200931	0	3	1	1530	413400	68	20	1930	28	1	15	22	10	27	17	15	14	5	8	59
30647469_zpid	30647469_zpid	11207	540 Hegeman Ave, Brooklyn, NY 11207	40.6598102	-73.891384	0.318469447016	3	0.264100843367	5	0.613490199886	3	3	5	2280	105000	134	1900	1930	168	17	98	89	85	23	41	11	38	55	11	184
82816193_zpid	82816193_zpid	10460	1937 Southern Blvd, Bronx, NY 10460	40.8422093	-73.8857479	0.132897613701	11	0.226182335754	4	0.52512063554	2	1	1	2700	15000	3	1193	2007	1248	80	568	520	568	108	84	32	164	172	96	876
30775223_zpid	30775223_zpid	11236	1317 E 94th St, Brooklyn, NY 11236	40.639261	-73.899509	0.316039001717	6	0.295341592818	2	0.846406906698	0	5	2.5	2208	400000	135	3100	1960	49	19	22	25	14	52	25	14	15	13	7	86
30628102_zpid	30628102_zpid	11221	970 Madison St, Brooklyn, NY 11221	40.688771	-73.918906	0.112001539272	8	0.329608226205	5	0.299620003072	2	3	2	3752	575000	32	1875	1901	189	59	96	142	89	42	32	7	55	52	43	206
30737483_zpid	30737483_zpid	11223	2202 W 7th St, Brooklyn, NY 11223	40.5940202	-73.9782714	0.319497252669	4	0.116835737486	2	0.144668615769	5	3	3	2724	780000	12	1472	1925	128	56	28	104	44	176	88	156	108	24	24	292
94716746_zpid	94716746_zpid	11207	560 Van Siclen Ave, Brooklyn, NY 11207	40.665886	-73.88888	0.394810602	8	0.339017017693	8	0.0468372557291	3	5	3	3545	445000	55	1900	2010	250	23	154	146	146	33	39	10	66	75	22	263
30675234_zpid	30675234_zpid	11218	448 E 9th St, Brooklyn, NY 11218	40.637645	-73.96987	0.41682294133	10	0.20805894569	9	0.623349602806	3	4	2.5	1540	300000	106	2000	1920	844	188	360	356	208	300	164	168	100	88	40	792
30713569_zpid	30713569_zpid	11228	8793 14th Ave, Brooklyn, NY 11228	40.608682	-74.015551	0.408644659065	4	0.677649505318	1	1.17033114713	0	3	2	1802	750000	45	2449	1935	7	7	3	9	2	17	23	22	18	1	5	47
30750485_zpid	30750485_zpid	11210	865 E 21st St, Brooklyn, NY 11210	40.632452	-73.956293	0.474403265108	8	0.610154471154	3	0.573980329249	3	5	3.5	2229	75000	297	4000	1915	39	14	23	31	32	23	13	12	16	7	3	62
