30641614_zpid	30641614_zpid	11208	58 Hemlock St, Brooklyn, NY 11208	40.6884469	-73.872525	0.253438101889	6	0.168246390693	5	0.166335837393	3	7	3	2760	488000	20	1668	1920	76	29	50	67	36	61	33	15	40	30	5	143
30579594_zpid	30579594_zpid	11220	448 59th St, Brooklyn, NY 11220	40.640483	-74.016756	0.164145991659	9	0.140989228498	7	0.13640028772	2	5	2.5	2640	1350000	5	2003	1915	608	240	216	280	208	112	232	144	188	108	24	836
30785967_zpid	30785967_zpid	11234	2055 E 38th St, Brooklyn, NY 11234	40.609822	-73.928493	0.17812768029	2	0.903196364091	0	2.48130820608	0	3	2.5	1320	665000	8	2000	1925	12	44	8	20	4	72	108	92	84	0	20	260
30656423_zpid	30656423_zpid	11203	539 E 55th St, Brooklyn, NY 11203	40.644309	-73.924447	0.180794052225	3	0.812205137565	0	1.92640547178	0	3	2.5	1633	382000	23	1800	1940	96	20	17	17	17	21	34	4	8	8	5	80
30601355_zpid	30601355_zpid	11233	1381 Herkimer St, Brooklyn, NY 11233	40.677535	-73.907635	0.266970455916	4	0.251369088751	3	0.285439008359	8	4	2.5	1650	550000	24	1280	1899	178	19	123	160	107	35	32	16	50	70	26	172
79725960_zpid	79725960_zpid	11233	56 Mother Gaston Blvd, Brooklyn, NY 11233	40.68002	-73.908658	0.23909809892	5	0.285728526055	4	0.246537802789	8	8	4	2932	290000	29	1200	2005	176	18	139	155	109	33	35	12	45	67	22	164
30781744_zpid	30781744_zpid	11234	2050 E 61st St, Brooklyn, NY 11234	40.615467	-73.9156299	0.238365582858	6	0.561278386442	1	3.32476583339	0	3	3	1550	559000	0	2000	1960	32	36	32	24	12	100	76	28	72	4	12	264
30779275_zpid	30779275_zpid	11236	1471 E 99th St, Brooklyn, NY 11236	40.6353409	-73.88825	0.170825387834	7	0.333017744123	3	1.70461932767	0	3	3	1560	175000	255	2000	1960	19	10	16	11	1	19	11	12	13	5	1	52
30728566_zpid	30728566_zpid	11229	1872 E 23rd St, Brooklyn, NY 11229	40.604926	-73.949788	0.603699361216	4	0.702581055532	5	0.796475644773	0	3	2.5	1840	890000	127	1839	1920	75	16	27	30	32	66	61	27	25	7	2	124
29854491_zpid	29854491_zpid	10471	620 W 254th St, Bronx, NY 10471	40.902216	-73.908509	0.589659244776	4	0.513984163669	3	0.511814300326	1	5	3.75	2432	1625000	0	9700	1940	7	6	2	6	0	3	26	5	10	0	1	20
29844309_zpid	29844309_zpid	10465	3220 Watt Ave, Bronx, NY 10465	40.847856	-73.819952	0.895087576258	0	0.604448169437	1	0.824999634619	0	3	2	1990	565000	0	2665	1965	1	2	0	4	0	12	16	11	6	1	0	23
29813519_zpid	29813519_zpid	10462	1839 Muliner Ave, Bronx, NY 10462	40.847401	-73.861524	0.200397055849	7	0.207819994123	2	0.605034351939	1	5	3	2820	470000	16	24	1960	82	27	45	59	33	84	39	29	28	24	14	122
30727199_zpid	30727199_zpid	11229	2943 Quentin Rd, Brooklyn, NY 11229	40.610724	-73.943336	0.226001603767	3	0.561341238479	1	1.24471271105	0	3	3	1800	655000	20	22	1930	27	4	13	24	8	15	20	15	10	2	2	61
30662514_zpid	30662514_zpid	11203	588 E 40th St, Brooklyn, NY 11203	40.641131	-73.939238	0.382909828526	3	0.793215793668	0	0.785606655505	0	3	2	1344	335000	14	2000	1930	336	24	128	132	124	172	88	24	80	80	8	352
30789884_zpid	30789884_zpid	11235	59 Ide Ct, Brooklyn, NY 11235	40.5817059	-73.957798	0.216628280981	13	0.163035583212	8	0.537476929785	2	4	2	1088	320000	141	1600	1920	912	208	248	324	188	276	212	116	180	120	96	856
29824289_zpid	29824289_zpid	10469	2919 Tenbroeck Ave, Bronx, NY 10469	40.868342	-73.8530679	0.447676995463	6	0.567934346135	3	0.577886788968	1	3	1.5	1584	280900	27	2500	1950	30	12	26	20	11	53	24	13	29	12	4	86
30735592_zpid	30735592_zpid	11223	2050 W 4th St, Brooklyn, NY 11223	40.597466	-73.976026	0.11382333245	3	0.13559671645	4	0.262958102123	4	2	3	1440	660000	27	2000	1930	39	22	11	37	8	54	23	53	29	3	6	103
30604973_zpid	30604973_zpid	11233	414 Halsey St, Brooklyn, NY 11233	40.682963	-73.937465	0.209721112038	9	0.288491403717	8	0.443527282304	2	4	5	3148	1475000	5	1633	1899	41	18	25	40	20	5	19	2	10	10	5	58
29781768_zpid	29781768_zpid	10457	247 Mount Hope Pl, Bronx, NY 10457	40.848272	-73.904303	0.108718873347	11	0.110510526615	8	0.250396254716	5	4	2	3600	197000	3	2003	1899	383	73	207	208	208	29	22	14	74	61	29	277
30740512_zpid	30740512_zpid	11235	2880 Brighton 6th St, Brooklyn, NY 11235	40.581842	-73.9631567	0.0758975745745	9	0.291103714639	5	0.491414175115	1	8	3	1800	665600	19	2890	1930	264	144	176	280	92	280	204	128	136	76	88	692
94716339_zpid	94716339_zpid	11208	194 Fountain Ave, Brooklyn, NY 11208	40.675406	-73.8756551	0.214890242254	8	0.148158861551	5	0.299654765546	2	7	5	3640	1700	8	2000	2009	672	80	352	404	284	220	200	32	172	196	64	772
30673560_zpid	30673560_zpid	11218	1416 35th St, Brooklyn, NY 11218	40.64103	-73.981405	0.137476248448	9	0.208709359879	10	0.365550893624	2	3	1	1000	750000	29	2003	1910	344	112	164	200	160	256	268	216	68	60	36	808
30568226_zpid	30568226_zpid	11201	136 Atlantic Ave, Brooklyn, NY 11201	40.6902919	-73.9953682	0.0203913603947	16	0.109201214821	4	0.499199750962	6	9	5	4620	3800000	10	1686	1931	62	97	28	68	17	32	75	49	36	12	6	215
30631977_zpid	30631977_zpid	11212	140 Tapscott St, Brooklyn, NY 11212	40.664315	-73.92039	0.144715308593	9	0.145843129882	7	0.203592720624	2	7	4	3520	276000	158	2200	1930	387	17	132	119	117	37	40	12	40	55	21	209
30692787_zpid	30692787_zpid	11219	1044 Bay Ridge Ave, Brooklyn, NY 11219	40.626818	-74.00954	0.152770292537	7	0.328930100142	6	0.619540244309	1	4	4	3091	1400000	5	2483	1925	92	36	24	48	12	64	64	104	32	4	12	256
29813866_zpid	29813866_zpid	10461	2530 Poplar St, Bronx, NY 10461	40.8439639	-73.8489932	0.160618514518	9	0.366391833198	3	0.677616441568	1	3	1.5	1732	338000	68	2874	1895	122	18	37	48	21	43	33	25	27	11	7	140
30638139_zpid	30638139_zpid	11207	188 Ashford St, Brooklyn, NY 11207	40.678102	-73.88641	0.134100455875	9	0.19848825668	6	0.254039886367	5	7	3.5	1964	150000	312	2482	1901	49	21	44	54	35	61	34	16	38	21	4	118
30626481_zpid	30626481_zpid	11237	253 Wilson Ave, Brooklyn, NY 11237	40.6981722	-73.9208503	0.0870240084652	13	0.383950081003	7	0.11064696489	3	2	1	4650	200000	258	2125	1931	179	74	111	170	118	25	20	12	70	70	24	246
30604142_zpid	30604142_zpid	11221	704 Putnam Ave, Brooklyn, NY 11221	40.6856859	-73.933623	0.191905488446	7	0.315783443569	5	0.74494916801	1	4	4	3640	1800000	0	2000	1899	147	26	67	118	63	26	27	8	24	41	23	162
30573241_zpid	30573241_zpid	11231	244 Van Brunt St, Brooklyn, NY 11231	40.680807	-74.009201	0.140177616174	8	0.272829269242	4	1.22164418822	0	5	3	1938	92500	224	1605	1899	17	33	14	20	12	7	20	19	7	9	3	73
30664419_zpid	30664419_zpid	11226	14 Parkside Ct, Brooklyn, NY 11226	40.656148	-73.960635	0.0990993793019	11	0.0911423677853	4	0.119812008166	3	3	1	3672	355000	139	1700	1910	1052	200	524	616	476	72	96	80	148	156	48	744
30770651_zpid	30770651_zpid	11236	2 Beach Pl, Brooklyn, NY 11236	40.6348794	-73.9020969	0.344688364706	7	0.513293018917	2	1.31090838671	0	3	1	1280	268000	146	1560	1925	49	17	25	27	11	53	21	8	21	11	9	90
30785939_zpid	30785939_zpid	11234	2032 E 38th St, Brooklyn, NY 11234	40.609944	-73.929416	0.113320624708	2	0.828365675278	0	2.40416998009	0	3	2	1536	600000	14	2000	1930	8	44	16	12	8	64	104	96	84	0	12	228
30705534_zpid	30705534_zpid	11228	1571 Bay Ridge Pkwy, Brooklyn, NY 11228	40.616753	-74.00104	0.0937360022466	11	0.300932212805	5	0.363829994625	2	4	4	2400	650000	141	2700	1915	32	12	32	44	32	120	60	120	36	8	4	208
30770467_zpid	30770467_zpid	11236	8412 Avenue K, Brooklyn, NY 11236	40.634105	-73.906151	0.480657439831	8	0.563876367962	2	1.44341862346	0	4	2	2350	265000	6	1999	1960	45	7	16	26	9	79	26	11	29	9	10	83
30780699_zpid	30780699_zpid	11234	32 Bergen Beach Pl, Brooklyn, NY 11234	40.621887	-73.914707	0.282569161184	5	0.684051894912	1	2.96327854636	0	3	4	2886	685000	1	2882	1998	72	20	20	40	12	192	112	88	84	16	36	388
29853600_zpid	29853600_zpid	10471	5902 Delafield Ave, Bronx, NY 10471	40.9068989	-73.9029466	0.0877246324752	4	0.160814767049	3	0.995078552757	0	3	2.5	2706	715000	16	3325	1930	13	13	3	9	6	19	34	8	16	4	7	52
30736496_zpid	30736496_zpid	11223	2338 Coney Island Ave, Brooklyn, NY 11223	40.5999612	-73.9614914	0.228495589567	10	0.215438350921	6	0.475872826835	2	2	5	5200	1500000	0	2595	1931	26	17	12	24	8	25	19	12	8	3	3	57
29851406_zpid	29851406_zpid	10475	3437 Mc Owen Ave, Bronx, NY 10475	40.886857	-73.818084	0.889398176014	0	0.624080154848	1	1.08495929029	0	4	3	2350	630000	105	5000	1970	0	0	0	1	0	2	2	4	0	0	1	4
30793874_zpid	30793874_zpid	11229	28 Knight Ct, Brooklyn, NY 11229	40.590623	-73.929656	0.428697053847	3	0.847635829087	0	2.11219314078	0	2	1.5	1182	290000	11	3570	1945	1	4	1	7	1	1	19	4	13	2	3	17
30653067_zpid	30653067_zpid	11203	179 E 55th St, Brooklyn, NY 11203	40.653577	-73.92545	0.201810361849	10	0.174322246105	4	1.16715607419	0	3	2	1260	295000	0	1999	1910	167	25	64	76	77	67	32	12	24	35	18	166
30645081_zpid	30645081_zpid	11208	508 Hemlock St, Brooklyn, NY 11208	40.676658	-73.869622	0.106146539414	9	0.123294447415	8	0.25360276077	2	5	2.5	2200	250000	147	2000	1910	187	27	102	108	62	67	47	13	96	45	15	243
30691355_zpid	30691355_zpid	11220	6665 Bergen Pl, Brooklyn, NY 11220	40.63908	-74.028169	0.274682724062	8	0.363341952002	3	0.611145655127	1	5	3	2940	850000	118	2914	1940	38	15	25	26	16	24	22	31	7	10	2	55
30679510_zpid	30679510_zpid	11204	2033 58th St, Brooklyn, NY 11204	40.620147	-73.980639	0.230288022705	4	0.718160114346	1	0.45941285337	3	3	1.5	816	925000	0	1999	1925	11	8	4	15	4	30	31	33	22	4	5	61
30639057_zpid	30639057_zpid	11208	182 Atkins Ave, Brooklyn, NY 11208	40.674597	-73.879202	0.258290406905	8	0.19615970296	4	0.140653713975	2	7	3	2700	629000	0	1026	1910	172	28	100	112	84	52	43	16	42	61	23	208
30584747_zpid	30584747_zpid	11215	138 9th St, Brooklyn, NY 11215	40.6722517	-73.9930776	0.426928682762	11	0.479953946178	3	0.344234349674	3	4	3	1700	779000	0	1206	1899	56	152	48	104	28	96	128	92	60	36	20	328
30693002_zpid	30693002_zpid	11209	7012 Ridge Crest Ter, Brooklyn, NY 11209	40.6360904	-74.0310406	0.185217327324	10	0.308873447591	4	0.659363906481	1	3	3	1900	909000	0	1983	1910	119	11	23	34	26	40	22	94	19	9	3	105
30641605_zpid	30641605_zpid	11208	28 Hemlock St, Brooklyn, NY 11208	40.689182	-73.8727059	0.304454730089	7	0.172651423309	5	0.0855101084908	3	5	2	3000	295000	48	1740	1935	288	76	176	244	120	220	120	52	124	100	16	488
30728768_zpid	30728768_zpid	11229	1860 E 27th St, Brooklyn, NY 11229	40.6055769	-73.946063	0.303256863157	2	0.658108981567	2	1.05137266704	0	3	3	1920	850000	24	3000	1940	40	44	20	64	16	132	124	112	88	4	4	336
79530780_zpid	79530780_zpid	10459	796 Freeman St, Bronx, NY 10459	40.830047	-73.8983538	0.249729500047	6	0.273163363708	10	0.549018362191	1	8	7	3255	642000	111	1488	2005	156	79	87	108	90	18	14	4	22	43	19	138
30735577_zpid	30735577_zpid	11223	2020 W 4th St, Brooklyn, NY 11223	40.5982879	-73.97618	0.186509665316	4	0.196896846159	4	0.265891647411	5	4	3	1440	925000	0	2000	1930	22	20	12	31	11	57	23	57	24	3	7	101
30624505_zpid	30624505_zpid	11206	128 Manhattan Ave, Brooklyn, NY 11206	40.706909	-73.944557	0.140185247486	15	0.398352544347	6	0.407808822824	4	3	1.5	3750	210000	199	2500	1920	80	179	42	59	43	12	39	9	25	15	9	157
30788299_zpid	30788299_zpid	11234	2272 E 66th St, Brooklyn, NY 11234	40.614247	-73.90795	0.337510040402	3	0.355234651535	1	3.64415435439	0	3	3	1908	284000	198	5117	1960	1	15	5	5	5	12	11	10	11	1	1	50
30748475_zpid	30748475_zpid	11235	2427 Coyle St, Brooklyn, NY 11235	40.593611	-73.935453	0.0638546463833	8	0.434441094228	3	1.67580552164	0	5	3	2244	668470	108	2000	1955	6	12	9	2	5	3	7	10	5	2	1	51
30774683_zpid	30774683_zpid	11236	946 E 102nd St, Brooklyn, NY 11236	40.645105	-73.8961659	0.422909338309	6	0.46480832488	1	0.510126793078	2	5	3	2160	649900	0	2000	1960	63	7	30	22	20	48	18	7	18	17	10	104
30737404_zpid	30737404_zpid	11223	2156 E 9th St, Brooklyn, NY 11223	40.596799	-73.962126	0.190926752694	9	0.174855499605	7	0.59319022467	2	6	3	3348	630000	71	4000	1925	128	76	44	96	44	92	128	56	36	20	16	220
30701440_zpid	30701440_zpid	11209	9319 Lafayette Walk, Brooklyn, NY 11209	40.6174209	-74.0314804	0.161514032926	11	0.0494280144345	5	0.140120220205	2	2	2	910	749000	0	1021	1925	121	41	32	37	31	79	48	29	6	12	8	183
30692164_zpid	30692164_zpid	11220	333 Bay Ridge Ave, Brooklyn, NY 11220	40.63552	-74.0249539	0.160298699041	14	0.121346333934	4	0.146748159309	2	7	4	2000	700000	30	2000	1915	192	132	120	132	84	100	116	104	40	56	24	376
30747520_zpid	30747520_zpid	11229	2339 Bragg St, Brooklyn, NY 11229	40.595581	-73.934854	0.173224646899	9	0.544231872304	3	1.71690486803	0	4	2	1540	529000	6	2831	1955	8	17	0	6	1	9	17	5	17	3	2	39
29845500_zpid	29845500_zpid	10465	260 Hollywood Ave, Bronx, NY 10465	40.8184929	-73.814262	0.26231673858	4	0.321618277577	1	3.38060808195	0	5	3	1740	470000	17	3315	1925	6	9	1	9	5	17	20	11	12	5	10	61
30702633_zpid	30702633_zpid	11219	1268 Bay Ridge Ave, Brooklyn, NY 11219	40.623811	-74.004564	0.09761503507	7	0.281795822611	3	0.672938778366	3	9	4	2660	807500	117	2400	1925	168	28	44	64	20	144	140	144	48	12	52	304
30737864_zpid	30737864_zpid	11223	11 Stryker St, Brooklyn, NY 11223	40.5935563	-73.9723623	0.357296195343	6	0.530562311975	2	0.291436717723	4	5	5	3000	890000	11	1933	1920	228	40	68	132	40	188	128	160	108	24	24	496
62648865_zpid	62648865_zpid	11214	1638 76th St, Brooklyn, NY 11214	40.614919	-74.000625	0.161363425476	12	0.0954854055244	4	0.157856127148	2	8	3	3320	1688000	0	2950	2002	28	5	9	17	6	14	14	18	8	6	5	75
29825210_zpid	29825210_zpid	10467	3233 Olinville Ave, Bronx, NY 10467	40.872455	-73.8685859	0.123492892443	8	0.169163042784	5	0.171152243088	3	7	2	2000	460000	6	3125	1920	208	28	78	80	86	32	21	9	34	32	16	161
30583437_zpid	30583437_zpid	11215	337 1st St, Brooklyn, NY 11215	40.673767	-73.981328	0.114452402206	13	0.270423626671	6	0.422749302166	2	6	3.5	3762	3350000	24	1800	1901	68	80	26	46	26	27	48	43	28	14	22	201
30629954_zpid	30629954_zpid	11207	1162 Halsey St, Brooklyn, NY 11207	40.690357	-73.910312	0.157701189971	9	0.668845904045	2	0.55783934052	2	6	4	3240	325000	29	1742	1925	464	124	344	440	324	88	96	68	160	228	84	792
30740365_zpid	30740365_zpid	11235	2609 Hubbard St, Brooklyn, NY 11235	40.5867195	-73.9627135	0.218804686967	9	0.619749562708	2	0.723788395186	1	2	2	1632	605000	17	1600	1930	120	52	56	76	40	156	176	104	72	28	24	312
30777707_zpid	30777707_zpid	11236	10543 Flatlands 6th St, Brooklyn, NY 11236	40.642422	-73.887022	0.761320728345	0	0.554857479355	3	1.33812399941	0	4	3	2346	569000	70	4167	1971	11	2	8	8	9	7	12	4	9	4	3	38
112507738_zpid	112507738_zpid	11236	929 E 84TH St, Brooklyn, NY 11236	40.636947	-73.9094779	0.0576074408046	6	0.22323455265	2	1.25809274437	0	3	2	280	100000	120	2000	1930	168	28	76	72	40	320	120	52	120	60	44	404
30651314_zpid	30651314_zpid	11203	23 E 55th St, Brooklyn, NY 11203	40.657768	-73.925888	0.312175742264	13	0.478457959991	6	0.822845438326	0	5	3.5	2592	162500	19	2224	1935	144	18	56	59	67	54	21	11	16	23	13	114
30683701_zpid	30683701_zpid	11218	1358 41st St, Brooklyn, NY 11218	40.638457	-73.986191	0.197614236105	4	0.228310838627	7	0.720341207936	2	7	4	1400	1045000	16	2003	1930	80	48	96	116	52	140	148	124	24	24	4	344
30736183_zpid	30736183_zpid	11223	2145 E 4th St, Brooklyn, NY 11223	40.598006	-73.967562	0.364656105023	4	0.405698113891	3	0.535454460075	2	3	1.5	1344	1489000	0	1800	1910	160	48	44	112	44	128	120	244	80	20	12	312
30593043_zpid	30593043_zpid	11216	439 Eastern Pkwy, Brooklyn, NY 11216	40.670473	-73.953791	0.293046189821	14	0.357890062686	3	0.267435044735	5	6	3	2856	1499000	0	2012	1899	173	54	103	106	98	14	24	4	26	36	21	162
30684933_zpid	30684933_zpid	11219	4709 Fort Hamilton Pkwy, Brooklyn, NY 11219	40.63893	-73.996247	0.265595532727	7	0.371090972191	9	0.275458000977	2	4	4	3240	940000	21	1872	1910	300	68	176	276	224	152	288	248	152	84	32	636
30740029_zpid	30740029_zpid	11223	28 Manhattan Ct, Brooklyn, NY 11223	40.587789	-73.966855	0.377657105688	5	0.448498937877	1	0.657532871524	1	3	1	1831	650000	19	1800	1960	204	40	36	60	16	64	104	96	44	4	20	228
30793233_zpid	30793233_zpid	11229	3192 Avenue W, Brooklyn, NY 11229	40.59686	-73.930484	0.532498711567	5	0.571816023742	1	2.09358879524	0	2	1	826	143000	231	1760	1920	15	15	1	7	2	7	19	8	17	3	2	36
29825841_zpid	29825841_zpid	10467	3311 Olinville Ave, Bronx, NY 10467	40.8735969	-73.8685409	0.196982772049	8	0.104623895741	4	0.275066446697	3	4	2	2236	400000	6	6969	1910	836	112	324	340	316	120	96	32	128	140	52	628
30781255_zpid	30781255_zpid	11234	1436 E 63rd St, Brooklyn, NY 11234	40.618698	-73.916529	0.0863034112244	7	0.622971078762	1	3.0638326407	0	3	2.5	18	349818	65	30	1920	12	8	6	7	4	22	21	10	23	3	5	101
29790464_zpid	29790464_zpid	10473	155 Pugsley Ave, Bronx, NY 10473	40.809263	-73.852411	0.638912892829	1	1.27845671234	0	2.75991845897	0	4	2	1669	150000	207	5571	1925	18	9	18	14	8	13	14	14	8	8	3	47
30780484_zpid	30780484_zpid	11234	7221 Avenue M, Brooklyn, NY 11234	40.625652	-73.911838	0.765278874551	0	0.763575695815	0	2.48552469351	0	6	2	2509	350000	7	2125	1970	72	12	28	28	12	176	44	76	52	16	24	252
30580574_zpid	30580574_zpid	11218	575 20th St, Brooklyn, NY 11218	40.6550439	-73.981016	0.415008381667	8	0.350145809667	3	0.630231234185	2	5	3	3000	1350000	19	2003	1930	1	7	8	7	4	9	11	14	7	0	2	26
30673014_zpid	30673014_zpid	11218	167 E 8th St, Brooklyn, NY 11218	40.646228	-73.971654	0.122625302314	12	0.683084336207	2	0.527708746133	3	6	4	3000	275550	19	1620	1910	134	37	49	66	53	36	29	30	27	23	7	159
30661417_zpid	30661417_zpid	11203	518 E 35th St, Brooklyn, NY 11203	40.642333	-73.944119	0.172854761678	4	0.365748099086	4	0.448116030392	2	3	2.5	1392	379000	33	2000	1920	130	8	83	73	75	44	19	6	21	27	9	111
30642191_zpid	30642191_zpid	11208	119 Euclid Ave, Brooklyn, NY 11208	40.685744	-73.874455	0.19289549031	6	0.229140140116	5	0.289444237811	3	7	3	3000	775000	0	2000	1920	99	37	62	86	57	65	35	17	64	43	9	184
83178457_zpid	83178457_zpid	10458	508 E 184th St, Bronx, NY 10458	40.8551732	-73.8914827	0.0790958425976	11	0.2925022867	5	0.704947579511	1	9	4	3800	451000	6	4356	2005	1444	260	600	676	648	76	124	44	148	224	92	1020
30778250_zpid	30778250_zpid	11236	1531 E 94th St, Brooklyn, NY 11236	40.635015	-73.894778	0.321071127345	7	0.27251324218	4	1.42672914738	0	3	1.75	1200	385000	10	2000	1960	33	15	20	24	4	53	21	16	15	11	0	75
30597404_zpid	30597404_zpid	11213	1600 President St, Brooklyn, NY 11213	40.666939	-73.934967	0.23690764214	13	0.290800170238	11	0.277025453213	2	3	2	2726	805000	22	2280	1901	656	53	270	263	251	54	47	22	53	91	53	367
30755141_zpid	30755141_zpid	11234	1476 E 35th St, Brooklyn, NY 11234	40.6179599	-73.940675	0.53314153432	3	0.0377391184321	4	1.58262071885	0	4	3.5	2394	725000	21	5525	1945	96	48	64	76	40	120	80	76	96	24	12	352
30673354_zpid	30673354_zpid	11218	827 Beverley Rd, Brooklyn, NY 11218	40.64392	-73.970802	0.101485966282	12	0.416287676563	4	0.533583911304	3	6	2	2400	1125000	15	4400	1910	133	42	46	68	41	43	28	22	27	15	8	174
111206999_zpid	111206999_zpid	11212	59 Tapscott St, Brooklyn, NY 11212	40.6664552	-73.9205061	0.219458241786	8	0.188063257622	6	0.266099950594	2	6	4.5	3400	450000	57	1481	2010	249	16	77	83	73	31	27	10	37	37	9	156
29845893_zpid	29845893_zpid	10465	1032 Clarence Ave, Bronx, NY 10465	40.834909	-73.818446	0.161741921056	2	0.174895799383	1	1.78038614888	0	3	2	1692	374000	12	1711	1950	4	3	7	8	7	10	21	13	11	4	3	38
30621919_zpid	30621919_zpid	11222	59 Hausman St, Brooklyn, NY 11222	40.72546	-73.939061	0.235350603063	6	0.488156678856	1	1.03466704776	0	1	1	2772	900000	15	2000	1901	20	15	14	24	11	10	27	21	20	5	12	99
30591629_zpid	30591629_zpid	11213	871 Saint Marks Ave, Brooklyn, NY 11213	40.675118	-73.942914	0.129974574034	11	0.495273799806	8	0.562136644181	3	9	5	6420	1300000	44	3539	1899	266	57	121	118	100	20	23	5	37	54	19	234
30789334_zpid	30789334_zpid	11235	2952 Brighton 8th St, Brooklyn, NY 11235	40.5804093	-73.9610395	0.125820430683	11	0.0954069737232	5	0.306174966855	1	2	1	692	125000	129	1742	1910	872	232	276	372	216	328	228	124	196	136	104	1048
30740478_zpid	30740478_zpid	11235	2848 Brighton 4th St, Brooklyn, NY 11235	40.5817134	-73.9646774	0.202967913709	8	0.418856006151	7	0.53458200677	2	2	1	810	105000	35	1860	1910	260	144	172	268	100	276	156	100	124	68	88	652
30710114_zpid	30710114_zpid	11228	1329 84th St, Brooklyn, NY 11228	40.6149119	-74.011713	0.325313333769	3	0.486811277252	1	0.951299941102	0	3	2.5	1280	830000	6	2000	1920	8	15	2	16	1	26	43	22	20	7	3	51
30696285_zpid	30696285_zpid	11209	118 77th St, Brooklyn, NY 11209	40.630916	-74.0332339	0.420582479161	11	0.73977418532	2	0.665499197642	1	3	2	1376	855000	3	2296	1925	208	140	52	60	60	148	180	408	60	20	12	356
30779284_zpid	30779284_zpid	11236	1451 E 99th St, Brooklyn, NY 11236	40.635748	-73.888702	0.212933422506	7	0.315085065823	5	1.64540695193	0	3	3	1560	412000	63	2000	1960	17	10	18	11	2	17	10	11	13	5	1	55
30786184_zpid	30786184_zpid	11234	2072 Hendrickson St, Brooklyn, NY 11234	40.611066	-73.9257779	0.373500211014	2	1.06551296227	0	2.72050196799	0	3	2	1170	490000	58	2500	1930	6	10	4	7	4	30	27	18	17	4	8	84
30634407_zpid	30634407_zpid	11207	372 Miller Ave, Brooklyn, NY 11207	40.671697	-73.891267	0.152164946752	5	0.112453372282	5	0.134253697716	4	2	2	3100	484439	135	2500	2004	119	22	97	105	88	62	41	25	47	38	23	225
30777776_zpid	30777776_zpid	11236	10812 Flatlands 8th St, Brooklyn, NY 11236	40.641348	-73.883464	0.76224601764	0	0.623189746591	1	1.66152535238	0	4	2.5	2570	510000	42	3098	1965	4	0	8	4	2	2	10	2	8	3	1	21
29847517_zpid	29847517_zpid	10465	1012 Revere Ave # 1, Bronx, NY 10465	40.831077	-73.827479	0.0316944511874	4	0.574612003224	2	1.60640725609	0	5	3	3000	530000	47	2482	1960	11	15	6	13	4	13	27	16	11	2	6	50
29839582_zpid	29839582_zpid	10466	4422 Edson Ave, Bronx, NY 10466	40.899767	-73.84694	0.367706166278	2	0.55997513998	2	0.485393762247	2	6	4	1838	560000	5	2188	1930	57	6	25	27	21	32	33	10	21	8	4	65
30788527_zpid	30788527_zpid	11234	2539 E 63rd St, Brooklyn, NY 11234	40.609428	-73.910147	0.742327960867	1	0.871746787023	0	4.02932414003	0	3	3	1782	594750	19	1800	1960	2	5	2	5	2	18	9	24	20	2	1	31
30584508_zpid	30584508_zpid	11215	291 8th St, Brooklyn, NY 11215	40.669753	-73.985175	0.0708618213137	18	0.08550526479	4	0.29075491052	3	4	3	3850	315000	182	1833	1899	336	392	164	268	124	124	216	164	148	88	108	996
30643409_zpid	30643409_zpid	11208	257 Autumn Ave, Brooklyn, NY 11208	40.6839	-73.869958	0.203689149718	6	0.219929856848	7	0.332482094994	2	4	2	2140	425000	20	1750	1910	118	39	72	94	64	65	36	12	67	49	7	198
30669950_zpid	30669950_zpid	11230	624 E 19th St, Brooklyn, NY 11230	40.635343	-73.959767	0.192500340991	10	0.208698181374	7	0.257273724474	3	5	2.5	2800	880000	92	4500	1910	60	10	39	40	48	21	16	6	13	11	2	57
2105692643_zpid	2105692643_zpid	11211	227 Leonard St # 1, Brooklyn, NY 11211	40.711624	-73.947502	0.125808051029	11	0.0808672784917	5	0.303085751538	6	2	2	2500	2200000	0	1250	1930	47	122	32	54	33	31	48	12	20	10	10	196
30668749_zpid	30668749_zpid	11226	346 E 28th St, Brooklyn, NY 11226	40.641974	-73.950838	0.368780648283	8	0.226415172558	4	0.303222913049	2	6	3	2655	405000	132	2050	1899	357	110	160	172	141	74	44	13	32	73	21	299
59988080_zpid	59988080_zpid	10475	3408 Wright Ave, Bronx, NY 10475	40.880974	-73.8331089	0.683637200715	1	0.307920292384	4	0.437573170445	1	5	5	3300	385000	0	2178	2000	2	1	8	15	7	13	15	8	7	4	2	56
30793666_zpid	30793666_zpid	11229	12 Landis Ct, Brooklyn, NY 11229	40.588201	-73.926579	0.413716397113	2	1.15811261952	0	2.33572636308	0	2	1	1200	329000	0	1700	1925	1	3	1	16	0	1	28	10	19	1	3	35
29817462_zpid	29817462_zpid	10462	1941 Fowler Ave, Bronx, NY 10462	40.849867	-73.861285	0.27372888033	10	0.452804050668	4	0.505003940981	2	6	3	2499	540000	12	2469	1915	236	21	70	58	39	67	41	25	29	21	12	128
29790053_zpid	29790053_zpid	10473	623 Harding Park, Bronx, NY 10473	40.806271	-73.855844	1.04481065618	0	1.69335265085	0	2.97943553476	0	5	2	2794	127000	201	5070	1939	48	28	44	48	28	28	44	28	20	16	8	144
30625334_zpid	30625334_zpid	11221	159 Central Ave, Brooklyn, NY 11221	40.6992305	-73.9267919	0.0613263535828	17	0.130100900924	4	0.161200475875	3	2	1	4125	950000	41	2450	1931	98	45	42	66	39	37	16	13	29	29	16	143
30715388_zpid	30715388_zpid	11214	1407 Shore Pkwy, Brooklyn, NY 11214	40.5991447	-74.0062311	0.417843999844	5	0.525379899198	2	0.909555599184	0	6	6	3456	1380000	0	2278	1945	104	7	28	22	20	27	30	31	7	8	9	84
30665232_zpid	30665232_zpid	11225	69 Hawthorne St, Brooklyn, NY 11225	40.65761	-73.957993	0.191251869099	11	0.230288578875	6	0.392490687722	3	5	2	3600	1150000	12	2526	1920	375	103	166	133	154	20	36	16	54	42	12	215
