29821081_zpid	29821081_zpid	10469	2439 Esplanade Ave, Bronx, NY 10469	40.8623681	-73.8527051	0.554701437338	2	0.408103274258	3	0.454150521793	1	3	2.5	2281	632000	10	5684	1955	20	9	10	10	8	38	30	16	24	8	6	74
30625853_zpid	30625853_zpid	11221	69 Stockholm St, Brooklyn, NY 11221	40.696804	-73.9257669	0.241169526508	14	0.158745121945	7	0.180743195182	3	4	2	1056	234000	32	2500	1930	149	81	70	101	71	52	29	22	48	40	27	222
29788891_zpid	29788891_zpid	10467	3262 Decatur Ave, Bronx, NY 10467	40.8755949	-73.873882	0.120914681829	10	0.341801767704	4	0.364119787374	4	6	4	2395	399000	47	2395	1925	481	58	126	157	159	50	26	25	54	44	23	241
30625922_zpid	30625922_zpid	11237	311 Stockholm St, Brooklyn, NY 11237	40.703233	-73.919416	0.142901648675	15	0.0825776638088	5	0.10551847164	3	4	2	2290	110000	288	2500	1931	226	124	152	211	175	55	36	22	85	89	36	340
30670365_zpid	30670365_zpid	11218	643 17th St, Brooklyn, NY 11218	40.655471	-73.977006	0.292734103423	7	0.150725300588	2	0.623192624415	2	5	2.5	2836	1560000	12	3401	1985	24	48	48	48	20	76	56	72	40	0	8	152
30614163_zpid	30614163_zpid	11238	48 Madison St, Brooklyn, NY 11238	40.683694	-73.957179	0.23551588627	11	0.238950421768	4	0.323925158313	4	4	4	3000	802000	47	2000	1901	84	122	50	92	60	24	37	18	29	13	35	149
30682975_zpid	30682975_zpid	11204	1731 Bay Ridge Ave, Brooklyn, NY 11204	40.617899	-73.993817	0.141659039381	12	0.216241584316	6	0.421784183559	3	5	2.5	3036	980000	20	3100	1925	228	80	116	256	80	252	172	180	88	52	32	472
30606686_zpid	30606686_zpid	11233	17A Kane Pl, Brooklyn, NY 11233	40.677574	-73.923425	0.401626670807	4	0.134957417562	1	0.206966729812	2	4	3	2070	870000	2	1507	1901	452	108	292	336	228	64	108	24	136	156	84	644
30746392_zpid	30746392_zpid	11229	2223 E 28th St, Brooklyn, NY 11229	40.597499	-73.9429959	0.122153024308	6	0.2829760913	4	1.05841514458	0	2	2	1500	615000	2	1600	1940	16	15	11	11	9	18	34	25	21	3	5	93
30596279_zpid	30596279_zpid	11213	1470 Prospect Pl, Brooklyn, NY 11213	40.672924	-73.9276995	0.234873290678	8	0.56250567303	5	0.629986967654	1	2	1	2898	630000	8	1319	1945	262	36	147	153	141	38	19	5	31	60	23	242
30728231_zpid	30728231_zpid	11229	1876 E 13th St, Brooklyn, NY 11229	40.603718	-73.959602	0.526508022302	10	0.366707195295	6	0.572068212106	2	5	5	3360	1590000	0	3200	1975	97	23	34	35	30	56	22	17	16	11	5	119
30628092_zpid	30628092_zpid	11221	647 Knickerbocker Ave, Brooklyn, NY 11221	40.69554	-73.912172	0.144271060912	11	0.382201895356	4	0.460409374989	4	5	3	3000	998800	0	1807	1950	78	14	59	76	61	17	23	5	28	34	17	120
30626804_zpid	30626804_zpid	11221	23 Goodwin Pl, Brooklyn, NY 11221	40.691998	-73.923896	0.164191640518	10	0.12006020313	5	0.297192969249	3	6	3	2040	245000	11	2070	1901	872	228	372	540	424	188	164	68	248	192	128	1144
30625281_zpid	30625281_zpid	11221	894 Willoughby Ave, Brooklyn, NY 11221	40.696034	-73.932515	0.148741005103	11	0.326861483473	4	0.295588475272	3	9	3	3200	775000	6	2199	1940	340	324	140	236	208	120	108	64	80	124	108	648
30791753_zpid	30791753_zpid	11235	2749 E 23rd St, Brooklyn, NY 11235	40.5855441	-73.9449857	0.168811957838	7	0.750342297492	0	0.789637964899	0	6	2	2240	910000	8	4200	1901	35	10	11	30	5	38	22	26	23	4	5	92
29787777_zpid	29787777_zpid	10458	2756 Bainbridge Ave, Bronx, NY 10458	40.866843	-73.889787	0.257604010454	9	0.252339582373	10	0.313690437456	6	4	2	2970	372500	5	2970	1910	589	75	218	237	291	38	19	3	82	67	30	323
30754173_zpid	30754173_zpid	11210	1237 E 28th St, Brooklyn, NY 11210	40.620818	-73.947423	0.445451132018	2	0.148346479244	2	1.0728086879	0	4	2	2091	940000	4	2850	1925	23	4	3	15	5	38	30	9	20	1	1	56
30724035_zpid	30724035_zpid	11230	824 E 14th St, Brooklyn, NY 11230	40.629213	-73.963392	0.126022024036	7	0.457793999315	6	0.148237563365	3	8	3	3696	700000	26	4000	1905	78	26	49	44	53	62	46	54	25	13	10	139
30600856_zpid	30600856_zpid	11233	260 Macdougal St, Brooklyn, NY 11233	40.680164	-73.909775	0.241060900341	6	0.268827015201	5	0.20427559986	6	8	3	2970	835000	13	1800	1899	187	18	146	160	113	38	38	16	49	74	25	177
30666188_zpid	30666188_zpid	11226	176 Martense St, Brooklyn, NY 11226	40.65124	-73.953186	0.460220188301	10	0.148773147961	7	0.308160106685	2	5	2	2336	660000	19	2400	1915	516	79	250	249	250	100	39	20	67	84	22	395
30670987_zpid	30670987_zpid	11218	44 E 2nd St, Brooklyn, NY 11218	40.650879	-73.980079	0.288541219849	7	0.187077464716	3	0.383171420234	1	4	2.5	2250	645000	53	1785	1910	40	68	40	64	40	92	80	80	48	8	12	188
30592193_zpid	30592193_zpid	11216	865 Sterling Pl, Brooklyn, NY 11216	40.672752	-73.949837	0.0562672653477	12	0.0793500598789	3	0.343650920253	6	7	4	2528	1300000	11	1800	1903	1172	288	644	768	692	64	132	24	184	256	124	996
30657943_zpid	30657943_zpid	11226	367 Lenox Rd, Brooklyn, NY 11226	40.654549	-73.947379	0.200298396372	4	0.264090436659	4	0.367739896033	2	10	4.5	2231	545000	32	3702	1901	204	28	90	105	115	37	21	3	31	46	7	156
30773139_zpid	30773139_zpid	11236	1010 E 92nd St, Brooklyn, NY 11236	40.644174	-73.908588	0.0306670187637	3	0.796716838458	0	0.632545355668	1	4	1	2340	200000	49	19	1920	44	9	31	33	18	61	33	5	13	22	8	120
30581160_zpid	30581160_zpid	11232	729 41st St, Brooklyn, NY 11232	40.647154	-73.999691	0.176195925814	8	0.230006885024	8	0.463355629009	1	4	1	1240	780000	32	2504	1915	304	160	116	120	108	208	72	48	32	40	24	344
30656841_zpid	30656841_zpid	11225	588 E New York Ave, Brooklyn, NY 11225	40.661775	-73.943412	0.101219996845	6	0.0582239356254	8	0.637244292225	1	4	2	2160	490000	12	1800	1920	174	10	58	75	79	23	20	11	21	21	6	120
30696288_zpid	30696288_zpid	11209	124 77th St, Brooklyn, NY 11209	40.630867	-74.033012	0.409441192749	11	0.73155431987	2	0.64604858446	1	4	2	2208	902000	27	2308	1925	61	35	13	15	15	39	42	101	15	5	4	90
29853528_zpid	29853528_zpid	10471	5906 Spencer Ave, Bronx, NY 10471	40.906794	-73.899068	0.238297834023	4	0.239322296872	3	1.30502165897	0	6	2	2000	676250	3	3528	1950	11	8	5	11	6	18	28	11	16	2	7	51
30724036_zpid	30724036_zpid	11230	826 E 14th St, Brooklyn, NY 11230	40.629131	-73.963376	0.129391334723	7	0.448677139039	6	0.14756354234	3	9	3.5	3240	1080000	3	2000	1910	75	26	48	43	52	62	46	53	22	13	9	139
83178378_zpid	83178378_zpid	10459	867 E 169th St, Bronx, NY 10459	40.8290944	-73.896586	0.428913388226	7	0.415513544877	7	0.416634942004	2	8	6	2821	479968	46	2613	2008	203	84	106	140	110	25	23	6	30	49	23	199
29816887_zpid	29816887_zpid	10461	2872 E 195th St, Bronx, NY 10461	40.852937	-73.8321689	0.217561864261	6	0.304275495897	1	0.427682717543	2	2	1	1000	410000	47	2482	1920	61	15	14	17	22	31	23	18	12	6	5	52
29796931_zpid	29796931_zpid	10472	2169 Watson Ave, Bronx, NY 10472	40.8298879	-73.851072	0.216194942858	10	0.602753180073	4	0.491240979734	1	5	3	1900	449000	0	29	1901	53	14	27	35	29	26	25	5	22	12	8	62
29781909_zpid	29781909_zpid	10453	61 E 177th St, Bronx, NY 10453	40.850048	-73.908586	0.142035637304	11	0.249443503606	10	0.285699186101	4	8	3	2970	275299	28	2000	1901	642	65	275	260	268	62	27	11	83	81	26	425
30604094_zpid	30604094_zpid	11221	881 Putnam Ave, Brooklyn, NY 11221	40.6870199	-73.925875	0.324123069056	10	0.357459422833	4	0.420736655895	2	5	2	2250	1063000	7	1875	1901	181	57	95	149	104	33	25	6	33	61	30	234
30580209_zpid	30580209_zpid	11215	536 17th St, Brooklyn, NY 11215	40.657348	-73.981242	0.165428444242	12	0.236991745037	6	0.38438537059	1	3	2	2400	1300000	75	2003	1910	29	29	15	21	15	22	18	11	16	2	7	57
30698716_zpid	30698716_zpid	11228	1014 82nd St, Brooklyn, NY 11228	40.619922	-74.0179069	0.60482064458	2	0.643116722126	2	0.938360729246	0	4	3	2280	1358000	0	2800	1925	17	7	9	10	6	18	44	15	17	3	4	39
30663697_zpid	30663697_zpid	11210	3317 Farragut Rd, Brooklyn, NY 11210	40.6367059	-73.944565	0.530419608009	2	0.405134290678	3	0.487171423014	2	5	3	2020	458000	34	2033	1910	295	19	172	161	144	57	31	12	36	59	7	302
29839409_zpid	29839409_zpid	10470	650 E 241st St, Bronx, NY 10470	40.903928	-73.852051	0.36951583882	5	0.148246917244	1	0.149955235248	3	3	3.5	1700	327800	9	1306	1961	456	48	256	256	240	108	76	20	100	96	16	532
30718829_zpid	30718829_zpid	11230	1541 E 4th St, Brooklyn, NY 11230	40.613021	-73.970417	0.286925708815	8	0.451270857088	4	0.397082291338	2	3	1.5	1472	880000	0	2300	1920	152	36	52	132	64	212	132	88	84	44	28	412
30673944_zpid	30673944_zpid	11218	292 E 8th St, Brooklyn, NY 11218	40.642865	-73.97183	0.134830334359	13	0.348369595829	8	0.637653960516	3	5	2	2200	1165000	2	2408	1901	164	55	63	82	50	55	44	32	32	21	12	203
30622071_zpid	30622071_zpid	11222	328 Nassau Ave, Brooklyn, NY 11222	40.7261978	-73.9368436	0.424170098923	2	0.689823381502	1	1.23000889762	0	6	3	3750	1150000	7	1745	1931	16	7	12	19	10	8	21	11	17	3	8	69
30580636_zpid	30580636_zpid	11215	334 20th St, Brooklyn, NY 11215	40.659795	-73.989828	0.363465291373	12	0.322145828253	6	0.676259268582	2	3	2	1800	1125000	0	1800	1905	104	164	56	136	52	104	152	40	52	28	28	416
29790660_zpid	29790660_zpid	10473	227 Newman Ave, Bronx, NY 10473	40.81026	-73.854725	0.606095195314	1	1.25235136114	0	2.60286877273	0	2	1	1170	410000	114	2775	1925	29	9	17	20	10	16	15	15	8	16	3	63
30587319_zpid	30587319_zpid	11215	552 1st St, Brooklyn, NY 11215	40.669884	-73.974288	0.351919574714	10	0.561296512193	1	0.647978571078	2	4	3.5	4920	4875000	20	2100	1910	120	124	28	84	36	40	216	108	68	20	32	548
30624775_zpid	30624775_zpid	11206	91 Beaver St, Brooklyn, NY 11206	40.69905	-73.936068	0.150007854832	12	0.272177079159	5	0.208073512985	3	4	1.5	2200	845000	14	2200	1995	70	68	38	48	29	19	32	20	39	16	9	192
30626927_zpid	30626927_zpid	11237	263 Bleecker St, Brooklyn, NY 11237	40.699356	-73.917407	0.0895873713872	11	0.321639255215	7	0.209152129761	4	1	1	1550	475000	38	2000	1901	218	103	164	203	147	40	36	25	92	78	32	341
30634847_zpid	30634847_zpid	11207	462 Miller Ave, Brooklyn, NY 11207	40.669087	-73.890604	0.220722676963	8	0.429983262956	5	0.411092614355	4	6	3	1960	571000	10	2000	1930	144	20	114	117	120	25	43	7	50	51	21	225
64838776_zpid	64838776_zpid	10455	820 E 150th St, Bronx, NY 10455	40.8131778	-73.9054665	0.199599019223	8	0.257829478101	5	0.164961616942	3	3	2	2416	350000	2	1149	2003	278	34	110	105	98	23	35	20	55	37	20	239
30750636_zpid	30750636_zpid	11210	730 E 32nd St, Brooklyn, NY 11210	40.6331909	-73.94605	0.266802708975	2	0.213281975376	3	0.140174680267	1	6	2.5	2573	880000	9	4000	1905	141	34	67	65	85	63	41	15	27	31	5	196
30788881_zpid	30788881_zpid	11234	2676 E 66th St, Brooklyn, NY 11234	40.6067419	-73.910371	1.02432467726	0	1.17135333479	0	3.9385755053	0	4	3	2116	600000	26	4000	1950	3	5	1	7	3	18	5	28	21	2	1	31
30664374_zpid	30664374_zpid	11225	193 Ocean Ave, Brooklyn, NY 11225	40.658287	-73.962011	0.145728865564	12	0.144162052208	5	0.336237547975	2	4	3.5	3672	167000	252	2750	1901	288	92	148	118	136	7	33	16	46	37	10	189
30793024_zpid	30793024_zpid	11229	2436 Stuart St, Brooklyn, NY 11229	40.598117	-73.930072	0.552576443467	5	0.482130505934	1	2.14461758846	0	3	2	1944	465426	17	1800	1955	16	17	1	7	2	9	22	8	16	3	2	38
30650682_zpid	30650682_zpid	11203	106 E 51st St, Brooklyn, NY 11203	40.6595129	-73.93049	0.109725821204	10	0.455825507822	4	0.877944055696	0	7	2.5	3052	520000	12	1999	1930	87	16	50	44	50	41	23	12	14	26	9	99
30692590_zpid	30692590_zpid	11220	536 Bay Ridge Ave, Brooklyn, NY 11220	40.6329269	-74.0200665	0.068655863309	15	0.356699749353	7	0.360262842649	2	2	2.5	1152	499000	134	1938	1920	120	100	44	56	44	88	120	48	40	28	20	300
30681292_zpid	30681292_zpid	11204	1823 64th St, Brooklyn, NY 11204	40.619439	-73.988782	0.383411848827	6	0.24829339296	3	0.194485942153	2	3	1.5	1228	590000	15	1341	1920	57	19	33	53	19	64	48	99	25	10	10	154
30695458_zpid	30695458_zpid	11209	566 Bay Ridge Pkwy, Brooklyn, NY 11209	40.628222	-74.021103	0.145608065282	14	0.196439141523	4	0.40897050658	1	5	2	2930	691000	47	2003	1915	65	26	33	43	26	35	47	48	23	25	5	126
30705353_zpid	30705353_zpid	11228	1139 Bay Ridge Pkwy, Brooklyn, NY 11228	40.622525	-74.010614	0.350506455277	7	0.377052693722	2	1.04523017153	0	3	1	1242	660000	10	1340	1925	11	14	3	22	3	45	45	36	15	2	4	69
30792063_zpid	30792063_zpid	11235	2798 E 28th St, Brooklyn, NY 11235	40.584792	-73.941156	0.482524264908	3	0.740754758444	1	1.12361234403	0	3	2	1904	550000	10	2442	1925	19	5	10	16	12	29	19	16	31	3	3	77
2101250070_zpid	2101250070_zpid	11214	86 Bay 47 St, Brooklyn, NY 11214	40.589868	-73.986362	0.231199873551	5	0.743319660764	1	0.247521868953	1	1	1	312	499000	0	1938	1925	12	6	7	23	3	19	24	22	26	7	4	45
30780340_zpid	30780340_zpid	11234	1274 E 69th St, Brooklyn, NY 11234	40.623647	-73.91466	0.455629605666	4	0.782359809733	0	2.78036510239	0	8	5	3562	600000	17	4475	1965	80	16	36	48	24	212	84	96	72	36	20	380
29786645_zpid	29786645_zpid	10453	1937 Loring Pl S, Bronx, NY 10453	40.8550679	-73.9144444	0.108030495223	6	0.108227073091	3	0.442094682875	2	8	3	2440	494000	24	2250	1910	401	23	118	156	153	81	28	10	74	42	17	201
30618559_zpid	30618559_zpid	11211	104 Roebling St, Brooklyn, NY 11211	40.7159342	-73.9558192	0.180623585856	13	0.320855359039	4	0.252112058999	3	4	4	3000	4200000	0	1100	1899	276	748	92	308	100	156	192	88	60	44	68	840
30631848_zpid	30631848_zpid	11212	561 Thomas S Boyland St, Brooklyn, NY 11212	40.667138	-73.912665	0.382130734716	5	0.240106745614	8	0.599030921799	2	4	2	1640	40000	10	2000	1987	58	7	39	45	21	28	27	8	27	10	11	119
30667524_zpid	30667524_zpid	11226	295 E 17th St, Brooklyn, NY 11226	40.643377	-73.962566	0.196955403857	9	0.21775683334	4	0.188754181802	2	8	4.5	4500	1085000	32	6000	1899	1820	324	1044	1024	1116	168	108	80	272	288	36	1444
29827473_zpid	29827473_zpid	10469	3539 Paulding Ave, Bronx, NY 10469	40.875933	-73.8576719	0.173110986388	6	0.707879784372	1	0.755713159863	0	3	2	1836	369999	0	2613	1945	53	5	25	37	24	47	15	8	28	23	16	74
30638770_zpid	30638770_zpid	11208	749 Glenmore Ave, Brooklyn, NY 11208	40.675378	-73.882639	0.188676460098	9	0.496412118204	5	0.211507444537	4	3	2.5	1510	425000	8	2500	1901	132	25	61	75	60	37	27	13	28	37	15	147
83046049_zpid	83046049_zpid	11221	301 Van Buren St, Brooklyn, NY 11221	40.691231	-73.935016	0.405664331928	11	0.556188526199	7	0.573805997005	2	6	5	3933	1399000	0	1899	2004	173	43	94	124	96	42	27	15	34	49	43	228
30620332_zpid	30620332_zpid	11222	209 Guernsey St, Brooklyn, NY 11222	40.7277485	-73.9554408	0.0498332722748	16	0.201881451058	4	0.291696191332	2	4	2.5	2632	2800000	5	1250	1901	66	86	24	49	29	41	37	28	25	14	12	185
30716957_zpid	30716957_zpid	11230	1339 E 4th St, Brooklyn, NY 11230	40.617995	-73.971357	0.158798437983	6	0.124562724885	4	0.398245091691	2	4	3	1261	775000	22	2003	1920	156	40	44	88	56	152	168	88	84	20	20	216
30602345_zpid	30602345_zpid	11221	460 Kosciuszko St, Brooklyn, NY 11221	40.692171	-73.935716	0.369207850144	11	0.496922551787	6	0.560627071939	2	2	1	2070	850000	15	1725	1899	164	65	82	115	94	39	32	15	29	51	41	212
30783509_zpid	30783509_zpid	11229	1814 Madison Pl, Brooklyn, NY 11229	40.609238	-73.940001	0.454060927112	3	0.52105183467	1	1.50678998202	0	3	1.5	1472	485000	82	2000	1930	15	6	8	16	7	6	11	9	10	2	2	41
30767955_zpid	30767955_zpid	11236	657 E 82nd St, Brooklyn, NY 11236	40.638713	-73.913889	0.27401904957	7	0.388879913824	1	1.34741757219	0	4	2	1800	375000	142	1999	1960	38	8	25	18	11	67	29	14	30	13	10	103
30624006_zpid	30624006_zpid	11211	230 Withers St, Brooklyn, NY 11211	40.717377	-73.942095	0.0735199086571	8	0.401981631575	4	0.353950661149	3	5	2	1600	1800000	5	2500	1910	17	124	12	35	15	24	33	5	23	9	19	122
30761864_zpid	30761864_zpid	11234	2080 E 41st St, Brooklyn, NY 11234	40.622883	-73.933608	0.185057894385	9	0.208912535818	2	1.62278337767	0	3	3	2986	580000	3	2282	1925	160	48	72	88	92	136	112	96	64	24	0	480
30598900_zpid	30598900_zpid	11233	1398 Pitkin Ave, Brooklyn, NY 11233	40.6681979	-73.921963	0.0394585076711	8	0.0532830932122	4	0.388081418225	1	6	4	2200	642500	25	2400	1910	161	13	69	62	67	11	8	5	15	26	5	104
30719202_zpid	30719202_zpid	11204	1514 W 9th St, Brooklyn, NY 11204	40.609879	-73.983249	0.0778654832566	13	0.179862609198	7	0.251349920319	2	8	2.5	3454	555000	126	2000	1925	152	29	40	54	67	84	24	34	21	14	8	139
30724291_zpid	30724291_zpid	11230	953 E 12th St, Brooklyn, NY 11230	40.626001	-73.96409	0.246779896028	5	0.210231562565	4	0.291838008051	2	4	2	1913	690000	23	2400	1930	432	96	216	224	232	200	112	132	76	68	32	612
30782373_zpid	30782373_zpid	11234	2048 E 74th St, Brooklyn, NY 11234	40.621795	-73.906321	0.59857796494	1	0.570438772055	1	2.79294830304	0	3	1	1064	432000	5	2000	1925	18	2	7	8	6	17	15	4	17	2	2	48
29851221_zpid	29851221_zpid	10464	625 King Ave, Bronx, NY 10464	40.855523	-73.789698	0.0346845730114	1	3.27096940267	0	3.16152622629	0	2	2	2043	598000	45	5000	1925	0	17	0	2	1	2	7	22	4	1	2	16
30690004_zpid	30690004_zpid	11219	6712 10th Ave, Brooklyn, NY 11219	40.628696	-74.009851	0.250378609062	5	0.158577929752	6	0.483946533732	2	6	2.5	2692	1398888	0	2000	1955	36	13	10	14	5	22	18	26	11	4	5	73
