29794181_zpid	29794181_zpid	10473	2350 Quimby Ave, Bronx, NY 10473	40.826613	-73.844497	0.468459588842	1	0.765239300019	0	1.0466300093	0	7	2	2918	275000	3	2918	1915	12	2	1	4	2	10	5	2	3	3	3	17
30672699_zpid	30672699_zpid	11218	78 Kermit Pl, Brooklyn, NY 11218	40.6485195	-73.972143	0.168698121282	13	0.533611406891	1	0.337825477677	1	4	3	2840	1405000	11	1600	1910	102	30	42	52	47	25	23	28	28	18	6	116
30721341_zpid	30721341_zpid	11223	37 Highlawn Ave, Brooklyn, NY 11223	40.6029254	-73.9849216	0.152472077142	8	0.536407077708	6	0.401778464899	2	5	4	2622	665000	69	1500	1920	212	96	92	52	64	192	88	144	48	32	16	260
30773672_zpid	30773672_zpid	11236	1069 E 95th St, Brooklyn, NY 11236	40.644492	-73.904115	0.210639352908	5	0.957839147392	0	0.307446403971	1	4	3	1984	455000	11	2090	1925	196	40	96	140	76	264	108	40	44	88	36	384
30599791_zpid	30599791_zpid	11233	555 Bainbridge St, Brooklyn, NY 11233	40.68304	-73.9148869	0.181089793653	6	0.241301538601	3	0.374399761674	4	2	1	2700	590000	26	2000	1910	210	39	147	166	129	25	36	10	49	87	13	228
30573200_zpid	30573200_zpid	11231	541 Court St, Brooklyn, NY 11231	40.6742626	-73.999592	0.188619127215	7	0.414902696343	1	0.199209948893	1	4	3	2530	2800000	0	1875	1931	18	20	6	7	6	14	32	8	7	2	5	83
30740590_zpid	30740590_zpid	11235	2831 Brighton 7th St, Brooklyn, NY 11235	40.582417	-73.961808	0.0883941099006	12	0.196453240358	5	0.530914754302	1	3	1	2230	438000	16	2200	1925	412	132	148	236	100	320	216	132	132	76	92	660
29850708_zpid	29850708_zpid	10464	168 Belden St, Bronx, NY 10464	40.837916	-73.781233	0.692741036776	1	3.70734670538	0	4.20791415114	0	2	1.5	1600	41000	274	26136.0	1915	0	4	0	1	0	1	8	1	6	1	1	11
29851978_zpid	29851978_zpid	10463	308 W 234th St, Bronx, NY 10463	40.883252	-73.906105	0.389097282037	13	0.358705846242	5	0.467897155019	2	4	3	1980	440000	56	1707	1940	242	43	71	61	58	40	48	14	31	25	15	176
30610790_zpid	30610790_zpid	11216	239 Macon St, Brooklyn, NY 11216	40.68218	-73.941874	0.21574201291	9	0.333525983663	8	0.26569530104	3	8	4.5	4000	800000	33	1933	1910	123	78	81	108	68	16	36	21	32	36	24	171
30701007_zpid	30701007_zpid	11209	119 Gelston Ave, Brooklyn, NY 11209	40.618135	-74.027402	0.111135377718	15	0.305248704126	6	0.390690745481	2	8	5	741	1250000	0	2904	1899	332	168	84	116	112	184	112	88	16	28	28	720
30574872_zpid	30574872_zpid	11232	317 42nd St, Brooklyn, NY 11232	40.6520705	-74.0093608	0.33634534098	9	0.0838159661848	7	0.352830349417	2	6	3	2340	790000	11	1900	1910	46	37	24	32	27	10	49	21	16	11	4	107
30675234_zpid	30675234_zpid	11218	448 E 9th St, Brooklyn, NY 11218	40.637645	-73.96987	0.41682294133	10	0.20805894569	10	0.623349602806	3	4	2.5	1540	300000	106	2000	1920	844	188	360	356	208	300	164	168	100	88	40	792
30601227_zpid	30601227_zpid	11233	1055 Herkimer St, Brooklyn, NY 11233	40.6781549	-73.918367	0.201409255802	2	0.463909796352	4	0.273507783665	2	4	2.5	1575	779000	12	1533	1899	233	24	147	174	125	36	39	16	61	80	38	238
30604272_zpid	30604272_zpid	11221	838 Putnam Ave, Brooklyn, NY 11221	40.686287	-73.928223	0.114202934365	10	0.158822354658	3	0.625292090393	1	4	3	2499	1175000	17	1933	1899	144	38	79	115	85	36	20	9	28	49	22	186
30610508_zpid	30610508_zpid	11216	419 Tompkins Ave, Brooklyn, NY 11216	40.683061	-73.943618	0.0493528695742	11	0.279315386635	9	0.420080042943	3	3	2	2100	100000	34	1600	1899	644	328	404	592	364	76	160	76	200	216	108	848
30753968_zpid	30753968_zpid	11210	2401 Avenue M, Brooklyn, NY 11210	40.619207	-73.951097	0.368633850285	3	0.449211875987	3	0.723463396858	1	5	3	2015	900000	18	3600	1910	6	1	2	9	0	13	21	11	22	1	3	32
30721445_zpid	30721445_zpid	11223	1730 W 10th St, Brooklyn, NY 11223	40.6046819	-73.983198	0.147748568616	7	0.40885777157	2	0.254857864009	1	2	3	1440	420000	135	1799	1915	74	22	31	18	25	59	24	28	14	8	5	85
30737607_zpid	30737607_zpid	11223	2229 W 5th St, Brooklyn, NY 11223	40.5937658	-73.975747	0.255487780537	9	0.255469240605	2	0.239959251077	4	3	2	1080	666000	13	1942	1925	36	15	10	26	10	50	22	34	24	6	8	106
68311643_zpid	68311643_zpid	10460	1818 Trafalgar Pl, Bronx, NY 10460	40.839878	-73.886982	0.37021490143	10	0.27361061083	4	0.29519151099	2	2	1	4191	332517	136	1703	2002	221	28	112	119	106	18	21	3	29	30	18	198
29835214_zpid	29835214_zpid	10466	1307 E 233rd St, Bronx, NY 10466	40.888957	-73.8399139	0.801516026002	0	0.322721238916	4	0.767617329769	0	5	2.5	2088	325000	53	2003	1961	38	6	10	11	4	49	22	9	22	10	5	59
30612598_zpid	30612598_zpid	11205	453 Lafayette Ave, Brooklyn, NY 11205	40.689449	-73.956785	0.183263150145	9	0.193679589476	6	0.284600240501	2	8	4	3200	1075000	107	1520	1901	126	50	31	47	26	22	28	30	22	10	18	124
30631408_zpid	30631408_zpid	11207	50 Sunnyside Ave, Brooklyn, NY 11207	40.680304	-73.894312	0.13104764357	3	0.138615930061	3	0.361570942958	3	1	1	1800	195000	55	2500	1910	360	128	220	232	180	220	148	148	132	112	40	520
2099364111_zpid	2099364111_zpid	11234	1661 Hendrickson Street, Brooklyn, NY 11234	40.618063	-73.932783	0.293099797167	8	0.496648715806	3	2.06895114704	0	3	2	1320	615000	0	2000	1920	36	184	24	44	24	160	136	112	56	40	4	520
30775278_zpid	30775278_zpid	11236	9705 Avenue K, Brooklyn, NY 11236	40.640713	-73.89694	0.245846130916	5	0.368428942375	2	0.780630368597	0	2	1	1100	200000	36	2000	1955	49	14	27	27	18	46	26	11	15	19	6	86
30748288_zpid	30748288_zpid	11235	2437 E 26th St, Brooklyn, NY 11235	40.592435	-73.943954	0.274345604384	12	0.311060865754	2	0.997665857025	0	3	2	1961	740000	5	2200	1940	200	60	48	52	32	84	92	112	80	4	4	248
29790711_zpid	29790711_zpid	10473	1961 Gildersleeve Ave, Bronx, NY 10473	40.809881	-73.853116	0.587218578208	1	1.23390602297	0	2.678483409	0	2	4	1056	355000	111	2395	1930	26	8	18	19	9	14	14	15	9	14	3	57
30733343_zpid	30733343_zpid	11224	2313 Mermaid Ave, Brooklyn, NY 11224	40.5762209	-73.990579	0.563215368574	3	0.262973088013	4	0.801445433674	0	1	1	3246	75000	139	1967	1932	85	11	48	49	30	8	18	6	18	27	6	100
30646998_zpid	30646998_zpid	11207	770 Hendrix St, Brooklyn, NY 11207	40.66249	-73.886355	0.230053479445	6	0.310086836173	7	0.38913175984	2	1	1	3276	190000	225	2500	1930	172	9	112	91	83	24	33	7	40	58	14	175
30631296_zpid	30631296_zpid	11207	74 De Sales Pl, Brooklyn, NY 11207	40.68245	-73.904013	0.20333060883	3	0.442645846589	1	0.0965023966018	8	8	4	3028	590000	25	2492	1911	184	64	160	196	132	44	68	56	40	72	20	392
30660384_zpid	30660384_zpid	11226	1673 Nostrand Ave, Brooklyn, NY 11226	40.645347	-73.948714	0.238314172884	4	0.28243314505	6	0.0345912063452	3	2	1	3300	264020	114	1606	1931	245	50	91	109	84	87	32	11	26	46	27	198
30629208_zpid	30629208_zpid	11221	715 Knickerbocker Ave, Brooklyn, NY 11221	40.694291	-73.909957	0.0893614212829	11	0.586593820819	3	0.51672739764	3	3	1	3259	625000	38	1876	1925	69	11	54	73	57	16	22	4	22	33	18	105
79710049_zpid	79710049_zpid	11207	722 New Lots Ave, Brooklyn, NY 11207	40.665725	-73.883599	0.0641849899425	8	0.179961519698	5	0.06492907856	2	8	4	3066	636406	127	1800	2004	94	8	61	52	41	23	26	9	33	39	15	124
30626689_zpid	30626689_zpid	11237	364 Harman St, Brooklyn, NY 11237	40.701197	-73.917195	0.216881352649	11	0.288157847717	8	0.308949125105	5	7	2	1748	990000	8	2384	1920	259	114	175	239	168	47	43	30	99	90	31	379
29792527_zpid	29792527_zpid	10473	2246 Seward Ave, Bronx, NY 10473	40.821117	-73.846409	0.220159826482	2	0.152632141412	2	1.53102738494	0	8	3	2112	380000	129	3742	1989	23	6	11	2	4	13	7	0	10	1	2	45
30789214_zpid	30789214_zpid	11235	407 Ocean View Ave, Brooklyn, NY 11235	40.5794105	-73.963771	0.275571995007	7	0.220676631269	7	0.286760938487	2	2	1.5	934	400000	20	1980	1940	556	276	312	408	260	292	212	108	200	124	120	1144
30747589_zpid	30747589_zpid	11229	2313 Brigham St, Brooklyn, NY 11229	40.596265	-73.934042	0.272495956657	9	0.552968792308	3	1.7887274391	0	5	2.5	2440	640000	12	2000	1960	17	16	3	7	2	9	19	7	17	3	2	45
30571926_zpid	30571926_zpid	11217	126 Douglass St, Brooklyn, NY 11217	40.682299	-73.990146	0.276587280963	13	0.188871568524	1	0.394213531136	2	6	5.5	2800	1980000	5	2335	1920	4	20	0	14	0	22	16	3	6	3	1	29
30721879_zpid	30721879_zpid	11223	1711 W 4th St, Brooklyn, NY 11223	40.6058042	-73.9771012	0.145803384168	9	0.129676068859	6	0.345520702435	3	7	4	3080	1080000	23	2648	1925	93	29	45	28	34	81	24	46	25	12	4	120
30657641_zpid	30657641_zpid	11225	335 Winthrop St, Brooklyn, NY 11225	40.657403	-73.948694	0.125267773096	7	0.161225146305	8	0.112784598309	3	2	1	3200	717000	36	2120	1910	131	22	62	60	56	29	21	5	20	26	6	104
30733530_zpid	30733530_zpid	11224	2872 W 19th St, Brooklyn, NY 11224	40.576975	-73.986233	0.209892046321	2	0.322531055842	4	0.425670991698	1	3	4	1344	480000	3	3210	1993	328	56	168	208	140	68	120	44	44	104	28	420
30794179_zpid	30794179_zpid	11229	115 Canton Ct, Brooklyn, NY 11229	40.590242	-73.924154	0.160528104789	2	1.31466788195	0	2.56337481884	0	2	1	1200	179000	164	1800	1925	1	6	1	16	0	1	29	11	21	1	4	36
30770796_zpid	30770796_zpid	11236	34 Paerdegat 8th St, Brooklyn, NY 11236	40.629936	-73.906556	0.808342508533	0	0.823135477681	0	1.90302340716	0	9	4	3003	560000	6	2983	1965	168	16	48	76	36	228	72	20	88	20	28	188
30707054_zpid	30707054_zpid	11228	1206 77th St, Brooklyn, NY 11228	40.620165	-74.010791	0.232954020481	5	0.4137386593	1	1.00982818508	0	2	1.5	1300	770000	2	1300	1920	6	12	2	20	2	33	41	26	19	1	4	58
30691403_zpid	30691403_zpid	11220	229 67th St, Brooklyn, NY 11220	40.638423	-74.026115	0.17516166665	11	0.304183393006	3	0.448894421557	1	4	4	2400	600000	57	1594	1915	68	22	39	43	36	29	31	31	14	19	5	89
29784522_zpid	29784522_zpid	10458	2451 Hoffman St, Bronx, NY 10458	40.857401	-73.887565	0.114228671633	10	0.242682108682	4	0.51729202164	1	3	2	1440	285000	8	1606	1901	395	67	138	159	148	24	38	17	49	60	26	286
30774916_zpid	30774916_zpid	11236	962 E 106th St, Brooklyn, NY 11236	40.6467346	-73.8929839	0.173394419714	5	0.147683710532	3	0.69575049683	2	6	3	1760	546000	25	1800	1960	36	8	22	15	11	25	11	3	11	7	8	78
30566366_zpid	30566366_zpid	11201	300 State St, Brooklyn, NY 11201	40.6887649	-73.988116	0.0704902401642	15	0.392254132888	5	0.236748417204	10	4	2.5	4300	5300000	7	2250	1853	53	107	13	69	14	19	57	31	31	11	13	267
30731445_zpid	30731445_zpid	11214	2724 Harway Ave, Brooklyn, NY 11214	40.589502	-73.987732	0.29477235017	4	0.784578800846	0	0.343329603173	1	5	2.5	2394	804000	27	1938	1960	48	28	36	100	24	76	108	84	112	32	16	208
30631233_zpid	30631233_zpid	11207	29 Aberdeen St, Brooklyn, NY 11207	40.681802	-73.906533	0.144020022727	4	0.244274035641	3	0.130605501359	7	3	1	3900	293046	50	2000	1899	63	19	49	63	47	12	19	14	12	24	8	119
29784634_zpid	29784634_zpid	3	610 E 181st St, Bronx, NY 10457	40.850023	-73.890659	50	0.552414826793	5	0.826879889134	0	10457	2.5	1352	189000	77	2186	1901	484	108	270	292	242	60	34	26	100	114	54	460
29827201_zpid	29827201_zpid	10467	827 E 217th St # B, Bronx, NY 10467	40.8810568	-73.8595486	0.493539702184	3	0.586505940814	2	0.408581141773	2	8	5	3600	529490	16	2178	2006	167	14	81	90	74	66	11	2	30	50	11	160
30761737_zpid	30761737_zpid	11234	1247 Ryder St, Brooklyn, NY 11234	40.621783	-73.937091	0.210666558274	1	0.536564246733	1	1.51939334493	0	3	2.5	2036	370000	144	1997	1940	48	7	25	26	23	29	20	14	13	9	1	98
30723166_zpid	30723166_zpid	11223	34 Kings Pl, Brooklyn, NY 11223	40.603627	-73.9753099	0.0868185183267	7	0.305454929541	3	0.253377824286	3	3	2	2200	1650000	0	5000	1920	90	24	43	29	31	85	23	60	26	15	6	132
112503300_zpid	112503300_zpid	11236	639 E 104TH St, Brooklyn, NY 11236	40.6492652	-73.8978598	0.111432277139	5	0.338063405727	3	0.200088625568	2	5	3.5	3000	75000	41	1999	2014	92	24	64	64	4	92	28	20	36	28	12	244
30634262_zpid	30634262_zpid	11207	269 New Jersey Ave, Brooklyn, NY 11207	40.6731	-73.89486	0.145637688474	7	0.0934177940947	5	0.214657982922	7	11	3	3240	430000	129	2500	1910	95	18	77	93	80	59	42	28	31	34	23	205
30608598_zpid	30608598_zpid	11221	517A Lexington Ave, Brooklyn, NY 11221	40.689036	-73.941093	0.244811513568	10	0.181309946891	3	0.892608283279	0	4	2	2025	418000	114	1500	1899	215	55	108	149	105	33	34	13	42	56	31	245
29852837_zpid	29852837_zpid	10471	5140 Post Rd, Bronx, NY 10471	40.896944	-73.898165	0.640485097104	1	0.961074079244	0	0.77751440293	0	3	1.5	1500	455000	22	3471	1920	26	1	6	5	5	4	12	3	6	0	4	21
83048544_zpid	83048544_zpid	11221	498 Central Ave, Brooklyn, NY 11221	40.691391	-73.9138849	0.170805474204	6	0.479739540262	4	0.608513486886	2	6	3	3900	610000	14	1875	2008	166	41	113	141	109	40	36	9	64	62	46	198
30712189_zpid	30712189_zpid	11214	22 Bay 20th St, Brooklyn, NY 11214	40.606069	-74.001857	0.348083373124	13	0.095171143054	7	0.210086266802	2	5	3.25	1900	600000	33	2417	1930	91	25	30	46	22	57	45	37	27	16	5	160
62648129_zpid	62648129_zpid	11221	158 Central Ave, Brooklyn, NY 11221	40.6992409	-73.9275371	0.120091005973	17	0.15829793027	4	0.154508134739	4	3	1.5	3585	256000	157	2232	2001	100	45	41	67	38	37	19	13	29	29	17	144
30657188_zpid	30657188_zpid	11225	396 Midwood St, Brooklyn, NY 11225	40.660102	-73.947418	0.333916670171	6	0.419098618389	6	0.390846059562	2	4	2	1800	670000	10	1837	1910	278	53	99	107	101	43	33	17	33	44	10	203
30575302_zpid	30575302_zpid	11220	413 45th St, Brooklyn, NY 11220	40.649143	-74.009025	0.169660774241	10	0.0767483417823	8	0.0859106812091	3	6	3	2952	875000	25	2003	1899	85	34	55	66	37	16	41	16	19	25	8	159
30654449_zpid	30654449_zpid	11203	320 E 55th St, Brooklyn, NY 11203	40.649972	-73.925641	0.313545789885	8	0.31469467027	3	1.50071345869	0	3	2.5	1400	470000	0	2150	1925	144	15	48	51	56	51	39	7	18	29	7	144
30698320_zpid	30698320_zpid	11228	673 82nd St, Brooklyn, NY 11228	40.62194	-74.020373	0.403339323253	8	0.448726816796	3	0.683140120512	1	4	3	3426	950000	8	2450	1925	64	20	36	32	24	60	148	56	52	8	16	124
29853484_zpid	29853484_zpid	10471	446 W 259th St, Bronx, NY 10471	40.906576	-73.90362	0.0292537091315	4	0.105401518926	3	0.929923517371	0	4	2	2200	400000	8	2460	1950	12	12	3	10	6	13	32	8	14	3	6	50
30625896_zpid	30625896_zpid	11221	129 Stockholm St, Brooklyn, NY 11221	40.6986009	-73.924	0.186966576023	16	0.176212597535	9	0.298417929553	4	2	1	1317	885000	8	2500	1910	114	41	56	70	42	37	16	18	37	29	20	143
29831677_zpid	29831677_zpid	10466	683 E 224th St, Bronx, NY 10466	40.887519	-73.861419	0.253174243029	6	0.105559416194	2	0.106609549326	3	5	4	2200	485000	15	2288	1910	284	21	97	122	110	64	21	7	38	63	12	184
30583029_zpid	30583029_zpid	11215	687 President St, Brooklyn, NY 11215	40.675598	-73.979853	0.0695866055919	14	0.105510206366	5	0.334940299754	3	4	3	2434	3031415	12	1726	1899	60	56	26	33	26	21	28	29	20	11	9	132
30630343_zpid	30630343_zpid	11207	185 Schaefer St, Brooklyn, NY 11207	40.6895979	-73.908238	0.139956391245	9	0.679840284479	1	0.365815972137	1	5	3	1920	155000	28	1488	1925	119	33	85	110	78	22	26	17	43	48	23	191
30591513_zpid	30591513_zpid	11216	601 Saint Marks Ave, Brooklyn, NY 11216	40.675683	-73.953743	0.225341667334	12	0.344254117412	5	0.342994172404	7	6	3	2431	605000	13	1378	1901	290	77	160	202	160	34	39	16	39	58	43	244
79708642_zpid	79708642_zpid	11234	2437 E 69th St, Brooklyn, NY 11234	40.6133468	-73.9024346	0.824965599488	0	0.731652617506	1	3.70806947518	0	3	2	2030	669000	0	2333	2006	0	48	8	24	0	16	64	28	40	4	8	132
30702493_zpid	30702493_zpid	11209	274 Battery Ave, Brooklyn, NY 11209	40.613197	-74.026551	0.44534381804	8	0.598095094839	2	0.516544836889	1	4	4	2160	935000	7	2160	1925	38	6	7	6	9	11	19	3	3	1	3	29
30607255_zpid	30607255_zpid	11205	220 Spencer St, Brooklyn, NY 11205	40.691803	-73.954896	0.208715859504	9	0.115127184681	5	0.346388488094	3	1	1	800	660000	125	1700	1901	144	70	35	63	36	32	47	34	26	14	19	164
29849330_zpid	29849330_zpid	10465	234 Brinsmade Ave, Bronx, NY 10465	40.815694	-73.820174	0.517848818593	2	0.461440932704	1	3.23699241963	0	3	2	1224	509600	108	2657	1955	18	12	11	5	6	21	17	10	14	7	7	47
30708900_zpid	30708900_zpid	11228	1442 80th St, Brooklyn, NY 11228	40.6153	-74.007265	0.395216122492	12	0.447981259294	3	0.596964295398	1	3	1.5	1296	800000	10	2633	1920	7	16	3	17	0	26	38	43	23	5	3	64
30612143_zpid	30612143_zpid	11205	155 Willoughby Ave, Brooklyn, NY 11205	40.692014	-73.965983	0.175807435262	11	0.487616629402	4	0.397148428259	2	6	2	2520	999999	12	1189	1901	244	380	132	160	124	180	100	56	108	80	52	624
30785471_zpid	30785471_zpid	11234	1909 E 51st St, Brooklyn, NY 11234	40.6136089	-73.924992	0.533782849812	5	1.09253147567	0	2.82767087313	0	3	2	1800	440000	40	2000	1960	14	7	10	10	9	34	31	20	19	6	8	106
30731922_zpid	30731922_zpid	11214	2534 Cropsey Ave, Brooklyn, NY 11214	40.591294	-73.992716	0.0588718681469	1	0.83789508703	0	0.804430858573	0	7	3	3102	894000	32	2667	1955	11	5	7	13	3	20	31	22	16	4	2	56
30783562_zpid	30783562_zpid	11234	1822 Marine Pkwy, Brooklyn, NY 11234	40.609568	-73.939106	0.413969065064	3	0.464686510997	1	1.58424152988	0	3	1.5	1345	669500	104	3100	1925	1	7	4	3	2	9	12	15	14	3	1	29
29851795_zpid	29851795_zpid	10463	2521 Palisade Ave APT 5A, Bronx, NY 10463	40.8814014	-73.9223116	0.520016008447	1	1.1881972902	0	0.358689406901	1	3	2.5	1600	10	14	27007.2	1986	17	9	3	13	9	1	17	5	1	0	0	19
30643589_zpid	30643589_zpid	11207	288 Eldert St, Brooklyn, NY 11207	40.6923065	-73.907582	0.18338704791	8	0.839229597304	0	0.470901924679	2	4	4	3648	360000	17	132422.4	2006	75	29	49	66	55	18	15	12	29	28	14	129
30625859_zpid	30625859_zpid	11221	53 Stockholm St, Brooklyn, NY 11221	40.696375	-73.926187	0.286552373902	14	0.205448052819	5	0.194025568265	3	6	3	1392	737500	3	1667	1930	164	89	72	99	77	57	33	23	49	37	29	248
30747054_zpid	30747054_zpid	11229	2348 E 23rd St, Brooklyn, NY 11229	40.593976	-73.947743	0.215285263778	12	0.571527243375	4	0.642772767932	1	4	2	2220	750000	5	2917	1925	244	48	88	100	104	132	128	100	96	48	16	284
30736697_zpid	30736697_zpid	11223	2119 W 9th St, Brooklyn, NY 11223	40.5957005	-73.9800473	0.286957369683	6	0.0414621284542	4	0.2117855473	4	3	3	1260	275000	164	1995	1920	37	13	5	23	8	39	26	34	20	5	4	66
29840594_zpid	29840594_zpid	10475	3321 Rombouts Ave, Bronx, NY 10475	40.880953	-73.828298	0.278939505814	1	0.277921074645	3	0.828706827677	0	2	1	980	140000	54	2134	1920	6	7	7	21	8	9	13	10	7	3	2	52
30567281_zpid	30567281_zpid	11201	19 Cranberry St, Brooklyn, NY 11201	40.699871	-73.9944885	0.151408877918	14	0.295003860321	2	0.264465050532	3	1	2	1400	3850000	93	1950	1901	108	272	48	100	64	32	124	84	68	28	24	356
30776894_zpid	30776894_zpid	11236	10529 Flatlands 4th St, Brooklyn, NY 11236	40.643811	-73.889227	0.539788996341	2	0.504634261119	3	1.11217463324	0	5	2	2200	550000	27	2200	1960	160	12	48	56	48	68	44	12	52	36	24	192
30759907_zpid	30759907_zpid	11234	4558 Kings Hwy, Brooklyn, NY 11234	40.628561	-73.932125	0.292776147525	6	0.685979615883	1	1.39462721634	0	6	2	1780	550000	22	5884	1905	68	36	48	32	16	156	92	76	76	12	4	224
29832641_zpid	29832641_zpid	10466	865 E 230th St, Bronx, NY 10466	40.8898719	-73.853178	0.220497668431	6	0.531928006795	5	0.517024279723	2	3	2.5	1404	343000	16	2874	1910	131	16	78	64	54	94	31	7	30	29	16	126
30788102_zpid	30788102_zpid	11234	366 Mayfair Dr S, Brooklyn, NY 11234	40.608151	-73.904927	1.06146208925	0	1.08032879068	0	4.29401098444	0	4	2.5	2255	648500	153	4133	1963	2	1	0	5	0	2	8	2	7	2	1	19
29853745_zpid	29853745_zpid	10471	6032 Liebig Ave, Bronx, NY 10471	40.908957	-73.901332	0.336305168579	5	0.383937061356	4	1.21056408085	0	3	1.5	2595	739000	0	2375	1925	13	11	6	14	7	19	27	11	16	4	6	49
94719706_zpid	94719706_zpid	10470	732 E 243rd St, Bronx, NY 10470	40.9060689	-73.8479526	0.116312817052	6	0.294736028531	3	0.397192211508	3	6	6	3572	519307	65	1617	2009	102	8	61	49	57	21	18	4	18	17	2	103
30664781_zpid	30664781_zpid	11225	20 Midwood St, Brooklyn, NY 11225	40.6593159	-73.959911	0.0797125628741	13	0.218731076197	5	0.323463315494	2	1	1	3300	1650000	50	2800	1901	387	97	175	146	151	12	42	18	53	46	13	246
83042980_zpid	83042980_zpid	11213	1682 Dean St, Brooklyn, NY 11213	40.675664	-73.932209	0.0910819697156	9	0.210278918833	5	0.430416793498	1	9	6	4352	1200000	0	2017	2005	133	17	63	74	60	38	24	8	20	14	10	147
29850139_zpid	29850139_zpid	10464	117 Pilot St, Bronx, NY 10464	40.8412504	-73.7851001	0.229191029567	3	3.45262800606	0	3.76744844428	0	3	2	1800	155000	202	4250	1925	11	7	5	4	3	2	23	7	8	3	13	27
30642923_zpid	30642923_zpid	11208	238 Autumn Ave, Brooklyn, NY 11208	40.6844814	-73.8705987	0.181334177329	5	0.175985803993	5	0.304770800301	2	7	3	2080	215000	4	2003	1910	113	41	58	86	52	69	39	12	64	43	7	195
30659625_zpid	30659625_zpid	11203	312 E 38th St, Brooklyn, NY 11203	40.649588	-73.942001	0.164587689289	3	0.286221195997	1	0.654764213352	1	3	2	1600	200000	5	2003	1950	540	84	424	380	344	272	56	28	100	136	40	492
29826107_zpid	29826107_zpid	10469	3312A Paulding Ave, Bronx, NY 10469	40.873465	-73.8581279	0.106420688811	8	0.772122961689	0	0.796033606562	0	3	2	1575	300000	58	1785	1950	55	4	28	27	20	45	29	6	34	21	12	67
30624688_zpid	30624688_zpid	11206	92 Moore St, Brooklyn, NY 11206	40.7036709	-73.9418628	0.0590923775426	10	0.0952411167645	4	0.384757376962	4	2	1	4125	450000	152	2500	1931	75	143	35	41	20	21	39	15	28	17	10	187
30640670_zpid	30640670_zpid	11207	949 Dumont Ave, Brooklyn, NY 11207	40.668142	-73.883425	0.185079542891	7	0.183168282538	2	0.206349619496	3	7	3	2360	530000	19	2100	1901	62	8	38	37	24	21	26	8	22	23	11	95
30778459_zpid	30778459_zpid	11236	1370 E 99th St, Brooklyn, NY 11236	40.636711	-73.890569	0.352444122286	7	0.131364480762	4	1.46052185289	0	3	2	1000	565000	11	2450	1960	27	7	22	23	2	24	12	13	15	8	1	64
30726480_zpid	30726480_zpid	11230	1549 E 16th St, Brooklyn, NY 11230	40.611796	-73.957604	0.248249478161	6	0.300151177865	6	0.347919635048	2	3	2	1408	712000	1	2413	1920	304	84	172	212	124	264	72	124	72	24	12	416
29832058_zpid	29832058_zpid	10466	737 E 226th St, Bronx, NY 10466	40.8882959	-73.858647	0.163623883402	6	0.235658423964	2	0.145784880024	3	14	4	4500	525000	45	2850	1930	315	26	123	138	125	89	28	12	49	65	20	221
29794239_zpid	29794239_zpid	10472	1072 Colgate Ave, Bronx, NY 10472	40.825128	-73.880942	0.164872471936	7	0.278048640137	3	0.413360730441	3	4	2.5	1860	315000	34	2500	1950	463	30	143	154	134	35	24	6	37	58	11	252
83047148_zpid	83047148_zpid	11207	96 Covert St, Brooklyn, NY 11207	40.6872649	-73.911	0.394613048253	12	0.333824984289	3	0.480003091321	4	7	5	3646	1500000	0	1698	2010	121	29	107	149	88	29	31	16	36	65	27	221
29814256_zpid	29814256_zpid	10462	989 Pierce Ave, Bronx, NY 10462	40.8449189	-73.8542267	0.266696302983	8	0.379371103001	2	1.09927956582	0	4	2	2	371000	35	1518	1935	105	13	16	18	7	23	20	18	16	6	2	52
30602550_zpid	30602550_zpid	11221	311 Van Buren St, Brooklyn, NY 11221	40.691267	-73.934703	0.432284779995	11	0.57418665338	7	0.548109837804	2	1	1	1000	917000	29	765	1910	168	49	94	122	94	45	33	15	33	50	44	231
30711821_zpid	30711821_zpid	11228	21 Bay 10th St, Brooklyn, NY 11228	40.610329	-74.009063	0.0984335362106	10	0.129700686425	5	0.67328639402	1	3	2	1622	740000	27	2103	1930	8	13	3	14	2	25	40	31	27	5	6	56
30658131_zpid	30658131_zpid	11203	268 E 45th St, Brooklyn, NY 11203	40.655414	-73.935889	0.465247399225	4	0.55148474988	1	1.20784202862	0	4	2	1780	370000	114	2183	1945	356	48	232	188	188	152	124	28	120	112	28	472
30770659_zpid	30770659_zpid	11236	1125 E 88th St, Brooklyn, NY 11236	40.635579	-73.902992	0.385659984687	7	0.544460718496	2	1.23663149024	0	2	2.5	1200	407000	91	37	1930	43	17	25	27	11	58	17	9	20	9	10	93
