29781349_zpid	29781349_zpid	10474	528 Barretto St, Bronx, NY 10474	40.81086	-73.888096	0.0214500339212	3	0.520528786702	3	0.913444334289	0	7	2	2640	395000	131	2500	1935	44	9	41	42	33	15	18	2	16	8	6	88
30781277_zpid	30781277_zpid	11234	1471 E 63rd St, Brooklyn, NY 11234	40.618299	-73.915384	0.192753133663	6	0.518288555783	1	3.16967782983	0	4	3.5	2250	799000	0	4500	1920	14	10	9	11	2	25	22	8	19	2	6	96
29778670_zpid	29778670_zpid	10454	748 E 137th St, Bronx, NY 10454	40.803544	-73.912395	0.223860691464	4	0.560797420736	2	0.245943148687	3	3	2	1650	100000	3	1500	1920	61	5	16	34	18	11	10	7	12	12	7	68
30769209_zpid	30769209_zpid	11236	930 E 83rd St, Brooklyn, NY 11236	40.636206	-73.91063	0.119473808689	6	0.123537835932	2	1.37940314546	0	7	4.5	2400	585000	8	2003	1960	37	6	20	19	8	86	25	12	25	11	9	101
30569154_zpid	30569154_zpid	11231	453 Henry St, Brooklyn, NY 11231	40.685972	-73.998222	0.220663139319	15	0.183293128017	4	0.621576537736	2	4	4	2610	2600000	11	1650	1901	76	144	64	180	36	56	124	76	76	4	32	412
30779071_zpid	30779071_zpid	11236	1597 E 94th St, Brooklyn, NY 11236	40.633665	-73.893289	0.254262468977	7	0.25680891648	4	1.61668300644	0	3	3	600	285000	15	2000	1945	30	11	16	22	4	47	16	15	10	9	0	57
29853995_zpid	29853995_zpid	10471	6216 Riverdale Ave, Bronx, NY 10471	40.91205	-73.902334	0.454683594499	6	0.522359585846	4	1.33829690433	0	3	2	1260	475000	24	2526	1909	4	7	3	6	1	6	16	9	4	1	3	28
29783374_zpid	29783374_zpid	10460	860 E 172nd St, Bronx, NY 10460	40.835071	-73.892073	0.189196817097	5	0.246157780876	4	0.440970415629	2	3	3	2700	370000	26	7000	1985	132	20	49	72	46	16	12	2	18	27	8	122
30636930_zpid	30636930_zpid	11208	24 Shepherd Ave, Brooklyn, NY 11208	40.68427	-73.883163	0.356557992612	5	0.42320373225	3	0.413411630035	2	5	2	3150	525000	66	1950	1901	67	25	35	44	44	31	21	17	30	16	10	109
30714083_zpid	30714083_zpid	11214	201 Bay 20th St, Brooklyn, NY 11214	40.602205	-74.005185	0.221447861062	8	0.221077256038	7	0.648237539017	2	7	4	3120	836000	15	1820	1901	114	24	32	44	25	52	46	49	15	12	9	139
29817435_zpid	29817435_zpid	10462	1913 Muliner Ave, Bronx, NY 10462	40.849352	-73.862139	0.204507240854	11	0.375641999759	4	0.535201462079	2	4	2.5	1584	400000	32	2785	1955	265	23	79	73	50	75	44	25	31	24	14	148
30757229_zpid	30757229_zpid	11229	1763 Madison Pl, Brooklyn, NY 11229	40.610351	-73.940474	0.34083933561	3	0.425387086773	1	1.47733163426	0	4	3.5	1800	636850	49	3100	1920	23	4	10	16	8	4	11	9	8	2	2	38
30587564_zpid	30587564_zpid	11215	536 4th St, Brooklyn, NY 11215	40.66825	-73.97618	0.278604466338	14	0.750478826926	0	0.412124013444	1	6	4	2559	6450000	0	3400	1899	29	36	13	23	11	12	55	32	21	4	12	141
30715784_zpid	30715784_zpid	11230	993 E 3rd St, Brooklyn, NY 11230	40.626975	-73.974056	0.251745206735	8	0.215862504909	8	0.253922570647	3	4	5	2640	1500000	3	2800	1930	62	37	27	43	35	38	36	53	18	5	10	92
30656815_zpid	30656815_zpid	11225	502 E New York Ave, Brooklyn, NY 11225	40.661591	-73.946126	0.27396237369	4	0.258994851995	7	0.418981278687	2	2	2	1	460000	18	2000	1910	268	50	105	118	119	35	30	14	28	39	10	192
29834756_zpid	29834756_zpid	10466	1145 Grenada Pl, Bronx, NY 10466	40.888276	-73.84451	0.46790662168	4	0.155152520402	3	1.11112418806	0	3	2	1188	280000	13	1781	1940	28	11	10	12	6	52	19	3	30	11	8	55
29812036_zpid	29812036_zpid	10461	2415 Saint Raymonds Ave, Bronx, NY 10461	40.83944	-73.8496229	0.270764742541	12	0.342706964585	7	0.394277550886	3	3	2	1866	314150	58	2391	1935	117	13	40	28	27	24	17	11	18	7	6	118
30602960_zpid	30602960_zpid	11221	922 Greene Ave, Brooklyn, NY 11221	40.690467	-73.931087	0.317572990234	10	0.407624898865	4	0.373142876913	1	8	4	2520	915000	2	2000	1899	194	71	106	135	121	54	30	19	38	60	41	280
30754633_zpid	30754633_zpid	11234	1362 E 38th St, Brooklyn, NY 11234	40.621014	-73.938355	0.276444350889	1	0.410234839472	2	1.53217520549	0	6	4	2900	450000	14	2400	1935	188	40	104	84	84	120	88	56	52	36	8	336
30793612_zpid	30793612_zpid	11229	6 Melba Ct, Brooklyn, NY 11229	40.5867448	-73.9256597	0.459828178097	2	1.28788426348	0	2.40900463864	0	4	2	1044	164500	45	1800	1925	8	12	4	56	0	0	116	40	72	4	16	140
29852525_zpid	29852525_zpid	10463	3515 Riverdale Ave, Bronx, NY 10463	40.88577	-73.907445	0.156108222038	10	0.155641917835	2	0.56681113586	1	6	5	2991	960000	0	1881	1965	172	43	52	49	41	41	44	13	30	20	12	143
30601206_zpid	30601206_zpid	11233	1095 Herkimer St, Brooklyn, NY 11233	40.67809	-73.9171889	0.238972528913	2	0.475936660956	4	0.372205761607	2	4	3	1701	415000	15	15	1899	248	20	142	179	124	47	39	17	61	76	36	238
30739989_zpid	30739989_zpid	11223	18 Manhattan Ct, Brooklyn, NY 11223	40.587758	-73.96714	0.370491176867	5	0.424799582723	1	0.635787640862	1	4	3.5	2848	770000	48	2003	2000	208	40	36	60	16	64	108	92	48	4	20	236
79717363_zpid	79717363_zpid	11219	1325 64th St, Brooklyn, NY 11219	40.626308	-74.000013	0.255149924472	6	0.52598755953	3	0.264066419007	4	6	2	3270	850000	29	1928	1910	51	10	23	21	15	56	69	52	13	9	17	134
29842461_zpid	29842461_zpid	10461	2822 Zulette Ave # 2, Bronx, NY 10461	40.841827	-73.836111	0.161236067058	4	0.775532836855	0	0.227341967891	3	4	2.5	2214	412000	28	2375	1960	264	64	80	64	60	140	84	52	48	36	12	308
30600064_zpid	30600064_zpid	11233	604 Bainbridge St, Brooklyn, NY 11233	40.682788	-73.912881	0.157830009085	5	0.213253123727	4	0.205044320915	4	6	4	3000	999000	12	2000	1899	164	32	136	135	95	19	29	6	45	63	14	182
30637532_zpid	30637532_zpid	11208	143 Shepherd Ave, Brooklyn, NY 11208	40.681456	-73.8818639	0.0755829146144	7	0.135260538493	3	0.154140670289	3	5	2.5	2240	420000	61	2000	1930	340	148	240	284	244	200	136	104	152	104	60	696
30627021_zpid	30627021_zpid	11221	18A Bleecker St, Brooklyn, NY 11221	40.693047	-73.922871	0.305227587513	11	0.258394878698	5	0.383746390466	4	5	2.5	2200	1026000	5	2482	1920	197	60	86	123	90	41	40	16	62	40	36	258
30767615_zpid	30767615_zpid	11236	625 E 77th St, Brooklyn, NY 11236	40.637013	-73.918357	0.41971611188	6	0.438969021327	2	1.75953703863	0	4	3	2420	437000	14	2000	1965	18	7	20	13	8	20	26	9	16	6	6	56
30587783_zpid	30587783_zpid	11215	451 8th St, Brooklyn, NY 11215	40.667252	-73.980031	0.0786851264503	19	0.487248947409	4	0.1116282701	2	4	3.5	2295	3325000	7	1733	1901	34	63	17	43	16	25	67	40	31	7	18	187
30620892_zpid	30620892_zpid	11222	74 Jewel St, Brooklyn, NY 11222	40.7278189	-73.946859	0.124474411099	15	0.418700857616	4	0.514328767171	2	6	3	2800	950000	42	1800	1901	25	41	16	21	9	21	25	19	16	13	10	117
30581578_zpid	30581578_zpid	11217	127 Saint Marks Pl, Brooklyn, NY 11217	40.681234	-73.977869	0.053699568744	12	0.218507564013	5	0.23823042042	9	2	1	3360	915000	163	2000	1910	59	145	30	40	28	42	49	69	43	12	28	207
116165909_zpid	116165909_zpid	11217	63 S Portland Ave, Brooklyn, NY 11217	40.687688	-73.974417	0.0681495610538	9	0.176183339529	3	0.0471635132641	9	2	1	950	1150000	79	2200	1900	36	53	20	23	9	11	16	20	15	10	11	103
30733492_zpid	30733492_zpid	11224	2826 W 19th St, Brooklyn, NY 11224	40.5779939	-73.98643	0.270350349029	2	0.414685355757	4	0.443993720456	1	8	4	3000	499900	11	2395	1901	216	44	88	132	100	64	120	48	36	72	16	296
89067237_zpid	89067237_zpid	10470	4442 Richardson Ave, Bronx, NY 10470	40.8998467	-73.8542718	0.334653996071	3	0.406911820694	2	0.163618695677	3	10	7	6757	690000	91	3438	2007	92	10	23	32	19	13	5	2	10	18	3	61
30740436_zpid	30740436_zpid	11235	2860 Brighton 3rd St, Brooklyn, NY 11235	40.5815957	-73.9659708	0.178777569074	10	0.519737148869	7	0.59074275219	3	5	4	1800	575000	116	1600	1931	156	108	152	244	88	204	132	80	104	32	64	500
29778590_zpid	29778590_zpid	10452	1323 Dr Martin L King Jr Blvd, Bronx, NY 10452	40.8410269	-73.927189	0.314279901835	2	0.209425976597	4	0.781783988292	0	6	2	2488	416000	26	2000	1901	1048	104	436	420	356	128	80	36	156	128	44	488
30749653_zpid	30749653_zpid	11235	2611 E 11th St, Brooklyn, NY 11235	40.587003	-73.959068	0.106117472887	8	0.353469218582	4	0.415506908748	1	4	2	1824	940000	4	2660	1950	380	64	84	180	116	216	160	112	128	64	44	456
30778960_zpid	30778960_zpid	11236	1611 E 92nd St, Brooklyn, NY 11236	40.63277	-73.89482	0.368465012104	7	0.107871195911	4	1.65571567742	0	6	4.5	1368	597938	95	5400	1925	32	8	17	18	7	49	19	16	15	9	1	66
89025833_zpid	89025833_zpid	11233	2308 Dean St, Brooklyn, NY 11233	40.6747572	-73.9113477	0.167523893407	8	0.153627491581	5	0.418578246196	4	6	6	2760	574500	48	1150	2007	210	16	113	152	93	41	33	20	49	69	27	182
30747979_zpid	30747979_zpid	11235	2437 E 19th St, Brooklyn, NY 11235	40.591706	-73.950874	0.148700449138	12	0.272645145098	3	0.535360737933	2	3	2	2024	225000	323	2200	1930	124	32	12	60	28	100	112	100	92	16	4	324
30654563_zpid	30654563_zpid	11203	5613 Kings Hwy, Brooklyn, NY 11203	40.64897	-73.923756	0.494052616544	7	0.48961416132	3	1.52466822438	0	4	3	2397	480000	7	2263	1950	89	12	31	35	33	36	32	7	10	20	8	104
29782933_zpid	29782933_zpid	10456	659 Jefferson Pl, Bronx, NY 10456	40.833248	-73.8989566	0.11704301363	4	0.289950664605	6	0.692282817256	1	4	3.5	1875	400000	37	1393	1901	214	12	78	110	55	24	10	4	13	28	14	146
83050225_zpid	83050225_zpid	11238	456A Classon Ave APT 1, Brooklyn, NY 11238	40.6843069	-73.959402	0.304133534024	13	0.366356024099	5	0.475978580695	5	4	4.5	2700	1325000	26	1500	1900	115	176	65	115	66	32	48	18	49	18	43	190
30610656_zpid	30610656_zpid	11216	24 Halsey St, Brooklyn, NY 11216	40.681222	-73.952541	0.251376029754	10	0.287669044311	8	0.248679014377	4	5	4	3152	1485000	14	1750	1899	206	155	90	127	95	21	46	21	51	52	42	249
30595730_zpid	30595730_zpid	11213	1503 Dean St, Brooklyn, NY 11213	40.676442	-73.938237	0.269505164841	9	0.367746844719	6	0.446035335055	2	8	3	2520	1200000	0	1600	1910	171	39	74	80	75	35	26	8	32	36	12	171
30650510_zpid	30650510_zpid	11212	7 E 92nd St, Brooklyn, NY 11212	40.663884	-73.929432	0.275470600955	11	0.134786854391	6	0.574391595337	2	4	3	2376	478000	18	1800	1945	109	5	49	54	37	26	8	4	15	18	8	110
30780352_zpid	30780352_zpid	11234	1247 E 69th St, Brooklyn, NY 11234	40.6246099	-73.914739	0.554013057047	4	0.685769298308	1	2.68464875361	0	3	1	3396	750000	21	4791	1975	84	16	52	52	36	208	56	92	60	36	24	348
30753596_zpid	30753596_zpid	11210	1236 E 35th St, Brooklyn, NY 11210	40.623802	-73.941806	0.208875547079	4	0.536806371284	3	1.12002694399	0	4	3	1749	692000	12	2000	1925	484	52	232	196	172	296	192	60	112	60	24	448
30668750_zpid	30668750_zpid	11226	348 E 28th St, Brooklyn, NY 11226	40.641919	-73.950832	0.374885782834	8	0.228577167544	4	0.298392894666	2	5	4	2124	799000	0	2050	1899	355	110	159	172	141	74	44	13	32	73	21	296
30752942_zpid	30752942_zpid	11230	1665 Ocean Ave, Brooklyn, NY 11230	40.6215119	-73.9552426	0.325968254702	4	0.495904240516	5	0.557886414455	2	7	4.5	9804	2200000	0	4181	1930	142	18	53	74	54	18	28	11	13	32	5	135
29827335_zpid	29827335_zpid	10467	829 E 220th St, Bronx, NY 10467	40.883217	-73.858379	0.34821148859	4	0.440107934459	1	0.371367690856	2	3	1	2738	228500	207	2856	1925	107	9	52	66	48	55	9	2	24	36	5	103
30694029_zpid	30694029_zpid	11209	257 73rd St, Brooklyn, NY 11209	40.633257	-74.028059	0.0843865400962	14	0.24391664399	4	0.438951456708	2	5	2	2000	1030000	2	2000	1925	146	32	48	52	38	41	46	108	23	18	5	158
30707172_zpid	30707172_zpid	11228	1417 78th St, Brooklyn, NY 11228	40.617134	-74.006333	0.275054974031	10	0.50281439432	4	0.630423730668	2	3	3	1500	1088000	0	2500	1925	9	11	6	21	6	41	38	43	18	3	4	70
30659551_zpid	30659551_zpid	11203	3507 Snyder Ave, Brooklyn, NY 11203	40.649446	-73.944258	0.277799464217	6	0.233274157028	3	0.475229825372	2	5	2	2352	645000	0	2200	1910	145	21	115	99	83	66	14	5	26	31	10	121
30779135_zpid	30779135_zpid	11236	1590 E 96th St, Brooklyn, NY 11236	40.634379	-73.892079	0.215420168899	6	0.282145370383	4	1.59636995636	0	3	2	1344	210000	189	1916	1930	31	9	16	20	3	37	15	15	12	7	0	53
30734615_zpid	30734615_zpid	11223	1982 W 5th St, Brooklyn, NY 11223	40.599295	-73.977326	0.0866175899144	5	0.420759897002	4	0.254103931151	5	3	2	2556	680000	15	1800	1901	36	24	17	28	12	65	24	69	23	7	7	107
30600745_zpid	30600745_zpid	11233	86 Macdougal St, Brooklyn, NY 11233	40.679255	-73.917671	0.335454104528	3	0.472871117672	5	0.329486203889	3	6	3.5	1968	681000	8	1875	1910	253	33	150	173	128	40	35	14	58	77	33	234
30767656_zpid	30767656_zpid	11236	689 E 78th St, Brooklyn, NY 11236	40.636304	-73.916329	0.27664257203	6	0.278793125135	2	1.68025812596	0	11	5.5	3564	425000	18	4000	1960	31	9	24	15	9	32	26	11	24	7	7	81
30731121_zpid	30731121_zpid	11214	144 27th Ave, Brooklyn, NY 11214	40.590807	-73.987792	0.3570063242	4	0.747239397773	1	0.404701570209	1	6	3.75	3484	875000	39	2383	1967	52	32	28	72	12	80	116	88	104	28	20	248
29813311_zpid	29813311_zpid	10462	1820 Hunt Ave, Bronx, NY 10462	40.846105	-73.865182	0.141225316206	5	0.160091452489	1	0.40980341001	1	4	2	2448	400000	15	5000	1901	115	19	69	79	59	76	35	18	27	29	17	157
30738553_zpid	30738553_zpid	11223	503 Van Sicklen St, Brooklyn, NY 11223	40.5918368	-73.9755142	0.279189904548	9	0.290914967744	3	0.249781577345	4	4	3	1962	659000	0	1404	1921	36	8	10	17	5	39	26	39	20	5	5	81
29845490_zpid	29845490_zpid	10465	2989 Lawton Ave, Bronx, NY 10465	40.81809	-73.813883	0.309481874704	4	0.367996667895	1	3.43562607427	0	6	3	2400	440000	140	2442	1925	6	10	1	9	5	16	23	11	10	5	10	63
64920194_zpid	64920194_zpid	11232	204 21st St APT 1B, Brooklyn, NY 11232	40.6620395	-73.9947796	0.143340117106	7	0.351804484432	3	0.334101011167	2	2	1.5	1075	379236	131	2505	2003	30	22	16	21	9	18	21	25	15	7	4	68
30750333_zpid	30750333_zpid	11235	2658 Batchelder St, Brooklyn, NY 11235	40.588463	-73.937019	0.242349453371	7	0.38986322441	2	1.4590953802	0	5	3	2232	707000	13	1950	1960	34	10	23	25	12	26	14	23	22	9	5	101
30711119_zpid	30711119_zpid	11214	2150 84th St, Brooklyn, NY 11214	40.603483	-73.993722	0.19848358211	11	0.167838302875	9	0.17417190334	2	7	3	3025	800000	29	3001	1906	177	23	51	67	49	104	46	34	26	16	8	200
30603766_zpid	30603766_zpid	11221	165 Malcolm X Blvd, Brooklyn, NY 11221	40.68759	-73.9296729	0.150499563705	10	0.118525303934	4	0.644400800527	2	4	2	2500	400000	42	2500	1899	193	42	105	143	114	52	30	11	34	55	34	226
29777848_zpid	29777848_zpid	10451	291 E 161st St, Bronx, NY 10451	40.825594	-73.917412	0.0855169572649	11	0.180601047701	7	0.184656235826	2	4	3	2040	465000	26	2395	1925	320	36	73	77	71	14	22	17	26	19	20	190
30791733_zpid	30791733_zpid	11235	2756 E 23rd St, Brooklyn, NY 11235	40.585299	-73.945351	0.174429573723	7	0.740050098049	2	0.765220902153	0	3	2.5	1796	915000	14	8061	1901	33	10	11	31	5	38	23	26	22	3	4	89
30641646_zpid	30641646_zpid	11208	11 Cypress Ct, Brooklyn, NY 11208	40.6878298	-73.8730562	0.283420216839	5	0.142101055239	4	0.2388702587	3	7	2	2400	545000	9	2220	1930	81	33	56	72	41	62	37	15	46	37	7	163
30587843_zpid	30587843_zpid	11215	452 8th St, Brooklyn, NY 11215	40.666635	-73.979834	0.122593539328	18	0.521152843203	3	0.0567763728129	2	4	2	3060	3495000	0	1700	1886	36	58	18	39	13	23	62	37	26	7	15	167
30585376_zpid	30585376_zpid	11215	275 12th St, Brooklyn, NY 11215	40.6677729	-73.988083	0.0605580755733	16	0.0735827412321	4	0.326908770687	4	3	4	3600	1165000	64	2000	1890	89	94	30	78	30	47	64	33	40	24	27	256
30608565_zpid	30608565_zpid	11221	688 Greene Ave, Brooklyn, NY 11221	40.689309	-73.941157	0.220680087375	10	0.210416106088	3	0.884269090811	0	2	1	3600	1600000	14	20	1931	209	55	106	146	103	33	33	13	43	56	31	243
30719428_zpid	30719428_zpid	11204	1517 W 7th St, Brooklyn, NY 11204	40.6099885	-73.980951	0.10950469559	11	0.0897303198986	6	0.224458915859	3	8	5	3650	1449000	0	2000	1989	860	124	208	236	296	356	132	124	84	44	32	568
29846861_zpid	29846861_zpid	10465	508 Prentiss Ave, Bronx, NY 10465	40.821609	-73.810167	0.12152056978	4	0.691364951823	1	3.31512051063	0	3	2	1836	451500	7	2230	1960	76	40	12	20	8	40	40	40	44	12	8	140
94717393_zpid	94717393_zpid	10460	1814 Waterloo Pl, Bronx, NY 10460	40.8400005	-73.8878676	0.362742294	11	0.272419766184	4	0.302163681371	2	5	3	3777	415000	3	936	2008	756	100	400	396	388	64	76	12	112	108	60	712
30609823_zpid	30609823_zpid	11216	219 Jefferson Ave, Brooklyn, NY 11216	40.6836259	-73.948855	0.105459493498	14	0.223580080556	8	0.347122782519	5	8	6	4000	2695000	1	2000	1901	242	133	123	157	121	31	57	29	62	70	29	314
30572992_zpid	30572992_zpid	11231	126 2nd St, Brooklyn, NY 11231	40.6773587	-73.9912711	0.247940774716	9	0.343334182693	2	0.456369488386	3	1	1	3200	320000	192	1600	1899	12	18	1	16	9	10	27	28	13	1	1	67
112507888_zpid	112507888_zpid	11249	22 N 6th St APT 15G, Brooklyn, NY 11249	40.7201615	-73.9634606	0.104973131948	8	0.0934040680017	2	0.566301029851	1	1	1	684	895000	19	77972.40000000001	2007	56	76	5	12	2	27	8	21	11	37	0	94
29847261_zpid	29847261_zpid	10465	3242 Hatting Pl, Bronx, NY 10465	40.81628	-73.802233	0.794926978247	0	1.36329588009	0	4.20388002835	0	4	3	1840	395000	0	3998	1939	2	1	3	0	0	1	9	7	4	0	0	17
29850277_zpid	29850277_zpid	10464	96 Winters St, Bronx, NY 10464	40.843431	-73.785829	0.0422681288085	3	3.37235924866	0	3.63187710396	0	3	1	1674	360000	15	2375	1960	72	56	20	32	12	8	136	44	40	12	88	176
30757703_zpid	30757703_zpid	11234	1744 E 37th St, Brooklyn, NY 11234	40.614164	-73.935357	0.348440265369	5	0.224229435202	2	1.99382883008	0	2	2	1652	370000	16	1800	1925	16	72	28	44	12	104	116	68	132	16	8	288
29784233_zpid	29784233_zpid	10458	2329 Washington Ave, Bronx, NY 10458	40.856079	-73.892705	0.161152896425	11	0.406001895851	7	0.626686645576	3	4	2	1290	300000	15	1089	1910	370	49	170	172	185	18	28	13	39	58	29	279
63194939_zpid	63194939_zpid	11224	2008 Mermaid Ave, Brooklyn, NY 11224	40.576108	-73.987118	0.286582641687	2	0.200875228052	4	0.518637536866	1	3	2	1901	569999	0	2810	2003	74	14	38	45	32	16	29	9	12	26	8	92
29786947_zpid	29786947_zpid	10463	119 Van Cortlandt Ave W, Bronx, NY 10463	40.884346	-73.893163	0.417707348659	3	0.160697728938	1	0.649611834665	1	4	3	2289	510000	22	2655	1940	459	13	35	46	39	19	27	17	19	10	9	81
30791872_zpid	30791872_zpid	11235	2620 Voorhies Ave, Brooklyn, NY 11235	40.586739	-73.942424	0.326259067839	4	0.564311562224	1	0.991873498718	0	7	4.5	3116	987250	25	6000	1930	100	40	60	104	48	148	96	112	140	12	24	380
30612609_zpid	30612609_zpid	11205	265 Skillman St, Brooklyn, NY 11205	40.690182	-73.955954	0.142508537293	10	0.0934413021706	6	0.36850778472	2	3	1	1000	425000	143	2500	1901	135	56	33	55	29	26	30	29	24	10	18	136
29844537_zpid	29844537_zpid	10465	2980 Bruckner Blvd, Bronx, NY 10465	40.8339332	-73.8257764	0.253189196054	4	0.466043142991	1	1.4179760888	0	4	2.5	4000	750000	0	4499	1927	24	56	28	28	28	40	76	52	32	12	16	116
30761130_zpid	30761130_zpid	11234	1266 E 54th St, Brooklyn, NY 11234	40.626951	-73.924108	0.233317720005	8	0.42875354746	2	2.09339181353	0	3	1.5	1480	360000	30	2000	1950	34	15	28	25	19	64	25	25	18	18	6	97
30761531_zpid	30761531_zpid	11210	1224 E 40th St, Brooklyn, NY 11210	40.62519	-73.937219	0.204948822518	1	0.877814799313	0	1.22469917718	0	9	3.5	2760	375000	61	20	1930	61	7	27	34	20	36	35	12	21	11	9	73
30586186_zpid	30586186_zpid	11215	67 16th St, Brooklyn, NY 11215	40.6671989	-73.9939179	0.200759427615	12	0.548906605086	1	0.217436525506	3	4	3.5	1890	1425000	5	1638	1899	43	45	12	29	15	21	42	13	23	10	7	127
