30761211_zpid	30761211_zpid	11234	1239 E 55th St, Brooklyn, NY 11234	40.626619	-73.922542	0.283937761399	6	0.471328070255	2	2.23062798576	0	6	3	2500	353544	41	2918	1960	27	14	26	22	18	50	22	24	19	20	8	89
30639375_zpid	30639375_zpid	11208	428 Shepherd Ave, Brooklyn, NY 11208	40.673874	-73.881027	0.139865094954	7	0.355602744829	3	0.036865373541	2	4	2	1900	260000	50	1900	1901	148	23	75	88	66	43	30	11	30	52	22	169
30611520_zpid	30611520_zpid	11213	10 Alice Ct, Brooklyn, NY 11213	40.678305	-73.940306	0.209150036734	8	0.315699750145	7	0.18583020536	2	2	1	1920	335000	168	1240	1899	120	25	63	65	53	23	17	5	25	27	11	134
30590492_zpid	30590492_zpid	11238	152 Underhill Ave, Brooklyn, NY 11238	40.6758635	-73.9666331	0.0807109922685	13	0.245316437866	5	0.361329074255	3	5	4	4332	1250000	87	1942	1910	208	150	79	97	93	25	40	36	43	39	12	220
30642959_zpid	30642959_zpid	11208	200 Lincoln Ave, Brooklyn, NY 11208	40.685234	-73.869955	0.271312585636	7	0.17513224581	4	0.395094898173	3	4	2	2160	425000	19	1751	1940	99	36	51	82	46	68	39	12	60	38	7	187
30570225_zpid	30570225_zpid	11231	562 Henry St APT 1, Brooklyn, NY 11231	40.681883	-74.000769	0.129781169377	14	0.268198080964	3	0.557873897934	1	1	1	1000	3400000	33	2000	1900	116	212	100	216	56	72	212	144	64	32	48	704
29835032_zpid	29835032_zpid	10466	3731 Rombouts Ave, Bronx, NY 10466	40.887329	-73.830541	0.181520324301	2	0.183097406507	2	0.110868056924	1	4	2	1372	330000	117	1795	1925	18	8	11	14	1	18	22	14	19	5	1	57
29778547_zpid	29778547_zpid	10452	916 Summit Ave, Bronx, NY 10452	40.831323	-73.930955	0.109394857821	1	0.406540559305	4	0.497464511411	3	8	5	5128	550000	19	1912	1901	291	31	118	123	126	25	11	3	49	56	17	201
30769715_zpid	30769715_zpid	11236	2 Paerdegat 3rd St, Brooklyn, NY 11236	40.631241	-73.911142	0.442104625441	5	0.48277508705	4	1.88678389222	0	7	4	3430	515000	139	3233	1965	26	4	12	10	5	34	15	2	19	3	1	42
29794064_zpid	29794064_zpid	10473	944 Castle Hill Ave, Bronx, NY 10473	40.8266909	-73.849461	0.140974244186	7	0.682694001982	2	0.865061219635	0	5	3	1816	436000	3	1655	1910	27	12	7	11	9	19	12	5	6	4	5	30
30631196_zpid	30631196_zpid	11207	43 Furman Ave, Brooklyn, NY 11207	40.6825199	-73.906999	0.0874536270682	4	0.19046834366	3	0.158349686174	7	8	3	3420	600000	35	2000	1931	70	21	58	82	50	13	23	15	14	26	10	135
30760859_zpid	30760859_zpid	11234	1378 E 48th St, Brooklyn, NY 11234	40.627334	-73.930033	0.229814695281	8	0.47118057963	1	1.60881975492	0	3	1.5	1632	629000	0	2400	1940	88	52	56	52	28	204	116	76	88	12	8	284
30636575_zpid	30636575_zpid	11207	235 Sunnyside Ave, Brooklyn, NY 11207	40.683141	-73.88933	0.488541027369	6	0.429901585722	4	0.532203611468	2	9	3	3120	495500	53	1611	1901	180	116	128	136	116	152	104	60	104	40	24	320
30628282_zpid	30628282_zpid	11221	1351 Putnam Ave, Brooklyn, NY 11221	40.694138	-73.913179	0.205521823947	8	0.32534453537	3	0.627166663327	3	8	4.5	2880	590000	40	2000	1910	114	24	96	103	80	29	32	7	42	46	28	153
30792655_zpid	30792655_zpid	11235	107 Neptune Ave, Brooklyn, NY 11235	40.5826009	-73.957873	0.171059545222	12	0.189815348126	8	0.572193919847	2	8	3	2754	570000	14	1773	1915	928	168	252	340	196	284	200	132	168	124	100	800
30602147_zpid	30602147_zpid	11221	379 Kosciuszko St, Brooklyn, NY 11221	40.69218	-73.939563	0.131999749901	10	0.204073356108	5	0.649492347508	1	6	3	2600	925000	14	1579	1899	149	50	63	106	69	30	25	11	27	43	30	186
64708271_zpid	64708271_zpid	11232	204 21st St APT 3B, Brooklyn, NY 11232	40.6620395	-73.9947796	0.143340117106	7	0.351804484432	3	0.334101011167	2	2	1.5	651	303186	132	2505	2003	30	22	16	21	9	18	21	25	15	7	4	68
30600854_zpid	30600854_zpid	11233	254 Macdougal St, Brooklyn, NY 11233	40.6801839	-73.91002	0.247662385779	6	0.270816215878	5	0.198758326698	6	7	4	2727	820000	12	1176	1899	190	18	149	158	114	38	40	16	51	75	25	183
30610549_zpid	30610549_zpid	11216	281 Halsey St, Brooklyn, NY 11216	40.682934	-73.941861	0.171527060611	11	0.399009374963	8	0.345928122862	3	5	3	2924	1200000	7	1625	1901	125	79	79	107	69	14	36	21	32	39	24	170
30630798_zpid	30630798_zpid	11237	1350 Decatur St, Brooklyn, NY 11237	40.6919339	-73.9041172	0.107720042131	8	0.908574215562	0	0.352922827035	2	3	2	3135	1140000	10	1875	1910	51	18	29	37	26	16	10	5	21	16	8	60
30657629_zpid	30657629_zpid	11225	359 Winthrop St, Brooklyn, NY 11225	40.657457	-73.947826	0.197257677314	5	0.233104539562	7	0.18594239954	2	6	3	2260	455000	58	800	1901	126	17	60	59	56	30	15	7	23	26	6	100
29788999_zpid	29788999_zpid	10470	18 E 236th St, Bronx, NY 10470	40.8973299	-73.874965	0.223819169569	1	0.636310823494	1	1.03729370634	0	3	1	4664	449000	0	3200	1925	15	3	5	6	2	17	5	7	1	3	1	27
30749742_zpid	30749742_zpid	11235	3042 Ocean Ave, Brooklyn, NY 11235	40.586968	-73.949468	0.261072258473	11	0.361949212603	3	0.39631167466	1	6	5	4250	1350000	9	2520	1965	272	76	52	172	36	204	128	116	144	52	16	620
30781569_zpid	30781569_zpid	11234	1420 E 71st St, Brooklyn, NY 11234	40.622376	-73.910656	0.545529488641	5	0.581426897796	1	2.80312916342	0	5	5	2220	719000	0	3149	1984	116	12	48	56	24	188	96	84	92	20	28	332
29813465_zpid	29813465_zpid	10462	1864 Barnes Ave, Bronx, NY 10462	40.8478365	-73.8630499	0.24061622053	6	0.19539102868	3	0.468502082149	1	4	2.5	1782	405000	2	1080	1970	168	26	70	73	58	85	38	28	27	28	14	160
30608205_zpid	30608205_zpid	11216	479 Greene Ave, Brooklyn, NY 11216	40.688518	-73.9519679	0.232415718213	12	0.342948464595	5	0.162456658248	2	6	3	3600	1300000	8	2000	1931	117	70	75	99	71	32	27	15	27	41	33	208
30726890_zpid	30726890_zpid	11229	1619 E 15th St, Brooklyn, NY 11229	40.609991	-73.958254	0.1799938869	4	0.277022454093	5	0.151149397072	1	7	3	2808	760000	9	2252	1920	97	24	38	40	34	35	22	23	11	13	6	162
30668646_zpid	30668646_zpid	11226	373 E 25th St, Brooklyn, NY 11226	40.641153	-73.953072	0.228283386382	6	0.17279034737	5	0.415262873172	2	3	2	1970	729000	11	2000	1899	488	121	220	242	218	70	47	17	48	99	22	385
30668157_zpid	30668157_zpid	11218	493 Stratford Rd, Brooklyn, NY 11218	40.636373	-73.96699	0.28103485375	8	0.281284773985	9	0.382567338457	2	6	3	2592	274000	202	4000	1909	93	24	46	37	23	52	29	24	12	9	6	104
30631306_zpid	30631306_zpid	11207	87 Vanderveer St, Brooklyn, NY 11207	40.682088	-73.903922	0.227193316254	3	0.45308269272	1	0.106122547983	9	6	3	2850	345050	38	1900	1910	45	15	40	48	33	11	16	14	10	18	5	96
29852584_zpid	29852584_zpid	10471	280 W 246th St, Bronx, NY 10471	40.892746	-73.900436	0.279040757441	3	1.10063715923	0	0.361043503136	1	6	3.5	3618	620000	244	9300	1920	44	11	5	9	6	1	12	3	4	1	3	26
30754605_zpid	30754605_zpid	11234	3703 Avenue M, Brooklyn, NY 11234	40.6205939	-73.9387069	0.326013993807	1	0.355327047319	2	1.5579047131	0	6	2.75	2837	719000	0	1999	1935	37	11	21	17	16	34	22	16	13	8	2	87
29852643_zpid	29852643_zpid	10471	4500 Delafield Ave, Bronx, NY 10471	40.8912197	-73.9065288	0.411352673034	10	0.683219274086	1	0.711483331253	1	3	4	2098	1790000	0	9975	1925	19	6	2	1	0	2	19	3	4	0	1	17
30609857_zpid	30609857_zpid	11216	402 Putnam Ave, Brooklyn, NY 11216	40.684336	-73.945139	0.149922595967	11	0.26043067583	8	0.569768038417	3	8	4	3600	1	17	2000	1915	168	114	101	153	98	21	38	17	53	60	22	234
30635943_zpid	30635943_zpid	11207	577 Pennsylvania Ave, Brooklyn, NY 11207	40.663025	-73.893231	0.17940439109	5	0.176727532199	8	0.227737479887	4	8	4	2280	567100	117	2383	1920	291	19	176	164	179	35	51	14	47	88	19	307
30642302_zpid	30642302_zpid	11208	4 Danforth St, Brooklyn, NY 11208	40.686432	-73.872843	0.298224381293	5	0.248368335261	4	0.369119463247	3	8	2	1980	360400	32	2163	1901	97	41	65	86	50	75	41	17	64	46	8	197
83178128_zpid	83178128_zpid	10460	802 Elsmere Pl, Bronx, NY 10460	40.842928	-73.888312	0.3415248302	6	0.142677842341	3	0.629726130159	1	5	4	2500	415000	54	2500	2003	201	13	99	81	92	15	14	7	32	29	17	149
30650939_zpid	30650939_zpid	11212	153 E 92nd St, Brooklyn, NY 11212	40.661247	-73.926461	0.103432495354	11	0.257070602384	5	0.502299908494	1	6	2	2680	225000	9	2533	1925	1720	56	564	564	520	188	56	24	132	236	80	944
30781747_zpid	30781747_zpid	11234	2058 E 61st St, Brooklyn, NY 11234	40.615334	-73.91548	0.251291614139	6	0.554926123795	1	3.34368471759	0	3	2.5	1510	547000	7	2483	1960	8	10	8	7	3	26	19	7	19	1	3	56
30746365_zpid	30746365_zpid	11229	2287 E 28th St, Brooklyn, NY 11229	40.596046	-73.942723	0.22049803824	8	0.446334334573	3	1.05511434491	0	3	3	1824	544000	5	1600	1940	7	12	3	17	4	17	25	20	18	3	2	62
30642492_zpid	30642492_zpid	11208	157 Grant Ave, Brooklyn, NY 11208	40.687219	-73.867821	0.16662020317	8	0.2348166662	6	0.460578246665	3	5	3	3316	665000	8	4356	1901	228	116	156	220	136	204	108	40	128	92	16	484
30585431_zpid	30585431_zpid	11215	329 12th St, Brooklyn, NY 11215	40.6667429	-73.985967	0.171177674209	20	0.139740741245	5	0.48096280838	4	4	3	2032	1790000	21	1668	1901	85	89	27	70	23	44	72	32	30	25	24	252
30594679_zpid	30594679_zpid	11225	142 Sullivan Pl, Brooklyn, NY 11225	40.6641199	-73.956191	0.275517169591	8	0.330049388505	5	0.476371896424	5	4	2.5	1425	841000	21	2217	1925	495	62	192	166	192	16	32	18	52	68	23	298
30602639_zpid	30602639_zpid	11221	214 Van Buren St, Brooklyn, NY 11221	40.690432	-73.937793	0.182234671686	10	0.384788185746	5	0.775438235573	0	3	1	3420	319410	54	1742	1899	208	56	106	150	90	39	29	14	45	56	34	233
30721786_zpid	30721786_zpid	11223	1759 W 6th St, Brooklyn, NY 11223	40.6044917	-73.9786966	0.247164489225	10	0.0818051056414	3	0.153641937647	3	3	2	1176	665000	13	1900	1920	448	100	196	112	160	400	104	196	88	64	24	500
30719295_zpid	30719295_zpid	11204	1565 W 9th St, Brooklyn, NY 11204	40.6086894	-73.9825227	0.166550955327	11	0.243366556764	7	0.359419277412	2	9	5	3444	1170000	26	2600	1928	544	96	132	164	224	240	80	104	60	40	24	420
30734546_zpid	30734546_zpid	11223	1972 W 6th St, Brooklyn, NY 11223	40.599397	-73.978416	0.0555632730955	6	0.392531897089	5	0.222680018153	6	8	2.75	3204	990000	14	2400	1925	37	25	15	25	11	69	28	50	21	9	7	98
30737931_zpid	30737931_zpid	11223	2252 E 1st St, Brooklyn, NY 11223	40.5938329	-73.970177	0.347945579853	3	0.717672670994	1	0.365900141291	3	3	2	1728	720000	7	2000	1930	50	8	18	31	13	47	42	38	26	7	6	118
29827311_zpid	29827311_zpid	10467	844 E 220th St, Bronx, NY 10467	40.882593	-73.858019	0.402837786303	4	0.515861183888	1	0.418802527898	2	4	2	2660	499000	0	2857	1920	97	9	51	65	48	52	9	2	29	39	7	98
30699081_zpid	30699081_zpid	11209	8411 Colonial Rd, Brooklyn, NY 11209	40.6258709	-74.03562	0.443411341351	8	0.734349948756	1	0.70566092741	1	3	2	1752	1180000	11	3550	1925	104	80	36	72	32	108	116	88	48	16	8	340
2099032467_zpid	2099032467_zpid	11233	94 Mother Gaston Blvd, Brooklyn, NY 11233	40.6785145	-73.9082989	0.263594680888	5	0.246751125501	3	0.208783206935	8	9	3	5184	2400000	0	1600	1910	205	22	136	175	117	40	36	15	53	75	28	187
30761620_zpid	30761620_zpid	11210	4040 Hubbard Pl, Brooklyn, NY 11210	40.6249265	-73.9356159	0.267678038513	7	0.739324506991	1	1.34445479722	0	4	2	1232	285000	85	1761	1915	41	5	18	25	10	21	26	9	17	8	9	59
30754175_zpid	30754175_zpid	11210	1229 E 28th St, Brooklyn, NY 11210	40.620978	-73.9474539	0.428079454389	2	0.160404390432	2	1.07640384562	0	5	3	1993	999000	1	2850	1925	26	4	3	15	7	39	30	9	22	1	1	59
30620035_zpid	30620035_zpid	11222	209 Kent St, Brooklyn, NY 11222	40.7313029	-73.952358	0.211510779829	12	0.156764043872	4	0.19171956467	2	5	3	2208	990000	35	2482	1899	71	79	46	53	34	51	41	28	24	16	16	204
29833193_zpid	29833193_zpid	10466	952 E 231st St, Bronx, NY 10466	40.889406	-73.850681	0.175201401162	7	0.332640644439	4	0.710212775007	1	3	2	1168	326366	51	2003	1935	86	10	40	33	30	92	22	5	27	16	13	88
30607475_zpid	30607475_zpid	11206	120 Marcus Garvey Blvd, Brooklyn, NY 11206	40.694499	-73.940618	0.100365702149	10	0.193105062442	3	0.515938302406	3	4	4	2772	510000	20	1320	1931	436	160	204	304	188	144	80	116	88	132	68	592
30601326_zpid	30601326_zpid	11233	1311 Herkimer St, Brooklyn, NY 11233	40.677692	-73.909979	0.0974632606758	6	0.0812992110626	3	0.111393905628	8	6	6	2922	1280000	4	2000	1905	244	27	167	195	141	49	41	26	62	85	30	225
30567582_zpid	30567582_zpid	11201	60 Pierrepont St APT 3, Brooklyn, NY 11201	40.695476	-73.99487	0.032296793925	15	0.29593097714	5	0.267851942817	7	2	1	7455	874000	38	2500	1894	61	110	25	30	21	12	66	39	29	8	15	183
30749082_zpid	30749082_zpid	11235	4586 Bedford Ave, Brooklyn, NY 11235	40.589726	-73.945039	0.0647116037531	12	0.490879194327	3	0.832540709687	0	4	3	1980	829000	0	2183	1930	92	14	17	32	8	46	33	35	40	5	1	117
30607214_zpid	30607214_zpid	11206	104 Marcus Garvey Blvd, Brooklyn, NY 11206	40.6952581	-73.9407235	0.0361615270223	10	0.113314145191	4	0.479499375765	3	3	2	3300	930000	16	1596	1931	456	184	240	332	200	156	88	128	92	148	68	704
30580302_zpid	30580302_zpid	11218	1706 11th Ave, Brooklyn, NY 11218	40.655606	-73.978253	0.337482975089	8	0.141981738345	3	0.576003752143	2	7	4	2700	1768100	29	2575	1930	2	12	10	11	5	17	13	16	10	0	2	33
29853698_zpid	29853698_zpid	10471	306 W 261st St, Bronx, NY 10471	40.909367	-73.899105	0.483151965091	5	0.484041765389	6	1.39877233236	0	7	4	3115	695000	13	4012	1930	13	10	7	10	5	17	25	9	15	2	4	43
29831952_zpid	29831952_zpid	10466	724 E 223rd St, Bronx, NY 10466	40.88593	-73.860553	0.115235149667	5	0.0959476921752	1	0.233562810227	2	5	2	2750	539000	0	2591	1970	197	10	80	96	79	50	19	7	33	50	8	139
30755804_zpid	30755804_zpid	11229	1527 E 27th St, Brooklyn, NY 11229	40.613516	-73.947004	0.285502724105	2	0.625037717239	5	1.06073800382	0	3	2	1800	627500	143	3200	1930	172	16	80	64	36	84	104	44	68	12	8	268
30790597_zpid	30790597_zpid	11235	109 Oriental Blvd, Brooklyn, NY 11235	40.5772028	-73.9525395	0.0191496448619	7	0.527119891972	3	0.740537128776	1	2	2	1900	95000	18	1900	1920	488	128	96	164	116	104	160	80	116	60	16	352
30660527_zpid	30660527_zpid	11203	350 E 35th St, Brooklyn, NY 11203	40.646538	-73.944579	0.385313435311	5	0.117501043661	4	0.403187273224	2	1	1	648	510000	26	2000	1920	316	36	308	208	212	144	48	12	80	64	52	300
30781456_zpid	30781456_zpid	11234	1414 E 69th St, Brooklyn, NY 11234	40.621545	-73.912237	0.423497790582	6	0.535501511493	1	2.92961960683	0	5	46.5	2494	785000	113	3600	1986	96	12	36	64	20	188	116	84	92	20	32	340
29833147_zpid	29833147_zpid	10466	960 E 230th St, Bronx, NY 10466	40.888573	-73.850635	0.247710760726	7	0.305466910304	3	0.771769489145	0	3	1.5	2040	399000	0	2038	1925	92	11	47	35	31	92	16	5	30	16	15	90
30654534_zpid	30654534_zpid	11203	333 E 55th St, Brooklyn, NY 11203	40.649723	-73.925027	0.36351826922	8	0.361925353994	3	1.49829198177	0	3	1.5	819	383000	9	2000	1925	496	52	176	184	188	200	144	28	56	108	28	528
29846564_zpid	29846564_zpid	10465	3206 Schley Ave, Bronx, NY 10465	40.826876	-73.814489	0.601861826904	2	0.727631423041	1	2.63764808263	0	3	3	2244	459000	0	2500	2004	11	2	6	11	0	4	13	16	12	0	4	34
63067556_zpid	63067556_zpid	10473	104 Bolton Ave, Bronx, NY 10473	40.807378	-73.855591	0.923624206765	0	1.5722595893	0	2.87097762383	0	5	3	2380	430000	67	20	2005	16	9	20	14	9	10	14	13	7	10	4	48
30645949_zpid	30645949_zpid	11208	1162 Sutter Ave, Brooklyn, NY 11208	40.672112	-73.875061	0.187820958139	8	0.166883118877	5	0.440845799864	2	7	4	3120	550000	7	2252	1930	171	20	102	106	88	56	39	11	23	60	20	177
29833845_zpid	29833845_zpid	10466	4182 Paulding Ave, Bronx, NY 10466	40.890204	-73.848668	0.0577009670989	5	0.256270845462	3	0.81223662901	0	3	1.5	1732	365000	22	1550	1945	60	15	31	24	19	74	25	8	29	18	10	83
30637546_zpid	30637546_zpid	11208	111 Shepherd Ave, Brooklyn, NY 11208	40.6821879	-73.882046	0.116369361559	7	0.186838489761	3	0.190274478501	3	4	2	1677	360000	24	1688	1920	308	136	196	212	216	196	128	96	140	88	56	624
30766652_zpid	30766652_zpid	11234	649 E 59th St, Brooklyn, NY 11234	40.638065	-73.919937	0.368772641392	4	0.555995595565	2	1.80229495905	0	4	2	3600	539000	7	2000	1965	60	8	4	20	8	20	32	8	40	8	4	96
30574149_zpid	30574149_zpid	11232	229 27th St, Brooklyn, NY 11232	40.658781	-73.997769	0.349995836498	5	0.196542206017	1	0.181935779026	2	1	1	1462	1015000	29	1703	1910	37	42	18	24	12	13	34	28	19	4	8	78
89066982_zpid	89066982_zpid	10451	315 E 163rd St, Bronx, NY 10451	40.826863	-73.915666	0.20394836368	9	0.37422478561	9	0.12802960133	1	9	6	3030	539762	61	1999	2007	131	24	56	61	47	8	15	16	19	14	17	134
30653557_zpid	30653557_zpid	11203	374 E 53rd St, Brooklyn, NY 11203	40.650708	-73.927672	0.198494328557	8	0.215825978585	3	1.53253567953	0	3	2.5	1274	344500	75	2000	1920	193	22	64	63	69	69	40	8	26	31	11	188
30592725_zpid	30592725_zpid	11216	756 Saint Johns Pl, Brooklyn, NY 11216	40.671585	-73.953333	0.237209233125	14	0.277228542492	3	0.29768979558	5	5	4	2610	750000	21	1836	1910	224	61	118	133	124	19	33	9	33	47	29	194
30640993_zpid	30640993_zpid	11207	563 Van Siclen Ave, Brooklyn, NY 11207	40.665843	-73.8883819	0.353120391648	9	0.3484002336	7	0.0296376565601	3	5	3	2700	625000	0	1000	1901	984	88	596	552	568	136	144	40	268	304	96	1036
30614963_zpid	30614963_zpid	11205	79 Carlton Ave, Brooklyn, NY 11205	40.695388	-73.972988	0.26439821623	7	0.219426322272	2	0.908798532261	0	8	4	3912	635000	88	2500	1901	35	55	18	31	22	45	11	27	15	13	9	104
