30623966_zpid	30623966_zpid	11211	233 Withers St, Brooklyn, NY 11211	40.717802	-73.942286	0.0718473747033	10	0.439090576306	3	0.389966138582	3	6	3	2800	2150000	0	2000	1920	10	111	11	33	15	19	24	8	21	8	15	107
30748694_zpid	30748694_zpid	11235	2521 E 12th St, Brooklyn, NY 11235	40.589109	-73.958147	0.192634884584	13	0.340414197499	4	0.417821876345	2	8	3	3600	605000	117	3600	1933	200	72	44	116	68	164	136	116	96	36	16	380
30669335_zpid	30669335_zpid	11210	685 E 22nd St, Brooklyn, NY 11210	40.635694	-73.955973	0.323108469188	9	0.484600651589	5	0.580146744818	1	7	4	2406	1175000	24	5000	1910	58	23	42	38	45	26	15	13	15	17	5	96
83178357_zpid	83178357_zpid	10466	3538 Ely Ave, Bronx, NY 10466	40.8815609	-73.8417217	0.508324593823	5	0.111360382436	3	0.38310077938	1	5	3.5	4509	515100	15	2369	2013	14	11	6	4	3	21	6	3	11	2	1	26
29834999_zpid	29834999_zpid	10466	3715 Secor Ave, Bronx, NY 10466	40.887466	-73.832678	0.280586582887	2	0.207154659997	2	0.180836067564	1	3	1.5	1120	330000	8	1088	1930	34	10	15	18	3	30	23	14	18	8	3	66
29853436_zpid	29853436_zpid	10471	436 W 259th St, Bronx, NY 10471	40.906484	-73.902999	0.0822093890839	4	0.158642331693	3	0.976750575021	0	3	2	1090	478000	6	2178	1910	15	13	3	9	6	18	34	9	16	4	7	55
29782904_zpid	29782904_zpid	10456	662 Jefferson Pl, Bronx, NY 10456	40.832856	-73.899135	0.139755145411	5	0.247462861645	6	0.684997863172	1	6	2	2112	10000	33	1691	1959	217	13	82	114	61	26	10	5	13	29	16	155
30705017_zpid	30705017_zpid	11204	1664 73rd St, Brooklyn, NY 11204	40.616337	-73.998222	0.153941056746	9	0.323035885077	5	0.366053050065	2	2	2	960	728000	1	1500	1910	44	56	28	128	28	124	72	72	48	16	12	232
30732381_zpid	30732381_zpid	11224	3606 Bayview Ave, Brooklyn, NY 11224	40.58071	-74.003128	0.663713326183	1	0.383571232025	1	1.87054396291	0	4	2	1520	395000	44	1800	1981	38	7	9	19	10	2	10	3	7	9	2	37
30675369_zpid	30675369_zpid	11218	676 E 3rd St, Brooklyn, NY 11218	40.635378	-73.976182	0.174376854039	6	0.289688839052	9	0.192357768466	2	6	4	1785	670000	19	2178	1920	136	45	79	75	63	70	33	103	21	17	6	211
30783044_zpid	30783044_zpid	11234	2380 E 71st St, Brooklyn, NY 11234	40.614951	-73.902418	0.741749265494	1	0.643506907266	1	3.52948803689	0	4	3	1332	650000	33	2700	1970	2	12	2	8	0	4	19	9	12	1	3	48
30669823_zpid	30669823_zpid	11230	663 Rugby Rd, Brooklyn, NY 11230	40.633343	-73.963578	0.071674599383	6	0.0711205332309	4	0.204628319013	2	5	4.5	2620	1700000	9	5000	1910	71	29	47	51	47	56	37	33	23	15	5	118
30614612_zpid	30614612_zpid	11238	288 Saint James Pl, Brooklyn, NY 11238	40.681708	-73.96373	0.130737715838	11	0.137180442426	5	0.333437179908	3	1	1	3200	590000	146	1520	1930	436	624	228	440	288	204	216	132	156	88	120	904
30737021_zpid	30737021_zpid	11223	2156 E 1st St, Brooklyn, NY 11223	40.59593	-73.970584	0.542208087001	4	0.710278099175	2	0.234859828745	3	1	1	3700	440000	192	3783	1930	26	5	10	25	6	46	26	52	23	1	4	87
30592913_zpid	30592913_zpid	11216	255 New York Ave, Brooklyn, NY 11216	40.67114	-73.947298	0.236742248959	13	0.25922583477	4	0.331727906108	3	6	4	3	1500000	21	1890	1905	156	45	81	87	84	11	20	3	26	36	20	144
30711957_zpid	30711957_zpid	11214	15 Bay 13th St, Brooklyn, NY 11214	40.609041	-74.006625	0.111125776518	10	0.296588558407	6	0.430528537068	2	6	2	1760	840000	19	2167	1940	26	18	17	27	4	25	24	33	17	3	3	84
30729225_zpid	30729225_zpid	11229	1918 Stuart St, Brooklyn, NY 11229	40.606585	-73.93949	0.29487202359	4	0.753408063329	0	1.56607352934	0	3	2	1280	620000	2	2533	1940	7	9	5	14	6	12	24	15	15	1	3	38
29818178_zpid	29818178_zpid	10462	902 Brady Ave, Bronx, NY 10462	40.852054	-73.861873	0.345517301022	10	0.417433426869	5	0.282112990734	3	11	7	4064	330000	230	5000	1955	411	35	81	63	77	56	43	17	39	28	24	177
30593139_zpid	30593139_zpid	11216	583 Eastern Pkwy, Brooklyn, NY 11216	40.6702119	-73.9490552	0.110215196534	11	0.225335337923	5	0.153861541456	3	8	3	3342	850000	111	2137	1901	154	47	81	84	82	12	23	3	21	33	18	124
29780744_zpid	29780744_zpid	10459	1123 Southern Blvd, Bronx, NY 10459	40.826983	-73.892212	0.300682485966	4	0.0342520918865	7	0.331794706023	5	5	3	1842	210000	59	1132	1900	284	47	108	152	121	39	34	11	44	39	32	267
30598245_zpid	30598245_zpid	11233	2423 Dean St, Brooklyn, NY 11233	40.674756	-73.907056	0.288594536622	5	0.395061635847	5	0.340615705877	7	12	6	3020	499500	8	2143	1901	105	9	69	102	69	29	24	13	36	39	15	113
29833122_zpid	29833122_zpid	10466	943 E 229th St, Bronx, NY 10466	40.888497	-73.851459	0.240663689868	8	0.37377026474	4	0.727603381957	2	9	4	3360	430000	11	3171	1931	101	12	47	42	32	93	17	5	29	17	14	93
29851103_zpid	29851103_zpid	10464	173 Ditmars St, Bronx, NY 10464	40.850205	-73.786216	0.29036669642	3	3.3363566492	0	3.4550424028	0	2	2	870	412000	15	5314	1947	2	24	2	2	1	2	21	17	5	1	17	43
30691318_zpid	30691318_zpid	11220	6642 Sedgwick Pl, Brooklyn, NY 11220	40.640188	-74.028908	0.401343582891	6	0.497445611968	2	0.745716466957	1	3	1	1440	600000	47	2178	1925	24	12	17	19	11	24	17	28	6	4	1	49
29781282_zpid	29781282_zpid	10474	636 Manida St, Bronx, NY 10474	40.812818	-73.887645	0.183403725045	5	0.300780045903	3	0.825972921562	0	8	4	4920	600000	101	2908	1925	125	17	89	78	65	22	18	2	28	16	12	145
30719542_zpid	30719542_zpid	11204	1551 W 5th St, Brooklyn, NY 11204	40.6094714	-73.9787309	0.30575509451	14	0.266103261781	6	0.377244194903	4	3	5	1472	759000	13	1999	1925	712	112	176	188	228	308	88	88	60	40	24	480
30614832_zpid	30614832_zpid	11238	184 Lefferts Pl, Brooklyn, NY 11238	40.680231	-73.95693	0.104330245736	12	0.150160294312	7	0.10159412923	4	6	4.5	4500	390000	35	1667	1899	97	132	60	77	56	43	32	24	26	20	29	182
30611925_zpid	30611925_zpid	11205	160 Classon Ave, Brooklyn, NY 11205	40.695085	-73.961609	0.149391832018	9	0.238141934237	8	0.703611581	1	4	2.5	1748	200000	23	2500	1901	49	69	26	40	23	41	23	33	28	9	25	158
30657637_zpid	30657637_zpid	11225	343 Winthrop St, Brooklyn, NY 11225	40.657421	-73.948406	0.148983988608	5	0.184931907299	8	0.137013614794	3	5	3	3090	640000	5	2112	1910	504	84	240	228	216	116	76	20	80	104	24	420
30784010_zpid	30784010_zpid	11234	3619 Fillmore Ave, Brooklyn, NY 11234	40.6118809	-73.932819	0.254368828055	3	0.473696653988	1	2.14233630101	0	3	1	952	499000	5	1530	1925	4	19	4	5	2	14	29	28	32	1	3	48
30668772_zpid	30668772_zpid	11226	1151 Rogers Ave, Brooklyn, NY 11226	40.641839	-73.951189	0.379120887977	8	0.259632171335	4	0.313832103462	2	6	2.5	3240	380250	119	20	1905	379	109	165	184	148	78	44	21	33	79	22	328
30573295_zpid	30573295_zpid	11231	94 Pioneer St, Brooklyn, NY 11231	40.678331	-74.009782	0.174372243668	4	0.141319388755	3	1.13504895549	0	4	2.5	1824	33000	222	1667	1899	29	57	16	27	12	12	31	10	11	11	3	75
30574494_zpid	30574494_zpid	11232	218A 32nd St, Brooklyn, NY 11232	40.6552383	-74.0002675	0.23944483469	4	0.604352578035	2	0.365422025434	2	2	2	1530	585000	31	917	1925	88	120	40	68	44	28	108	56	52	4	36	248
30791099_zpid	30791099_zpid	11235	125 Girard St, Brooklyn, NY 11235	40.579516	-73.945455	0.654681195562	3	1.09824526661	0	1.10268725137	0	4	3.5	2220	1575000	49	6667	1920	17	6	3	11	3	9	23	10	19	1	1	27
30710684_zpid	30710684_zpid	11228	1424 84th St, Brooklyn, NY 11228	40.613302	-74.009972	0.16905939965	7	0.255852924874	1	0.791443540847	0	5	3	1960	925000	15	2383	1930	8	14	2	13	1	30	42	32	24	7	7	61
29842490_zpid	29842490_zpid	10461	2819 Wellman Ave, Bronx, NY 10461	40.841557	-73.8362779	0.19292930289	4	0.763806392395	0	0.256729609303	3	2	2	1530	346500	19	2500	1925	264	64	80	64	52	144	84	48	44	36	12	304
30661056_zpid	30661056_zpid	11203	444 E 42nd St, Brooklyn, NY 11203	40.644611	-73.93763	0.443861157938	3	0.600721982835	2	0.958437942042	0	2	1	1808	437500	4	2151	1945	20	5	4	6	9	25	13	3	13	6	0	51
30793743_zpid	30793743_zpid	11229	42 Gotham Ave, Brooklyn, NY 11229	40.589787	-73.926924	0.392730319795	2	1.08867674921	0	2.32439856079	0	2	2	868	569000	0	1680	1920	4	24	4	56	4	4	104	44	76	4	12	136
30789122_zpid	30789122_zpid	11235	54 Brighton 2nd Path, Brooklyn, NY 11235	40.580102	-73.9658079	0.0954743508791	7	0.374628178155	7	0.46943045	3	2	1	1410	270000	56	1742	1930	340	160	240	332	172	228	140	92	164	72	72	800
30773173_zpid	30773173_zpid	11236	9218 Foster Ave, Brooklyn, NY 11236	40.645738	-73.909224	0.210380907081	4	0.795301093876	0	0.631123910167	1	6	3	1923	383000	10	2500	1935	34	7	24	30	16	43	31	4	11	16	6	89
30758377_zpid	30758377_zpid	11234	932 E 55th St, Brooklyn, NY 11234	40.634479	-73.923978	0.160262234847	4	0.439048486296	2	2.00746318539	0	5	2.75	2420	555000	14	2200	1960	26	8	4	12	3	29	21	12	17	6	1	55
30636591_zpid	30636591_zpid	11207	34 Sunnyside Ct, Brooklyn, NY 11207	40.683128	-73.889701	0.490320332535	4	0.40887897836	4	0.554977420558	2	6	3	4100	593000	13	1600	1901	208	112	136	136	112	152	108	76	108	40	24	300
29785660_zpid	29785660_zpid	10457	2090 Valentine Ave, Bronx, NY 10457	40.85275	-73.899563	0.0603380312499	10	0.182598323963	9	0.385132385581	5	11	4	2922	440000	58	1845	1901	430	39	188	197	201	29	24	14	62	70	26	295
30752182_zpid	30752182_zpid	11210	1066 E 23rd St, Brooklyn, NY 11210	40.62442	-73.953494	0.565318936494	5	0.639236978787	3	0.622390283104	1	7	3.5	2752	1500000	8	4000	1910	7	1	3	5	0	17	12	3	14	1	0	23
30722582_zpid	30722582_zpid	11223	1836 W 11th St, Brooklyn, NY 11223	40.602035	-73.9836064	0.25260851821	9	0.562726937067	7	0.346093599257	3	7	4	3000	900000	72	3300	1925	59	26	27	16	18	54	24	39	15	7	4	80
30620912_zpid	30620912_zpid	11222	54 Norman Ave, Brooklyn, NY 11222	40.7247119	-73.95322	0.122855455516	16	0.360918877031	4	0.164142358275	2	6	5	1406	1739800	23	1393	1931	40	65	17	41	14	25	31	23	17	13	8	170
30634226_zpid	30634226_zpid	11212	123 Powell St, Brooklyn, NY 11212	40.671675	-73.904185	0.331197079199	7	0.28051407649	10	0.317535237304	5	1	1	1300	485000	11	2500	1903	67	8	23	25	23	6	13	5	6	12	12	67
30740062_zpid	30740062_zpid	11235	2506 Hubbard St, Brooklyn, NY 11235	40.5889348	-73.9635524	0.276516355104	8	0.755085890785	0	0.826211512709	0	4	3	2100	749000	0	1140	1955	21	11	8	15	7	35	37	24	15	7	3	58
30624254_zpid	30624254_zpid	11211	296 Powers St, Brooklyn, NY 11211	40.712899	-73.938901	0.178537989637	9	0.255763714006	3	0.171168989559	3	8	4	3150	2076000	7	2500	1920	28	52	14	38	20	22	31	8	20	13	17	133
30592426_zpid	30592426_zpid	11216	661 Saint Johns Pl, Brooklyn, NY 11216	40.672443	-73.95619	0.0962329480146	11	0.514797716242	4	0.255511480139	6	3	1.5	1905	777500	43	2432	1910	676	144	396	428	360	80	92	32	100	160	96	576
30766106_zpid	30766106_zpid	11236	254 Dorset St, Brooklyn, NY 11236	40.64611	-73.918954	0.332018561901	3	0.993892697124	0	1.44592423184	0	2	1	1488	194000	50	1439	1940	8	2	10	11	7	15	14	3	6	6	2	40
30723881_zpid	30723881_zpid	11230	765 E 17th St, Brooklyn, NY 11230	40.631869	-73.960406	0.211422237469	7	0.361018455081	5	0.307500527486	3	7	3.5	3228	1280000	15	5000	1899	412	84	324	312	364	164	124	136	88	80	20	476
30628393_zpid	30628393_zpid	11221	1226 Putnam Ave, Brooklyn, NY 11221	40.691222	-73.915279	0.16178882146	8	0.448672208274	4	0.557097473547	2	3	4	1936	450000	32	1800	1910	178	44	117	152	110	47	42	9	69	60	52	208
30778835_zpid	30778835_zpid	11236	10548 Flatlands 8th St, Brooklyn, NY 11236	40.640476	-73.884829	0.806378184545	0	0.719275649133	2	1.5937292701	0	4	2	2063	325000	44	4000	1960	13	0	9	9	4	3	11	2	11	3	2	28
30711167_zpid	30711167_zpid	11214	2215 85th St, Brooklyn, NY 11214	40.602358	-73.992438	0.176613481601	10	0.106645545973	7	0.126444230131	3	3	1.5	3170	976000	38	2000	1930	684	108	224	220	192	424	180	136	112	52	36	700
30742437_zpid	30742437_zpid	11229	1930 E 28th St, Brooklyn, NY 11229	40.604079	-73.944841	0.236665570787	3	0.466867433379	2	1.07762474078	0	5	3	2280	820000	8	2800	1930	22	16	10	21	8	28	43	15	28	1	3	97
79715948_zpid	79715948_zpid	10460	862 E 175th St, Bronx, NY 10460	40.8398899	-73.888857	0.461283471766	6	0.268364266549	3	0.304692702789	2	8	5	3240	320000	4	1890	2006	732	84	396	384	372	68	80	12	108	108	56	724
30602172_zpid	30602172_zpid	11221	1038 Dekalb Ave, Brooklyn, NY 11221	40.6931889	-73.933342	0.257670128373	11	0.456116015858	3	0.382559594034	3	5	3.5	2700	583300	38	2000	1920	552	320	308	420	360	176	124	72	112	204	156	904
30578108_zpid	30578108_zpid	11220	239 55th St, Brooklyn, NY 11220	40.645868	-74.0186499	0.142893633729	7	0.46288125181	6	0.399895108431	2	6	3	1968	732000	117	1861	1899	58	34	21	51	27	42	43	27	29	11	4	129
29835417_zpid	29835417_zpid	10466	3950 Amundson Ave, Bronx, NY 10466	40.890598	-73.835842	0.484515182891	2	0.438730638121	3	0.493008104733	1	5	2	1372	445000	17	5000	1910	50	6	15	23	4	54	28	16	28	8	4	66
30695944_zpid	30695944_zpid	11209	525 77th St, Brooklyn, NY 11209	40.627687	-74.022361	0.0855299331299	16	0.183195859977	4	0.350872486075	1	4	2.5	1596	525000	12	1950	1920	71	28	38	41	28	34	46	45	25	27	5	136
29841536_zpid	29841536_zpid	10465	3176 Waterbury Ave, Bronx, NY 10465	40.83809	-73.8225719	0.406579093376	2	0.368664898162	1	1.28493778737	0	3	2	1400	420000	15	5248	1920	5	5	6	2	6	4	20	12	9	4	3	35
30719455_zpid	30719455_zpid	11204	1584 W 5th St, Brooklyn, NY 11204	40.608713	-73.979103	0.313476628187	13	0.296478496292	6	0.423099517627	3	3	2	1196	212000	251	2000	1925	640	104	152	164	188	292	68	88	52	44	28	420
30773276_zpid	30773276_zpid	11236	9418 Foster Ave, Brooklyn, NY 11236	40.6468459	-73.907521	0.327603741426	2	0.977801865573	0	0.479463289244	1	9	3	3240	675000	11	130680000	1955	35	6	19	30	16	45	23	6	8	18	6	79
30773967_zpid	30773967_zpid	11236	1103 E 95th St, Brooklyn, NY 11236	40.643846	-73.903373	0.284103526362	5	0.896093292843	0	0.338020043825	1	6	3	2348	675000	0	2413	1925	53	10	20	21	16	59	23	9	8	18	8	99
30674016_zpid	30674016_zpid	11218	256 E 9th St, Brooklyn, NY 11218	40.6423105	-73.9706936	0.0749089092598	12	0.245499693326	5	0.565228160557	2	5	3.5	1360	575000	137	4000	1901	624	232	232	312	168	204	152	128	108	68	44	788
30619524_zpid	30619524_zpid	11222	77 Clay St, Brooklyn, NY 11222	40.736823	-73.95478	0.409774531574	6	0.55501946932	2	0.514399131124	3	5	3	2450	2030000	14	2500	1910	57	68	46	43	28	30	23	13	16	18	6	139
29815544_zpid	29815544_zpid	10461	1618 Edison Ave, Bronx, NY 10461	40.844069	-73.832594	0.247004159618	6	0.573999503527	2	0.305133986963	2	4	2	2500	470000	55	2500	1899	120	16	22	20	19	45	34	16	11	15	6	118
30739668_zpid	30739668_zpid	11235	2458 E 7th St, Brooklyn, NY 11235	40.590248	-73.962922	0.330349566089	8	0.848960369323	0	0.829763160217	0	5	2	2256	515000	34	2256	1940	35	13	10	15	10	32	31	21	16	4	2	53
30580197_zpid	30580197_zpid	11215	508 17th St, Brooklyn, NY 11215	40.657823	-73.982048	0.0952435618619	12	0.193098335621	6	0.363934513594	1	5	3	2080	770000	75	2003	1910	128	116	60	92	64	68	80	48	72	8	28	252
30761864_zpid	30761864_zpid	11234	2080 E 41st St, Brooklyn, NY 11234	40.622883	-73.933608	0.185057894385	10	0.208912535818	2	1.62278337767	0	3	3	2986	580000	3	2282	1925	160	48	72	88	92	136	112	96	64	24	0	480
29826131_zpid	29826131_zpid	10469	1053 Duncan St, Bronx, NY 10469	40.873267	-73.857268	0.130525549991	8	0.845232169161	0	0.859744371234	0	3	2	1620	420000	5	1850	1945	49	6	25	26	19	46	30	8	33	18	14	67
30648106_zpid	30648106_zpid	11207	945 Ashford St, Brooklyn, NY 11207	40.65939	-73.877992	0.230011885739	4	0.491775253635	3	0.908603767997	0	4	3	1944	555000	115	1800	1960	11	3	8	10	7	7	13	4	2	2	1	23
30772276_zpid	30772276_zpid	11236	1456 E 87th St, Brooklyn, NY 11236	40.62943	-73.898129	0.753283790969	0	0.410633696094	1	1.94296083604	0	5	2.5	2484	470000	16	1800	1960	33	6	15	18	5	38	21	7	23	7	5	48
30608382_zpid	30608382_zpid	11221	691 Greene Ave, Brooklyn, NY 11221	40.689817	-73.940791	0.156313562001	10	0.271640966689	4	0.912393292074	0	8	5	3200	2350000	1	1900	1931	206	53	101	146	101	32	32	14	41	57	33	236
30570487_zpid	30570487_zpid	11231	606 Henry St, Brooklyn, NY 11231	40.680307	-74.001522	0.289788019657	14	0.378359390571	3	0.608506487647	2	8	4	4000	4399000	0	1932	1930	33	50	27	48	23	16	50	30	19	12	13	173
30780507_zpid	30780507_zpid	11234	1249 E 73rd St, Brooklyn, NY 11234	40.626558	-73.912499	0.797858697785	0	0.659076574569	1	2.41117245473	0	7	4	2950	635000	13	2117	1970	68	12	28	24	24	176	40	76	44	16	20	224
29778068_zpid	29778068_zpid	10456	1044 Morris Ave, Bronx, NY 10456	40.829545	-73.915895	0.0656073473729	8	0.168833125425	6	0.424929946397	2	12	4	3300	360000	2	1846	1929	419	50	165	174	212	21	24	3	74	59	26	256
30791598_zpid	30791598_zpid	11235	2773 E 15th St, Brooklyn, NY 11235	40.583948	-73.953326	0.24252665331	11	0.351694848565	6	0.33556994823	1	8	5	4620	600000	1	2350	1932	137	18	40	59	34	50	37	32	37	22	13	154
83047532_zpid	83047532_zpid	11207	61 Stewart St, Brooklyn, NY 11207	40.681541	-73.9033	0.303951129821	4	0.515018922777	1	0.177885923119	9	6	5	3526	480000	52	1700	2007	34	15	25	36	22	4	13	13	9	10	4	78
30788740_zpid	30788740_zpid	11234	2676 E 63rd St, Brooklyn, NY 11234	40.608115	-73.912591	0.846100926676	0	1.05062985479	0	3.79196549854	0	3	2	1152	639000	0	2100	1960	3	5	1	7	3	19	4	27	20	2	1	31
30647484_zpid	30647484_zpid	11207	808 New Jersey Ave, Brooklyn, NY 11207	40.659546	-73.890596	0.350564766035	4	0.33325482426	5	0.672838818796	3	3	2	2133	500	4	1876	1930	616	56	372	340	312	72	140	44	148	228	44	716
55677637_zpid	55677637_zpid	11236	664 E 103rd St, Brooklyn, NY 11236	40.648179	-73.898431	0.159146974311	6	0.306737067993	2	0.280973680344	2	6	5	2858	750000	0	2900	1999	108	40	76	76	24	136	36	28	40	40	20	328
30627584_zpid	30627584_zpid	11237	288 Linden St, Brooklyn, NY 11237	40.69793	-73.914653	0.0923146076716	10	0.125646385324	5	0.314142213156	4	3	1	3800	725000	29	1980	1930	145	59	104	142	91	34	22	29	60	47	20	232
30656678_zpid	30656678_zpid	11203	1385 Schenectady Ave, Brooklyn, NY 11203	40.638796	-73.931611	0.358160497294	7	1.2316233518	0	1.42510197799	0	3	2.5	1504	405000	55	2000	1930	34	10	12	19	13	45	28	12	22	13	7	96
30681392_zpid	30681392_zpid	11204	2037 64th St, Brooklyn, NY 11204	40.6166074	-73.9841688	0.286963327884	12	0.41123287295	7	0.115018058279	3	5	4	1620	1039000	0	1750	1920	76	13	32	42	44	60	45	34	23	9	6	124
30695543_zpid	30695543_zpid	11228	928 Bay Ridge Pkwy, Brooklyn, NY 11228	40.625119	-74.015964	0.407142854206	8	0.257475753851	2	0.956716858655	0	9	4	2360	1180000	29	2583	1930	16	8	10	18	7	30	34	24	15	3	4	57
30791221_zpid	30791221_zpid	11235	195 Kensington St, Brooklyn, NY 11235	40.578358	-73.941429	0.680158196935	1	1.4265975895	0	1.43558824467	0	4	5	4500	1200000	22	6000	1930	8	20	0	32	0	48	52	20	36	4	4	84
30623132_zpid	30623132_zpid	11211	141 Ainslie St, Brooklyn, NY 11211	40.7127701	-73.9488584	0.165536899213	15	0.150509851901	6	0.140518896125	4	3	2.5	1200	1510000	16	1000	1901	54	132	35	65	34	33	51	15	21	12	16	197
30790117_zpid	30790117_zpid	11235	39 Brighton 11th St, Brooklyn, NY 11235	40.58148	-73.956243	0.175790746975	13	0.294830618759	8	0.601260212426	2	3	2	1915	725000	24	2733	1940	992	192	244	336	228	280	196	116	168	112	80	836
30794200_zpid	30794200_zpid	11229	101 Eaton Ct, Brooklyn, NY 11229	40.589274	-73.924107	0.173115661144	2	1.33299799059	0	2.55391677674	0	4	1	975	395000	80	1800	1925	2	6	2	15	0	1	31	12	20	1	4	39
30690544_zpid	30690544_zpid	11219	1419 Bay Ridge Ave, Brooklyn, NY 11219	40.622188	-74.0009929	0.213716398852	8	0.293199168348	2	0.340680529968	3	5	3	2484	19012	12	1466	1920	172	32	52	56	36	148	108	108	40	24	24	304
30621309_zpid	30621309_zpid	11222	730 Humboldt St, Brooklyn, NY 11222	40.7267439	-73.94535	0.17247283107	12	0.439985035237	3	0.552385743952	1	3	1	1467	1150000	3	1467	1910	27	39	16	28	10	24	30	18	21	11	11	127
29790640_zpid	29790640_zpid	10473	244 Soundview Ave, Bronx, NY 10473	40.810632	-73.85522	0.595480343864	1	1.2366331144	0	2.5479172276	0	3	2	1480	315000	21	2221	1960	34	9	19	23	13	19	15	15	9	19	3	72
30614270_zpid	30614270_zpid	11238	36 Claver Pl, Brooklyn, NY 11238	40.682077	-73.9577769	0.0872704792051	11	0.103541085635	6	0.201306529454	3	7	3	3712	1540000	12	2000	1901	91	124	55	91	60	34	38	14	28	19	36	178
