29835240_zpid	29835240_zpid	10466	3953 Hill Ave, Bronx, NY 10466	40.890095	-73.839042	0.740964242892	1	0.395206750535	4	0.719065100523	1	5	2.5	2035	250000	2	2661	1932	50	8	12	18	5	57	24	13	28	13	5	64
30621927_zpid	30621927_zpid	11222	43 Hausman St, Brooklyn, NY 11222	40.725025	-73.938988	0.251751211071	5	0.4676873176	1	1.03765365302	0	5	2.5	1848	533550	80	2000	1901	22	19	15	27	10	11	27	24	22	5	12	111
30765300_zpid	30765300_zpid	11234	1792 E 48th St, Brooklyn, NY 11234	40.6167719	-73.9288091	0.13493228088	6	0.795475092039	0	2.39368741218	0	5	2	2925	440000	144	3049	1955	13	53	5	7	3	34	35	21	12	5	4	122
30571049_zpid	30571049_zpid	11217	160 Hoyt St, Brooklyn, NY 11217	40.685533	-73.988845	0.0699136824077	15	0.394926221649	3	0.183385445017	4	5	3	3200	971500	166	1600	1899	19	46	2	25	4	26	33	9	9	5	6	65
30720524_zpid	30720524_zpid	11223	1635 W 7th St, Brooklyn, NY 11223	40.6070552	-73.9803041	0.24463949495	11	0.262046301993	6	0.348699400646	3	3	2	1456	620000	34	2450	1930	344	80	144	88	120	288	68	132	52	44	12	344
29812699_zpid	29812699_zpid	10462	1653 Unionport Rd, Bronx, NY 10462	40.842453	-73.865536	0.366880358625	6	0.447191497005	6	0.672560562056	1	4	2	2200	240000	1	2455	1920	88	12	43	47	35	39	18	10	28	19	9	103
30737637_zpid	30737637_zpid	11223	2261 W 6th St, Brooklyn, NY 11223	40.592856	-73.9764749	0.173451354476	9	0.18001308239	2	0.149119224328	4	6	5	3300	794540	86	2420	2007	140	56	36	84	36	176	92	144	96	24	28	376
30594849_zpid	30594849_zpid	11225	429 Brooklyn Ave, Brooklyn, NY 11225	40.6645642	-73.9451929	0.149390328838	9	0.0571129105234	8	0.518976288469	4	3	1	2400	940000	22	2350	1920	230	47	79	97	91	27	28	14	21	31	7	158
30655615_zpid	30655615_zpid	11236	632 Rockaway Pkwy, Brooklyn, NY 11236	40.653492	-73.912139	0.346033719928	6	0.351979164283	2	0.954180387295	0	3	1.5	2180	499000	15	110	1945	38	2	14	21	21	32	16	8	5	6	3	63
30653780_zpid	30653780_zpid	11203	119 E 59th St, Brooklyn, NY 11203	40.651302	-73.92135	0.243258164101	7	0.502345247973	2	1.20700046114	0	10	4	3292	665000	14	3000	1920	228	20	80	120	80	104	96	20	28	48	16	284
30673779_zpid	30673779_zpid	11218	395 E 2nd St, Brooklyn, NY 11218	40.6417209	-73.977749	0.216146133132	11	0.177669407395	11	0.305374044492	2	7	3	4018	1355000	2	3433	1930	652	176	252	348	236	260	224	260	116	100	68	808
30782065_zpid	30782065_zpid	11234	2050 E 67th St, Brooklyn, NY 11234	40.618335	-73.911253	0.112947677273	7	0.197733204542	1	3.25100112408	0	3	1.75	1260	435000	145	2000	1930	17	9	12	14	7	23	25	10	21	3	5	71
112077805_zpid	112077805_zpid	11249	135 N 11th St APT 5J, Brooklyn, NY 11249	40.7206588	-73.9559479	0.081107876092	12	0.213323008246	3	0.344907328883	2	1	1	586	786800	25	10000	1930	61	62	6	13	3	27	16	13	9	38	1	82
112506607_zpid	112506607_zpid	11238	408 Franklin Ave, Brooklyn, NY 11238	40.6847602	-73.9564143	0.196430272312	12	0.154106853437	6	0.42664101398	5	6	2.5	4050	425000	16	1444	2012	83	109	53	91	54	19	31	15	29	15	36	142
30637512_zpid	30637512_zpid	11208	118 Shepherd Ave, Brooklyn, NY 11208	40.681918	-73.882567	0.141220530458	7	0.208762378136	3	0.220774985906	2	4	2	2048	425000	17	2000	1930	300	140	204	236	208	200	128	96	136	96	56	604
30750686_zpid	30750686_zpid	11210	1627 New York Ave, Brooklyn, NY 11210	40.633005	-73.9444539	0.146124695526	2	0.114237683337	3	0.269987122805	1	3	1.5	1290	450000	111	2000	1925	134	25	66	63	68	66	35	12	20	24	5	166
30774125_zpid	30774125_zpid	11236	760 E 102nd St, Brooklyn, NY 11236	40.646322	-73.8975449	0.349840876124	5	0.22080172984	2	0.365494546408	2	3	3	1540	529989	118	2000	1955	192	28	88	76	44	164	76	28	56	56	32	388
30634094_zpid	30634094_zpid	11207	198 New Jersey Ave, Brooklyn, NY 11207	40.6748248	-73.8957462	0.220274987786	7	0.298665184123	5	0.0746558995275	6	5	2	2496	455000	61	1000	1901	84	21	71	91	63	67	37	35	24	34	17	193
30738679_zpid	30738679_zpid	11223	42 Southgate Ct, Brooklyn, NY 11223	40.590932	-73.971518	0.0973188853585	7	0.641076146387	1	0.273253354874	3	2	1	2496	175000	42	1600	1925	36	11	15	20	8	43	38	41	21	5	5	101
30788549_zpid	30788549_zpid	11234	2512 E 64th St, Brooklyn, NY 11234	40.609887	-73.90939	0.719991222764	1	0.818434026164	0	4.09463616061	0	4	3.5	1869	939000	0	4100	1960	2	6	3	3	3	16	9	12	16	1	1	29
83049178_zpid	83049178_zpid	11221	65 Van Buren St, Brooklyn, NY 11221	40.690307	-73.943015	0.281341222631	9	0.229837578701	4	0.725633928384	1	6	3.5	3000	1170000	5	2000	2004	159	45	80	109	86	28	27	8	28	45	22	174
29833218_zpid	29833218_zpid	10466	951 E 231st St, Bronx, NY 10466	40.889837	-73.850461	0.129825264661	6	0.337800765873	4	0.698394875191	1	4	3	1272	170000	202	1742	1935	82	10	41	32	29	80	25	7	25	13	13	90
30764516_zpid	30764516_zpid	11234	5220 Avenue M, Brooklyn, NY 11234	40.6213	-73.924525	0.0929452931652	12	0.346485487021	1	2.33745779722	0	2	1.5	1034	395000	9	1600	1929	8	27	6	11	9	39	31	16	19	6	8	121
29822585_zpid	29822585_zpid	10469	2430 Tiemann Ave, Bronx, NY 10469	40.8618809	-73.837734	0.419707256072	2	0.260754882027	1	1.12007023347	0	3	2.5	1728	420000	55	2492	1965	9	10	2	6	0	8	28	13	11	1	3	44
64906120_zpid	64906120_zpid	11234	25 Bergen Beach Pl, Brooklyn, NY 11234	40.622212	-73.914546	0.319771934754	5	0.70333739556	1	2.9246314611	0	3	1	1160	376000	157	2634	2002	22	4	8	12	4	50	27	23	20	5	7	101
30792650_zpid	30792650_zpid	11235	123 Neptune Ave, Brooklyn, NY 11235	40.582508	-73.958305	0.209014837554	13	0.154327654011	8	0.594818221627	2	9	3	2754	740000	11	1785	1915	876	176	252	336	184	280	196	124	176	108	104	816
30589520_zpid	30589520_zpid	11238	652 Dean St, Brooklyn, NY 11238	40.680069	-73.968725	0.0421428551506	14	0.315936926021	4	0.424518109963	4	7	3.5	2520	1815000	18	2200	1920	416	396	156	252	116	112	164	112	108	52	60	612
30605027_zpid	30605027_zpid	11233	494 Halsey St, Brooklyn, NY 11233	40.6833849	-73.9344713	0.174807314427	9	0.272710263013	6	0.547864386286	2	6	6	2720	1690000	0	2000	1899	69	41	53	71	35	5	21	4	16	18	15	101
30788895_zpid	30788895_zpid	11234	592 Mayfair Dr S, Brooklyn, NY 11234	40.610213	-73.912291	0.780713988353	0	0.819121254731	0	3.85104804785	0	6	3	1836	799000	0	2300	1960	2	6	2	6	3	18	6	22	19	2	1	30
29847792_zpid	29847792_zpid	10465	2781 Barkley Ave, Bronx, NY 10465	40.829329	-73.8304129	0.344812708632	2	0.662154651922	1	1.5847795425	0	3	2	1665	340000	19	1742	1955	9	10	6	7	3	9	19	14	7	1	5	36
30774915_zpid	30774915_zpid	11236	960 E 106th St, Brooklyn, NY 11236	40.646785	-73.892991	0.168610427071	5	0.143443779862	4	0.691843349396	2	4	3	1760	539000	0	2265	1960	144	32	84	60	44	100	48	12	44	28	32	308
30641160_zpid	30641160_zpid	11207	633 Ashford St, Brooklyn, NY 11207	40.66657	-73.882981	0.0143227868464	7	0.0828591072107	3	0.0688688866879	2	5	3	1900	429000	21	1710	1901	74	7	47	39	31	21	27	8	29	25	12	108
30710629_zpid	30710629_zpid	11228	8404 14th Ave, Brooklyn, NY 11228	40.613915	-74.010888	0.210270709305	4	0.356104140206	1	0.869757674854	0	5	2.5	2310	600000	75	2000	1930	7	14	2	14	1	26	44	30	24	7	6	60
29816572_zpid	29816572_zpid	10461	1942 Mulford Ave, Bronx, NY 10461	40.850869	-73.834482	0.389586077966	6	0.334401953255	1	0.479701501006	2	3	3	1836	445000	12	2304	1958	73	18	13	13	15	34	18	16	11	6	6	66
30742164_zpid	30742164_zpid	11229	1987 E 22nd St, Brooklyn, NY 11229	40.602879	-73.9497899	0.378261438646	2	0.544755577097	4	0.65419230603	1	3	2	1326	545000	20	2000	1920	79	18	25	29	38	67	57	17	24	9	6	153
30643558_zpid	30643558_zpid	11208	297 Grant Ave, Brooklyn, NY 11208	40.683697	-73.866999	0.449067726549	8	0.173231450851	8	0.575577726243	1	4	3	3420	640000	98	2000	1899	75	30	47	64	42	52	18	9	51	32	7	146
30626962_zpid	30626962_zpid	11237	331 Bleecker St, Brooklyn, NY 11237	40.700952	-73.915825	0.150424807372	12	0.302473717833	5	0.374027688494	5	7	3	2376	585493	32	1785	1899	205	90	154	199	136	44	41	27	93	82	30	340
29777691_zpid	29777691_zpid	10455	385 E 152nd St, Bronx, NY 10455	40.818594	-73.9172789	0.426653067147	5	0.0958208930908	10	0.279545875032	1	1	1	2700	220000	43	2500	1899	44	22	23	43	31	13	19	2	10	7	11	142
30787834_zpid	30787834_zpid	11234	15 Dakota Pl, Brooklyn, NY 11234	40.607247	-73.9082789	1.02631496163	0	1.11642503325	0	4.12328988079	0	4	2.5	2300	860000	55	4268	1960	3	4	1	8	2	11	6	19	18	2	1	30
30585236_zpid	30585236_zpid	11215	437 11th St, Brooklyn, NY 11215	40.6665611	-73.9839949	0.174075774538	19	0.134845477965	6	0.313235683095	4	3	2	1162	1399000	0	14	1901	280	336	96	256	88	160	280	152	120	68	100	956
30722526_zpid	30722526_zpid	11223	1822 W 12th St, Brooklyn, NY 11223	40.602257	-73.98463	0.169908707451	8	0.505627799963	6	0.406281215818	3	7	3	2200	545000	145	2550	1930	35	25	13	10	11	53	22	38	14	6	4	62
30736765_zpid	30736765_zpid	11223	2138 W 6th St, Brooklyn, NY 11223	40.595496	-73.977692	0.14914399882	5	0.194969590091	2	0.251699922485	4	4	3	1760	475000	8	16	1925	140	56	28	128	40	180	92	132	100	16	32	344
30636778_zpid	30636778_zpid	11207	222 Sunnyside Ave, Brooklyn, NY 11207	40.682586	-73.889437	0.427763998115	6	0.378872932189	4	0.500360701939	2	2	1	3032	475000	137	1980	1910	60	30	37	38	30	46	31	19	31	12	6	88
30579971_zpid	30579971_zpid	11215	266 17th St, Brooklyn, NY 11215	40.662861	-73.990333	0.117281682688	15	0.364065783282	6	0.355997053248	2	5	3	2000	1205000	17	2079	1920	58	65	17	51	18	38	55	15	23	13	15	167
83178389_zpid	83178389_zpid	10455	713 Southern Blvd # B, Bronx, NY 10455	40.8139541	-73.8987406	0.0423439040709	9	0.336714506901	6	0.308233592755	3	8	5	3120	735000	0	2200	2004	788	64	284	296	204	104	64	56	164	108	52	644
30710355_zpid	30710355_zpid	11214	1717 84th St, Brooklyn, NY 11214	40.609879	-74.002667	0.0582132487737	12	0.244112957303	7	0.228277526942	3	7	3	3000	865000	2	1759	1920	73	14	33	32	12	31	46	32	26	10	7	140
30590762_zpid	30590762_zpid	11238	390 Sterling Pl, Brooklyn, NY 11238	40.674743	-73.965339	0.137658500243	12	0.211799255816	4	0.337390753887	5	7	4.5	4100	4425000	7	2356	1880	201	148	81	94	92	21	41	30	43	37	9	200
29787525_zpid	29787525_zpid	10463	182 W 239th St, Bronx, NY 10463	40.885247	-73.898932	0.0854980785745	8	0.414545174312	2	0.175417195313	2	2	2	1450	290000	23	2500	1947	544	19	69	82	65	29	40	16	26	27	16	126
30766439_zpid	30766439_zpid	11203	748 E 53rd St, Brooklyn, NY 11203	40.641032	-73.9266279	0.196045034714	7	1.04692169804	0	1.84384400438	0	9	3	3520	515000	140	2508	1940	86	14	19	19	16	34	31	12	18	10	7	101
29834207_zpid	29834207_zpid	10466	1260 E 223rd St, Bronx, NY 10466	40.8804744	-73.8448554	0.293292773955	5	0.314520570614	3	0.586766949301	1	3	1.5	1920	296000	153	7322	1920	15	11	8	4	8	18	5	1	13	3	2	30
30695947_zpid	30695947_zpid	11209	519 77th St, Brooklyn, NY 11209	40.627788	-74.022528	0.0700867541798	17	0.168713055339	4	0.33284463864	1	4	2	1600	795000	1	1999	1920	72	28	38	41	28	37	46	45	25	27	6	137
30793176_zpid	30793176_zpid	11229	2326 Plumb 1st St, Brooklyn, NY 11229	40.596168	-73.932567	0.345569793057	8	0.577252205596	2	1.91256176636	0	2	1.5	883	370000	4	1800	1920	36	60	0	20	8	28	76	24	68	12	8	164
29798675_zpid	29798675_zpid	10460	1711 Mansion St, Bronx, NY 10460	40.838157	-73.871227	0.146951963175	4	0.58324182156	2	0.457509473625	1	4	3	2917	479999	0	3049	1940	228	24	75	102	108	30	18	9	32	37	12	144
30753434_zpid	30753434_zpid	11210	1137 E 32nd St, Brooklyn, NY 11210	40.623675	-73.944042	0.265780822885	3	0.425573477727	3	1.06418727424	0	3	2	1352	509000	55	2000	1925	117	12	54	48	42	77	49	15	33	13	5	120
30749726_zpid	30749726_zpid	11235	2666 E 19th St, Brooklyn, NY 11235	40.586758	-73.950529	0.173277912842	11	0.277441645079	3	0.306920747787	1	5	3	2380	965000	25	4400	1930	74	19	15	45	13	45	31	26	32	16	5	155
30591278_zpid	30591278_zpid	11216	979 Bergen St, Brooklyn, NY 11216	40.676812	-73.954539	0.233829665478	13	0.45688093241	5	0.345552786071	6	5	3	2920	1250000	4	110	1915	213	75	105	142	124	23	37	13	29	42	41	198
30778325_zpid	30778325_zpid	11236	1546 E 96th St, Brooklyn, NY 11236	40.635288	-73.893107	0.336277018988	7	0.199912314065	4	1.46502150766	0	3	3	1080	296800	78	2160	1920	128	48	72	92	12	196	64	64	44	44	0	268
29825214_zpid	29825214_zpid	10467	3249 Olinville Ave, Bronx, NY 10467	40.872938	-73.868521	0.156106724035	9	0.128005075881	4	0.209909022041	3	4	2.5	1800	435000	2	1710	1960	220	28	84	84	88	30	21	8	33	35	15	161
29833213_zpid	29833213_zpid	10466	967 E 231st St, Bronx, NY 10466	40.8896227	-73.8499365	0.117115650168	7	0.287699492697	3	0.748456718151	1	2	1.5	1317	270000	133	1393	1940	81	9	36	29	27	82	24	6	29	13	13	91
30791141_zpid	30791141_zpid	11235	142 Jaffrey St, Brooklyn, NY 11235	40.579295	-73.943152	0.833064190632	0	1.24910671578	0	1.25748752796	0	8	5.5	5029	1150000	12	6000	1930	17	5	1	11	3	13	21	8	10	1	1	27
29843532_zpid	29843532_zpid	10465	1362 Stadium Ave, Bronx, NY 10465	40.840424	-73.819564	0.626098313377	2	0.589436024106	2	1.30567909703	0	3	1.5	2445	460000	20	4302	1950	4	11	8	3	2	5	30	14	7	2	2	35
30652462_zpid	30652462_zpid	11203	40 E 58th St, Brooklyn, NY 11203	40.6545312	-73.9231915	0.140523306872	9	0.391162129638	2	0.964243399644	0	3	2.5	2038	440000	14	1566	1940	124	20	46	56	48	39	17	7	14	21	13	110
30773306_zpid	30773306_zpid	11236	987 E 95th St, Brooklyn, NY 11236	40.64605	-73.905783	0.167674813588	5	0.907919280288	0	0.338929410009	2	4	2.5	1900	390000	0	2665	1930	41	7	25	33	18	61	23	9	7	20	8	102
29832744_zpid	29832744_zpid	10466	839 E 232nd St, Bronx, NY 10466	40.891558	-73.853335	0.182578525085	6	0.416995764617	3	0.392914013643	2	3	2	1020	409000	0	1584	1955	648	60	336	244	248	308	116	32	120	120	52	628
30724724_zpid	30724724_zpid	11230	1084 E 17th St, Brooklyn, NY 11230	40.623928	-73.95951	0.216625409426	8	0.189747977932	6	0.182831988015	3	7	4	3500	2875000	0	4000	1920	896	84	352	444	436	172	104	88	96	176	48	892
30615876_zpid	30615876_zpid	11217	132 Fort Greene Pl, Brooklyn, NY 11217	40.685594	-73.976555	0.0214928336068	9	0.186059731339	2	0.122350782413	9	1	1	3200	2230000	33	1700	1899	69	103	33	48	21	23	41	46	36	19	24	201
94718834_zpid	94718834_zpid	11235	228 Corbin Pl, Brooklyn, NY 11235	40.5759859	-73.9537003	0.174889086081	7	0.492120670165	3	0.667315073449	1	4	4	4968	1200000	100	5783	2016	476	132	92	156	100	96	136	60	84	56	16	344
30792877_zpid	30792877_zpid	11229	2209 Knapp St, Brooklyn, NY 11229	40.599311	-73.9333429	0.304240930365	5	0.221735407676	1	1.89888406383	0	2	1	800	150000	260	73616.4	1951	16	17	4	8	2	14	25	12	20	1	3	52
30788354_zpid	30788354_zpid	11234	2248 E 64th St, Brooklyn, NY 11234	40.613812	-73.9098379	0.347736389621	3	0.383201579406	1	3.71771719965	0	5	4.5	3465	1700000	98	5100	1950	0	32	12	20	8	56	24	24	40	0	4	144
30650533_zpid	30650533_zpid	11212	74 E 95th St, Brooklyn, NY 11212	40.663538	-73.9260819	0.071842611442	14	0.0851370785563	6	0.314162623285	1	7	3	3608	530000	10	3200	1930	1528	68	496	496	460	164	60	32	132	216	76	840
30667608_zpid	30667608_zpid	11218	386 Westminster Rd, Brooklyn, NY 11218	40.639437	-73.967223	0.359822619569	10	0.20959137046	8	0.326694888661	3	2	2.5	3628	1280000	10	5000	1910	85	34	36	45	19	49	24	26	17	8	9	133
30623796_zpid	30623796_zpid	11222	23 N Henry St, Brooklyn, NY 11222	40.719778	-73.942853	0.202825339265	12	0.364074485756	2	0.589074806532	1	8	3	3540	2495000	0	1612	1910	84	132	52	128	28	40	100	68	80	24	32	376
29842291_zpid	29842291_zpid	10461	1465 William Pl, Bronx, NY 10461	40.840106	-73.835575	0.220031264995	3	0.84484704385	0	0.42293213141	2	3	1.5	1760	312000	12	2169	1920	64	18	21	16	14	37	22	19	11	7	3	79
30619219_zpid	30619219_zpid	11211	240 S 2nd St, Brooklyn, NY 11211	40.7117543	-73.9584006	0.0943517113125	15	0.125329079576	5	0.383916462948	4	1	1	800	1500000	13	2400	1920	552	1120	376	528	340	124	200	112	132	132	108	1336
30695018_zpid	30695018_zpid	11209	526 74th St, Brooklyn, NY 11209	40.629678	-74.021694	0.0867614972142	16	0.11793001623	6	0.322470109559	2	4	3	2168	1470000	6	2957	1899	55	23	33	37	18	41	49	46	26	13	6	131
30771415_zpid	30771415_zpid	11236	1278 E 88th St, Brooklyn, NY 11236	40.632822	-73.900634	0.43828013709	4	0.383330903671	2	1.54319349836	0	3	2	1000	420000	8	2667	1925	51	15	26	29	9	59	22	12	27	9	8	91
30700651_zpid	30700651_zpid	11228	8824 7th Ave, Brooklyn, NY 11228	40.617046	-74.022057	0.235984973262	5	0.496382954237	3	0.781826656553	0	2	1	1000	1150000	5	1731	1965	9	0	3	7	1	11	25	8	7	1	1	24
30666645_zpid	30666645_zpid	11218	60 Hinckley Pl, Brooklyn, NY 11218	40.644416	-73.96937	0.109530104797	10	0.454426691645	3	0.412042159382	2	6	3.5	3001	1525000	2	4675	1899	520	152	224	292	224	140	100	84	116	96	32	700
30672881_zpid	30672881_zpid	11218	221 E 4th St, Brooklyn, NY 11218	40.646902	-73.976839	0.254798811068	13	0.376473737909	5	0.333973753015	2	3	2.5	2160	1420000	11	1800	1910	296	160	92	168	144	156	180	116	92	56	44	572
30627061_zpid	30627061_zpid	11221	334 Central Ave, Brooklyn, NY 11221	40.6951758	-73.9203987	0.411974915247	10	0.06045462952	6	0.392618494121	4	3	1	4500	600000	36	2500	1931	660	176	292	380	240	116	108	52	252	100	100	704
30596160_zpid	30596160_zpid	11213	174 Schenectady Ave, Brooklyn, NY 11213	40.673234	-73.933739	0.242619415366	9	0.196530356811	4	0.487459696046	2	6	3	2826	525000	6	1494	1910	363	41	169	169	157	37	28	13	42	61	20	266
30694203_zpid	30694203_zpid	11209	543 73rd St, Brooklyn, NY 11209	40.630624	-74.020688	0.111380770228	14	0.245708431065	5	0.419044321874	2	5	2.5	3000	680000	69	2000	1901	47	18	30	36	16	32	42	43	22	11	4	117
30763159_zpid	30763159_zpid	11234	1541 E 52nd St, Brooklyn, NY 11234	40.622017	-73.924958	0.0054598922946	11	0.261424987512	1	2.26351081989	0	3	1	988	425000	0	1800	1925	8	30	6	12	7	43	33	19	17	7	8	121
30783737_zpid	30783737_zpid	11234	1815 E 32nd St, Brooklyn, NY 11234	40.610938	-73.93724	0.314451356221	3	0.306694009395	1	1.75695440828	0	3	3	1759	649000	0	2000	1925	2	11	4	7	3	11	19	21	28	3	1	50
30586026_zpid	30586026_zpid	11215	290A 14th St, Brooklyn, NY 11215	40.665376	-73.987724	0.141711880602	19	0.220576428065	6	0.434712326897	4	2	2	1396	1440000	2	1250	1899	82	83	25	67	22	49	68	20	33	22	18	220
30651834_zpid	30651834_zpid	11203	173 E 53rd St, Brooklyn, NY 11203	40.6559079	-73.9275849	0.162296648642	11	0.372231625548	4	1.06738254863	0	6	3	2736	200000	8	2482	1920	173	25	72	74	78	66	33	14	23	31	15	166
30775235_zpid	30775235_zpid	11236	1269 E 94th St, Brooklyn, NY 11236	40.640079	-73.900414	0.245857399492	6	0.413837268188	1	0.741908004297	1	5	3	1872	245000	10	2175	1925	59	20	23	23	19	45	25	10	16	18	8	90
30602750_zpid	30602750_zpid	11221	897 Greene Ave, Brooklyn, NY 11221	40.690834	-73.931725	0.327452971099	10	0.419944447453	4	0.371909686122	1	7	4	2142	309978	26	1428	1931	197	62	102	132	118	56	31	15	36	58	42	269
30602467_zpid	30602467_zpid	11221	868 Lafayette Ave, Brooklyn, NY 11221	40.691177	-73.937848	0.16692018698	10	0.367494419112	5	0.696263525789	1	6	4.5	1000	740000	106	2750	1931	203	54	95	141	81	37	26	13	35	51	32	223
29851268_zpid	29851268_zpid	10464	720 King Ave, Bronx, NY 10464	40.858205	-73.789116	0.305368582895	1	3.43582998295	0	3.25070809637	0	8	3.5	6842	972500	10	19602.0	1929	0	0	0	1	0	1	3	10	3	1	2	4
30633666_zpid	30633666_zpid	11212	591 Osborn St, Brooklyn, NY 11212	40.657329	-73.905354	0.244793109734	4	0.252188999586	3	0.540100423187	3	8	3	2080	419967	14	2350	1930	90	14	71	64	51	27	29	8	41	20	10	147
29785736_zpid	29785736_zpid	10457	2062 Ryer Ave, Bronx, NY 10457	40.852168	-73.900794	0.0869753056621	10	0.175839913567	8	0.421462680642	5	6	3	2036	372000	10	2503	1901	1776	164	788	792	792	124	84	60	276	288	104	1248
30573604_zpid	30573604_zpid	11215	233 17th St APT 4, Brooklyn, NY 11215	40.664085	-73.991466	0.0741103706565	13	0.498336528325	4	0.189690008314	3	2	1	1200	102120	22	2250	1923	58	56	19	46	21	38	56	15	24	15	11	177
30762941_zpid	30762941_zpid	11234	2003 Schenectady Ave, Brooklyn, NY 11234	40.623047	-73.929945	0.1444043668	8	0.262326580163	2	1.85012130585	0	3	1.5	1216	280000	81	1615	1920	22	23	13	20	20	48	32	24	18	6	4	129
30587411_zpid	30587411_zpid	11215	600 2nd St, Brooklyn, NY 11215	40.669448	-73.975104	0.308114681668	13	0.608631508031	1	0.563853025314	2	8	4.5	4500	3860000	2	1813	1899	136	132	44	104	52	52	228	144	92	24	40	572
30722594_zpid	30722594_zpid	11223	1884 W 11th St, Brooklyn, NY 11223	40.60095	-73.9834489	0.215206584888	9	0.493034242741	6	0.421896146939	3	6	2	1134	791500	100	30	1925	31	13	14	15	9	52	28	42	15	6	4	66
30694389_zpid	30694389_zpid	11228	1035 73rd St, Brooklyn, NY 11228	40.625034	-74.011714	0.332768254357	5	0.313864725135	5	0.888250819308	0	5	4	3795	935000	27	3000	1920	9	7	4	20	4	50	36	32	11	3	1	64
