30751222_zpid	30751222_zpid	11210	1091 E 37th St, Brooklyn, NY 11210	40.630189	-73.940297	0.325563204297	3	0.376966161824	2	0.68692798825	1	3	2	1254	390000	24	2000	1925	103	18	45	51	39	50	32	21	21	17	9	113
29784610_zpid	29784610_zpid	8	623 E 178th St, Bronx, NY 10457	40.846832	-73.89198	0.135712668679	9	50	0.652302319704	1	10457	3	3720	110000	285	2430	1901	562	110	254	256	240	50	28	24	86	100	44	504
30789564_zpid	30789564_zpid	11235	3042 Brighton 5th St, Brooklyn, NY 11235	40.578337	-73.96302	0.14435268149	9	0.090253457356	6	0.165286779431	2	3	3	988	800000	126	1900	1925	600	284	312	424	248	296	200	96	204	128	104	1144
30739875_zpid	30739875_zpid	11223	2512 W 1st St, Brooklyn, NY 11223	40.5879473	-73.9709027	0.161529729509	4	0.193839669614	1	0.33873626646	1	5	3	1600	545000	73	1197	1930	90	13	17	20	10	27	43	28	16	4	6	100
30601734_zpid	30601734_zpid	11233	1420 Herkimer St, Brooklyn, NY 11233	40.677027	-73.906557	0.351838192063	5	0.337988836618	3	0.259876607878	9	7	3	1860	509600	110	1518	1910	588	68	396	512	328	128	112	64	172	232	80	572
29790645_zpid	29790645_zpid	10473	268 Soundview Ave, Bronx, NY 10473	40.8113524	-73.8554548	0.547299140474	1	1.17806266797	0	2.46670403961	0	3	4	2650	185000	198	1845	1931	144	40	76	84	48	84	48	84	44	84	20	292
30627188_zpid	30627188_zpid	11237	388 Bleecker St, Brooklyn, NY 11237	40.702075	-73.913943	0.0650902601393	13	0.310674853866	5	0.324794504529	5	1	1	900	999000	19	2000	1931	150	65	113	144	101	44	31	26	60	57	24	249
29831726_zpid	29831726_zpid	10466	650 E 226th St, Bronx, NY 10466	40.888826	-73.861881	0.185384899592	5	0.250346780445	2	0.157501133359	4	8	5	3375	385000	44	5706	1915	299	21	105	118	121	71	18	8	38	63	14	186
29794183_zpid	29794183_zpid	10473	2354 Quimby Ave, Bronx, NY 10473	40.82664	-73.844291	0.4840612261	1	0.774406162074	0	1.05435543476	0	6	3	2415	490000	40	2920	1915	12	2	1	4	2	10	5	2	3	3	3	16
30612840_zpid	30612840_zpid	11238	77 Saint James Pl, Brooklyn, NY 11238	40.68721	-73.964226	0.188385933504	10	0.178654792025	4	0.188648319801	3	2	1	2400	1383000	122	2000	1905	492	236	296	436	332	116	176	40	156	100	76	608
30782312_zpid	30782312_zpid	11234	2024 E 73rd St, Brooklyn, NY 11234	40.62173	-73.907473	0.53985534397	1	0.526071832507	1	2.81489719154	0	3	2.5	1665	579000	30	2633	1965	72	8	36	48	24	108	76	40	72	16	12	232
30606930_zpid	30606930_zpid	11206	875 Myrtle Ave, Brooklyn, NY 11206	40.695785	-73.947665	0.199785239575	8	0.526203749513	6	0.118857486644	4	5	2	1800	925000	9	2000	1920	101	36	70	105	49	52	20	44	30	29	30	155
30790244_zpid	30790244_zpid	11235	86 Corbin Pl, Brooklyn, NY 11235	40.5798172	-73.9547697	0.134183482367	11	0.357340172129	5	0.600085022868	1	4	3	1989	600000	48	1384	1940	214	52	48	67	42	54	53	32	41	29	13	158
30793160_zpid	30793160_zpid	11229	3120 Avenue W, Brooklyn, NY 11229	40.596567	-73.93312	0.344731829815	9	0.525071811661	2	1.86885127077	0	3	2.5	1092	385000	11	1530	1930	68	64	4	28	8	36	80	32	68	12	8	176
30771340_zpid	30771340_zpid	11236	1276 E 87th St, Brooklyn, NY 11236	40.632351	-73.901361	0.512063139108	3	0.447289755765	2	1.59273839832	0	5	2.5	1966	469000	0	1992	1955	53	14	25	28	10	63	25	12	28	9	12	95
30624165_zpid	30624165_zpid	11211	60A Sharon St, Brooklyn, NY 11211	40.715002	-73.936712	0.421665873917	8	0.533786635372	2	0.466942856123	2	3	1	3000	187000	310	2041	1989	22	110	8	33	15	20	24	11	18	11	16	105
30580240_zpid	30580240_zpid	11215	527 18th St, Brooklyn, NY 11215	40.657294	-73.9817697	0.156741170094	13	0.245371104009	6	0.405752217174	1	5	3	2700	1050000	0	2003	1910	29	25	14	21	15	17	18	10	16	2	7	57
30633391_zpid	30633391_zpid	11212	788 Mother Gaston Blvd, Brooklyn, NY 11212	40.659308	-73.9045189	0.312699120315	4	0.360414286564	4	0.451028057004	4	3	2	1116	275600	32	1800	1986	85	14	61	59	43	26	31	6	34	18	9	141
79723872_zpid	79723872_zpid	10472	1551 Bruckner Blvd, Bronx, NY 10472	40.824158	-73.87673	0.208215010976	6	0.3128565907	4	0.533536265088	2	8	6	3054	530000	14	1568	2009	469	45	152	165	150	39	20	3	45	62	18	237
30623093_zpid	30623093_zpid	11211	101 Ainslie St, Brooklyn, NY 11211	40.71268	-73.950467	0.174221453237	18	0.211916096728	7	0.162279125246	4	2	1	2400	1685000	8	2500	1899	304	612	236	308	204	140	160	68	84	56	52	856
29825252_zpid	29825252_zpid	10467	3233 Cruger Ave, Bronx, NY 10467	40.872381	-73.86642	0.0993633514953	7	0.156670588044	4	0.130159912063	3	8	3	2300	365000	142	2300	1970	234	32	90	95	94	41	25	9	39	37	20	184
29825697_zpid	29825697_zpid	10469	3223 Tenbroeck Ave, Bronx, NY 10469	40.871817	-73.852977	0.149576393264	6	0.705365881802	1	0.610781944157	1	3	1.5	1444	270000	11	2482	1960	38	12	21	30	17	42	26	13	27	15	7	99
30608171_zpid	30608171_zpid	11216	270 Clifton Pl, Brooklyn, NY 11216	40.688622	-73.953518	0.123645031911	10	0.326861033254	6	0.219327632382	2	6	4.5	855	2410000	2	1867	1931	392	240	252	328	216	116	88	36	68	132	128	724
29845114_zpid	29845114_zpid	10465	2951 Schley Ave, Bronx, NY 10465	40.825043	-73.819279	0.560876239689	1	0.396844671324	2	2.53961563479	0	4	2	1488	125000	281	5000	1920	14	16	6	16	5	13	19	21	14	1	5	63
30719230_zpid	30719230_zpid	11204	1563 W 10th St, Brooklyn, NY 11204	40.608667	-73.9833785	0.187262159654	12	0.281100926633	7	0.379677887291	2	5	4.5	2700	1218000	20	1999	1965	312	92	124	148	192	240	76	112	64	32	20	392
30764459_zpid	30764459_zpid	11234	1621 E 51st St, Brooklyn, NY 11234	40.620799	-73.925772	0.156723347108	11	0.348010737403	1	2.28246463832	0	3	2	1440	449000	0	1850	1920	8	32	2	9	8	45	31	16	16	4	8	137
29787748_zpid	29787748_zpid	10458	2573 Marion Ave, Bronx, NY 10458	40.8632561	-73.8922758	0.323308893535	9	0.127195794833	8	0.247007487724	5	6	4	2136	385000	128	3750	1910	574	59	248	255	311	24	19	8	77	81	28	445
60023198_zpid	60023198_zpid	10475	3400 Wright Ave, Bronx, NY 10475	40.880735	-73.832977	0.672340654928	1	0.333348177021	4	0.439627150066	1	8	6	3300	350000	0	2979	2000	2	3	8	16	7	13	14	8	8	4	2	55
30611048_zpid	30611048_zpid	11216	187 Macdonough St, Brooklyn, NY 11216	40.681798	-73.938778	0.131014484265	10	0.179699619706	7	0.272931075049	2	5	3	3360	1350000	31	2000	1899	264	272	188	264	144	20	88	52	92	84	68	396
30740366_zpid	30740366_zpid	11235	2607 Hubbard St, Brooklyn, NY 11235	40.5867621	-73.9627226	0.216725918152	9	0.624394481696	1	0.7244440956	1	2	1.5	1604	294000	183	1600	1930	29	13	14	19	10	39	44	24	18	7	5	77
30784263_zpid	30784263_zpid	11234	1822 Kimball St, Brooklyn, NY 11234	40.614309	-73.931818	0.254076822522	5	0.520977270955	1	2.28472684679	0	3	2	1800	585000	7	2000	1930	5	40	3	9	2	25	28	18	24	2	2	68
30792982_zpid	30792982_zpid	11229	2257 Plumb 2nd St, Brooklyn, NY 11229	40.5974379	-73.931244	0.523519149389	5	0.483794665471	1	2.03628775428	0	3	2	868	375000	53	1980	1935	68	68	4	28	8	36	84	32	64	12	8	156
29813490_zpid	29813490_zpid	10462	1809 Matthews Ave, Bronx, NY 10462	40.8464823	-73.8620732	0.181045032635	8	0.110687366424	2	0.597629934027	1	5	1.5	1703	330000	72	2068	1910	94	28	56	76	41	87	41	23	30	26	15	138
30718510_zpid	30718510_zpid	11204	1389 W 6th St, Brooklyn, NY 11204	40.611419	-73.979978	0.15072602328	13	0.145451173079	6	0.168009552119	3	5	3	2464	1040000	25	2000	1935	218	35	49	62	75	103	33	36	17	10	8	158
30647151_zpid	30647151_zpid	11207	658 Ashford St, Brooklyn, NY 11207	40.665556	-73.883223	0.10096895653	8	0.174079502181	5	0.0928364785149	2	15	6	3766	500000	115	4000	1930	87	7	58	45	37	22	26	10	28	32	13	117
30651633_zpid	30651633_zpid	11212	237 E 95th St, Brooklyn, NY 11212	40.660657	-73.922046	0.0461192317702	10	0.292267715114	6	0.460409684848	2	7	4	3250	659000	0	3250	1931	571	22	218	218	187	67	27	9	45	80	29	293
30696749_zpid	30696749_zpid	11209	7805 Colonial Rd, Brooklyn, NY 11209	40.6302892	-74.0338293	0.473611370827	8	0.825365068183	0	0.705480217187	1	3	1	1648	865000	44	3000	1925	37	30	7	13	11	32	41	72	14	3	2	73
29795748_zpid	29795748_zpid	10472	1235 Wheeler Ave, Bronx, NY 10472	40.829676	-73.88063	0.175878820931	9	0.17487605695	3	0.173729309242	3	4	2	3600	455000	138	2500	1930	332	53	166	187	165	43	25	9	62	58	14	259
30733544_zpid	30733544_zpid	11224	2852 W 17th St, Brooklyn, NY 11224	40.577556	-73.9852779	0.163162950626	2	0.422360936528	4	0.342322064313	1	8	3	3396	635000	26	2451	1920	224	40	92	128	104	68	128	52	44	68	16	336
30713735_zpid	30713735_zpid	3	179 Bay 10th St, Brooklyn, NY 11228	40.607165	-30713735_zpid	179 Bay 10th St, Brooklyn, NY 11228	40.607165	-74.012394	0.0934476366236	7	0.578742900033	0.905002464869	0	11228	4	2.75	1906	868000	32	3383	1915	12	12	6	20	4	46	52	54	44	4	10	100
29835407_zpid	29835407_zpid	10466	3920 Amundson Ave, Bronx, NY 10466	40.889833	-73.835548	0.484279453963	2	0.385706581248	4	0.431855346066	1	4	1.5	1678	245000	52	2500	1925	48	6	14	24	4	51	28	13	28	8	3	66
29846975_zpid	29846975_zpid	10465	228 Reynolds Ave, Bronx, NY 10465	40.81957	-73.808124	0.215802767587	1	0.820560946821	0	3.59917666992	0	3	1	1988	340000	10	1800	1960	19	11	4	6	2	10	21	13	13	3	4	46
30668952_zpid	30668952_zpid	11230	541 Argyle Rd, Brooklyn, NY 11230	40.635965	-73.965041	0.110955504146	8	0.140857581977	6	0.213834909746	2	8	4	3269	770000	125	4000	1910	24	19	21	24	17	25	23	16	16	7	3	71
30636678_zpid	30636678_zpid	11207	9 Van Siclen Ct, Brooklyn, NY 11207	40.680963	-73.892019	0.193885833193	4	0.0987282026111	4	0.355966578424	3	4	2	1440	375000	17	1400	1920	368	148	240	252	176	260	172	144	160	120	44	568
30754595_zpid	30754595_zpid	11234	1446 E 37th St, Brooklyn, NY 11234	40.620698	-73.9392419	0.324292562107	1	0.350487505278	2	1.52624166981	0	4	2.5	2088	443000	137	1999	1950	140	40	76	64	40	120	80	56	44	28	8	320
30701467_zpid	30701467_zpid	11209	9326 Hamilton Walk, Brooklyn, NY 11209	40.6176728	-74.0322228	0.175856196979	11	0.115121104362	5	0.186277328109	2	2	1	910	635000	20	1027	1925	129	43	30	35	32	81	49	31	6	12	8	179
30790995_zpid	30790995_zpid	11235	821 Hampton Ave, Brooklyn, NY 11235	40.58023	-73.946141	0.599833099708	5	1.00008232612	0	1.00483065383	0	5	4	4600	2000000	5	5800	2004	68	20	12	36	12	28	96	56	76	0	4	128
29841068_zpid	29841068_zpid	10465	1169 Throggmorton Ave, Bronx, NY 10465	40.836655	-73.822439	0.265524943067	4	0.232364100929	1	1.41622640302	0	4	2	1296	409500	7	1875	1910	6	7	7	7	7	7	29	11	10	4	3	37
30584955_zpid	30584955_zpid	11215	147 11th St, Brooklyn, NY 11215	40.670815	-73.992628	0.320782313761	11	0.571329253031	3	0.242220216791	4	3	1	1050	1380000	0	2500	1901	172	180	84	144	80	104	204	104	84	56	44	532
2100244507_zpid	2100244507_zpid	11213	972A St. John's Place, Brooklyn, NY 11213	40.6712246	-73.946181	0.329528719049	13	0.345038634345	4	0.382575446081	3	4	3	2348	1300000	0	2371	1915	744	144	376	356	320	96	132	32	108	132	60	708
30749763_zpid	30749763_zpid	11235	2648 E 21st St, Brooklyn, NY 11235	40.587357	-73.94837	0.191125223186	10	0.400243394987	3	0.491737307178	1	4	4	2384	1100000	11	5998	1930	56	16	12	36	7	51	34	28	41	12	5	144
30749883_zpid	30749883_zpid	11235	2639 E 23rd St, Brooklyn, NY 11235	40.587681	-73.946221	0.109663301317	11	0.543221488729	3	0.676391251796	1	6	3	2305	995000	13	8698	1930	50	13	11	32	5	49	30	32	37	6	3	119
30637346_zpid	30637346_zpid	11208	66 Elton St, Brooklyn, NY 11208	40.682006	-73.885484	0.351454545725	7	0.276552027405	5	0.24005071593	3	5	3	2500	14000	34	2500	1920	59	16	33	29	35	35	23	18	24	18	11	96
30732226_zpid	30732226_zpid	11224	3734 Bayview Ave, Brooklyn, NY 11224	40.580622	-74.005255	0.488776992527	1	0.457301763237	1	2.034162563	0	4	2	1520	510000	17	2000	1985	31	8	4	17	7	1	10	2	9	5	2	28
29850311_zpid	29850311_zpid	10464	56 Centre St, Bronx, NY 10464	40.84377	-73.787577	0.194062997518	3	2.93252065126	0	3.48007177238	0	4	3	1854	721000	14	5713	1925	64	56	20	32	12	4	132	40	32	12	84	168
2113028661_zpid	2113028661_zpid	10462	1714 White Plains Rd, Bronx, NY 10462	40.844323	-73.865437	0.190540637004	9	0.267684604549	3	0.562290798177	2	11	7	5700	815000	30	500	1940	90	13	49	59	43	58	25	14	27	26	12	121
30660892_zpid	30660892_zpid	11203	435 E 35th St, Brooklyn, NY 11203	40.6444	-73.943764	0.145918708196	4	0.332413001197	3	0.445622597103	2	6	3	1920	625000	18	4000	1930	448	40	300	196	260	136	60	24	92	64	52	340
30632912_zpid	30632912_zpid	11212	774 Thomas S Boyland St, Brooklyn, NY 11212	40.661465	-73.911905	0.320376476777	7	0.270414804162	6	0.282056806337	2	6	3	2240	484000	28	2450	1901	624	44	524	348	256	156	168	64	144	88	80	700
30691923_zpid	30691923_zpid	11220	6823 Narrows Ave, Brooklyn, NY 11220	40.638382	-74.033401	0.446102504916	6	0.579290539569	2	0.92820030819	0	1	1	2504	795000	77	2527	1925	27	6	6	5	8	13	12	14	4	2	1	44
30652319_zpid	30652319_zpid	11203	230 E 53rd St, Brooklyn, NY 11203	40.654386	-73.928038	0.220724622869	9	0.216740974422	3	1.23885637916	0	7	3	4026	580000	11	9884	1920	224	27	101	103	109	72	43	11	33	40	17	211
30624386_zpid	30624386_zpid	11206	161 Manhattan Ave, Brooklyn, NY 11206	40.7084802	-73.945338	0.210902453679	9	0.362632104912	8	0.470396942255	7	7	5	5700	2650000	10	1900	1920	83	110	38	61	45	13	30	8	21	15	10	121
30719491_zpid	30719491_zpid	11204	1521 W 6th St, Brooklyn, NY 11204	40.610123	-73.979736	0.208186061702	13	0.156906154278	6	0.266102823569	4	3	2.5	1376	840000	13	2175	1925	856	132	208	236	280	384	128	108	68	48	32	576
30758567_zpid	30758567_zpid	11210	987 E 40th St, Brooklyn, NY 11210	40.631208	-73.937606	0.488111998568	2	0.551538057881	1	0.867005646041	0	5	1.5	1728	385000	88	2000	1920	28	2	17	19	15	26	17	17	12	8	7	66
30613640_zpid	30613640_zpid	11238	187 Gates Ave, Brooklyn, NY 11238	40.685314	-73.960179	0.339608631292	11	0.314430673003	7	0.396292891594	5	9	4	3520	1700000	9	1982	1930	140	155	84	124	74	30	48	17	54	21	41	191
30601072_zpid	30601072_zpid	11233	63 Mother Gaston Blvd, Brooklyn, NY 11233	40.6794736	-73.9080907	0.304171386855	5	0.335723607549	4	0.251344096189	8	11	3.5	2994	1250000	0	1799	1910	197	21	133	160	111	37	35	15	48	73	23	174
30728046_zpid	30728046_zpid	11229	3131 Nostrand Ave, Brooklyn, NY 11229	40.608017	-73.9430717	0.312101699179	3	0.762818699536	0	1.24813923284	0	3	2	1827	560000	2	2310	1930	19	7	9	21	8	16	24	19	19	2	2	63
30792869_zpid	30792869_zpid	11229	2202 Burnett St, Brooklyn, NY 11229	40.602458	-73.933622	0.0735666106228	3	0.140819436638	1	1.91789491515	0	4	3	1600	628000	13	1600	1964	15	5	4	6	2	7	25	12	7	0	2	32
30737784_zpid	30737784_zpid	11223	2412 Mcdonald Ave, Brooklyn, NY 11223	40.593124	-73.974134	0.41415087754	4	0.377427447256	2	0.33369533541	4	6	2	1582	780000	0	2788	1910	34	14	12	26	7	45	29	40	21	4	7	118
29788378_zpid	29788378_zpid	10468	3101 Villa Ave, Bronx, NY 10468	40.8746031	-73.8879209	0.081794369876	9	0.124780077377	4	0.223881147319	3	3	1.5	660	250000	117	696	1899	211	15	66	51	48	7	6	0	12	19	8	93
30724664_zpid	30724664_zpid	11230	1021 E 14th St, Brooklyn, NY 11230	40.624572	-73.961918	0.0967291212064	6	0.0801329854251	6	0.123095066363	2	8	7	3150	535000	34	3000	1925	127	18	60	61	77	50	39	27	18	23	8	156
30779355_zpid	30779355_zpid	11236	1427 E 100th St, Brooklyn, NY 11236	40.636577	-73.88839	0.30591119849	7	0.315717612573	3	1.59719231931	0	3	3	1760	425100	21	2000	1960	18	7	17	12	0	16	13	7	12	4	2	55
30790889_zpid	30790889_zpid	11235	275 Coleridge St, Brooklyn, NY 11235	40.5752669	-73.949458	0.356500598577	5	0.845987821252	0	1.03434222721	0	5	10	9200	1250000	196	8000	2001	23	13	5	12	3	9	26	15	17	2	2	30
30622130_zpid	30622130_zpid	11222	125 Engert Ave, Brooklyn, NY 11222	40.721792	-73.945639	0.137183228012	15	0.201539825325	1	0.571320428651	1	7	3	2430	1190000	19	1710	1910	28	64	15	45	10	13	36	16	22	9	9	161
30674687_zpid	30674687_zpid	11218	374 E 9th St, Brooklyn, NY 11218	40.639472	-73.970221	0.380046328002	10	0.118158732963	6	0.558693849997	2	5	2	1293	525000	37	2000	1920	856	220	320	336	188	316	156	264	120	84	44	876
29847401_zpid	29847401_zpid	10465	3177 Tierney Pl, Bronx, NY 10465	40.813911	-73.802655	0.983569357584	0	1.42199454951	0	4.37710793636	0	3	1	1820	402000	13	174240000	1950	1	3	1	2	0	3	10	5	5	0	1	14
30619371_zpid	30619371_zpid	11249	62 S 4th St, Brooklyn, NY 11249	40.712597	-73.9656399	0.0727098667171	8	0.284007658837	3	0.807610528295	0	1	1	3220	870000	144	2070	1899	112	348	32	124	36	88	80	144	80	12	32	384
83178710_zpid	83178710_zpid	10452	910 Summit Ave, Bronx, NY 10452	40.8312248	-73.9311702	0.128373211428	1	0.391568389857	4	0.477410296458	3	8	6	4050	537500	8	1726	2007	1140	120	456	468	452	96	36	12	180	220	60	736
30637544_zpid	30637544_zpid	11208	115 Shepherd Ave, Brooklyn, NY 11208	40.682097	-73.882023	0.108701413284	7	0.179131874859	3	0.184119916848	3	4	2	1817	345000	21	1730	1920	81	36	52	61	57	49	32	24	35	24	14	160
30701926_zpid	30701926_zpid	11209	9512 Fort Hamilton Pkwy, Brooklyn, NY 11209	40.614664	-74.029871	0.199715013768	9	0.320747160695	3	0.204113502546	1	4	2	3100	876288	21	2800	1901	328	124	88	92	96	204	136	148	24	44	16	476
30794102_zpid	30794102_zpid	11229	66 Frank Ct, Brooklyn, NY 11229	40.5889249	-73.9239064	0.180813950678	2	1.35688693783	0	2.56708016398	0	4	2	2160	100000	310	1800	1920	2	3	2	15	0	1	32	12	22	2	5	41
30603887_zpid	30603887_zpid	11221	599 Putnam Ave, Brooklyn, NY 11221	40.685698	-73.937415	0.158212489792	12	0.177454884152	5	0.705722417055	1	8	4	3600	1375000	8	2000	1901	148	33	78	96	63	22	27	12	34	42	19	164
30599880_zpid	30599880_zpid	11233	575 Bainbridge St, Brooklyn, NY 11233	40.683145	-73.913906	0.213993549677	6	0.187595520179	4	0.292585318647	4	5	4	2430	1495000	0	1800	1901	197	40	154	161	119	23	35	10	47	79	11	214
30747077_zpid	30747077_zpid	11229	2333 E 22nd St, Brooklyn, NY 11229	40.594252	-73.948161	0.201295352027	12	0.572347446256	3	0.601955725686	1	3	1	3600	960000	26	3000	1926	63	12	22	26	28	34	32	25	25	12	4	74
30702165_zpid	30702165_zpid	11209	416 Marine Ave, Brooklyn, NY 11209	40.61356	-74.032278	0.0757499388491	9	0.359098978591	3	0.304151737409	1	6	3	1650	570000	131	2047	1925	56	26	16	20	18	48	34	34	7	7	4	94
30589406_zpid	30589406_zpid	11238	888 Pacific St, Brooklyn, NY 11238	40.6801306	-73.9645356	0.162179067888	13	0.324928351506	5	0.43017036449	4	6	3	2040	1995000	0	1283	1930	103	179	42	96	64	44	52	42	44	17	23	229
29783384_zpid	29783384_zpid	10460	1530 Seabury Pl, Bronx, NY 10460	40.83506	-73.890942	0.242800915991	6	0.19523327078	4	0.366761438714	2	4	3	2300	417000	86	7000	1987	162	23	68	91	70	20	13	3	21	31	11	150
30604353_zpid	30604353_zpid	11221	863 Jefferson Ave, Brooklyn, NY 11221	40.686482	-73.924141	0.27921863345	10	0.495817076659	3	0.384377687409	2	6	4	2670	1300000	19	1850	1899	172	54	83	121	92	34	18	7	33	54	25	203
30612457_zpid	30612457_zpid	11205	225 Skillman St, Brooklyn, NY 11205	40.691484	-73.956206	0.093670383273	9	0.064272891875	5	0.42469943196	2	5	3	2112	900000	11	1600	1901	144	83	38	63	36	32	45	32	26	14	22	168
30598373_zpid	30598373_zpid	11233	2424 Dean St, Brooklyn, NY 11233	40.674328	-73.907098	0.267043301941	6	0.425698404861	6	0.356259268243	7	8	3	2430	650000	11	1330	1920	92	9	60	94	61	22	21	13	29	35	13	100
30585026_zpid	30585026_zpid	11215	187 11th St, Brooklyn, NY 11215	40.670176	-73.991299	0.197428127196	11	0.454602199964	3	0.12804164069	4	4	2	1620	1150000	5	2000	1899	200	260	92	180	84	124	224	140	116	84	60	744
30698758_zpid	30698758_zpid	11209	8510 Narrows Ave, Brooklyn, NY 11209	40.626031	-74.039159	0.742948045391	1	0.906427375741	0	0.982460280231	0	4	3	2736	1330000	33	4725	1950	10	7	0	8	1	14	20	12	7	2	1	41
30675355_zpid	30675355_zpid	11218	813 Mcdonald Ave, Brooklyn, NY 11218	40.634197	-73.977402	0.156309159297	7	0.31326218124	8	0.224804079008	2	4	2	1212	200000	33	3750	1910	83	35	61	49	41	62	26	65	17	11	5	177
30788097_zpid	30788097_zpid	11234	348 Mayfair Dr S, Brooklyn, NY 11234	40.608581	-73.904451	1.03406497577	0	1.05102432785	0	4.24396006412	0	4	2	2260	900000	132	4600	1960	0	1	0	5	0	2	8	1	7	2	1	14
30650019_zpid	30650019_zpid	11208	756 Pine St, Brooklyn, NY 11208	40.666567	-73.869049	0.0975658611361	2	0.131797207677	4	1.01412073222	0	6	3	2084	470000	125	3100	1965	31	4	17	22	9	28	23	7	9	13	1	68
30750746_zpid	30750746_zpid	11210	908 E 35th St, Brooklyn, NY 11210	40.632525	-73.943063	0.0567366994083	2	0.0997632209472	3	0.388381680158	1	5	2	1980	679000	0	1999	1915	98	25	54	56	56	55	34	24	25	19	6	146
30759452_zpid	30759452_zpid	11234	827 E 57th St, Brooklyn, NY 11234	40.632525	-73.921241	0.386772964097	7	0.191966924966	3	2.2306346761	0	3	3.5	1782	310000	3	1800	1945	27	12	8	21	11	36	12	14	11	11	1	52
30595037_zpid	30595037_zpid	11225	239 Sterling St, Brooklyn, NY 11225	40.663224	-73.9529979	0.251777934534	9	0.194502226686	6	0.189143141846	3	3	3	2400	1750000	14	1999	1910	483	88	181	167	179	27	33	15	44	76	18	296
