30761643_zpid	30761643_zpid	11210	4026 Avenue K, Brooklyn, NY 11210	40.625549	-73.936209	0.282035173862	1	0.802824762848	0	1.26135323113	0	3	3	1720	475000	7	1800	1901	61	7	27	33	20	32	28	8	18	12	9	70
29819985_zpid	29819985_zpid	10469	2222 Woodhull Ave, Bronx, NY 10469	40.858656	-73.841595	0.368052690773	2	0.738272361601	1	1.16749912187	0	3	2	1957	509000	11	2500	1955	8	6	2	5	1	12	24	6	8	0	1	25
30735188_zpid	30735188_zpid	11223	2066 W 11th St, Brooklyn, NY 11223	40.596596	-73.982614	0.33734739216	9	0.238945525863	6	0.309685845716	3	5	2	1976	950000	12	2178	1925	104	84	40	88	32	128	108	160	52	28	12	228
30655115_zpid	30655115_zpid	11236	156 E 87th St, Brooklyn, NY 11236	40.648517	-73.91939	0.314773717783	5	0.790002528601	0	1.46307794005	0	4	3	1860	405000	31	2192	1935	15	4	11	11	8	21	15	6	8	9	4	56
30702487_zpid	30702487_zpid	11209	258 Battery Ave, Brooklyn, NY 11209	40.6134879	-74.026377	0.418760403143	9	0.582409093081	2	0.508187314421	1	3	2	2072	755000	3	2170	1925	164	24	28	28	36	44	72	12	12	8	12	112
30580550_zpid	30580550_zpid	11218	611 20th St, Brooklyn, NY 11218	40.654266	-73.979777	0.328484314467	9	0.335861369498	3	0.601976308398	2	4	2	1728	1200000	17	2183	1930	1	13	8	11	4	17	13	24	11	0	2	33
30606927_zpid	30606927_zpid	11206	881 Myrtle Ave, Brooklyn, NY 11206	40.6958089	-73.9474539	0.189514660348	8	0.508246082362	6	0.136747236679	4	3	2	1200	190000	28	1900	1920	103	37	71	105	50	56	20	44	29	30	30	159
30721530_zpid	30721530_zpid	11223	1760 W 9th St, Brooklyn, NY 11223	40.604083	-73.982145	0.120987980938	7	0.339193775341	2	0.152497514127	1	3	2	2085	849999	0	1700	1910	312	100	164	100	136	304	108	160	76	48	20	372
29789212_zpid	29789212_zpid	10470	127 E 237th St, Bronx, NY 10470	40.898685	-73.871813	0.255923219169	1	0.399276895856	1	0.835091802512	0	3	2	2390	515000	23	4007	1920	53	12	9	7	7	35	12	14	14	6	1	62
30585775_zpid	30585775_zpid	11215	244 13th St, Brooklyn, NY 11215	40.667074	-73.989461	0.109536792798	17	0.174944899375	4	0.342201139726	3	2	1	2724	1350000	55	1500	1899	356	336	108	304	120	184	292	104	152	84	80	988
55677707_zpid	55677707_zpid	11234	32 Georgetown Ln, Brooklyn, NY 11234	40.622224	-73.914025	0.348123309972	5	0.678161510211	1	2.90752945101	0	5	2.5	1648	515000	46	2678	1996	88	12	36	52	12	192	120	92	84	20	32	408
30759709_zpid	30759709_zpid	11210	1099 E 42nd St, Brooklyn, NY 11210	40.6281109	-73.935308	0.0621342738034	8	0.851580708459	0	1.1672477036	0	6	3	2040	599000	9	2400	1930	29	3	17	27	7	28	25	12	13	8	7	61
30636565_zpid	30636565_zpid	11207	26 Sunnyside Ct, Brooklyn, NY 11207	40.683265	-73.8898169	0.506806144336	3	0.415268527836	4	0.572268025826	2	3	1	3000	230000	161	1600	1901	200	100	136	124	108	144	108	76	104	40	24	280
30629124_zpid	30629124_zpid	11221	1225 Hancock St, Brooklyn, NY 11221	40.692162	-73.9116	0.290065920497	10	0.547831458234	2	0.74099271088	2	4	2	1200	635000	8	2000	1910	118	28	89	112	85	33	31	7	46	53	27	156
29843219_zpid	29843219_zpid	10465	1311 Stadium Ave, Bronx, NY 10465	40.839442	-73.820017	0.513979546209	2	0.476596003452	1	1.33793957398	0	3	3	2314	595000	0	3972	1930	4	11	9	2	6	4	31	15	9	2	2	38
30702465_zpid	30702465_zpid	11209	182 Battery Ave, Brooklyn, NY 11209	40.615044	-74.025457	0.308307177963	10	0.531286630574	4	0.504488798735	1	4	2	1691	795000	0	1682	1930	35	13	8	7	9	14	15	5	2	3	4	34
55541096_zpid	55541096_zpid	10457	662 E 179th St, Bronx, NY 10457	40.846963	-73.8907909	0.148804096764	11	0.211884004443	2	0.751758985907	0	5	2	2640	315000	19	2178	1995	243	51	122	130	110	29	14	7	39	45	22	225
30623814_zpid	30623814_zpid	11222	87 Kingsland Ave, Brooklyn, NY 11222	40.719363	-73.940889	0.109671508005	9	0.471121738165	2	0.597110656902	1	4	2	1683	535000	110	1280	1910	15	27	12	25	5	6	22	18	11	4	7	81
29785935_zpid	29785935_zpid	10453	7 E 181st St, Bronx, NY 10453	40.8557085	-73.9049217	0.222656933899	10	0.30640167099	10	0.312961342061	4	6	2	2750	443000	29	1775	1901	630	50	215	248	245	37	23	17	90	81	27	356
30658033_zpid	30658033_zpid	11203	23 E 40th St, Brooklyn, NY 11203	40.655396	-73.940171	0.501292777283	1	0.806733033884	0	0.853605284289	0	2	1	800	420000	18	2000	1940	67	12	40	28	20	57	28	10	21	22	3	90
30764873_zpid	30764873_zpid	11234	1419 E 58th St, Brooklyn, NY 11234	40.619881	-73.918939	0.0855385855739	10	0.807600803428	0	2.82147845099	0	4	2	1526	419000	28	1999	1920	8	9	6	6	9	35	29	14	20	3	6	105
30601703_zpid	30601703_zpid	11233	1889 Eastern Pkwy, Brooklyn, NY 11233	40.676895	-73.908402	0.196596564244	4	0.183654714182	3	0.267632962064	8	8	3	2727	372500	164	1986	1910	194	22	132	164	112	37	33	21	53	70	28	184
30731479_zpid	30731479_zpid	11214	176 Bay 47th St, Brooklyn, NY 11214	40.588091	-73.988199	0.29889103427	4	0.651776151187	1	0.384019443583	1	5	3	3210	830000	17	1933	1930	52	40	32	96	24	88	84	88	104	36	20	188
30671237_zpid	30671237_zpid	11218	658 Vanderbilt St, Brooklyn, NY 11218	40.6539069	-73.974483	0.14653300464	5	0.409658050703	2	0.470942908157	1	3	1	900	150000	323	2430	1890	10	13	9	15	7	18	15	15	12	1	3	39
30753662_zpid	30753662_zpid	11210	1116 E 36th St, Brooklyn, NY 11210	40.623529	-73.940745	0.218499373616	2	0.578449341229	3	1.18867164294	0	3	2	1350	660000	2	2178	1920	73	9	30	33	24	63	43	11	25	9	6	76
30609799_zpid	30609799_zpid	11216	348 Putnam Ave, Brooklyn, NY 11216	40.684068	-73.947442	0.232261941883	12	0.197521365134	8	0.4335621367	4	6	4	2582	1165000	21	1700	1901	226	92	127	166	117	32	46	21	62	71	30	290
30654692_zpid	30654692_zpid	11203	5904 Snyder Ave, Brooklyn, NY 11203	40.65039	-73.921328	0.280724561735	7	0.541790552321	2	1.30193334804	0	5	3	1656	515000	17	3200	1920	204	16	76	116	88	92	92	20	24	52	16	272
30608548_zpid	30608548_zpid	11221	439 Lexington Ave, Brooklyn, NY 11221	40.688569	-73.944506	0.201375783682	10	0.283300506215	5	0.6181333193	1	3	2.5	3000	250000	21	25	1899	476	156	276	344	280	80	88	32	100	148	52	560
29785438_zpid	29785438_zpid	10460	2295 Southern Blvd, Bronx, NY 10460	40.850461	-73.8828489	0.150873891901	9	0.462697242394	2	1.15597526233	0	4	1	1500	200000	161	2863	1925	404	52	184	176	264	32	16	12	44	76	40	320
30794214_zpid	30794214_zpid	11229	101 Frank Ct, Brooklyn, NY 11229	40.5890914	-73.9243883	0.203684269062	2	1.31331742416	0	2.52822350136	0	3	2	975	330000	11	1800	1925	8	24	8	60	0	4	120	48	80	4	16	156
30764424_zpid	30764424_zpid	11234	1632 E 51st St, Brooklyn, NY 11234	40.620529	-73.926325	0.102691134127	9	0.366753608564	1	2.2628813932	0	3	1	1200	450000	2	3001	1920	7	30	2	10	5	41	32	15	15	4	6	128
30601512_zpid	30601512_zpid	11233	11 Roosevelt Pl, Brooklyn, NY 11233	40.677338	-73.915168	0.334317971882	3	0.286830497201	3	0.392740792084	3	3	2	1342	380000	37	2185	1962	247	23	142	172	106	56	35	17	59	67	39	211
83046980_zpid	83046980_zpid	11207	596 Pennsylvania Ave, Brooklyn, NY 11207	40.662534	-73.893834	0.608115759162	1	0.120234983279	7	0.250454911751	5	4	3	3840	450000	6	2400	1930	287	17	150	145	155	35	48	14	46	79	19	282
30725627_zpid	30725627_zpid	11230	1377 E 17th St, Brooklyn, NY 11230	40.616682	-73.957526	0.204976804314	6	0.23900976309	5	0.18948754446	1	3	2	1548	595000	15	1742	1930	600	84	208	324	216	256	144	124	64	56	16	640
30757734_zpid	30757734_zpid	11234	1761 E 37th St, Brooklyn, NY 11234	40.614111	-73.9345249	0.415037226655	4	0.291617852539	2	2.05913518058	0	3	1.5	1050	472000	9	1800	1925	5	40	4	11	2	26	30	19	34	3	2	74
29846787_zpid	29846787_zpid	10465	135 Meagher Ave, Bronx, NY 10465	40.815478	-73.809827	0.6712816405	1	0.808743441579	0	3.86843656716	0	4	2	1536	395000	11	3454	1950	5	6	2	5	2	6	18	9	10	3	4	39
29838688_zpid	29838688_zpid	10466	4353 Edson Ave, Bronx, NY 10466	40.897883	-73.846795	0.345082784567	2	0.719206161656	2	0.64027779462	2	3	2.5	2047	399500	0	2831	1935	54	5	26	26	23	40	43	11	26	8	5	70
89074930_zpid	89074930_zpid	11224	5107 Ocean View Ave, Brooklyn, NY 11224	40.5798328	-74.0100641	0.0912444663165	1	0.740537731047	1	2.43904433827	0	3	2.5	2000	496860	57	3580	1930	9	5	3	15	4	1	10	0	9	1	2	13
30666159_zpid	30666159_zpid	11226	56 Martense St, Brooklyn, NY 11226	40.651049	-73.957054	0.271311161088	11	0.372054733411	8	0.504024615918	3	21	4	3780	760000	117	2840	1930	544	71	339	299	318	56	43	22	74	92	27	466
30730053_zpid	30730053_zpid	11214	53 Bay 41st St, Brooklyn, NY 11214	40.59581	-73.98663	0.211190922891	8	0.192300918485	6	0.211509021925	2	5	2	1805	850000	3	2417	1925	60	24	40	48	24	84	100	72	56	20	8	188
30722344_zpid	30722344_zpid	11223	1710 E 8th St, Brooklyn, NY 11223	40.607178	-73.9650599	0.132512509164	7	0.436794893265	4	0.634526536463	2	3	3	1408	705000	4	1972	1920	268	60	56	128	120	88	88	56	92	52	20	416
30671385_zpid	30671385_zpid	11218	122 Greenwood Ave, Brooklyn, NY 11218	40.649598	-73.979977	0.152358705731	9	0.191992719165	2	0.355582143613	2	3	1	1200	954000	6	1378	1925	37	23	17	22	22	17	23	24	15	5	5	72
29827369_zpid	29827369_zpid	10467	847 E 221st St, Bronx, NY 10467	40.883741	-73.857387	0.269297543335	6	0.434846496013	2	0.44846446171	2	6	2	2566	477000	6	2803	1930	86	5	46	61	44	46	9	1	18	30	4	85
30586959_zpid	30586959_zpid	11215	857 Carroll St, Brooklyn, NY 11215	40.671737	-73.971921	0.388780808725	13	0.429199890161	4	0.403738259087	3	6	3	4368	4950000	2	1875	1901	11	21	1	12	7	9	35	18	13	4	4	88
30764539_zpid	30764539_zpid	11234	1594 E 53rd St, Brooklyn, NY 11234	40.619611	-73.924366	0.127866003399	12	0.514952030538	1	2.45656512187	0	3	2.5	1118	338000	16	2340	1920	56	100	20	36	44	172	112	68	72	20	32	548
30707142_zpid	30707142_zpid	11228	1462 77th St, Brooklyn, NY 11228	40.616711	-74.005034	0.237052550292	10	0.470745824284	4	0.517150515056	2	5	3	2098	815000	24	2650	1925	6	10	5	17	5	37	33	39	16	3	2	65
89067323_zpid	89067323_zpid	11238	658 Dean St, Brooklyn, NY 11238	40.680039	-73.968587	0.0300247001055	14	0.314785696002	5	0.423316424267	4	3	2.5	2700	1830000	12	2200	1931	436	408	160	256	116	116	164	112	104	56	64	620
29843367_zpid	29843367_zpid	10465	1320 Lohengrin Pl, Bronx, NY 10465	40.839718	-73.82065	0.544407882886	2	0.505809575112	2	1.27701494956	0	4	3	1619	450000	33	3702	1930	4	11	8	2	5	5	32	13	9	2	2	37
29785108_zpid	29785108_zpid	10457	718 E 180th St, Bronx, NY 10457	40.8476292	-73.8882703	0.0484185544987	12	0.351878982577	3	0.965190681135	0	5	5	4092	510000	65	4138	1920	239	50	133	138	120	24	13	3	48	57	22	215
30775835_zpid	30775835_zpid	11236	10521 Avenue K, Brooklyn, NY 11236	40.644799	-73.89064	0.39204625729	2	0.356122079774	3	0.969095899613	0	4	2.5	1552	449000	0	2000	1965	42	5	18	17	13	21	13	3	13	9	7	67
29812867_zpid	29812867_zpid	10462	1721 White Plains Rd, Bronx, NY 10462	40.844205	-73.866043	0.237095476287	10	0.313257227327	3	0.553323805326	2	3	3	2200	250000	181	1125	1920	83	13	47	52	41	51	24	11	21	26	10	113
111908458_zpid	111908458_zpid	11233	456 Ralph Ave, Brooklyn, NY 11233	40.673524	-73.92246	0.437204995144	4	0.423539609878	3	0.585955077388	1	6	5	3800	569201	43	2482	2012	188	29	116	105	94	20	21	4	37	38	18	174
30783323_zpid	30783323_zpid	11234	7215 Avenue Y, Brooklyn, NY 11234	40.6146346	-73.8996323	0.974581350771	0	0.875735721417	0	3.56930403303	0	4	3.5	5500	1300000	117	10000	1985	2	9	1	4	0	3	15	5	7	1	2	31
30636950_zpid	30636950_zpid	11208	157 Ridgewood Ave, Brooklyn, NY 11208	40.68327	-73.883044	0.260812986849	7	0.330463020888	3	0.327448099663	2	5	3	1990	564000	18	2000	1910	78	31	47	53	48	38	29	22	34	19	13	138
30792655_zpid	30792655_zpid	11235	107 Neptune Ave, Brooklyn, NY 11235	40.5826009	-73.957873	0.171059545222	13	0.189815348126	8	0.572193919847	2	8	3	2754	570000	14	1773	1915	928	168	252	340	196	284	200	132	168	124	100	800
30660123_zpid	30660123_zpid	11226	135 E 32nd St, Brooklyn, NY 11226	40.647517	-73.947035	0.179859850624	5	0.277771489572	5	0.314517489246	2	5	2.5	3000	560000	25	2000	1910	187	21	61	72	53	69	23	12	22	31	18	143
30701544_zpid	30701544_zpid	11209	60 94th St, Brooklyn, NY 11209	40.618269	-74.037248	0.368920816062	9	0.332315722222	3	0.558754617547	1	4	2	1352	915000	23	736	1925	165	28	26	33	31	44	30	29	8	7	4	114
30729905_zpid	30729905_zpid	11214	8622 25th Ave, Brooklyn, NY 11214	40.597577	-73.98793	0.112614135317	5	0.0702170240872	6	0.0941294091177	3	4	2	2045	880000	6	1958	1950	36	14	12	14	11	40	33	18	13	6	2	80
30788726_zpid	30788726_zpid	11234	2640 E 63rd St, Brooklyn, NY 11234	40.608648	-73.911782	0.793611913813	0	0.977113051904	0	3.8735531843	0	3	1.5	1152	599000	0	2100	1960	2	6	2	6	3	19	6	27	20	2	1	33
30630387_zpid	30630387_zpid	11207	846 Knickerbocker Ave, Brooklyn, NY 11207	40.691674	-73.90629	0.0813091716737	9	0.963425959445	0	0.375250940387	2	4	1.5	1125	200850	149	937	1920	77	28	50	67	55	18	16	12	32	33	16	136
30669532_zpid	30669532_zpid	11210	1382 Flatbush Ave, Brooklyn, NY 11210	40.636593	-73.952082	0.13785551513	4	0.351941833959	3	0.487064879985	2	4	4	3300	185000	261	1598	1933	824	128	384	332	316	164	128	72	100	168	24	868
30600046_zpid	30600046_zpid	11233	566 Bainbridge St, Brooklyn, NY 11233	40.682639	-73.9141549	0.246647549035	6	0.247679089198	4	0.313527475837	3	6	3	2430	425000	152	1742	1899	222	43	164	180	130	26	37	16	52	91	17	237
29854485_zpid	29854485_zpid	10471	5230 Blackstone Ave, Bronx, NY 10471	40.900309	-73.9094269	0.768326048517	0	0.735544004895	1	0.568691931489	1	1	1	880	120000	29	50	1950	6	3	2	6	1	2	21	3	5	0	1	15
30666462_zpid	30666462_zpid	11226	2409 Snyder Ave, Brooklyn, NY 11226	40.6488005	-73.9544292	0.439100983778	10	0.29419778586	6	0.468807155381	3	4	2	1152	312800	25	1132	1910	342	48	189	170	165	78	42	15	52	61	26	285
30634097_zpid	30634097_zpid	11207	204 New Jersey Ave, Brooklyn, NY 11207	40.6746604	-73.8957016	0.204326864537	7	0.280454112009	5	0.0726646069191	6	6	3	2532	570000	8	1000	1901	84	20	72	94	70	67	40	35	26	35	19	202
30789099_zpid	30789099_zpid	11235	2964 Brighton 1st St, Brooklyn, NY 11235	40.5790168	-73.9668572	0.128093041398	7	0.369315445548	8	0.331625845316	3	6	2.5	2079	465000	73	2000	1930	85	39	54	71	47	51	32	15	39	18	17	189
30730047_zpid	30730047_zpid	11214	71 Bay 41st St, Brooklyn, NY 11214	40.595507	-73.986951	0.248957301297	7	0.222166473883	5	0.244786229414	2	4	3	2210	318000	199	1933	1950	60	24	40	48	24	84	100	76	64	20	8	196
30650719_zpid	30650719_zpid	11203	141 E 51st St, Brooklyn, NY 11203	40.658733	-73.929828	0.167717992215	11	0.516917114524	5	0.899780906517	0	10	4	2667	580000	113	26	1950	121	16	57	45	58	52	25	12	15	28	15	116
30673779_zpid	30673779_zpid	11218	395 E 2nd St, Brooklyn, NY 11218	40.6417209	-73.977749	0.216146133132	12	0.177669407395	11	0.305374044492	2	7	3	4018	1355000	2	3433	1930	652	176	252	348	236	260	224	260	116	100	68	808
29785650_zpid	29785650_zpid	10457	311 E 180th St, Bronx, NY 10457	40.852534	-73.899405	0.0454094176767	10	0.176250120753	9	0.411846408396	4	4	2.5	1503	300000	54	1999	1901	429	39	190	196	200	31	24	16	62	70	26	303
30603042_zpid	30603042_zpid	11221	540 Lexington Ave, Brooklyn, NY 11221	40.688837	-73.938655	0.260853623891	7	0.201620012413	3	0.965493628859	0	5	4	2400	1295000	0	2000	1899	968	236	472	672	404	168	164	72	196	248	132	1076
30765313_zpid	30765313_zpid	11234	1789 E 48th St, Brooklyn, NY 11234	40.616921	-73.92832	0.179419541418	6	0.772133139945	0	2.40912119824	0	3	1	1728	395000	9	1850	1930	68	212	24	40	28	136	132	88	52	24	16	544
30718402_zpid	30718402_zpid	11204	1402 W 7th St, Brooklyn, NY 11204	40.6111081	-73.9815306	0.108502454883	12	0.0452025093018	7	0.0906174404125	1	5	3	1790	648000	38	1150	1930	209	29	50	62	76	96	34	42	20	13	9	163
30788122_zpid	30788122_zpid	11234	196 Whitman Dr, Brooklyn, NY 11234	40.608578	-73.9033989	1.07565356578	0	1.08983380897	0	4.2406205443	0	4	2	2624	975000	3	5250	1960	0	1	0	5	0	0	6	2	6	2	0	10
29845854_zpid	29845854_zpid	10465	1022 Wilcox Ave, Bronx, NY 10465	40.834426	-73.819205	0.107562178536	2	0.136835263725	1	1.77965504472	0	3	2	1813	430000	3	1838	1961	5	5	7	10	7	14	23	24	12	4	3	38
30774538_zpid	30774538_zpid	11236	9904 Flatlands Ave, Brooklyn, NY 11236	40.644598	-73.898697	0.282454550429	6	0.670672260363	1	0.351150157247	2	3	3	3600	385000	31	3615	1930	59	10	25	19	18	58	17	8	12	18	10	99
30789095_zpid	30789095_zpid	11235	2952 Brighton 1st St, Brooklyn, NY 11235	40.5792913	-73.9667902	0.272390455479	6	0.379144042189	8	0.361825157851	3	3	2	1344	535000	40	2000	1930	85	39	54	70	47	51	32	15	39	18	17	188
30730053_zpid	30730053_zpid	11214	53 Bay 41st St, Brooklyn, NY 11214	40.59581	-73.98663	0.211190922891	7	0.192300918485	6	0.211509021925	2	5	2	1805	850000	3	2417	1925	60	24	40	48	24	84	100	72	56	20	8	188
30654035_zpid	30654035_zpid	11236	583 E 92nd St, Brooklyn, NY 11236	40.652866	-73.917141	0.175187915379	7	0.670515814713	1	0.958368999	0	3	2	1974	371500	5	2200	1940	164	12	44	88	56	140	56	28	40	48	16	228
30789200_zpid	30789200_zpid	11235	2929 Brighton 3rd St, Brooklyn, NY 11235	40.5799815	-73.9651669	0.325953578576	6	0.331088794781	7	0.417947603195	2	4	3	2	165000	309	1600	1910	468	216	288	376	216	240	152	100	180	88	96	960
30764458_zpid	30764458_zpid	11234	1623 E 51st St, Brooklyn, NY 11234	40.620745	-73.925766	0.155691057332	11	0.353903484628	1	2.28640917431	0	3	2	1320	453000	95	2003	1920	8	32	2	9	8	44	31	16	16	4	8	136
30777414_zpid	30777414_zpid	11236	1221 E 100th St, Brooklyn, NY 11236	40.639966	-73.892147	0.342653893896	7	0.33982496243	2	1.10725005904	0	3	1.5	1562	395000	8	4167	1955	30	10	20	23	9	26	16	11	13	13	5	72
29846356_zpid	29846356_zpid	10465	619 Vincent Ave, Bronx, NY 10465	40.827273	-73.815648	0.511357011182	2	0.629831884414	1	2.53821062218	0	4	2.5	2000	510000	96	25	1965	11	6	6	11	1	8	16	20	14	0	4	44
30677574_zpid	30677574_zpid	11204	1774 50th St, Brooklyn, NY 11204	40.6277199	-73.982026	0.0740143215241	6	0.0536886716076	7	0.485917359149	2	7	3	2600	380000	220	2454	1930	16	9	7	18	6	20	75	33	26	5	5	80
30710685_zpid	30710685_zpid	11228	1428 84th St, Brooklyn, NY 11228	40.613261	-74.009903	0.168592713306	8	0.248888199241	1	0.785757197772	0	6	2	2740	1148000	0	2383	1930	8	14	2	13	1	30	40	32	24	7	7	61
30566832_zpid	30566832_zpid	11217	229 Dean St, Brooklyn, NY 11217	40.685417	-73.984521	0.113009282938	11	0.472348405711	2	0.385631579057	9	4	3.5	3780	1397478	76	2200	1852	53	84	8	43	14	37	56	24	22	18	16	162
89069886_zpid	89069886_zpid	10456	314 E 166th St, Bronx, NY 10456	40.8299546	-73.9144176	0.0299104873892	9	0.28027568287	7	0.471830497245	2	6	3	2439	440000	36	1017	2007	468	57	193	203	243	29	30	5	81	65	27	295
30765618_zpid	30765618_zpid	11234	1540 E 56th St, Brooklyn, NY 11234	40.617948	-73.921257	0.332911708141	10	0.810681715675	0	2.77782543504	0	2	2.5	520	282000	13	2000	1920	15	20	10	7	11	28	34	13	21	4	5	136
30694571_zpid	30694571_zpid	11209	457 74th St, Brooklyn, NY 11209	40.6309169	-74.023061	0.122297088601	18	0.184085540418	5	0.244771963526	2	5	2	2108	958000	9	1818	1915	240	172	164	208	96	172	212	248	100	64	28	640
30621591_zpid	30621591_zpid	11222	45 Mcguinness Blvd, Brooklyn, NY 11222	40.724027	-73.948235	0.0471394797018	15	0.390786998385	4	0.26541103522	1	1	1	2112	139000	309	2500	2010	160	324	76	156	48	120	140	112	80	52	56	720
29815285_zpid	29815285_zpid	10461	1828 Haight Ave, Bronx, NY 10461	40.850474	-73.853475	0.18411709189	7	0.305390838234	1	0.732742795572	1	6	3	2997	553000	1	2500	1901	55	11	10	25	12	33	28	15	17	6	2	84
30652743_zpid	30652743_zpid	11212	356 Rockaway Pkwy, Brooklyn, NY 11212	40.658791	-73.918049	0.351928591463	9	0.142585504494	3	0.330088735574	1	10	4	1100	569000	52	2482	1930	524	18	237	229	186	70	31	13	45	79	37	320
30633743_zpid	30633743_zpid	11212	643 Watkins St, Brooklyn, NY 11212	40.656386	-73.904186	0.104001616883	3	0.324580835663	3	0.493239522557	1	6	3	2000	444000	30	2080	1930	65	10	43	50	37	20	18	6	35	13	5	110
30696242_zpid	30696242_zpid	11209	86 77th St, Brooklyn, NY 11209	40.631217	-74.03451	0.433012148699	7	0.79334355792	0	0.77787528575	0	3	2	177	1150000	9	2613	1930	42	8	10	12	11	32	39	81	14	3	1	58
29792514_zpid	29792514_zpid	10473	2210 Seward Ave, Bronx, NY 10473	40.820925	-73.847865	0.176110590863	3	0.0819119813783	2	1.52081562035	0	3	2	3000	320000	41	3000	1965	41	17	19	8	9	15	8	2	13	3	4	52
29828080_zpid	29828080_zpid	10469	1047 E 213th St, Bronx, NY 10469	40.876623	-73.855043	0.338573423036	7	0.618706990376	1	0.960922459685	0	3	2	1620	415000	2	2500	1945	284	24	156	276	184	224	48	44	108	100	60	444
29781145_zpid	29781145_zpid	10474	1309 Seneca Ave, Bronx, NY 10474	40.819178	-73.887155	0.168921330954	6	0.278845554477	4	0.34723669956	2	3	1.5	3350	285000	42	2500	1925	146	11	89	85	75	14	18	11	31	24	13	134
29833615_zpid	29833615_zpid	10466	1072 E 229th St, Bronx, NY 10466	40.88691	-73.848052	0.36328430764	6	0.173620124407	3	1.0415892914	0	3	2	2188	315000	143	2180	1955	51	12	30	19	16	68	15	3	30	14	10	64
79712989_zpid	79712989_zpid	11226	2519 Snyder Ave, Brooklyn, NY 11226	40.6489369	-73.953389	0.379990748745	10	0.220666028639	6	0.385729791682	2	2	1	3268	780000	123	2042	2005	401	52	175	158	172	86	38	15	53	66	26	295
64740250_zpid	64740250_zpid	11217	193 S Portland Ave, Brooklyn, NY 11217	40.683727	-73.973615	0.307827777913	15	0.459637974941	3	0.267073917402	9	2	1	3200	450959	146	2030	2002	48	104	25	40	22	17	24	65	26	13	24	134
29834794_zpid	29834794_zpid	10466	3867 Amundson Ave, Bronx, NY 10466	40.888433	-73.835569	0.4773550563	2	0.377411041819	4	0.398753711129	1	4	2.5	1701	425000	100	18295.2	1957	40	6	16	23	4	44	23	15	26	8	3	63
30757580_zpid	30757580_zpid	11234	1773 E 35th St, Brooklyn, NY 11234	40.612947	-73.935796	0.299621480428	5	0.195596250793	2	1.92061431761	0	3	3	1092	450000	24	2200	1935	8	68	16	36	12	84	108	84	136	16	4	248
30676365_zpid	30676365_zpid	11230	294 Parkville Ave, Brooklyn, NY 11230	40.632038	-73.968528	0.392216148124	10	0.198100480034	6	0.591229940424	2	10	5	3180	714000	129	2504	1925	86	40	59	48	53	56	43	55	30	17	12	158
29848809_zpid	29848809_zpid	10465	340 Brinsmade Ave, Bronx, NY 10465	40.818456	-73.821803	0.358585576586	1	0.34994977452	1	2.9235070691	0	3	2.5	1500	418080	30	2443	1960	13	18	12	6	9	24	17	10	11	8	8	47
29844198_zpid	29844198_zpid	10465	3264 Griswold Ave, Bronx, NY 10465	40.84453	-73.8181369	0.971616460292	0	0.648897260303	1	1.20137940845	0	5	3	3180	740000	4	4750	1935	1	10	4	4	0	15	25	15	8	1	0	33
30781388_zpid	30781388_zpid	11234	1418 E 66th St, Brooklyn, NY 11234	40.620238	-73.914133	0.223813591052	7	0.520211645911	1	3.11832639479	0	4	3	1860	525000	121	5103	1970	18	11	8	11	4	22	26	17	22	3	6	93
30625156_zpid	30625156_zpid	11237	99 Wilson Ave, Brooklyn, NY 11237	40.7017064	-73.9271071	0.00442489676696	15	0.212860949349	4	0.429211136734	4	4	1	2500	730000	99	2500	1931	161	101	100	147	115	33	25	7	31	61	23	266
30675121_zpid	30675121_zpid	11218	632 E 5th St, Brooklyn, NY 11218	40.636816	-73.9745499	0.0707202667845	3	0.199378593079	9	0.321625864001	1	9	3.5	2846	790000	26	3920	1920	182	56	78	75	55	96	43	100	29	20	9	223
30615531_zpid	30615531_zpid	11217	25 S Elliott Pl, Brooklyn, NY 11217	40.688862	-73.975606	0.173906643662	7	0.19106828645	2	0.186378752126	8	3	2	1130	2500000	40	94089.6	2007	35	52	21	22	9	8	23	19	16	10	9	95
83178345_zpid	83178345_zpid	10456	581 E 168th St, Bronx, NY 10456	40.8306474	-73.903843	0.217532412564	7	0.218797445671	8	1.01284149941	0	6	4	3496	485000	67	3702	2009	348	22	138	157	119	46	14	16	27	49	27	251
30612560_zpid	30612560_zpid	11205	14 Saint James Pl, Brooklyn, NY 11205	40.6892885	-73.9652238	0.214281313085	10	0.267568548557	3	0.103224598719	3	4	2	2764	2144000	16	1106	1899	176	164	76	116	76	88	72	24	56	56	36	372
30664098_zpid	30664098_zpid	11210	878 E 37th St, Brooklyn, NY 11210	40.635484	-73.94145	0.41309674257	1	0.442889886196	2	0.600429601504	1	3	2.5	1526	399000	81	2300	1935	147	9	114	108	109	47	23	10	36	35	5	197
30740580_zpid	30740580_zpid	11235	2891 Brighton 6th St, Brooklyn, NY 11235	40.5815957	-73.9626622	0.0348755340146	9	0.248433730439	5	0.452989240937	1	8	2	2400	678000	18	2081	1930	320	172	192	280	96	320	220	132	160	84	88	772
30627189_zpid	30627189_zpid	11237	390 Bleecker St, Brooklyn, NY 11237	40.702118	-73.913897	0.0709577016264	12	0.309661981411	5	0.326502535755	5	3	1.5	1200	770000	10	2000	1931	147	65	113	143	101	44	31	26	59	55	24	249
30719225_zpid	30719225_zpid	11204	1584 W 9th St, Brooklyn, NY 11204	40.608236	-73.982926	0.220979992503	10	0.303272387719	7	0.415328713853	2	3	2	1148	650000	9	1934	1925	252	84	92	112	144	212	68	84	60	32	16	316
29826906_zpid	29826906_zpid	10467	751 E 220th St, Bronx, NY 10467	40.883877	-73.8604639	0.175684847906	6	0.324592640704	1	0.189418121974	2	6	4	1166	690000	0	2857	2016	144	10	77	96	80	65	14	4	28	48	9	147
30750455_zpid	30750455_zpid	11235	3029 Voorhies Ave, Brooklyn, NY 11235	40.587955	-73.935312	0.396798554892	5	0.490559632788	2	1.59729807989	0	3	2.5	1280	415000	21	2000	1930	50	15	22	27	20	28	19	17	23	10	4	109
30672868_zpid	30672868_zpid	11218	249 E 4th St, Brooklyn, NY 11218	40.646258	-73.97671	0.201358092113	12	0.342313959417	5	0.351786645141	2	7	3	2094	906000	34	2134	1910	440	164	108	212	160	176	196	124	80	64	44	656
30726933_zpid	30726933_zpid	11229	1667 E 19th St, Brooklyn, NY 11229	40.609384	-73.954198	0.155639534236	4	0.0923852617515	4	0.315723357952	1	5	4.5	2500	749500	32	2475	1920	147	32	46	44	44	59	53	38	24	16	3	166
29850142_zpid	29850142_zpid	10464	99 Pilot St, Bronx, NY 10464	40.8411266	-73.7857843	0.244592093403	3	2.99723284694	0	3.71827959159	0	2	1.5	1592	285000	151	5041	1925	11	7	5	4	3	2	23	7	8	3	12	27
