29832102_zpid	29832102_zpid	10466	739 E 227th St, Bronx, NY 10466	40.888982	-73.858229	0.145589229369	5	0.316005649814	2	0.20739090835	3	6	2	1974	500000	10	5718	1901	333	27	132	140	129	93	27	12	48	68	20	246
30776681_zpid	30776681_zpid	11236	1137 E 103rd St, Brooklyn, NY 11236	40.642755	-73.89149	0.60183970604	5	0.566385327503	2	0.97678770142	0	5	2.5	2160	450000	27	2003	1960	160	20	64	84	56	116	52	32	52	52	32	268
30614421_zpid	30614421_zpid	11217	158 S Oxford St, Brooklyn, NY 11217	40.684658	-73.973465	0.242355054279	11	0.382882759216	3	0.166981543123	9	6	4	3318	445000	254	11325.6	1930	47	83	28	33	19	17	21	39	23	13	23	136
29841050_zpid	29841050_zpid	10465	3171 Fairmount Ave, Bronx, NY 10465	40.8359949	-73.822254	0.201993901574	4	0.174146532822	1	1.47337727381	0	3	2	2022	430000	127	20037.600000000002	1910	6	7	9	8	8	8	28	12	11	4	4	42
30667788_zpid	30667788_zpid	11226	481 E 21st St, Brooklyn, NY 11226	40.642476	-73.958257	0.10032071839	9	0.188628412496	4	0.506174272439	2	1	1	2310	300000	5	3200	1899	602	117	297	301	268	66	45	29	64	101	16	485
30714690_zpid	30714690_zpid	11228	337 Bay 10th St, Brooklyn, NY 11228	40.604106	-74.01554	0.461793897756	3	0.75247670069	0	1.24278751994	0	3	1.5	1849	783000	7	1740	1950	5	1	1	1	0	6	11	11	5	1	2	25
30737032_zpid	30737032_zpid	11223	2161 West St, Brooklyn, NY 11223	40.595718	-73.970837	0.525501344431	5	0.722286413689	3	0.216442300435	4	4	2.5	1732	350000	26	2570	1945	112	20	60	112	28	184	100	228	104	16	20	368
30760300_zpid	30760300_zpid	11234	1133 E 54th St, Brooklyn, NY 11234	40.630364	-73.923901	0.150756730966	6	0.420536890442	2	2.02447031776	0	4	2.5	2180	478400	20	2033	1950	43	16	23	27	14	56	20	26	17	17	2	80
30671406_zpid	30671406_zpid	11218	137 E 2nd St, Brooklyn, NY 11218	40.648632	-73.979102	0.0272562441072	10	0.218414479823	5	0.309249938528	2	4	3	1508	900000	19	1684	1925	212	104	68	104	92	88	124	108	76	24	24	404
30568436_zpid	30568436_zpid	11201	24 Verandah Pl, Brooklyn, NY 11201	40.688085	-73.996491	0.0747624340692	17	0.327360630985	4	0.521927310529	2	4	3.5	3192	6150000	9	1206	1899	34	51	12	52	7	28	51	29	19	9	5	148
30680117_zpid	30680117_zpid	11204	1960 59th St, Brooklyn, NY 11204	40.620199	-73.983148	0.134893802448	3	0.666206626708	2	0.348673555876	3	4	4	2750	1150000	9	2003	1925	18	9	10	21	9	38	31	39	22	6	5	85
30627525_zpid	30627525_zpid	11221	365 Central Ave, Brooklyn, NY 11221	40.694109	-73.9177069	0.405155114327	10	0.130792264879	4	0.534528120647	2	2	1	3900	640000	118	2080	1931	143	47	101	126	92	31	44	11	63	36	36	191
30780689_zpid	30780689_zpid	11234	12 Bergen Beach Pl, Brooklyn, NY 11234	40.622431	-73.915314	0.309427416642	5	0.763405942442	0	2.92656367025	0	5	3	1750	582500	13	2737	1996	19	5	8	8	5	54	25	23	19	6	8	101
30653676_zpid	30653676_zpid	11203	283 E 55th St, Brooklyn, NY 11203	40.6510419	-73.925162	0.243810215089	8	0.234742428322	3	1.37836143119	0	7	4	3520	750000	0	3000	1920	153	15	50	61	57	54	35	9	19	30	10	155
30709538_zpid	30709538_zpid	11214	1633 82nd St, Brooklyn, NY 11214	40.612	-74.003885	0.173394356562	10	0.354373448237	6	0.323284700268	2	4	2	1800	780000	3	2000	1945	41	5	11	22	9	17	30	28	14	7	6	101
30666733_zpid	30666733_zpid	11226	1440 Albemarle Rd, Brooklyn, NY 11226	40.6463729	-73.965681	0.247158024995	10	0.585657301488	3	0.258720969673	3	8	6	6480	2500001	9	13068.0	1901	1024	156	644	648	788	96	64	52	176	188	24	924
30793558_zpid	30793558_zpid	11229	27 Nova Ct, Brooklyn, NY 11229	40.587488	-73.92424	0.323334670173	2	1.37068009262	0	2.52980939287	0	3	2	2000	380000	20	1800	2006	2	3	1	14	0	0	31	11	24	2	5	41
64787256_zpid	64787256_zpid	11216	736 Dekalb Ave, Brooklyn, NY 11216	40.6916719	-73.9466939	0.17108884679	9	0.402450476166	4	0.456220784201	2	6	3	2691	283200	129	2300	2002	232	92	104	140	136	48	40	20	52	84	48	252
29842416_zpid	29842416_zpid	10461	1524 Hutchinson River Pkwy, Bronx, NY 10461	40.8411633	-73.8376249	0.275355151215	5	0.657381921278	2	0.3199326737	2	4	2	1280	299000	45	2178000	1945	53	16	16	14	13	30	26	12	12	6	3	80
30789861_zpid	30789861_zpid	11235	154 Neptune Ave, Brooklyn, NY 11235	40.5819312	-73.9590451	0.274350124715	13	0.0661479547607	7	0.511044686204	2	3	3	1182	490000	5	1400	1930	225	47	63	87	43	84	50	34	47	29	27	225
30567682_zpid	30567682_zpid	11201	29 Joralemon St, Brooklyn, NY 11201	40.69399	-73.99855	0.042488746773	12	0.550450719198	4	0.601996991104	4	4	4	3040	3200000	3	1825	1920	41	66	17	23	13	11	41	29	15	4	11	113
30769511_zpid	30769511_zpid	11236	931 E 88th St, Brooklyn, NY 11236	40.6387829	-73.906521	0.132861878455	9	0.532660608918	2	0.960940633677	0	3	2	988	371000	83	2400	1925	39	8	23	21	10	82	29	13	20	15	7	110
30736784_zpid	30736784_zpid	11223	2175 W 7th St, Brooklyn, NY 11223	40.5944773	-73.97794	0.262076732326	4	0.173549457457	2	0.197041222737	4	5	3	1908	820000	29	2395	1931	124	56	32	104	40	180	88	152	96	24	28	328
79726111_zpid	79726111_zpid	11234	68 Bell Point Dr, Brooklyn, NY 11234	40.6104051	-73.9149616	0.63330740966	2	0.893715376556	0	3.62666116656	0	4	4	4313	1300000	89	5060	2007	4	7	4	6	6	23	5	24	20	4	1	30
30663569_zpid	30663569_zpid	11203	929 E 45th St, Brooklyn, NY 11203	40.6384339	-73.933515	0.355260166095	7	1.14014572909	0	1.26981747408	0	5	2	1785	487000	19	2200	1940	112	40	48	64	48	152	92	28	88	48	20	340
30665211_zpid	30665211_zpid	11225	78 Fenimore St, Brooklyn, NY 11225	40.657858	-73.9596229	0.0701461128644	12	0.102676826801	5	0.326479474788	2	6	4	3516	1396101	24	2520	1931	357	98	163	130	144	15	37	15	49	40	12	210
30738496_zpid	30738496_zpid	11223	2323 W 7th St, Brooklyn, NY 11223	40.5923142	-73.9777041	0.09269897039	8	0.10729571759	2	0.0634582657649	5	7	2.5	2520	850000	31	3195	1960	144	64	44	92	40	156	88	140	76	28	24	324
30579931_zpid	30579931_zpid	11215	612 Prospect Ave, Brooklyn, NY 11215	40.6561359	-73.977794	0.280377574134	8	0.0728655766259	3	0.530255590716	2	6	3	3042	2151250	9	2003	1920	14	14	8	8	10	13	9	3	8	2	4	30
30672088_zpid	30672088_zpid	11218	8 Micieli Pl, Brooklyn, NY 11218	40.646564	-73.982381	0.174611605523	10	0.283552281389	5	0.361947534501	2	4	3	2717	1200000	23	2363	1940	164	76	68	80	88	100	128	104	36	36	20	432
30669481_zpid	30669481_zpid	11210	2333 Foster Ave, Brooklyn, NY 11210	40.638295	-73.954835	0.169242833979	5	0.179603995387	4	0.573682260578	1	7	3	2436	625000	17	2116	1910	111	16	68	60	43	24	12	9	11	31	6	123
30789136_zpid	30789136_zpid	11235	230 Brighton 2nd Ln, Brooklyn, NY 11235	40.5791384	-73.9656243	0.231550761714	6	0.28831526907	7	0.397683755309	2	3	3	2692	356200	27	1800	1930	464	176	296	388	252	224	156	84	200	92	88	972
30602738_zpid	30602738_zpid	11221	795 Greene Ave, Brooklyn, NY 11221	40.690304	-73.936203	0.314683709795	10	0.416200201778	5	0.709463517564	1	5	4	2400	1375000	13	1600	1899	206	57	108	149	97	36	33	17	39	58	43	229
30710689_zpid	30710689_zpid	11228	1438 84th St, Brooklyn, NY 11228	40.613093	-74.009632	0.16935666189	9	0.221133051007	1	0.763754678856	0	5	2	1960	920000	3	2383	1930	8	14	2	14	1	29	39	31	24	7	6	60
30642119_zpid	30642119_zpid	11208	351 Ridgewood Ave, Brooklyn, NY 11208	40.684878	-73.875733	0.0488492087263	8	0.27067908013	5	0.249364965993	3	6	3.5	3360	989000	0	1903	1901	83	38	57	73	49	51	38	15	59	37	10	177
30744897_zpid	30744897_zpid	11229	2184 E 26th St, Brooklyn, NY 11229	40.598012	-73.945571	0.329937557355	8	0.289724455082	3	0.8671142503	0	3	3	2626	875000	4	3500	1940	54	17	21	27	28	40	46	30	37	12	7	127
30772460_zpid	30772460_zpid	11236	1429 E 89th St, Brooklyn, NY 11236	40.631118	-73.896761	0.567351440607	5	0.193430864033	3	1.78208525728	0	5	3	2773	155000	111	2392	1960	156	24	72	76	20	184	68	44	92	28	12	224
30715352_zpid	30715352_zpid	11214	248 Bay 23rd St, Brooklyn, NY 11214	40.600052	-74.00444	0.240458218093	5	0.454632776511	4	0.729652532624	1	3	1.5	1320	920000	2	3028	1945	115	12	32	22	21	49	35	37	13	9	10	106
30748258_zpid	30748258_zpid	11235	2452 E 27th St, Brooklyn, NY 11235	40.592157	-73.943535	0.243882437108	12	0.304210748937	2	1.04116532061	0	3	2	2824	849000	5	2200	1940	51	15	12	13	8	24	22	29	24	1	1	64
30601498_zpid	30601498_zpid	11233	26 Roosevelt Pl, Brooklyn, NY 11233	40.67693	-73.915767	0.273421989472	3	0.311003562765	4	0.456148438212	2	2	1	1122	216000	156	3920	1935	229	20	134	149	100	55	35	18	48	63	36	203
30626664_zpid	30626664_zpid	11237	1303 Greene Ave, Brooklyn, NY 11237	40.6983394	-73.9194606	0.178667121604	12	0.395266269708	7	0.0418603925346	5	4	2	984	990000	19	3793	1920	193	82	126	182	126	20	26	15	77	78	25	264
30727866_zpid	30727866_zpid	11229	1778 E 28th St, Brooklyn, NY 11229	40.60772	-73.945523	0.375508601166	2	0.794953295887	0	1.04425229632	0	5	2.5	2530	850000	16	2750	1950	17	10	7	21	7	29	25	32	21	3	2	84
30613660_zpid	30613660_zpid	11238	435 Classon Ave, Brooklyn, NY 11238	40.685802	-73.959121	0.369211773478	14	0.381410791315	7	0.351122111293	5	5	3.5	2520	2495000	0	1260	1899	109	139	70	100	55	28	38	16	43	16	36	145
30757714_zpid	30757714_zpid	11234	1768 E 37th St, Brooklyn, NY 11234	40.613745	-73.934893	0.377095371693	4	0.256091403945	2	2.01765291231	0	2	1.5	1064	375000	49	1742	1927	4	16	5	10	3	26	29	20	33	4	2	65
29792496_zpid	29792496_zpid	10473	2261 Cincinnatus Ave, Bronx, NY 10473	40.82088	-73.84611	0.210922551173	2	0.157784586908	2	1.56368361303	0	3	2	1730	259000	48	1900	1935	22	3	11	2	3	13	7	0	9	1	2	45
30712677_zpid	30712677_zpid	11228	8733 14th Ave, Brooklyn, NY 11228	40.609891	-74.014276	0.360960092748	4	0.526805206645	1	1.08147445024	0	3	2	2024	748000	22	2127	1950	6	11	2	11	2	20	36	25	22	2	4	54
30743385_zpid	30743385_zpid	11229	2097 E 22nd St, Brooklyn, NY 11229	40.600138	-73.949261	0.0711284070356	3	0.444150328913	5	0.571261179447	2	2	1	2249	600000	122	2192	1920	75	21	29	29	36	65	58	19	28	11	7	160
30606239_zpid	30606239_zpid	11233	108 Bainbridge St, Brooklyn, NY 11233	40.680494	-73.933055	0.218780350846	9	0.2102404642	4	0.233198407271	2	7	4	3000	1200000	11	2000	1930	87	50	69	80	54	10	24	5	25	25	13	124
30717207_zpid	30717207_zpid	11230	1260 E 10th St, Brooklyn, NY 11230	40.618411	-73.965279	0.124816548592	6	0.229440251524	6	0.504634747481	1	5	2.5	1417	820000	47	2308	1910	108	8	29	44	38	47	59	18	29	10	3	135
30760711_zpid	30760711_zpid	11234	4505 Avenue K, Brooklyn, NY 11234	40.6257919	-73.932156	0.252939707407	9	0.489929055733	1	1.52532248124	0	3	3	1528	175000	284	2000	1930	34	16	16	22	17	40	25	17	15	3	1	77
30645425_zpid	30645425_zpid	11208	1037 Belmont Ave, Brooklyn, NY 11208	40.674405	-73.870913	0.252393756633	6	0.152909224819	6	0.147826171858	2	6	4	2598	551000	126	1300	1950	139	18	84	81	52	64	52	10	58	45	15	201
30742017_zpid	30742017_zpid	11229	1943 E 19th St, Brooklyn, NY 11229	40.602866	-73.952935	0.499534670075	4	0.409951650308	4	0.470762898544	1	4	3	1800	999999	2	3149	1920	488	160	152	144	212	332	244	76	72	40	16	644
30747117_zpid	30747117_zpid	11229	2371 E 23rd St, Brooklyn, NY 11229	40.593485	-73.947064	0.25451147071	12	0.518314370303	4	0.711950418103	1	5	2	2500	800000	11	2900	1930	41	11	14	22	13	28	27	25	16	5	4	61
29848402_zpid	29848402_zpid	10465	2462 Rohr Pl, Bronx, NY 10465	40.821503	-73.837299	0.899788556933	0	0.659751639578	1	1.85884332721	0	3	1.5	969	305000	16	2500	1920	3	0	1	0	0	3	2	2	0	0	0	10
30635864_zpid	30635864_zpid	11207	573 Alabama Ave, Brooklyn, NY 11207	40.661972	-73.895942	0.41114612738	2	0.203676748471	5	0.30934660258	5	6	4	2320	561000	21	2500	1910	217	13	121	107	122	26	50	13	35	52	12	221
30620403_zpid	30620403_zpid	11222	303 Eckford St, Brooklyn, NY 11222	40.729399	-73.952236	0.115548899761	16	0.125259204326	4	0.173239478936	2	6	3	6200	2750000	4	2500	1901	77	78	37	55	33	38	34	38	24	16	14	206
89070356_zpid	89070356_zpid	10459	1246 Rev James A Polite Ave, Bronx, NY 10459	40.8284065	-73.8964674	0.443642874114	7	0.374897370972	7	0.435198636902	3	7	5	3064	263000	51	1742	2003	199	74	103	135	105	30	23	6	28	46	27	184
30782859_zpid	30782859_zpid	11234	2215 E 72nd St, Brooklyn, NY 11234	40.618481	-73.904326	0.536957296204	1	0.451402952071	1	3.14317184761	0	6	3	1923	482000	144	4000	1930	11	7	5	9	5	14	18	10	17	3	4	56
30665465_zpid	30665465_zpid	11225	80 Winthrop St, Brooklyn, NY 11225	40.656373	-73.957739	0.206545866866	13	0.191318573947	7	0.33925732357	3	3	1	1100	4204000	324	29620.800000000003	1972	1052	272	548	396	392	68	116	40	156	136	32	620
30749238_zpid	30749238_zpid	11235	2595 E 21st St, Brooklyn, NY 11235	40.589065	-73.948112	0.259270677259	11	0.348388359565	3	0.565042785031	1	3	2	1200	650000	5	2500	1920	62	15	12	35	10	48	34	34	41	8	4	144
30567328_zpid	30567328_zpid	11201	51 Cranberry St, Brooklyn, NY 11201	40.699919	-73.993092	0.115014013614	14	0.262040737063	2	0.152091911154	4	6	4	3924	8650000	0	2508	1829	108	292	52	112	56	44	140	88	72	32	20	392
29785581_zpid	29785581_zpid	10460	965 E 178th St, Bronx, NY 10460	40.842032	-73.8812839	0.251190405996	7	0.230760802516	2	0.219555246943	2	5	3	2205	259000	5	2116	1992	306	19	118	134	142	24	16	7	45	31	23	226
30646279_zpid	30646279_zpid	11208	592 Pine St, Brooklyn, NY 11208	40.670825	-73.870106	0.115437851692	5	0.35094352963	6	0.534120514401	1	7	3	3300	465000	21	2600	1930	110	13	64	65	50	53	40	7	26	41	8	130
30663337_zpid	30663337_zpid	11203	739 E 42nd St, Brooklyn, NY 11203	40.637237	-73.936288	0.537394049119	3	0.875078121198	0	1.06820635735	0	5	3	1938	412000	136	1768	1930	64	36	24	40	36	112	60	16	44	28	20	216
30771800_zpid	30771800_zpid	11236	1308 E 85th St, Brooklyn, NY 11236	40.630981	-73.902374	0.686873057838	2	0.566895639702	1	1.74527177743	0	4	2	1540	500000	106	2044	1955	57	11	23	28	10	63	24	8	30	6	12	81
29778423_zpid	29778423_zpid	10452	122 W 167th St, Bronx, NY 10452	40.836491	-73.926468	0.209828038879	4	0.114867333111	5	0.439852864666	2	11	5	5605	700000	12	5000	1929	345	52	155	181	181	54	25	10	76	59	32	281
30670761_zpid	30670761_zpid	11218	161 Seeley St, Brooklyn, NY 11218	40.654675	-73.97673	0.206802400441	8	0.242282969749	2	0.549595306691	2	7	5	4100	1675000	32	2711	1965	9	13	12	15	8	21	17	22	14	1	3	46
30611389_zpid	30611389_zpid	11213	373 Herkimer St, Brooklyn, NY 11213	40.6793529	-73.940903	0.159655001815	8	0.289096142242	7	0.0633546035333	2	5	3.5	1800	485000	69	1800	1901	73	14	42	49	39	18	11	3	21	18	7	89
30740507_zpid	30740507_zpid	11235	18 Brighton 4th Ter, Brooklyn, NY 11235	40.5817059	-73.963659	0.116866395584	8	0.33275786888	6	0.4928792737	2	7	6	3800	825000	115	2500	1930	280	160	180	288	100	284	184	128	132	76	96	756
30660893_zpid	30660893_zpid	11203	433 E 35th St, Brooklyn, NY 11203	40.644495	-73.943774	0.154620036933	5	0.321841745331	3	0.443065556714	2	2	1	2860	75000	17	3005	1920	448	40	300	196	260	136	60	24	92	64	52	340
30788278_zpid	30788278_zpid	11234	2235 E 66th St, Brooklyn, NY 11234	40.615203	-73.908047	0.329326381385	2	0.254295587127	1	3.54003657301	0	5	4.5	12096	2850000	79	27878.4	1987	9	15	8	11	7	13	13	12	12	1	3	56
79715948_zpid	79715948_zpid	10460	862 E 175th St, Bronx, NY 10460	40.8398899	-73.888857	0.461283471766	7	0.268364266549	3	0.304692702789	2	8	5	3240	320000	4	1890	2006	732	84	396	384	372	68	80	12	108	108	56	724
29854581_zpid	29854581_zpid	10471	25 Sigma Pl, Bronx, NY 10471	40.9068481	-73.9082179	0.357803977049	4	0.273218283631	3	0.590718508792	1	5	4	4568	2150000	0	10890.0	1975	8	7	2	8	5	4	22	4	7	2	4	22
30603048_zpid	30603048_zpid	11221	548 Lexington Ave, Brooklyn, NY 11221	40.688878	-73.938293	0.269751405991	7	0.207457493352	4	0.941849625636	0	6	4	2667	645000	34	1667	1899	960	220	472	680	400	164	148	64	184	260	136	1072
30791125_zpid	30791125_zpid	11235	137 Hastings St, Brooklyn, NY 11235	40.579305	-73.944481	0.725500627756	2	1.17004862049	0	1.17600168956	0	5	4	4500	3650000	0	6000	1970	17	6	3	11	3	10	22	9	17	1	1	28
30584463_zpid	30584463_zpid	11215	241 8th St, Brooklyn, NY 11215	40.67063	-73.986998	0.14188682221	13	0.230516676649	3	0.112718432047	3	7	4.5	1404	3750000	0	1800	1899	272	356	148	264	104	132	228	172	148	92	84	932
30611462_zpid	30611462_zpid	11216	298 Herkimer St, Brooklyn, NY 11216	40.67908	-73.943458	0.249179572259	8	0.109907576446	7	0.238626558341	3	5	2	2268	625000	18	1512	1901	240	81	107	155	105	37	37	21	52	53	31	226
30632844_zpid	30632844_zpid	11212	88 Livonia Ave, Brooklyn, NY 11212	40.661403	-73.914884	0.458044354217	9	0.0200951011785	6	0.121979715304	2	1	1	3360	412371	144	2178	1930	204	10	144	96	90	32	41	13	34	35	21	185
30719244_zpid	30719244_zpid	11204	1521 W 10th St # 1, Brooklyn, NY 11204	40.6096806	-73.9835779	0.112772134967	12	0.215109575953	7	0.284164415858	2	10	5	3200	314000	290	4000	1925	608	112	160	216	280	300	92	140	84	56	32	540
29776735_zpid	29776735_zpid	10454	462 E 134th St, Bronx, NY 10454	40.805475	-73.922779	0.41907135702	3	0.337191221092	3	0.384416489057	3	2	1	2449	363000	13	1667	1901	149	19	83	100	84	7	13	9	22	29	18	157
29848221_zpid	29848221_zpid	10465	850 Quincy Ave, Bronx, NY 10465	40.827908	-73.827007	0.363840671086	2	0.339237970287	1	1.89698797971	0	3	2	1400	174000	162	2500	1925	11	12	4	10	3	14	22	19	10	2	6	56
30769610_zpid	30769610_zpid	11236	12 Paerdegat 1st St, Brooklyn, NY 11236	40.632153	-73.912653	0.281754174098	5	0.349004546903	4	1.85432735816	0	3	2	1440	191500	210	2500	1970	17	3	13	8	5	26	21	2	20	4	2	42
29822381_zpid	29822381_zpid	10469	2449 Tiemann Ave, Bronx, NY 10469	40.86221	-73.8382929	0.374775226733	2	0.287107219504	1	1.06171058822	0	4	3	2226	450000	34	4791	1899	9	12	2	6	0	9	27	14	13	2	3	49
30740056_zpid	30740056_zpid	11223	2505 E 2nd St, Brooklyn, NY 11223	40.588451	-73.9676269	0.28342089142	6	0.424054444447	1	0.574811637014	1	3	3.5	1595	645000	116	2200	1945	208	40	40	64	24	88	124	116	52	4	24	284
29850311_zpid	29850311_zpid	10464	56 Centre St, Bronx, NY 10464	40.84377	-73.787577	0.194062997518	3	3.22379923341	0	3.48007177238	0	4	3	1854	721000	14	5713	1925	64	56	20	32	12	4	132	40	32	12	84	168
29843991_zpid	29843991_zpid	10465	1525 Kennellworth Pl, Bronx, NY 10465	40.8449839	-73.822498	0.609794696594	2	0.282420833887	1	0.872101469939	0	6	5	4032	899000	0	5000	1981	1	4	4	3	0	13	30	15	6	0	0	26
30601469_zpid	30601469_zpid	11233	256 Saratoga Ave, Brooklyn, NY 11233	40.677082	-73.916719	0.201529827405	3	0.392269558393	3	0.444834695861	2	1	1	1920	452400	32	1584	1901	213	16	124	141	101	44	37	18	56	66	33	201
30634076_zpid	30634076_zpid	11207	115 Sheffield Ave, Brooklyn, NY 11207	40.674653	-73.897296	0.199355728787	6	0.358091575029	7	0.0643491236174	9	10	4	1800	465000	27	25	1899	66	15	59	75	50	36	36	20	19	31	11	134
30781375_zpid	30781375_zpid	11234	1427 E 65th St, Brooklyn, NY 11234	40.619565	-73.914346	0.204861139297	6	0.490814743286	1	3.17744919361	0	6	5	3300	925000	0	4859	1965	19	10	9	13	6	24	28	13	22	3	6	90
2102105500_zpid	2102105500_zpid	11208	541 Logan Street, Brooklyn, NY 11208	40.672778	-73.875369	0.123728033739	8	0.172984971759	5	0.399499150378	2	9	4	2470	615000	9	2000	1910	174	23	92	105	85	54	39	9	24	61	23	181
30760429_zpid	30760429_zpid	11210	1237 E 39th St, Brooklyn, NY 11210	40.626569	-73.938035	0.235368009032	2	0.791788575212	0	1.0702609135	0	3	1.5	1344	559000	0	2200	1920	316	40	148	160	116	196	164	76	92	64	48	376
30699279_zpid	30699279_zpid	11209	519 85th St, Brooklyn, NY 11209	40.621981	-74.024958	0.119939155494	16	0.144337948419	5	0.301095329337	1	8	4.5	3580	1320000	5	2500	1915	124	57	38	49	36	40	20	23	9	29	4	203
29826613_zpid	29826613_zpid	10467	779 E 211th St, Bronx, NY 10467	40.877706	-73.862574	0.327845065984	6	0.253282377173	2	0.322100279566	3	7	3	3658	567000	9	3937	1910	172	16	73	69	56	45	19	3	26	32	14	158
79722015_zpid	79722015_zpid	11234	22 Bell Point Dr, Brooklyn, NY 11234	40.6099035	-73.9142599	0.71082500459	2	0.913618344969	0	3.68339698596	0	4	5	4336	1200000	0	6151	2007	8	20	4	20	12	76	12	96	72	8	0	92
30784494_zpid	30784494_zpid	11234	1845 E 51st St, Brooklyn, NY 11234	40.615263	-73.925168	0.407647410467	6	0.961047121893	0	2.72625099083	0	3	3	2530	525000	7	2000	1940	68	168	28	40	40	120	112	72	76	20	32	412
30637869_zpid	30637869_zpid	11207	216 Arlington Ave, Brooklyn, NY 11207	40.680283	-73.88681	0.245640401413	7	0.206321336652	5	0.187054239873	3	5	3	2163	475000	14	2100	1905	48	33	32	44	27	39	31	13	34	18	3	91
30625070_zpid	30625070_zpid	11237	94 Wilson Ave, Brooklyn, NY 11237	40.701683	-73.927824	0.0579785988625	14	0.204818902019	4	0.427430222711	3	8	4	3840	2200000	0	1306	1899	128	79	85	124	96	32	23	7	22	45	22	226
30646571_zpid	30646571_zpid	11207	643 Alabama Ave, Brooklyn, NY 11207	40.660368	-73.894814	0.400821989363	1	0.158197291475	3	0.415112454698	4	2	1	3930	369770	37	3666	1924	208	15	123	114	118	30	43	14	38	56	16	227
30773349_zpid	30773349_zpid	11236	992 E 96th St, Brooklyn, NY 11236	40.64628	-73.905348	0.127453649341	5	0.868553940994	0	0.298370248424	2	5	2	1840	261000	6	3000	1925	41	7	21	32	17	61	23	9	6	20	8	93
30668783_zpid	30668783_zpid	11226	1121 Rogers Ave, Brooklyn, NY 11226	40.642502	-73.95126	0.28878549262	9	0.244090172182	5	0.348263087838	2	5	2.5	1608	599000	0	2038	1910	371	111	167	185	149	79	47	15	36	77	25	334
30659137_zpid	30659137_zpid	11203	174 E 43rd St, Brooklyn, NY 11203	40.651693	-73.937466	0.368088677348	2	0.464226261515	3	1.02705584394	0	3	1	2240	280000	186	2800	1915	134	13	81	64	67	57	24	9	27	31	8	126
30583550_zpid	30583550_zpid	11215	318 1st St, Brooklyn, NY 11215	40.6736256	-73.981907	0.068519009305	15	0.296861105	6	0.423182089988	2	3	3.5	2500	1800000	73	1800	1901	264	332	108	176	100	112	184	180	112	60	92	824
30766496_zpid	30766496_zpid	11203	5525 Whitty Ln, Brooklyn, NY 11203	40.640619	-73.924705	0.355077662477	5	0.96047068196	0	2.00377800961	0	3	2	1296	325000	23	1710	1940	76	13	16	14	13	18	27	10	7	7	4	67
30717677_zpid	30717677_zpid	11204	2339 64th St, Brooklyn, NY 11204	40.61265	-73.977355	0.133431947679	10	0.08165730679	6	0.38477035565	3	7	3	2440	1200000	3	2500	1930	188	24	35	47	54	79	28	28	12	9	8	128
29823922_zpid	29823922_zpid	10467	2934 Cruger Ave, Bronx, NY 10467	40.869092	-73.865999	0.247384884868	12	0.193170138799	6	0.270435263389	2	2	1	1362	189000	153	1080	1920	370	45	155	184	174	39	29	10	48	64	37	266
30659497_zpid	30659497_zpid	11203	230 E 35th St, Brooklyn, NY 11203	40.649639	-73.944903	0.309942755561	6	0.269010618785	4	0.416729778932	2	3	2.5	1344	480000	5	2000	1965	556	84	448	388	332	264	52	20	108	120	40	472
29840981_zpid	29840981_zpid	10465	1108 Ellsworth Ave, Bronx, NY 10465	40.834985	-73.822162	0.1470879746	4	0.142214997494	1	1.5488234769	0	4	2.5	1653	397500	49	1481	1960	7	7	9	10	8	10	29	12	13	5	4	40
30782122_zpid	30782122_zpid	11234	2035 E 68th St, Brooklyn, NY 11234	40.619504	-73.910555	0.225736675222	5	0.270011319031	1	3.11050676864	0	4	2.5	1944	75000	102	2000	1960	15	5	8	14	6	20	22	8	22	2	5	68
30751244_zpid	30751244_zpid	11210	988 E 38th St, Brooklyn, NY 11210	40.631044	-73.940008	0.297781609513	2	0.358150459317	2	0.675077087559	1	4	2	1328	360000	10	2000	1925	284	72	148	160	124	144	120	76	76	52	28	448
30646702_zpid	30646702_zpid	11207	764 New Jersey Ave, Brooklyn, NY 11207	40.660602	-73.891394	0.23061299162	3	0.211451271572	5	0.537546630052	3	5	4	2106	350000	0	1853	1925	215	18	122	123	121	27	43	9	40	68	12	225
30638133_zpid	30638133_zpid	11207	170 Ashford St, Brooklyn, NY 11207	40.678508	-73.8865129	0.165792208131	9	0.173430674547	6	0.225137363238	5	8	2	2500	365000	27	2500	1901	50	21	45	54	35	41	34	5	38	20	3	97
30739758_zpid	30739758_zpid	11235	740 Desmond Ct, Brooklyn, NY 11235	40.5906946	-73.9613569	0.322037937359	8	0.755792263338	0	0.728704775404	2	5	3	2340	193750	15	4000	1960	41	10	7	13	12	36	25	21	15	4	2	47
30673144_zpid	30673144_zpid	11218	285 E 2nd St, Brooklyn, NY 11218	40.644469	-73.978267	0.0936004763117	11	0.161584754474	7	0.128351710787	2	5	2	2110	951500	17	2000	1920	147	38	44	70	52	53	57	36	20	16	16	210
30726802_zpid	30726802_zpid	11229	1648 E 12th St, Brooklyn, NY 11229	40.6088669	-73.961408	0.25830139459	8	0.478419625541	6	0.304382599575	1	6	2.25	2020	860000	12	20	1910	228	72	100	108	80	112	60	52	36	40	32	460
30793869_zpid	30793869_zpid	11229	33 Joval Ct, Brooklyn, NY 11229	40.590965	-73.92979	0.412096878789	3	0.833557787004	0	2.10892998778	0	4	2	1400	324000	56	1481040	1945	2	5	1	6	1	1	20	5	13	2	2	14
30748637_zpid	30748637_zpid	11235	2573 E 11th St, Brooklyn, NY 11235	40.587658	-73.959179	0.110684483909	9	0.28100545108	5	0.433105729003	1	6	4	3520	975000	9	4000	1925	420	72	80	160	104	220	140	124	116	48	36	456
83048126_zpid	83048126_zpid	11233	9 Columbus Pl, Brooklyn, NY 11233	40.6777919	-73.922459	0.336127922345	3	0.155990407141	1	0.132177902283	2	8	3	4230	445000	36	1750	2005	143	31	92	110	76	24	31	9	42	46	29	190
29853591_zpid	29853591_zpid	10471	5913 Tyndall Ave, Bronx, NY 10471	40.907388	-73.901404	0.22817806751	4	0.235184268233	3	1.1355602578	0	4	3.5	2000	175000	261	4750	1930	12	13	6	13	10	16	38	11	17	4	6	54
30783144_zpid	30783144_zpid	11234	2313 E 73rd St, Brooklyn, NY 11234	40.617303	-73.90179	0.739725122906	1	0.644046472338	1	3.26734230614	0	4	2	2499	710000	10	5000	1955	8	52	8	28	8	24	68	36	56	4	12	196
30793369_zpid	30793369_zpid	11229	8 Eaton Ct, Brooklyn, NY 11229	40.5862938	-73.9204743	0.438471173626	1	1.71485510361	0	2.84810966544	0	4	1.5	1230	459000	0	1800	1980	2	3	1	13	0	0	16	8	15	2	2	28
30580272_zpid	30580272_zpid	11218	570 17th St, Brooklyn, NY 11218	40.65666	-73.980022	0.269360395019	10	0.209643459328	4	0.442849634994	1	4	3	2110	2025000	7	1600	1931	2	5	8	5	5	10	8	8	6	0	2	20
29852589_zpid	29852589_zpid	10471	4425 Tibbett Ave, Bronx, NY 10471	40.891911	-73.900999	0.278302081737	5	1.00038891128	0	0.317940242646	1	4	3	2450	1250000	28	5000	1920	41	10	2	6	3	0	11	1	3	1	1	20
83178915_zpid	83178915_zpid	10466	766 E 234th St, Bronx, NY 10466	40.8933468	-73.8547672	0.109985478705	6	0.262212070342	2	0.228335267753	3	5	3	3600	491790	4	1742	2007	214	19	127	91	135	87	31	8	41	46	17	209
