30626923_zpid	30626923_zpid	11237	271 Bleecker St, Brooklyn, NY 11237	40.699533	-73.917232	0.109640554196	10	0.311893649419	6	0.230500101569	4	4	1	3120	650000	35	2000	1899	218	105	166	211	146	39	35	26	95	78	31	353
30604624_zpid	30604624_zpid	11233	793 Hancock St, Brooklyn, NY 11233	40.685736	-73.92383	0.266920140916	9	0.534620079935	3	0.453037612387	2	1	1	2900	1195000	2	1417	1901	116	30	76	81	62	11	16	11	35	39	17	147
30670072_zpid	30670072_zpid	11210	697 E 22nd St, Brooklyn, NY 11210	40.6352369	-73.955877	0.352769115701	9	0.530548687947	5	0.584498888767	2	6	3	2982	1100000	19	5000	1925	272	100	176	160	224	104	56	52	72	68	24	432
29815924_zpid	29815924_zpid	10461	2803 Laurie Ave, Bronx, NY 10461	40.848193	-73.83529	0.253305130101	8	0.475029512528	1	0.276048190436	2	8	3	3200	575000	21	1757	1960	76	13	18	15	16	30	19	12	9	12	7	76
30740523_zpid	30740523_zpid	11235	2 Brighton 4th Rd, Brooklyn, NY 11235	40.5823253	-73.9639382	0.1564171538	9	0.364437622817	6	0.565495619291	1	3	2.5	1120	589000	0	1500	1930	252	140	172	236	92	244	176	124	132	80	80	640
30773335_zpid	30773335_zpid	11236	938 E 96th St, Brooklyn, NY 11236	40.6471469	-73.906389	0.231578143571	3	0.952239189657	0	0.387281288067	2	8	3	2160	659000	0	2600	1970	128	24	76	120	64	200	100	24	28	64	24	312
30573266_zpid	30573266_zpid	11231	298 Van Brunt St, Brooklyn, NY 11231	40.679545	-74.010683	0.0480403838499	4	0.0850817438139	3	1.25915493531	0	2	1	1800	25000	246	1800	1925	28	53	15	20	11	9	26	9	11	8	2	55
30782651_zpid	30782651_zpid	11234	2163 E 73rd St, Brooklyn, NY 11234	40.619693	-73.904455	0.57041524637	1	0.500019947949	1	3.00934229941	0	7	5	2476	1250000	5	5000	1899	48	24	20	36	20	48	56	32	56	12	16	224
30733929_zpid	30733929_zpid	11224	4620 Beach 46th St, Brooklyn, NY 11224	40.576275	-74.011458	0.329319112113	1	0.816121840773	0	2.5587405225	0	4	3	2	585500	45	3220	1901	20	24	12	60	12	0	36	0	16	4	0	52
29795003_zpid	29795003_zpid	10472	1115 Beach Ave, Bronx, NY 10472	40.828279	-73.865824	0.397528489226	6	0.265883844199	5	0.390024101597	2	7	4	2800	575000	118	2000	1965	116	154	42	51	56	48	22	9	34	32	17	136
30774007_zpid	30774007_zpid	11236	9823 Flatlands Ave, Brooklyn, NY 11236	40.644819	-73.8993689	0.303938327041	5	0.437029249925	2	0.292649104956	2	6	2.5	1680	5000	120	1870	1930	61	9	24	20	16	60	17	8	12	20	8	103
30789075_zpid	30789075_zpid	11234	2248 E 63rd St, Brooklyn, NY 11234	40.613362	-73.910593	0.336634186334	4	0.442995951971	1	3.77893985084	0	6	5	3900	1899000	0	4791	1950	1	5	3	5	2	13	5	14	11	1	1	29
29778063_zpid	29778063_zpid	10456	304 E 169th St, Bronx, NY 10456	40.834696	-73.911913	0.364437228458	8	0.286043398762	10	0.52824328618	2	4	2	1500	309000	26	1650	1899	567	104	248	247	277	43	32	7	89	86	38	353
29823768_zpid	29823768_zpid	10469	2738 Mickle Ave, Bronx, NY 10469	40.86643	-73.840401	0.414309460847	3	0.579755349528	1	0.610290301112	1	3	2	1895	495000	0	2800	1955	30	16	14	16	8	26	25	14	22	6	5	67
30580663_zpid	30580663_zpid	11215	337 21st St, Brooklyn, NY 11215	40.6594845	-73.9899414	0.380159942712	11	0.349012633656	6	0.695656182423	2	3	2.5	1648	1265000	28	2504	1925	26	40	13	34	13	24	34	10	13	7	7	95
64591950_zpid	64591950_zpid	10473	435 Zerega Ave, Bronx, NY 10473	40.816744	-73.844666	0.381321075716	3	0.254502378109	2	2.03949046762	0	3	2	3350	350000	170	2902	2000	12	3	12	1	2	10	5	3	6	3	3	38
30734472_zpid	30734472_zpid	11223	1958 W 7th St, Brooklyn, NY 11223	40.599651	-73.979359	0.125838341762	7	0.403205802965	5	0.243178876119	5	8	3	2431	667000	53	1495	1930	144	92	52	92	40	272	96	216	88	36	32	336
30734423_zpid	30734423_zpid	11223	1977 W 9th St, Brooklyn, NY 11223	40.5989965	-73.9806715	0.20707199296	7	0.334692405256	7	0.213506784263	5	2	2	1056	670000	9	1950	1930	140	96	44	100	40	216	112	200	80	32	24	344
29778753_zpid	29778753_zpid	10455	528 Wales Ave, Bronx, NY 10455	40.812121	-73.907217	0.0800010473641	7	0.385382197092	4	0.262785057912	3	6	3	2001	240000	20	1666	1920	202	28	90	74	71	14	33	17	40	25	15	172
30609982_zpid	30609982_zpid	11221	532 Putnam Ave, Brooklyn, NY 11221	40.684907	-73.940205	0.170215536067	10	0.273104164521	6	0.557769655185	1	4	2.75	3332	920000	47	1850	1899	127	29	77	93	67	12	24	9	36	39	10	150
30773230_zpid	30773230_zpid	11236	9312 Foster Ave, Brooklyn, NY 11236	40.646298	-73.908378	0.259167686018	5	0.886051440109	0	0.552796187179	1	2	1	975	320000	2	3000	1950	36	7	23	33	17	45	31	6	9	19	6	89
30751810_zpid	30751810_zpid	11210	981 E 32nd St, Brooklyn, NY 11210	40.627471	-73.9447409	0.228966942266	4	0.226627708686	2	0.64556505581	1	3	3.5	1404	480000	19	1983	1925	143	24	71	57	58	76	39	19	36	17	11	158
30701162_zpid	30701162_zpid	11228	89 Parrott Pl, Brooklyn, NY 11228	40.615945	-74.022879	0.365805488762	6	0.569274785582	3	0.706813790282	1	3	2	1536	625000	54	2000	1925	32	0	12	24	4	32	84	36	24	4	4	80
30778948_zpid	30778948_zpid	11236	1657 E 92nd St, Brooklyn, NY 11236	40.632031	-73.893925	0.307636935901	7	0.201573330194	4	1.76010338639	0	3	2.5	1200	449000	0	2000	1925	132	40	60	60	24	144	64	60	52	32	8	220
30589548_zpid	30589548_zpid	11238	680 Dean St, Brooklyn, NY 11238	40.679918	-73.967585	0.0560619994503	13	0.329951185766	4	0.414336985275	4	4	3	3000	2470860	18	1358	1931	412	568	152	264	120	128	160	136	140	56	56	644
30588903_zpid	30588903_zpid	11215	538 16th St, Brooklyn, NY 11215	40.658275	-73.976549	0.143782015923	10	0.188173015967	4	0.383265612148	1	4	2	1862	1700000	38	1700	1920	22	24	9	9	11	12	11	6	9	2	4	42
30645634_zpid	30645634_zpid	11208	898 Belmont Ave, Brooklyn, NY 11208	40.673341	-73.8756	0.0888659979816	7	0.165011051314	4	0.372005054753	2	9	3	2640	575000	16	1800	1910	184	24	97	105	87	64	39	8	31	61	22	191
30769972_zpid	30769972_zpid	11236	1058 E 85th St, Brooklyn, NY 11236	40.63496	-73.906796	0.373142927343	8	0.474758146042	2	1.36716974486	0	9	3	1890	198000	242	2100	1965	42	6	16	25	11	73	25	12	33	7	10	86
30780810_zpid	30780810_zpid	11234	1363 E 72nd St, Brooklyn, NY 11234	40.624032	-73.910485	0.673706597396	3	0.761603957844	0	2.62179166536	0	9	3	3391	730000	132	2742	1970	72	8	32	36	8	164	56	76	60	20	20	288
29794111_zpid	29794111_zpid	10473	828 Havemeyer Ave, Bronx, NY 10473	40.8242975	-73.8459044	0.519939138676	3	0.482471546105	2	1.21319919729	0	4	2	1900	386666	37	1300	1930	18	9	12	6	5	22	9	3	9	4	4	41
30589458_zpid	30589458_zpid	11238	600 Franklin Ave APT 1, Brooklyn, NY 11238	40.677887	-73.955627	0.131085594421	12	0.421030716231	5	0.302036797531	5	1	1	4000	250000	148	1600	1910	368	424	168	248	232	124	76	72	108	76	72	608
30785007_zpid	30785007_zpid	11234	1921 E 35th St, Brooklyn, NY 11234	40.610605	-73.9332	0.255829021685	3	0.52306755203	1	2.09128714252	0	3	3	1064	649000	0	1800	1925	4	40	12	20	8	36	112	96	124	4	12	148
30652869_zpid	30652869_zpid	11203	371 E 49th St, Brooklyn, NY 11203	40.652885	-73.931224	0.15045076926	6	0.172392451085	3	1.50408827177	0	3	2	1924	600000	14	2178	1925	228	21	94	86	102	74	41	8	43	44	19	209
30582440_zpid	30582440_zpid	11217	697 Degraw St, Brooklyn, NY 11217	40.677851	-73.979959	0.0552681639428	16	0.197407642086	5	0.272603670578	4	6	3.5	1050	2199000	24	1970	1899	54	184	26	25	21	43	44	48	36	11	15	131
30609934_zpid	30609934_zpid	11221	490 Putnam Ave, Brooklyn, NY 11221	40.6849619	-73.9419068	0.106974938931	10	0.277634291975	7	0.568092056359	1	7	4.5	3240	1750000	3	1800	1915	424	104	268	312	248	56	76	36	124	148	32	516
29823662_zpid	29823662_zpid	10469	2724 Eastchester Rd, Bronx, NY 10469	40.866007	-73.843016	0.366775636382	3	0.740679108428	1	0.483571907234	1	3	1.1	1705	420000	28	1598	1954	29	13	11	14	9	22	20	13	18	9	4	61
30591624_zpid	30591624_zpid	11213	895 Saint Marks Ave, Brooklyn, NY 11213	40.675095	-73.94219	0.0734680626412	10	0.485598039721	8	0.5488709201	3	6	3.5	4000	1440000	32	2700	1899	286	65	127	132	115	24	23	7	37	55	22	249
30700114_zpid	30700114_zpid	11228	19 Dahlgren Pl, Brooklyn, NY 11228	40.618867	-74.023077	0.276348112524	7	0.286076980158	4	0.618845472773	1	3	2	1140	700000	1	19	1925	14	1	7	8	4	11	26	12	9	1	1	26
30576961_zpid	30576961_zpid	11220	258 50th St, Brooklyn, NY 11220	40.648009	-74.015678	0.309692338712	9	0.318688096626	9	0.355517898422	2	7	2	2400	200000	167	2003	1915	59	23	43	64	33	34	45	22	28	21	6	147
30737973_zpid	30737973_zpid	11223	2227 West St, Brooklyn, NY 11223	40.5943471	-73.9707051	0.207381260318	7	0.683664420072	1	0.294505244542	3	6	3	2550	1147000	4	2000	1960	188	32	64	120	36	192	128	144	112	24	24	468
30654336_zpid	30654336_zpid	11203	531 E 51st St, Brooklyn, NY 11203	40.648643	-73.928752	0.400002725798	7	0.209903415302	3	1.75176037241	0	4	2.75	1976	460000	11	2700	1920	143	19	49	41	51	47	35	7	17	27	9	160
30737979_zpid	30737979_zpid	11223	2207 West St, Brooklyn, NY 11223	40.5947602	-73.970798	0.212220154814	8	0.687667695619	1	0.260424781496	3	4	4	2050	999000	5	2153	1960	168	32	64	124	28	176	128	120	112	24	24	448
30631281_zpid	30631281_zpid	11207	18 De Sales Pl, Brooklyn, NY 11207	40.680812	-73.905617	0.258559842198	4	0.362767486044	2	0.172192940503	9	7	3	2700	875000	0	2700	1910	176	60	156	188	108	32	56	52	40	48	20	372
30698768_zpid	30698768_zpid	11209	8381 Shore Rd, Brooklyn, NY 11209	40.626019	-74.040304	0.839462958986	0	0.970291105077	0	1.07215282696	0	5	4	5250	3580000	27	8926	1991	4	7	0	7	0	8	17	7	6	1	1	32
30598970_zpid	30598970_zpid	11221	971 Putnam Ave, Brooklyn, NY 11221	40.687443	-73.922257	0.159473228177	11	0.420197211287	3	0.243458199336	2	2	1	2364	350000	32	1750	1899	166	52	82	124	87	29	21	6	28	49	29	189
30601912_zpid	30601912_zpid	11221	847 Willoughby Ave, Brooklyn, NY 11221	40.6957809	-73.934231	0.25187083671	11	0.1985135207	7	0.199217122741	3	6	5	3000	1250000	12	1481	1899	272	276	128	220	188	100	92	40	56	120	100	560
30702491_zpid	30702491_zpid	11209	268 Battery Ave, Brooklyn, NY 11209	40.613296	-74.0264909	0.436174694415	8	0.592610739184	2	0.513497737757	1	3	1.75	2272	699000	9	2170	1925	38	6	7	6	9	11	19	3	3	1	3	28
30791582_zpid	30791582_zpid	11235	2784 E 16th St, Brooklyn, NY 11235	40.583803	-73.952929	0.267869295361	11	0.372758127606	5	0.359573008895	1	4	1	2520	546000	65	2100	1927	136	19	39	55	34	50	35	31	37	22	13	152
30580496_zpid	30580496_zpid	11215	309 20th St, Brooklyn, NY 11215	40.660518	-73.990144	0.293956602222	13	0.314707167824	5	0.59170245199	2	9	4	2700	710000	98	2000	1910	29	42	14	36	13	28	45	10	15	7	8	107
29812740_zpid	29812740_zpid	10460	641 Mead St, Bronx, NY 10460	40.842871	-73.8663739	0.30624467179	9	0.442994874651	5	0.608901947832	2	6	3	1914	520000	116	2500	1925	133	15	39	49	47	45	14	10	23	31	23	93
30670758_zpid	30670758_zpid	11218	136 Terrace Pl, Brooklyn, NY 11218	40.6548779	-73.976938	0.23213136535	8	0.215896228988	3	0.574688348161	2	1	1	2928	1550000	32	2344	1965	24	52	48	60	20	84	68	88	56	0	8	176
64778499_zpid	64778499_zpid	11234	1325 E 66th St, Brooklyn, NY 11234	40.62197	-73.91533	0.262283918218	5	0.726260642214	1	2.97443317552	0	3	2.5	2526	550000	23	2806	2003	16	5	4	10	3	46	25	22	21	6	8	95
30663889_zpid	30663889_zpid	11210	631 E 32nd St, Brooklyn, NY 11210	40.635596	-73.94575	0.447335180681	2	0.34965526246	3	0.346329556352	2	9	4	4100	660000	108	4220	1920	331	28	182	172	166	63	42	14	40	73	6	335
30772923_zpid	30772923_zpid	11236	9109 Foster Ave, Brooklyn, NY 11236	40.645285	-73.910787	0.252998709124	4	1.13827191757	0	0.770080670447	0	7	3	2880	599000	0	2647	1930	35	4	27	29	15	38	34	4	12	17	5	89
30671006_zpid	30671006_zpid	11218	187 Mcdonald Ave, Brooklyn, NY 11218	40.650124	-73.980416	0.221520726995	9	0.609664804885	1	0.393750283666	2	3	2	1583	765000	38	2603	1940	52	80	48	80	48	76	76	84	52	12	12	228
30567900_zpid	30567900_zpid	11201	264 Henry St, Brooklyn, NY 11201	40.692338	-73.995734	0.199196326376	15	0.257970245976	4	0.4712892315	6	6	6	5750	5250000	40	2313	1901	244	448	100	216	84	96	268	164	124	40	56	880
29850300_zpid	29850300_zpid	10464	21 Winters St, Bronx, NY 10464	40.84325	-73.788604	0.273421585895	3	2.8320100901	0	3.41532121815	0	3	3	1785	400000	34	2439	1986	64	48	20	24	12	4	124	40	24	12	76	156
30782991_zpid	30782991_zpid	11234	2366 E 70th St, Brooklyn, NY 11234	40.614747	-73.903386	0.676662716785	1	0.579827946676	1	3.55424066151	0	3	2.5	1530	400000	144	2500	1970	0	12	3	7	1	6	19	9	14	1	3	45
30637727_zpid	30637727_zpid	11207	59 Van Siclen Ave, Brooklyn, NY 11207	40.678975	-73.891633	0.144335137243	5	0.114728883919	4	0.133045215791	5	7	3	2947	220000	196	2200	1901	468	180	316	380	256	392	208	200	200	144	52	816
30719309_zpid	30719309_zpid	11204	1515 W 9th St, Brooklyn, NY 11204	40.6098741	-73.9827554	0.0446325711889	13	0.146028444211	7	0.235468953172	2	2	1	1400	885000	24	4000	1930	580	116	160	212	260	320	100	132	76	48	32	552
30716540_zpid	30716540_zpid	11230	1078 E 10th St, Brooklyn, NY 11230	40.6227609	-73.966109	0.0834122140492	4	0.191489837104	5	0.529460409666	1	4	1	2739	1410000	9	4000	1925	85	14	33	45	35	37	50	26	22	14	5	127
30635893_zpid	30635893_zpid	11207	327 New Lots Ave, Brooklyn, NY 11207	40.661335	-73.894805	0.755019613313	0	0.100767396028	4	0.367432922868	5	8	4	2720	8000	46	2022	1915	231	15	135	122	125	28	48	14	40	59	17	246
30670072_zpid	30670072_zpid	11210	697 E 22nd St, Brooklyn, NY 11210	40.6352369	-73.955877	0.352769115701	9	0.530548687947	4	0.584498888767	2	6	3	2982	1100000	19	5000	1925	272	100	176	160	224	104	56	52	72	68	24	432
30566967_zpid	30566967_zpid	11217	150 Bond St, Brooklyn, NY 11217	40.685172	-73.9862629	0.165482536466	14	0.374660068627	2	0.403051721121	8	5	4.5	3800	1400000	78	3800	1899	51	68	7	39	13	34	44	19	19	15	12	113
29852945_zpid	29852945_zpid	10471	5253 Fieldston Rd, Bronx, NY 10471	40.900066	-73.902014	0.498037092519	3	0.586397118873	2	1.1083656335	0	3	2	2000	835000	32	5604	1901	40	4	12	24	8	32	72	24	40	0	0	88
68310609_zpid	68310609_zpid	11208	204 Fountain Ave, Brooklyn, NY 11208	40.675128	-73.875556	0.222013625193	8	0.134837336588	4	0.292587268581	2	6	4.5	2840	551200	114	1654	2005	168	20	90	104	76	55	51	8	41	50	17	194
30567262_zpid	30567262_zpid	11201	25 Middagh St, Brooklyn, NY 11201	40.7007801	-73.9938456	0.230005512514	14	0.368360299027	2	0.254696854983	3	5	3	1888	3500000	24	1599	1824	100	268	40	92	40	44	128	80	68	24	20	368
29850396_zpid	29850396_zpid	10464	98 Carroll St, Bronx, NY 10464	40.84546	-73.786619	0.243594761216	3	0.168552033617	1	3.50792423629	0	3	2	1848	430000	21	3392	1950	68	68	24	32	12	4	148	36	28	8	116	168
30682921_zpid	30682921_zpid	11204	1649 Bay Ridge Ave, Brooklyn, NY 11204	40.619181	-73.995974	0.248862306955	10	0.301737589961	6	0.248384639043	4	4	2.5	2332	521344	19	3497	1930	160	68	80	208	72	148	104	148	72	40	24	360
30621240_zpid	30621240_zpid	11222	695 Humboldt St, Brooklyn, NY 11222	40.7259426	-73.9457204	0.0795429532179	12	0.368170048919	3	0.490851502561	1	7	3	2115	883000	57	1045	1910	31	57	17	32	12	24	39	23	27	12	13	159
30602814_zpid	30602814_zpid	11221	965 Greene Ave, Brooklyn, NY 11221	40.6912019	-73.928696	0.105533857127	9	0.2292005698	3	0.23844294346	3	6	4	2634	180000	12	1950	1899	180	75	91	122	119	51	35	16	40	51	34	281
30623234_zpid	30623234_zpid	11211	212 Devoe St, Brooklyn, NY 11211	40.713777	-73.942346	0.138171236685	14	0.15710196493	4	0.168641408606	4	6	4	2520	1700000	8	1500	1901	35	88	20	55	27	36	49	6	27	15	19	185
30594972_zpid	30594972_zpid	11225	195 Sterling St, Brooklyn, NY 11225	40.66312	-73.954612	0.36397768355	10	0.331212110196	5	0.320445849716	3	5	3	2100	580000	55	2000	1910	475	91	183	158	172	19	33	17	49	70	21	283
89074263_zpid	89074263_zpid	10458	390 E 195th St, Bronx, NY 10458	40.864408	-73.888791	0.536109413917	3	0.0876007825843	7	0.359187065557	3	8	4	3672	295000	14	2090	1915	458	72	180	199	229	31	22	3	69	55	23	304
30749722_zpid	30749722_zpid	11235	2644 E 19th St, Brooklyn, NY 11235	40.587193	-73.950616	0.165584542487	11	0.267892362762	3	0.301001505863	1	5	5	4400	1725000	6	4400	2012	288	80	64	188	52	188	128	108	132	64	20	640
30587161_zpid	30587161_zpid	11215	250 Garfield Pl, Brooklyn, NY 11215	40.6714	-73.975704	0.145567210746	13	0.207957802941	4	0.595140091047	3	5	5	4200	7665000	9	2000	1899	27	41	6	26	15	14	61	34	24	6	12	167
30735080_zpid	30735080_zpid	11223	2014 W 13th St, Brooklyn, NY 11223	40.597589	-73.9847039	0.138276692541	11	0.203248645461	6	0.180078989891	2	5	3	2088	945000	16	2400	1920	25	14	9	16	7	26	23	39	13	7	2	41
30731793_zpid	30731793_zpid	11214	203 Avenue Z, Brooklyn, NY 11214	40.584766	-73.985395	0.391250377504	3	0.224809506721	1	0.47409445657	1	3	2.5	1800	260000	292	2000	1970	7	6	8	14	5	12	13	10	9	2	2	21
30692492_zpid	30692492_zpid	11209	23 Bay Ridge Pl, Brooklyn, NY 11209	40.635649	-74.027888	0.0614580725938	11	0.0482597381508	3	0.388564898265	2	3	2	1400	785000	13	1923	1920	484	76	124	172	116	120	96	328	68	52	12	484
30660078_zpid	30660078_zpid	11226	115 E 31st St, Brooklyn, NY 11226	40.647947	-73.948014	0.0925890621047	6	0.365449372601	5	0.327038910768	2	3	3	3420	440000	55	1089000	1920	224	31	66	77	60	73	23	13	24	31	19	164
30788755_zpid	30788755_zpid	11234	2665 E 63rd St, Brooklyn, NY 11234	40.60793	-73.911986	0.870758115985	0	1.05887732094	0	3.83617519511	0	3	2	1216	540000	141	2099	1960	3	6	1	7	3	19	4	27	21	2	1	31
29844371_zpid	29844371_zpid	10465	1650 Library Ave, Bronx, NY 10465	40.847807	-73.817937	0.983851224482	0	0.747386792383	1	0.958936646996	0	6	2	3000	590000	16	4791	1943	1	2	0	4	0	12	14	11	5	1	0	24
30580503_zpid	30580503_zpid	11215	396A 19th St, Brooklyn, NY 11215	40.658784	-73.986643	0.326992713198	14	0.223693736927	5	0.609393893187	1	3	2	2205	1595100	21	1552	1920	30	32	15	32	22	23	32	10	15	5	10	80
29840146_zpid	29840146_zpid	10470	740 E 242nd St, Bronx, NY 10470	40.905121	-73.848088	0.178321229885	7	0.218023299005	3	0.307819429946	2	1	1	1665	325000	43	1785	1960	107	9	62	54	58	25	18	5	19	18	3	110
30753780_zpid	30753780_zpid	11210	1266 E 38th St, Brooklyn, NY 11210	40.623343	-73.938793	0.0560745715696	3	0.645286560401	2	1.29447515372	0	3	2	1800	425000	18	1800	1930	244	28	108	128	80	184	140	44	88	44	32	272
30765869_zpid	30765869_zpid	11234	2480 Ralph Ave, Brooklyn, NY 11234	40.617613	-73.9174029	0.158365873414	7	0.676560546425	1	3.06581397943	0	3	2	1248	425000	18	2300	1925	13	10	7	5	9	24	27	10	22	2	5	107
30737546_zpid	30737546_zpid	11223	2258 W 6th St, Brooklyn, NY 11223	40.592939	-73.977223	0.110520177753	8	0.116258971606	3	0.0885141493758	5	2	1	760	495000	13	2350	1935	140	64	44	100	48	168	92	144	96	24	28	344
30737520_zpid	30737520_zpid	11223	2242 W 7th St, Brooklyn, NY 11223	40.593173	-73.978114	0.0489355676149	7	0.0450658151451	2	0.0512629489029	5	3	1	952	588000	0	670	1925	144	68	44	100	44	160	84	144	96	36	20	304
29812660_zpid	29812660_zpid	10460	1632 Taylor Ave, Bronx, NY 10460	40.841628	-73.867892	0.150415677082	7	0.512756259613	4	0.472197973115	1	5	1	1500	650000	114	2395	1928	219	25	77	88	102	50	20	13	30	45	26	151
29777241_zpid	29777241_zpid	10451	146 E 150th St, Bronx, NY 10451	40.819427	-73.927605	0.0851484381529	4	0.517691887496	2	0.119046985598	4	7	3	3413	280900	126	1850	1901	708	92	268	216	204	28	40	32	80	72	40	612
62635606_zpid	62635606_zpid	10473	2167 Hart St, Bronx, NY 10473	40.811843	-73.846836	0.485382073761	1	0.824866467135	0	2.53051711341	0	5	3	1902	479000	68	3794	2001	10	3	9	4	4	12	5	10	3	6	4	27
30624362_zpid	30624362_zpid	11206	229 Scholes St # A, Brooklyn, NY 11206	40.709351	-73.9395849	0.179769169307	10	0.354929310073	4	0.180836008675	4	7	3	1910	700000	14	1910	1996	55	79	25	35	24	15	21	14	11	7	9	100
30782547_zpid	30782547_zpid	11234	2171 E 70th St, Brooklyn, NY 11234	40.618188	-73.906475	0.352608726359	2	0.269672591275	1	3.19281830865	0	4	2.5	2400	580000	29	2500	1975	14	8	8	13	6	16	14	10	20	2	4	55
29824507_zpid	29824507_zpid	10469	2863 Dewitt Pl, Bronx, NY 10469	40.867325	-73.8477	0.409512703697	4	0.932041147228	0	0.268895448917	1	3	2	1024	229671	9	1520	1950	36	15	20	24	15	44	24	19	27	16	4	80
30619841_zpid	30619841_zpid	11222	99 India St, Brooklyn, NY 11222	40.732354	-73.956385	0.107176156967	13	0.133328645506	4	0.315736741858	1	3	2	3576	600000	72	2100	1901	92	119	58	72	44	55	43	26	26	21	14	250
30786983_zpid	30786983_zpid	11234	2041 E 54th St, Brooklyn, NY 11234	40.612175	-73.921149	0.420566706423	2	1.14087170082	0	3.12300938122	0	3	2	1	225000	252	2500	1925	13	5	8	9	7	30	20	14	15	4	6	91
30715865_zpid	30715865_zpid	11230	862 E 9th St, Brooklyn, NY 11230	40.627777	-73.967991	0.418361035166	8	0.593008730734	5	0.561799356166	3	4	1.5	1440	1180000	22	3333	1925	416	100	196	172	188	216	184	164	108	52	48	540
30650437_zpid	30650437_zpid	11212	99 E 91st St, Brooklyn, NY 11212	40.661949	-73.928466	0.103523896771	13	0.141445998712	6	0.576775798734	1	3	2	2090	430000	9	2171	1940	237	11	87	86	72	36	9	4	22	33	11	146
30665407_zpid	30665407_zpid	11225	244 Hawthorne St, Brooklyn, NY 11225	40.657489	-73.952156	0.140429824044	10	0.153899750247	6	0.18522101999	2	3	3	1926	1450000	7	4240	1920	964	132	424	368	296	152	112	36	104	160	28	616
29848958_zpid	29848958_zpid	10465	4308 E Tremont Ave, Bronx, NY 10465	40.8155659	-73.815781	0.434066591294	3	0.466828773225	1	3.51509719903	0	6	3.5	1950	500000	41	3049	1965	7	8	2	5	4	14	16	11	12	3	8	47
30588848_zpid	30588848_zpid	11215	1616 10th Ave, Brooklyn, NY 11215	40.658977	-73.978577	0.0503606009274	14	0.240807285489	5	0.213791116914	1	3	3	3192	1875000	19	1557	1905	38	32	17	22	16	16	19	10	16	2	7	60
30775776_zpid	30775776_zpid	11236	1075 E 105th St, Brooklyn, NY 11236	40.644627	-73.8910439	0.401310549201	3	0.365323592424	3	0.940204372899	0	3	2.5	1700	380000	25	1700	1960	43	5	21	20	13	23	13	3	13	9	7	70
30793679_zpid	30793679_zpid	11229	13 Kay Ct, Brooklyn, NY 11229	40.58869	-73.92675	0.403990567146	2	1.12887583731	0	2.32533160358	0	3	2	1100	355000	13	1700	1925	8	20	4	64	4	4	112	44	80	4	12	144
29841075_zpid	29841075_zpid	10465	3193 Fairmount Ave, Bronx, NY 10465	40.836175	-73.8213789	0.171014928392	4	0.133965950311	1	1.51316241428	0	3	2	1440	375000	29	1306	1945	6	7	7	8	7	10	28	13	11	4	4	44
30689606_zpid	30689606_zpid	11219	6522 14th Ave, Brooklyn, NY 11219	40.624333	-74.000063	0.0488763450957	7	0.503748564688	3	0.318540089564	3	9	7	5868	1100000	14	1999	2001	45	8	14	18	12	54	60	53	12	7	15	114
30730912_zpid	30730912_zpid	11214	245 Bay 40th St, Brooklyn, NY 11214	40.592497	-73.99123	0.133248054285	6	0.656983139542	1	0.688747123823	1	2	2	1152	760000	8	2496	1960	14	7	8	18	6	24	34	26	23	8	4	70
83044440_zpid	83044440_zpid	11229	2129 Ford St, Brooklyn, NY 11229	40.600125	-73.937681	0.110115223216	9	0.331936788435	4	1.54509033682	0	3	3	1158	421000	61	2500	1934	26	7	9	10	7	7	34	14	17	2	2	62
30615797_zpid	30615797_zpid	11238	183 Lafayette Ave, Brooklyn, NY 11238	40.6878792	-73.9701779	0.263126256032	11	0.338096064533	3	0.373932956881	6	5	2	2900	1750000	3	1410	1899	87	17	40	53	41	20	19	6	11	20	14	70
30773901_zpid	30773901_zpid	11236	9323 Flatlands Ave, Brooklyn, NY 11236	40.6422	-73.903394	0.353268631489	4	0.758727168545	0	0.512681685376	1	6	4	1616	570220	33	2003	2012	58	10	21	24	18	66	25	9	19	16	9	105
29847257_zpid	29847257_zpid	10465	3232 Hatting Pl, Bronx, NY 10465	40.815962	-73.802529	0.804492908447	0	1.34899522106	0	4.21292480955	0	3	1.5	1665	385000	14	26	1960	2	1	3	1	0	2	9	6	5	0	0	18
30674643_zpid	30674643_zpid	11218	394 E 8th St, Brooklyn, NY 11218	40.640369	-73.971354	0.295731724122	11	0.163001407669	6	0.633454598567	2	2	1	810	720000	32	2400	1925	209	58	79	93	51	72	47	68	29	21	12	226
30747508_zpid	30747508_zpid	11229	2371 Bragg St, Brooklyn, NY 11229	40.594867	-73.934719	0.113418602339	8	0.536630685593	3	1.72843525179	0	3	2	1760	445000	122	1999	1955	7	16	0	5	1	7	17	5	18	3	2	32
30567284_zpid	30567284_zpid	11201	11 Cranberry St, Brooklyn, NY 11201	40.700387	-73.994803	0.21412857841	12	0.358047107927	1	0.30558701563	3	6	4.5	6700	467481	150	2569	1826	100	256	36	100	64	32	116	80	68	28	20	344
29783665_zpid	29783665_zpid	10460	880 E 172nd St, Bronx, NY 10460	40.8344256	-73.8912753	0.239806022523	4	0.237353531844	4	0.436451502275	2	6	3	2112	390000	12	7000	1987	157	23	65	85	67	22	12	3	22	31	11	142
30619257_zpid	30619257_zpid	11249	78 S 3rd St, Brooklyn, NY 11249	40.7131	-73.96494	0.0742841272674	10	0.365245924343	4	0.796858902015	0	9	4	3500	999990	55	2250	1899	100	360	32	132	32	92	88	156	80	12	32	388
30622121_zpid	30622121_zpid	11222	38 Broome St, Brooklyn, NY 11222	40.72207	-73.94556	0.105778268347	14	0.177453568611	1	0.560500107156	1	7	3	2823	1700000	11	2500	1910	29	64	16	49	10	16	37	17	22	10	13	181
29822606_zpid	29822606_zpid	10469	2522 Tiemann Ave, Bronx, NY 10469	40.863495	-73.837675	0.462408008906	2	0.221302948513	1	0.994109495739	0	3	1	2500	380000	127	2500	1965	9	10	4	6	0	11	18	13	14	2	2	44
30748465_zpid	30748465_zpid	11235	2455 Coyle St, Brooklyn, NY 11235	40.5930139	-73.935333	0.130691207649	7	0.408552368005	3	1.69436172864	0	6	3.5	2440	332500	161	2000	1955	6	13	9	2	5	3	7	12	6	2	1	55
30639757_zpid	30639757_zpid	11208	499 Shepherd Ave, Brooklyn, NY 11208	40.672217	-73.880007	0.0869304704386	9	0.362812580513	3	0.222001445672	2	8	4	2320	572000	127	2967	1901	176	25	89	102	82	51	32	10	33	62	26	181
30641153_zpid	30641153_zpid	11207	903 Livonia Ave, Brooklyn, NY 11207	40.666533	-73.88351	0.0335192967643	7	0.126407339672	3	0.0310819281414	2	4	2	2090	365000	115	2000	1910	78	8	53	41	34	22	28	9	30	28	13	118
30631369_zpid	30631369_zpid	11207	35 Marginal St E, Brooklyn, NY 11207	40.679129	-73.896426	0.272946561819	4	0.305384600113	3	0.303267185058	8	3	2	1200	65000	303	2000	1925	81	28	56	64	40	58	34	35	27	28	8	135
30638087_zpid	30638087_zpid	11207	171 Jerome St, Brooklyn, NY 11207	40.67799	-73.887657	0.137031707036	9	0.12652301677	6	0.335090632995	5	10	3.5	3000	444000	24	2375	1901	65	35	49	66	36	64	40	19	45	27	7	162
29834602_zpid	29834602_zpid	10466	3600 Palmer Ave, Bronx, NY 10466	40.883302	-73.837433	0.886628439872	0	0.402568409804	2	0.414571586845	1	9	3	3372	625000	15	4098	1989	9	7	5	3	1	11	5	6	6	3	1	28
30765667_zpid	30765667_zpid	11234	1422 E 57th St, Brooklyn, NY 11234	40.618755	-73.920346	0.221159560278	11	0.793174416062	0	2.78848445863	0	3	2	1315	500000	5	2200	1930	15	6	10	7	10	33	31	13	23	4	8	126
29813729_zpid	29813729_zpid	10461	1069 Sackett Ave, Bronx, NY 10461	40.844734	-73.850538	0.232215102469	6	0.522159102112	3	0.832199527149	0	4	3	1800	460000	10	2844	1931	102	11	30	42	17	37	31	22	20	10	5	108
