30602800_zpid	30602800_zpid	11221	518 Van Buren St, Brooklyn, NY 11221	40.6915959	-73.928037	0.0355814295882	9	0.173474580805	3	0.205140637206	3	4	3	2430	1199000	5	1440	1899	199	76	91	118	118	52	37	15	43	48	37	294
2109957718_zpid	2109957718_zpid	11249	116 N 5th St, Brooklyn, NY 11249	40.7170862	-73.9599461	0.0119758816296	12	0.195652104517	3	0.219718603111	1	3	3	5000	10700000	0	5000	1950	68	117	9	29	6	38	19	27	17	39	4	138
30761634_zpid	30761634_zpid	11234	4105 Kings Hwy, Brooklyn, NY 11234	40.6247814	-73.9349668	0.293020811041	8	0.324773950651	2	1.39667813015	0	2	1	1708	195000	194	1760	1935	40	7	18	20	21	20	21	16	13	4	0	67
30713357_zpid	30713357_zpid	11214	121 Bay 26th St, Brooklyn, NY 11214	40.601146	-73.999094	0.0877820015743	5	0.174638282229	9	0.387583497587	2	5	3	3121	1120000	15	4486	1925	181	22	49	50	39	96	43	39	23	17	11	163
30587060_zpid	30587060_zpid	11215	878 Carroll St, Brooklyn, NY 11215	40.6714	-73.972287	0.373993937872	15	0.420176122597	4	0.447786159398	3	1	1	3933	3954000	5	1519	1901	13	21	2	16	8	9	39	18	15	4	4	104
30663518_zpid	30663518_zpid	11203	4510 Foster Ave, Brooklyn, NY 11203	40.639278	-73.9334949	0.261415932067	7	1.20241888079	0	1.26231878254	0	3	2	1152	389000	77	1850	1930	132	48	52	64	48	172	104	48	100	52	28	388
30783257_zpid	30783257_zpid	11234	2425 E 70th St, Brooklyn, NY 11234	40.61414	-73.901965	0.814322619163	0	0.717603271168	1	3.61945496326	0	3	2.5	2172	608000	44	2475	1975	2	12	2	7	0	4	18	9	11	1	3	42
30627731_zpid	30627731_zpid	11221	1088 Bushwick Ave, Brooklyn, NY 11221	40.69009	-73.919654	0.255090563116	8	0.390513949603	4	0.226671051815	2	2	1	2745	750000	29	1250	1901	212	65	110	164	103	44	41	8	65	54	48	236
29783045_zpid	29783045_zpid	10457	740 E 175th St, Bronx, NY 10457	40.841887	-73.89232	0.247091944561	5	0.378541461077	3	0.641303530123	1	8	3	2310	325000	106	2997	1901	126	11	41	49	40	2	9	3	14	19	3	91
30721940_zpid	30721940_zpid	11223	1747 W 2nd St, Brooklyn, NY 11223	40.6051915	-73.9751305	0.0986393089924	8	0.276947679697	4	0.321091993552	3	3	3	2060	768000	0	2060	1920	396	88	180	108	120	340	104	172	116	56	12	512
30583541_zpid	30583541_zpid	11215	304 5th Ave, Brooklyn, NY 11215	40.6736072	-73.982918	0.0298109760341	15	0.334371925821	5	0.413179821213	3	2	1	975	780000	192	2400	1920	66	80	30	43	25	30	43	45	31	17	22	181
30791670_zpid	30791670_zpid	11235	2750 E 22nd St, Brooklyn, NY 11235	40.5852239	-73.947018	0.175365303892	7	0.608314521339	3	0.631416590184	1	7	6	2824	250000	267	1967	1965	77	15	12	40	11	47	23	24	22	6	5	113
30626036_zpid	30626036_zpid	11221	86 Stockholm St, Brooklyn, NY 11221	40.6970079	-73.924842	0.243321588021	14	0.167560675377	8	0.235444217425	3	6	3	5000	400000	39	5000	1915	144	61	67	98	67	54	23	21	47	37	25	202
83049393_zpid	83049393_zpid	11216	253 Tompkins Ave, Brooklyn, NY 11216	40.69	-73.94497	0.361991459577	11	0.352955173012	5	0.559558403083	2	9	5	3	2150000	10	3239	2004	304	108	144	216	196	52	64	20	72	80	60	376
30665134_zpid	30665134_zpid	11225	257 Fenimore St, Brooklyn, NY 11225	40.6586308	-73.954107	0.235743816857	12	0.359571673533	9	0.382308617018	3	5	3	3072	921000	32	2000	1910	342	54	169	139	118	37	40	19	47	56	9	222
30788042_zpid	30788042_zpid	11234	14 Bassett Ave, Brooklyn, NY 11234	40.6093819	-73.906679	0.882350948367	0	0.90462398756	0	4.16912157854	0	4	2.5	2092	750000	12	4200	1960	2	4	1	7	0	6	9	9	11	3	1	27
30607777_zpid	30607777_zpid	11205	14 Spencer Ct, Brooklyn, NY 11205	40.690484	-73.954633	0.223936288979	9	0.112518100805	6	0.262901774599	3	1	1	4740	450000	26	1974	1899	133	63	32	56	31	26	33	30	22	10	18	141
30728225_zpid	30728225_zpid	11229	1858 E 13th St, Brooklyn, NY 11229	40.604052	-73.959665	0.49303960183	11	0.376573022506	6	0.537819474159	2	3	2	4320	980000	19	3200	1980	93	23	31	32	30	55	21	17	14	11	6	114
30663690_zpid	30663690_zpid	11210	1466 New York Ave, Brooklyn, NY 11210	40.637115	-73.9455119	0.595394735806	3	0.316694164331	4	0.400960582177	2	6	3	2050	780000	1	2050	1905	298	25	178	160	147	50	33	12	36	61	8	305
30787827_zpid	30787827_zpid	11234	352 Whitman Dr, Brooklyn, NY 11234	40.606993	-73.907465	1.08086622307	0	1.15238956988	0	4.18463253515	0	4	2.5	2578	999100	7	4000	1960	2	4	1	4	0	8	7	16	12	4	1	24
30764205_zpid	30764205_zpid	11234	1647 E 46th St, Brooklyn, NY 11234	40.620202	-73.930635	0.273277570306	9	0.471329131571	2	2.01063258327	0	6	2	1864	68000	143	3998	1910	44	232	4	76	32	176	136	72	56	28	0	576
30641618_zpid	30641618_zpid	11208	70 Hemlock St, Brooklyn, NY 11208	40.688168	-73.872456	0.238839932416	6	0.177128303897	5	0.19752887903	3	6	3.5	2480	402000	57	2052	1920	78	31	50	68	37	61	36	16	42	31	6	153
29811795_zpid	29811795_zpid	10461	2420 Saint Raymonds Ave, Bronx, NY 10461	40.839317	-73.84906	0.230128277309	11	0.295139292167	7	0.358097135358	3	4	2	1902	410000	37	2355	1901	118	12	40	28	27	24	17	9	17	7	6	121
30659416_zpid	30659416_zpid	11226	43 E 32nd St, Brooklyn, NY 11226	40.649883	-73.947254	0.271684577691	5	0.382168897359	6	0.223264577647	2	4	2	1200	142000	311	2099	1910	269	26	107	111	112	64	21	9	40	46	19	200
30712877_zpid	30712877_zpid	11228	111 Bay 10th St, Brooklyn, NY 11228	40.608555	-74.010907	0.198817391015	7	0.379793636519	4	0.777934937812	0	4	2.5	2295	645000	73	1933	1925	7	11	3	12	2	20	35	29	25	2	4	56
30737043_zpid	30737043_zpid	11223	2125 West St, Brooklyn, NY 11223	40.5965224	-73.9711519	0.48778607082	4	0.521868630753	5	0.193277582189	3	6	4	3680	850000	32	3005	1931	24	13	7	24	7	42	23	53	26	1	5	87
30737522_zpid	30737522_zpid	11223	2250 W 7th St, Brooklyn, NY 11223	40.5930209	-73.9780956	0.0403798549095	7	0.0423630143666	2	0.0352648533576	5	3	2	952	599000	0	670	1925	144	72	44	100	44	156	84	136	92	36	20	320
83178205_zpid	83178205_zpid	10455	653 Eagle Ave, Bronx, NY 10455	40.817099	-73.910884	0.324798909679	9	0.248071830295	11	0.267946078873	2	5	3	3000	3200000	4	3049	2004	141	28	41	66	45	21	25	7	27	27	17	161
29789731_zpid	29789731_zpid	10470	339 E 239th St, Bronx, NY 10470	40.900703	-73.865981	0.279268724932	3	0.390807712468	1	0.648184823663	1	4	1.5	1932	499999	8	2500	1920	72	18	12	24	12	37	12	18	17	6	5	78
30766991_zpid	30766991_zpid	11236	542 E 85th St, Brooklyn, NY 11236	40.642012	-73.914652	0.575677925851	6	0.761459596529	0	1.19845629058	0	2	1.5	1056	379000	39	2500	1925	36	4	19	12	8	40	32	6	24	7	7	81
30721207_zpid	30721207_zpid	11223	1639 E 9th St, Brooklyn, NY 11223	40.608804	-73.963818	0.3410058343	7	0.480669523924	4	0.507504649782	1	7	3	2565	835000	25	3005	1925	120	48	24	64	92	52	56	44	64	20	12	272
30735899_zpid	30735899_zpid	11223	2066 E 1st St, Brooklyn, NY 11223	40.59816	-73.971031	0.523468209398	2	0.474426159878	3	0.305199480155	3	4	5	1384	300000	205	2325	1925	27	14	9	24	5	40	29	65	26	5	5	89
30637401_zpid	30637401_zpid	11208	166 Linwood St, Brooklyn, NY 11208	40.681814	-73.884482	0.265644062114	5	0.214773501728	4	0.208255668561	2	8	4	3058	575000	124	2500	1915	66	18	38	45	39	42	27	19	27	19	11	120
30671840_zpid	30671840_zpid	11218	3815 12th Ave, Brooklyn, NY 11218	40.6419956	-73.988128	0.515078741135	5	0.183041900114	10	0.534918918588	3	7	3	2800	610000	46	2000	1931	26	14	27	38	21	50	46	53	4	9	1	107
30614344_zpid	30614344_zpid	11216	37 Jefferson Ave # 2, Brooklyn, NY 11216	40.6827956	-73.9558629	0.154480742385	10	0.155220669056	7	0.205911748503	3	1	1	4520	200000	170	1600	1899	97	99	45	51	36	20	31	13	15	21	39	158
30656972_zpid	30656972_zpid	11225	10 Palm Ct, Brooklyn, NY 11225	40.6607804	-73.9465946	0.35489472303	5	0.331736270198	7	0.420486630375	2	3	2	1002	250000	49	1306	1930	283	52	108	120	117	39	30	14	26	43	12	201
30604968_zpid	30604968_zpid	11233	695 Halsey St, Brooklyn, NY 11233	40.684917	-73.924641	0.366626591855	10	0.493579347108	5	0.561526464509	3	7	3	2900	1495000	2	1910	1899	138	61	88	96	71	15	18	12	40	40	21	166
29846835_zpid	29846835_zpid	10465	3054 Harding Ave, Bronx, NY 10465	40.816494	-73.8097105	0.557929012251	2	0.761684529297	0	3.78241453286	0	2	1	960	235000	8	2399	1966	24	32	12	24	8	28	84	48	48	12	16	196
30782248_zpid	30782248_zpid	11234	2015 E 71st St, Brooklyn, NY 11234	40.621286	-73.908687	0.452119456888	3	0.454638163324	1	2.88241383808	0	3	2	1036	509000	0	2000	1925	18	2	9	12	6	28	22	11	18	3	3	63
2099774632_zpid	2099774632_zpid	11228	294 Bay 10 St, Brooklyn, NY 11228	40.605238	-74.015102	0.358834136542	3	0.731343336183	1	1.16936748733	0	3	2	1472	985000	0	1938	1920	28	8	8	24	4	36	64	84	40	4	8	124
29779675_zpid	29779675_zpid	10455	753 Union Ave, Bronx, NY 10455	40.8177514	-73.9037189	0.118025429103	12	0.163290578408	8	0.261953409214	4	10	4	4200	365000	145	871	1910	192	14	67	93	53	19	32	8	32	28	21	168
30794265_zpid	30794265_zpid	11229	60 Florence Ave, Brooklyn, NY 11229	40.591042	-73.925877	0.249761023931	2	1.16374742753	0	2.43464478899	0	3	2	1248	396499	7	1734	1920	1	7	1	13	1	1	23	9	20	2	3	34
30794127_zpid	30794127_zpid	11229	115 Abbey Ct, Brooklyn, NY 11229	40.590643	-73.923545	0.129252323249	2	1.36263800811	0	2.62104635934	0	3	1	600	225000	7	1800	1920	4	24	4	56	0	4	116	44	80	4	16	144
30793706_zpid	30793706_zpid	11229	4 Florence Ave, Brooklyn, NY 11229	40.589276	-73.928579	0.496954676952	2	0.962833376073	0	2.17828421763	0	6	3	2313	1600000	0	1785	1935	4	12	4	52	4	4	84	32	68	4	12	116
30769809_zpid	30769809_zpid	11236	1056 E 81st St, Brooklyn, NY 11236	40.633164	-73.909729	0.371241797181	5	0.382920569631	2	1.6425765572	0	2	1	3450	529000	68	2533	1965	132	20	52	80	24	276	100	32	108	28	24	328
30608357_zpid	30608357_zpid	11221	146 Van Buren St, Brooklyn, NY 11221	40.690174	-73.940085	0.0957951496309	11	0.278036697047	4	0.86754100549	0	5	3	2598	1142500	29	1925	1899	213	58	106	151	100	31	33	15	43	61	35	237
30608454_zpid	30608454_zpid	11216	221 Lexington Ave, Brooklyn, NY 11216	40.687604	-73.953505	0.0949581601052	10	0.286910120651	5	0.306767173127	2	4	3	2100	1065000	22	1667	1899	456	456	284	400	260	120	104	52	96	160	140	824
29841008_zpid	29841008_zpid	10465	1120 Throggmorton Ave, Bronx, NY 10465	40.835389	-73.821477	0.108788647472	4	0.0862558235851	1	1.56617206303	0	3	2	1320	325000	9	2374	1903	6	7	9	10	8	10	28	12	11	5	4	43
30744589_zpid	30744589_zpid	11229	2150 E 19th St, Brooklyn, NY 11229	40.597947	-73.9526659	0.35917272229	11	0.199727013722	5	0.31425347425	2	4	4.5	1392	938000	34	4007	1930	115	33	36	31	53	67	41	25	26	15	7	163
30626950_zpid	30626950_zpid	11237	194 Wyckoff Ave, Brooklyn, NY 11237	40.701546	-73.915269	0.089228664162	13	0.336156473949	6	0.363863138592	5	8	6	4500	2300000	0	2500	1931	744	332	580	712	496	192	164	108	332	272	120	1224
30786796_zpid	30786796_zpid	11234	2136 Hendrickson St, Brooklyn, NY 11234	40.610076	-73.924663	0.472895381111	1	1.18868562022	0	2.80602639705	0	3	1.5	1849	580000	5	1817	1955	24	36	12	28	16	112	92	68	56	16	28	308
30789978_zpid	30789978_zpid	11235	3099 Coney Island Ave, Brooklyn, NY 11235	40.5806254	-73.9596227	0.128189743681	10	0.0989816547361	5	0.358020493421	1	4	2	6020	120000	19	1620	1920	1012	248	316	404	252	340	212	124	216	148	112	1108
29849783_zpid	29849783_zpid	10465	2583 Harding Ave, Bronx, NY 10465	40.8132715	-73.8270313	1.06628068869	0	1.0344020108	0	3.0852941225	0	3	2	1620	385000	7	1659	1956	9	9	6	1	1	9	7	15	6	1	1	15
30574827_zpid	30574827_zpid	11232	421 41st St, Brooklyn, NY 11232	40.651262	-74.006497	0.144788692813	8	0.20320024625	7	0.393323307779	2	6	3	2784	2165000	15	2003	1899	284	180	112	132	132	40	160	68	68	52	20	456
30667245_zpid	30667245_zpid	11218	687 Coney Island Ave, Brooklyn, NY 11218	40.6407219	-73.968811	0.269228112305	10	0.0661795322374	4	0.416219359782	2	6	2	4240	760000	123	2410	1930	148	51	55	61	29	44	28	30	25	13	9	181
29842352_zpid	29842352_zpid	10461	1445 Edison Ave, Bronx, NY 10461	40.8407229	-73.8326359	0.373309979444	4	0.726991902199	1	0.467494296451	2	3	2.5	1844	445200	119	3528	1950	68	22	17	18	15	56	36	24	13	8	1	97
30633704_zpid	30633704_zpid	11212	656 Osborn St, Brooklyn, NY 11212	40.655594	-73.905486	0.152871033328	4	0.229469589131	2	0.633278186129	1	9	3	1760	335000	9	1997	1930	76	11	47	56	40	18	19	7	34	14	6	119
30791511_zpid	30791511_zpid	11235	2967 Coney Island Ave, Brooklyn, NY 11235	40.584021	-73.95972	0.336250692087	10	0.265486091051	6	0.569004118378	2	4	2	1280	547000	2	2178	1915	568	128	156	260	128	240	176	120	152	80	80	656
30602204_zpid	30602204_zpid	11221	1062 Dekalb Ave, Brooklyn, NY 11221	40.693314	-73.932242	0.170129932174	10	0.376205002623	3	0.289352263623	3	5	3	2736	785000	5	1983	1993	580	352	324	400	408	200	152	72	132	188	148	960
29844926_zpid	29844926_zpid	10465	3719 E Tremont Ave, Bronx, NY 10465	40.826633	-73.821685	0.682418040795	1	0.13195765652	1	2.28004472987	0	3	1	1536	159750	201	2848	1930	13	18	6	21	2	14	25	37	19	1	5	77
30600741_zpid	30600741_zpid	11233	74 Macdougal St, Brooklyn, NY 11233	40.6794344	-73.918195	0.343808190261	3	0.479709242987	4	0.290704117657	2	2	1.5	3420	515000	40	5000	2002	232	36	151	166	122	42	37	14	61	78	29	243
29983143_zpid	29983143_zpid	11207	722 Van Siclen Ave APT C2, Brooklyn, NY 11207	40.6616986	-73.8868989	0.183101212462	5	0.295102700238	7	0.453366671297	2	3	1.5	1012	48000	287	22215.600000000002	1972	676	40	432	356	344	88	124	32	164	220	52	740
29791394_zpid	29791394_zpid	10473	456 Bolton Ave, Bronx, NY 10473	40.815103	-73.857388	0.542848644067	2	0.735423898827	1	2.01941403665	0	2	1.5	857	315000	81	1089000	1920	33	9	10	28	9	31	14	14	17	16	7	79
29776843_zpid	29776843_zpid	10454	413 E 140th St, Bronx, NY 10454	40.810294	-73.921113	0.280746336522	4	0.168191394804	6	0.320106681559	3	4	3	2350	200000	26	1700	1901	222	33	103	128	108	9	16	11	30	36	18	215
30783521_zpid	30783521_zpid	11229	1842 Madison Pl, Brooklyn, NY 11229	40.608727	-73.939432	0.466212373562	3	0.562084233536	1	1.55358787982	0	3	2.5	1248	512500	26	2003	1930	15	6	5	15	6	10	13	8	10	2	2	37
30584074_zpid	30584074_zpid	11215	362 5th St, Brooklyn, NY 11215	40.670994	-73.983604	0.137167603241	14	0.265932419453	4	0.39699874536	4	5	2.5	2250	1612500	65	1500	1901	69	81	29	53	24	25	61	40	31	21	24	227
30761858_zpid	30761858_zpid	11234	2066 E 41st St, Brooklyn, NY 11234	40.623136	-73.933856	0.19622279665	8	0.208277410455	2	1.58825615853	0	3	2	1283	150000	228	1833	1925	160	44	72	88	92	120	108	88	60	24	0	412
30615071_zpid	30615071_zpid	11205	92 Vanderbilt Ave, Brooklyn, NY 11205	40.694878	-73.970501	0.199407143673	7	0.267974012891	2	0.82026405674	0	5	3.5	1728	10000	91	1667	1910	52	84	28	38	26	42	15	27	27	18	10	142
30783412_zpid	30783412_zpid	11234	6303 Strickland Ave, Brooklyn, NY 11234	40.614577	-73.911326	0.196285175194	7	0.337630689161	1	3.65943662736	0	3	1	972	620000	9	4500	1955	5	11	7	7	2	15	12	7	11	0	2	37
29795666_zpid	29795666_zpid	10472	1225 Evergreen Ave, Bronx, NY 10472	40.829248	-73.881508	0.226628445687	9	0.117319318764	2	0.211540741506	3	5	3	1440	450000	33	2000	1920	259	34	131	152	135	45	23	8	45	44	10	223
30705537_zpid	30705537_zpid	11228	1559 Bay Ridge Pkwy, Brooklyn, NY 11228	40.616904	-74.001292	0.120379644601	10	0.320344698678	5	0.362530879502	2	6	3.5	2520	950000	7	3001	1915	8	3	8	11	8	30	17	33	10	2	1	54
30611947_zpid	30611947_zpid	11205	579 Myrtle Ave, Brooklyn, NY 11205	40.6942049	-73.9610491	0.0758658288685	9	0.42835578998	6	0.599270062415	1	1	1	3024	425000	133	1504	1925	55	80	30	50	29	48	27	38	30	11	23	178
29840547_zpid	29840547_zpid	10475	2204 Palmer Ave, Bronx, NY 10475	40.860411	-73.82536	0.572801969375	1	0.463377935959	2	0.845099823492	0	3	4	1900	435000	22	2395	2011	4	0	6	5	2	3	8	3	8	1	2	5
30619325_zpid	30619325_zpid	11211	235 S 4th St, Brooklyn, NY 11211	40.710564	-73.9586549	0.0470620333361	19	0.245401169693	7	0.257061682728	3	6	4	5200	3000000	3	1916	1910	604	1204	428	540	332	112	216	116	160	120	96	1232
30780744_zpid	30780744_zpid	11234	11 Georgetown Ln, Brooklyn, NY 11234	40.622907	-73.914254	0.397903804244	5	0.752013845265	0	2.84361155297	0	3	2.5	2163	558000	16	2320	1996	76	16	36	40	16	196	100	92	80	24	24	396
30771644_zpid	30771644_zpid	11236	35 Paerdegat 14th St, Brooklyn, NY 11236	40.62801	-73.902057	0.982931723007	0	0.731854216123	1	2.07551424838	0	8	6	3213	615000	77	2142	1965	40	4	13	14	6	40	18	6	22	4	8	48
30766440_zpid	30766440_zpid	11203	752 E 53rd St, Brooklyn, NY 11203	40.6409639	-73.92662	0.201721069878	7	1.05432810378	0	1.84403913907	0	8	3	3520	350000	16	2533	1940	86	14	19	19	16	33	31	12	18	10	7	98
30782116_zpid	30782116_zpid	11234	2049 E 68th St, Brooklyn, NY 11234	40.61925	-73.910273	0.198754755259	5	0.235393936337	1	3.1324902969	0	3	1	1224	415000	128	1800	1960	15	7	9	15	6	20	23	10	22	2	6	71
29798052_zpid	29798052_zpid	10472	1319 Noble Ave, Bronx, NY 10472	40.833035	-73.87084	0.663704215512	7	0.412685300841	2	0.320163015953	2	8	3	3628	360000	139	2613	1935	249	26	74	96	69	38	18	11	33	53	12	180
30697721_zpid	30697721_zpid	11209	8011 Colonial Rd, Brooklyn, NY 11209	40.628697	-74.0344609	0.426825016454	8	0.939120017295	0	0.765109605672	0	5	4	2681	999000	83	3600	1920	19	26	5	10	3	28	38	27	10	3	2	64
64862515_zpid	64862515_zpid	10459	1051 Bryant Ave, Bronx, NY 10459	40.824568	-73.888948	0.145229850647	3	0.412106505814	4	0.312817392758	5	5	4	2280	440000	7	2033	2000	210	21	92	105	97	26	26	6	35	34	27	205
29839398_zpid	29839398_zpid	10470	4610 Matilda Ave, Bronx, NY 10470	40.903082	-73.852755	0.479974645334	5	0.235607573704	1	0.179696848171	3	6	3	2494	575000	29	5000	1915	136	12	67	66	61	28	18	5	25	27	4	121
30676392_zpid	30676392_zpid	11230	270 Parkville Ave, Brooklyn, NY 11230	40.631713	-73.969202	0.374941419176	9	0.260498732694	6	0.658632439186	3	3	3	1200	250000	167	1503	1925	83	37	45	41	44	60	41	53	26	16	12	157
29834908_zpid	29834908_zpid	10466	3691 Secor Ave, Bronx, NY 10466	40.886387	-73.832772	0.367467186169	1	0.296852148008	2	0.268235121632	1	3	1	1248	339200	43	2874	1925	30	10	11	14	1	20	16	14	14	5	2	53
29792287_zpid	29792287_zpid	10473	1756 Seward Ave, Bronx, NY 10473	40.818703	-73.8648885	0.239777662184	3	0.385855801821	2	1.44398013467	0	7	3	3680	437000	126	2178	1940	62	13	23	18	20	22	18	7	25	10	5	86
30770328_zpid	30770328_zpid	11236	1129 E 82nd St, Brooklyn, NY 11236	40.632769	-73.90728	0.556428056439	5	0.5768554441	2	1.61229235181	0	3	1	1635	210000	0	1600	1960	43	7	16	25	9	67	28	11	28	7	7	72
30612541_zpid	30612541_zpid	11205	300 Dekalb Ave, Brooklyn, NY 11205	40.689374	-73.966615	0.196151167465	12	0.261374419809	3	0.126154466368	5	5	3	3400	247500	235	2000	1899	168	244	80	120	76	108	80	28	64	64	36	444
30671016_zpid	30671016_zpid	11218	161A Mcdonald Ave, Brooklyn, NY 11218	40.650761	-73.9805219	0.288998253612	6	0.22031977581	3	0.415221956864	1	4	2	1400	1299000	0	2250	1915	10	16	10	16	10	18	19	19	11	2	3	43
30737879_zpid	30737879_zpid	11223	2262 West St, Brooklyn, NY 11223	40.593508	-73.971076	0.268934043029	6	0.638177745858	1	0.343614312069	3	6	3	4200	995000	8	2178	1935	272	48	76	124	36	184	132	152	108	24	24	468
30573289_zpid	30573289_zpid	11231	82 Pioneer St, Brooklyn, NY 11231	40.678142	-74.009507	0.201159594508	4	0.171831354106	3	1.10579296202	0	2	1.5	2040	1300000	20	1667	1899	31	57	15	27	12	14	32	9	11	11	3	76
30719455_zpid	30719455_zpid	11204	1584 W 5th St, Brooklyn, NY 11204	40.608713	-73.979103	0.313476628187	12	0.296478496292	6	0.423099517627	3	3	2	1196	212000	251	2000	1925	640	104	152	164	188	292	68	88	52	44	28	420
30788626_zpid	30788626_zpid	11234	595 Mayfair Dr S, Brooklyn, NY 11234	40.60985	-73.912771	0.652452710004	1	0.870166643023	0	3.80893221789	0	8	4	1638	740000	26	2508	1965	2	7	2	6	3	19	5	23	20	2	1	28
30651679_zpid	30651679_zpid	11203	248 E 48th St, Brooklyn, NY 11203	40.656025	-73.933087	0.24146185925	7	0.518227932541	4	1.30795553718	0	5	4	2152	158000	7	2800	1940	115	19	69	51	69	65	37	11	29	31	13	158
30608853_zpid	30608853_zpid	11221	514 Lexington Ave, Brooklyn, NY 11221	40.6887198	-73.9399414	0.2551178358	8	0.194194048431	3	0.982529329279	0	5	2	2880	805000	9	2000	1993	944	252	468	672	456	144	164	68	204	256	116	1068
30730687_zpid	30730687_zpid	11214	96 Bay 43rd St, Brooklyn, NY 11214	40.593553	-73.987273	0.427406141637	8	0.439527931595	5	0.463608772151	2	3	2	1297	798000	3	1933	1960	32	36	24	64	12	68	100	80	88	28	16	236
30764619_zpid	30764619_zpid	11234	1539 E 54th St, Brooklyn, NY 11234	40.620093	-73.922788	0.269108325368	11	0.543358777232	1	2.5341119203	0	4	3	1755	335000	71	2000	1920	10	24	4	9	9	39	31	15	20	3	8	127
30748102_zpid	30748102_zpid	11235	2455 E 22nd St, Brooklyn, NY 11235	40.591642	-73.9476619	0.261373595633	12	0.4531642985	5	0.750190294022	0	6	3	3400	920000	5	2667	1920	38	14	7	23	7	33	32	32	33	3	1	86
