30584499_zpid	30584499_zpid	11215	323 8th St, Brooklyn, NY 11215	40.6692584	-73.9843009	0.102019149812	20	0.0913866303777	3	0.381312141347	3	1	1	2430	872500	170	1817	1899	88	97	35	67	22	27	67	42	36	20	26	262
29781744_zpid	29781744_zpid	10457	232 Mount Hope Pl, Bronx, NY 10457	40.847933	-73.904996	0.140498469276	11	0.14948840271	8	0.27642361752	5	3	3	2150	225000	0	1960	1901	372	73	220	222	206	28	23	12	68	60	29	283
30628460_zpid	30628460_zpid	11221	1310 Putnam Ave, Brooklyn, NY 11221	40.693167	-73.913416	0.275388663152	10	0.358068851553	3	0.737082015065	2	5	4	2700	1300000	4	2000	1910	124	32	98	118	88	37	35	9	63	55	31	169
29813336_zpid	29813336_zpid	10462	1855 Holland Ave, Bronx, NY 10462	40.847045	-73.865143	0.15552288949	6	0.189439386349	2	0.34244960956	1	4	3	2240	500000	33	3000	1910	172	19	80	92	78	81	36	18	32	34	17	176
30755690_zpid	30755690_zpid	11210	1455 E 27th St, Brooklyn, NY 11210	40.615549	-73.94737	0.436293897374	3	0.524230892622	3	1.04222676645	0	4	2.5	1472	949000	0	1999	1910	60	8	4	36	16	64	68	48	32	0	16	132
30567542_zpid	30567542_zpid	11201	7 Monroe Pl, Brooklyn, NY 11201	40.696975	-73.992531	0.0403939399126	15	0.0695181722922	4	0.0719832307219	8	8	4.5	6500	7650000	12	2500	1849	188	432	72	88	68	28	228	96	104	24	40	644
2100708627_zpid	2100708627_zpid	10455	711 Southern Blvd, Bronx, NY 10455	40.8139407	-73.8990473	0.0502335301066	11	0.34856346948	6	0.326236309083	3	8	5	3120	720000	0	3118	2004	800	68	316	340	240	104	72	56	168	112	52	676
30636816_zpid	30636816_zpid	11207	424 Jamaica Ave, Brooklyn, NY 11207	40.68281	-73.887008	0.478504824347	7	0.428634225638	5	0.376257591567	3	5	2	2040	520000	19	21	1920	27	27	14	13	14	29	22	12	20	7	3	52
79728144_zpid	79728144_zpid	11207	797 Barbey St, Brooklyn, NY 11207	40.662884	-73.883833	0.284762681162	7	0.210106314747	5	0.380563056719	2	5	2	2920	423675	4	1999	2006	128	9	81	70	56	22	25	10	28	45	13	140
29843754_zpid	29843754_zpid	10465	1467 Stadium Ave, Bronx, NY 10465	40.843134	-73.820714	0.763451281293	0	0.467315957572	1	1.0789361412	0	3	1.5	1332	457000	137	2500	1965	2	11	4	4	0	14	32	14	8	1	1	37
79726798_zpid	79726798_zpid	10467	3258 Olinville Ave, Bronx, NY 10467	40.873106	-73.867931	0.148507129065	8	0.0783094415137	3	0.205229194156	3	8	6	4400	768000	99	2767	2006	217	29	78	83	83	31	22	8	33	32	15	167
29812852_zpid	29812852_zpid	10462	1730 Unionport Rd, Bronx, NY 10462	40.8442243	-73.8672352	0.233274880832	10	0.392447356332	3	0.522707398915	2	5	3	1946	380000	7	2500	1905	74	12	42	49	37	44	19	12	16	24	10	99
30740553_zpid	30740553_zpid	11235	2825 Brighton 6th St, Brooklyn, NY 11235	40.5824458	-73.9627907	0.0929980077662	9	0.274477230162	5	0.547391282713	1	11	4	3001	855000	1	2581	1925	364	136	136	244	100	280	196	120	120	72	92	628
30663704_zpid	30663704_zpid	11210	1465 New York Ave, Brooklyn, NY 11210	40.637138	-73.944905	0.583671716238	3	0.351416484127	4	0.432305889321	2	7	4	3170	799000	0	2000	1905	292	24	172	162	146	51	29	11	36	60	7	298
30750486_zpid	30750486_zpid	11210	861 E 21st St, Brooklyn, NY 11210	40.63259	-73.956318	0.48168887683	8	0.602547239675	3	0.581952511869	3	9	3	3808	1250000	11	6000	1915	41	14	24	31	33	22	13	13	16	7	3	62
29847797_zpid	29847797_zpid	10465	1020 Brinsmade Ave, Bronx, NY 10465	40.829622	-73.830694	0.346733697004	2	0.696636886618	1	1.54468685183	0	3	1.5	1908	300000	67	3920	1950	9	10	6	7	3	9	18	14	5	1	5	33
29827911_zpid	29827911_zpid	10469	965 E 221st St, Bronx, NY 10469	40.882651	-73.853983	0.341226786403	5	0.440880758169	2	0.746640503091	1	2	2	2040	295000	11	1988	1935	256	64	112	108	104	128	20	12	72	32	12	196
30614912_zpid	30614912_zpid	11205	47 Cumberland St, Brooklyn, NY 11205	40.696608	-73.97423	0.381263619942	7	0.353686114308	2	0.957397588485	0	5	3.5	3076	997500	30	2500	1899	28	29	14	22	19	28	7	24	10	12	7	68
29779834_zpid	29779834_zpid	10459	828 E 165th St, Bronx, NY 10459	40.824024	-73.900642	0.102394344409	7	0.109703829203	5	0.383751145332	3	4	3	2532	389000	0	1999	1901	560	84	340	384	328	68	52	20	104	176	92	644
30780525_zpid	30780525_zpid	11234	1206 Bergen Ave, Brooklyn, NY 11234	40.627265	-73.913425	0.758697102423	0	0.550624519323	1	2.36952834213	0	6	4	3150	615000	89	3150	1970	84	12	40	28	24	184	20	72	48	24	20	216
30584508_zpid	30584508_zpid	11215	291 8th St, Brooklyn, NY 11215	40.669753	-73.985175	0.0708618213137	18	0.08550526479	3	0.29075491052	3	4	3	3850	315000	182	1833	1899	336	392	164	268	124	124	216	164	148	88	108	996
2099714654_zpid	2099714654_zpid	11209	7021 Perry Terrace Pl, Brooklyn, NY 11209	40.635435	-74.029786	0.182609434968	9	0.207612410626	3	0.543914957561	2	5	3	1800	910000	0	1900	1925	106	17	24	39	25	45	28	92	19	10	3	115
30793184_zpid	30793184_zpid	11229	2344 Plumb 1st St, Brooklyn, NY 11229	40.595769	-73.9324929	0.323803907813	8	0.621986453609	2	1.91695929758	0	2	3.25	883	270000	149	1800	1920	32	60	0	20	8	28	72	24	72	12	8	140
29853530_zpid	29853530_zpid	10471	5910 Spencer Ave, Bronx, NY 10471	40.9069689	-73.899021	0.255004848933	4	0.256024619693	3	1.3136532935	0	5	2.5	1980	560100	32	3360	1950	11	8	6	11	6	19	30	10	16	2	7	51
30631223_zpid	30631223_zpid	11207	38 Furman Ave, Brooklyn, NY 11207	40.682148	-73.906642	0.108387634322	4	0.224999328691	3	0.127964803498	6	4	1	3000	125000	275	2000	1910	64	21	51	70	50	13	20	14	15	24	8	123
83178239_zpid	83178239_zpid	10467	837 E 221st St, Bronx, NY 10467	40.883821	-73.857633	0.277119853166	6	0.415091305953	2	0.42763106393	2	9	3	3700	636000	120	2858	2004	88	5	46	61	44	47	9	1	19	31	4	88
30666355_zpid	30666355_zpid	11226	25 E 19th St, Brooklyn, NY 11226	40.649194	-73.961712	0.121139435538	9	0.461782145467	4	0.183096949263	3	2	1	1	1200000	14	3276	1930	2112	332	1420	1232	1468	148	144	64	308	392	56	1988
30643037_zpid	30643037_zpid	11208	200 Grant Ave, Brooklyn, NY 11208	40.685938	-73.868138	0.233290371304	11	0.0946764677957	6	0.566161896819	3	7	3	2160	386900	138	2000	1899	65	32	45	59	37	61	31	11	43	27	6	144
30664625_zpid	30664625_zpid	11225	67 Midwood St, Brooklyn, NY 11225	40.6598339	-73.958418	0.175968311913	13	0.32878754964	7	0.379430121927	3	8	5	3848	1500000	15	2000	1910	435	110	188	161	174	22	48	22	56	53	14	278
30636472_zpid	30636472_zpid	11207	6 Crosby Ave, Brooklyn, NY 11207	40.681524	-73.895752	0.313186591725	3	0.297284424708	3	0.543692572188	3	6	3	2502	225000	47	2500	1925	248	100	172	148	104	172	116	132	88	76	32	364
30584454_zpid	30584454_zpid	11215	312 7th St, Brooklyn, NY 11215	40.6704693	-73.9858832	0.0744025385993	15	0.170915887528	4	0.208508018168	3	7	4	4500	2275000	30	2500	1899	75	91	41	63	30	32	53	44	39	23	22	229
30789242_zpid	30789242_zpid	11235	2956 Brighton 5th St, Brooklyn, NY 11235	40.5797912	-73.9635217	0.290692055939	7	0.256494775738	7	0.30340324266	2	2	2	1152	475000	14	914	1940	568	268	288	400	212	300	208	112	180	112	120	1088
30712164_zpid	30712164_zpid	11214	74 Bay 19th St, Brooklyn, NY 11214	40.605473	-74.00355	0.345681451299	11	0.0405810759648	7	0.315880412517	2	3	2	1200	550000	34	1000	1930	248	96	108	148	60	196	164	176	100	44	24	512
30758142_zpid	30758142_zpid	11234	1134 E 51st St, Brooklyn, NY 11234	40.633363	-73.9276919	0.208634036036	5	0.726072033796	1	1.68640178146	0	3	2	2200	330000	38	2200	1940	30	9	15	22	12	25	20	6	15	14	2	71
30629800_zpid	30629800_zpid	11207	1161 Halsey St, Brooklyn, NY 11207	40.690599	-73.910786	0.190346575977	10	0.65704761746	3	0.604472315673	2	6	2.5	3300	799000	10	1999	1905	107	30	74	99	76	21	23	17	38	54	21	177
30641718_zpid	30641718_zpid	11208	23 Hemlock St, Brooklyn, NY 11208	40.689357	-73.872195	0.28226526865	6	0.21990964543	6	0.071584024891	3	3	1	2640	185000	300	1667	1925	70	20	44	61	31	53	30	13	31	25	3	112
30732988_zpid	30732988_zpid	11224	2860 W 33rd St, Brooklyn, NY 11224	40.575936	-74.00011	0.498324179625	1	0.222554282536	2	1.60462193091	0	3	2	1444	569900	0	2583	1988	58	22	26	44	17	4	22	9	21	20	0	74
30610376_zpid	30610376_zpid	11216	45 Halsey St, Brooklyn, NY 11216	40.681792	-73.951765	0.238276033738	13	0.250491832865	8	0.219242456056	4	7	4	3760	1150000	27	2000	1900	225	163	98	146	104	20	54	22	53	60	42	270
30669011_zpid	30669011_zpid	11226	536 E 18th St, Brooklyn, NY 11226	40.637616	-73.961131	0.191811935573	11	0.237325789536	6	0.315091940808	2	5	3.5	4542	2725000	0	5000	1905	342	53	160	148	155	41	24	27	41	62	9	234
29784738_zpid	29784738_zpid	10458	2459 Cambreleng Ave, Bronx, NY 10458	40.856191	-73.884286	0.246091098617	7	0.274284031151	2	0.788836392177	0	6	3	3588	400000	11	2500	1899	393	85	134	158	153	23	32	14	51	70	22	284
29836439_zpid	29836439_zpid	10466	4022 Amundson Ave, Bronx, NY 10466	40.892327	-73.836501	0.44917908013	2	0.590604640812	4	0.65451509328	1	5	2.5	2700	565000	5	3750	1932	45	4	15	22	2	53	25	13	28	9	4	58
30776795_zpid	30776795_zpid	11236	10518 Avenue K, Brooklyn, NY 11236	40.644386	-73.890295	0.445056170644	2	0.409222763464	3	1.00810957276	0	6	4.5	3000	672000	3	1999	1960	42	4	17	17	13	20	13	3	13	8	6	64
30589566_zpid	30589566_zpid	11238	716 Dean St, Brooklyn, NY 11238	40.6796099	-73.966494	0.153027815694	14	0.354381619055	4	0.444062059062	4	3	3	2400	2520000	2	2200	1984	416	620	144	272	152	152	164	160	156	56	52	692
30622259_zpid	30622259_zpid	11222	147 Bayard St, Brooklyn, NY 11222	40.720122	-73.946538	0.297944895343	16	0.390871113283	3	0.642060650786	3	3	4	1538	600000	97	1900	1910	18	50	9	30	5	12	29	12	11	5	6	106
30662909_zpid	30662909_zpid	11203	871 E 45th St, Brooklyn, NY 11203	40.639989	-73.9336919	0.182075356081	7	1.14129876784	0	1.24334137888	0	3	3	1600	479000	0	2000	1925	144	48	52	72	48	184	96	52	104	52	24	400
30675893_zpid	30675893_zpid	11218	800 E 4th St, Brooklyn, NY 11218	40.632455	-73.974675	0.237671825537	8	0.0443885952563	6	0.355728390848	2	2	1	800	820000	29	3300	1910	272	124	212	204	164	148	80	180	52	56	20	532
30775692_zpid	30775692_zpid	11236	10569 Flatlands 1st St, Brooklyn, NY 11236	40.646627	-73.890635	0.2092488426	3	0.176284192886	3	0.866989615616	0	4	2	2	463500	59	1999	1960	152	20	48	56	48	60	40	8	40	24	28	216
29781734_zpid	29781734_zpid	10457	269 E 175th St, Bronx, NY 10457	40.846881	-73.905177	0.168916392286	11	0.267250285044	7	0.39286904441	4	1	1	3300	155000	228	2375	1899	409	81	244	258	243	28	22	15	74	68	30	314
30729555_zpid	30729555_zpid	11214	2416 84th St, Brooklyn, NY 11214	40.599941	-73.987899	0.151356577105	7	0.134668499002	5	0.264936154963	2	4	5	1656	945000	14	2613	1920	71	13	14	28	17	57	34	22	18	7	2	88
30701186_zpid	30701186_zpid	11209	42 Oliver St, Brooklyn, NY 11209	40.619403	-74.038557	0.475714631809	5	0.497811921977	3	0.715226326964	1	4	3	1920	1599000	0	2500	1925	162	23	16	26	18	25	30	20	6	4	4	92
30595017_zpid	30595017_zpid	11225	289 Sterling St, Brooklyn, NY 11225	40.663312	-73.951582	0.182978582871	7	0.0748059922372	6	0.0885823516774	4	3	3	1765	1499000	0	1800	1910	446	84	175	157	157	36	36	17	39	71	18	282
68314208_zpid	68314208_zpid	11209	6917 Shore Rd APT 4A, Brooklyn, NY 11209	40.6382469	-74.0358352	0.531127074183	3	0.760457851532	0	1.11394788903	0	2	2	1270	870604	123	7595	2005	28	3	4	8	5	19	14	44	5	1	1	32
30785946_zpid	30785946_zpid	11234	2048 E 38th St, Brooklyn, NY 11234	40.609643	-73.929077	0.157247390959	2	0.870009925192	0	2.43105938412	0	3	1.5	1800	649900	11	1999	1930	8	44	12	16	8	72	108	92	76	0	12	248
30691362_zpid	30691362_zpid	11220	6637 Bergen Pl, Brooklyn, NY 11220	40.639563	-74.027681	0.332196576681	9	0.411896618235	3	0.627653436517	1	3	2.5	1600	515000	79	3083	1905	36	16	24	27	15	25	24	31	8	11	2	55
89069362_zpid	89069362_zpid	11230	1389 E 18th St, Brooklyn, NY 11230	40.616656	-73.956565	0.222019754702	7	0.299583982062	5	0.262327045713	1	2	2	1060	620000	134	3000	2008	138	20	51	81	49	60	34	32	16	14	4	140
83048382_zpid	83048382_zpid	11216	327 Monroe St, Brooklyn, NY 11216	40.686297	-73.945093	0.0744835260514	9	0.328746874331	9	0.683354025917	2	4	2	3224	896000	2	1611	2007	132	37	63	112	84	18	27	15	40	50	21	174
30714949_zpid	30714949_zpid	11214	328 Bay 13th St, Brooklyn, NY 11214	40.603134	-74.013384	0.442193669817	3	0.575347937317	1	1.12115707835	0	2	1.75	1392	635000	21	1619	1945	4	4	5	8	4	13	10	14	9	0	0	37
30607975_zpid	30607975_zpid	11221	282A Kosciuszko St, Brooklyn, NY 11221	40.6912949	-73.943314	0.297192758123	10	0.152329809789	4	0.671299617101	2	1	1	1800	370500	104	1500	1899	117	39	61	92	73	20	26	7	23	36	19	156
30749942_zpid	30749942_zpid	11235	2407 Voorhies Ave, Brooklyn, NY 11235	40.586916	-73.944835	0.124807275886	8	0.660432301926	2	0.787899625348	0	4	1.5	1512	789000	0	1960	1930	48	13	11	31	5	44	30	30	34	5	4	107
30762104_zpid	30762104_zpid	11234	4710 Flatlands Ave, Brooklyn, NY 11234	40.624451	-73.92997	0.162972759429	10	0.262017390997	2	1.7607929339	0	4	4.5	1564	492500	18	6950	1955	96	72	52	84	80	196	124	88	72	20	8	384
79529802_zpid	79529802_zpid	10469	947 E 211th St, Bronx, NY 10469	40.876031	-73.858542	0.195333206043	7	0.636053346398	1	0.682009607955	1	9	6	3487	650000	103	2733	2006	48	4	24	35	22	43	13	6	27	22	16	62
30570474_zpid	30570474_zpid	11231	59 Rapelye St, Brooklyn, NY 11231	40.681076	-74.003994	0.123321788969	13	0.275839951918	4	0.816192886766	0	6	3	3217	1150000	23	1950	1931	29	47	19	41	18	16	41	32	7	11	9	130
30667070_zpid	30667070_zpid	11226	981 Rogers Ave, Brooklyn, NY 11226	40.646209	-73.95172	0.0774956246819	5	0.46120352382	8	0.263970246956	3	5	2	2120	325000	95	1263	1901	312	46	123	137	96	100	38	22	30	61	34	264
83048103_zpid	83048103_zpid	11221	1281 Dekalb Ave, Brooklyn, NY 11221	40.6971745	-73.9265227	0.199813018193	13	0.123354758216	7	0.105911103999	3	4	3	3043	649000	12	1260	2007	137	82	62	88	66	51	30	20	43	36	24	213
30607432_zpid	30607432_zpid	11206	636 Willoughby Ave, Brooklyn, NY 11206	40.69423	-73.943966	0.17308560233	9	0.27984725559	3	0.449266247143	2	3	3	2532	1026473	14	1875	1910	480	136	276	436	228	180	76	148	80	152	92	632
30602774_zpid	30602774_zpid	11221	458 Van Buren St, Brooklyn, NY 11221	40.69133	-73.929987	0.184657180142	10	0.274050556546	3	0.244881765615	2	5	4	2500	1210000	12	2000	1899	190	85	96	127	126	51	36	17	41	53	39	282
30744652_zpid	30744652_zpid	11229	2139 E 19th St, Brooklyn, NY 11229	40.598273	-73.952072	0.297682580653	11	0.227111390491	4	0.345470993577	2	3	3	1452	999000	0	3144	1925	436	132	136	120	204	268	168	100	104	60	24	660
30567005_zpid	30567005_zpid	11217	204 Dean St, Brooklyn, NY 11217	40.685243	-73.985327	0.124840146786	12	0.417645629588	1	0.3991713066	9	4	3	4036	3650000	8	2242	1899	54	80	8	41	14	37	48	20	22	15	14	145
30637121_zpid	30637121_zpid	11207	87 Arlington Ave, Brooklyn, NY 11207	40.680043	-73.891432	0.162978826944	4	0.106774512634	4	0.252408181609	4	5	4	2592	499999	25	1829	1910	111	45	70	82	57	68	51	36	48	37	12	173
30782367_zpid	30782367_zpid	11234	2034 E 74th St, Brooklyn, NY 11234	40.622046	-73.9066069	0.607698050077	1	0.585225806672	1	2.76866857526	0	2	2	1200	404000	21	2000	1925	18	2	8	9	6	25	14	9	17	2	2	47
30623511_zpid	30623511_zpid	11211	156 Powers St, Brooklyn, NY 11211	40.712091	-73.944823	0.132780422374	13	0.154886975118	4	0.282964409997	5	3	2.5	3120	2100000	14	1975	1910	24	82	21	51	29	28	43	5	19	13	14	170
30589003_zpid	30589003_zpid	11215	413A Prospect Ave, Brooklyn, NY 11215	40.66064	-73.984279	0.165937264244	14	0.116143112934	7	0.373821281642	2	5	3	2034	970000	40	1300	1901	56	50	22	43	27	33	44	20	19	8	12	109
30673705_zpid	30673705_zpid	11218	408 E 2nd St, Brooklyn, NY 11218	40.64143	-73.978322	0.202702917672	11	0.167019766557	9	0.312409058646	2	5	4	1504	1150000	0	2500	1930	632	164	216	288	216	260	220	252	112	88	64	784
30643687_zpid	30643687_zpid	11208	82 Fountain Ave, Brooklyn, NY 11208	40.6781689	-73.876353	0.293295985039	12	0.415615676423	6	0.47450087502	5	5	2	1620	480000	145	1867	1899	109	22	60	74	55	48	49	19	48	25	12	200
30772796_zpid	30772796_zpid	11236	704 E 95th St, Brooklyn, NY 11236	40.6512079	-73.912355	0.352286533005	4	0.676394097923	1	1.02186046987	0	4	2.5	2275	450000	13	2000	1960	160	8	64	88	96	152	84	40	24	24	12	360
29846582_zpid	29846582_zpid	10465	263 Kearney Ave, Bronx, NY 10465	40.819224	-73.812766	0.371842949138	4	0.430149577455	1	3.38519311545	0	6	3.5	2813	510000	31	3500	1960	5	11	1	7	2	16	22	10	12	4	9	57
30709846_zpid	30709846_zpid	11228	8202 15th Ave, Brooklyn, NY 11228	40.61374	-74.007469	0.344943233182	13	0.275108588534	2	0.58022646312	1	5	2.5	2320	785000	45	2050	1957	7	12	2	16	0	28	44	44	20	6	3	56
30608600_zpid	30608600_zpid	11221	515A Lexington Ave, Brooklyn, NY 11221	40.689022	-73.941201	0.250344744547	9	0.178261778384	3	0.8837332128	0	8	4	2025	915000	11	1500	1899	840	220	432	592	420	132	136	52	168	224	124	972
30760059_zpid	30760059_zpid	11234	1311 E 48th St, Brooklyn, NY 11234	40.629105	-73.92962	0.210056864875	7	0.63246000708	1	1.57817676559	0	4	2	1540	455000	16	2200	1945	35	12	19	24	12	50	30	22	24	10	2	75
30642697_zpid	30642697_zpid	11208	354 Ridgewood Ave, Brooklyn, NY 11208	40.684507	-73.875451	0.0675587105277	8	0.238689521669	5	0.202835059183	3	5	2	1366	510000	14	1340	1901	83	38	58	72	49	56	40	14	65	38	10	184
30654278_zpid	30654278_zpid	11203	5024 Snyder Ave, Brooklyn, NY 11203	40.649904	-73.929307	0.262584679103	5	0.103784745582	3	1.68951060524	0	5	2	2016	545000	4	2000	1901	199	23	77	65	80	55	37	8	25	36	11	202
30642667_zpid	30642667_zpid	11208	176 Chestnut St, Brooklyn, NY 11208	40.683609	-73.875905	0.0877833839197	8	0.282561621929	6	0.184828848091	2	5	3.5	2250	450000	23	3750	1920	96	35	59	73	48	52	41	15	65	36	11	189
30793485_zpid	30793485_zpid	11229	22 Cyrus Ave, Brooklyn, NY 11229	40.5880186	-73.9253956	0.342090424255	2	1.25965738778	0	2.43445883101	0	2	1	434	180000	27	3600	1925	2	3	2	15	0	1	31	10	20	1	4	36
30695073_zpid	30695073_zpid	11209	521 Bay Ridge Pkwy, Brooklyn, NY 11209	40.6292816	-74.0217874	0.0996659510983	14	0.100698588356	4	0.318650150874	2	2	1	3300	1235000	15	2151	1899	54	24	34	38	27	39	49	49	27	13	6	132
30625005_zpid	30625005_zpid	11206	50 Jefferson St, Brooklyn, NY 11206	40.69839	-73.933264	0.0846540015118	14	0.324576998764	6	0.241105895802	4	2	1	1264	550000	40	2500	1899	71	61	45	45	24	19	26	18	40	20	13	164
30654964_zpid	30654964_zpid	11203	5321 Beverley Rd, Brooklyn, NY 11203	40.646763	-73.9261529	0.40244638702	5	0.5131941529	3	1.83378513302	0	6	4	4000	630000	2	4000	1901	100	18	32	20	30	40	35	8	12	20	10	118
30599727_zpid	30599727_zpid	11233	634 Decatur St, Brooklyn, NY 11233	40.683023	-73.917449	0.0352024397655	7	0.397712776129	4	0.373827458927	3	9	3	3900	725000	14	1950	1899	225	47	154	167	135	30	40	12	57	92	21	268
30730845_zpid	30730845_zpid	11214	221 Bay 35th St, Brooklyn, NY 11214	40.595096	-73.994566	0.386408594798	8	0.628936490044	6	0.71552477133	1	11	4	4800	600000	22	4255	2009	58	4	25	38	22	42	33	19	19	12	3	72
30745440_zpid	30745440_zpid	11229	2245 E 12th St, Brooklyn, NY 11229	40.595214	-73.959241	0.135866569593	10	0.388111146485	6	0.34489151932	2	3	2	1644	680000	20	2400	1920	54	15	9	16	12	28	14	13	9	3	3	54
29784616_zpid	29784616_zpid	10457	2054 Arthur Ave, Bronx, NY 10457	40.848245	-73.8919109	0.286678253413	11	0.368712392065	3	0.668343991908	1	5	2	1168	389000	0	1790	1930	294	59	140	148	126	30	17	15	50	57	24	273
30644431_zpid	30644431_zpid	11208	418 Grant Ave, Brooklyn, NY 11208	40.680378	-73.866908	0.367672008855	9	0.214363260909	9	0.402924529382	4	11	6	3116	565000	131	2050	1923	108	23	50	69	43	50	34	11	83	25	5	190
30716303_zpid	30716303_zpid	11230	935 E 9th St, Brooklyn, NY 11230	40.62609	-73.967107	0.373422945756	6	0.458286990107	4	0.542757028212	2	5	4	2303	2100000	6	4000	1930	468	96	164	204	228	160	172	168	88	68	36	536
29816267_zpid	29816267_zpid	10461	1191 Morris Park Ave, Bronx, NY 10461	40.851309	-73.849298	0.478611839027	5	0.626082408508	1	0.987783382807	0	3	1.5	1703	395200	20	2731	1940	45	12	4	21	9	26	29	12	19	3	3	73
29850574_zpid	29850574_zpid	10464	67 Fordham St, Bronx, NY 10464	40.847048	-73.788402	0.14635142468	3	3.16279671218	0	3.3228982345	0	4	2	1998	417500	73	1785	1956	8	31	4	6	1	2	36	11	5	2	27	48
30770443_zpid	30770443_zpid	11236	1169 E 84th St, Brooklyn, NY 11236	40.632968	-73.905057	0.636929294414	6	0.708158927719	2	1.54741570303	0	4	3	1880	560000	16	2200	1960	188	36	80	112	36	276	124	32	108	24	44	308
29847259_zpid	29847259_zpid	10465	3236 Hatting Pl, Bronx, NY 10465	40.81609	-73.802391	0.801433752032	0	1.35612992528	0	4.21031086601	0	3	2	1665	395000	8	2617	1960	2	1	3	1	0	1	9	6	5	0	0	18
29778895_zpid	29778895_zpid	10451	3194 3rd Ave, Bronx, NY 10451	40.822544	-73.9091614	0.232074978007	8	0.101850824948	10	0.624229439161	3	6	6	4612	480000	120	1698	1910	84	14	34	47	25	7	10	5	14	9	13	65
30639893_zpid	30639893_zpid	11207	416 Van Siclen Ave, Brooklyn, NY 11207	40.669268	-73.889722	0.294234481997	7	0.364734810085	8	0.397385640859	4	7	2	2000	541100	17	1900	1930	548	88	388	416	420	96	152	28	212	188	88	888
29787968_zpid	29787968_zpid	10458	2932 Valentine Ave, Bronx, NY 10458	40.8709	-73.8871039	0.223430765693	9	0.253219435003	6	0.143532113716	4	10	5	2583	539000	8	2000	1899	649	40	127	149	148	40	22	10	51	49	18	236
30587432_zpid	30587432_zpid	11215	627 3rd St, Brooklyn, NY 11215	40.668782	-73.974355	0.386871759783	13	0.520650009124	2	0.574921483506	1	4	3.5	4250	3850000	27	1900	1901	23	30	11	23	10	9	49	28	17	5	6	126
