30620830_zpid	30620830_zpid	11222	145A Diamond St, Brooklyn, NY 11222	40.7273335	-73.9480688	0.0594026385335	15	0.379456472167	4	0.404338228076	2	4	2	1764	733160	60	1800	1901	32	63	19	29	11	32	32	31	19	16	13	162
30773672_zpid	30773672_zpid	11236	1069 E 95th St, Brooklyn, NY 11236	40.644492	-73.904115	0.210639352908	5	0.991249143904	0	0.307446403971	1	4	3	1984	455000	11	2090	1925	196	40	96	140	76	264	108	40	44	88	36	384
30773595_zpid	30773595_zpid	11236	1075 E 93rd St, Brooklyn, NY 11236	40.6436639	-73.9057141	0.224736109822	5	0.962258692007	0	0.466172713281	1	6	3	1500	475000	115	1500	1925	54	10	28	35	18	73	39	8	13	25	9	109
30723316_zpid	30723316_zpid	11223	23 Lake St, Brooklyn, NY 11223	40.603595	-73.972898	0.243667077652	10	0.154380534223	4	0.0618910085631	3	4	3	1400	545000	102	1500	1910	57	26	25	26	19	74	27	87	28	16	1	113
30670249_zpid	30670249_zpid	11210	1424 Flatbush Ave, Brooklyn, NY 11210	40.635808	-73.9512869	0.248070061352	3	0.241825139855	4	0.451959842902	2	2	1	1938	1250000	12	3000	1933	196	34	92	81	79	47	34	20	25	43	6	228
79716559_zpid	79716559_zpid	11221	221 Malcolm X Blvd, Brooklyn, NY 11221	40.6853989	-73.929265	0.085089712172	9	0.146741913743	2	0.683075180274	1	4	2	1200	495000	34	1917	2006	122	35	59	101	70	32	17	4	18	41	20	146
30740048_zpid	30740048_zpid	11223	15 Manhattan Ct, Brooklyn, NY 11223	40.588169	-73.9672779	0.323970719881	6	0.433408745414	1	0.611124086083	1	3	1.5	2013	480000	35	1500	1930	52	10	10	15	5	20	29	27	13	1	5	67
29838277_zpid	29838277_zpid	10466	735 E 237th St, Bronx, NY 10466	40.896998	-73.853725	0.281660978898	3	0.16033307573	2	0.163199900085	3	5	3	2268	448000	16	2450	1950	137	9	60	51	76	66	25	6	33	26	8	147
30766134_zpid	30766134_zpid	11236	109 Branton St, Brooklyn, NY 11236	40.646188	-73.919469	0.300418682731	3	0.958004610168	0	1.48905699707	0	2	1.5	1380	350000	6	1440	1940	8	2	9	11	7	15	13	3	5	6	3	37
30602463_zpid	30602463_zpid	11221	860 Lafayette Ave, Brooklyn, NY 11221	40.691144	-73.938147	0.141432745097	10	0.344888446728	5	0.706893748194	1	4	2.5	3240	880000	20	1800	1899	199	54	100	138	87	36	28	13	41	54	32	228
30755995_zpid	30755995_zpid	11234	1545 Marine Pkwy, Brooklyn, NY 11234	40.614373	-73.94353	0.184801686211	2	0.452145568098	3	1.36371240383	0	5	3	1881	797000	8	1875	1940	5	6	2	10	2	19	11	12	19	3	1	52
29790937_zpid	29790937_zpid	10473	315 Bolton Ave, Bronx, NY 10473	40.811824	-73.85721	0.628482452361	1	1.09863358555	0	2.36022066049	0	3	1	1850	375000	57	2178	1935	40	7	22	29	13	24	11	17	12	21	5	81
30619206_zpid	30619206_zpid	11211	194 S 2nd St, Brooklyn, NY 11211	40.71226	-73.9601239	0.180051787728	17	0.239174026107	5	0.476320391409	3	4	4	2640	3200000	0	3000	1910	500	908	348	536	276	116	188	96	136	124	104	1176
30606754_zpid	30606754_zpid	11206	194 Hopkins St, Brooklyn, NY 11206	40.699366	-73.944929	0.2172151657	10	0.425917332089	6	0.336030706974	4	5	4	2916	980000	10	2067	1994	85	46	34	66	34	45	28	33	21	19	16	173
29796622_zpid	29796622_zpid	10472	2034 Haviland Ave, Bronx, NY 10472	40.829597	-73.855458	0.160464444026	13	0.441715364927	7	0.605695063037	2	5	3	1989	383000	15	2575	1925	91	18	58	62	45	45	32	10	55	24	8	106
30752272_zpid	30752272_zpid	11210	3173 Bedford Ave, Brooklyn, NY 11210	40.625121	-73.95107	0.360829288163	2	0.431745514215	2	0.820279305049	0	3	2	2028	700000	55	1521115.2000000002	1925	62	9	37	25	23	33	25	13	29	6	4	82
29835406_zpid	29835406_zpid	10466	3918 Amundson Ave, Bronx, NY 10466	40.889749	-73.835516	0.479705492142	2	0.380716889106	4	0.425753211968	1	2	1	1118	300000	7	3750	1925	48	6	14	24	4	50	28	13	27	8	3	65
30732218_zpid	30732218_zpid	11224	3752 Bayview Ave, Brooklyn, NY 11224	40.58055	-74.005902	0.434604268473	1	0.487117044684	1	2.08669423825	0	4	2	1520	465000	107	2000	1985	96	28	16	48	16	4	44	8	32	4	8	92
30608002_zpid	30608002_zpid	11205	534 Lafayette Ave, Brooklyn, NY 11205	40.689368	-73.95358	0.188216186459	10	0.260040459734	6	0.179345242679	2	2	1	2880	750000	25	2000	1901	108	40	19	36	19	16	22	20	11	10	13	95
30770672_zpid	30770672_zpid	11236	8817 Stillwell Pl, Brooklyn, NY 11236	40.6354824	-73.9025105	0.349492295705	7	0.511354120871	2	1.24486769598	0	4	3.5	944	170000	223	5720	1899	42	17	23	26	11	58	19	7	20	9	10	94
30676083_zpid	30676083_zpid	11230	734 E 8th St, Brooklyn, NY 11230	40.6330264	-73.9692364	0.414395348315	9	0.174226938025	7	0.590471912333	2	4	4	2200	820000	8	1486	1901	76	36	54	45	47	49	36	37	27	16	10	137
30584747_zpid	30584747_zpid	11215	138 9th St, Brooklyn, NY 11215	40.6722517	-73.9930776	0.426928682762	11	0.479953946178	3	0.344234349674	3	4	3	1700	775000	0	1206	1899	56	152	48	104	28	96	128	92	60	36	20	328
30666140_zpid	30666140_zpid	11226	237 Martense St, Brooklyn, NY 11226	40.651895	-73.951021	0.303772582306	10	0.163163861934	6	0.169200113029	2	3	1	2480	190000	277	3211	1930	454	63	204	219	225	91	33	14	63	75	23	353
79711956_zpid	79711956_zpid	10456	362 E 167th St, Bronx, NY 10456	40.8307982	-73.9120972	0.0385095474771	10	0.229801523261	7	0.619763289134	2	6	3	42	670000	111	2178	2007	452	52	202	217	247	34	35	9	88	90	28	316
30591942_zpid	30591942_zpid	11216	105 1/2 Rogers Ave, Brooklyn, NY 11216	40.6739295	-73.9527568	0.0405437900691	11	0.262356521008	2	0.421492816452	6	1	1	3420	709500	15	1703	1930	344	89	188	220	202	24	40	16	51	72	41	288
30618970_zpid	30618970_zpid	11211	457 Grand St, Brooklyn, NY 11211	40.7113671	-73.9524843	0.102298851597	15	0.330760988312	7	0.275206139178	5	1	1	3567	1400000	137	1781	1910	139	316	93	105	78	42	35	17	32	21	23	288
30580057_zpid	30580057_zpid	11215	412 17th St, Brooklyn, NY 11215	40.65997	-73.985561	0.186471141094	13	0.120520243896	5	0.487751145597	1	3	2	1844	1650412	22	1603	1920	42	45	21	44	23	33	43	15	17	9	13	102
30706440_zpid	30706440_zpid	11228	1139 77th St, Brooklyn, NY 11228	40.621329	-74.011813	0.387631677486	6	0.466966208289	2	1.1111492075	0	3	3	1384	899000	7	2178	1930	7	13	2	21	3	39	46	24	19	2	5	58
30585733_zpid	30585733_zpid	11215	182 13th St, Brooklyn, NY 11215	40.668313	-73.992021	0.098137626593	11	0.403195055946	2	0.297997503368	3	5	7.5	4500	553000	70	2090	1899	73	70	25	56	29	28	57	28	32	17	14	198
30719404_zpid	30719404_zpid	11204	1566 W 6th St, Brooklyn, NY 11204	40.608961	-73.980217	0.221723093094	12	0.219815196923	6	0.353733001749	3	4	3	2883	1250000	9	4000	1935	704	116	192	200	268	280	88	92	60	44	28	516
30589617_zpid	30589617_zpid	11238	795 Bergen St, Brooklyn, NY 11238	40.678221	-73.9616112	0.206924568911	14	0.287152900543	6	0.510610375329	5	5	3	2063	1159000	20	2063	1920	131	173	47	81	62	56	39	45	37	26	26	223
30748571_zpid	30748571_zpid	11235	2425 Brigham St, Brooklyn, NY 11235	40.593905	-73.93361	0.177395837482	8	0.583791260834	3	1.82778106515	0	3	2	1560	475000	0	1999	1955	4	10	6	1	2	1	6	5	2	2	1	33
30727312_zpid	30727312_zpid	11229	1745 E 14th St, Brooklyn, NY 11229	40.607059	-73.95862	0.147911621685	7	0.448028023359	4	0.192289552556	1	4	4	2592	750000	6	1799	1920	524	132	200	204	172	248	156	112	76	64	36	696
68310367_zpid	68310367_zpid	11233	1813 Saint Johns Pl, Brooklyn, NY 11233	40.670026	-73.917343	0.479181967157	9	0.362217605238	5	0.741869031559	1	4	2	3060	490000	1	1197	2005	624	40	320	356	224	36	36	32	76	120	64	424
30723066_zpid	30723066_zpid	11223	1818 W 3rd St, Brooklyn, NY 11223	40.603273	-73.976168	0.132248609054	8	0.28548827663	4	0.321818857079	4	3	3	1478	644000	30	2500	1925	91	26	42	32	31	85	28	50	23	13	7	138
30651855_zpid	30651855_zpid	11203	119 E 54th St, Brooklyn, NY 11203	40.656138	-73.926653	0.226728286151	10	0.396534129102	3	1.01544302075	0	7	2.5	4140	565000	12	2800	1920	165	25	64	69	74	62	32	10	21	27	15	148
30662959_zpid	30662959_zpid	11203	1332 Schenectady Ave, Brooklyn, NY 11203	40.640204	-73.932409	0.188883640447	7	1.09724654156	0	1.35196224467	0	3	2.5	1312	485000	0	2400	1920	37	14	14	22	13	52	30	12	25	15	6	112
30567900_zpid	30567900_zpid	11201	264 Henry St, Brooklyn, NY 11201	40.692338	-73.995734	0.199196326376	14	0.257970245976	4	0.4712892315	6	6	6	5750	5250000	40	2313	1901	244	448	100	216	84	96	268	164	124	40	56	880
30621292_zpid	30621292_zpid	11222	704 Humboldt St, Brooklyn, NY 11222	40.726025	-73.945231	0.10001919512	13	0.360801422839	3	0.53301283968	1	1	1	2090	275000	194	1658	1899	30	51	15	30	10	23	35	20	24	11	10	140
30650526_zpid	30650526_zpid	11212	50 E 95th St, Brooklyn, NY 11212	40.6639399	-73.926535	0.114258229725	13	0.138344775593	7	0.334147596355	1	3	2	3608	625000	44	2700	1930	1444	56	460	456	408	148	48	24	128	208	68	792
30769444_zpid	30769444_zpid	11236	923 E 87th St, Brooklyn, NY 11236	40.638464	-73.907392	0.175499194718	6	0.45110272977	2	1.0248639623	0	3	2	1152	430000	26	1056	1920	41	7	26	20	11	85	33	15	25	15	8	112
30747775_zpid	30747775_zpid	11235	2431 E 13th St, Brooklyn, NY 11235	40.591209	-73.956557	0.195952844342	13	0.416091852694	4	0.464631542588	2	4	2.5	3600	675500	90	40	1981	40	14	7	23	13	32	28	23	16	6	2	66
30574318_zpid	30574318_zpid	11232	212 30th St, Brooklyn, NY 11232	40.656464	-73.999377	0.290402010299	5	0.45454077386	1	0.451087451685	2	3	2	1530	595000	39	2003	1910	23	31	12	16	11	9	26	14	13	1	8	63
30790018_zpid	30790018_zpid	11235	196 Brighton 10th St, Brooklyn, NY 11235	40.581206	-73.9577429	0.25520333594	10	0.174217509445	9	0.494644960203	2	4	2	1848	450000	16	2400	1930	241	54	67	88	58	73	52	28	47	31	24	234
30789485_zpid	30789485_zpid	11235	248 Ocean View Ave, Brooklyn, NY 11235	40.578693	-73.965171	0.183221578289	7	0.227962427849	7	0.348571336937	2	4	3	2000	350000	4	2003	1925	496	200	304	404	252	220	168	80	188	96	96	1016
29839161_zpid	29839161_zpid	10470	4543 Bronx Blvd, Bronx, NY 10470	40.902735	-73.855879	0.3100971117	5	0.49322184179	2	0.423846693002	3	3	1.5	1224	350000	4	2526	1990	101	12	26	35	22	21	7	4	12	20	3	74
30673713_zpid	30673713_zpid	11218	424 E 2nd St, Brooklyn, NY 11218	40.640996	-73.978239	0.230602457333	11	0.199859263022	12	0.360101987739	2	4	1.5	1669	138000	3	2500	1930	149	42	52	69	53	74	56	66	27	22	15	200
30625710_zpid	30625710_zpid	11221	1269 Dekalb Ave, Brooklyn, NY 11221	40.696948	-73.926818	0.229433053449	14	0.156252123111	6	0.112371041679	4	5	2	2268	1100000	0	1999	1930	536	352	244	356	244	204	132	76	168	152	116	860
30718034_zpid	30718034_zpid	11230	1411 E 4th St, Brooklyn, NY 11230	40.616121	-73.971002	0.0519606453177	7	0.120847096669	3	0.291233212685	2	6	4	4158	1520000	0	2700	1930	176	32	64	96	80	192	176	96	92	20	20	292
30791475_zpid	30791475_zpid	11235	1716 Shore Blvd, Brooklyn, NY 11235	40.580618	-73.937442	1.00144787805	0	1.20854625333	0	1.57634080689	0	3	2.5	1774	995000	3	2400	1950	11	7	6	14	8	14	18	4	20	3	1	37
30700449_zpid	30700449_zpid	11209	317 90th St, Brooklyn, NY 11209	40.620869	-74.0314197	0.196057116682	16	0.141771922268	6	0.325796629749	2	3	2	750	435000	24	669	1930	92	59	40	53	32	62	32	26	14	9	6	232
30637730_zpid	30637730_zpid	11207	51 Van Siclen Ave, Brooklyn, NY 11207	40.679176	-73.891684	0.133108599596	4	0.102026008893	4	0.155517579253	5	3	2	1693	170000	115	2500	1901	468	184	308	380	252	324	212	168	196	144	52	752
30746200_zpid	30746200_zpid	11229	2273 E 26th St, Brooklyn, NY 11229	40.596162	-73.944641	0.319380186657	8	0.348558950934	4	0.895052720302	0	2	2	1500	530000	54	1600	1940	52	64	32	76	32	88	120	92	76	16	12	316
29790026_zpid	29790026_zpid	10473	403 Harding Park, Bronx, NY 10473	40.806066	-73.8577509	1.1376581239	0	1.73312477274	0	2.95176343393	0	3	1.5	1980	47000	242	3358	1945	40	24	40	36	24	20	32	20	16	16	8	124
30605536_zpid	30605536_zpid	11233	445 Macdonough St, Brooklyn, NY 11233	40.683015	-73.928208	0.225369961269	7	0.314367037589	3	0.458776321472	2	3	4	2691	1550000	9	1758	1899	536	276	392	480	284	60	56	48	196	160	92	760
30693209_zpid	30693209_zpid	11209	99 72nd St, Brooklyn, NY 11209	40.635259	-74.033334	0.147283969034	8	0.506209368138	2	0.841768145721	0	5	4	2880	1185000	7	2000	1925	114	8	14	23	21	38	26	92	20	4	2	77
30736197_zpid	30736197_zpid	11223	2113 E 4th St, Brooklyn, NY 11223	40.59872	-73.967699	0.378117964442	4	0.41878661131	4	0.562315907842	2	3	3	2072	1836000	0	2000	1935	42	17	13	30	11	32	31	61	20	6	4	83
83049069_zpid	83049069_zpid	11201	184 Joralemon St, Brooklyn, NY 11201	40.6924507	-73.9919596	0.130114830894	19	0.125034842652	5	0.152742873171	9	1	1	1000	10756000	56	2694	1910	61	111	24	60	16	13	74	43	35	12	11	272
30608244_zpid	30608244_zpid	11216	720 Marcy Ave, Brooklyn, NY 11216	40.689245	-73.948269	0.318521987891	13	0.437790519053	5	0.291831151854	2	9	6	2331	1650000	11	1466	1931	122	58	65	96	73	24	25	10	30	36	25	169
30741923_zpid	30741923_zpid	11229	1925 E 17th St, Brooklyn, NY 11229	40.603009	-73.954926	0.604010271503	8	0.415815262332	5	0.421497078093	2	8	7	2560	1175000	9	2500	1905	576	160	164	168	216	360	228	84	64	48	12	568
29826611_zpid	29826611_zpid	10467	785 E 211th St, Bronx, NY 10467	40.87769	-73.862294	0.349259801887	5	0.276545658157	2	0.345542422607	3	6	2	2620	215000	275	3402	1960	154	15	66	65	48	44	18	3	24	30	12	145
55677699_zpid	55677699_zpid	11234	15 Bergen Beach Pl, Brooklyn, NY 11234	40.622464	-73.914827	0.330820204393	5	0.74006398656	1	2.90741826801	0	3	4	1400	520000	53	2454	1999	22	4	8	10	4	55	27	24	21	5	9	108
30786064_zpid	30786064_zpid	11234	2050 Kimball St, Brooklyn, NY 11234	40.610515	-73.927628	0.217795786791	2	0.936951128889	0	2.55931931086	0	3	1	838	370000	19	2500	1925	7	9	2	6	1	26	25	21	18	0	6	76
30663927_zpid	30663927_zpid	11210	1519 New York Ave, Brooklyn, NY 11210	40.635716	-73.944725	0.426838987708	2	0.414670616764	3	0.404362337768	2	4	2	3619	770000	5	3998	1910	316	26	178	165	156	65	41	14	39	67	7	328
30721772_zpid	30721772_zpid	11223	1788 W 5th St, Brooklyn, NY 11223	40.603948	-73.978202	0.225810250225	8	0.139675729602	3	0.181816763047	4	5	3.5	1878	875000	17	3033	1920	104	29	49	28	38	100	30	49	24	15	6	123
30631350_zpid	30631350_zpid	11207	17 Fanchon Pl, Brooklyn, NY 11207	40.679015	-73.898605	0.245625702903	3	0.489627880967	2	0.225237320803	9	2	2	1875	615000	96	2500	1910	44	14	29	26	17	29	32	29	18	18	5	104
2122907769_zpid	2122907769_zpid	11235	3032 Brighton 7th St, Brooklyn, NY 11235	40.57897	-73.961293	0.118692789521	10	0.135105208691	7	0.145300575877	2	16	3.5	4200	480000	41	2500	1930	856	280	296	428	256	316	204	108	200	136	112	1188
29785834_zpid	29785834_zpid	10457	2047 Anthony Ave, Bronx, NY 10457	40.8522135	-73.9025872	0.0326584836607	9	0.15942735408	9	0.299523965101	5	4	2	1240	499000	0	1006	1901	409	41	198	198	188	24	20	9	63	65	28	268
30634413_zpid	30634413_zpid	11212	447 Mother Gaston Blvd, Brooklyn, NY 11212	40.668154	-73.9061229	0.179097317332	7	0.126613946025	11	0.375355788685	4	2	3	2000	629000	0	2500	1930	62	11	21	26	21	10	23	5	10	10	11	85
30744990_zpid	30744990_zpid	11229	2136 E 28th St, Brooklyn, NY 11229	40.599252	-73.943928	0.240832532756	6	0.0969263187545	3	1.01436992387	0	4	2	1782	300000	81	3005	1940	19	17	9	15	9	14	36	13	20	3	5	111
30726284_zpid	30726284_zpid	11230	1529 E 12th St, Brooklyn, NY 11230	40.6119119	-73.961405	0.320776567763	7	0.169177771388	6	0.471057030535	2	6	1.5	2144	1412500	16	3000	1940	136	60	64	112	80	252	88	112	108	24	8	368
30719336_zpid	30719336_zpid	11204	1568 W 7th St, Brooklyn, NY 11204	40.6088465	-73.9810786	0.18451565079	10	0.209508310386	6	0.344264951146	3	4	3	1240	172000	237	1150	1930	680	112	156	180	244	268	84	100	56	40	28	488
30592732_zpid	30592732_zpid	11216	181 Rogers Ave # A, Brooklyn, NY 11216	40.671131	-73.952878	0.228654920706	13	0.255846622469	3	0.235278248089	5	3	2	2673	400500	16	1520	1910	220	60	115	130	124	19	33	8	32	45	29	193
30642256_zpid	30642256_zpid	11208	421 Ridgewood Ave, Brooklyn, NY 11208	40.685493	-73.8733139	0.237518179825	5	0.153834774169	4	0.258994840804	3	5	2	3300	573000	119	1742	1910	102	41	69	91	59	76	36	19	68	45	10	210
30670743_zpid	30670743_zpid	11218	107 Seeley St, Brooklyn, NY 11218	40.6540082	-73.9784105	0.215821912935	8	0.315202089685	3	0.519525053818	2	6	2.5	3725	580000	146	2850	1925	5	14	12	14	6	21	18	25	14	0	2	45
83046480_zpid	83046480_zpid	11216	245 Tompkins Ave, Brooklyn, NY 11216	40.6908027	-73.945243	0.269720561081	10	0.317207067593	5	0.544811409548	2	6	6	3660	1495000	0	1250	2006	260	92	104	168	136	48	44	20	60	80	56	256
29833639_zpid	29833639_zpid	10466	1019 E 229th St # A, Bronx, NY 10466	40.887802	-73.8494141	0.303104320245	7	0.207265377253	3	0.905582904148	0	3	2	1392	477000	121	1751	1950	72	10	40	26	21	81	18	5	31	15	12	73
30732767_zpid	30732767_zpid	11224	4015 Sea Gate Ave, Brooklyn, NY 11224	40.5771082	-74.0054242	0.503236497598	1	0.298121798392	1	2.04567473219	0	6	3	1960	699000	0	3000	1925	49	15	15	43	13	4	22	3	16	13	2	56
30637770_zpid	30637770_zpid	11207	2821 Fulton St, Brooklyn, NY 11207	40.678398	-73.890482	0.138014701206	5	0.178638958291	5	0.117931015462	5	6	2	1800	529000	0	1868	1901	119	42	79	100	63	101	51	38	54	36	14	209
30776787_zpid	30776787_zpid	11236	1172 E 105th St, Brooklyn, NY 11236	40.642766	-73.889767	0.630066672175	3	0.594134378303	4	1.10857261355	0	4	2	1760	439900	126	2833	1960	26	2	14	16	12	21	10	5	14	8	6	55
2107575748_zpid	2107575748_zpid	10458	2806 Pond Pl, Bronx, NY 10458	40.8676904	-73.8879617	0.154331289351	8	0.129060835412	6	0.427620721647	5	6	2	3720	475000	0	4088	1910	750	75	201	220	256	46	23	6	73	61	27	324
30568286_zpid	30568286_zpid	11201	128 Pacific St, Brooklyn, NY 11201	40.68962	-73.9956629	0.085058958103	15	0.158617800873	4	0.559012397791	4	7	4	4670	3950000	7	2500	1900	59	81	23	66	18	31	69	41	33	12	6	188
30780489_zpid	30780489_zpid	11234	1225 E 72nd St, Brooklyn, NY 11234	40.626204	-73.9135529	0.700691124098	1	0.612871814005	1	2.48187965947	0	8	3.5	3328	696000	25	2100	1970	21	3	11	9	8	46	11	20	15	7	6	65
30607193_zpid	30607193_zpid	11206	240 Vernon Ave, Brooklyn, NY 11206	40.695199	-73.942049	0.112980629042	10	0.114094702571	4	0.568747997133	3	3	1	1100	425000	90	2000	1931	115	39	60	92	54	53	20	36	17	36	23	152
29831655_zpid	29831655_zpid	10466	665 E 223rd St, Bronx, NY 10466	40.887004	-73.862458	0.212353482623	5	0.156836777948	1	0.211147706718	2	6	2	2920	530000	0	2286	1960	258	17	82	111	100	56	19	5	31	59	11	171
29834428_zpid	29834428_zpid	10466	1157 E 224th St, Bronx, NY 10466	40.8827423	-73.8475222	0.145714005771	7	0.183494701851	4	0.875929235775	0	5	3	1620	410000	0	2299	1950	112	40	60	32	36	132	32	4	88	28	8	140
30732170_zpid	30732170_zpid	11214	133 Bay 53rd St, Brooklyn, NY 11214	40.582669	-73.98714	0.654103929449	2	0.183147367159	1	0.743952389046	1	1	2	640	399000	0	2000	1920	3	4	5	12	3	8	7	7	5	2	1	13
30669299_zpid	30669299_zpid	11230	1909 Foster Ave, Brooklyn, NY 11230	40.636073	-73.959237	0.223505994343	12	0.255191769971	6	0.320015019731	2	6	3	3021	655000	60	7500	1925	44	10	35	36	39	17	10	4	6	9	1	44
30695075_zpid	30695075_zpid	11209	517 Bay Ridge Pkwy, Brooklyn, NY 11209	40.629368	-74.021895	0.0865410817161	14	0.0923129990078	5	0.308235468204	2	3	1	1200	830000	24	2003	1899	51	23	35	41	28	41	50	49	27	15	6	134
30610005_zpid	30610005_zpid	11221	352 Marcus Garvey Blvd, Brooklyn, NY 11221	40.684966	-73.938747	0.253977251566	10	0.229859291094	7	0.58920223787	1	3	1	1100	302420	141	1900	1900	584	116	320	348	236	60	96	32	140	160	48	596
30602112_zpid	30602112_zpid	11221	1083 Dekalb Ave, Brooklyn, NY 11221	40.693761	-73.932215	0.146751721748	11	0.379726808272	3	0.2908203627	3	5	3.5	1291	86500	163	1306	1899	556	352	300	384	368	200	140	76	112	180	152	932
29847218_zpid	29847218_zpid	10465	3085 Hatting Pl, Bronx, NY 10465	40.814424	-73.807213	0.792830462525	0	1.05751549866	0	4.09284356815	0	3	2	1741	345000	3	3001	1930	1	5	1	1	0	3	19	7	7	1	2	25
30781614_zpid	30781614_zpid	11234	2071 Pearson St, Brooklyn, NY 11234	40.613024	-73.918401	0.266481133488	4	0.892877010495	0	3.31182386383	0	7	5	3682	625000	21	2150	1970	11	7	9	9	7	29	14	12	14	4	5	70
30683744_zpid	30683744_zpid	11219	959 43rd St, Brooklyn, NY 11219	40.642949	-73.995752	0.0900202377186	6	0.0689071307506	4	0.257678386368	3	7	2.5	2400	1250000	7	2604	1925	272	44	168	248	208	156	144	196	120	88	20	488
30580567_zpid	30580567_zpid	11218	585 20th St, Brooklyn, NY 11218	40.654814	-73.980639	0.422107525933	8	0.339686007075	3	0.651510216806	2	3	2.5	1728	1300000	10	1828	1930	1	11	8	8	4	13	13	16	7	0	2	27
30773750_zpid	30773750_zpid	11236	9802 Farragut Rd, Brooklyn, NY 11236	40.647107	-73.902779	0.121522659958	4	0.647301982804	1	0.093272720248	2	5	2	1784	499000	13	2000	1951	40	7	24	31	16	62	19	10	8	18	8	80
30571081_zpid	30571081_zpid	11217	162 Bergen St, Brooklyn, NY 11217	40.6854051	-73.9874747	0.14362402063	14	0.375091908691	2	0.297559280106	5	5	3.5	3520	4375000	14	2183	1899	23	54	5	33	10	29	38	12	12	9	9	90
30728525_zpid	30728525_zpid	11229	1957 E 21st St, Brooklyn, NY 11229	40.605018	-73.951119	0.634242661723	6	0.638573042742	5	0.697108750491	1	4	4	2400	1500000	16	4000	1920	101	23	33	36	38	69	58	28	20	11	3	127
30636747_zpid	30636747_zpid	11207	47 Barbey St, Brooklyn, NY 11207	40.682163	-73.889828	0.386130107925	5	0.322637160393	4	0.502734059756	2	5	4	2000	396700	96	1642	1931	69	32	42	48	32	50	38	28	37	17	6	104
30664031_zpid	30664031_zpid	11210	3524 Farragut Rd, Brooklyn, NY 11210	40.636376	-73.942372	0.488472575969	1	0.504340005165	3	0.594553445943	2	3	1.5	1480	318000	65	1900	1935	222	13	137	119	129	48	23	7	38	40	6	228
30619194_zpid	30619194_zpid	11211	152 S 2nd St, Brooklyn, NY 11211	40.712872	-73.961719	0.0511537892779	12	0.331783269622	4	0.599792883279	2	3	1	2890	50000	49	1813	1910	115	217	79	131	58	24	40	20	35	30	23	256
30783165_zpid	30783165_zpid	11234	2367 E 74th St, Brooklyn, NY 11234	40.6166449	-73.9001868	0.879828231293	0	0.782282705197	0	3.34355144026	0	4	2.5	3582	995000	66	4000	2008	2	13	2	6	0	4	16	9	11	1	3	41
29777189_zpid	29777189_zpid	10454	299 E 139th St, Bronx, NY 10454	40.811119	-73.925003	0.142481006329	2	0.211872242194	5	0.173260169831	3	6	4	3300	410000	76	23086.800000000003	1886	92	21	36	42	27	9	9	8	19	14	10	129
29826527_zpid	29826527_zpid	10467	712 E 211th St, Bronx, NY 10467	40.877466	-73.8650059	0.207189078842	7	0.100391468483	2	0.117187624372	4	4	3	2262	430000	63	1001	1930	204	13	76	71	68	45	26	3	37	31	17	153
30602990_zpid	30602990_zpid	11221	91 Malcolm X Blvd, Brooklyn, NY 11221	40.6906139	-73.930313	0.256383261762	9	0.35298090324	3	0.328992776417	2	4	3	2200	900000	18	1600	1899	199	73	104	136	118	56	33	18	36	63	41	284
2109578921_zpid	2109578921_zpid	11204	1612 73rd St, Brooklyn, NY 11204	40.6170936	-73.9992125	0.10562130806	9	0.305499961281	4	0.279343150334	2	4	3.5	4000	1025000	10	1867	1931	9	12	6	25	7	23	13	15	10	2	2	41
29851879_zpid	29851879_zpid	10463	3061 Scenic Pl, Bronx, NY 10463	40.8848252	-73.9201652	0.705297490908	1	0.921932715575	0	0.740504685355	1	5	4	48	2550000	2	12632.4	1915	12	5	2	8	6	6	21	5	5	0	0	11
30664800_zpid	30664800_zpid	11225	60 Midwood St, Brooklyn, NY 11225	40.659395	-73.95859	0.169993927838	13	0.281267293163	6	0.395734437152	2	6	4	3800	2100000	8	2000	1901	396	108	177	150	159	20	45	22	53	47	13	264
30713500_zpid	30713500_zpid	11214	140 Bay 32nd St, Brooklyn, NY 11214	40.598428	-73.995362	0.140984279348	7	0.340675667823	7	0.410048264219	3	3	1.5	3388	371300	97	2900	1965	524	80	164	200	132	372	168	88	92	56	24	512
