30674476_zpid	30674476_zpid	11218	513 E 3rd St, Brooklyn, NY 11218	40.639593	-73.976393	0.414114627681	10	0.201187115932	10	0.417719416934	2	4	2	1786	830000	2	2000	1925	228	64	79	93	53	84	40	75	35	20	10	241
30644934_zpid	30644934_zpid	11208	184 Fountain Ave, Brooklyn, NY 11208	40.675666	-73.875722	0.203971145874	9	0.166613532161	5	0.30697534851	3	2	1	800	129000	86	2000	1920	162	21	81	93	66	54	52	9	42	46	15	187
30701470_zpid	30701470_zpid	11209	313 94th St, Brooklyn, NY 11209	40.61791	-74.032682	0.176888137957	11	0.15979792075	5	0.228388143487	2	5	2	2000	1099000	0	2600	1915	128	43	31	36	32	81	45	29	6	10	8	177
30589986_zpid	30589986_zpid	11238	108 Underhill Ave, Brooklyn, NY 11238	40.677325	-73.966106	0.214367537662	14	0.232320087097	6	0.460560298866	4	3	3	2580	380000	197	1140	1800	168	154	65	86	82	31	49	39	48	35	14	227
30611877_zpid	30611877_zpid	11205	487 Myrtle Ave, Brooklyn, NY 11205	40.6936417	-73.9656259	0.0153521605607	11	0.336620165949	4	0.57794054369	2	3	3	2800	1600000	22	1680	1958	54	100	33	30	30	50	19	22	25	19	19	175
29789779_zpid	29789779_zpid	10470	4402 Katonah Ave, Bronx, NY 10470	40.90214	-73.867765	0.232397661338	2	0.532878213368	1	0.857872169032	0	4	3	2110	405000	33	2134	1915	35	11	6	6	9	20	10	13	10	4	3	51
30585842_zpid	30585842_zpid	11215	309 14th St, Brooklyn, NY 11215	40.665402	-73.986709	0.185755558795	20	0.224361462169	6	0.520398898138	4	5	2	1920	1410000	25	1642	1901	82	88	26	67	26	45	69	24	28	23	17	221
29854473_zpid	29854473_zpid	10471	4970 Independence Ave, Bronx, NY 10471	40.898412	-73.910704	0.987818645623	0	0.972328332856	0	0.683538470812	1	8	4	8600	3800000	0	35719.2	1899	0	0	1	5	1	1	24	1	4	0	0	8
30599052_zpid	30599052_zpid	11221	111 Ralph Ave APT 4, Brooklyn, NY 11221	40.686177	-73.923103	0.19496242946	9	0.537007344331	3	0.390764375965	2	3	1	1100	651900	39	1440	1905	144	49	73	111	78	26	16	6	31	44	24	162
30778892_zpid	30778892_zpid	11236	1629 E 91st St, Brooklyn, NY 11236	40.631821	-73.8949109	0.394091733587	7	0.146476329922	4	1.75215630732	0	3	2.5	1344	350000	6	1999	1925	33	7	15	16	6	36	17	14	16	7	3	55
30747352_zpid	30747352_zpid	11229	2365 E 27th St, Brooklyn, NY 11229	40.594028	-73.943298	0.207329602614	11	0.195767495258	4	1.01188641315	0	3	2	2256	590000	17	2450	1940	16	28	12	56	12	56	84	68	48	0	4	180
30573624_zpid	30573624_zpid	11215	164 17th St, Brooklyn, NY 11215	40.6652609	-73.9941318	0.101358168207	11	0.612343770925	2	0.107732906147	3	6	4	2800	1101000	47	2000	1910	37	40	11	26	19	17	43	7	22	10	7	124
30733957_zpid	30733957_zpid	11224	4623 Beach 46th St, Brooklyn, NY 11224	40.575923	-74.011179	0.364573218417	1	0.79988332826	0	2.53746242632	0	4	2.5	2504	499950	51	2557	1960	10	6	3	15	3	0	10	0	4	1	0	14
30614878_zpid	30614878_zpid	11205	32 N Portland Ave, Brooklyn, NY 11205	40.697121	-73.976868	0.395136494944	4	0.492130422631	2	0.890829632693	0	8	6	4000	502000	30	1693	1899	18	13	5	15	13	22	4	18	1	11	5	45
29792488_zpid	29792488_zpid	10473	634 Underhill Ave, Bronx, NY 10473	40.818528	-73.859146	0.500841144841	2	0.343893976627	1	1.6116559102	0	5	3	2600	555000	4	2000	1970	63	12	22	36	17	27	17	12	20	14	10	94
30699956_zpid	30699956_zpid	11209	256 87th St, Brooklyn, NY 11209	40.622731	-74.032388	0.115558419525	13	0.328771321595	6	0.337162552946	2	3	2.25	1505	875000	8	3000	1940	89	42	34	52	20	57	31	21	16	7	3	177
83048090_zpid	83048090_zpid	11213	1552 Pacific St, Brooklyn, NY 11213	40.676755	-73.9379189	0.300299639882	9	0.336546340487	6	0.431020754462	2	3	2	3120	402799	16	2143	2004	164	39	72	78	68	33	27	8	31	33	12	167
30572201_zpid	30572201_zpid	11231	399A Union St, Brooklyn, NY 11231	40.681192	-73.992034	0.299325075604	12	0.359302479323	3	0.20087004044	2	1	1	800	410000	311	1740	1899	19	36	7	38	11	16	40	33	22	4	2	131
29784373_zpid	29784373_zpid	10458	506 E 183rd St, Bronx, NY 10458	40.854669	-73.892391	0.0187239427448	12	0.374436825595	6	0.720702226004	1	6	3	2816	330000	140	1316	1901	346	63	130	144	141	18	27	10	32	48	21	215
29843760_zpid	29843760_zpid	10465	1452 Ohm Ave, Bronx, NY 10465	40.842986	-73.821109	0.733506947682	1	0.443822123243	1	1.05477560338	0	5	2	3234	567500	2	2725	1965	2	11	4	4	0	13	31	14	6	0	1	34
30779288_zpid	30779288_zpid	11236	1441 E 99th St, Brooklyn, NY 11236	40.635925	-73.888897	0.233562865849	4	0.292173652564	3	1.61975039956	0	4	2	1560	428000	134	2800	1960	19	9	18	12	2	17	10	10	14	6	1	56
30764896_zpid	30764896_zpid	11234	1351 E 58th St, Brooklyn, NY 11234	40.621437	-73.919109	0.223605770997	10	0.715783092516	1	2.72425313863	0	3	1.5	1184	262000	157	2000	1920	7	7	7	7	10	38	28	21	21	8	9	112
30731904_zpid	30731904_zpid	11214	1837 Shore Pkwy, Brooklyn, NY 11214	40.591653	-73.993439	0.117710762179	1	0.842705708736	0	0.875163771457	0	4	2	1	575000	61	1536	1955	12	5	7	13	3	23	29	18	16	3	2	52
29847488_zpid	29847488_zpid	10465	3094 Fearn Pl, Bronx, NY 10465	40.811563	-73.804143	1.16694187469	0	1.45168069059	0	4.50283152626	0	3	2	1264	395000	0	1742	1935	1	5	1	2	0	3	5	11	2	0	1	13
29840046_zpid	29840046_zpid	10470	4716 Richardson Ave, Bronx, NY 10470	40.904204	-73.85074	0.282611854587	5	0.0381587880436	2	0.120537319153	3	5	3	1745	350000	17	5000	1915	113	14	65	61	60	26	21	6	24	24	4	128
30768827_zpid	30768827_zpid	11236	8818 Glenwood Rd, Brooklyn, NY 11236	40.640912	-73.908411	0.175529181356	6	0.581287819327	1	0.845985524651	0	2	1	1	76500	209	1880	1920	46	6	25	20	12	76	28	12	22	14	8	115
29847408_zpid	29847408_zpid	10465	3205 Tierney Pl, Bronx, NY 10465	40.814296	-73.8017179	0.992198600184	0	1.47633207355	0	4.39647324935	0	3	2	1332	365000	7	2583	1955	0	0	0	0	0	3	10	4	3	0	0	10
29783251_zpid	29783251_zpid	10459	1389 Bristow St, Bronx, NY 10459	40.8327751	-73.895239	0.201325212395	4	0.149484961894	7	0.410009418369	1	6	3	2700	440000	16	1435	1901	143	71	65	83	73	24	14	3	18	37	13	137
30739381_zpid	30739381_zpid	11223	2467 West St, Brooklyn, NY 11223	40.588995	-73.969636	0.201855250776	5	0.347257097486	1	0.396202105078	1	4	3	3114	965000	14	4600	1930	81	15	16	20	10	32	39	36	15	4	6	105
30601033_zpid	30601033_zpid	11233	105 Somers St, Brooklyn, NY 11233	40.679235	-73.908663	0.301488317384	5	0.285712138903	4	0.196308787934	8	5	3.5	2192	890000	6	1298	1910	205	22	139	167	117	39	37	17	50	76	26	186
30723038_zpid	30723038_zpid	11223	217 Avenue S, Brooklyn, NY 11223	40.6014628	-73.9773561	0.292439893642	6	0.424643906558	4	0.37304298979	4	3	2.5	1332	550000	11	1875	1920	64	25	38	28	29	87	28	61	27	11	6	115
30658943_zpid	30658943_zpid	11203	223 E 37th St, Brooklyn, NY 11203	40.6516779	-73.942609	0.10096853242	3	0.486582858095	3	0.595622300232	1	4	2	1479	420000	121	2000	1920	121	21	76	84	60	70	20	10	27	38	6	122
30690547_zpid	30690547_zpid	11219	1413 Bay Ridge Ave, Brooklyn, NY 11219	40.622279	-74.001146	0.207674432905	8	0.308127067728	2	0.356158361956	3	5	2	1684	660000	30	1466	1920	172	32	52	60	36	160	112	112	40	24	28	308
29845406_zpid	29845406_zpid	10465	4167 E Tremont Ave, Bronx, NY 10465	40.818603	-73.816511	0.0975345414163	4	0.148023943802	1	3.25193201581	0	4	2	1835	487000	5	3449	1961	9	8	5	10	7	20	14	8	12	4	9	64
29785093_zpid	29785093_zpid	10457	715 Oakland Pl, Bronx, NY 10457	40.847292	-73.888683	0.0960941111966	11	0.30118853491	2	0.92910257616	0	6	2	2106	529000	0	3036	1920	249	52	127	135	119	23	12	5	49	53	25	217
89072072_zpid	89072072_zpid	11203	198 E 40th St, Brooklyn, NY 11203	40.6507366	-73.9402501	0.130844033674	3	0.475952234901	2	0.787646283345	0	8	5.5	4160	700100	3	2000	1931	120	20	82	79	71	67	16	6	27	32	6	120
30772184_zpid	30772184_zpid	11236	1426 E 85th St, Brooklyn, NY 11236	40.62901	-73.90019	0.83765700867	0	0.54386703891	1	1.9691204054	0	5	2.5	2760	525000	137	2000	1960	40	7	18	19	9	42	20	9	24	6	8	58
30735468_zpid	30735468_zpid	11223	2044 W 6th St, Brooklyn, NY 11223	40.597685	-73.978092	0.137896221295	4	0.123363893005	4	0.0914267376596	5	5	4	2312	650000	46	2000	1925	176	84	56	128	40	208	88	192	112	32	20	376
64708133_zpid	64708133_zpid	11208	764 Wortman Ave, Brooklyn, NY 11208	40.66386	-73.865887	0.493332314359	1	0.14517625963	4	1.38543024032	0	6	5	3120	52026	144	1900	2004	21	4	6	11	3	9	18	4	6	6	1	48
30665383_zpid	30665383_zpid	11225	177 Winthrop St, Brooklyn, NY 11225	40.657063	-73.954308	0.0974755064297	13	0.297826561526	8	0.364156823936	3	3	1.5	2324	1250000	14	2438	1901	900	184	524	420	272	132	132	52	168	156	28	640
30779185_zpid	30779185_zpid	11236	1585 E 96th St, Brooklyn, NY 11236	40.634714	-73.891692	0.228792669702	6	0.247272970846	4	1.58205553653	0	4	1	1088	302100	4	1650	1910	33	9	16	22	3	38	13	17	12	7	1	52
30712640_zpid	30712640_zpid	11214	21 Bay 32nd St, Brooklyn, NY 11214	40.60034	-73.992655	0.215942538997	9	0.119689340272	8	0.201515108232	3	8	3	3600	1160000	31	3920	1930	155	21	39	65	47	90	43	32	26	14	8	158
30633918_zpid	30633918_zpid	11207	2531 Atlantic Ave, Brooklyn, NY 11207	40.6758499	-73.900987	0.295383451474	2	0.684324212705	1	0.154008351188	8	6	3	3000	300000	19	1891	1910	19	7	18	28	22	8	21	9	12	7	3	54
30753708_zpid	30753708_zpid	11210	3606 Avenue K, Brooklyn, NY 11210	40.624804	-73.940388	0.238238211556	3	0.679322776555	2	1.08399248212	0	3	2	1392	400000	55	1805	1925	79	11	29	37	24	69	43	20	27	13	10	89
30595924_zpid	30595924_zpid	11213	145 Rochester Ave, Brooklyn, NY 11213	40.6743219	-73.927498	0.256023977928	8	0.583377634453	5	0.624056223052	2	7	2	2850	490000	31	1900	1910	173	17	103	115	91	25	13	3	26	33	15	173
29814309_zpid	29814309_zpid	10462	1013 Pierce Ave, Bronx, NY 10462	40.8452838	-73.8534687	0.278693467306	9	0.365503092692	1	1.06671656522	0	4	2	2420	540000	2	2204	1955	15	13	9	13	7	23	19	17	14	5	2	47
30668250_zpid	30668250_zpid	11226	517 Rugby Rd, Brooklyn, NY 11226	40.637095	-73.964294	0.174797476942	7	0.239081322628	7	0.257473237409	2	5	3.5	2600	1075000	55	4000	1905	123	25	53	53	55	21	15	10	14	17	3	96
29826256_zpid	29826256_zpid	10467	3605 Olinville Ave, Bronx, NY 10467	40.880069	-73.867382	0.156040523548	5	0.254312908651	3	0.29338814628	3	3	1	2327	262000	17	2450	1910	237	21	83	95	83	34	27	8	27	27	19	166
30793070_zpid	30793070_zpid	11229	2425 Gerritsen Ave, Brooklyn, NY 11229	40.5981359	-73.930572	0.525191078393	5	0.452185969718	1	2.10315650086	0	3	3	1672	540000	24	2033	1950	16	17	1	7	2	9	22	8	16	3	2	39
29828199_zpid	29828199_zpid	10469	1026 E 216TH St, Bronx, NY 10469	40.878297	-73.854802	0.433997354192	8	0.623027429933	1	0.907817278115	0	4	3	2605	528471	22	2613	2008	85	8	42	71	55	64	11	7	30	24	16	108
30630657_zpid	30630657_zpid	11207	87 Cooper St # A, Brooklyn, NY 11207	40.6860519	-73.909408	0.311906353796	11	0.342157664864	3	0.362604563052	4	5	3	3000	575000	24	3000	1899	139	34	125	159	91	30	39	17	41	67	28	224
29835072_zpid	29835072_zpid	10466	3720 Rombouts Ave, Bronx, NY 10466	40.887177	-73.829953	0.191001176647	2	0.217084362339	2	0.145344441647	1	3	3	1122	352450	16	2500	1925	18	8	11	14	1	16	19	13	14	5	1	55
30791588_zpid	30791588_zpid	11235	1515 Emmons Ave, Brooklyn, NY 11235	40.583492	-73.953021	0.251381050823	12	0.405473386985	7	0.390870757773	1	4	2	1460	550000	8	2000	1910	133	19	37	51	34	49	34	28	36	22	13	141
30607943_zpid	30607943_zpid	11216	228 Tompkins Ave, Brooklyn, NY 11216	40.691019	-73.945759	0.237644275448	11	0.345694120305	4	0.507082515936	2	5	2.5	2750	275000	32	1667	1899	268	108	108	184	144	48	44	20	60	80	56	276
29777902_zpid	29777902_zpid	10456	298 E 164th St, Bronx, NY 10456	40.827718	-73.915906	0.11570043557	11	0.311098950304	7	0.225149846138	2	8	4	3600	456300	126	1925	1901	288	34	129	142	160	16	18	3	61	49	19	186
30777329_zpid	30777329_zpid	11236	1397 E 98th St, Brooklyn, NY 11236	40.638872	-73.89341	0.182578606529	8	0.244457498392	3	1.12191405744	0	5	3	3021	609000	22	2292	1955	35	10	27	27	10	40	20	13	13	13	2	76
29844322_zpid	29844322_zpid	10465	1627 Research Ave, Bronx, NY 10465	40.847067	-73.819502	0.913086133561	0	0.592689788704	1	0.913566402934	0	3	2	1376	469999	0	2500	1940	1	3	2	4	0	12	20	15	6	1	0	27
30761625_zpid	30761625_zpid	11234	4135 Kings Hwy, Brooklyn, NY 11234	40.625322	-73.934426	0.259715641041	8	0.650693588692	1	1.39511513547	0	3	1	1152	410000	92	2090	1930	33	7	16	21	21	25	24	16	13	4	0	65
29780080_zpid	29780080_zpid	10459	867 E 164th St, Bronx, NY 10459	40.8234245	-73.8991608	0.198370050874	8	0.205583036713	7	0.242528088288	3	3	1	2850	269724	25	1414	1910	177	30	100	126	107	21	17	6	32	52	26	205
30735796_zpid	30735796_zpid	11223	1902 E 1st St, Brooklyn, NY 11223	40.6017409	-73.971621	0.445749712157	7	0.0788999357715	4	0.175819094758	2	3	1.5	1500	570000	9	1200	1945	30	18	15	24	13	57	28	78	24	9	5	105
30621167_zpid	30621167_zpid	11222	95 Diamond St, Brooklyn, NY 11222	40.725686	-73.9472119	0.0644814181234	14	0.416672697057	3	0.362352774767	1	4	2	2177	2500000	0	2500	1920	33	74	18	34	13	29	40	26	18	16	16	179
55677279_zpid	55677279_zpid	11207	669 Alabama Ave, Brooklyn, NY 11207	40.65978	-73.89445	0.424743868514	1	0.200189717353	3	0.420307361344	3	3	1.5	1172	389000	0	1803	2000	193	14	118	108	113	31	44	13	35	56	16	224
30699884_zpid	30699884_zpid	11209	81 88th St, Brooklyn, NY 11209	40.623706	-74.037681	0.218202257556	7	0.631577415265	1	0.792502785755	0	4	3	2066	1070000	7	2500	1930	128	76	32	108	36	112	104	68	48	8	8	256
30607581_zpid	30607581_zpid	11206	176 Tompkins Ave, Brooklyn, NY 11206	40.692968	-73.94615	0.0196999330891	8	0.361739763798	3	0.37129731325	2	8	5	1980	1539000	0	2500	1931	95	31	70	101	53	32	18	38	29	31	21	144
30634085_zpid	30634085_zpid	11207	122 Pennsylvania Ave, Brooklyn, NY 11207	40.6748797	-73.8969757	0.217692120661	6	0.35875441486	7	0.0521257969786	9	6	3	3108	290000	25	2500	1901	68	18	59	75	50	43	36	24	20	31	13	137
30636351_zpid	30636351_zpid	11207	708 Snediker Ave, Brooklyn, NY 11207	40.657223	-73.898211	0.498421303462	1	0.610814891553	1	0.188916006302	2	5	2	1598	180050	9	2178	1910	180	24	128	176	100	80	64	40	48	92	32	308
30759074_zpid	30759074_zpid	11234	1227 E 49th St, Brooklyn, NY 11234	40.631277	-73.928906	0.143608167827	6	0.849583034553	0	1.59232451244	0	5	3	2002	515000	6	2767	1940	132	56	72	104	48	176	116	56	80	56	16	320
29780777_zpid	29780777_zpid	10459	853 Bruckner Blvd, Bronx, NY 10459	40.817031	-73.8945789	0.119589405561	9	0.107547408901	6	0.187352155463	4	10	5	4095	376000	16	2500	1925	135	20	42	52	59	7	8	3	12	21	11	97
30755604_zpid	30755604_zpid	11210	1438 E 26th St, Brooklyn, NY 11210	40.615766	-73.948935	0.551021146616	3	0.535429659813	2	0.907930675459	0	6	4	2013	400000	170	2667	1925	21	2	3	10	4	21	17	15	12	1	9	39
30619656_zpid	30619656_zpid	11222	356 Mcguinness Blvd, Brooklyn, NY 11222	40.7348402	-73.9521275	0.228862175098	9	0.410638802606	2	0.547093213069	1	2	1	3750	1100000	93	1750	1931	284	252	212	204	128	164	116	80	76	80	40	664
29852593_zpid	29852593_zpid	10471	380 W 245th St, Bronx, NY 10471	40.891212	-73.90475	0.447599186058	6	0.745932557796	1	0.565287865854	1	6	5	4400	3762500	201	7575	1940	120	24	8	4	4	4	64	12	20	0	4	56
30683413_zpid	30683413_zpid	11218	1160 40th St, Brooklyn, NY 11218	40.641416	-73.989637	0.374297760327	4	0.249483746533	6	0.397675759127	3	4	3	2500	850000	11	1900	1901	22	11	24	32	18	50	34	45	1	7	0	88
29781185_zpid	29781185_zpid	10474	856 Faile St, Bronx, NY 10474	40.818424	-73.887197	0.110402405602	5	0.199280679973	5	0.398352659115	1	10	4	3200	300000	75	2500	1931	148	11	91	89	79	14	19	11	34	25	13	143
30574524_zpid	30574524_zpid	11232	185A 33rd St, Brooklyn, NY 11232	40.655667	-74.0018255	0.101845420496	4	0.608746263007	3	0.260093155859	2	3	2	1500	225000	318	1533	1987	27	31	11	17	13	9	35	16	16	1	9	82
30710318_zpid	30710318_zpid	11214	1605 84th St, Brooklyn, NY 11214	40.611432	-74.005698	0.302519643792	11	0.224303314438	6	0.487768620539	2	4	2.5	1800	468650	46	1355	1935	21	5	9	11	3	10	22	20	15	4	4	70
30744270_zpid	30744270_zpid	11229	2114 E 12th St, Brooklyn, NY 11229	40.5979389	-73.960389	0.0674795172815	9	0.171509866523	7	0.40628462583	2	7	4	5844	1450000	2	3900	1920	208	100	36	72	60	132	60	32	24	0	8	224
30627047_zpid	30627047_zpid	11221	62 Bleecker St, Brooklyn, NY 11221	40.694081	-73.921857	0.447159140418	9	0.185345683029	5	0.496707798939	4	8	4	2964	1300000	0	1975	1930	175	53	75	107	69	39	36	16	57	34	30	216
30639459_zpid	30639459_zpid	11208	207 Atkins Ave, Brooklyn, NY 11208	40.673937	-73.878558	0.17518057996	7	0.152591392074	3	0.186309137738	2	6	2.5	2200	302501	146	2000	1899	728	116	412	468	368	208	164	56	160	248	104	860
30784722_zpid	30784722_zpid	11234	1689 E 55th St, Brooklyn, NY 11234	40.615377	-73.921355	0.233988532979	7	1.03031443896	0	2.95130963222	0	3	2.5	1815	498000	8	2000	1955	19	6	14	13	14	39	15	16	22	7	8	108
29777260_zpid	29777260_zpid	10451	563 Walton Ave, Bronx, NY 10451	40.819251	-73.928427	0.120695693435	5	0.58956056881	2	0.133139861643	5	8	4	3500	440000	34	1785	1901	69	14	34	21	17	8	8	3	13	13	7	80
30728389_zpid	30728389_zpid	11229	1834 E 19th St, Brooklyn, NY 11229	40.6053489	-73.95402	0.422119057253	4	0.522066167421	4	0.489840472428	2	3	1.5	1408	555000	11	2000	1925	592	128	188	212	224	308	236	144	72	68	12	596
30726533_zpid	30726533_zpid	11230	1510 E 19th St, Brooklyn, NY 11230	40.613232	-73.955497	0.359861852693	8	0.0936163194172	6	0.543828132782	2	4	2.5	1672	620000	53	1330	1910	82	12	49	62	36	62	18	31	17	6	3	86
29787992_zpid	29787992_zpid	10458	306 E Mosholu Pkwy S, Bronx, NY 10458	40.871595	-73.882643	0.296562061944	11	0.281757065097	7	0.411390533595	4	1	1	750	159900	34	17859.6	1939	558	30	76	92	86	28	17	11	22	34	11	135
30589349_zpid	30589349_zpid	11238	992 Atlantic Ave, Brooklyn, NY 11238	40.6801805	-73.9610952	0.305796921297	11	0.356706530092	3	0.445468208783	4	2	1	2600	60000	319	1600	1930	128	207	67	106	69	55	47	40	41	23	34	242
30585602_zpid	30585602_zpid	11215	259 13th St, Brooklyn, NY 11215	40.6670874	-73.9885792	0.037373923106	17	0.101969996486	4	0.383224003594	4	1	1	1915	1500000	5	944	1901	88	89	30	75	30	45	71	28	39	22	21	244
29846689_zpid	29846689_zpid	10465	206 Throggs Neck Blvd, Bronx, NY 10465	40.817474	-73.812377	0.453632053447	4	0.511956857826	1	3.56333061049	0	2	2	960	335000	48	2265	1950	20	40	8	28	12	40	88	52	48	16	36	260
30585744_zpid	30585744_zpid	11215	198 13th St, Brooklyn, NY 11215	40.668006	-73.991382	0.0525838076099	11	0.342564622348	2	0.297718892155	3	2	1	2322	2145000	2	1717	1899	75	71	27	60	28	31	57	29	33	17	15	218
30614203_zpid	30614203_zpid	11216	106 Madison St, Brooklyn, NY 11216	40.683951	-73.954911	0.228152628349	10	0.138741928043	8	0.345071427149	5	3	2.5	2100	1350000	13	1667	1905	151	120	70	86	61	26	35	15	24	34	45	202
30732771_zpid	30732771_zpid	11224	3740 Lyme Ave, Brooklyn, NY 11224	40.577194	-74.004892	0.539644886338	1	0.252415308104	1	2.00053844609	0	7	3	2406	799000	0	3332	1925	49	14	15	42	13	4	21	6	16	13	2	56
30732212_zpid	30732212_zpid	11224	3861 Poplar Ave, Brooklyn, NY 11224	40.580035	-74.008021	0.246900115465	1	0.594163038789	1	2.27289537966	0	3	2	1516	505000	3	4000	1960	48	32	12	56	24	4	52	0	36	8	8	104
30720361_zpid	30720361_zpid	11223	1619 W 11th St, Brooklyn, NY 11223	40.6069985	-73.984086	0.202181889568	8	0.47046296976	5	0.465562853711	2	5	2.5	2088	725000	24	2225	1920	212	56	92	52	76	156	56	60	40	16	12	228
30718460_zpid	30718460_zpid	11204	1409 W 7th St, Brooklyn, NY 11204	40.610934	-73.9811383	0.115523898671	15	0.0346870925553	6	0.122166973725	2	8	4	3030	900000	57	4000	1930	216	29	53	60	79	101	34	42	22	13	9	166
30725577_zpid	30725577_zpid	11230	1601 Avenue N, Brooklyn, NY 11230	40.615965	-73.958513	0.191991590232	7	0.272087311553	7	0.198658552464	1	6	3	4170	725000	26	4000	1920	624	128	216	344	224	308	164	160	96	60	12	700
