30596130_zpid	30596130_zpid	11233	1374 Saint Marks Ave, Brooklyn, NY 11233	40.673505	-73.923021	0.450336877403	5	0.431956047396	3	0.596332083474	1	5	3	2430	465000	27	1875	1910	179	28	110	97	90	20	19	4	34	35	17	165
30737083_zpid	30737083_zpid	11223	2119 E 1st St FL 1, Brooklyn, NY 11223	40.5967968	-73.9702594	0.562926680326	5	0.596746042899	3	0.274274945195	2	6	3.5	2720	895000	30	25	1930	23	9	7	22	4	36	27	46	25	2	4	85
30611526_zpid	30611526_zpid	11213	15 Alice Ct, Brooklyn, NY 11213	40.678462	-73.9407559	0.214424811966	7	0.33117104227	7	0.16264369458	2	9	4	1920	950000	22	1240	1899	120	25	63	65	52	22	15	5	25	27	11	132
30673692_zpid	30673692_zpid	11218	364 E 2nd St, Brooklyn, NY 11218	40.642359	-73.978456	0.142703071706	11	0.0980314534362	10	0.213805271189	2	4	2.5	1495	1375000	0	2000	1930	608	180	176	264	200	264	236	264	92	80	60	828
30594733_zpid	30594733_zpid	11225	283 Empire Blvd, Brooklyn, NY 11225	40.6640609	-73.952795	0.307499239939	8	0.196661450785	5	0.220295808735	3	3	2	2240	309000	145	1650	1915	512	98	197	190	198	25	35	16	45	84	20	304
30778759_zpid	30778759_zpid	11236	10540 Avenue M, Brooklyn, NY 11236	40.641445	-73.886168	0.820479608644	0	0.631880364672	2	1.44595794366	0	5	3	2273	580000	21	5000	1960	14	1	12	12	7	2	12	3	11	3	2	35
29846798_zpid	29846798_zpid	10465	160 Kearney Ave, Bronx, NY 10465	40.816351	-73.810792	0.593562267762	4	0.68851192899	1	3.74217119665	0	2	1	1024	128000	205	1589	1955	28	28	8	24	8	28	80	44	44	12	16	208
30735205_zpid	30735205_zpid	11223	2057 W 12th St, Brooklyn, NY 11223	40.596753	-73.983003	0.30040072185	8	0.275320377026	5	0.336460872979	3	2	1.5	1564	440000	80	1925	1925	25	18	9	19	7	32	28	39	13	7	3	54
30637387_zpid	30637387_zpid	11208	110 Ridgewood Ave, Brooklyn, NY 11208	40.68257	-73.884824	0.334615095241	5	0.303572866691	4	0.292408386192	2	3	2.5	1582	116000	237	2000	1915	65	18	37	37	37	38	26	18	26	19	11	109
30611185_zpid	30611185_zpid	11216	101 Decatur St, Brooklyn, NY 11216	40.680971	-73.939414	0.110654746484	8	0.1544354503	9	0.168885732131	1	4	3	3600	715000	118	2000	1899	98	72	63	79	52	10	24	14	26	25	20	130
30593845_zpid	30593845_zpid	11213	348 New York Ave, Brooklyn, NY 11213	40.667672	-73.948238	0.226271907164	12	0.4757748065	8	0.207777774401	4	5	2	2208	645000	39	2003	1901	26	5	35	20	23	13	15	5	9	9	4	48
30648818_zpid	30648818_zpid	11207	1041 Hendrix St, Brooklyn, NY 11207	40.656085	-73.880918	0.573027387854	5	0.464550552092	2	1.16157615532	0	3	1.5	1088	385000	0	1520	1960	19	3	10	14	7	6	11	3	0	2	1	27
29787964_zpid	29787964_zpid	10458	271 E 199th St, Bronx, NY 10458	40.87008	-73.886559	0.212384865013	8	0.203997230174	7	0.243865919544	4	6	2.5	2368	400000	6	2500	1901	695	52	139	157	164	50	26	10	55	57	18	251
112509221_zpid	112509221_zpid	11233	708 Halsey St, Brooklyn, NY 11233	40.684349	-73.925449	0.359493948718	10	0.461551046563	4	0.646227196069	3	3	3	2500	814600	34	1800	2012	136	62	85	99	64	15	15	13	40	33	24	160
30705097_zpid	30705097_zpid	11204	1745 74th St, Brooklyn, NY 11204	40.614907	-73.996407	0.205858959491	14	0.112662213734	7	0.388126478921	2	6	3	1800	940000	2	1999	1910	76	64	36	156	32	156	100	84	48	20	20	280
30627058_zpid	30627058_zpid	11221	328 Central Ave, Brooklyn, NY 11221	40.695243	-73.92066	0.400220731871	10	0.0821974321354	6	0.389155564652	4	4	2	2640	435000	28	2500	1930	164	45	76	97	62	31	28	13	63	28	25	179
29786377_zpid	29786377_zpid	10453	70 W 181st St, Bronx, NY 10453	40.85656	-73.908655	0.432549750905	11	0.333108440403	10	0.355401146229	5	4	2	2000	260000	140	3300	1920	571	29	168	206	191	54	27	18	76	59	23	286
30626087_zpid	30626087_zpid	11221	1351 Myrtle Ave, Brooklyn, NY 11221	40.698507	-73.923182	0.14559010665	12	0.242144113134	9	0.293462598756	4	8	4	3750	1999000	0	1675	1931	110	35	54	68	41	35	15	18	34	26	16	140
30579447_zpid	30579447_zpid	11220	539 59th St, Brooklyn, NY 11220	40.639596	-74.014337	0.335676656105	8	0.0906026815287	9	0.358142676703	3	8	4	4000	920000	26	2003	1899	143	63	45	61	35	44	61	34	36	22	5	228
30599693_zpid	30599693_zpid	11233	367 Bainbridge St, Brooklyn, NY 11233	40.682238	-73.921916	0.421498483121	8	0.419615795209	2	0.391026876837	2	3	2	2409	950000	0	1867	1899	201	56	126	155	115	22	27	14	55	85	24	250
29825226_zpid	29825226_zpid	10467	3236 Olinville Ave, Bronx, NY 10467	40.872416	-73.867913	0.0788433319631	7	0.143853647586	4	0.133786412528	3	6	2	2950	550000	0	2570	1975	221	30	81	87	88	38	23	9	36	34	18	175
30647006_zpid	30647006_zpid	11207	701 Van Siclen Ave, Brooklyn, NY 11207	40.662605	-73.886812	0.258557013233	6	0.269968824959	7	0.361038635629	3	3	1	2400	325000	16	2793	1925	724	40	448	376	380	100	128	32	168	240	56	748
30719889_zpid	30719889_zpid	11230	1620 E 4th St, Brooklyn, NY 11230	40.610928	-73.970592	0.345403638452	10	0.228326846486	5	0.307630121167	2	1	1	650	793300	23	2500	1935	92	16	28	96	40	164	92	56	36	36	16	284
29784723_zpid	29784723_zpid	10458	660 E 188th St, Bronx, NY 10458	40.855348	-73.885165	0.175197891178	9	0.158985705632	2	0.817794847541	0	6	2	2380	469000	15	1900	1910	412	92	137	166	160	25	32	17	55	74	26	299
29850386_zpid	29850386_zpid	10464	23 Schofield St, Bronx, NY 10464	40.844501	-73.789148	0.346043783337	3	3.08977043783	0	3.32995355972	0	2	2	800	199000	4	1350	1920	16	12	4	5	3	1	35	10	5	2	21	38
30672681_zpid	30672681_zpid	11218	52 Kermit Pl, Brooklyn, NY 11218	40.648325	-73.973122	0.10253851371	13	0.46887215222	2	0.277199925453	2	6	3	2800	1050000	14	3528	1920	103	32	48	62	53	34	31	26	30	22	8	127
30756738_zpid	30756738_zpid	11234	1633 Marine Pkwy, Brooklyn, NY 11234	40.612949	-73.941996	0.15367024867	2	0.352979317375	2	1.41900106605	0	3	1	1512	610000	22	3000	1925	3	5	2	11	2	15	12	14	26	3	2	54
30663282_zpid	30663282_zpid	11203	696 E 43rd St, Brooklyn, NY 11203	40.6382819	-73.936042	0.424055426794	2	0.970503245431	0	1.06154214666	0	3	2	2040	500000	0	1759	1930	88	40	32	52	40	148	72	16	60	44	20	244
30640868_zpid	30640868_zpid	11208	382 Atkins Ave, Brooklyn, NY 11208	40.669249	-73.877965	0.26226494291	9	0.437532229872	4	0.586038605734	2	7	4	2000	570000	112	2000	1899	139	23	104	111	81	47	33	10	33	56	30	191
30673578_zpid	30673578_zpid	11218	284 Dahill Rd, Brooklyn, NY 11218	40.640414	-73.98038	0.186728812866	10	0.185086446865	10	0.408086808172	2	3	1	1176	597000	10	2178	1925	78	30	36	52	33	68	55	77	17	10	7	179
30581971_zpid	30581971_zpid	11217	113 6th Ave, Brooklyn, NY 11217	40.678726	-73.975386	0.158476539125	15	0.310310777752	6	0.235364036255	8	5	3	3360	3400000	12	1492	1930	68	113	22	39	27	29	58	58	39	14	27	145
30701481_zpid	30701481_zpid	11209	526 92nd St, Brooklyn, NY 11209	40.617357	-74.028702	0.0704256370284	11	0.185604660562	5	0.2514245365	2	3	1	1272	161880	231	1253	1925	80	44	22	29	23	56	32	23	5	8	9	170
30755227_zpid	30755227_zpid	11234	1411 E 35th St, Brooklyn, NY 11234	40.619495	-73.940356	0.482194911905	3	0.202135778891	3	1.60763963726	0	6	2	3360	760000	25	2500	1925	92	36	68	64	36	116	76	68	76	20	12	328
30584363_zpid	30584363_zpid	11215	470 6th St # 1, Brooklyn, NY 11215	40.668787	-73.980797	0.161919663969	20	0.383034624093	4	0.283143968344	2	6	3	3054	1400000	45	2000	1901	184	292	96	184	76	80	264	152	112	48	76	920
30592680_zpid	30592680_zpid	11216	19 Saint Francis Pl, Brooklyn, NY 11216	40.671562	-73.956391	0.0963010658364	13	0.485369450166	5	0.17657655006	6	4	3	3232	1250000	12	1810	1910	572	136	352	388	328	68	80	24	84	128	76	516
30661336_zpid	30661336_zpid	11226	327 E 32nd St, Brooklyn, NY 11226	40.642625	-73.946471	0.335139427307	4	0.164476171384	5	0.338234921406	2	7	4	3144	525000	21	2050	1899	159	34	63	79	63	42	32	7	17	35	14	142
29850625_zpid	29850625_zpid	10464	75 Bay St, Bronx, NY 10464	40.8477082	-73.788628	0.149822933392	3	3.15065132606	0	3.29044541602	0	2	1	825	397000	6	2500	1940	7	31	3	5	1	2	34	13	5	1	22	47
29811855_zpid	29811855_zpid	10461	2537 Frisby Ave, Bronx, NY 10461	40.8407709	-73.845716	0.299465035295	8	0.159658462294	2	0.250416265226	2	4	2	1940	390000	5	1951	1925	109	20	38	34	27	30	30	11	20	9	6	150
30606613_zpid	30606613_zpid	11233	804 Herkimer St, Brooklyn, NY 11233	40.67819	-73.926758	0.270480532921	5	0.256974911324	3	0.359812956571	2	2	1.5	1960	490000	36	2395	1899	100	52	69	86	66	17	16	5	28	38	16	149
30734447_zpid	30734447_zpid	11223	1923 W 9th St, Brooklyn, NY 11223	40.6002321	-73.9809081	0.0922839136037	10	0.473525972836	5	0.34168075834	3	3	1	1649	660000	7	1600	1925	144	76	72	100	68	264	120	188	76	28	24	304
30666765_zpid	30666765_zpid	11226	203 Marlborough Rd, Brooklyn, NY 11226	40.645138	-73.964836	0.391182404307	10	0.431951030437	3	0.105128986622	3	6	4	3650	2030000	13	8814	1901	332	57	217	198	243	25	17	18	49	56	8	272
30611742_zpid	30611742_zpid	11205	120 Washington Ave, Brooklyn, NY 11205	40.6949955	-73.9674457	0.189298986663	6	0.134185496635	3	0.742507731887	1	2	1	1300	285000	200	1667	1901	64	87	36	38	41	48	10	21	26	24	15	180
30760548_zpid	30760548_zpid	11210	1140 E 42nd St, Brooklyn, NY 11210	40.627032	-73.935768	0.0689842864022	7	0.824634383251	0	1.19322050077	0	3	3	1530	450000	20	2000	1920	212	20	92	124	56	112	124	36	60	36	28	280
30595988_zpid	30595988_zpid	11233	1389 Saint Marks Ave, Brooklyn, NY 11233	40.673899	-73.922351	0.400987613138	4	0.463432400787	3	0.543356339803	1	4	2	1568	25000	81	1333	1910	172	28	111	104	87	17	18	5	37	39	18	168
29842587_zpid	29842587_zpid	10461	2895 Zulette Ave, Bronx, NY 10461	40.84232	-73.833043	0.263066692252	6	0.664269891317	1	0.325199649627	2	3	2	2106	499000	3	1899	1920	308	56	80	64	76	160	136	72	52	56	16	460
30570589_zpid	30570589_zpid	11231	10 3rd Pl, Brooklyn, NY 11231	40.6793454	-74.0012214	0.301478940979	13	0.450169003994	3	0.601511424915	2	4	2	2040	105000	187	3333	1899	35	49	24	45	21	19	58	27	16	14	11	180
30603616_zpid	30603616_zpid	11221	519 Madison St, Brooklyn, NY 11221	40.686535	-73.93677	0.185852368869	11	0.1620039902	5	0.81312927838	0	2	1	850	116250	49	2000	1910	162	41	89	126	64	30	38	13	40	49	24	197
30639393_zpid	30639393_zpid	11208	463 Shepherd Ave, Brooklyn, NY 11208	40.673161	-73.880303	0.187270758533	8	0.322576671773	3	0.114279941927	2	5	3	1920	599000	8	1237	1910	680	104	348	412	312	208	140	44	140	244	100	764
30737544_zpid	30737544_zpid	11223	2252 W 6th St, Brooklyn, NY 11223	40.593068	-73.977247	0.405267679732	5	0.11428262082	2	0.0916333328537	5	3	3	1748	830000	8	2350	1940	140	68	44	104	48	180	92	148	100	24	28	348
30792788_zpid	30792788_zpid	11229	2136 Stuart St, Brooklyn, NY 11229	40.603003	-73.935506	0.158008830265	4	0.233055876312	3	1.77469421032	0	3	2	1720	565000	70	2500	1930	13	5	5	6	1	11	26	15	6	0	2	38
30751244_zpid	30751244_zpid	11210	988 E 38th St, Brooklyn, NY 11210	40.631044	-73.940008	0.297781609513	4	0.358150459317	2	0.675077087559	1	4	2	1328	360000	10	2000	1925	284	72	148	160	124	144	120	76	76	52	28	448
30732244_zpid	30732244_zpid	11224	3705 Polar St, Brooklyn, NY 11224	40.580463	-74.00418	0.570704914467	1	0.392005831417	1	1.96177489668	0	4	2	1720	380000	36	2178	1985	39	7	9	22	11	2	11	3	10	9	2	37
30733998_zpid	30733998_zpid	11224	3822 Atlantic Ave, Brooklyn, NY 11224	40.5735389	-74.005357	0.774230751026	0	0.517953047807	1	2.085048941	0	3	3.5	2057	280000	251	3000	1965	29	7	8	27	4	3	12	6	6	4	0	30
30775748_zpid	30775748_zpid	11236	10576 Flatlands 1st St, Brooklyn, NY 11236	40.646343	-73.890229	0.255188595458	3	0.222675286009	3	0.912626160568	0	5	3	1800	540000	20	3050	1960	152	20	48	56	48	56	44	8	40	24	28	208
30764275_zpid	30764275_zpid	11234	1626 E 48th St, Brooklyn, NY 11234	40.62081	-73.9293129	0.179487524677	8	0.38461230774	2	2.04702419801	0	3	1.5	1065	373000	129	1892	1920	12	58	2	18	9	43	40	17	18	7	3	150
30636530_zpid	30636530_zpid	11207	133 Sunnyside Ave, Brooklyn, NY 11207	40.681745	-73.892291	0.264443975824	3	0.171946640302	3	0.44505064062	2	4	1	2890	800	39	2300	1910	81	33	49	57	40	56	40	36	31	23	8	121
30623332_zpid	30623332_zpid	11211	196 Ainslie St, Brooklyn, NY 11211	40.7126189	-73.946481	0.164019372526	12	0.112780280235	5	0.280884685758	4	5	3	1296	1700000	8	1867	1920	156	432	96	212	112	140	192	36	76	52	64	800
68314015_zpid	68314015_zpid	11203	151 E 42nd St, Brooklyn, NY 11203	40.6521712	-73.9380312	0.196902522184	3	0.517477847405	3	0.986096968016	0	3	2	1530	302100	75	2178	1945	472	60	312	244	256	244	104	40	120	124	36	500
30740527_zpid	30740527_zpid	11235	10 Brighton 4th Rd, Brooklyn, NY 11235	40.5823816	-73.9636516	0.138375731318	9	0.342253662074	5	0.562148042713	1	4	3	1904	469000	34	1437	1930	260	144	172	248	92	272	188	128	132	80	80	648
30610440_zpid	30610440_zpid	11216	101 Halsey St, Brooklyn, NY 11216	40.682048	-73.94956	0.169816750857	11	0.160379258944	8	0.164255094907	4	5	4	3332	377000	82	1850	1901	1000	668	468	652	480	140	240	112	224	280	152	1176
30773086_zpid	30773086_zpid	11236	907 E 95th St, Brooklyn, NY 11236	40.6476169	-73.907603	0.346375816124	4	0.969624398766	0	0.497592606738	1	6	3	2160	217000	254	2600	1915	30	6	19	29	16	38	26	7	7	15	4	80
30723849_zpid	30723849_zpid	11230	34 Wellington Ct, Brooklyn, NY 11230	40.630542	-73.962209	0.0897088893013	7	0.401576318665	6	0.149562984734	3	5	1.5	2059	850000	16	4480	1899	112	29	95	87	103	54	40	43	24	23	9	149
55677713_zpid	55677713_zpid	11234	44 Georgetown Ln, Brooklyn, NY 11234	40.621924	-73.913685	0.344663571737	5	0.634335422676	1	2.9288617395	0	3	2.5	2472	535000	69	2678	1996	76	12	32	52	12	180	116	96	76	12	28	384
30777204_zpid	30777204_zpid	11236	1454 E 96th St, Brooklyn, NY 11236	40.637049	-73.895113	0.0932307841162	7	0.165224306853	4	1.21122890625	0	5	2.5	3136	425000	23	3223	1925	28	20	25	27	6	54	20	15	12	12	2	79
29791656_zpid	29791656_zpid	10473	432 Castle Hill Ave, Bronx, NY 10473	40.816025	-73.846913	0.362668085953	3	0.394624221461	2	2.0712127132	0	5	2.5	2073	442000	23	2968	1965	13	4	13	3	3	13	7	4	7	3	3	35
29842914_zpid	29842914_zpid	10461	3003 Zulette Ave, Bronx, NY 10461	40.842421	-73.829078	0.205472323227	6	0.37623138483	1	0.570208327165	2	2	1	1479	250000	32	43	1955	216	52	60	60	64	160	140	56	24	40	12	344
30784372_zpid	30784372_zpid	11234	2271 Schenectady Ave, Brooklyn, NY 11234	40.616313	-73.929184	0.0907906406608	6	0.795801451932	0	2.41148685884	0	3	2	1408	487000	12	2000	1925	13	54	5	8	3	32	31	22	14	5	4	119
30699831_zpid	30699831_zpid	11209	325 87th St, Brooklyn, NY 11209	40.6227189	-74.030394	0.0552878828368	15	0.364288866972	5	0.168685377091	2	4	2	2007	1289000	0	2000	1910	79	66	34	45	19	66	30	27	14	13	5	226
30646493_zpid	30646493_zpid	11207	29 Louisiana Ave, Brooklyn, NY 11207	40.658627	-73.895732	0.754120654371	0	0.362684135523	3	0.295801548169	3	7	2	2200	475000	72	3000	1901	144	10	92	78	76	28	34	15	22	44	14	173
30781281_zpid	30781281_zpid	11234	1449 E 63rd St, Brooklyn, NY 11234	40.618671	-73.9158209	0.143396278257	6	0.564565641226	1	3.11683438552	0	3	3	1944	705000	13	4492	1915	13	8	9	10	2	23	25	6	20	3	5	100
30610560_zpid	30610560_zpid	11216	245 Halsey St, Brooklyn, NY 11216	40.682772	-73.943237	0.0913024835845	10	0.303877794511	9	0.375577534533	3	6	4	2100	65000	316	1750	1920	584	344	380	540	320	72	156	88	188	188	108	804
29846820_zpid	29846820_zpid	10465	136 Meagher Ave, Bronx, NY 10465	40.815621	-73.809301	0.650803081908	1	0.837972684552	0	3.88125730492	0	2	2	1536	401500	17	2108	1950	20	28	12	20	4	20	72	44	36	12	20	164
30646678_zpid	30646678_zpid	11207	706 New Jersey Ave, Brooklyn, NY 11207	40.661757	-73.892227	0.135500818639	4	0.122359910411	5	0.391660026438	4	5	3	1692	420500	40	1900	1925	277	18	161	147	150	29	50	13	46	84	17	275
30623332_zpid	30623332_zpid	11211	196 Ainslie St, Brooklyn, NY 11211	40.7126189	-73.946481	0.164019372526	13	0.112780280235	5	0.280884685758	4	5	3	1296	1700000	8	1867	1920	156	432	96	212	112	140	192	36	76	52	64	800
30689233_zpid	30689233_zpid	11219	1034 64th St, Brooklyn, NY 11219	40.629866	-74.006824	0.218416884365	7	0.178254607602	5	0.21003976712	2	6	4	2520	1950000	0	2917	1920	43	18	11	23	8	45	34	38	12	5	15	114
30757614_zpid	30757614_zpid	11234	1722 E 36th St, Brooklyn, NY 11234	40.614007	-73.936509	0.250331752886	4	0.12593756781	2	1.89585289764	0	3	1	952	445000	13	1800	1935	4	18	7	11	3	26	24	21	36	5	2	72
30585488_zpid	30585488_zpid	11215	468 11th St, Brooklyn, NY 11215	40.6659049	-73.9834207	0.0892587501568	18	0.063172763045	8	0.266221596257	4	4	3.5	2500	3200000	9	1658	1901	244	308	92	264	76	160	284	144	124	52	80	856
30606859_zpid	30606859_zpid	11206	192 Throop Ave, Brooklyn, NY 11206	40.6984064	-73.9442217	0.296552947002	9	0.346249091169	8	0.332920621443	5	5	1	2310	300000	82	2200	1931	97	49	44	79	35	45	26	40	20	28	17	169
30732285_zpid	30732285_zpid	11224	3845 Maple Ave, Brooklyn, NY 11224	40.579362	-74.007829	0.244854146896	1	0.545915524042	1	2.25901195398	0	3	2	1626	499000	0	4000	1925	15	9	6	16	7	1	16	1	9	2	2	29
29851755_zpid	29851755_zpid	10463	3132 Fairfield Ave, Bronx, NY 10463	40.884005	-73.913633	0.312663295801	9	0.402487474935	1	0.916044659465	0	3	2	1000	328000	262	3917	1960	58	12	6	26	12	22	44	13	14	4	5	61
30654671_zpid	30654671_zpid	11203	5907 Tilden Ave, Brooklyn, NY 11203	40.648948	-73.921066	0.372736341249	6	0.647895899396	1	1.44843977846	0	2	2	1035	320000	31	2613	1940	44	5	19	17	19	23	21	5	6	11	4	56
30724455_zpid	30724455_zpid	11230	975 E 17th St, Brooklyn, NY 11230	40.626827	-73.959463	0.230159123149	4	0.242358139487	2	0.206811710055	2	6	3	3192	850000	52	4000	1901	178	21	90	81	99	46	23	33	19	23	9	146
30607796_zpid	30607796_zpid	11216	706 Dekalb Ave, Brooklyn, NY 11216	40.69153	-73.94793	0.237073245237	11	0.507973404127	6	0.356125846233	2	7	3	2403	283200	129	2054	2004	256	124	124	180	140	56	52	24	56	88	56	324
30738273_zpid	30738273_zpid	11223	2228 E 8th St, Brooklyn, NY 11223	40.5952089	-73.962786	0.293535384595	11	0.342987364633	5	0.644537167811	2	3	1	1168	1175000	2	3013	1930	27	17	7	24	12	24	34	16	10	4	3	55
30732309_zpid	30732309_zpid	11224	3716 Polar St, Brooklyn, NY 11224	40.580022	-74.004435	0.539187336809	1	0.362209110931	1	1.98293294789	0	5	2	2000	500000	70	2003	1983	164	40	44	116	48	12	52	12	44	40	8	172
30642113_zpid	30642113_zpid	11208	130 Chestnut St, Brooklyn, NY 11208	40.684803	-73.876266	0.0171937975804	8	0.312280356262	5	0.275580009023	3	5	3	1708	260000	183	3750	1920	88	34	59	71	45	50	37	14	54	36	10	176
30700704_zpid	30700704_zpid	11209	8904 Shore Ct, Brooklyn, NY 11209	40.6228245	-74.0389689	0.138359631169	3	0.6586061777	1	0.893297317554	0	3	2	2136	735000	43	1742	1925	46	19	11	27	12	22	24	13	11	2	2	57
2099408904_zpid	2099408904_zpid	11214	157 Bay 47 Street #2, Brooklyn, NY 11214	40.588141	-73.98743	0.23368443697	4	0.63265690067	1	0.319474310585	1	6	3	3465	1199000	0	2417	1965	13	9	8	27	6	22	20	23	26	9	4	46
30637547_zpid	30637547_zpid	11208	109 Shepherd Ave, Brooklyn, NY 11208	40.6822329	-73.882058	0.120350550084	7	0.190784332908	3	0.193497601626	3	5	3	1712	480000	8	1688	1910	308	136	192	212	212	196	128	96	140	88	56	624
30782177_zpid	30782177_zpid	11234	2064 E 68th St, Brooklyn, NY 11234	40.618612	-73.910319	0.127823153221	5	0.170993358264	1	3.20256277912	0	3	4	1456	575000	35	2300	1975	16	11	10	15	7	18	23	11	21	2	6	71
30637394_zpid	30637394_zpid	11208	144 Linwood St, Brooklyn, NY 11208	40.682286	-73.884606	0.301229391816	5	0.267423819971	4	0.260391191664	2	2	2	1424	459000	14	2500	1925	65	20	37	37	37	39	26	18	26	19	11	115
29822767_zpid	29822767_zpid	10467	2747 Holland Ave, Bronx, NY 10467	40.867159	-73.86565	0.214817919175	11	0.208646059196	7	0.239192976494	2	4	2	2298	300000	49	2482	1925	372	47	162	170	164	35	31	14	44	58	33	233
30615592_zpid	30615592_zpid	11217	35 S Portland Ave, Brooklyn, NY 11217	40.6885509	-73.974582	0.140429675884	10	0.211735393857	3	0.136388125846	9	7	5	4400	4395000	0	2200	1863	36	47	20	22	9	10	18	18	14	9	10	85
30710580_zpid	30710580_zpid	11228	1270 84th St, Brooklyn, NY 11228	40.615331	-74.013369	0.415681095861	3	0.612496948997	1	1.09725619531	0	7	5	4000	1620000	37	8000	1920	7	12	0	11	1	17	32	13	14	4	1	32
30589407_zpid	30589407_zpid	11238	620 Washington Ave, Brooklyn, NY 11238	40.679924	-73.964447	0.186316741621	13	0.344710672726	5	0.454110548583	5	2	2	2700	1300000	24	1500	1931	105	180	42	98	64	44	46	42	45	17	22	225
30587083_zpid	30587083_zpid	11215	37 Montgomery Pl, Brooklyn, NY 11215	40.6712644	-73.9729011	0.335471653391	13	0.382432675397	4	0.478639962504	3	5	3	2625	4257000	11	1501	1901	14	25	4	18	10	10	42	20	15	5	5	123
83043235_zpid	83043235_zpid	11216	171 Monroe St, Brooklyn, NY 11216	40.685518	-73.952044	0.0996047575394	11	0.137699675518	6	0.494829783852	4	8	6	4551	1300000	24	2167	2004	202	154	103	137	99	40	45	21	42	59	37	291
30770179_zpid	30770179_zpid	11236	1165 E 80th St, Brooklyn, NY 11236	40.6313869	-73.9078509	0.618176191434	5	0.631934785672	2	1.77351226103	0	6	3.5	3450	715000	99	2000	1960	152	20	56	68	32	232	96	16	104	24	24	228
29827062_zpid	29827062_zpid	10467	825 E 214th St, Bronx, NY 10467	40.879042	-73.860549	0.454039510952	5	0.423431542618	1	0.519601216127	2	7	4	2700	442000	42	2439	1960	158	14	68	84	53	52	11	2	22	38	12	146
64431524_zpid	64431524_zpid	10473	1901 Gildersleeve Ave, Bronx, NY 10473	40.8094279	-73.856196	0.75213429476	0	1.37506707065	0	2.63967844576	0	4	1	2420	329000	145	2338	2002	29	9	19	20	9	16	16	14	9	16	4	65
29834962_zpid	29834962_zpid	10466	1466 E 233rd St, Bronx, NY 10466	40.889097	-73.83371	0.318969038201	2	0.218139958028	2	0.257780479382	1	4	2	1788	257250	28	2178	1925	39	10	15	19	3	41	23	16	20	9	3	64
