55677181_zpid	55677181_zpid	11207	587 Williams Ave, Brooklyn, NY 11207	40.6613792	-73.8968099	0.806764222333	0	0.269185482515	5	0.358620396462	4	3	1.5	1296	265000	47	1800	2000	182	14	103	98	106	25	43	12	31	45	13	199
30601751_zpid	30601751_zpid	11233	93 Sackman St, Brooklyn, NY 11233	40.676452	-73.905782	0.422090552276	5	0.409873993487	3	0.257398908618	8	5	2	1848	315000	56	1488	1920	129	15	76	115	72	28	23	16	37	50	18	120
29842236_zpid	29842236_zpid	10461	2812 Dudley Ave, Bronx, NY 10461	40.839248	-73.835589	0.124818505098	3	0.839444455856	0	0.517434839384	2	6	3	3204	503750	84	2375	1910	50	20	20	16	14	32	22	19	11	7	2	81
30699911_zpid	30699911_zpid	11209	130 87th St, Brooklyn, NY 11209	40.623539	-74.0358509	0.414821318797	8	0.515684020054	1	0.636816305464	1	3	3	2200	1350000	29	2500	2009	56	31	16	36	13	44	30	20	13	5	4	95
30784116_zpid	30784116_zpid	11234	1833 E 37th St, Brooklyn, NY 11234	40.6129559	-73.93329	0.357333016477	3	0.398739238793	1	2.12666428623	0	3	2	1064	161000	272	1800	1925	3	43	2	8	3	20	32	25	32	2	3	63
29833136_zpid	29833136_zpid	10466	4112 Bronxwood Ave, Bronx, NY 10466	40.889219	-73.852564	0.242592909959	8	0.47783351251	5	0.605275441055	2	4	3	3000	432000	3	2014	1910	116	16	58	54	41	93	24	5	30	22	15	101
30791402_zpid	30791402_zpid	11235	116 Oxford St, Brooklyn, NY 11235	40.580457	-73.938318	0.418252151638	1	1.21725047141	0	1.51869264419	0	2	1	1424	390000	31	2500	1925	9	7	5	14	8	12	16	3	20	2	1	37
30738735_zpid	30738735_zpid	11223	2341 W 1st St, Brooklyn, NY 11223	40.59152	-73.971065	0.105897857617	7	0.579183351861	2	0.342381616649	3	3	2	2000	29000	313	2000	1935	37	10	15	21	8	43	38	41	24	5	5	102
30614043_zpid	30614043_zpid	11216	294 Gates Ave, Brooklyn, NY 11216	40.685426	-73.955069	0.0688884817304	12	0.0426535912993	6	0.503776553395	5	7	3	3200	1250000	15	2200	1899	127	109	72	85	53	27	36	17	19	29	33	194
30631267_zpid	30631267_zpid	11207	81 De Sales Pl, Brooklyn, NY 11207	40.682782	-73.904417	0.160208304586	3	0.409250398252	1	0.0802327822428	7	4	1	2349	435000	20	1958	1905	49	19	44	52	39	11	17	14	14	19	7	101
30703846_zpid	30703846_zpid	11204	1618 71st St, Brooklyn, NY 11204	40.618088	-73.9980439	0.0895358618453	9	0.227232642695	4	0.180890262469	3	3	1	1020	660000	1	1750	1910	33	15	13	43	14	24	17	27	13	7	3	65
30780691_zpid	30780691_zpid	11234	16 Bergen Beach Pl, Brooklyn, NY 11234	40.6223219	-73.915189	0.302686164707	5	0.747311063061	1	2.93368573388	0	4	3.5	1750	675000	7	2874	1996	19	5	8	8	5	53	25	24	20	6	9	99
30793779_zpid	30793779_zpid	11229	3 Ira Ct, Brooklyn, NY 11229	40.590043	-73.928113	0.402955906644	2	0.984981738051	0	2.2291926537	0	2	1	684	250000	18	1785	1945	1	3	1	12	1	1	20	8	18	1	3	30
30698586_zpid	30698586_zpid	11209	474 82nd St, Brooklyn, NY 11209	40.62442	-74.025409	0.056537602222	14	0.0515344615238	4	0.317799439769	2	7	2	2400	907000	25	2400	1910	135	60	44	53	40	41	37	35	12	32	5	226
30606902_zpid	30606902_zpid	11205	125 Sandford St, Brooklyn, NY 11205	40.6952738	-73.9533082	0.259157390723	8	0.195377739443	8	0.362726620696	3	6	2	1440	850000	3	1001	1910	456	172	92	200	84	104	168	108	44	40	40	504
30726977_zpid	30726977_zpid	11229	1716 E 22nd St, Brooklyn, NY 11229	40.609653	-73.951644	0.211109306948	6	0.236739496689	3	0.53277792217	1	3	3	3015	800000	8	2000	1925	121	20	39	39	38	53	53	38	21	11	3	150
30702742_zpid	30702742_zpid	11204	6902 16th Ave, Brooklyn, NY 11204	40.619786	-73.997631	0.163763742483	10	0.152967385576	4	0.10646756809	5	6	3	3150	1260000	3	2000	1910	35	13	15	38	17	29	15	23	15	7	3	53
30719208_zpid	30719208_zpid	11204	1536 W 9th St, Brooklyn, NY 11204	40.609353	-73.983146	0.110980316941	13	0.209775739038	7	0.301230740926	2	4	3	1440	757500	24	2600	1925	572	104	152	204	256	292	84	136	76	48	28	504
30607425_zpid	30607425_zpid	11206	618 Willoughby Ave APT 1, Brooklyn, NY 11206	40.694156	-73.944601	0.123383086217	8	0.309076474804	2	0.401713084582	2	7	4	3200	925000	34	2000	1931	118	35	74	111	57	43	22	38	24	39	21	158
30591440_zpid	30591440_zpid	11213	4 Revere Pl, Brooklyn, NY 11213	40.676233	-73.941222	0.0181999964426	8	0.475888070842	8	0.411694763858	2	5	2	2630	1299000	0	1617	1901	245	42	107	115	100	26	25	6	37	48	21	225
30775748_zpid	30775748_zpid	11236	10576 Flatlands 1st St, Brooklyn, NY 11236	40.646343	-73.890229	0.255188595458	2	0.222675286009	3	0.912626160568	0	5	3	1800	540000	20	3050	1960	152	20	48	56	48	56	44	8	40	24	28	208
30753909_zpid	30753909_zpid	11210	1242 E 23rd St, Brooklyn, NY 11210	40.620114	-73.952689	0.292565962438	4	0.57187273958	2	0.631402731673	1	5	3	2028	1165000	9	3000	1920	2	1	1	6	0	7	15	3	18	1	1	22
30717919_zpid	30717919_zpid	11230	1419 E 2nd St, Brooklyn, NY 11230	40.615151	-73.972782	0.118794567071	8	0.214206366149	3	0.119577367714	3	3	4	1170	638000	55	3343	1920	28	9	12	21	14	46	36	21	18	5	6	65
30653341_zpid	30653341_zpid	11212	449 E 96th St, Brooklyn, NY 11212	40.656699	-73.916214	0.11276161187	10	0.390429152797	5	0.529298885127	1	11	4	3400	315000	172	1045440	1925	379	17	195	184	150	59	23	10	34	61	24	240
30775640_zpid	30775640_zpid	11236	1036 E 105th St, Brooklyn, NY 11236	40.645001	-73.892258	0.349834045476	3	0.31554113043	3	0.830810037827	0	4	3.5	1560	410000	53	2000	1955	43	5	23	19	16	27	15	5	13	10	8	78
30750498_zpid	30750498_zpid	11210	826 E 22nd St, Brooklyn, NY 11210	40.632	-73.955842	0.480876399096	7	0.592595742662	3	0.576376021261	3	7	3	3200	1275000	3	4000	1920	35	12	20	26	30	25	13	12	17	7	2	57
30726807_zpid	30726807_zpid	11229	1664 E 12th St, Brooklyn, NY 11229	40.608506	-73.96134	0.247185254175	8	0.518832948357	6	0.298475161207	1	6	2	2200	600000	102	2600	1910	272	76	124	124	96	140	64	76	44	44	32	488
30702072_zpid	30702072_zpid	11209	206 Marine Ave, Brooklyn, NY 11209	40.615111	-74.035062	0.196833558181	8	0.171537297845	3	0.344185798094	1	4	2	2080	1125000	0	2000	1925	189	31	26	26	27	52	43	45	7	10	5	118
30591378_zpid	30591378_zpid	11213	1205 Bergen St, Brooklyn, NY 11213	40.676116	-73.945506	0.212894238934	14	0.39648239645	8	0.340612344663	3	5	4	3080	1250000	9	1787	1899	756	120	300	376	268	48	56	8	84	136	56	640
30775828_zpid	30775828_zpid	11236	10537 Avenue K, Brooklyn, NY 11236	40.645069	-73.89022	0.37717416848	2	0.341803617856	3	0.993862301162	0	4	3	1840	440000	1	2000	1965	40	4	15	16	13	16	12	2	12	8	7	61
30629928_zpid	30629928_zpid	11207	1114 Halsey St, Brooklyn, NY 11207	40.6891279	-73.911522	0.261407507525	11	0.504295577433	2	0.527413523016	3	8	3	4480	725000	12	2000	1900	112	29	84	122	82	22	24	18	43	52	26	189
29845704_zpid	29845704_zpid	10465	1017 Vincent Ave, Bronx, NY 10465	40.833922	-73.820513	0.0998659698812	4	0.139583161171	1	1.73126946804	0	4	2.5	1224	447500	67	1710	1955	24	24	28	48	28	56	116	104	56	16	16	172
30600855_zpid	30600855_zpid	11233	256 Macdougal St, Brooklyn, NY 11233	40.680191	-73.909949	0.244295362432	6	0.268678392446	5	0.201494421504	6	8	3	2727	275600	142	1177	1899	191	18	150	162	116	38	39	16	51	77	27	182
30571170_zpid	30571170_zpid	11217	235 Wyckoff St, Brooklyn, NY 11217	40.683779	-73.984947	0.192226290127	11	0.316859406817	2	0.518212139077	9	2	3.5	2400	800000	139	1667	1899	58	92	13	44	16	42	46	26	29	17	14	171
30631231_zpid	30631231_zpid	11207	35 Aberdeen St, Brooklyn, NY 11207	40.681938	-73.906401	0.127659324575	4	0.250269204799	3	0.114285864778	7	5	4	2700	1250000	0	2000	1905	63	19	49	65	48	12	21	14	13	24	8	119
30696544_zpid	30696544_zpid	11209	635 78th St, Brooklyn, NY 11209	40.625414	-74.0201249	0.323794556801	12	0.408490559361	5	0.662661295077	1	3	2	1500	805000	3	1999	1915	69	23	18	25	20	17	30	32	12	24	2	90
30574141_zpid	30574141_zpid	11232	245 27th St, Brooklyn, NY 11232	40.658447	-73.997212	0.338372418455	5	0.247634330546	1	0.229413510867	1	3	2	1400	891000	10	2500	1910	34	41	17	23	12	12	31	27	18	4	8	75
30757168_zpid	30757168_zpid	11234	1664 E 38th St, Brooklyn, NY 11234	40.615886	-73.936035	0.400880426492	3	0.296086304784	2	1.98366218143	0	3	1.5	1064	540000	5	1800	1925	36	176	32	60	20	152	100	76	148	28	4	448
30672449_zpid	30672449_zpid	11218	114 Louisa St, Brooklyn, NY 11218	40.6426019	-73.983525	0.256895554918	10	0.274982045817	7	0.362288147343	1	4	2	1504	465000	60	2325	1915	86	32	42	55	45	60	62	53	12	14	8	193
30652265_zpid	30652265_zpid	11203	812 Lenox Rd, Brooklyn, NY 11203	40.6552	-73.929463	0.159089308655	10	0.354951924276	3	1.20667599857	0	4	1	1400	319000	141	1500	1910	206	27	88	88	95	71	44	16	32	39	19	199
30644960_zpid	30644960_zpid	11208	942 Glenmore Ave, Brooklyn, NY 11208	40.676062	-73.875158	0.141809802029	9	0.230632524534	5	0.268714239252	3	8	3	3000	400000	19	1500	1920	153	16	80	95	67	56	53	10	43	42	14	190
29798572_zpid	29798572_zpid	10460	1454 Leland Ave, Bronx, NY 10460	40.837064	-73.864105	0.107339074922	11	0.0950217178463	6	0.50918863619	2	8	4	3850	740000	0	2252	1924	175	15	71	89	92	32	15	5	24	29	11	116
30767142_zpid	30767142_zpid	11236	593 E 87th St, Brooklyn, NY 11236	40.642351	-73.911741	0.338840740237	5	0.521748028586	2	0.963026796212	0	5	3	2090	100000	278	2000	1960	40	6	22	19	8	51	23	5	22	15	5	99
29785185_zpid	29785185_zpid	10457	2147 Prospect Ave, Bronx, NY 10457	40.848638	-73.885825	0.196290994584	12	0.539455586654	3	1.04840235233	0	5	2	2464	475000	0	2464	1910	155	32	76	94	70	23	8	4	29	41	20	130
30637434_zpid	30637434_zpid	11208	142 Ridgewood Ave, Brooklyn, NY 11208	40.682749	-73.883671	0.265006959386	7	0.301948084247	3	0.322443908268	2	7	2	2430	660000	10	2430	1930	72	33	41	43	45	46	27	20	32	19	13	128
30631149_zpid	30631149_zpid	11207	16 Pilling St, Brooklyn, NY 11207	40.682709	-73.908432	0.0641301210607	6	0.071791674553	3	0.172083200714	6	3	1	3600	162500	26	2000	1905	80	20	64	90	57	15	25	16	14	30	13	145
29791994_zpid	29791994_zpid	10473	563 Bolton Ave, Bronx, NY 10473	40.8171247	-73.8584087	0.516723983123	2	0.501056765912	1	1.77927697836	0	7	4	2800	426017	49	2000	1969	31	10	9	29	9	32	14	15	17	9	9	80
30784364_zpid	30784364_zpid	11234	1825 Hendrickson St, Brooklyn, NY 11234	40.615453	-73.9299039	0.0945624010959	4	0.706728657364	1	2.44757485897	0	4	2.5	3040	675000	17	30	1940	52	212	8	36	8	116	120	88	68	16	8	416
30595451_zpid	30595451_zpid	11225	233 Lincoln Rd, Brooklyn, NY 11225	40.661525	-73.954942	0.363735811663	8	0.397095953422	6	0.371150040243	3	4	2	3249	1500000	8	2050	1905	523	105	200	168	183	25	43	18	45	68	22	295
30641349_zpid	30641349_zpid	11207	563 New Lots Ave, Brooklyn, NY 11207	40.6643288	-73.8878849	0.332769414813	7	0.233476306645	7	0.14921628645	3	2	1	2940	463000	24	1418	1910	226	15	145	126	135	30	42	12	56	80	20	254
2122907769_zpid	2122907769_zpid	11235	3032 Brighton 7th St, Brooklyn, NY 11235	40.57897	-73.961293	0.118692789521	11	0.135105208691	5	0.145300575877	2	16	3.5	4200	480000	41	2500	1930	856	280	296	428	256	316	204	108	200	136	112	1188
30673312_zpid	30673312_zpid	11218	309 E 7th St, Brooklyn, NY 11218	40.644452	-73.972573	0.135554262301	13	0.530828013444	7	0.601870473131	3	4	2	1520	994990	21	3240	1915	150	42	44	70	43	47	40	32	29	16	10	189
112503300_zpid	112503300_zpid	11236	639 E 104TH St, Brooklyn, NY 11236	40.6492652	-73.8978598	0.201206235682	4	0.338063405727	3	0.200088625568	2	5	3.5	3000	75000	41	1999	2014	92	24	64	64	4	92	28	20	36	28	12	244
30722883_zpid	30722883_zpid	11223	1842 W 6th St, Brooklyn, NY 11223	40.602435	-73.978976	0.223662728424	7	0.310757412279	4	0.202440698751	3	7	3	3600	995000	16	2500	1920	320	104	176	116	136	380	128	248	96	52	28	448
29792492_zpid	29792492_zpid	10473	2269 Cincinnatus Ave, Bronx, NY 10473	40.820918	-73.845829	0.228974267878	2	0.180715408596	2	1.5669560094	0	4	2.5	1730	239000	0	1925	1935	22	3	11	2	2	13	7	0	9	1	2	44
30771056_zpid	30771056_zpid	11236	1207 E 82nd St, Brooklyn, NY 11236	40.631489	-73.905913	0.734712699471	3	0.753857718655	0	1.72269502065	0	6	4	2850	450000	135	2182	1955	164	32	64	100	40	256	104	24	112	28	32	244
30787042_zpid	30787042_zpid	11234	2047 E 55th St, Brooklyn, NY 11234	40.612516	-73.920297	0.353478677249	2	1.05952260863	0	3.19930473087	0	3	1	1248	485000	43	2000	1920	13	4	9	10	6	29	19	14	15	4	6	92
30631469_zpid	30631469_zpid	11212	1170 E New York Ave, Brooklyn, NY 11212	40.666462	-73.923487	0.171272861104	13	0.188982083376	6	0.199955978198	1	9	5.5	3280	240000	19	2750	1930	274	14	95	87	83	29	20	8	28	42	7	168
30724716_zpid	30724716_zpid	11230	1044 E 17th St, Brooklyn, NY 11230	40.6248099	-73.95968	0.148914454108	6	0.12927485116	5	0.105327939974	2	5	2.5	3076	1200000	5	4000	1920	880	72	356	468	464	156	104	92	108	188	48	912
30575443_zpid	30575443_zpid	11220	745 45th St, Brooklyn, NY 11220	40.644519	-74.001373	0.134154234329	9	0.129014488455	9	0.627249742934	2	7	5	3240	530000	35	2000	1930	224	100	108	144	108	188	156	48	76	16	12	388
29784520_zpid	29784520_zpid	10458	2455 Hoffman St, Bronx, NY 10458	40.857474	-73.8875	0.120780378088	10	0.251590346746	4	0.51290985479	1	4	2	1328	265000	47	1614	1901	392	66	138	154	146	23	38	17	48	60	25	282
29781876_zpid	29781876_zpid	10457	1554 Selwyn Ave, Bronx, NY 10457	40.842052	-73.9102319	0.272932784587	7	0.359784027199	9	0.405743919128	5	8	3	4410	510000	6	2374	1920	257	46	177	176	194	20	14	8	49	46	22	210
30610548_zpid	30610548_zpid	11216	283 Halsey St, Brooklyn, NY 11216	40.682951	-73.941745	0.180047692196	11	0.406298887352	8	0.345509615516	3	4	4.5	2900	1650000	10	1625	1901	124	79	79	107	67	14	35	21	31	35	24	166
30636583_zpid	30636583_zpid	11207	205 Sunnyside Ave, Brooklyn, NY 11207	40.682794	-73.890127	0.452051184984	4	0.357497724439	4	0.561319927494	2	1	1	3405	300000	168	5500	1901	56	29	34	35	29	43	33	27	28	12	6	84
29790399_zpid	29790399_zpid	10473	1024 Harding Park, Bronx, NY 10473	40.807352	-73.856616	0.965879313297	0	1.59882063862	0	2.84438894769	0	2	1.5	945	208000	20	2770	1910	64	36	80	48	36	40	52	44	20	40	12	188
2099532023_zpid	2099532023_zpid	11235	3059 Brighton 5th #1, Brooklyn, NY 11235	40.578058	-73.962316	0.11826602937	9	0.0799471384588	6	0.0981554214297	2	9	4	1007	1100000	0	2600	1925	182	70	74	106	56	68	51	22	44	31	25	276
96788910_zpid	96788910_zpid	11221	480 Kosciuszko St, Brooklyn, NY 11221	40.6922629	-73.9349	0.422682356064	11	0.498592055826	6	0.527542875674	2	3	1.5	780	1000	66	1250	1800	143	72	76	104	85	43	35	16	29	49	46	211
29783098_zpid	29783098_zpid	10460	794 Fairmount Pl, Bronx, NY 10460	40.8423848	-73.8887583	0.337236464314	7	0.340047919422	2	0.573893577655	1	6	4	3200	750000	17	1881	1899	196	12	95	82	85	15	13	5	31	29	15	139
30791382_zpid	30791382_zpid	11235	149 Norfolk St, Brooklyn, NY 11235	40.579603	-73.938668	1.01886595693	0	1.30976102716	0	1.54058828921	0	3	4	2350	450000	24	2500	1935	36	24	16	40	32	48	56	12	52	8	4	116
30781595_zpid	30781595_zpid	11234	2042 Pearson St, Brooklyn, NY 11234	40.613272	-73.919513	0.250941790937	4	0.961079307819	0	3.22361729642	0	8	4.5	3432	499358	99	958320	1970	16	3	12	10	10	30	17	13	19	5	6	83
83179125_zpid	83179125_zpid	10473	252 Soundview Ave, Bronx, NY 10473	40.810814	-73.8552629	0.581714037297	1	1.22110622606	0	2.52796041694	0	5	2	2584	300000	142	2789	2007	34	9	19	23	13	19	14	18	10	19	3	72
30626830_zpid	30626830_zpid	11221	25 Bleecker St, Brooklyn, NY 11221	40.6934054	-73.9231458	0.318895098361	10	0.287514160085	5	0.426727248873	4	2	1	2092	200000	147	2200	1901	195	56	83	113	84	43	39	18	61	38	31	253
29784261_zpid	29784261_zpid	10458	448 E 185th St APT A, Bronx, NY 10458	40.856689	-73.893289	0.213378001338	12	0.437018254293	9	0.57985301342	3	5	2.5	2400	385100	16	1500	1997	435	46	204	196	227	23	27	12	42	69	30	316
29815905_zpid	29815905_zpid	10461	1874 Hutchinson River Pkwy, Bronx, NY 10461	40.847548	-73.835406	0.240475001719	8	0.524920816824	1	0.252630284145	2	5	2.5	2096	450000	62	37	1920	77	13	18	13	16	34	24	13	12	12	7	76
30584408_zpid	30584408_zpid	11215	244A 7th St, Brooklyn, NY 11215	40.671579	-73.988286	0.0161668915488	13	0.380322349239	3	0.0814970644184	2	2	2	1575	1610000	16	1558	1901	61	72	28	55	14	34	53	42	25	17	17	197
30619114_zpid	30619114_zpid	11249	105 S 2nd St, Brooklyn, NY 11249	40.713875	-73.963292	0.122409417608	10	0.35656620899	4	0.654303378847	1	2	1.5	2205	290000	146	1344	1899	25	91	7	27	6	30	19	20	22	3	8	107
30587110_zpid	30587110_zpid	11215	44 Montgomery Pl, Brooklyn, NY 11215	40.67093	-73.972962	0.351882525233	12	0.399418847229	3	0.515262770939	3	5	4	5690	4999999	0	2000	1901	16	25	3	18	9	10	43	19	15	5	5	118
30638475_zpid	30638475_zpid	11207	651 Liberty Ave, Brooklyn, NY 11207	40.676189	-73.88585	0.170981252028	10	0.378286483383	8	0.430650034188	4	6	6	5000	525000	6	2500	1920	45	24	41	47	31	55	24	14	33	21	10	138
29845531_zpid	29845531_zpid	10465	213 Throggs Neck Blvd, Bronx, NY 10465	40.817412	-73.813061	0.406659141719	4	0.46394337092	1	3.53678520108	0	3	2	1620	425000	58	2482	1955	24	32	8	28	20	48	92	52	48	20	36	244
30634054_zpid	30634054_zpid	11207	68 Williams Ave, Brooklyn, NY 11207	40.674624	-73.9007419	0.356363938631	3	0.598712934702	3	0.214421736101	8	5	2	1662	232140	78	2500	1901	23	6	26	37	25	10	23	10	13	7	5	60
30598361_zpid	30598361_zpid	11233	2380 Dean St, Brooklyn, NY 11233	40.674379	-73.908919	0.133635440608	7	0.333957004603	5	0.483829440579	6	4	2	2304	510000	31	4715	1925	600	52	312	508	284	120	112	72	156	192	80	544
30619257_zpid	30619257_zpid	11249	78 S 3rd St, Brooklyn, NY 11249	40.7131	-73.96494	0.0742841272674	9	0.365245924343	4	0.796858902015	0	9	4	3500	999990	55	2250	1899	100	360	32	132	32	92	88	156	80	12	32	388
30709766_zpid	30709766_zpid	11228	1246 82nd St, Brooklyn, NY 11228	40.6168	-74.012771	0.381734508471	4	0.711423088571	1	1.09128448114	0	5	5	6000	2799000	0	60	1920	6	14	0	13	0	20	35	20	17	4	1	48
30590083_zpid	30590083_zpid	11238	441 Prospect Pl, Brooklyn, NY 11238	40.676395	-73.961547	0.143147117004	13	0.188360564741	6	0.377276960476	6	5	3	2295	1365000	4	2186	1931	856	860	360	456	416	208	156	176	224	172	68	1008
30737678_zpid	30737678_zpid	11223	15 Corso Ct, Brooklyn, NY 11223	40.5948734	-73.9747317	0.274767485276	7	0.30205316531	3	0.176178779876	4	1	1	725	475000	49	1343	1925	160	48	44	144	48	220	96	152	104	28	40	420
29790563_zpid	29790563_zpid	10473	1860 Obrien Ave, Bronx, NY 10473	40.81084	-73.85845	0.776526792628	0	1.19960233945	0	2.42702592896	0	3	2	1200	124000	198	2500	1925	37	7	17	26	10	19	10	17	10	19	4	72
