30693973_zpid	30693973_zpid	11209	7222 Colonial Rd, Brooklyn, NY 11209	40.634339	-74.0328	0.0824701225299	9	0.487267910182	2	0.79909875273	0	1	1	2360	400000	311	2200	1920	117	10	16	27	21	43	31	96	20	5	3	87
29791524_zpid	29791524_zpid	10473	443 Torry Ave, Bronx, NY 10473	40.815717	-73.849662	0.141976096008	3	0.523821830834	2	2.07300725639	0	7	2.5	2336	540000	9	2238	1965	25	4	6	5	3	13	11	7	9	4	4	33
29846860_zpid	29846860_zpid	10465	3101 Miles Ave, Bronx, NY 10465	40.821404	-73.810199	0.123064967926	4	0.681220372155	1	3.33042918948	0	3	1	1836	387500	7	2617	1940	19	10	3	6	2	10	10	10	12	3	3	35
29830710_zpid	29830710_zpid	10469	3045 Tiemann Ave, Bronx, NY 10469	40.871512	-73.840754	0.344112381767	1	0.824232303868	0	0.52295563834	1	6	4	2400	440000	0	2975	1996	53	8	38	31	19	40	39	9	29	5	12	72
30618875_zpid	30618875_zpid	11249	126 N 1st St, Brooklyn, NY 11249	40.715286	-73.962039	0.112857964961	13	0.210624574086	4	0.47302151799	1	3	2	2500	500000	77	1240	1899	260	372	28	140	28	148	76	80	108	152	12	548
29840734_zpid	29840734_zpid	10475	3448 Steenwick Ave, Bronx, NY 10475	40.883007	-73.830031	0.489821460004	2	0.236856529242	4	0.593076957858	1	4	2	861	315000	0	2500	1915	3	3	2	10	3	9	11	9	4	3	3	33
30606349_zpid	30606349_zpid	11233	234 Bainbridge St, Brooklyn, NY 11233	40.68115	-73.927522	0.222116385903	6	0.370173287784	4	0.335895355497	2	3	1	1680	480000	112	1424	1920	139	66	101	134	80	19	18	12	44	44	27	196
30599915_zpid	30599915_zpid	11233	402 Bainbridge St, Brooklyn, NY 11233	40.681894	-73.920786	0.340996679474	6	0.432842153372	3	0.356593477245	2	3	1	2400	1200000	2	17	1899	234	60	143	172	137	24	36	12	63	90	27	266
30650453_zpid	30650453_zpid	11212	67 E 91st St, Brooklyn, NY 11212	40.662514	-73.929107	0.169114526892	12	0.112370849338	6	0.593828860143	1	2	2	1584	400000	13	1600	1940	712	40	256	276	236	124	36	16	64	100	36	492
30602689_zpid	30602689_zpid	11221	288 Van Buren St, Brooklyn, NY 11221	40.6907179	-73.935308	0.381652029091	10	0.494912672404	6	0.621107135602	2	6	2	2331	526000	63	1850	1899	193	39	100	141	101	39	30	14	35	53	43	234
30719336_zpid	30719336_zpid	11204	1568 W 7th St, Brooklyn, NY 11204	40.6088465	-73.9810786	0.18451565079	11	0.209508310386	6	0.344264951146	3	4	3	1240	172000	237	1150	1930	680	112	156	180	244	268	84	100	56	40	28	488
29787699_zpid	29787699_zpid	10458	364 E 198th St, Bronx, NY 10458	40.8667256	-73.8867164	0.0737301955035	7	0.246698638658	6	0.304277314958	4	4	2	2200	349000	0	1498	1925	2720	268	692	688	876	180	84	36	276	212	104	1024
30670973_zpid	30670973_zpid	11218	4 E 2nd St, Brooklyn, NY 11218	40.651751	-73.980223	0.346821579592	6	0.243819996827	2	0.434438408471	1	4	2	1440	1243500	31	1517	1920	16	68	44	72	40	80	60	76	44	8	16	188
30704290_zpid	30704290_zpid	11228	1271 73rd St, Brooklyn, NY 11228	40.621863	-74.00646	0.154598486279	8	0.027104384024	2	0.689944140475	1	8	3.5	2472	695000	124	2252	1925	11	9	8	25	8	44	43	42	16	2	2	68
29847377_zpid	29847377_zpid	10465	3287 Tierney Pl, Bronx, NY 10465	40.815943	-73.799995	0.958515397518	0	1.5551747653	0	4.3614796217	0	3	2	1665	460000	1	2613	1955	0	0	0	0	0	0	8	4	2	0	0	9
30746103_zpid	30746103_zpid	11229	2270 E 26th St, Brooklyn, NY 11229	40.596164	-73.94523	0.359733995728	8	0.392790576848	4	0.845636269304	0	3	2	1771	710000	15	2200	1940	26	20	12	25	17	26	33	24	21	7	4	93
29814888_zpid	29814888_zpid	10461	1721 Tenbroeck Ave, Bronx, NY 10461	40.850477	-73.848498	0.49476877326	2	0.64109822607	1	1.09893937631	0	3	3	1260	495000	41	2526	1925	44	14	5	20	9	29	31	11	23	4	2	71
30763822_zpid	30763822_zpid	11234	1565 Hendrickson St, Brooklyn, NY 11234	40.6196048	-73.9346157	0.275294836436	8	0.27468504679	3	1.838659063	0	5	5	5700	1499000	0	4146	1920	148	124	60	92	64	164	124	92	60	40	4	564
29832749_zpid	29832749_zpid	10466	829 E 232nd St, Bronx, NY 10466	40.89165	-73.853627	0.180702661002	6	0.390382393549	3	0.366400232945	2	2	3	1560	275000	116	1562	1955	173	14	96	67	71	77	28	8	32	35	11	165
30789661_zpid	30789661_zpid	11235	3041 Brighton 7th St, Brooklyn, NY 11235	40.5787886	-73.960743	0.0990424210983	11	0.126797118189	7	0.132995922731	2	3	2	845	80000	22	1690127.9999999998	1925	225	66	77	106	66	75	51	25	50	35	25	290
29833622_zpid	29833622_zpid	10466	1023 E 228th St, Bronx, NY 10466	40.8870239	-73.849466	0.364843470965	6	0.247277971441	3	0.9219280765	0	3	2	1402	399999	0	1860	1935	74	13	34	27	21	76	15	5	33	16	14	74
30601341_zpid	30601341_zpid	11233	1415 Herkimer St, Brooklyn, NY 11233	40.6775019	-73.906522	0.358766180933	5	0.343614140223	3	0.23180628896	9	8	3	2700	545000	13	1700	1899	157	18	105	140	91	32	28	16	44	60	19	157
30772714_zpid	30772714_zpid	11236	730 E 93rd St, Brooklyn, NY 11236	40.6500569	-73.913538	0.209716014342	5	0.838323793405	0	1.05735994797	0	7	3	2327	530000	13	2317	1935	42	4	18	21	20	42	20	10	7	12	3	101
30587861_zpid	30587861_zpid	11215	479 9th St, Brooklyn, NY 11215	40.6664249	-73.980044	0.127141301654	17	0.493281562614	3	0.0279140177528	2	1	1	2720	800000	158	1400	1901	49	61	17	40	14	25	61	37	26	7	18	170
30735914_zpid	30735914_zpid	11223	2063 West St, Brooklyn, NY 11223	40.5979289	-73.9714433	0.482546884719	3	0.494476669658	3	0.263266063335	3	4	2	1800	912500	79	2300	2011	30	17	9	26	6	44	27	67	26	5	4	87
29777241_zpid	29777241_zpid	10451	146 E 150th St, Bronx, NY 10451	40.819427	-73.927605	0.0851484381529	4	0.517691887496	1	0.119046985598	4	7	3	3413	280900	126	1850	1901	708	92	268	216	204	28	40	32	80	72	40	612
30596089_zpid	30596089_zpid	11213	1313 Prospect Pl, Brooklyn, NY 11213	40.673628	-73.932906	0.215510537667	9	0.275770250735	3	0.526661282092	2	7	3	3210	740000	23	2555	1899	278	34	124	132	128	30	22	9	39	46	14	225
30670935_zpid	30670935_zpid	11218	629 Vanderbilt St, Brooklyn, NY 11218	40.654125	-73.975407	0.165006636339	4	0.344572910358	2	0.483412104217	1	9	3	1928	1338000	26	2963	1901	10	16	13	18	10	21	18	19	14	1	4	49
30740507_zpid	30740507_zpid	11235	18 Brighton 4th Ter, Brooklyn, NY 11235	40.5817059	-73.963659	0.116866395584	9	0.33275786888	6	0.4928792737	2	7	6	3800	825000	115	2500	1930	280	160	180	288	100	284	184	128	132	76	96	756
30771846_zpid	30771846_zpid	11236	1336 E 86th St, Brooklyn, NY 11236	40.631004	-73.90109	0.640859361102	2	0.46590639453	1	1.74333251633	0	3	2.5	1800	404000	25	2000	1955	54	12	23	29	10	64	24	10	31	7	12	77
29785176_zpid	29785176_zpid	10457	746 E 182nd St, Bronx, NY 10457	40.849432	-73.885381	0.153183579171	11	0.508395819085	4	1.11182730081	0	5	3	1680	415000	132	2625	1910	116	28	67	82	55	22	6	3	29	38	16	114
30736544_zpid	30736544_zpid	11223	2120 W 11th St, Brooklyn, NY 11223	40.595368	-73.982378	0.422902134639	7	0.224413321442	5	0.36049647604	4	5	3	2584	605000	131	2000	1925	36	16	6	18	9	25	22	29	13	6	4	56
30728349_zpid	30728349_zpid	11229	1814 E 17th St, Brooklyn, NY 11229	40.605571	-73.956055	0.308221350881	4	0.49944759558	6	0.37616638821	2	6	4	3014	965000	17	2000	1930	720	152	240	236	252	328	232	120	96	80	32	776
29827387_zpid	29827387_zpid	10467	816 E 222nd St, Bronx, NY 10467	40.884341	-73.85823	0.28329480177	4	0.338641463668	1	0.381485294671	2	5	3	2695	450000	14	2240	1960	93	5	48	64	46	52	9	3	20	32	4	95
29791949_zpid	29791949_zpid	10473	575 Underhill Ave, Bronx, NY 10473	40.817154	-73.859397	0.434651241066	1	0.498007950804	1	1.74159529825	0	7	3	3100	545900	12	2156	1960	47	15	16	31	16	36	13	17	20	17	11	100
83178099_zpid	83178099_zpid	10455	441 E 154th St, Bronx, NY 10455	40.8192495	-73.9145811	0.380707473879	6	0.0986137872282	10	0.440233799138	3	6	2	3000	561000	109	1250	2005	62	26	27	40	34	21	18	4	14	8	10	137
30605662_zpid	30605662_zpid	11233	348 Macdonough St, Brooklyn, NY 11233	40.6820359	-73.9325549	0.0671258529156	9	0.0701333725163	4	0.335002947364	2	5	2.5	3600	2200000	0	2000	1899	101	61	81	103	60	12	24	6	34	28	19	146
30566213_zpid	30566213_zpid	11201	328 Plymouth St, Brooklyn, NY 11201	40.703384	-73.980412	0.562564014551	3	0.973621111174	0	0.578886561722	1	3	2.5	2100	910000	33	1750	1920	2	19	1	7	0	11	16	5	8	1	1	20
30783169_zpid	30783169_zpid	11234	2345 E 74th St, Brooklyn, NY 11234	40.617265	-73.90052	0.847114995338	0	0.751327749292	0	3.27349741675	0	5	4	1508	465000	5	4000	1930	2	13	2	6	0	4	17	8	14	1	3	43
30717217_zpid	30717217_zpid	11230	1296 E 10th St, Brooklyn, NY 11230	40.617561	-73.965114	0.18867244302	6	0.213487996459	6	0.482956049298	1	3	3	2320	995000	11	2350	1915	88	18	21	32	26	56	60	19	31	7	2	136
30773623_zpid	30773623_zpid	11236	1048 E 94th St, Brooklyn, NY 11236	40.644235	-73.905792	0.217566194639	5	1.01226548627	0	0.428221538396	1	4	3	1205	460000	12	2500	1915	56	10	27	35	20	73	38	7	12	25	8	118
30570927_zpid	30570927_zpid	11231	536 Court St, Brooklyn, NY 11231	40.675569	-73.999443	0.057288502721	8	0.387153971634	1	0.212945169865	2	3	3.5	2457	1693500	58	1560	1931	26	30	7	17	9	14	41	8	11	5	7	105
30668460_zpid	30668460_zpid	11226	1153 Flatbush Ave, Brooklyn, NY 11226	40.642263	-73.956943	0.0563796436972	8	0.117435236572	4	0.60544176749	3	3	1	2760	174000	103	2358	1933	599	124	281	299	266	71	44	26	66	113	19	444
30640971_zpid	30640971_zpid	11207	541 Van Siclen Ave, Brooklyn, NY 11207	40.666248	-73.888389	0.353403624181	10	0.390168708732	8	0.0738257232806	3	3	3	1190	335000	11	1750	1930	944	88	552	492	524	128	144	48	248	292	92	992
89073820_zpid	89073820_zpid	11207	266 Van Siclen Ave, Brooklyn, NY 11207	40.67342	-73.890776	0.122675768181	9	0.319354328776	5	0.0734228505646	3	9	3	3060	325000	0	2500	2007	492	108	380	444	376	268	152	100	180	160	80	932
30664431_zpid	30664431_zpid	11225	74 Lincoln Rd, Brooklyn, NY 11225	40.660746	-73.96002	0.0477027448288	12	0.262007674986	6	0.211579563427	2	2	1	3100	1175000	92	5250	1910	345	100	154	128	151	13	39	19	57	39	11	242
30624090_zpid	30624090_zpid	11211	34 Maspeth Ave, Brooklyn, NY 11211	40.715176	-73.941385	0.237286113294	11	0.261406919996	4	0.235166719673	3	3	1	2200	1200000	28	2213	1920	34	144	19	53	25	32	49	14	28	16	21	193
30781577_zpid	30781577_zpid	11234	2075 E 56th St, Brooklyn, NY 11234	40.612529	-73.919071	0.323723882688	3	0.970156959944	0	3.30219873252	0	7	4	3864	800000	102	22	1970	10	3	11	10	6	29	18	10	13	4	5	73
30721860_zpid	30721860_zpid	11223	249 Highlawn Ave, Brooklyn, NY 11223	40.603951	-73.976557	0.0944492835118	7	0.20874094449	3	0.320840599393	3	5	2.5	880	738000	44	2754	1925	408	128	188	120	128	352	120	208	92	60	24	548
30746280_zpid	30746280_zpid	11229	2275 E 27th St, Brooklyn, NY 11229	40.596169	-73.943692	0.260439283692	8	0.281919729401	4	0.974871314467	0	3	2	1848	699000	0	2200	1950	36	52	16	68	16	72	128	88	72	12	12	304
30793175_zpid	30793175_zpid	11229	2324 Plumb 1st St, Brooklyn, NY 11229	40.596218	-73.932576	0.348626809635	8	0.571652963172	2	1.91210829753	0	3	2.5	1512	370000	53	1800	1940	72	64	4	28	12	28	76	32	68	12	8	172
30763048_zpid	30763048_zpid	11234	1571 E 49th St, Brooklyn, NY 11234	40.622455	-73.927966	0.10107548773	9	0.16912826942	1	2.0245673093	0	3	1	868	300000	20	2100	1925	11	33	2	13	8	40	34	16	17	4	4	123
29785269_zpid	29785269_zpid	10458	740 E 183rd St, Bronx, NY 10458	40.851416	-73.884367	0.255006398789	9	0.309378135854	2	1.23366547675	0	8	4	2510	549000	0	2509	1940	1188	244	380	468	464	52	56	24	128	204	52	712
30784584_zpid	30784584_zpid	11234	1754 E 53rd St, Brooklyn, NY 11234	40.615612	-73.923902	0.393422146361	8	0.946523410962	0	2.77481541423	0	8	6	2684	630000	5	3000	1925	17	16	9	11	11	37	25	22	20	6	7	118
30714677_zpid	30714677_zpid	11228	1592 Independence Ave, Brooklyn, NY 11228	40.603693	-74.014162	0.418280260638	3	0.635743568092	1	1.15232759513	0	2	2	1488	750000	7	1742	1950	7	1	2	5	1	6	10	12	4	1	2	21
30705461_zpid	30705461_zpid	11228	7401 14th Ave, Brooklyn, NY 11228	40.6192774	-74.0046126	0.230068015932	9	0.30033032239	3	0.486977086544	2	4	3.5	4160	1550000	44	5000	1950	13	10	11	25	11	46	46	48	16	1	2	86
94719838_zpid	94719838_zpid	11213	1741 Pacific St, Brooklyn, NY 11213	40.676938	-73.932494	0.0726063525645	8	0.123023045339	5	0.308441001848	1	4	2	2050	300000	6	3049	1923	384	48	156	224	196	136	92	24	76	48	24	500
30715241_zpid	30715241_zpid	11214	1936 20th Dr, Brooklyn, NY 11214	40.599789	-74.005313	0.312185488262	5	0.466254101617	3	0.803915808472	0	5	2	1652	929000	0	2484	1940	110	11	31	23	21	39	34	35	10	9	9	95
30613653_zpid	30613653_zpid	11238	447 Classon Ave, Brooklyn, NY 11238	40.6854314	-73.9591842	0.379174274621	14	0.371100376201	7	0.390345428154	5	2	1	2840	1400000	30	1272	1899	117	159	76	116	66	29	40	16	44	19	37	163
30782654_zpid	30782654_zpid	11234	2149 E 73rd St, Brooklyn, NY 11234	40.619938	-73.904728	0.562479110704	1	0.496863669175	1	2.9839332732	0	4	1.5	600	550000	56	4000	1925	11	6	6	10	5	12	17	8	15	3	4	56
29784634_zpid	29784634_zpid	10457	610 E 181st St, Bronx, NY 10457	40.850023	-73.890659	0.257130062371	12	0.552414826793	5	0.826879889134	0	3	2.5	1352	189000	77	2186	1901	484	108	270	292	242	60	34	26	100	114	54	460
30614898_zpid	30614898_zpid	11205	35 N Oxford St, Brooklyn, NY 11205	40.696954	-73.97526	0.38583880129	7	0.412991137204	2	0.938869920861	0	7	4	2520	545000	131	1875	1899	23	19	9	18	15	25	5	21	4	12	6	56
30612772_zpid	30612772_zpid	11238	390 Lafayette Ave, Brooklyn, NY 11238	40.688691	-73.959621	0.222489092918	10	0.216999082703	8	0.0429752010738	3	1	1	2688	639619	96	1190	1899	63	74	35	59	29	12	18	12	29	10	17	90
30659850_zpid	30659850_zpid	11203	238 E 43rd St, Brooklyn, NY 11203	40.6499901	-73.9372315	0.185186196364	3	0.472299259503	3	1.04682081148	0	3	2.5	1040	201000	166	1040	1923	123	12	70	61	62	43	17	3	25	26	9	106
30667791_zpid	30667791_zpid	11226	467 E 21st St, Brooklyn, NY 11226	40.642775	-73.95831	0.127730637306	9	0.217183368254	4	0.514351056766	2	6	3	2420	699000	12	2000	1901	577	118	300	307	291	67	46	29	69	95	15	493
30772381_zpid	30772381_zpid	11236	1425 E 87th St, Brooklyn, NY 11236	40.630229	-73.898242	0.691218503342	3	0.336962567863	1	1.85365031149	0	6	2.5	2760	655000	15	2000	1960	46	8	19	20	6	50	24	8	23	8	5	60
29834311_zpid	29834311_zpid	10469	1117 E 222nd St, Bronx, NY 10469	40.882129	-73.849693	0.110592833962	8	0.208680229703	4	1.025189947	0	3	3	1420	400000	23	3876	1920	48	14	16	18	15	21	6	7	16	11	2	37
30699284_zpid	30699284_zpid	11209	8419 Fort Hamilton Pkwy, Brooklyn, NY 11209	40.620895	-74.023223	0.14568143194	11	0.188304782541	3	0.48061200538	1	3	3	2736	948000	32	2492	1920	356	184	88	136	112	108	60	68	8	104	12	612
30791520_zpid	30791520_zpid	11235	1011 Banner Ave, Brooklyn, NY 11235	40.583767	-73.959357	0.300384803846	10	0.206026011493	7	0.56100880706	2	6	3	2680	510000	58	3001	1920	145	32	45	67	37	57	44	31	39	22	21	176
30627048_zpid	30627048_zpid	11221	66 Bleecker St, Brooklyn, NY 11221	40.694183	-73.921754	0.461382539352	9	0.17271011353	5	0.508705488605	4	3	1	3300	278500	46	2500	1885	175	50	78	108	70	39	34	16	57	34	30	208
30766922_zpid	30766922_zpid	11236	547 E 83rd St, Brooklyn, NY 11236	40.641224	-73.915482	0.578840238911	6	0.689801427472	1	1.30046014331	0	3	1	1800	490000	44	2003	1960	32	7	21	14	9	40	32	9	22	8	8	77
30786821_zpid	30786821_zpid	11234	2131 Hendrickson St, Brooklyn, NY 11234	40.610428	-73.924321	0.49680675344	3	1.20373077781	0	2.83730301443	0	3	1	1122	430000	41	2500	1925	24	36	20	40	16	132	92	68	60	16	24	328
30585055_zpid	30585055_zpid	11215	354 10th St, Brooklyn, NY 11215	40.66868	-73.987523	0.159425729452	15	0.14897739947	4	0.250035525996	4	5	3.5	2080	2300000	24	1667	1899	92	103	32	72	29	41	59	38	42	24	25	260
30791525_zpid	30791525_zpid	11235	1123 Blake Ct, Brooklyn, NY 11235	40.5845174	-73.9583361	0.261156999498	10	0.211941225263	7	0.441646166163	1	9	4.5	4400	44000	213	2400	2001	134	35	45	69	41	64	48	32	43	23	17	169
30610384_zpid	30610384_zpid	11216	23 Halsey St, Brooklyn, NY 11216	40.681698	-73.952545	0.251635078436	12	0.304522296962	8	0.26909627382	4	3	1	3600	525000	46	1785	1899	210	158	89	132	97	21	50	21	51	55	41	260
30758113_zpid	30758113_zpid	11234	1113 E 48th St, Brooklyn, NY 11234	40.633974	-73.93014	0.159021387402	5	0.937279557948	0	1.48397628662	0	2	2	1000	292000	141	2150	1940	44	40	44	36	8	64	68	24	36	32	8	184
30701109_zpid	30701109_zpid	11209	106 Battery Ave APT 203, Brooklyn, NY 11209	40.6166362	-74.0241846	0.323486328003	7	0.460898709552	3	0.598219435125	1	1	1	677	325000	17	6250	1988	32	13	9	15	13	15	10	7	1	3	2	69
30622492_zpid	30622492_zpid	11211	420 Graham Ave, Brooklyn, NY 11211	40.717485	-73.944612	0.0441458241827	13	0.376605671567	4	0.328456973009	4	2	1	3900	950000	122	1775	1920	14	67	15	42	14	27	42	13	24	8	18	126
30695626_zpid	30695626_zpid	11228	1054 Bay Ridge Pkwy, Brooklyn, NY 11228	40.62326	-74.012872	0.516521283645	6	0.439622537766	3	1.10545799346	0	6	4	2728	1507500	6	3000	1925	11	10	5	17	6	46	47	35	16	2	4	63
2099909131_zpid	2099909131_zpid	11214	1940 80th St, Brooklyn, NY 11214	40.608424	-73.995859	0.128846277006	13	0.18183365535	9	0.472739529193	4	5	4	2475	1899000	0	5998	1915	488	72	148	188	108	248	196	108	112	56	32	640
29787452_zpid	29787452_zpid	10463	3829 Cannon Pl, Bronx, NY 10463	40.8832137	-73.8963023	0.156040676261	4	0.284294801728	2	0.417079939105	1	3	3	1800	549000	0	1742	1930	513	7	48	73	55	22	31	20	23	17	15	116
30694816_zpid	30694816_zpid	11209	7418 Colonial Rd, Brooklyn, NY 11209	40.633046	-74.033328	0.208015401939	8	0.591526874263	2	0.755983214172	0	5	3	2324	325000	227	2500	1920	87	8	17	23	19	49	42	92	19	7	3	91
30664495_zpid	30664495_zpid	11225	244 Lincoln Rd, Brooklyn, NY 11225	40.661079	-73.954633	0.346248175399	10	0.397237982122	6	0.369213813612	3	4	3	2700	800000	64	2100	1910	492	96	210	185	182	33	43	20	46	72	23	301
30794113_zpid	30794113_zpid	11229	44 Noel Ave, Brooklyn, NY 11229	40.587919	-73.923335	0.246474139472	2	1.42998796253	0	2.60793684278	0	6	2	2160	92000	265	3600	1945	2	3	1	15	0	1	32	11	24	2	5	41
30695211_zpid	30695211_zpid	11209	7529 Shore Rd, Brooklyn, NY 11209	40.632821	-74.036944	0.47029498134	1	0.875074507225	0	1.02497557009	0	5	5	6364	3995000	0	6975	1915	25	5	4	6	3	21	29	64	10	0	2	33
89070438_zpid	89070438_zpid	11207	345 Miller Ave, Brooklyn, NY 11207	40.67238	-73.8910436	0.10119321245	6	0.274887841283	3	0.0600108370304	3	8	7	3976	150000	25	1285	2008	114	24	83	102	80	64	38	26	47	40	21	209
30567672_zpid	30567672_zpid	11201	51 Joralemon St, Brooklyn, NY 11201	40.693818	-73.997749	0.0675905610078	15	0.491503686155	4	0.565510022653	4	6	3	3192	3735000	33	1477	1915	184	304	80	100	60	52	192	120	88	16	48	524
30765169_zpid	30765169_zpid	11234	1773 Hendrickson St, Brooklyn, NY 11234	40.6161172	-73.9307973	0.0483905616172	6	0.661904274877	1	2.34293768363	0	3	2	1584	450000	50	2000	1920	32	208	8	40	12	124	120	80	72	24	8	420
30595696_zpid	30595696_zpid	11233	1971 Pacific St, Brooklyn, NY 11233	40.676428	-73.923146	0.356096722203	5	0.264575543124	1	0.291791991388	2	3	1	2604	205000	21	2000	1910	524	100	360	376	280	60	96	20	132	164	96	648
30583871_zpid	30583871_zpid	11215	322 4th St, Brooklyn, NY 11215	40.671667	-73.983229	0.147286043124	17	0.34627677565	4	0.437939979476	4	6	2	2920	2583750	21	1667	1899	59	77	26	45	26	27	62	43	32	15	22	228
30760824_zpid	30760824_zpid	11234	1897 Schenectady Ave, Brooklyn, NY 11234	40.626143	-73.930256	0.30520510355	10	0.380560311355	1	1.64700462209	0	3	2	1700	490000	15	2100	1950	35	15	17	23	17	45	25	18	23	3	1	90
30640370_zpid	30640370_zpid	11207	531 Miller Ave, Brooklyn, NY 11207	40.667682	-73.889659	0.260700650705	6	0.526762726093	7	0.253133683836	4	10	3	3240	360000	138	2565	1901	178	22	133	126	131	26	44	10	57	62	20	247
29814000_zpid	29814000_zpid	10461	1561 Hering Ave, Bronx, NY 10461	40.847271	-73.847026	0.395124147276	5	0.58092199328	2	0.884847421655	0	3	1	1034	260000	14	2500	1925	44	11	10	28	10	31	28	17	22	6	4	76
30603168_zpid	30603168_zpid	11221	678 Lexington Ave, Brooklyn, NY 11221	40.689557	-73.932406	0.439840730419	10	0.386856409969	4	0.519088502888	1	5	2	940	450000	21	3402	2002	896	208	464	600	460	244	152	60	176	252	204	1100
30757005_zpid	30757005_zpid	11234	1621 E 35th St, Brooklyn, NY 11234	40.615505	-73.9386509	0.253572249659	3	0.216140722226	2	1.76893841779	0	3	2	1064	575000	17	1800	1925	52	56	44	76	24	148	108	88	148	32	12	400
64775924_zpid	64775924_zpid	11221	212 Marcus Garvey Blvd, Brooklyn, NY 11221	40.690682	-73.9398889	0.0370128276755	9	0.24566735648	5	0.809431244414	0	3	2	3600	665000	36	3000	2004	756	212	388	588	364	120	120	56	152	216	132	916
29848444_zpid	29848444_zpid	10465	2876 Schley Ave, Bronx, NY 10465	40.823856	-73.821081	0.488414360352	1	0.400477066557	2	2.56916252914	0	3	2	1188	469000	6	2448	1960	13	19	8	18	7	14	21	21	12	1	3	57
30634877_zpid	30634877_zpid	11207	417 Pennsylvania Ave, Brooklyn, NY 11207	40.66711	-73.894289	0.160398462207	6	0.243332907792	10	0.280227148899	5	11	4.5	3000	456300	128	2000	1901	177	20	113	124	135	21	46	10	46	42	17	198
30606362_zpid	30606362_zpid	11233	268 Bainbridge St, Brooklyn, NY 11233	40.681298	-73.92626	0.31343318231	7	0.351132575012	3	0.43437961126	2	3	2	1368	500000	122	1173	1899	157	70	116	144	97	20	19	13	50	53	27	219
30762054_zpid	30762054_zpid	11234	4610 Flatlands Ave, Brooklyn, NY 11234	40.623784	-73.930986	0.0503730870031	9	0.337121547496	2	1.73077732371	0	4	3	1542	540000	6	2143	1950	140	72	56	80	76	184	136	100	68	24	4	440
29828995_zpid	29828995_zpid	10469	3477 Mickle Ave, Bronx, NY 10469	40.878782	-73.846569	0.151173502448	6	0.246707443415	3	0.728616147637	1	3	1	1024	349000	0	1916	1945	60	21	34	54	46	39	14	11	33	20	9	108
30753663_zpid	30753663_zpid	11210	1118 E 36th St, Brooklyn, NY 11210	40.623475	-73.940735	0.217626706087	2	0.575176502093	3	1.19432739325	0	3	1	1196	443000	64	2000	1920	73	9	30	33	24	62	42	11	25	9	6	76
30633700_zpid	30633700_zpid	11212	646 Osborn St, Brooklyn, NY 11212	40.655836	-73.905545	0.161230523058	4	0.216576624758	2	0.623078536638	1	5	3	1920	440000	71	2250	1950	78	11	48	57	43	23	19	7	35	15	7	123
30623071_zpid	30623071_zpid	11211	46 Devoe St, Brooklyn, NY 11211	40.713029	-73.949722	0.144195661068	16	0.202370130339	7	0.113752886036	3	4	3	1350	1574000	2	1825	1901	216	556	148	284	152	120	180	68	80	52	52	820
30776271_zpid	30776271_zpid	11236	1720 Rockaway Pkwy, Brooklyn, NY 11236	40.6392925	-73.8961741	0.179364256824	5	0.221848835508	3	0.949418904669	0	4	2.5	2351	285000	146	2351	1920	46	17	29	26	14	42	25	12	13	18	4	88
30579953_zpid	30579953_zpid	11218	575 17th St, Brooklyn, NY 11218	40.656807	-73.979397	0.228065855169	9	0.15663255747	4	0.427983274063	1	4	2.5	1870	1280000	23	1533	1920	8	20	32	20	20	40	36	32	28	0	8	84
30708121_zpid	30708121_zpid	11214	1917 79th St APT 1, Brooklyn, NY 11214	40.609741	-73.995638	0.25373098161	12	0.170114367566	10	0.552406433939	3	8	4	3327	1080000	25	3001	1970	90	13	28	41	21	49	40	28	26	10	6	125
29854384_zpid	29854384_zpid	10471	8 Ploughmans Bush, Bronx, NY 10471	40.892806	-73.912696	0.757920371206	0	0.870575868226	0	1.24980094612	0	5	2.5	2576	1200000	11	8420	1940	18	5	2	4	0	2	36	2	6	0	1	16
30704685_zpid	30704685_zpid	11204	2041 73rd St, Brooklyn, NY 11204	40.6115217	-73.9893343	0.123401005656	14	0.0930043769296	8	0.631951845272	2	6	4	3350	1100500	21	2667	1925	264	64	88	148	136	180	100	96	84	36	8	420
