30779922_zpid	30779922_zpid	11236	9405 Skidmore Ave, Brooklyn, NY 11236	40.631716	-73.890073	0.134013732473	2	0.114291523625	3	1.93775341199	0	7	3	3222	595000	48	3005	1980	27	7	10	6	2	24	10	15	8	5	1	29
68310610_zpid	68310610_zpid	11208	206 Fountain Ave, Brooklyn, NY 11208	40.675077	-73.875504	0.218775146128	9	0.1355386592	4	0.288818533878	2	6	3.5	2840	510000	116	2840	2005	692	84	380	444	332	220	196	32	172	208	68	784
30574331_zpid	30574331_zpid	11232	207 31st St, Brooklyn, NY 11232	40.656383	-73.99983	0.251497763664	5	0.471706368293	1	0.44605426237	2	4	2	1680	630000	40	2000	1930	23	32	12	17	11	9	27	14	13	1	9	66
30627184_zpid	30627184_zpid	11237	380 Bleecker St, Brooklyn, NY 11237	40.701898	-73.91412	0.0420230094941	12	0.315129693918	5	0.318257841103	5	11	4	2880	150000	261	2000	1931	167	69	121	155	106	40	33	27	63	63	24	263
29854388_zpid	29854388_zpid	10471	4659 Independence Ave, Bronx, NY 10471	40.893768	-73.911859	0.809523917571	0	0.953473771089	0	1.15279714459	0	3	2	1300	925000	8	15681.599999999999	1901	9	5	2	3	1	1	37	2	7	0	1	13
30732787_zpid	30732787_zpid	11224	3705 Neptune Ave, Brooklyn, NY 11224	40.577069	-74.003506	0.653207943815	1	0.138941515336	2	1.88360230925	0	5	2	1760	540000	6	2200	1940	53	16	15	42	13	5	21	7	19	13	2	57
30696730_zpid	30696730_zpid	11209	7814 Colonial Rd, Brooklyn, NY 11209	40.630247	-74.034476	0.512257714264	8	0.865711283855	0	0.759564562661	0	4	2	2350	830000	123	2500	1935	35	9	7	11	9	31	38	49	13	2	2	58
30637708_zpid	30637708_zpid	11207	36 Van Siclen Ave, Brooklyn, NY 11207	40.679432	-73.892334	0.0741778123164	4	0.0423414421826	3	0.193629317305	4	2	2	2763	180000	220	2500	1910	440	176	296	364	228	320	200	164	176	144	52	724
29785624_zpid	29785624_zpid	10457	2096 Valentine Ave, Bronx, NY 10457	40.852888	-73.899498	0.0766247328482	10	0.171468396231	9	0.371812904759	5	6	2	2024	212000	10	1682	1901	429	39	188	197	200	30	24	14	62	68	26	294
30787450_zpid	30787450_zpid	11234	2758 E 63rd St, Brooklyn, NY 11234	40.606964	-73.914432	1.00280608563	0	1.21997093309	0	3.60950807246	0	3	1.5	1584	650000	0	1800	1963	3	4	2	5	3	17	4	27	20	2	1	29
29787171_zpid	29787171_zpid	10463	3019 Kingsbridge Ter, Bronx, NY 10463	40.876157	-73.9021209	0.208822921027	7	0.136547014205	6	0.396788469653	2	6	2	2230	474000	14	1915	1920	1156	112	400	396	336	112	124	20	128	92	32	588
30706149_zpid	30706149_zpid	11214	7514 17th Ave, Brooklyn, NY 11214	40.614607	-73.998973	0.141758687524	11	0.157306194503	4	0.185187400673	2	5	3	2028	850000	2	1800	1930	34	5	9	22	6	15	16	20	11	6	5	79
30636571_zpid	30636571_zpid	11207	245 Sunnyside Ave, Brooklyn, NY 11207	40.683186	-73.889017	0.492389956387	6	0.451333270537	4	0.516331948896	2	3	1	3326	535000	47	6400	1901	42	29	30	34	29	35	25	15	23	8	5	71
30761978_zpid	30761978_zpid	11234	1514 E 45th St, Brooklyn, NY 11234	40.623852	-73.9325269	0.091117925177	9	0.345661016341	2	1.62201983026	0	3	1.5	1148	385000	28	2000	1925	136	52	64	80	92	160	132	96	60	24	4	372
30682029_zpid	30682029_zpid	11204	1947 66th St, Brooklyn, NY 11204	40.616676	-73.98726	0.244207934098	11	0.387936405336	6	0.205697948107	3	2	1	800	600000	16	1700	1925	45	15	31	48	28	56	39	40	25	8	9	152
29785745_zpid	29785745_zpid	10457	2063 Valentine Ave, Bronx, NY 10457	40.852222	-73.900402	0.0537026143288	10	0.183955103779	9	0.431862067518	5	7	2	3222	450000	18	2178	1901	443	40	197	202	203	32	21	15	67	72	26	304
29854642_zpid	29854642_zpid	10471	660 W 261ST St, Bronx, NY 10471	40.910724	-73.906054	0.484889968265	5	0.452839862959	3	1.01224261043	0	7	10	6700	2675000	0	21344.399999999998	1925	4	5	3	7	5	5	19	3	4	3	2	27
30598205_zpid	30598205_zpid	11233	2266 Pacific St, Brooklyn, NY 11233	40.675162	-73.908956	0.200667907804	6	0.255521163605	5	0.401130883763	6	5	2	900	1700000	0	5359	1899	166	14	97	137	93	36	29	16	46	55	25	156
30669090_zpid	30669090_zpid	11226	425 E 23rd St, Brooklyn, NY 11226	40.639668	-73.95578	0.0383630390828	9	0.143872594476	4	0.623358488799	2	4	2.5	1760	610000	25	103672800	1910	493	100	218	246	215	55	36	24	56	102	12	373
30784107_zpid	30784107_zpid	11234	1853 E 37th St, Brooklyn, NY 11234	40.612615	-73.932909	0.307997849573	3	0.438729283817	1	2.14999832042	0	3	1	1100	465000	19	1800	1925	3	29	3	6	2	19	33	29	31	2	4	61
30791909_zpid	30791909_zpid	11235	2754 E 28th St, Brooklyn, NY 11235	40.585794	-73.941298	0.265444322888	4	0.633744315157	1	1.09381823296	0	4	2	1440	625000	11	1820	1930	92	28	56	88	48	132	80	76	136	16	20	336
30763821_zpid	30763821_zpid	11234	1571 Hendrickson St, Brooklyn, NY 11234	40.619535	-73.93446	0.287766282817	8	0.286663988661	3	1.85276729827	0	4	2	2380	610000	22	2700	1920	128	164	60	92	64	156	124	92	52	40	4	544
30647474_zpid	30647474_zpid	11207	784 New Jersey Ave, Brooklyn, NY 11207	40.660016	-73.890956	0.295498219655	3	0.2771473352	5	0.612390589816	3	2	1	1444	459500	29	1876	1920	169	16	100	90	89	21	39	11	37	60	11	187
30780264_zpid	30780264_zpid	11234	1268 E 68th St, Brooklyn, NY 11234	40.623156	-73.915804	0.374215964932	4	0.793600229541	0	2.8691291107	0	9	3.5	2824	550000	156	29	1970	21	7	9	9	7	54	23	23	18	6	8	113
30664404_zpid	30664404_zpid	11225	17 Chester Ct, Brooklyn, NY 11225	40.658114	-73.960998	0.0616144881524	12	0.0780714200586	5	0.316935042295	2	4	3	2866	1500000	24	1659	1910	295	92	150	120	137	12	32	16	48	39	11	194
30614364_zpid	30614364_zpid	11238	497 Franklin Ave, Brooklyn, NY 11238	40.6816406	-73.955521	0.0229691158323	11	0.103713698828	7	0.0841722258007	4	4	3	2037	1100000	24	871	1930	284	332	188	264	168	108	112	44	84	56	116	536
29844494_zpid	29844494_zpid	10465	2928 Greene Pl, Bronx, NY 10465	40.832032	-73.825841	0.144249245337	4	0.570453213162	2	1.58547238933	0	2	2	1625	400000	0	2375	1925	6	14	4	10	3	12	25	13	10	1	5	44
30769307_zpid	30769307_zpid	11236	906 E 85th St, Brooklyn, NY 11236	40.637618	-73.909619	0.0253769384016	7	0.241173401177	2	1.20101822675	0	3	2	1420	410000	19	1833	1960	40	7	20	17	11	81	32	15	30	15	11	103
30642666_zpid	30642666_zpid	11208	174 Chestnut St, Brooklyn, NY 11208	40.683677	-73.875924	0.0954944678499	8	0.282447184814	6	0.188401238791	2	8	4	2500	428093	12	3750	1915	96	35	59	73	48	52	41	15	62	36	11	188
29836414_zpid	29836414_zpid	10466	4073 Amundson Ave, Bronx, NY 10466	40.893242	-73.837394	0.511380477381	1	0.568376824498	4	0.779363193106	0	3	2.5	1408	435000	97	3742	1935	38	3	6	13	4	56	26	11	23	8	5	50
29841187_zpid	29841187_zpid	10465	3264 Waterbury Ave, Bronx, NY 10465	40.836888	-73.819638	0.236861176198	2	0.203732751679	1	1.55107625465	0	4	2.5	1944	175000	240	2470	1965	5	7	7	8	7	9	26	13	11	4	3	41
30736800_zpid	30736800_zpid	11223	2135 W 7th St, Brooklyn, NY 11223	40.5955015	-73.9781418	0.168821012134	6	0.159125017857	2	0.235035601153	4	2	2	1120	681000	18	1600	1925	136	56	28	108	40	184	92	136	104	16	28	332
30671419_zpid	30671419_zpid	11218	103 E 2nd St, Brooklyn, NY 11218	40.6493477	-73.9793197	0.107955272968	9	0.527730611242	2	0.303462177336	2	5	2	2040	795000	32	2000	1925	188	104	92	108	100	96	104	112	72	20	24	372
30773733_zpid	30773733_zpid	11236	9726 Farragut Rd, Brooklyn, NY 11236	40.646856	-73.9031399	0.0801724991247	4	0.678119375781	1	0.111244614762	2	3	2	1184	144000	277	2000	1930	40	8	24	30	16	62	17	10	8	20	8	80
30570225_zpid	30570225_zpid	11231	562 Henry St APT 1, Brooklyn, NY 11231	40.681883	-74.000769	0.129781169377	13	0.268198080964	3	0.557873897934	1	1	1	1000	3400000	33	2000	1900	116	212	100	216	56	72	212	144	64	32	48	704
30739316_zpid	30739316_zpid	11223	2444 West St, Brooklyn, NY 11223	40.589449	-73.970316	0.140792287478	5	0.803842426213	0	0.333104750801	1	6	3	3300	928500	9	3000	1960	75	15	16	21	10	37	40	38	14	4	7	107
30722810_zpid	30722810_zpid	11223	1842 W 7th St, Brooklyn, NY 11223	40.60227	-73.9798327	0.162336663849	8	0.346969337352	3	0.189192645678	3	3	1.5	1254	755000	8	1409	1930	276	104	152	96	116	364	120	248	96	48	28	384
30785727_zpid	30785727_zpid	11234	2016 E 35th St, Brooklyn, NY 11234	40.608814	-73.931959	0.265427984734	1	0.736838295297	1	2.18517897477	0	3	2	1008	579000	0	1800	1925	1	9	4	2	2	11	19	22	20	1	1	33
30577578_zpid	30577578_zpid	11220	434 52nd St, Brooklyn, NY 11220	40.644635	-74.013008	0.0762359328595	10	0.218343143696	10	0.0992181953951	3	4	2	1600	850000	1	2003	1920	145	72	57	109	53	42	72	39	46	28	8	274
30758577_zpid	30758577_zpid	11210	955 E 40th St, Brooklyn, NY 11210	40.631915	-73.9376619	0.474683279788	1	0.539370838264	1	0.849337026892	0	2	1	1327	359840	2	2199	1910	104	12	64	80	52	96	64	64	52	32	20	272
30696183_zpid	30696183_zpid	11209	7706 Narrows Ave, Brooklyn, NY 11209	40.631797	-74.0367909	0.51679150503	2	0.914013955683	0	0.980112481871	0	3	1.5	1622	867000	57	2613	1925	9	5	2	5	3	16	27	53	9	0	1	30
30752853_zpid	30752853_zpid	11210	1038 E 36th St, Brooklyn, NY 11210	40.62547	-73.941111	0.332612853519	3	0.590652991274	2	0.988340387329	0	5	2	1600	373275	22	435	1920	131	14	69	54	53	73	50	23	34	17	12	131
30793742_zpid	30793742_zpid	11229	46 Gotham Ave, Brooklyn, NY 11229	40.589874	-73.926793	0.381238146686	2	1.09812324314	0	2.33671948787	0	2	2.75	1072	485000	10	1680	1920	4	24	4	60	4	4	104	44	76	4	12	136
30791228_zpid	30791228_zpid	11235	163 Kensington St, Brooklyn, NY 11235	40.579203	-73.94159	0.59611013292	1	1.35385952718	0	1.36449117804	0	3	2.5	1704	1400000	54	5662	1935	17	5	1	11	3	13	14	5	10	1	1	24
30645308_zpid	30645308_zpid	11208	221 Fountain Ave, Brooklyn, NY 11208	40.674601	-73.874882	0.206935606759	8	0.169938616892	5	0.249781756491	2	5	3	1500	452400	12	1700	1935	704	76	384	448	328	228	180	28	148	220	68	784
29786000_zpid	29786000_zpid	10453	2092 Davidson Ave, Bronx, NY 10453	40.854918	-73.90716	0.361175613579	11	0.365787339539	11	0.16894585907	4	5	2.5	2340	355000	50	1873	1996	697	46	249	273	279	46	28	21	108	83	32	404
30571311_zpid	30571311_zpid	11201	90 Wyckoff St, Brooklyn, NY 11201	40.6858707	-73.9904705	0.0962398954729	16	0.444864089396	3	0.0449947587901	5	4	5	6000	5800000	0	2500	1931	160	264	36	180	28	80	132	112	60	24	24	544
30754554_zpid	30754554_zpid	11234	3613 Avenue M, Brooklyn, NY 11234	40.620514	-73.93939	0.347528997374	1	0.327347046664	2	1.5386952229	0	4	3	2046	499000	0	1817	1935	35	10	19	16	10	30	21	16	12	7	2	83
30712867_zpid	30712867_zpid	11228	141 Bay 10th St, Brooklyn, NY 11228	40.608035	-74.0114509	0.136719630405	7	0.453575188559	4	0.821071122478	0	4	2	1068	190000	306	1916	1925	7	10	2	11	2	22	33	29	22	3	5	53
30607974_zpid	30607974_zpid	11221	282 Kosciuszko St, Brooklyn, NY 11221	40.691292	-73.943368	0.301691159411	9	0.155941309688	4	0.668263025881	2	4	41	1800	250000	15	1500	1899	117	39	61	92	73	20	25	7	23	36	19	155
30773437_zpid	30773437_zpid	11236	9713 Farragut Rd, Brooklyn, NY 11236	40.6470603	-73.9036791	0.0777672718706	4	0.72330051142	1	0.160974839535	2	4	1	2320	415000	144	2755	1925	39	6	21	27	16	60	17	8	8	18	7	73
30634679_zpid	30634679_zpid	11207	333 Pennsylvania Ave, Brooklyn, NY 11207	40.669238	-73.894825	0.0545768110886	5	0.0774957895102	7	0.512437704401	5	3	1	1	312000	64	2000	1901	122	15	103	107	109	22	34	9	35	36	22	204
30784961_zpid	30784961_zpid	11234	1922 E 35th St, Brooklyn, NY 11234	40.610318	-73.933642	0.296925159338	3	0.517526020325	1	2.05104361596	0	3	2	980	585000	0	1800	1925	4	44	12	16	8	40	104	100	124	4	8	144
30727615_zpid	30727615_zpid	11229	1825 E 22nd St, Brooklyn, NY 11229	40.60702	-73.950554	0.557414964496	5	0.478306647065	2	0.640706283588	1	3	2	1915	765000	22	3000	1930	147	30	36	41	46	75	67	32	23	13	1	135
30669630_zpid	30669630_zpid	11210	2803 Farragut Rd, Brooklyn, NY 11210	40.636406	-73.94975	0.309169003945	4	0.251961009163	4	0.412230162063	2	5	2.5	1920	277000	182	2000	1910	303	33	156	141	122	63	40	18	34	56	9	294
30602983_zpid	30602983_zpid	11221	715 Lexington Ave, Brooklyn, NY 11221	40.690031	-73.932416	0.430065638382	10	0.433459444049	4	0.477790858012	1	6	3	4400	675000	121	2000	1899	908	228	452	528	464	232	128	64	160	256	196	1104
30738661_zpid	30738661_zpid	11223	23 Southgate Ct, Brooklyn, NY 11223	40.591265	-73.9720959	0.155722795159	8	0.547905002264	2	0.258246863432	3	3	3	1988	565000	28	2100	1925	53	11	16	19	8	40	38	42	22	5	5	103
29790653_zpid	29790653_zpid	10473	249 Newman Ave, Bronx, NY 10473	40.8108689	-73.854866	0.556502278219	1	1.19881551507	0	2.53637134183	0	3	2	980	385000	110	2785	1930	32	8	18	23	13	19	13	15	9	18	3	69
29783192_zpid	29783192_zpid	10460	1827 Trafalgar Pl, Bronx, NY 10460	40.840215	-73.8871606	0.332706316885	11	0.305234210696	4	0.329391305508	2	5	2	1498	126000	99	1611	1899	225	26	113	111	99	18	20	3	30	31	17	183
30704353_zpid	30704353_zpid	11228	1401 73rd St, Brooklyn, NY 11228	40.620207	-74.003696	0.125813936813	8	0.272660237767	3	0.414042611056	1	6	4	3000	985000	18	3000	1930	14	9	11	27	11	39	41	45	18	2	3	82
30684551_zpid	30684551_zpid	11219	1312 45th St, Brooklyn, NY 11219	40.636843	-73.989527	0.264710345186	3	0.431868933429	8	0.449389789057	2	8	3	4800	2300000	0	2071	1931	80	16	33	61	26	43	110	73	25	14	11	164
30670966_zpid	30670966_zpid	11218	108 Vanderbilt St, Brooklyn, NY 11218	40.651507	-73.980651	0.370083003081	7	0.641185953881	1	0.453974640764	1	2	4	1650	1200000	17	1713	1900	12	68	40	64	40	72	64	72	32	8	16	180
30570923_zpid	30570923_zpid	11231	528 Court St, Brooklyn, NY 11231	40.6757573	-73.9993333	0.0391672909975	8	0.394991256249	1	0.216861793076	2	1	1	1653	1760000	20	1560	1931	26	30	7	19	9	15	45	8	11	6	7	111
30631032_zpid	30631032_zpid	11207	186 Moffat St, Brooklyn, NY 11207	40.687682	-73.905904	0.414078215026	6	0.63783665427	2	0.197748597917	3	6	3	3300	510000	48	2003	1915	97	30	97	112	85	20	23	13	40	44	18	187
30619571_zpid	30619571_zpid	11222	1071 Manhattan Ave, Brooklyn, NY 11222	40.735277	-73.955403	0.161863827437	10	0.384552817281	3	0.582881244339	2	8	5	3750	2750000	12	2500	1930	76	88	58	58	35	41	28	19	25	19	10	194
30726084_zpid	30726084_zpid	11230	1505 E 17th St, Brooklyn, NY 11230	40.613407	-73.956924	0.388985477999	8	0.213787401485	7	0.513305523603	2	7	3	2607	700000	35	33	1925	372	52	208	264	144	360	76	132	84	28	12	440
30701431_zpid	30701431_zpid	11209	331 94th St, Brooklyn, NY 11209	40.6175219	-74.0322704	0.160682292187	11	0.116516932369	5	0.173401307156	2	3	2	1088	700000	5	1072	1925	128	41	32	35	32	81	47	32	6	13	8	181
29776927_zpid	29776927_zpid	10454	432 E 143rd St, Bronx, NY 10454	40.811558	-73.919505	0.440895024415	4	0.269000141205	7	0.424263034012	3	3	2	1428	445000	0	1398	1899	199	25	97	114	101	9	13	11	28	28	15	191
30666272_zpid	30666272_zpid	11218	83 Westminster Rd, Brooklyn, NY 11218	40.647091	-73.968089	0.0622280224347	12	0.751461348258	0	0.439878978659	3	6	3	3876	2600000	0	5500	1905	69	18	34	37	35	22	9	10	17	18	3	93
30731067_zpid	30731067_zpid	11214	128 Bay 44th St, Brooklyn, NY 11214	40.5918694	-73.9878079	0.362432501262	6	0.629522892797	1	0.480053291754	2	6	3	2323	900000	81	3867	1925	36	36	28	72	4	72	120	84	104	28	20	264
30670987_zpid	30670987_zpid	11218	44 E 2nd St, Brooklyn, NY 11218	40.650879	-73.980079	0.288541219849	7	0.68904052825	2	0.383171420234	1	4	2.5	2250	645000	53	1785	1910	40	68	40	64	40	92	80	80	48	8	12	188
29851853_zpid	29851853_zpid	10463	3111 Henry Hudson Pkwy, Bronx, NY 10463	40.884139	-73.915566	0.460325114349	6	0.55155951663	1	0.822287717241	0	4	5	5500	825000	180	16552.8	1899	33	8	4	18	12	17	35	12	8	1	2	40
30771609_zpid	30771609_zpid	11236	41 Paerdegat 13th St, Brooklyn, NY 11236	40.628576	-73.902811	0.945290201204	0	0.735432758494	1	2.01407044269	0	3	2.5	2052	429000	18	3049	1965	160	20	64	64	32	172	76	32	88	16	32	200
30670699_zpid	30670699_zpid	11218	88 Prospect Park SW, Brooklyn, NY 11218	40.658205	-73.974708	0.297398917045	8	0.288310129066	2	0.511812286521	1	2	2	1730	975000	69	1354	1899	2	4	4	4	2	6	7	5	7	0	1	15
30792541_zpid	30792541_zpid	11235	2839 Ford St, Brooklyn, NY 11235	40.5846019	-73.934732	0.678405143615	1	0.783051825461	0	1.66175527378	0	8	6	5600	360000	252	4200	1992	55	11	23	29	28	27	19	7	25	9	3	88
30585624_zpid	30585624_zpid	11215	314 12th St, Brooklyn, NY 11215	40.666587	-73.986725	0.108812403057	20	0.102684101281	5	0.492560115467	4	2	1	815	595000	19	2500	1899	86	91	27	72	21	47	71	31	30	26	22	242
30699133_zpid	30699133_zpid	11209	263 85th St, Brooklyn, NY 11209	40.624692	-74.031328	0.0872553727273	14	0.551012983122	4	0.333320579475	2	4	4	3500	1200000	35	6098	1910	68	57	27	40	18	58	26	29	16	6	3	174
29787394_zpid	29787394_zpid	10463	120 Van Cortlandt Ave W, Bronx, NY 10463	40.884295	-73.894101	0.339100944262	4	0.182018461256	2	0.571188659414	2	1	1	2066	215000	230	2614	1945	503	14	47	67	48	23	29	17	20	15	14	104
30701430_zpid	30701430_zpid	11209	339 94th St, Brooklyn, NY 11209	40.6174596	-74.0321411	0.163653833888	11	0.105245651296	5	0.162020318258	2	3	1.5	1088	130000	72	1059	1925	128	40	32	34	32	75	48	32	6	13	8	180
30770762_zpid	30770762_zpid	11236	40 Paerdegat 7th St, Brooklyn, NY 11236	40.630456	-73.907257	0.725529823181	1	0.740354748721	1	1.8601014074	0	5	4	1800	660000	3	2000	1965	144	20	44	64	32	200	80	20	100	20	24	184
30732845_zpid	30732845_zpid	11224	3708 Neptune Ave, Brooklyn, NY 11224	40.576606	-74.003589	0.667118022425	1	0.16604135427	2	1.8923979749	0	4	2	1580	381100	77	2500	1945	50	14	15	41	13	5	20	7	20	13	2	55
30672675_zpid	30672675_zpid	11218	53 Kermit Pl, Brooklyn, NY 11218	40.6487089	-73.973228	0.140704477327	14	0.441322001889	2	0.246540684178	1	5	4	1152	998000	1	842	1905	101	31	39	53	46	32	24	30	28	20	6	119
30567294_zpid	30567294_zpid	11201	58 Hicks St, Brooklyn, NY 11201	40.700283	-73.9937379	0.179772273188	13	0.312585884322	2	0.218267808037	3	6	5	3659	2200000	104	40	1899	25	71	11	26	13	11	34	20	18	8	5	91
30574480_zpid	30574480_zpid	11232	194 32nd St, Brooklyn, NY 11232	40.655695	-74.00116	0.149690415322	4	0.581303574291	3	0.311145021737	2	5	2	3180	735000	73	2003	1940	96	120	52	68	44	32	136	60	60	4	36	276
30763924_zpid	30763924_zpid	11234	1664 Kimball St, Brooklyn, NY 11234	40.616812	-73.934611	0.373100440054	5	0.450075967605	3	2.09620357647	0	3	3	1388	539250	17	2000	1925	13	47	7	15	5	42	28	21	28	7	1	128
29841162_zpid	29841162_zpid	10465	1119 Stadium Ave, Bronx, NY 10465	40.836435	-73.818104	0.260867796687	3	0.245179681066	1	1.67864211957	0	2	1	2500	990000	31	16988.4	1900	5	3	7	5	7	9	18	11	10	3	3	32
30723749_zpid	30723749_zpid	11230	734 Rugby Rd, Brooklyn, NY 11230	40.631338	-73.963789	0.229210609592	7	0.294282458996	6	0.29323857587	3	8	3	3170	1990000	0	4000	1910	69	38	58	53	48	61	42	48	30	14	11	139
30623798_zpid	30623798_zpid	11222	16 N Henry St, Brooklyn, NY 11222	40.71958	-73.942286	0.167351988589	10	0.398459014044	2	0.577831757058	1	2	3	4700	2110000	21	3000	1910	84	120	52	120	24	40	96	68	76	24	32	368
30700587_zpid	30700587_zpid	11228	75 Battery Ave, Brooklyn, NY 11228	40.617089	-74.023148	0.250065191913	6	0.44411238967	3	0.691129162608	1	2	1	2840	1200000	24	3125	1912	8	0	3	7	1	9	21	8	6	0	1	21
30705638_zpid	30705638_zpid	11204	1776 74th St, Brooklyn, NY 11204	40.6140929	-73.996016	0.125344390692	15	0.0971038556456	7	0.393764461001	2	6	3.5	1870	1250000	4	4000	1930	76	44	32	156	32	148	92	76	40	20	20	260
30660343_zpid	30660343_zpid	11203	511 E 46th St, Brooklyn, NY 11203	40.649077	-73.933711	0.272070454683	5	0.285684138571	3	1.35419516585	0	5	3	1600	180000	235	1999	1960	139	11	61	55	58	36	27	2	23	27	8	137
2100244507_zpid	2100244507_zpid	11213	972A St. John's Place, Brooklyn, NY 11213	40.6712246	-73.946181	0.329528719049	12	0.345038634345	4	0.382575446081	3	4	3	2348	1300000	0	2371	1915	744	144	376	356	320	96	132	32	108	132	60	708
30717105_zpid	30717105_zpid	11230	705 Avenue M, Brooklyn, NY 11230	40.6173829	-73.9674859	0.317037072412	10	0.376987243698	6	0.619626257714	2	3	3.5	1260	600000	79	1600	1920	58	10	19	26	27	48	58	26	27	5	4	103
30622134_zpid	30622134_zpid	11222	592 Humboldt St, Brooklyn, NY 11222	40.722156	-73.944577	0.122223669754	13	0.110450547198	1	0.6290155761	1	4	2	2264	1385000	20	1700	1910	31	55	17	49	12	14	36	22	25	8	12	168
30573627_zpid	30573627_zpid	11215	170 17th St, Brooklyn, NY 11215	40.665055	-73.993998	0.0825330283611	10	0.611100006391	2	0.103135914945	3	1	1	650	735000	59	2228	1910	38	46	13	27	19	20	43	9	21	10	8	126
30607852_zpid	30607852_zpid	11221	269 Kosciuszko St, Brooklyn, NY 11221	40.69167	-73.944218	0.227386559075	9	0.19843995244	3	0.587925536429	2	18	8	8200	1450000	30	2350	1931	93	33	37	74	46	15	21	7	14	25	13	127
29833081_zpid	29833081_zpid	10466	943 E 228th St, Bronx, NY 10466	40.8878	-73.851865	0.173504810464	8	0.410305061737	4	0.713739304758	1	6	2	2200	310499	24	2308	1955	94	16	51	44	29	85	17	5	29	23	18	97
29794372_zpid	29794372_zpid	10472	1034 Ward Ave, Bronx, NY 10472	40.82502	-73.87609	0.140334124005	6	0.341435748356	4	0.473486549422	2	9	4	3680	420000	24	2500	1915	493	48	171	189	163	40	21	4	47	67	19	270
30660514_zpid	30660514_zpid	11203	1099 New York Ave, Brooklyn, NY 11203	40.646342	-73.945883	0.322185241562	5	0.214340352721	4	0.294412604001	3	4	2	1504	345000	14	1933	1920	71	9	74	52	50	32	10	2	17	16	14	72
30790172_zpid	30790172_zpid	11235	23 Corbin Pl, Brooklyn, NY 11235	40.581277	-73.954647	0.217740297102	11	0.431109910624	7	0.626885664298	2	4	3	1962	750000	19	1800	1940	243	37	50	65	48	65	45	25	40	25	16	171
30787077_zpid	30787077_zpid	11234	2056 E 56th St, Brooklyn, NY 11234	40.612541	-73.919847	0.337063473396	2	1.02525952144	0	3.23736446075	0	2	1	2688	550000	33	2200	1965	12	3	9	10	6	26	19	13	15	4	6	89
29790011_zpid	29790011_zpid	10473	809 Harding Park, Bronx, NY 10473	40.806782	-73.85691	1.03333068281	0	1.65916238255	0	2.89664413589	0	3	1.5	780	175000	43	3388	1920	14	9	15	10	7	7	11	7	4	5	3	37
30637854_zpid	30637854_zpid	11207	187 Warwick St, Brooklyn, NY 11207	40.679497	-73.887125	0.172125715804	8	0.130959227898	5	0.21576576045	3	4	3	1556	435000	124	20	1910	65	34	44	57	36	41	35	13	36	23	3	123
30600687_zpid	30600687_zpid	11233	131 Thomas S Boyland St, Brooklyn, NY 11233	40.680413	-73.9137049	0.404267287508	3	0.444434976328	6	0.327181701066	4	4	3	3024	530000	118	1375	1910	1144	128	740	832	552	180	204	56	292	344	124	944
