30627126_zpid	30627126_zpid	11237	1446 Myrtle Ave, Brooklyn, NY 11237	40.6987921	-73.9169006	0.0465252076539	10	0.272436108146	6	0.237616874576	4	3	1	2700	4050000	21	1680	1931	183	84	153	186	137	34	30	20	82	71	26	301
29793880_zpid	29793880_zpid	10473	2230 Turnbull Ave, Bronx, NY 10473	40.823958	-73.847679	0.476638840353	3	0.419003888281	2	1.19736794508	0	3	2	1550	275000	16	3262	1935	80	48	52	28	20	96	44	16	40	16	24	204
29830898_zpid	29830898_zpid	10469	3012 Wickham Ave, Bronx, NY 10469	40.871296	-73.8381409	0.748169758867	1	0.846493608326	0	0.721327134181	1	3	1	1384	344900	0	1515	1955	36	7	29	29	18	35	30	9	21	3	11	64
89073321_zpid	89073321_zpid	11236	8210 Avenue J, Brooklyn, NY 11236	40.63479	-73.909464	0.288056632416	6	0.288058763313	2	1.4689735969	0	6	4	3412	246000	23	3000	1931	40	8	14	22	6	78	26	11	28	12	9	94
30790595_zpid	30790595_zpid	11235	190 Amherst St, Brooklyn, NY 11235	40.577235	-73.952253	0.036961372962	8	0.549714573207	3	0.764471239897	0	4	3	2624	1200000	70	3000	1950	119	30	22	40	26	25	40	20	26	14	3	87
30778628_zpid	30778628_zpid	11236	1319 E 102nd St, Brooklyn, NY 11236	40.639264	-73.888908	0.548117160318	4	0.37578598933	2	1.36813361796	0	3	1.5	4200	460000	7	4167	1960	116	16	80	84	16	68	68	32	56	28	8	248
29777857_zpid	29777857_zpid	10451	296 E 163rd St, Bronx, NY 10451	40.826674	-73.916617	0.07898865686	10	0.295818420223	6	0.154790535113	1	5	2	2472	460000	0	2874	1901	696	116	264	284	244	36	68	64	88	68	96	628
30701501_zpid	30701501_zpid	11209	209 Gelston Ave, Brooklyn, NY 11209	40.616307	-74.028988	0.119013808325	11	0.204575485663	5	0.190688594106	2	4	2	1350	665000	22	2178	1899	84	28	25	28	25	57	32	21	4	8	5	140
30781179_zpid	30781179_zpid	11234	1542 E 59th St, Brooklyn, NY 11234	40.616126	-73.91818	0.0797020362296	7	0.751241246048	0	3.10750675459	0	4	2.5	1296	10	23	1800	1955	56	44	52	32	48	116	92	48	92	20	24	420
30790797_zpid	30790797_zpid	11235	224 Amherst St, Brooklyn, NY 11235	40.576272	-73.952073	0.129612232635	5	0.598496378129	2	0.793492323255	0	3	4	4592	2480000	0	4000	1925	67	26	14	34	21	24	36	16	21	10	2	68
30592498_zpid	30592498_zpid	11216	793 Saint Johns Pl, Brooklyn, NY 11216	40.6719549	-73.951882	0.115942567293	13	0.149953095982	2	0.263017732438	5	3	3.5	1500	1795000	0	1983	1920	284	73	146	175	165	21	35	9	41	58	32	244
29833832_zpid	29833832_zpid	10466	1036 E 233rd St, Bronx, NY 10466	40.889936	-73.847342	0.170210497874	5	0.187978044796	3	0.926437025168	0	5	2	1900	579000	0	2473	1965	42	15	25	20	13	72	23	6	30	17	9	73
30737781_zpid	30737781_zpid	11223	2406 Mcdonald Ave, Brooklyn, NY 11223	40.5933319	-73.974103	0.427596328594	4	0.381587689306	4	0.310495297058	4	7	4	3210	879000	0	2774	1910	36	14	12	26	8	48	28	39	22	4	7	118
30788009_zpid	30788009_zpid	11234	139 Whitman Dr, Brooklyn, NY 11234	40.610081	-73.902462	0.981590104189	0	0.989856630817	0	4.07161605208	0	3	4.5	2216	995000	42	7535	1960	0	8	0	5	0	0	8	3	8	2	1	25
30668200_zpid	30668200_zpid	11226	454 Rugby Rd, Brooklyn, NY 11226	40.638406	-73.965098	0.333852490163	9	0.378746090493	7	0.298583430503	3	6	3	3487	1975000	21	4700	1905	90	28	40	37	37	21	15	11	17	9	2	91
29782857_zpid	29782857_zpid	10456	1348 Fulton Ave, Bronx, NY 10456	40.8333738	-73.9023156	0.284428075874	4	0.177579781604	7	0.953156469651	0	6	2	1470	435000	37	5175	1920	243	22	95	132	78	38	11	16	16	37	20	193
30599448_zpid	30599448_zpid	11233	608 Macdonough St, Brooklyn, NY 11233	40.683251	-73.9220409	0.375907527485	9	0.522564568983	2	0.504283607309	3	4	3.5	2352	1280000	19	1867	1899	192	52	123	151	111	24	23	13	54	76	25	237
30706910_zpid	30706910_zpid	11214	2161 77th St, Brooklyn, NY 11214	40.607583	-73.98916	0.273937982315	11	0.42837243284	7	0.743235418455	1	6	3	3600	890000	44	2482	1920	77	8	23	36	21	50	32	22	14	7	9	77
30639053_zpid	30639053_zpid	11208	178 Atkins Ave, Brooklyn, NY 11208	40.6747	-73.87923	0.266723059912	8	0.199741721331	4	0.143159775862	3	6	3	2508	625000	0	1026	1910	169	25	100	111	83	51	43	16	42	61	22	207
30780819_zpid	30780819_zpid	11234	7279 Royce Pl, Brooklyn, NY 11234	40.6255669	-73.909524	0.879564667589	0	0.927095274784	0	2.43527493237	0	6	4	3276	610000	20	2100	1965	68	8	28	20	8	144	48	44	40	12	12	208
30773751_zpid	30773751_zpid	11236	9804 Farragut Rd, Brooklyn, NY 11236	40.647141	-73.902723	0.127569177721	4	0.642617702513	1	0.0915202225742	2	4	2	2694	460000	79	2000	1960	160	28	96	124	64	236	76	40	28	72	32	316
30624199_zpid	30624199_zpid	11211	221 Devoe St, Brooklyn, NY 11211	40.7141639	-73.941111	0.122773361049	11	0.236849842431	4	0.252220562046	4	9	3	3375	185000	323	2500	1910	32	83	17	47	22	34	47	12	28	15	18	187
30737543_zpid	30737543_zpid	11223	2248 W 6th St, Brooklyn, NY 11223	40.593131	-73.977258	0.111270831731	7	0.114038008912	2	0.0939892919018	5	2	2	1748	555000	10	2178	1940	140	68	44	104	48	184	100	148	100	28	28	344
30763219_zpid	30763219_zpid	11234	1488 E 53rd St, Brooklyn, NY 11234	40.622189	-73.924614	0.0325168283124	11	0.268387398575	1	2.27814916553	0	3	2	1024	390000	5	1800	1925	9	29	6	13	8	44	31	17	17	8	8	118
29793071_zpid	29793071_zpid	10473	2215 Homer Ave, Bronx, NY 10473	40.822104	-73.8480545	0.308323548871	3	0.214124863983	2	1.38922648437	0	3	2.5	1638	339000	7	2252	1915	37	17	16	6	6	23	9	3	12	6	7	57
30732567_zpid	30732567_zpid	11224	3921 Lyme Ave, Brooklyn, NY 11224	40.577167	-74.00886	0.273428540994	2	0.587495306987	1	2.33604628755	0	5	3	2276	619000	0	7000	1901	15	6	6	18	5	0	18	1	12	1	2	24
30777120_zpid	30777120_zpid	11236	1484 E 94th St, Brooklyn, NY 11236	40.635726	-73.89632	0.205558674326	7	0.195711313553	4	1.30309973919	0	7	2.5	2166	530000	15	2500	1920	37	23	24	26	5	59	24	14	14	13	4	88
30634043_zpid	30634043_zpid	11212	259 Mother Gaston Blvd, Brooklyn, NY 11212	40.6728621	-73.9073551	0.245685875746	6	0.360840280255	6	0.453471477874	6	11	3	3336	340000	29	2500	1901	75	8	25	29	30	5	15	5	8	12	14	75
29851866_zpid	29851866_zpid	10463	747 W 231st St, Bronx, NY 10463	40.884717	-73.918043	0.648347434487	6	0.745124217594	1	0.775582991873	0	4	3.5	3290	1262500	8	9310	1975	20	6	2	13	9	12	26	8	7	0	2	24
29786887_zpid	29786887_zpid	10468	125 W 197th St, Bronx, NY 10468	40.872402	-73.900306	0.426469697603	9	0.308502730023	9	0.580117678703	1	8	3	2814	193000	227	2500	1927	396	20	121	115	131	28	14	6	39	39	14	202
30627780_zpid	30627780_zpid	11221	522 Evergreen Ave, Brooklyn, NY 11221	40.69136	-73.91817	0.353560197218	8	0.409470639278	4	0.396045615817	2	8	2	2530	710000	17	2590	1910	199	67	105	156	115	52	40	12	80	45	52	226
30735468_zpid	30735468_zpid	11223	2044 W 6th St, Brooklyn, NY 11223	40.597685	-73.978092	0.137896221295	4	0.236517781578	3	0.0914267376596	5	5	4	2312	650000	46	2000	1925	176	84	56	128	40	208	88	192	112	32	20	376
30791422_zpid	30791422_zpid	11235	140 Pembroke St, Brooklyn, NY 11235	40.57989	-73.937367	1.06881473098	0	1.28961393576	0	1.61946622437	0	4	1.5	2200	755000	32	2500	1940	36	24	16	40	32	48	48	12	52	8	4	136
30586354_zpid	30586354_zpid	11215	159 Prospect Ave, Brooklyn, NY 11215	40.666149	-73.9935464	0.132672978505	11	0.53413515395	1	0.0996857627003	4	4	2	1875	30000	161	1358	1910	48	49	14	35	17	21	44	9	22	13	8	138
30651872_zpid	30651872_zpid	11203	50 E 56th St, Brooklyn, NY 11203	40.656056	-73.925335	0.206118333939	10	0.412290798345	2	0.969338675539	0	6	5	3700	675000	112	2825	2001	155	22	62	67	69	56	28	7	18	27	15	132
30633644_zpid	30633644_zpid	11212	602 Osborn St, Brooklyn, NY 11212	40.657029	-73.905862	0.248373504561	4	0.199205585103	3	0.591153323439	2	8	4	3239	585000	84	2500	1930	95	13	71	64	51	29	26	8	42	21	8	148
29850474_zpid	29850474_zpid	10464	96 Hawkins St, Bronx, NY 10464	40.84608	-73.786963	0.17404771315	3	3.07358329352	0	3.46392395428	0	3	2.5	1782	499000	0	2613	1965	17	20	5	7	3	1	36	9	7	2	31	46
30570990_zpid	30570990_zpid	11201	53 Wyckoff St, Brooklyn, NY 11201	40.686559	-73.991591	0.0557586050895	17	0.340232696358	4	0.0768811015263	7	4	3	3450	1425000	135	2325	1931	43	72	10	49	8	20	46	31	20	10	6	162
30727956_zpid	30727956_zpid	11229	1715 E 28th St, Brooklyn, NY 11229	40.609254	-73.945235	0.40518757447	3	0.776800810095	0	1.06511122192	0	5	4	1480	580000	111	2500	1930	26	6	13	23	9	31	23	34	21	3	2	81
30599877_zpid	30599877_zpid	11233	581 Bainbridge St, Brooklyn, NY 11233	40.683168	-73.913717	0.198045706059	6	0.179598633939	4	0.276979535969	4	6	3	2430	865000	11	1800	1901	748	156	592	612	452	88	132	28	196	312	44	828
30673830_zpid	30673830_zpid	11218	407 E 3rd St, Brooklyn, NY 11218	40.6420389	-73.976853	0.211516074935	12	0.238042474283	10	0.326514567125	2	4	2	1683	780000	33	2000	1910	196	48	69	95	62	67	53	66	31	24	16	214
30575556_zpid	30575556_zpid	11220	345 46th St, Brooklyn, NY 11220	40.649449	-74.011073	0.143201272217	8	0.113830738059	8	0.106510400438	2	4	2	2460	582750	15	2178	1910	76	32	49	69	36	15	43	17	22	23	7	149
30601574_zpid	30601574_zpid	11233	19 Marconi Pl, Brooklyn, NY 11233	40.6769929	-73.9124667	0.428671358698	2	0.120292260305	3	0.219816715735	4	5	2	1530	389000	48	1639	1901	243	26	157	174	119	58	36	27	61	70	33	222
30572979_zpid	30572979_zpid	11231	122 2nd St, Brooklyn, NY 11231	40.677458	-73.991562	0.223401348407	9	0.367699238063	2	0.433564664932	3	3	3	2522	135000	226	1090	1931	12	18	1	19	9	11	31	28	16	1	1	73
29828992_zpid	29828992_zpid	10469	3483 Mickle Ave, Bronx, NY 10469	40.878948	-73.846665	0.169865873298	6	0.261076248355	3	0.734574634485	1	3	1	1024	299000	0	1916	1945	60	20	31	50	42	35	14	11	33	16	6	103
29826647_zpid	29826647_zpid	10467	753 E 213th St, Bronx, NY 10467	40.8786635	-73.862734	0.276087175158	5	0.234883806597	2	0.332466921062	3	10	3	3970	200000	6	2650	1915	198	16	72	76	62	54	24	4	29	34	16	168
30631212_zpid	30631212_zpid	11207	70 Granite St, Brooklyn, NY 11207	40.683571	-73.906411	0.055800523584	3	0.265792130123	2	0.175988650087	7	5	2.5	1100	799000	0	1642	1910	83	20	66	95	57	14	27	17	19	32	15	148
30717880_zpid	30717880_zpid	11230	202 Avenue M # M, Brooklyn, NY 11230	40.616302	-73.973164	0.178288341642	8	0.128569048351	2	0.156050864622	2	6	2	4600	2600000	0	2300	1931	38	8	11	20	16	41	31	22	15	5	5	58
30610973_zpid	30610973_zpid	11216	53 Macdonough St, Brooklyn, NY 11216	40.6811549	-73.944333	0.262264699876	13	0.128759895102	7	0.323923336549	3	1	1	2400	1100000	107	2000	1899	210	106	105	166	103	33	41	23	57	61	30	252
30607008_zpid	30607008_zpid	11206	111 Vernon Ave, Brooklyn, NY 11206	40.695025	-73.947648	0.151428975519	7	0.537387535739	5	0.127130880454	3	4	2	2400	499000	29	20	1899	103	35	72	104	52	49	20	42	29	28	28	152
59997193_zpid	59997193_zpid	11234	2329 E 69th St, Brooklyn, NY 11234	40.615132	-73.904293	0.588948283654	2	0.492021176661	1	3.51507744098	0	3	2.5	2448	660000	46	2700	2000	0	48	20	40	8	36	80	40	60	4	12	188
30650600_zpid	30650600_zpid	11212	23 E 95th St, Brooklyn, NY 11212	40.664738	-73.926588	0.167049363962	13	0.201028170158	8	0.325904845317	2	7	4	2200	462000	32	2000	1930	293	13	99	103	95	34	12	7	28	42	12	171
30694741_zpid	30694741_zpid	11228	7310 11th Ave, Brooklyn, NY 11228	40.623983	-74.011073	0.444922408567	6	0.437621886419	4	0.955429270402	0	3	1	1048	197000	218	1704	1915	11	8	5	18	5	48	34	34	13	3	3	64
89073794_zpid	89073794_zpid	11225	610 Eastern Pkwy, Brooklyn, NY 11225	40.669292	-73.94821	0.220306563423	14	0.348525461039	6	0.22213895846	3	2	1.5	3600	995000	36	1890	1925	148	33	58	76	54	12	10	7	14	29	5	90
30707289_zpid	30707289_zpid	11214	1732 77th St, Brooklyn, NY 11214	40.612993	-73.998934	0.106247320877	12	0.190320429199	7	0.152502702978	3	4	2	2420	835000	16	2000	1930	53	6	16	26	9	23	29	25	17	9	7	104
29791689_zpid	29791689_zpid	10473	2233 Norton Ave, Bronx, NY 10473	40.8152	-73.845846	0.43138822184	3	0.442307009005	2	2.17992092008	0	4	1	1440	180000	188	5000	1925	11	3	5	3	2	10	6	3	4	3	3	28
83042466_zpid	83042466_zpid	11208	1172 Sutter Ave, Brooklyn, NY 11208	40.672149	-73.874709	0.159271746351	9	0.139161631378	5	0.421215251814	2	6	3.5	3850	575000	125	1999	2005	165	19	99	107	80	57	39	10	23	62	18	173
30664370_zpid	30664370_zpid	11225	201 Ocean Ave, Brooklyn, NY 11225	40.658085	-73.961979	0.143916822705	12	0.12844533805	5	0.313590519505	2	4	3	2852	1300000	31	2750	1901	287	92	148	118	136	7	32	16	46	37	10	189
30734768_zpid	30734768_zpid	11223	1927 W 3rd St, Brooklyn, NY 11223	40.6007561	-73.9752322	0.325149479001	6	0.316953773585	4	0.365972583433	4	3	2	1700	680000	0	1890	1925	32	28	16	28	12	72	28	80	28	7	5	111
30766685_zpid	30766685_zpid	11236	517 E 78th St, Brooklyn, NY 11236	40.638373	-73.918602	0.476040111057	5	0.56477589379	2	1.68879439044	0	7	3	3100	515000	139	2200	1960	18	7	13	14	6	20	24	9	16	6	6	45
30640966_zpid	30640966_zpid	11207	558 Van Siclen Ave, Brooklyn, NY 11207	40.665945	-73.888895	0.392080787027	8	0.345003238981	7	0.0525052293022	3	7	4	3120	639000	0	2374	1930	1004	92	616	584	584	140	156	40	268	300	88	1052
30705821_zpid	30705821_zpid	11204	2131 Bay Ridge Pkwy, Brooklyn, NY 11204	40.609171	-73.988488	0.335143935712	11	0.35253382157	7	0.635316752037	1	7	2	4020	1280000	11	2500	1925	54	16	15	30	30	35	20	17	16	8	1	65
30753596_zpid	30753596_zpid	11210	1236 E 35th St, Brooklyn, NY 11210	40.623802	-73.941806	0.310023158626	3	0.536806371284	3	1.12002694399	0	4	3	1749	692000	12	2000	1925	484	52	232	196	172	296	192	60	112	60	24	448
30578842_zpid	30578842_zpid	11220	548 56th St, Brooklyn, NY 11220	40.640833	-74.0127739	0.36308291633	9	0.153005715232	11	0.435395988767	3	5	4	2000	1250000	0	2003	1901	151	73	59	87	52	41	75	34	41	31	6	263
30782257_zpid	30782257_zpid	11234	2028 E 72nd St, Brooklyn, NY 11234	40.621212	-73.908131	0.463056268797	3	0.455302258339	1	2.88146684263	0	3	2	1036	370000	2	2000	1925	18	2	8	10	6	29	21	11	21	3	3	68
30664424_zpid	30664424_zpid	11226	7 Parkside Ct, Brooklyn, NY 11226	40.6558149	-73.961087	0.0942285487796	13	0.0411466279294	4	0.067642526371	3	5	3	3672	1400000	20	1943	1910	1212	224	676	684	636	72	116	88	148	192	48	848
29798213_zpid	29798213_zpid	10472	1798 E 174th St, Bronx, NY 10472	40.834523	-73.867338	0.344254695785	8	0.398066523691	5	0.33634475855	2	6	3.5	3010	410000	123	3584	1901	191	149	51	59	45	31	18	10	25	40	10	132
30757671_zpid	30757671_zpid	11234	1727 E 36th St, Brooklyn, NY 11234	40.614248	-73.935931	0.305363346944	4	0.181067034015	2	1.95066547937	0	3	1.5	1540	420000	86	1800	1925	4	18	7	11	3	28	27	19	35	5	2	71
30634451_zpid	30634451_zpid	11207	314 Pennsylvania Ave, Brooklyn, NY 11207	40.6697318	-73.8956581	0.107348767473	5	0.0795454942088	10	0.534902953938	4	5	3	2400	407000	19	5000	1910	460	64	412	432	428	84	136	36	128	136	80	740
30570936_zpid	30570936_zpid	11231	153 W 9th St, Brooklyn, NY 11231	40.675675	-74.000266	0.11782352462	8	0.316909366823	2	0.279878581102	1	6	3.5	2079	1600000	0	1698	1901	96	128	32	68	40	76	164	32	48	32	32	428
30694985_zpid	30694985_zpid	11209	475 Bay Ridge Pkwy, Brooklyn, NY 11209	40.6299228	-74.0229888	0.0260212569738	19	0.0732973340578	4	0.21394974194	2	2	2	2200	830000	15	823	1910	59	36	35	41	22	42	54	65	26	15	7	156
29840160_zpid	29840160_zpid	10470	727 E 242nd St, Bronx, NY 10470	40.905633	-73.848293	0.122070308796	6	0.239817908739	3	0.340995452428	2	6	3	1980	515000	0	2500	1920	107	9	62	54	58	25	18	5	19	18	3	109
30696432_zpid	30696432_zpid	11209	474 77th St, Brooklyn, NY 11209	40.628057	-74.023887	0.0897662846522	17	0.154754121552	3	0.232347768659	2	4	3.5	2500	780000	48	4500	1925	103	55	39	38	29	41	52	65	24	25	6	162
30566802_zpid	30566802_zpid	11217	416 Pacific St, Brooklyn, NY 11217	40.685616	-73.984254	0.10602014423	11	0.503667509285	2	0.368639218908	9	5	4.5	4000	5400000	9	2200	1915	53	81	8	43	14	38	58	25	23	17	16	164
30659131_zpid	30659131_zpid	11203	158 E 43rd St, Brooklyn, NY 11203	40.652071	-73.9375079	0.375110345346	2	0.472101500222	3	1.02827332445	0	5	2	1344	204000	24	2200	1915	134	15	82	64	66	59	25	9	30	32	8	129
30652593_zpid	30652593_zpid	11212	429 E 92nd St, Brooklyn, NY 11212	40.655845	-73.920463	0.207820430455	10	0.284547511057	3	0.71534471815	1	5	3	1922	358300	10	2199	1950	1316	48	576	668	480	248	40	24	104	204	84	844
30772607_zpid	30772607_zpid	11236	1438 E 84th St, Brooklyn, NY 11236	40.628332	-73.900695	0.91957593221	0	0.629428912147	1	2.04192804323	0	6	4	3267	172000	25	2420	1960	38	6	12	15	5	39	18	8	22	4	8	46
30771532_zpid	30771532_zpid	11236	38 Paerdegat 10th St, Brooklyn, NY 11236	40.629291	-73.904812	0.954170868135	0	0.8324888978	0	1.94896824965	0	3	2	1620	410000	65	1800	1965	164	12	52	84	36	204	84	28	104	20	28	176
30641878_zpid	30641878_zpid	11208	24 Grant Ave, Brooklyn, NY 11208	40.690295	-73.86921	0.24007875784	6	0.270370366391	6	0.2089939567	2	6	3	1872	499000	30	3023	1899	38	16	25	38	22	34	17	8	18	12	1	79
30641336_zpid	30641336_zpid	11207	782 Livonia Ave, Brooklyn, NY 11207	40.665435	-73.887942	0.3228641216	9	0.325007172792	7	0.0491164817562	3	5	2	2080	499000	0	2700	1901	240	22	144	133	134	32	38	11	64	77	24	255
30769295_zpid	30769295_zpid	11236	953 E 84th St, Brooklyn, NY 11236	40.636511	-73.908984	0.121566908866	6	0.258815469134	2	1.2798544154	0	3	2.5	2920	220000	257	3000	1935	41	7	17	19	10	84	28	14	29	12	11	94
30675499_zpid	30675499_zpid	11218	681 E 4th St, Brooklyn, NY 11218	40.635432	-73.974656	0.0866646129228	5	0.334611644517	10	0.312339584687	2	3	2	1414	759000	15	2700	1910	632	176	356	376	280	368	152	400	100	88	24	884
29833785_zpid	29833785_zpid	10466	1046 E 232nd St, Bronx, NY 10466	40.889182	-73.847348	0.216289252007	5	0.105662856344	3	0.9619471827	0	5	3	1711	497000	23	4094	1930	46	14	25	20	13	69	20	4	30	16	9	68
30602166_zpid	30602166_zpid	11221	465 Kosciuszko St, Brooklyn, NY 11221	40.6925185	-73.9365287	0.324151453376	11	0.456053239716	6	0.527081544326	2	3	1	2363	590000	57	1750	1931	148	65	76	109	91	36	26	15	26	50	37	193
30763778_zpid	30763778_zpid	11234	1519 Kimball St, Brooklyn, NY 11234	40.6194521	-73.936938	0.461506692977	3	0.354465501783	2	1.74288479922	0	3	1	1528	350000	141	1632	1920	35	12	19	19	12	42	27	18	20	9	2	97
30722652_zpid	30722652_zpid	11223	1874 W 10th St, Brooklyn, NY 11223	40.601261	-73.982562	0.141648288786	9	0.561146693901	6	0.350243163968	3	4	2.5	1500	850000	10	2000	1950	47	23	21	19	14	55	30	45	16	6	4	85
30789205_zpid	30789205_zpid	11235	2923 Brighton 3rd St, Brooklyn, NY 11235	40.5802656	-73.9652859	0.356933793782	6	0.362991930385	7	0.445770727415	2	4	1	750	390000	100	1600	1910	416	200	236	348	172	240	152	96	160	84	100	920
30790289_zpid	30790289_zpid	11235	3059 Brighton 14th St, Brooklyn, NY 11235	40.578336	-73.9553339	0.0547048605719	9	0.273570868248	5	0.508002532753	1	7	3	3024	750000	9	2200	1925	788	188	228	244	188	208	216	96	148	116	44	628
30603701_zpid	30603701_zpid	11221	577 Madison St, Brooklyn, NY 11221	40.686808	-73.934349	0.227389183325	8	0.35766388674	4	0.864481068004	0	2	2	4000	900000	5	2000	1901	196	33	90	137	76	45	31	12	34	49	29	206
30760295_zpid	30760295_zpid	11234	1143 E 54th St, Brooklyn, NY 11234	40.6300839	-73.9238699	0.119503651403	6	0.414973886854	3	2.03154526306	0	4	2.5	2180	400000	23	2000	1950	44	15	24	26	14	56	20	26	16	17	2	81
30646652_zpid	30646652_zpid	11207	714 Pennsylvania Ave, Brooklyn, NY 11207	40.659979	-73.892033	0.308070042982	3	0.213177760147	5	0.571879014235	3	7	4.5	3116	415000	23	2340	1923	192	19	119	106	108	29	46	11	39	56	12	215
29816311_zpid	29816311_zpid	10461	1788 Tenbroeck Ave, Bronx, NY 10461	40.852128	-73.849132	0.546093986441	5	0.69162097278	1	0.9194813868	0	2	1	1070	396000	74	2178	1950	42	12	4	18	8	26	25	10	15	3	1	66
30659730_zpid	30659730_zpid	11203	3907 Snyder Ave, Brooklyn, NY 11203	40.6496353	-73.9404624	0.19131158575	3	0.373937411311	2	0.781287151088	0	3	2	1500	449000	0	1200	1920	101	19	70	65	63	50	14	7	24	27	5	106
30787809_zpid	30787809_zpid	11234	417 Mayfair Dr S, Brooklyn, NY 11234	40.607223	-73.906778	1.0853723793	0	1.13697837369	0	4.2467204956	0	4	3	2310	475000	211	3817	1983	2	2	0	4	0	4	7	13	9	3	1	23
