30653254_zpid	30653254_zpid	11212	496 E 95th St APT 1, Brooklyn, NY 11212	40.655319	-73.916926	0.158895454191	9	0.528402440911	2	0.684704830827	1	7	4	3200	499000	57	3000	1930	1360	60	568	520	440	212	60	32	120	216	80	820
30753266_zpid	30753266_zpid	11210	2806 Avenue K, Brooklyn, NY 11210	40.623957	-73.948048	0.139330743149	2	0.432422940578	2	0.989000767495	0	5	4	1977	1100000	1	3000	1925	63	7	35	26	24	53	32	14	33	6	2	87
83042932_zpid	83042932_zpid	11233	2028 Bergen St, Brooklyn, NY 11233	40.673815	-73.913314	0.27214846272	4	0.24819354277	5	0.563134161584	1	6	5	3125	825000	0	2773	2003	200	15	112	118	78	37	26	19	40	48	30	160
30637727_zpid	30637727_zpid	11207	59 Van Siclen Ave, Brooklyn, NY 11207	40.678975	-73.891633	0.144335137243	5	0.114728883919	5	0.133045215791	5	7	3	2947	220000	196	2200	1901	468	180	316	380	256	392	208	200	200	144	52	816
30706605_zpid	30706605_zpid	11228	1453 77th St, Brooklyn, NY 11228	40.617128	-74.004871	0.203297672983	9	0.491126664458	4	0.540985331851	2	7	3	2232	740000	45	2700	1930	9	11	7	20	7	45	36	46	18	3	2	76
30607188_zpid	30607188_zpid	11206	232 Vernon Ave, Brooklyn, NY 11206	40.695172	-73.942407	0.0962356154049	10	0.132779683363	4	0.559346738553	3	11	8	3440	1450000	29	1800	1931	115	40	60	97	56	55	21	35	17	36	24	153
30759236_zpid	30759236_zpid	11234	1132 E 53rd St, Brooklyn, NY 11234	40.631478	-73.92561	0.220062046306	5	0.578924125974	2	1.86741482511	0	4	2	1626	426000	19	2150	1945	36	14	14	24	12	49	25	15	15	16	3	71
30781681_zpid	30781681_zpid	11234	2022 E 60th St, Brooklyn, NY 11234	40.6155346	-73.9168676	0.134171423566	6	0.658007269667	1	3.23577794368	0	3	2	1540	455000	5	2000	1950	9	8	10	6	10	28	20	9	18	4	5	82
30787768_zpid	30787768_zpid	11234	209 Barlow Dr S, Brooklyn, NY 11234	40.608205	-73.9078849	0.944544470478	0	1.01391095436	0	4.17979270746	0	5	3	3715	340000	252	4400	1960	2	4	2	7	0	11	7	14	15	4	1	27
29832946_zpid	29832946_zpid	10466	916 E 226th St, Bronx, NY 10466	40.886235	-73.853729	0.112861441399	9	0.4713108162	3	0.590939034936	1	7	3	2629	420000	3	15245.999999999998	1930	114	14	61	61	32	67	19	8	29	28	16	108
30767123_zpid	30767123_zpid	11236	576 E 87th St, Brooklyn, NY 11236	40.642353	-73.9125	0.394504851488	5	0.794456098094	0	1.0190373492	0	7	3.5	1596	610000	8	2020	1960	37	5	22	19	7	47	25	6	22	12	5	92
30700664_zpid	30700664_zpid	11209	44 89th St, Brooklyn, NY 11209	40.622824	-74.039129	0.128011057892	3	0.670211350528	1	0.906821742762	0	3	4	2610	930000	14	2400	1925	45	18	11	27	11	22	24	12	11	2	2	56
30573574_zpid	30573574_zpid	11231	174 Beard St, Brooklyn, NY 11231	40.6759574	-74.0162066	0.66186253612	2	0.204524929513	3	1.60567194204	0	3	1.5	1320	1250000	0	1500	1899	76	132	16	56	4	12	96	16	12	12	8	160
30780690_zpid	30780690_zpid	11234	14 Bergen Beach Pl, Brooklyn, NY 11234	40.622376	-73.915252	0.305906519155	5	0.755348181482	0	2.93017834351	0	3	2	1750	430000	35	2883	1996	19	5	8	8	5	54	25	23	19	6	9	100
30619178_zpid	30619178_zpid	11249	114 S 2nd St, Brooklyn, NY 11249	40.713436	-73.963236	0.0927839593537	10	0.377713206923	4	0.684544552279	2	3	1	2800	1450000	49	2250	1910	96	372	32	116	32	92	84	60	76	12	32	392
30638712_zpid	30638712_zpid	11207	310 Ashford St, Brooklyn, NY 11207	40.674836	-73.885565	0.276477848256	7	0.488019283565	4	0.414045471741	4	6	3	971	360500	13	936	1935	46	14	41	46	30	49	27	13	33	24	9	127
30625856_zpid	30625856_zpid	11221	57 Stockholm St, Brooklyn, NY 11221	40.696483	-73.92608	0.274623625922	14	0.193027350584	7	0.189075718006	3	4	3	1412	475000	32	1655	1930	163	87	71	98	78	55	33	23	49	36	29	237
30620230_zpid	30620230_zpid	11222	96 Franklin St, Brooklyn, NY 11222	40.727932	-73.957014	0.168440283868	13	0.333329474952	4	0.35157891478	2	4	3	2080	2450000	0	1500	1899	50	85	23	41	25	31	29	22	18	11	8	164
30570470_zpid	30570470_zpid	11231	44 Woodhull St, Brooklyn, NY 11231	40.681179	-74.003305	0.122529404425	15	0.255491165995	4	0.758754257508	0	6	7	2400	1550000	3	2000	1910	30	51	22	42	19	12	43	31	6	10	10	143
30643688_zpid	30643688_zpid	11208	84 Fountain Ave, Brooklyn, NY 11208	40.678119	-73.87634	0.289047310106	12	0.410215775005	6	0.470046159901	5	5	2	1710	270000	84	1908	1899	109	22	60	75	55	48	49	19	47	25	12	199
29854523_zpid	29854523_zpid	10471	4961 Henry Hudson Pkwy W # 4961, Bronx, NY 10471	40.897901	-73.908457	0.906695151831	0	0.950953607404	0	0.828014479891	0	3	2.5	1305	665000	6	112384.8	1940	0	0	12	24	4	4	100	0	4	0	0	36
29830002_zpid	29830002_zpid	10469	3235 Mickle Ave, Bronx, NY 10469	40.874182	-73.844072	0.381501752938	5	0.416824497718	1	0.553637470296	1	3	1.5	1759	365000	0	1710	1955	45	12	39	35	24	37	31	9	32	17	10	100
30639510_zpid	30639510_zpid	11207	417 Miller Ave, Brooklyn, NY 11207	40.6705763	-73.8905262	0.227621885593	6	0.213909596434	5	0.245316448788	4	1	1	1640	450000	60	1900	1930	123	20	100	105	103	49	38	19	48	48	24	246
30739954_zpid	30739954_zpid	11223	2568 E 2nd St, Brooklyn, NY 11223	40.586871	-73.9679139	0.30314356389	6	0.334420555108	1	0.616885962461	1	8	5.5	3968	1125000	63	3000	2006	83	8	7	11	8	15	31	21	12	1	4	52
30576959_zpid	30576959_zpid	11220	252 50th St, Brooklyn, NY 11220	40.648079	-74.0157909	0.320671511127	9	0.329466701584	9	0.366460643444	2	7	4	1920	760000	7	2003	1915	50	23	42	61	32	33	43	24	27	19	6	142
30674016_zpid	30674016_zpid	11218	256 E 9th St, Brooklyn, NY 11218	40.6423105	-73.9706936	0.0749089092598	12	0.245499693326	4	0.565228160557	2	5	3.5	1360	575000	137	4000	1901	624	232	232	312	168	204	152	128	108	68	44	788
30753591_zpid	30753591_zpid	11210	1224 E 35th St, Brooklyn, NY 11210	40.624132	-73.941869	0.321402943981	3	0.56203683254	3	1.08475874936	0	4	3	1378	605000	4	2000	1925	484	52	232	200	180	292	196	68	112	64	32	476
30768325_zpid	30768325_zpid	11236	1066 Remsen Ave, Brooklyn, NY 11236	40.64265	-73.90912	0.160898078926	6	0.730117700507	2	0.758776292644	0	6	3	1620	555000	14	2150	1930	40	4	25	18	12	64	35	6	21	18	5	109
30687838_zpid	30687838_zpid	11219	1031 58th St, Brooklyn, NY 11219	40.633612	-74.002896	0.146437928936	6	0.182750580541	6	0.323137963212	4	3	2.5	1344	400000	46	1552	1925	46	18	21	35	14	59	55	49	22	9	8	99
30574503_zpid	30574503_zpid	11232	219 33rd St, Brooklyn, NY 11232	40.654974	-74.000533	0.235500992247	5	0.596605897738	2	0.337612130702	2	5	3	1778	1295000	2	1799	1910	100	116	44	68	48	32	112	52	56	4	32	256
30665983_zpid	30665983_zpid	11226	2110 Bedford Ave, Brooklyn, NY 11226	40.653021	-73.9564369	0.182427057165	11	0.214675575129	10	0.496374482493	4	1	1	2850	960000	19	5200	1899	614	95	304	298	297	52	47	19	74	89	24	431
29845269_zpid	29845269_zpid	10465	566 Logan Ave, Bronx, NY 10465	40.825081	-73.818164	0.556661652123	1	0.474541210287	2	2.59043701577	0	3	1.5	1300	385000	96	1458	1930	13	17	5	16	5	12	19	20	13	0	4	57
30740254_zpid	30740254_zpid	11235	2933 Shore Pkwy, Brooklyn, NY 11235	40.584891	-73.963235	0.363561052072	9	0.468384218185	3	0.799409203151	0	3	2	1643	630000	5	2100	1935	156	112	92	160	60	144	188	124	80	44	56	448
30740478_zpid	30740478_zpid	11235	2848 Brighton 4th St, Brooklyn, NY 11235	40.5817134	-73.9646774	0.202967913709	7	0.418856006151	7	0.53458200677	2	2	1	810	105000	35	1860	1910	260	144	172	268	100	276	156	100	124	68	88	652
30752054_zpid	30752054_zpid	11210	1173 E 37th St, Brooklyn, NY 11210	40.628091	-73.940073	0.321620970597	5	0.551868104809	2	0.829401643645	0	4	2	2053	383000	31	3000	1915	97	11	52	51	39	69	43	26	25	15	13	117
79710639_zpid	79710639_zpid	11234	34 Bell Point Dr, Brooklyn, NY 11234	40.6100316	-73.9144051	0.692356531963	2	0.90654138533	0	3.67169011419	0	4	5	4336	1200000	0	7877	2007	2	5	1	5	3	19	3	23	18	2	0	21
30636512_zpid	30636512_zpid	11207	215 Highland Blvd, Brooklyn, NY 11207	40.682052	-73.89401	0.294782102424	3	0.232323817514	3	0.516714058266	2	9	3	4240	265000	28	3127	1925	70	27	45	44	28	48	32	35	25	20	8	100
30610498_zpid	30610498_zpid	11216	183 Halsey St, Brooklyn, NY 11216	40.682454	-73.9459959	0.221668153451	11	0.0683044249131	8	0.377490041895	3	6	4	3224	2749000	0	1875	1901	215	107	113	175	113	26	47	19	65	66	25	261
30669488_zpid	30669488_zpid	11226	493 E 23rd St, Brooklyn, NY 11226	40.6380164	-73.9555853	0.209282504662	8	0.235964422437	5	0.643756358391	2	4	1.75	2056	555000	18	1488	1930	368	96	165	167	176	43	25	16	45	79	7	251
30739292_zpid	30739292_zpid	11223	2463 W 2nd St, Brooklyn, NY 11223	40.5888023	-73.9715571	0.233876469837	6	0.274053138849	1	0.245169455546	2	4	2	2300	839000	0	2500	1930	344	52	64	84	40	136	180	152	72	20	28	424
30600937_zpid	30600937_zpid	11233	62 Hull St, Brooklyn, NY 11233	40.678913	-73.914246	0.484500705377	4	0.37042717729	5	0.297021693066	3	4	1	2208	500000	29	1611	1899	1116	116	736	804	548	216	192	84	284	328	148	988
89068649_zpid	89068649_zpid	10466	847 E 226th St, Bronx, NY 10466	40.8872691	-73.8553933	0.134706616615	9	0.442738062777	4	0.424734694463	3	8	6	4556	675000	15	2859	2006	174	12	88	91	62	79	25	10	35	38	18	145
30690908_zpid	30690908_zpid	11220	584 61st St, Brooklyn, NY 11220	40.6374939	-74.014868	0.258597385239	8	0.254429898458	9	0.470649025451	2	4	2	2360	1390000	6	1663	1915	452	160	176	180	144	140	268	164	124	96	20	688
30760821_zpid	30760821_zpid	11234	4703 Avenue K, Brooklyn, NY 11234	40.6259159	-73.930302	0.280199768049	9	0.366529807467	1	1.65515567834	0	4	3	2071	481000	16	2000	1950	27	14	13	22	17	44	26	18	19	3	1	89
29844291_zpid	29844291_zpid	10465	1523 Bayview Ave, Bronx, NY 10465	40.845465	-73.817716	1.01602670691	0	0.688537005895	1	1.14634657203	0	2	2	1300	230000	24	2500	1910	1	9	4	4	0	14	22	15	6	1	0	32
29846366_zpid	29846366_zpid	10465	609 Vincent Ave, Bronx, NY 10465	40.827045	-73.81545	0.523588925929	2	0.646268973382	1	2.56812506784	0	3	2	1806	469000	76	40	1955	44	24	24	44	4	28	64	80	52	0	16	164
30736940_zpid	30736940_zpid	11223	27 Gravesend Neck Rd, Brooklyn, NY 11223	40.59552	-73.9742799	0.258803109224	4	0.290835968679	4	0.0986880684764	4	5	2.5	1875	610000	134	5100	1899	144	52	48	136	48	208	84	192	108	24	36	432
30638231_zpid	30638231_zpid	11208	3002 Fulton St, Brooklyn, NY 11208	40.679932	-73.8838619	0.207727590061	7	0.0343770134342	4	0.065624447849	4	8	4.5	2984	999000	5	2715	1920	81	18	49	63	51	43	34	21	28	27	14	144
30624582_zpid	30624582_zpid	11206	234 Boerum St, Brooklyn, NY 11206	40.706107	-73.938307	0.238032991997	11	0.312566264606	4	0.223515971132	4	6	3	1892	665000	73	2187	1930	70	176	41	39	24	18	31	11	26	12	9	143
30631334_zpid	30631334_zpid	11207	90 Vanderveer St, Brooklyn, NY 11207	40.681894	-73.903402	0.276063417631	4	0.499406990861	1	0.154269860379	9	4	2	2100	430000	112	1742	1905	35	15	30	39	24	5	13	13	9	11	4	83
30745474_zpid	30745474_zpid	11229	2252 E 13th St, Brooklyn, NY 11229	40.595185	-73.957883	0.0727223372959	13	0.275075580489	7	0.230184702506	2	3	3	1728	799000	0	2500	1925	62	17	10	17	17	33	15	14	9	3	4	79
29852889_zpid	29852889_zpid	10471	5060 Tibbett Ave, Bronx, NY 10471	40.896831	-73.899348	0.640159250784	1	0.952874316387	0	0.770570202844	0	4	3	3027	1139000	0	7532	1925	24	1	6	6	5	4	12	3	6	0	4	20
30688901_zpid	30688901_zpid	11219	1236 Tabor Ct, Brooklyn, NY 11219	40.628268	-74.001163	0.488629623261	8	0.332132882857	2	0.412307763595	4	7	2	2	860000	70	852904.7999999999	1930	27	14	18	22	8	46	71	44	13	5	16	120
30599503_zpid	30599503_zpid	11233	678 Macdonough St, Brooklyn, NY 11233	40.683591	-73.919081	0.184087251109	7	0.395854644944	3	0.37075716268	4	6	2.5	3300	155000	224	2000	1910	210	53	141	154	125	21	36	10	62	88	21	252
30573517_zpid	30573517_zpid	11231	43 Dikeman St, Brooklyn, NY 11231	40.675115	-74.011567	0.538250775474	2	0.266645476633	4	1.20817681151	0	4	2	2080	1496277	17	2000	1915	92	204	24	80	4	32	120	16	32	28	8	228
112506146_zpid	112506146_zpid	10467	747 E 220TH St, Bronx, NY 10467	40.8837559	-73.8607253	0.177586225413	6	0.337946702172	2	0.167631777628	2	6	4	1166	690000	0	2857	2016	152	11	78	100	90	69	16	4	30	49	10	160
30640376_zpid	30640376_zpid	11207	513 Miller Ave, Brooklyn, NY 11207	40.668086	-73.8897609	0.251189913916	6	0.511727670527	6	0.298048165618	4	5	3	2360	650000	2	2311	1901	176	23	134	126	129	27	42	10	56	62	19	244
30611440_zpid	30611440_zpid	11216	36 New York Ave, Brooklyn, NY 11216	40.678975	-73.94716	0.145482561708	10	0.150732478291	6	0.111333258852	3	4	2	2439	927000	16	2033	1901	351	110	158	231	178	40	47	17	69	80	31	335
30704685_zpid	30704685_zpid	11204	2041 73rd St, Brooklyn, NY 11204	40.6115217	-73.9893343	0.123401005656	13	0.0930043769296	8	0.631951845272	2	6	4	3350	1100500	21	2667	1925	264	64	88	148	136	180	100	96	84	36	8	420
30761583_zpid	30761583_zpid	11234	4021 Kings Hwy, Brooklyn, NY 11234	40.624541	-73.9353409	0.260152335789	7	0.293379308843	2	1.39022561291	0	3	2	2000	485000	15	1692	1935	164	32	72	88	84	76	88	68	52	16	0	256
30585574_zpid	30585574_zpid	11215	165 13th St, Brooklyn, NY 11215	40.668878	-73.992108	0.125553394991	10	0.43110484054	3	0.257526509908	3	4	3	800	1550000	0	2142	1899	65	66	24	53	29	33	55	28	31	17	13	198
30791826_zpid	30791826_zpid	11235	2520 Voorhies Ave, Brooklyn, NY 11235	40.5866525	-73.9434354	0.240774460727	6	0.613187855676	1	0.906623301697	0	3	2.5	2110	232000	225	1960	1940	36	10	13	28	5	40	24	28	28	4	4	98
30623008_zpid	30623008_zpid	11211	296 Manhattan Ave, Brooklyn, NY 11211	40.7137919	-73.9457602	0.251459030002	13	0.140514219586	4	0.167799100442	4	5	5	3000	1495000	33	1500	1901	120	396	104	260	108	140	212	44	88	48	76	900
29792270_zpid	29792270_zpid	10473	636 Rosedale Ave, Bronx, NY 10473	40.8177516	-73.8657823	0.170364319286	3	0.448955372048	2	1.50756400044	0	6	5	2000	438000	49	2500	1940	57	12	21	20	20	24	17	8	22	12	7	81
30571429_zpid	30571429_zpid	11217	453 Warren St, Brooklyn, NY 11217	40.6834533	-73.9861649	0.0832168784454	11	0.215729297507	1	0.496988740005	7	3	2.5	1999	2150000	8	1700	1899	23	64	5	32	8	40	42	17	16	15	12	120
55677123_zpid	55677123_zpid	11207	498 Alabama Ave, Brooklyn, NY 11207	40.663801	-73.8970159	0.510385126759	4	0.208413605045	10	0.201723785981	6	3	1	1800	290000	71	1800	2001	190	13	98	104	112	25	37	12	27	37	14	198
30719629_zpid	30719629_zpid	11204	1550 W 2nd St, Brooklyn, NY 11204	40.609524	-73.9764019	0.171075597884	11	0.314899662373	7	0.300452774451	4	3	2	1530	800000	12	2000	1920	576	72	112	116	128	260	56	84	44	24	24	344
30715026_zpid	30715026_zpid	11214	8874 18th Ave, Brooklyn, NY 11214	40.601917	-74.008559	0.283362647915	5	0.269658860107	2	0.885525876247	0	4	2	1980	845000	2	1688	1950	31	19	14	25	7	31	35	39	13	3	2	73
29849098_zpid	29849098_zpid	10465	152 Calhoun Ave, Bronx, NY 10465	40.814518	-73.81672	0.535847627164	3	0.557650952372	1	3.53592410669	0	3	2	1728	184000	202	2252	1955	5	5	2	5	4	7	12	7	6	2	6	33
30664567_zpid	30664567_zpid	11225	346 Lincoln Rd, Brooklyn, NY 11225	40.6612889	-73.951339	0.0833296945358	8	0.195760135676	6	0.16694566475	3	6	3	2880	969000	26	2100	1901	405	82	176	162	169	42	36	16	42	71	15	285
29784665_zpid	29784665_zpid	10457	615 Oak Tree Pl, Bronx, NY 10457	40.851245	-73.889855	0.318187649676	12	0.461299983447	4	0.947127453385	0	3	2	1366	312000	22	2090	1985	205	40	106	133	114	27	15	11	41	53	24	188
30773479_zpid	30773479_zpid	11236	566 E 99th St, Brooklyn, NY 11236	40.647941	-73.903058	0.186747411428	5	0.678056101196	1	0.175885985161	2	5	3	1884	620000	5	2013	1950	35	7	20	26	14	54	18	6	7	10	6	77
30602796_zpid	30602796_zpid	11221	508 Van Buren St, Brooklyn, NY 11221	40.691528	-73.928366	0.0642297716417	9	0.186227626896	3	0.205443441482	3	6	3	2112	810000	33	1700	1899	215	75	97	130	126	55	38	15	43	53	33	302
68310494_zpid	68310494_zpid	11207	73 Stewart St, Brooklyn, NY 11207	40.681765	-73.903082	0.306655417974	4	0.528322491952	1	0.184455623281	9	4	3	3290	499000	128	1700	2004	33	15	25	36	22	4	13	13	9	9	4	78
30661622_zpid	30661622_zpid	11203	609 E 37th St, Brooklyn, NY 11203	40.642211	-73.941586	0.159953093216	3	0.579640117296	3	0.628298894407	2	3	2.5	1344	400000	10	1825	1920	115	7	66	65	63	46	20	6	22	27	9	114
29794260_zpid	29794260_zpid	10472	1038 Evergreen Ave, Bronx, NY 10472	40.824373	-73.879807	0.275792511515	6	0.402814929824	3	0.472204616304	3	5	3	1909	388888	0	1925	1940	434	26	129	146	122	39	20	5	33	54	12	233
30633946_zpid	30633946_zpid	11207	123 New Jersey Ave, Brooklyn, NY 11207	40.676912	-73.895845	0.162868191087	5	0.380569149246	4	0.237315076432	8	4	3	1720	383250	38	2500	1901	97	21	67	84	52	59	40	38	26	33	13	161
30729145_zpid	30729145_zpid	11229	1844 Stuart St, Brooklyn, NY 11229	40.60779	-73.940847	0.315724599493	3	0.697032966591	1	1.43738226275	0	3	2	1890	520000	14	1742	1930	19	7	6	18	7	17	21	18	17	2	2	47
30708197_zpid	30708197_zpid	11214	2111 79th St, Brooklyn, NY 11214	40.6071439	-73.9914738	0.0744406097446	9	0.290741704107	6	0.614345677606	2	4	3	2544	229000	278	2100	1920	468	40	132	208	136	276	168	124	76	44	36	484
30630856_zpid	30630856_zpid	11207	105 Moffat St, Brooklyn, NY 11207	40.685911	-73.9083519	0.358922244396	9	0.382214409939	3	0.380024398415	4	7	3	3512	850000	12	1755	1901	135	36	117	154	88	26	33	17	36	61	27	216
29852729_zpid	29852729_zpid	10471	305 W 246th St, Bronx, NY 10471	40.8938913	-73.9013392	0.420983049705	2	1.15252934671	0	0.509473236386	1	8	5	3769	3100000	0	12196.800000000001	1920	18	2	5	8	5	1	16	3	6	1	4	20
30763581_zpid	30763581_zpid	11234	1313 E 58th St, Brooklyn, NY 11234	40.622537	-73.919215	0.247662724642	8	0.671930816515	1	2.66131386003	0	3	1	992	434900	0	2000	1925	32	28	32	32	28	148	100	84	72	32	36	456
30776380_zpid	30776380_zpid	11236	1126 E 99th St # 1, Brooklyn, NY 11236	40.640741	-73.895017	0.317946727355	5	0.407939035822	2	0.875432538801	0	1	1	1320	347500	53	4000	1955	52	9	30	23	20	32	24	11	13	17	5	85
29844455_zpid	29844455_zpid	10465	1653 Bayshore Ave, Bronx, NY 10465	40.84765	-73.81663	1.08542298583	0	0.839965605474	0	1.05903758266	0	3	3	1836	437500	30	2500	1965	1	2	0	3	0	10	12	10	5	1	0	23
30576500_zpid	30576500_zpid	11220	462 48th St, Brooklyn, NY 11220	40.6464558	-74.0099811	0.0467222383935	11	0.107035095731	9	0.276436559642	2	7	4	2700	870000	110	1999	1910	128	62	56	99	52	41	63	24	31	30	13	252
30671072_zpid	30671072_zpid	11218	39 E 2nd St, Brooklyn, NY 11218	40.651119	-73.979532	0.305840495874	7	0.155560604979	3	0.350067366355	1	5	2	2816	1255000	17	2500	1910	44	80	48	84	48	100	88	84	56	8	12	200
30603932_zpid	30603932_zpid	11221	703 Putnam Ave, Brooklyn, NY 11221	40.686137	-73.933506	0.223574594449	7	0.294186115702	5	0.78957053452	0	3	3	2400	615000	6	2000	1899	171	30	74	133	70	42	29	11	30	47	30	187
30771331_zpid	30771331_zpid	11236	1252 E 87th St, Brooklyn, NY 11236	40.632785	-73.901853	0.491908476407	3	0.48628532118	2	1.54389003861	0	3	1	1058	372000	12	27	1935	52	16	25	29	10	61	24	11	28	10	9	92
30740160_zpid	30740160_zpid	11235	2509 Hubbard St, Brooklyn, NY 11235	40.5888587	-73.9632324	0.248498697813	7	0.777074767448	0	0.797874010274	0	4	2.5	2000	645000	36	1730	1925	27	12	9	15	10	40	37	25	15	8	4	61
30566550_zpid	30566550_zpid	11201	324 Atlantic Ave, Brooklyn, NY 11201	40.6879518	-73.9880307	0.0419019650143	16	0.427280371101	5	0.249349301567	10	6	4	3680	3395000	0	1800	1900	46	92	13	60	14	21	42	29	19	8	9	211
30781186_zpid	30781186_zpid	11234	1541 E 59th St, Brooklyn, NY 11234	40.616144	-73.917591	0.106840762842	7	0.701849161239	1	3.14632791763	0	3	1	648	412000	19	1800	1960	52	36	36	28	44	116	84	48	80	16	20	408
30580536_zpid	30580536_zpid	11218	578A 19th St, Brooklyn, NY 11218	40.654787	-73.980029	0.377362934251	9	0.304000786931	3	0.651289993863	2	2	1.5	884	652000	88	1302	1940	1	12	8	10	4	15	13	21	10	0	2	30
30658627_zpid	30658627_zpid	11226	341 Martense St, Brooklyn, NY 11226	40.652065	-73.947704	0.316342737307	6	0.256710278995	7	0.208505643841	2	5	3	3090	700000	3	2280	1910	320	33	137	148	155	67	25	8	49	63	16	243
30641623_zpid	30641623_zpid	11208	88 Hemlock St, Brooklyn, NY 11208	40.687836	-73.8723739	0.226037832819	6	0.193976141701	5	0.234798514971	3	6	3	2000	640000	8	1600	1920	81	33	54	72	39	62	37	16	46	35	7	171
30782641_zpid	30782641_zpid	11234	2152 E 73rd St, Brooklyn, NY 11234	40.619649	-73.905167	0.514509192196	1	0.447877576739	1	3.01921483457	0	4	4.5	3060	292000	200	4000	1960	56	28	24	36	20	48	68	32	68	12	16	228
30657971_zpid	30657971_zpid	11203	99 E 37th St, Brooklyn, NY 11203	40.655071	-73.942962	0.458952311206	4	0.633093101376	2	0.639284232673	2	4	3	3880	494400	91	2072	1940	96	18	55	62	49	58	22	21	17	33	6	98
30789587_zpid	30789587_zpid	11235	3059 Brighton 5th St, Brooklyn, NY 11235	40.578058	-73.962316	0.11826602937	8	0.0799471384588	6	0.0981554214297	2	9	6	3420	660000	14	2600	1925	728	280	296	424	224	272	204	88	176	124	100	1104
30639274_zpid	30639274_zpid	11207	385 Ashford St, Brooklyn, NY 11207	40.672885	-73.884609	0.186682910237	9	0.49536886281	4	0.354062566584	3	5	3	3000	360000	30	1800	1920	26	13	25	27	21	39	23	13	23	17	9	103
30588356_zpid	30588356_zpid	11215	495 13th St, Brooklyn, NY 11215	40.662723	-73.979431	0.139595421867	14	0.214706444757	6	0.235019625341	2	5	2.5	3145	3250000	4	2083	1901	56	42	26	34	19	22	36	24	20	7	8	109
