30754633_zpid	30754633_zpid	11234	1362 E 38th St, Brooklyn, NY 11234	40.621014	-73.938355	0.276444350889	2	0.410234839472	2	1.53217520549	0	6	4	2900	450000	14	2400	1935	188	40	104	84	84	120	88	56	52	36	8	336
30595826_zpid	30595826_zpid	11213	1712 Dean St, Brooklyn, NY 11213	40.6756079	-73.9312379	0.110235552458	8	0.277353661566	5	0.420328610338	1	5	3	2736	699000	29	1822	1920	140	15	66	71	64	38	22	5	18	19	10	141
55540918_zpid	55540918_zpid	10459	1044 Hoe Ave, Bronx, NY 10459	40.824427	-73.8902279	0.193233839703	6	0.0870629368406	5	0.242134256454	5	6	3	2700	399000	0	2028	1994	253	23	102	126	111	25	31	7	39	41	31	224
30784693_zpid	30784693_zpid	11234	1652 E 55th St, Brooklyn, NY 11234	40.616209	-73.922047	0.305534436131	9	0.941238966379	0	2.84647844713	0	3	2	860	519000	119	1999	1955	19	19	12	12	14	42	21	17	22	7	6	117
29784214_zpid	29784214_zpid	10457	458 E 182nd St, Bronx, NY 10457	40.854199	-73.894604	0.212059249827	14	0.41160282241	8	0.558083814608	1	9	4	4000	327600	18	2003	1899	293	20	109	147	123	15	13	12	31	38	19	218
30635993_zpid	30635993_zpid	11207	479 New Lots Ave, Brooklyn, NY 11207	40.6632473	-73.8902738	0.0989179871309	6	0.0410575677029	5	0.301187589835	3	3	4	2274	375000	25	1136	1930	262	20	164	151	154	26	51	10	58	85	17	280
30573267_zpid	30573267_zpid	11231	300 Van Brunt St, Brooklyn, NY 11231	40.679499	-74.010739	0.0550054452328	4	0.0781770207349	3	1.26118217979	0	3	1.5	5360	550000	134	2250	1925	28	52	15	20	11	9	26	8	11	8	2	55
30623105_zpid	30623105_zpid	11211	64 Devoe St, Brooklyn, NY 11211	40.7131786	-73.9489344	0.119667277934	13	0.196422932819	5	0.095019058561	4	6	2.5	1296	1350000	10	904	1901	50	133	31	69	27	34	52	16	21	13	15	203
30576723_zpid	30576723_zpid	11220	233 50th St, Brooklyn, NY 11220	40.648749	-74.015938	0.333604369831	8	0.362712521779	6	0.440090564053	2	6	2	3540	470000	67	20	1910	45	12	32	50	19	30	37	20	22	8	4	113
68310265_zpid	68310265_zpid	10456	1139 Tinton Ave, Bronx, NY 10456	40.827401	-73.901469	0.288959601019	6	0.141984936806	5	0.698440394705	1	3	3	2895	435000	11	2047	2005	230	18	87	96	64	40	10	6	17	30	20	153
30733601_zpid	30733601_zpid	11224	1522 Neptune Ave, Brooklyn, NY 11224	40.5788427	-73.9837396	0.245232893133	2	0.449708198689	5	0.264436825872	2	5	6	3720	610000	104	3702	1931	208	32	88	132	104	60	108	52	52	68	16	324
30727297_zpid	30727297_zpid	11229	1779 E 14th St, Brooklyn, NY 11229	40.606279	-73.958477	0.2264907544	7	0.507426984222	4	0.272489875512	1	3	2	3120	462000	7	2000	1901	141	33	50	57	49	63	43	25	21	17	9	175
30792948_zpid	30792948_zpid	11229	3153 Avenue W, Brooklyn, NY 11229	40.597113	-73.9319529	0.455631155275	6	0.491166720063	1	1.97267885509	0	3	1	980	261000	62	1440	1935	17	18	1	7	2	8	21	8	17	3	2	44
30664393_zpid	30664393_zpid	11225	26 Chester Ct, Brooklyn, NY 11225	40.6584911	-73.9613054	0.090569569497	12	0.126567542486	5	0.356481952848	2	4	2.5	2800	658000	45	1649	1915	1184	368	600	476	548	48	132	64	192	156	44	776
30791836_zpid	30791836_zpid	11235	2740 E 26th St, Brooklyn, NY 11235	40.585865	-73.9432889	0.269523046499	3	0.683730138669	1	0.925750194736	0	6	3	2720	999999	0	2625	1925	33	9	16	29	13	38	21	24	30	2	4	85
29776802_zpid	29776802_zpid	10454	436 E 140th St, Bronx, NY 10454	40.809652	-73.9207799	0.283450111392	4	0.154076748407	6	0.243933741258	3	4	4	2400	330000	49	1667	1910	248	34	115	138	118	10	18	12	32	40	18	230
30598980_zpid	30598980_zpid	11221	101 Ralph Ave, Brooklyn, NY 11221	40.6866537	-73.9232192	0.202112179746	9	0.483052605795	3	0.340870398341	2	6	4	3300	493000	108	1481	1925	151	50	74	117	81	28	18	7	32	46	27	176
30771270_zpid	30771270_zpid	11236	1226 E 86th St, Brooklyn, NY 11236	40.632761	-73.90304	0.556656332882	2	0.586567429969	2	1.54982499929	0	6	5	2480	650000	0	2633	1955	224	56	88	104	36	248	104	44	104	28	32	304
30749184_zpid	30749184_zpid	11235	2572 E 21st St, Brooklyn, NY 11235	40.5895409	-73.948795	0.1820298604	10	0.287781086898	3	0.540372657942	1	3	1.5	1408	470000	26	2613	1930	59	16	10	35	10	43	38	29	41	7	3	139
29852897_zpid	29852897_zpid	10471	331 W 250th St, Bronx, NY 10471	40.896872	-73.902552	0.746405568692	1	0.944818835779	0	0.850732650007	0	6	3.5	3296	1825000	40	19166.4	1920	16	1	6	7	5	4	15	3	7	0	4	16
30621715_zpid	30621715_zpid	11222	26 Diamond St, Brooklyn, NY 11222	40.723774	-73.945631	0.0851895590522	12	0.177344383201	1	0.485869163195	1	6	4	2450	1175000	46	1113	1901	35	70	23	47	15	19	34	21	23	13	14	196
30781525_zpid	30781525_zpid	11234	1483 E 70th St, Brooklyn, NY 11234	40.621107	-73.909697	0.410425207259	5	0.431248409114	1	2.92011842112	0	4	4	2910	695000	73	3100	1960	18	3	9	14	6	31	23	12	23	3	3	66
30771142_zpid	30771142_zpid	11236	1254 E 84th St, Brooklyn, NY 11236	40.631351	-73.904017	0.729395953509	2	0.687780327525	1	1.71332882598	0	4	3	1932	530000	20	2140	1940	220	32	72	108	52	264	112	32	124	32	44	312
30645035_zpid	30645035_zpid	11208	392 Pine St, Brooklyn, NY 11208	40.676056	-73.871379	0.196199214167	7	0.090047796419	7	0.0973675801192	2	4	2	1980	415000	0	2500	1899	169	26	97	91	63	57	53	9	84	47	15	237
30710806_zpid	30710806_zpid	11214	1654 84th St, Brooklyn, NY 11214	40.610244	-74.00482	0.162618068356	9	0.32323755384	7	0.364571990773	2	5	3.5	720	2250000	0	7222	1910	35	10	21	22	9	21	31	30	20	5	6	99
30568049_zpid	30568049_zpid	11201	24 Schermerhorn St, Brooklyn, NY 11201	40.691069	-73.992935	0.124508153731	19	0.122821986996	4	0.278034925048	9	5	4	3930	6799000	0	2054	1846	244	420	80	232	44	116	304	164	156	44	40	1100
29853479_zpid	29853479_zpid	10471	452 W 258th St, Bronx, NY 10471	40.9056961	-73.9038015	0.103735177595	4	0.119887891922	2	0.889386966519	0	6	3	2140	466000	145	2914	1910	13	10	2	12	6	12	30	8	13	3	6	46
30674420_zpid	30674420_zpid	11218	552 E 3rd St, Brooklyn, NY 11218	40.638621	-73.976792	0.337029034885	8	0.0878937078054	11	0.304904095418	2	6	2.5	2600	1175000	7	2550	1925	187	55	76	88	66	89	44	106	32	20	6	228
30781723_zpid	30781723_zpid	11234	2011 E 60th St, Brooklyn, NY 11234	40.615968	-73.916672	0.161367368863	6	0.629631331812	1	3.2207012913	0	3	2	1876	495000	6	1800	1960	9	8	8	6	7	25	20	8	20	1	5	83
30586663_zpid	30586663_zpid	11217	234 Saint Johns Pl # 2, Brooklyn, NY 11217	40.675524	-73.972388	0.105353759177	15	0.136374203333	7	0.133647213395	3	6	3	2600	3650000	7	1883	1899	24	23	4	12	3	8	31	9	19	8	7	70
30662835_zpid	30662835_zpid	11203	836 E 45th St, Brooklyn, NY 11203	40.6407646	-73.9342652	0.109563220555	6	1.07078255816	0	1.19819893748	0	4	2.5	1920	365000	2	1215	1920	140	48	48	76	52	208	100	48	104	52	20	400
30585488_zpid	30585488_zpid	11215	468 11th St, Brooklyn, NY 11215	40.6659049	-73.9834207	0.0892587501568	19	0.37375549004	7	0.266221596257	4	4	3.5	2500	3200000	9	1658	1901	244	308	92	264	76	160	284	144	124	52	80	856
30723755_zpid	30723755_zpid	11230	764 Rugby Rd, Brooklyn, NY 11230	40.6306749	-73.963651	0.168895659558	7	0.367866390148	6	0.230981303283	3	4	2.5	2582	965000	46	4000	1910	77	36	60	55	57	60	42	45	27	17	11	143
29785441_zpid	29785441_zpid	10458	2306 Prospect Ave, Bronx, NY 10458	40.851703	-73.88338	0.2596202688	9	0.323580239988	2	1.24289580348	0	4	2	2358	30000	6	2500	1899	286	59	90	113	107	13	12	5	32	48	13	158
30586530_zpid	30586530_zpid	11215	341 Prospect Ave, Brooklyn, NY 11215	40.6622123	-73.9869786	0.122730863934	19	0.107723172372	7	0.612110392428	3	3	2	1924	1500000	0	1241	1901	63	65	18	67	26	45	62	27	23	12	17	140
30585794_zpid	30585794_zpid	11215	225 14th St, Brooklyn, NY 11215	40.666795	-73.989557	0.126044439481	16	0.190518132132	4	0.319349984069	3	3	2	1310	1375000	4	2000	1899	90	82	28	76	30	45	70	24	37	20	20	243
30634213_zpid	30634213_zpid	11207	475 Glenmore Ave, Brooklyn, NY 11207	40.673865	-73.8928169	0.288251347205	7	0.207660225711	8	0.225130005325	4	3	1	1188	425000	22	5000	1910	105	17	83	102	84	70	42	30	33	42	21	220
30672482_zpid	30672482_zpid	11218	25 Clara St, Brooklyn, NY 11218	40.643681	-73.981589	0.197681130812	9	0.156197078085	7	0.166315326482	1	7	3	2640	1220000	12	2600	1920	360	120	160	200	152	224	208	156	60	56	40	736
30716831_zpid	30716831_zpid	11230	1115 E 10th St, Brooklyn, NY 11230	40.621831	-73.965333	0.137460411866	4	0.0692182744537	6	0.542081904563	2	5	3.5	1412	560000	131	1733	1930	100	14	34	46	43	34	51	25	23	14	5	132
68311812_zpid	68311812_zpid	10475	3300 Boller Ave, Bronx, NY 10475	40.879139	-73.834116	0.790339358651	0	0.462378823907	3	0.329287608384	1	6	4	3229	580000	2	2108	2005	1	1	9	13	7	11	11	6	8	4	1	40
30780738_zpid	30780738_zpid	11234	23 Georgetown Ln, Brooklyn, NY 11234	40.622617	-73.913929	0.387061997795	5	0.710007806273	1	2.8637505449	0	3	3	1616	448000	139	2659	1998	21	3	9	12	4	49	28	23	20	5	8	103
30612272_zpid	30612272_zpid	11205	289 Washington Ave, Brooklyn, NY 11205	40.690297	-73.965746	0.304888799332	11	0.366344574049	4	0.205518127799	2	7	3.5	6155	4750000	0	9000	1901	50	69	23	33	21	38	21	10	22	16	12	129
30790597_zpid	30790597_zpid	11235	109 Oriental Blvd, Brooklyn, NY 11235	40.5772028	-73.9525395	0.0191496448619	8	0.527119891972	3	0.740537128776	1	2	2	1900	95000	18	1900	1920	488	128	96	164	116	104	160	80	116	60	16	352
30782120_zpid	30782120_zpid	11234	2039 E 68th St, Brooklyn, NY 11234	40.619421	-73.910464	0.216592401115	5	0.258660898902	1	3.11768185425	0	4	2.5	1944	525000	126	2300	1960	15	5	9	15	6	20	22	8	22	2	6	67
30730471_zpid	30730471_zpid	11214	134 Bay 40th St, Brooklyn, NY 11214	40.595025	-73.989334	0.380776457711	8	0.333683954824	4	0.365747500198	1	3	1	1764	728000	22	1740	1965	21	5	14	17	7	34	33	26	21	8	3	73
30610984_zpid	30610984_zpid	11216	210 Macon St, Brooklyn, NY 11216	40.681683	-73.942424	0.230602007589	10	0.261500741024	8	0.236537320916	3	4	4	2124	700000	34	1600	1899	159	81	91	128	80	18	37	21	36	44	27	197
29847796_zpid	29847796_zpid	10465	1016 Brinsmade Ave, Bronx, NY 10465	40.829545	-73.83063	0.346483247384	2	0.688277708733	1	1.55466695906	0	3	1	1908	425000	89	3049	1950	9	10	6	7	3	9	18	14	5	1	5	33
29789247_zpid	29789247_zpid	10470	210 E 235th St, Bronx, NY 10470	40.897062	-73.870076	0.220222269809	1	0.227366801916	1	0.631541039051	1	3	2	1500	435000	11	2500	1920	54	12	10	10	7	39	11	15	14	5	2	72
55677164_zpid	55677164_zpid	11207	491 Alabama Ave, Brooklyn, NY 11207	40.6639926	-73.8965171	0.475872813735	4	0.161314604796	10	0.154514963533	5	3	3	1296	102000	192	1800	2000	205	14	108	111	128	27	38	14	33	41	15	219
30766063_zpid	30766063_zpid	11236	254 E 86th St, Brooklyn, NY 11236	40.646529	-73.918316	0.395984116022	3	0.999660680423	0	1.39083337786	0	2	1	1296	160000	21	1439	1945	10	2	9	11	7	15	14	3	6	6	3	48
30719691_zpid	30719691_zpid	11204	1553 W 2nd St, Brooklyn, NY 11204	40.6094671	-73.9758771	0.129953153189	11	0.341443735075	7	0.256012879937	4	3	2.5	1248	938000	14	3460	1935	556	68	100	104	124	240	56	80	40	20	20	308
30626910_zpid	30626910_zpid	11237	1370 Greene Ave, Brooklyn, NY 11237	40.699491	-73.917732	0.109303774264	11	0.351636771837	7	0.190711927287	4	4	2	1600	799000	0	2000	1901	220	107	164	208	156	40	37	25	94	82	32	349
29781596_zpid	29781596_zpid	10457	1653 Topping Ave # 1, Bronx, NY 10457	40.843143	-73.906205	0.302187381358	4	0.167390518226	6	0.451417246408	4	10	4	2940	480000	46	1742	1899	344	69	226	243	227	30	21	14	57	56	25	276
30639048_zpid	30639048_zpid	11208	166 Atkins Ave, Brooklyn, NY 11208	40.675014	-73.8793929	0.298858551618	9	0.220544614664	4	0.151034971549	4	7	3	2000	585000	11	2000	1910	162	21	94	108	81	51	43	14	43	60	18	203
30700854_zpid	30700854_zpid	11209	165 92nd St, Brooklyn, NY 11209	40.6203	-74.036018	0.274616890669	9	0.320587680358	3	0.611493715589	2	5	2.5	3000	1180000	3	2500	1925	178	37	23	40	25	52	39	25	13	5	6	141
30598704_zpid	30598704_zpid	11233	1831 Park Pl, Brooklyn, NY 11233	40.671793	-73.9166089	0.548588571276	4	0.479141148039	5	0.877099697303	0	8	3	2955	447000	144	1742	1899	195	9	108	114	78	10	12	9	29	37	22	146
30733035_zpid	30733035_zpid	11224	3106 Neptune Ave, Brooklyn, NY 11224	40.57721	-73.99814	0.514909895739	1	0.23503503968	2	1.42968789539	0	3	2	1520	393800	15	1827	1985	49	22	26	40	18	3	14	6	21	20	0	67
30793662_zpid	30793662_zpid	11229	11 Merit Ct, Brooklyn, NY 11229	40.5880657	-73.9265718	0.420628300426	2	1.16333289253	0	2.33544807167	0	3	2	810	430000	70	1680	1925	1	3	1	16	0	1	29	10	19	1	3	35
30638716_zpid	30638716_zpid	11207	276 Ashford St, Brooklyn, NY 11207	40.675661	-73.885733	0.222466611902	8	0.432431235869	6	0.453910119355	4	3	2	800	305000	24	577	1910	49	23	42	49	31	52	27	13	31	22	11	140
30764040_zpid	30764040_zpid	11234	1629 Hendrickson St, Brooklyn, NY 11234	40.6186269	-73.9334219	0.375532855546	8	0.415540690557	3	1.98630322048	0	3	2	1680	485000	81	40	1920	9	43	8	16	13	43	32	23	14	9	1	133
30612247_zpid	30612247_zpid	11205	280 Washington Ave, Brooklyn, NY 11205	40.6902764	-73.9667219	0.296978966297	10	0.362233319742	4	0.219215236547	3	3	2	6690	3200000	104	5000	1905	49	72	21	32	19	33	23	9	22	17	11	135
30624948_zpid	30624948_zpid	11206	69 Central Ave, Brooklyn, NY 11206	40.7011752	-73.9302066	0.0297570002473	15	0.155718803074	5	0.438938387045	3	1	1	700	273001	140	2500	1931	46	61	28	32	13	21	16	12	26	13	10	108
30611153_zpid	30611153_zpid	11216	174 Macdonough St, Brooklyn, NY 11216	40.681243	-73.939469	0.141287204963	10	0.173389439997	8	0.188167541131	1	6	3	2960	1650000	0	1851	1899	88	72	60	78	49	9	25	17	25	25	20	127
30598705_zpid	30598705_zpid	11233	1829 Park Pl, Brooklyn, NY 11233	40.671797	-73.916681	0.546027718042	4	0.473985734479	5	0.873848349719	0	14	11	3300	483000	13	2000	1899	198	11	108	114	78	10	12	9	29	37	22	146
30660546_zpid	30660546_zpid	11203	3411 Beverley Rd, Brooklyn, NY 11203	40.64561	-73.944703	0.301048414828	5	0.213446273154	3	0.363970443153	3	4	2	1620	549000	0	1680	1910	81	8	74	46	53	31	13	4	22	17	14	72
30772235_zpid	30772235_zpid	11236	1457 E 85th St, Brooklyn, NY 11236	40.628772	-73.899086	0.853986405242	0	0.512767137259	1	2.00426155449	0	7	3.5	3420	499999	57	2000	1960	30	6	12	15	6	38	20	7	20	5	7	46
29789900_zpid	29789900_zpid	10470	419 E 239th St, Bronx, NY 10470	40.900854	-73.864617	0.171394810798	4	0.454045629382	1	0.628005584272	1	5	2	2160	410000	67	43560	1910	53	17	12	23	11	25	11	18	14	6	4	69
30593545_zpid	30593545_zpid	11225	1196 Union St, Brooklyn, NY 11225	40.66874	-73.95174	0.132773348612	11	0.395395836675	5	0.130638937222	5	3	3	2750	1250000	16	2555	1915	346	62	146	172	143	21	18	7	39	64	16	205
62648132_zpid	62648132_zpid	11237	162 Stockholm St, Brooklyn, NY 11237	40.69926	-73.922669	0.112428338621	12	0.306161737058	7	0.258310497149	3	9	5	3300	700000	28	1498	2002	184	77	130	183	146	26	21	10	64	76	26	275
30591025_zpid	30591025_zpid	11213	1555 Pacific St, Brooklyn, NY 11213	40.677301	-73.93951	0.196735592138	7	0.373396302874	5	0.313072750004	2	3	1	2100	470460	73	2000	1910	152	35	71	73	66	27	19	6	26	32	11	150
30745014_zpid	30745014_zpid	11229	2179 E 27th St, Brooklyn, NY 11229	40.598241	-73.944086	0.207149206314	6	0.20678232467	2	0.99372218528	0	2	1	2852	442050	33	1600	1940	76	64	44	52	40	84	148	112	92	12	20	440
30567600_zpid	30567600_zpid	11201	43 Remsen St, Brooklyn, NY 11201	40.694953	-73.996724	0.0374012425355	13	0.446420708903	4	0.415374030504	5	1	1	5450	4725000	262	2000	1899	55	93	22	30	16	12	57	35	25	8	12	155
29783193_zpid	29783193_zpid	10460	1823 Trafalgar Pl, Bronx, NY 10460	40.8401654	-73.887217	0.338364502361	11	0.298731568839	5	0.32325653876	2	6	3	1500	160000	139	1625	1920	211	26	110	111	98	18	20	3	30	30	17	185
29787776_zpid	29787776_zpid	10458	301 E 196th St, Bronx, NY 10458	40.8667207	-73.8900409	0.278704928153	10	0.274948245077	10	0.293358007705	6	2	2	2080	397500	75	3345	1899	616	77	224	245	309	38	19	3	86	73	30	334
30747310_zpid	30747310_zpid	11229	2335 E 26th St, Brooklyn, NY 11229	40.594627	-73.9443469	0.286459132707	11	0.27880043586	5	0.916688797182	0	3	2	2156	670000	19	2221	1950	4	9	4	16	3	18	24	20	15	1	2	55
30643679_zpid	30643679_zpid	11208	66 Fountain Ave, Brooklyn, NY 11208	40.6785629	-73.876453	0.328181033806	12	0.434417114212	6	0.438287675096	5	5	2	1512	440000	4	1799	1899	448	88	244	332	224	196	180	80	200	104	44	796
29785456_zpid	29785456_zpid	10458	2444 Prospect Ave, Bronx, NY 10458	40.8547889	-73.881852	0.219742665824	7	0.34013805949	2	1.04298713576	0	10	6	2832	440000	62	1742	1901	257	64	94	121	109	17	18	11	44	53	16	190
30668249_zpid	30668249_zpid	11226	523 Rugby Rd, Brooklyn, NY 11226	40.636967	-73.964277	0.160590900993	7	0.228607590515	7	0.244432900748	2	8	5.5	4088	2025000	21	3318	1905	122	24	52	53	54	21	15	10	14	17	3	93
30735231_zpid	30735231_zpid	11223	2014 W 10th St, Brooklyn, NY 11223	40.597901	-73.98192	0.332369052564	6	0.268636913754	5	0.240008589765	4	3	1	1148	638000	8	1750	1925	32	22	11	25	10	39	31	44	19	8	5	78
30653984_zpid	30653984_zpid	11236	582 E 92nd St, Brooklyn, NY 11236	40.652603	-73.917588	0.129190506788	7	0.684027247723	1	0.990916243305	0	5	3	2280	458000	8	2517	1920	156	12	48	88	60	128	56	28	40	48	12	240
30782660_zpid	30782660_zpid	11234	2123 E 73rd St, Brooklyn, NY 11234	40.620446	-73.905295	0.552993539182	1	0.498423347579	1	2.93194116731	0	4	4.5	2750	925000	36	4000	1965	15	6	6	9	5	11	14	8	17	3	4	56
30744283_zpid	30744283_zpid	11229	2174 E 12th St, Brooklyn, NY 11229	40.596601	-73.960102	0.192117928121	9	0.265244549387	7	0.444050928949	2	4	2.5	1920	435000	184	1890	1920	240	64	44	72	64	140	52	48	28	8	12	260
30591384_zpid	30591384_zpid	11213	1193 Bergen St, Brooklyn, NY 11213	40.676125	-73.945877	0.207607076015	14	0.368112768962	8	0.319594606167	3	5	3	3616	1550000	0	1733	1899	183	23	72	93	64	12	14	2	18	29	13	149
30624002_zpid	30624002_zpid	11211	222 Withers St, Brooklyn, NY 11211	40.717343	-73.942454	0.0438135859396	11	0.386343725459	4	0.337394420874	3	4	2	1660	1800000	10	2500	1910	15	121	12	35	15	26	35	8	25	9	15	122
30598746_zpid	30598746_zpid	11233	1551 Eastern Pkwy, Brooklyn, NY 11233	40.671111	-73.916689	0.378559142588	7	0.442177835038	5	0.871676925927	0	6	3	2772	3000	61	1600	1920	171	7	90	104	62	10	11	9	21	36	19	129
30614095_zpid	30614095_zpid	11238	44 Monroe St, Brooklyn, NY 11238	40.684405	-73.95747	0.289737571904	12	0.251266209758	6	0.406758464532	3	4	2	2400	5750000	25	1700	1899	368	472	228	392	228	96	148	64	124	60	148	608
30583873_zpid	30583873_zpid	11215	326 4th St, Brooklyn, NY 11215	40.671618	-73.98313	0.151049387089	15	0.346004841514	4	0.445034604093	4	5	3	2940	2351100	31	1667	1899	236	312	104	188	104	108	248	172	128	60	92	916
30722702_zpid	30722702_zpid	11223	1858 W 9th St, Brooklyn, NY 11223	40.601757	-73.981707	0.102831072433	10	0.473362223787	6	0.266896688989	3	6	4	20	950000	106	6000	1925	264	100	128	76	84	240	104	180	76	32	16	364
30590200_zpid	30590200_zpid	11238	274 Prospect Pl, Brooklyn, NY 11238	40.677021	-73.9674579	0.104494229224	15	0.161232766853	6	0.345772206333	4	6	4	2748	89000	255	2620	1910	644	532	248	344	288	108	192	144	164	128	48	864
30781500_zpid	30781500_zpid	11234	1409 E 69th St, Brooklyn, NY 11234	40.621911	-73.911837	0.472281264157	6	0.559002098675	1	2.88069498549	0	3	2	2103	560000	0	2600	1975	112	12	44	56	20	192	104	88	96	20	32	332
29783258_zpid	29783258_zpid	10459	799 Jennings St, Bronx, NY 10459	40.832258	-73.895858	0.0986032354039	4	0.222979301147	7	0.412625685865	1	4	2	1080	359000	142	2500	1918	170	72	75	91	82	24	16	5	19	42	14	145
30770492_zpid	30770492_zpid	11236	1162 E 85th St, Brooklyn, NY 11236	40.633227	-73.904875	0.625094961261	6	0.705817041108	3	1.51637126667	0	4	2.5	2117	203000	194	2117	1960	51	8	19	28	9	67	31	9	26	6	10	77
30571656_zpid	30571656_zpid	11231	99 Butler St, Brooklyn, NY 11231	40.683956	-73.991019	0.19787522615	14	0.335787990592	3	0.244038496898	3	6	5	2800	3087000	18	2000	1900	7	26	2	18	9	10	23	16	13	2	2	76
29785728_zpid	29785728_zpid	10457	2042 Ryer Ave, Bronx, NY 10457	40.851557	-73.900964	0.125753452271	10	0.109445279347	8	0.3809923133	4	5	2.5	2248	383000	15	2457	1901	423	42	189	182	184	30	23	15	67	69	28	307
29813636_zpid	29813636_zpid	10462	1008 Pierce Ave, Bronx, NY 10462	40.844885	-73.853274	0.231560802886	9	0.412476853944	2	1.02874133368	0	4	2.5	1564	518000	89	2500	1920	100	9	7	11	5	19	17	17	14	5	2	46
30774492_zpid	30774492_zpid	11236	922 E 99th St, Brooklyn, NY 11236	40.644119	-73.898787	0.228599582078	6	0.706868083368	1	0.38284063446	2	2	2	2000	410000	38	2003	1925	65	9	26	19	19	55	18	6	14	19	9	100
29843189_zpid	29843189_zpid	10465	3216 Country Club Rd, Bronx, NY 10465	40.8408749	-73.822341	0.692966184911	3	0.522022769723	2	1.08554040767	0	4	2	2195	520000	14	2195	1920	1	11	7	3	0	6	31	14	5	1	2	32
30776753_zpid	30776753_zpid	11236	1115 E 104th St, Brooklyn, NY 11236	40.643559	-73.891143	0.516509417998	4	0.480690712745	4	0.967768441127	0	6	2	1820	190000	170	20	1960	180	20	76	84	52	104	56	20	48	44	28	264
29853637_zpid	29853637_zpid	10471	229 W 260th St, Bronx, NY 10471	40.9077119	-73.897834	0.383965719008	4	0.384990143724	4	1.4322470758	0	3	1.5	1368	747000	1	2500	1920	11	8	6	10	6	17	27	9	14	2	4	46
29832006_zpid	29832006_zpid	10466	765 E 224th St, Bronx, NY 10466	40.886578	-73.858484	0.293163049821	5	0.18097095239	2	0.224193180024	3	4	3	1496	280000	145	1993	1925	188	14	84	100	85	76	20	11	38	56	15	145
30642176_zpid	30642176_zpid	11208	361 Ridgewood Ave, Brooklyn, NY 11208	40.684935	-73.875459	0.0722245332777	8	0.250517685567	5	0.239854350245	3	5	2	2152	300000	22	1694	1901	84	39	55	73	49	51	38	16	59	38	10	182
30694368_zpid	30694368_zpid	11228	7208 11th Ave, Brooklyn, NY 11228	40.624575	-74.010409	0.358414656058	7	0.429532942107	5	0.870330503837	0	3	1.5	1520	780000	14	1277	1925	11	8	5	17	5	47	33	30	12	3	2	68
30608151_zpid	30608151_zpid	11221	135 Van Buren St, Brooklyn, NY 11221	40.690587	-73.94062	0.0827622024631	10	0.214707623112	4	0.84766929669	0	5	3	2620	1090000	23	2000	1901	186	52	96	135	89	31	31	12	38	53	31	217
29833079_zpid	29833079_zpid	10466	951 E 228th St, Bronx, NY 10466	40.887709	-73.85159	0.192370392148	8	0.38883817204	3	0.737278691964	1	3	3	1690	220000	55	3638	1901	98	16	51	44	29	90	16	6	33	25	18	98
94717721_zpid	94717721_zpid	11215	323 23rd St, Brooklyn, NY 11215	40.6578557	-73.9904368	0.454134126785	5	0.502964552395	4	0.705569872006	1	4	2	2300	1723000	27	1070	2005	15	29	9	22	10	18	20	9	7	2	6	66
30699080_zpid	30699080_zpid	11209	8415 Colonial Rd, Brooklyn, NY 11209	40.625784	-74.0356539	0.445792664621	8	0.72654249284	1	0.703347588809	1	3	2.5	1624	935000	34	3100	1925	104	80	36	72	32	108	116	88	48	16	8	344
30747974_zpid	30747974_zpid	11235	2453 E 19th St # 2, Brooklyn, NY 11235	40.591332	-73.9508029	0.106638873845	13	0.238221370843	4	0.569342458567	2	4	2	1827	639000	42	3267	1930	148	40	12	80	28	120	116	104	104	16	4	392
