30682263_zpid	30682263_zpid	11204	6635 Wallaston Ct, Brooklyn, NY 11204	40.619499	-73.9942219	0.292022153978	7	0.279016107504	5	0.347198459035	3	6	2.5	2068	700000	44	1886	1935	49	20	24	55	16	47	33	53	18	11	7	109
30702821_zpid	30702821_zpid	11204	1778 Bay Ridge Ave, Brooklyn, NY 11204	40.6170453	-73.9930256	0.0646288348176	9	0.201678064565	6	0.45999909873	3	6	2.5	3780	1075000	30	3781	1930	240	88	120	260	84	244	176	192	88	52	36	524
30787779_zpid	30787779_zpid	11234	165 Barlow Dr S, Brooklyn, NY 11234	40.607954	-73.906391	1.03298076082	0	1.06466102275	0	4.29621061372	0	4	2	1960	690000	35	3500	1960	2	2	1	7	0	4	8	9	9	2	1	22
30700493_zpid	30700493_zpid	11209	8818 Fort Hamilton Pkwy, Brooklyn, NY 11209	40.619176	-74.025981	0.150964359663	11	0.168992345533	6	0.440982850329	2	8	3	3740	1250000	18	2616	1940	352	204	108	128	108	172	92	76	4	44	16	736
30713325_zpid	30713325_zpid	11214	112 Bay 25th St, Brooklyn, NY 11214	40.601988	-74.000107	0.186863685377	6	0.281603655562	9	0.329510663503	3	3	2	2856	950000	28	4229	1899	171	20	43	54	41	77	41	37	20	18	11	178
30776407_zpid	30776407_zpid	11236	1163 E 99th St, Brooklyn, NY 11236	40.640229	-73.893673	0.288642604196	5	0.392241553792	2	0.994281586875	0	5	2	1184	160000	2	2500	1920	38	11	26	25	14	30	20	10	16	17	4	76
30587489_zpid	30587489_zpid	11215	513 4th St, Brooklyn, NY 11215	40.669168	-73.977007	0.16305493059	17	0.665714291146	2	0.426083300207	1	6	4	4800	4060000	11	2280	1892	136	176	56	104	52	56	288	156	92	24	52	656
30699621_zpid	30699621_zpid	11228	8502 11th Ave, Brooklyn, NY 11228	40.617341	-74.018066	0.390986603404	2	0.728966821119	2	1.05655985845	0	4	4.5	3176	3400000	105	5000	2000	9	5	3	6	1	16	34	9	10	1	1	26
30758168_zpid	30758168_zpid	11234	1095 E 51st St, Brooklyn, NY 11234	40.634315	-73.927209	0.159396604197	5	0.697730727559	1	1.73399804903	0	2	1	1406	120400	113	2150	1940	19	8	8	9	2	25	21	9	13	10	2	53
83178880_zpid	83178880_zpid	10467	3032 Cruger Ave, Bronx, NY 10467	40.870498	-73.865898	0.110577654646	10	0.132074191107	6	0.143107108372	2	3	6	3960	699000	114	2020	2005	266	35	116	123	107	39	27	9	41	47	23	200
30608677_zpid	30608677_zpid	11216	764 Marcy Ave, Brooklyn, NY 11216	40.687589	-73.9479659	0.140677811993	11	0.298003878314	5	0.403899195426	1	3	1	2500	1450000	21	2482	1899	157	64	86	121	90	31	38	12	46	52	36	221
30769072_zpid	30769072_zpid	11236	980 E 79th St, Brooklyn, NY 11236	40.633386	-73.912604	0.1948911537	5	0.216013131699	3	1.73397943003	0	5	3.5	2736	498000	19	1800	1960	84	20	60	48	32	220	100	24	84	28	20	256
30580983_zpid	30580983_zpid	11232	633 40th St, Brooklyn, NY 11232	40.649008	-74.001225	0.32119432225	9	0.30844263901	6	0.656617946947	3	7	4	3108	998000	21	2104	1920	300	212	96	132	104	156	92	48	40	48	24	348
30612042_zpid	30612042_zpid	11205	187 Vanderbilt Ave, Brooklyn, NY 11205	40.692433	-73.969449	0.0943425412181	12	0.367411264837	4	0.542300166125	2	4	3	3850	2920000	23	1660	1901	73	91	35	48	37	51	27	12	34	23	17	186
30777435_zpid	30777435_zpid	11236	1252 E 101st St, Brooklyn, NY 11236	40.639577	-73.891248	0.378644461514	8	0.305129418303	2	1.19272754452	0	3	1.5	1200	380000	10	2600	1955	29	8	25	22	7	25	14	13	14	11	3	70
30773637_zpid	30773637_zpid	11236	1061 E 94th St, Brooklyn, NY 11236	40.6442369	-73.905044	0.258490177168	5	1.01925915924	0	0.381024126857	1	3	3	1224	450000	109	25	1930	53	10	24	35	19	68	34	8	13	26	8	113
30748449_zpid	30748449_zpid	11235	2478 Bragg St, Brooklyn, NY 11235	40.5925749	-73.934898	0.18824006954	6	0.42340146079	3	1.7384371307	0	6	2	2244	175000	296	2000	1955	6	12	9	2	5	4	7	14	6	2	2	57
30610371_zpid	30610371_zpid	11216	57 Halsey St, Brooklyn, NY 11216	40.681842	-73.951341	0.214158068596	13	0.223924492012	8	0.196287650127	4	2	1.5	3760	870000	36	2000	1901	227	164	100	150	105	22	56	24	53	60	42	278
30671062_zpid	30671062_zpid	11218	67 E 2nd St, Brooklyn, NY 11218	40.65047	-73.979406	0.232876382367	9	0.122518646469	3	0.315867842084	2	5	2	2060	1176000	16	2167	1910	72	104	52	84	52	104	92	92	60	8	12	228
30598608_zpid	30598608_zpid	11233	489 Ralph Ave, Brooklyn, NY 11233	40.672503	-73.921931	0.427854322319	4	0.305034504699	3	0.695036024857	1	2	2	1760	670000	19	2058	1910	237	28	130	115	108	17	19	6	37	42	17	175
29785554_zpid	29785554_zpid	10460	931 E 181st St, Bronx, NY 10460	40.845381	-73.880457	0.180652524284	8	0.528863356	2	0.567212554159	2	2	2	3087	487000	8	2583	1997	1044	40	396	420	480	72	36	36	140	124	92	728
30743255_zpid	30743255_zpid	11229	2132 E 21st St, Brooklyn, NY 11229	40.600547	-73.950872	0.196108410159	3	0.31321243744	7	0.449403273732	2	3	2.5	1456	570000	95	2000	1930	103	31	32	32	49	74	54	18	21	14	8	166
79708612_zpid	79708612_zpid	11208	134 Fountain Ave, Brooklyn, NY 11208	40.6769036	-73.8759376	0.200464503718	10	0.283845799738	6	0.365406248692	4	6	4	3000	518178	103	2000	2005	496	76	280	324	244	216	200	52	160	140	48	744
63151039_zpid	63151039_zpid	10459	826 E 170th St, Bronx, NY 10459	40.8331249	-73.8945569	0.143788595989	5	0.102806875199	7	0.403529730056	2	3	1.5	1400	260000	5	932	2001	135	71	64	79	67	25	14	4	17	36	12	135
30591422_zpid	30591422_zpid	11213	1283 Bergen St, Brooklyn, NY 11213	40.675949	-73.942635	0.10920367237	10	0.450270396916	8	0.466917881707	3	5	3	3535	1350000	5	2288	1899	268	44	114	118	100	24	21	5	36	50	19	217
30730677_zpid	30730677_zpid	11214	70 Bay 43rd St, Brooklyn, NY 11214	40.594007	-73.9867979	0.412281660939	8	0.389630115505	5	0.411556553143	3	5	2	1225	470000	132	1920	1950	36	28	24	72	16	64	96	76	84	32	16	216
30607971_zpid	30607971_zpid	11221	274 Kosciuszko St, Brooklyn, NY 11221	40.691252	-73.943723	0.28989048691	9	0.182130510445	4	0.65043834022	2	5	4.5	3749	450000	17	1875	1899	116	38	61	92	72	18	25	7	22	35	16	151
2110898192_zpid	2110898192_zpid	10465	239 Brinsmade Ave, Bronx, NY 10465	40.815576	-73.820713	0.546707148314	2	0.493795410162	1	3.21491946325	0	3	2	2500	430000	6	2500	1955	18	11	12	5	6	24	18	12	14	7	7	44
30585236_zpid	30585236_zpid	11215	437 11th St, Brooklyn, NY 11215	40.6665611	-73.9839949	0.174075774538	19	0.293140082157	5	0.313235683095	4	3	2	1162	1399000	0	14	1901	280	336	96	256	88	160	280	152	120	68	100	956
30654156_zpid	30654156_zpid	11203	4708 Snyder Ave, Brooklyn, NY 11203	40.649705	-73.9327409	0.1872686472	4	0.188515977732	3	1.42740861769	0	5	3	2466	575000	5	2665	1940	156	14	75	65	71	44	28	4	30	32	11	165
30734444_zpid	30734444_zpid	11223	1929 W 9th St, Brooklyn, NY 11223	40.6001013	-73.9808829	0.106863701675	10	0.458822169824	5	0.327689323403	3	3	1	1600	505000	42	1600	1925	148	76	72	100	68	256	120	192	72	28	20	320
30654859_zpid	30654859_zpid	11203	554 E 52nd St, Brooklyn, NY 11203	40.647047	-73.928209	0.515782470545	7	0.378850447528	3	1.76599396698	0	5	2	1428	382000	1	2000	1920	368	68	136	100	140	164	132	32	56	72	36	520
29833277_zpid	29833277_zpid	10466	908 E 233rd St, Bronx, NY 10466	40.891261	-73.851382	0.0157417613782	6	0.495513778528	4	0.555857052897	1	4	2	1280	140000	41	2650	1915	77	7	42	29	29	84	27	9	24	14	16	100
30605224_zpid	30605224_zpid	11233	700 Halsey St, Brooklyn, NY 11233	40.684316	-73.9257499	0.334711272493	9	0.442377180075	4	0.66046881725	3	5	2.5	2376	450000	75	1667	1899	134	62	85	97	60	15	14	13	41	33	25	159
30598712_zpid	30598712_zpid	11233	1916 Prospect Pl, Brooklyn, NY 11233	40.6721239	-73.912887	0.285636911198	5	0.424820285079	5	0.731029948923	1	3	2	1000	350000	24	1323	2014	143	14	75	94	46	16	13	17	23	28	19	109
30740021_zpid	30740021_zpid	11223	14 Brighton Ct, Brooklyn, NY 11223	40.5870914	-73.9671367	0.37158471883	6	0.403592233165	2	0.663953027809	1	4	3	2070	799000	0	2000	1960	304	28	28	44	16	60	96	84	44	4	16	180
30788309_zpid	30788309_zpid	11234	2251 E 65th St, Brooklyn, NY 11234	40.614455	-73.90858	0.295515554563	3	0.317787623567	1	3.62919084947	0	4	4.5	4864	1799000	0	5000	2006	1	14	6	6	5	14	9	10	12	1	2	48
30793385_zpid	30793385_zpid	11229	10 Frank Ct, Brooklyn, NY 11229	40.586356	-73.921063	0.416955632512	1	1.66559837908	0	2.79819719066	0	4	2	706	389000	0	1799	1920	2	3	1	13	0	0	20	9	16	2	3	30
79722158_zpid	79722158_zpid	11235	217 Beaumont St, Brooklyn, NY 11235	40.5765567	-73.9507783	0.182119331845	5	0.690168189012	2	0.896193068541	0	3	4	4203	2499999	0	4000	2004	41	23	11	27	15	21	36	17	21	9	2	56
29815897_zpid	29815897_zpid	10461	1836 Hutchinson River Pkwy, Bronx, NY 10461	40.84848	-73.835298	0.269486602777	8	0.459158675539	1	0.295583446256	2	7	4.5	3319	556500	56	2962	1950	74	12	20	15	15	29	19	12	10	12	8	74
30700585_zpid	30700585_zpid	11228	83 Battery Ave, Brooklyn, NY 11228	40.616974	-74.023247	0.265104759912	6	0.451975097429	3	0.681067940693	1	5	4	2080	1149000	0	3127	1920	8	0	3	7	1	9	21	8	6	0	1	21
30732852_zpid	30732852_zpid	11224	3709 Nautilus Ave, Brooklyn, NY 11224	40.576334	-74.0035429	0.684121339733	1	0.180776047243	2	1.89020689454	0	4	2	1851	340000	82	2600	1945	50	14	15	40	13	5	20	7	19	13	1	52
30673346_zpid	30673346_zpid	11218	223 E 8th St, Brooklyn, NY 11218	40.644715	-73.9715779	0.151552276428	9	0.521107009685	5	0.600448131834	3	5	3	2760	1299000	0	2000	1901	148	38	50	67	41	44	31	26	27	16	8	172
30645097_zpid	30645097_zpid	11208	1110 Glenmore Ave, Brooklyn, NY 11208	40.677085	-73.867972	0.130205730826	7	0.255351626939	8	0.24672967113	2	6	2	3300	397500	138	1877	1910	167	28	87	97	54	66	40	11	86	33	15	237
29847769_zpid	29847769_zpid	10465	928 Swinton Ave, Bronx, NY 10465	40.828947	-73.82901	0.294470036665	2	0.536678170298	1	1.69627490039	0	5	2.5	3117	605000	13	2500	2005	11	13	6	9	3	11	22	15	8	2	5	50
30747311_zpid	30747311_zpid	11229	2333 E 26th St, Brooklyn, NY 11229	40.594687	-73.9443579	0.287569233934	11	0.545462831306	3	0.915282869016	0	3	2	2134	810000	0	2200	1950	16	36	16	64	12	72	96	80	60	4	8	220
30764206_zpid	30764206_zpid	11234	1643 E 46th St, Brooklyn, NY 11234	40.620296	-73.930645	0.274738829887	9	0.466396315183	2	2.0027204599	0	3	2	1332	189000	204	2800	1920	11	57	1	19	8	44	35	18	15	7	0	145
30714262_zpid	30714262_zpid	11214	200 Bay 26th St, Brooklyn, NY 11214	40.599848	-74.0011509	0.159217506937	6	0.176147793842	6	0.581577839171	2	3	2	1300	683200	116	1933	1950	179	17	45	47	35	72	45	27	13	15	10	124
30636710_zpid	30636710_zpid	11207	170 Sunnyside Ave, Brooklyn, NY 11207	40.681917	-73.890839	0.337698953126	3	0.243582955666	4	0.465193713463	2	4	2	2552	517000	14	2050	1910	81	31	51	52	41	62	39	34	36	19	7	112
83178832_zpid	83178832_zpid	10460	1933 Southern Blvd, Bronx, NY 10460	40.8419989	-73.8857901	0.172106864203	10	0.244332167056	4	0.51936759424	2	6	6	3000	330000	10	1333	2006	1196	80	548	496	548	108	84	32	164	172	96	856
30574925_zpid	30574925_zpid	11232	208 42nd St, Brooklyn, NY 11232	40.653211	-74.012184	0.338215226822	7	0.187747107324	6	0.509893149939	2	4	4	1440	699000	0	1698	1917	25	16	14	12	16	10	36	12	9	4	1	54
30601133_zpid	30601133_zpid	11233	70 Somers St, Brooklyn, NY 11233	40.678721	-73.9093089	0.223584907296	5	0.208181072016	4	0.126107030901	8	3	1	1200	2100000	12	1500	1899	232	28	155	189	131	42	37	19	54	83	30	206
30638599_zpid	30638599_zpid	11207	223 Van Siclen Ave, Brooklyn, NY 11207	40.6746089	-73.890505	0.234401646472	8	0.235124085663	5	0.203681321869	4	5	3	1500	599000	0	2525	1910	412	96	312	380	304	328	160	108	168	176	72	944
30793087_zpid	30793087_zpid	11229	2478 Burnett St, Brooklyn, NY 11229	40.597848	-73.928523	0.551334056518	5	0.599132142064	1	2.27015969586	0	4	1	2548	585000	131	4000	1955	1	13	0	4	1	5	16	5	8	3	2	25
29822165_zpid	29822165_zpid	10469	1517 Fielding St, Bronx, NY 10469	40.863759	-73.84273	0.212388438922	3	0.646718490755	1	0.711870611772	1	4	2.5	1480	391000	8	2248	1955	16	11	5	8	2	18	22	14	16	2	4	54
30738787_zpid	30738787_zpid	11223	2349 West St, Brooklyn, NY 11223	40.591461	-73.97011	0.086998602812	7	0.587035257397	2	0.405559613916	3	3	2	1268	850000	10	4000	1920	168	44	68	92	36	184	168	152	80	24	20	420
30643368_zpid	30643368_zpid	11208	272 Autumn Ave, Brooklyn, NY 11208	40.683565	-73.870447	0.15763193888	6	0.199289478628	7	0.28479168698	2	3	2	1350	450000	2	1875	1910	125	37	73	100	65	71	36	12	75	48	8	205
119903720_zpid	119903720_zpid	11235	3041 Brighton 2nd St APT 4C, Brooklyn, NY 11235	40.5778651	-73.9654881	0.0894279146555	8	0.17298160916	8	0.307871543094	2	1	2	1000	560000	15	6450	2006	107	45	66	83	59	51	32	15	45	19	22	230
29849402_zpid	29849402_zpid	10465	239 Brinsmade Ave, Bronx, NY 10465	40.815576	-73.820713	0.546707148314	2	0.493795410162	1	3.21491946325	0	3	2	2500	430000	5	2482	1955	18	11	12	5	6	24	18	12	14	7	7	44
29779611_zpid	29779611_zpid	10456	770 E 169th St, Bronx, NY 10456	40.830321	-73.899599	0.142992251684	6	0.16875961579	9	0.654108673664	1	3	1.5	1314	270000	47	2161	1987	267	15	111	128	77	41	7	8	18	41	21	179
29813230_zpid	29813230_zpid	10462	1846 Amethyst St, Bronx, NY 10462	40.8461464	-73.8679736	0.10933599131	6	0.395212445643	2	0.301276957398	2	6	3	2710	450000	0	2500	1899	113	12	64	73	70	67	23	16	21	30	13	134
30699009_zpid	30699009_zpid	11228	659 84th St, Brooklyn, NY 11228	40.620619	-74.021203	0.317941776634	7	0.358411000843	3	0.650063784322	1	3	2.5	1703	940000	5	2000	1925	16	3	9	7	6	16	35	14	15	2	4	31
30595511_zpid	30595511_zpid	11225	349 Lincoln Rd, Brooklyn, NY 11225	40.66176	-73.951245	0.0505438821519	8	0.143601643014	6	0.114291226033	3	3	3.5	2080	1350000	2	2050	1905	391	79	163	144	160	40	37	16	40	70	14	282
30691999_zpid	30691999_zpid	11220	6815 Colonial Rd, Brooklyn, NY 11220	40.6378119	-74.030738	0.246557791732	10	0.355633963886	3	0.697826024141	1	5	2	2038	860000	131	3543	1925	172	56	88	96	56	88	76	100	24	40	4	224
30612760_zpid	30612760_zpid	11238	348 Classon Ave, Brooklyn, NY 11238	40.6885993	-73.9602095	0.247022655104	11	0.239620010786	6	0.0326643701134	3	3	1	2000	330000	150	2500	1955	260	292	148	240	116	56	84	48	120	44	68	376
30651285_zpid	30651285_zpid	11203	52 E 55th St, Brooklyn, NY 11203	40.657098	-73.926376	0.249375660916	11	0.505200396824	4	0.90688293366	0	4	4	1728	155000	18	1600	1945	157	19	58	61	70	61	25	11	17	24	14	121
30792818_zpid	30792818_zpid	11229	2139 Gerritsen Ave, Brooklyn, NY 11229	40.602762	-73.935733	0.155111595519	5	0.22270873128	3	1.7499381744	0	2	2	1470	540000	13	1742	1930	15	7	5	6	3	11	28	15	7	0	3	44
30757566_zpid	30757566_zpid	11234	1768 E 35th St, Brooklyn, NY 11234	40.612781	-73.93637	0.254975621793	4	0.162490731798	2	1.86905303905	0	3	1.5	952	390000	20	1800	1935	3	13	4	11	3	19	24	21	34	4	1	60
30585802_zpid	30585802_zpid	11215	209 14th St, Brooklyn, NY 11215	40.6668209	-73.9901181	0.133347275735	15	0.235151465571	4	0.280357638769	3	4	2	1728	1350000	33	1655	1899	89	78	28	68	30	41	67	22	36	19	16	237
30734691_zpid	30734691_zpid	11223	1956 W 3rd St, Brooklyn, NY 11223	40.600057	-73.975564	0.258002630685	5	0.386699654302	5	0.417069821548	4	4	3	1440	918000	0	2050	1925	32	28	17	28	12	67	29	74	26	6	6	108
30643535_zpid	30643535_zpid	11208	276 Grant Ave, Brooklyn, NY 11208	40.684041	-73.867717	0.392577830771	9	0.118722582256	7	0.520841075856	1	4	2	2080	540000	122	2500	1910	87	32	57	77	51	51	24	10	52	35	7	167
64679744_zpid	64679744_zpid	10453	1737 Grand Ave, Bronx, NY 10453	40.849532	-73.913623	0.27986399386	10	0.217099347154	7	0.193479393887	6	7	2	3240	26500	108	1742	1920	647	57	267	273	267	127	38	19	103	83	24	396
30679163_zpid	30679163_zpid	11204	1883 58th St, Brooklyn, NY 11204	40.6220838	-73.9839433	0.35414975954	2	0.507267151906	3	0.528266931646	3	6	3	3300	1150000	4	1603	1899	19	11	8	20	7	42	42	77	29	5	6	98
30669868_zpid	30669868_zpid	11230	675 Rugby Rd, Brooklyn, NY 11230	40.632867	-73.963494	0.114715710398	6	0.124548443771	4	0.253584388141	2	6	4	2803	1300000	12	6000	1910	76	32	54	53	48	65	39	34	23	15	5	128
30636938_zpid	30636938_zpid	11208	42 Shepherd Ave, Brooklyn, NY 11208	40.683835	-73.883048	0.310568077374	6	0.378333426041	3	0.370667713357	2	4	3	2244	235000	76	1999	1910	72	25	38	46	46	35	25	22	34	17	11	118
30627169_zpid	30627169_zpid	11237	208 Wyckoff Ave, Brooklyn, NY 11237	40.7013586	-73.9147726	0.0508894866932	12	0.301750573156	6	0.317584413147	5	2	1	4875	690000	90	2416	1931	704	316	528	660	456	172	144	112	284	284	104	1124
30739909_zpid	30739909_zpid	11223	2562 E 1st St, Brooklyn, NY 11223	40.586992	-73.968901	0.222922126635	5	0.256105166541	1	0.538568428864	1	3	3	1200	240000	274	4000	1983	85	8	10	11	8	16	34	22	13	2	4	62
29818232_zpid	29818232_zpid	10462	2113 Muliner Ave, Bronx, NY 10462	40.854144	-73.862276	0.303931816047	9	0.271371995824	3	0.15194574591	2	3	3	1966	400000	21	1925	1945	452	37	92	69	88	32	34	16	37	33	29	222
30723937_zpid	30723937_zpid	11230	787 E 19th St, Brooklyn, NY 11230	40.6314909	-73.958337	0.27183539619	7	0.527502874746	4	0.372750833745	3	8	2.5	3293	1450000	15	7200	1905	360	52	264	248	300	128	108	112	52	68	12	388
30699293_zpid	30699293_zpid	11228	664 84th St, Brooklyn, NY 11228	40.6202491	-74.021455	0.303929453065	7	0.341235277064	3	0.646377087688	1	3	1	1280	585000	54	2000	1915	16	3	9	9	6	16	31	14	15	2	3	30
30773783_zpid	30773783_zpid	11236	637 E 103rd St, Brooklyn, NY 11236	40.6489059	-73.8983839	0.149920111201	4	0.344500834648	2	0.207578298859	2	6	2	1872	262650	75	2500	1930	104	24	68	64	8	108	28	24	36	28	16	264
30739910_zpid	30739910_zpid	11223	2566 E 1st St, Brooklyn, NY 11223	40.5869039	-73.968885	0.222363144589	5	0.254846404706	1	0.545083155639	1	7	5	3465	1499000	0	2500	1960	85	8	9	11	8	16	34	19	14	2	4	63
30666233_zpid	30666233_zpid	11226	266 Martense St, Brooklyn, NY 11226	40.65139	-73.950287	0.343336072231	10	0.153482662857	6	0.0855793966058	3	4	2	1650	550000	17	2196	1920	419	52	190	203	212	89	33	14	60	73	23	328
30738371_zpid	30738371_zpid	11223	2213 E 8th St, Brooklyn, NY 11223	40.5955861	-73.9623466	0.365075826154	8	0.303185284361	4	0.608559547486	2	3	2.5	1280	998500	8	2100	1930	30	16	7	22	12	21	34	17	10	4	3	56
29828322_zpid	29828322_zpid	10469	1043 E 218th St, Bronx, NY 10469	40.879923	-73.853195	0.483805318528	8	0.567871908106	2	0.912111562626	0	3	3	1188	310000	10	1298	1955	102	19	51	74	61	64	9	8	30	22	9	99
30666569_zpid	30666569_zpid	11226	2819 Snyder Ave, Brooklyn, NY 11226	40.649101	-73.950576	0.183323964907	4	0.179808702266	7	0.211546480761	2	5	3	3095	300000	60	3097	1901	387	45	169	169	174	80	29	14	47	75	30	286
30623894_zpid	30623894_zpid	11222	104 Kingsland Ave, Brooklyn, NY 11222	40.719962	-73.940456	0.0402221842648	8	0.438545148811	2	0.67309487701	1	2	1	3060	500000	9	2231	1930	20	27	13	29	7	4	24	22	21	5	8	89
30651203_zpid	30651203_zpid	11203	177 E 51st St, Brooklyn, NY 11203	40.657735	-73.929717	0.129857055798	10	0.61553527562	5	0.97973837204	0	7	3	2950	699000	0	2000	1930	136	18	64	53	69	56	29	13	22	31	18	132
30662146_zpid	30662146_zpid	11203	757 E 45th St, Brooklyn, NY 11203	40.642757	-73.933969	0.0947997899231	7	0.852453853775	0	1.25882215142	0	3	3	1568	425215	1	1908	1930	88	36	36	56	28	172	96	36	76	40	12	324
30626786_zpid	30626786_zpid	11221	936 Bushwick Ave, Brooklyn, NY 11221	40.692505	-73.924	0.195678083409	11	0.175082675993	5	0.351782070164	3	6	3	2400	505000	54	1829	1901	197	54	80	117	99	49	39	18	59	44	33	269
29818673_zpid	29818673_zpid	10461	1240 Pelham Pkwy S, Bronx, NY 10461	40.857131	-73.851016	0.431753101231	3	0.817580076345	0	0.420713478028	1	4	3	2501	608000	21	3741	1949	15	2	1	2	0	9	15	7	5	2	2	35
30794028_zpid	30794028_zpid	11229	61 Seba Ave, Brooklyn, NY 11229	40.588888	-73.921603	0.135030577292	2	1.54892791182	0	2.76076845935	0	3	1	2192	400000	10	3825	1920	2	3	1	14	0	1	32	10	24	2	5	39
30615477_zpid	30615477_zpid	11217	24 Fort Greene Pl, Brooklyn, NY 11217	40.689036	-73.977229	0.260476089803	9	0.208687771276	3	0.284746814857	10	5	3.5	3040	2310000	11	1700	1899	58	59	22	32	12	7	24	24	20	12	10	111
30765066_zpid	30765066_zpid	11234	1766 Kimball St, Brooklyn, NY 11234	40.615125	-73.932754	0.245962619515	6	0.466678425555	2	2.23625246146	0	3	4	2000	175000	199	1999	1920	6	43	1	10	2	25	28	16	23	3	2	87
30776515_zpid	30776515_zpid	11236	1148 E 101st St, Brooklyn, NY 11236	40.64131	-73.893187	0.415213667435	5	0.497939560731	3	0.943039638256	0	3	2	1760	435000	8	2000	1955	54	9	25	23	21	32	17	10	16	16	7	79
30789334_zpid	30789334_zpid	11235	2952 Brighton 8th St, Brooklyn, NY 11235	40.5804093	-73.9610395	0.125820430683	9	0.0954069737232	5	0.306174966855	1	2	1	692	125000	129	1742	1910	872	232	276	372	216	328	228	124	196	136	104	1048
30726079_zpid	30726079_zpid	11230	1506 E 18th St, Brooklyn, NY 11230	40.613584	-73.956585	0.40273344445	8	0.187151556517	7	0.50813463599	2	4	1	1636	825000	14	3000	1925	93	13	52	70	37	85	22	35	19	7	3	115
30595783_zpid	30595783_zpid	11233	1761 Dean St, Brooklyn, NY 11233	40.675998	-73.929433	0.215970174661	8	0.397648821361	5	0.390348931196	2	4	3	1900	640000	12	1712	1920	53	17	41	44	32	9	12	1	15	18	8	82
30636953_zpid	30636953_zpid	11208	149 Ridgewood Ave, Brooklyn, NY 11208	40.683245	-73.883257	0.271221179703	7	0.341317083059	3	0.339887472795	2	2	1	2478	305000	23	2000	1910	76	31	46	51	47	38	28	21	33	19	13	136
30697212_zpid	30697212_zpid	11209	8008 Narrows Ave, Brooklyn, NY 11209	40.629859	-74.037583	0.711305009361	4	0.71484940363	1	1.02005853959	0	4	3.5	1898	1275000	48	2000	1930	3	6	0	4	0	6	21	15	7	0	1	32
30736797_zpid	30736797_zpid	11223	2141 W 7th St, Brooklyn, NY 11223	40.5953698	-73.9781174	0.179457594233	6	0.167147603059	2	0.24948551433	4	3	2	1120	647000	15	1600	1925	136	56	28	108	40	184	92	140	100	16	32	328
30695061_zpid	30695061_zpid	11209	549 Bay Ridge Pkwy, Brooklyn, NY 11209	40.62892	-74.0210649	0.159574197467	14	0.166203237826	5	0.386529761986	2	6	2.5	3300	700000	61	2686	1899	68	24	34	42	26	35	46	48	25	22	5	122
30773783_zpid	30773783_zpid	11236	637 E 103rd St, Brooklyn, NY 11236	40.6489059	-73.8983839	0.149920111201	5	0.344500834648	2	0.207578298859	2	6	2	1872	262650	75	2500	1930	104	24	68	64	8	108	28	24	36	28	16	264
30745023_zpid	30745023_zpid	11229	2161 E 27th St, Brooklyn, NY 11229	40.598636	-73.944168	0.225240830384	7	0.16764799915	3	0.996819296221	0	2	2	1468	660000	7	1600	1940	80	60	36	56	40	76	156	72	84	12	20	424
30787527_zpid	30787527_zpid	11234	2744 E 64th St, Brooklyn, NY 11234	40.606622	-73.913521	1.06636300904	0	1.23185777059	0	3.67574674406	0	6	3	2120	759000	0	2500	1965	3	4	2	5	3	17	4	27	20	2	1	26
30620551_zpid	30620551_zpid	11222	171 Meserole Ave, Brooklyn, NY 11222	40.728309	-73.949831	0.149688780861	16	0.205864230566	4	0.409558501307	2	2	1	2988	195000	200	3125	1920	55	65	25	48	21	33	33	37	18	18	16	183
30792933_zpid	30792933_zpid	11229	3136 Whitney Ave, Brooklyn, NY 11229	40.597226	-73.932915	0.413979255207	9	0.455919488618	1	1.89324951276	0	3	2	1100	459000	0	1170	1925	17	18	3	7	2	10	23	8	18	3	2	46
