29795643_zpid	29795643_zpid	10472	1215 Bronx River Ave, Bronx, NY 10472	40.828742	-73.883148	0.359686617806	7	0.163324117908	2	0.336878543257	4	9	6	3400	425000	16	2500	1926	708	108	308	340	340	152	80	28	156	104	20	604
30759485_zpid	30759485_zpid	11234	942 E 58th St, Brooklyn, NY 11234	40.631905	-73.92081	0.401995493728	6	0.196952925269	3	2.26915551694	0	4	4.5	2805	340000	2	3000	2009	112	44	68	88	44	156	60	88	32	56	8	216
2099138870_zpid	2099138870_zpid	11234	1626 E 52nd St, Brooklyn, NY 11234	40.61979	-73.9252999	0.10027086811	11	0.467135950989	1	2.3816627315	0	3	3	468	529000	0	3000	1920	13	27	2	10	13	41	29	16	18	5	5	135
29792340_zpid	29792340_zpid	10473	649 Saint Lawrence Ave, Bronx, NY 10473	40.8184852	-73.8644291	0.213345087768	3	0.427904988055	2	1.47447817061	0	5	3	2450	480000	124	2450	1925	63	13	24	23	20	25	20	8	25	10	7	91
30620243_zpid	30620243_zpid	11222	114 Noble St, Brooklyn, NY 11222	40.72835	-73.95609	0.120915211534	15	0.259189638128	4	0.264217617197	2	5	3	3120	845000	65	2500	1899	71	86	25	47	30	35	30	25	22	14	11	190
30570964_zpid	30570964_zpid	11201	187 Court St, Brooklyn, NY 11201	40.6876185	-73.9931063	0.0163622424806	16	0.213490346059	4	0.250589537411	7	3	3	2318	3500000	0	1233	1931	224	372	60	240	60	136	248	128	104	44	36	860
89075037_zpid	89075037_zpid	11212	202 Lott Ave, Brooklyn, NY 11212	40.6581453	-73.9061736	0.165114561403	5	0.256456926639	3	0.544395729973	3	5	2	2255	450000	24	1025	2008	110	15	83	72	56	32	37	9	43	21	13	166
30599752_zpid	30599752_zpid	11233	441 Bainbridge St, Brooklyn, NY 11233	40.682561	-73.919108	0.182702912495	7	0.495247640239	3	0.470118521188	3	5	3	1890	385000	31	1800	1899	229	57	153	168	133	26	38	11	57	93	24	273
30707088_zpid	30707088_zpid	11228	1360 77th St, Brooklyn, NY 11228	40.618065	-74.007291	0.152078122477	11	0.407811004426	3	0.731994619498	1	4	3	3046	960000	14	3049	1925	8	13	6	23	6	43	46	44	20	2	3	69
30764389_zpid	30764389_zpid	11234	4904 Avenue M, Brooklyn, NY 11234	40.6211408	-73.9278822	0.122343259001	9	0.303617680276	2	2.11708313684	0	3	2	1600	350000	144	2000	1955	11	37	3	16	6	42	33	13	17	6	5	144
30750749_zpid	30750749_zpid	11210	1682 Brooklyn Ave, Brooklyn, NY 11210	40.63211	-73.942032	0.105550567543	2	0.170286632658	3	0.480777656383	1	4	1	1368	499000	0	1520	1925	91	23	50	56	52	51	35	20	22	18	6	133
29791016_zpid	29791016_zpid	10473	531 Compton Ave, Bronx, NY 10473	40.813026	-73.854724	0.379947624833	1	0.990983814466	0	2.30646936592	0	2	2	920	227500	105	2613	1920	128	20	68	84	40	88	36	80	40	80	16	284
30791609_zpid	30791609_zpid	11235	3322 Shore Pkwy, Brooklyn, NY 11235	40.584492	-73.952972	0.218794872897	10	0.297018218372	5	0.285689210023	1	4	3	1152	540000	4	1045	1930	132	19	34	55	26	43	34	30	29	18	12	148
30594641_zpid	30594641_zpid	11225	175 Sullivan Pl, Brooklyn, NY 11225	40.664656	-73.955179	0.373204164427	9	0.407717673704	5	0.423108080666	6	4	2	2320	885000	8	1993	1925	514	88	209	193	195	22	35	17	51	80	27	317
30764239_zpid	30764239_zpid	11234	2150 Schenectady Ave, Brooklyn, NY 11234	40.619424	-73.930187	0.247072327953	8	0.544851551005	2	2.09856746645	0	3	2	1538	159000	259	2000	1955	11	59	1	16	8	39	31	18	12	8	1	141
29823260_zpid	29823260_zpid	10469	2734 Tenbroeck Ave, Bronx, NY 10469	40.866334	-73.852559	0.501980857713	5	0.508430786224	3	0.629664650486	1	3	2.5	2140	365000	31	2075	1925	21	12	11	12	8	42	28	19	27	8	6	85
2099038899_zpid	2099038899_zpid	11229	2222 E 26th St, Brooklyn, NY 11229	40.59729	-73.945438	0.326538809779	8	0.349820841645	3	0.852766705583	0	3	2	1600	759000	0	2200	1940	45	21	19	30	28	29	41	27	36	14	7	124
29853705_zpid	29853705_zpid	10471	6031 Spencer Ave, Bronx, NY 10471	40.908594	-73.899239	0.398963960161	5	0.399877467908	6	1.35367425887	0	3	2	1625	800000	23	14810.400000000001	1945	12	10	7	10	5	17	29	10	16	2	4	47
30639276_zpid	30639276_zpid	11207	379 Ashford St, Brooklyn, NY 11207	40.672993	-73.884636	0.183336310627	8	0.494295507681	4	0.351657243613	3	5	2.5	1773	481650	134	1773	2003	29	13	27	27	21	39	23	13	23	17	9	104
30774827_zpid	30774827_zpid	11236	941 E 104th St, Brooklyn, NY 11236	40.646399	-73.894307	0.268863491821	5	0.0999392878467	3	0.637735276182	2	2	2.5	1600	381444	142	2500	1930	160	32	88	64	52	148	48	20	64	36	36	332
68313887_zpid	68313887_zpid	11237	1412 Putnam Ave, Brooklyn, NY 11237	40.6957279	-73.9109354	0.113812505143	13	0.410802381498	3	0.442762498951	3	6	2.5	2362	735000	21	2626	2005	97	48	69	83	41	26	16	17	42	37	10	123
30631365_zpid	30631365_zpid	11207	36 Marginal St W, Brooklyn, NY 11207	40.678745	-73.89824	0.209073086251	3	0.463165287876	2	0.198248335036	9	2	2	1720	350000	8	2500	1910	224	52	140	124	84	116	124	112	76	76	20	424
30766132_zpid	30766132_zpid	11236	113 Branton St, Brooklyn, NY 11236	40.646119	-73.919393	0.30123210199	3	0.968008446202	0	1.48293110362	0	2	1	1440	233200	39	1440	1940	8	2	9	11	7	15	13	3	5	6	3	37
30737544_zpid	30737544_zpid	11223	2252 W 6th St, Brooklyn, NY 11223	40.593068	-73.977247	0.110521799979	7	0.11428262082	2	0.0916333328537	5	3	3	1748	830000	8	2350	1940	140	68	44	104	48	180	92	148	100	24	28	348
30659279_zpid	30659279_zpid	11203	365 E 45th St, Brooklyn, NY 11203	40.652791	-73.935064	0.177704291614	7	0.300491357823	3	1.24458024577	0	6	5	4000	495000	32	4000	1920	544	56	284	236	244	200	152	24	136	124	44	604
30709910_zpid	30709910_zpid	11228	1576 82nd St, Brooklyn, NY 11228	40.612354	-74.00541	0.30777867291	10	0.271977203429	5	0.425247279477	2	3	3	1800	889000	0	2000	1945	4	6	1	7	0	20	28	23	13	5	2	39
29831955_zpid	29831955_zpid	10466	726A E 223rd St, Bronx, NY 10466	40.885857	-73.860341	0.124052704225	5	0.106471785968	1	0.241006697567	2	5	2	2750	473000	88	2613	1965	196	10	80	96	78	53	19	8	34	51	8	139
29833613_zpid	29833613_zpid	10466	1066 E 229th St, Bronx, NY 10466	40.886975	-73.848249	0.366479707293	6	0.17648328296	3	1.02428067029	0	4	2	1692	387500	126	1794	1935	53	12	29	19	18	69	15	3	31	14	10	68
30599404_zpid	30599404_zpid	11233	739 Macdonough St, Brooklyn, NY 11233	40.684339	-73.916651	0.149767983826	7	0.24207817343	3	0.21964733373	3	10	4	5400	628000	36	2500	1906	190	41	132	141	119	16	35	10	47	82	15	228
30733146_zpid	30733146_zpid	11224	2821 W 31st St, Brooklyn, NY 11224	40.57683	-73.997444	0.453999864713	1	0.162561748754	2	1.37223329392	0	4	2	1280	450000	4	2376	1985	55	19	24	43	18	3	14	5	23	20	1	73
30729415_zpid	30729415_zpid	11214	2374 82nd St, Brooklyn, NY 11214	40.6015469	-73.987538	0.128375101355	9	0.276310662931	6	0.431966612516	3	6	3	2760	1220000	9	3300	1920	80	13	21	38	30	55	33	27	17	10	6	101
29784429_zpid	29784429_zpid	10458	2358 Lorillard Pl, Bronx, NY 10458	40.855367	-73.889756	0.151896411688	11	0.147606073494	3	0.682137016702	1	6	3	2710	420000	25	2500	1901	446	70	164	197	193	22	34	14	54	70	29	289
89068421_zpid	89068421_zpid	11216	152 Madison St, Brooklyn, NY 11216	40.6842152	-73.9529963	0.235306264036	9	0.178225442482	6	0.439502347644	4	4	4	3267	1300000	6	1667	2007	186	166	90	125	83	32	44	19	40	51	44	280
29796668_zpid	29796668_zpid	10472	2026 Powell Ave, Bronx, NY 10472	40.830289	-73.855881	0.157992265491	13	0.481003255702	8	0.52883900598	2	11	4	3200	575000	0	2575	1930	94	17	61	62	46	43	30	10	59	23	9	106
30783436_zpid	30783436_zpid	11234	6401 Strickland Ave, Brooklyn, NY 11234	40.615044	-73.910636	0.22171644978	7	0.265365243333	1	3.59624450122	0	4	2.5	2432	900000	33	4050	1960	16	12	11	11	6	18	14	12	16	0	3	49
30713735_zpid	30713735_zpid	11228	179 Bay 10th St, Brooklyn, NY 11228	40.607165	-74.012394	0.0934476366236	7	0.578742900033	3	0.905002464869	0	4	2.75	1906	868000	32	3383	1915	12	12	6	20	4	46	52	54	44	4	10	100
30595667_zpid	30595667_zpid	11233	1907 Pacific St, Brooklyn, NY 11233	40.676566	-73.925686	0.46103627017	5	0.290505762372	2	0.42725618303	2	5	3	1920	625000	74	1600	1910	75	28	59	68	47	12	18	2	20	31	12	118
30637699_zpid	30637699_zpid	11207	107 Miller Ave, Brooklyn, NY 11207	40.678734	-73.8925299	0.100472737939	6	0.0844497450305	5	0.131250742946	5	4	1	2364	450000	161	5000	1910	112	39	80	94	60	100	52	45	45	36	11	197
29795447_zpid	29795447_zpid	10472	1223 Taylor Ave, Bronx, NY 10472	40.830715	-73.865448	0.282583962753	4	0.261818067252	4	0.203026166108	2	7	2	2152	390000	7	2500	1930	198	153	70	80	68	59	30	14	56	51	19	175
30769102_zpid	30769102_zpid	11236	916 E 80th St, Brooklyn, NY 11236	40.634935	-73.913096	0.025360897011	5	0.0401028187217	2	1.61377355936	0	3	2	2064	465000	131	2200	1960	27	9	21	18	8	65	33	12	24	9	7	83
30591238_zpid	30591238_zpid	11213	1431 Dean St, Brooklyn, NY 11213	40.6765787	-73.9410102	0.0472699892972	8	0.45557621306	7	0.37228493916	2	6	3	2892	744460	27	2143	1910	226	38	104	113	103	26	17	7	34	45	20	205
30712438_zpid	30712438_zpid	11214	43 Bay 25th St, Brooklyn, NY 11214	40.603162	-73.998152	0.283004401815	9	0.220525681734	11	0.155185262048	3	5	3	3800	745000	77	3867	1910	166	22	43	57	42	84	42	37	23	15	6	186
29782944_zpid	29782944_zpid	10456	1419 Crotona Ave, Bronx, NY 10456	40.834285	-73.898419	0.134114583642	4	0.317558860461	5	0.721233207195	1	6	4	3000	510000	9	2424	2002	79	8	42	52	26	21	6	3	10	20	7	85
79726202_zpid	79726202_zpid	11226	2810 Albemarle Rd, Brooklyn, NY 11226	40.6479306	-73.9507297	0.137093671614	4	0.29404609259	7	0.338557590173	2	2	2	3120	795000	114	1080	2006	299	53	105	117	86	87	31	16	36	45	29	221
30713604_zpid	30713604_zpid	11228	1439 Cropsey Ave, Brooklyn, NY 11228	40.607181	-74.015574	0.355742746819	4	0.767572064881	0	1.17264029766	0	3	1	1200	340000	310	4532	1955	8	4	2	7	1	15	21	23	17	1	5	44
30767244_zpid	30767244_zpid	11236	566 E 89th St, Brooklyn, NY 11236	40.642919	-73.910678	0.229247781836	6	0.607751665888	2	0.853742665379	0	3	2	1120	370000	3	2481	1910	32	5	23	18	11	53	27	4	19	18	4	92
30626953_zpid	30626953_zpid	11237	349 Bleecker St, Brooklyn, NY 11237	40.701401	-73.915378	0.0993971782085	12	0.32539641335	6	0.362786922767	5	7	3	3036	900000	3	1851	1920	188	83	146	181	126	48	40	27	85	68	30	311
29781305_zpid	29781305_zpid	10474	615 Faile St, Bronx, NY 10474	40.812613	-73.886259	0.239681443209	4	0.308417945502	3	0.941294445604	0	8	2	2296	489000	124	2500	1910	125	16	88	76	65	21	16	2	27	16	12	140
30663571_zpid	30663571_zpid	11203	925 E 45th St, Brooklyn, NY 11203	40.638563	-73.933528	0.340864374549	7	1.14833998982	0	1.26687497288	0	4	2	1785	448000	0	2700	1940	112	40	48	64	48	156	96	28	88	52	24	344
68310257_zpid	68310257_zpid	10454	448 E 138th St, Bronx, NY 10454	40.808189	-73.921452	0.238652927936	4	0.14571917404	6	0.184157533305	3	6	2	1700	708812	118	1667	2005	233	28	118	140	113	18	15	12	39	38	20	231
29791337_zpid	29791337_zpid	10473	425 Bolton Ave, Bronx, NY 10473	40.814123	-73.8579139	0.592926647503	2	0.837605378133	0	2.10095879514	0	2	1	1575	200000	49	4791	1915	38	9	15	35	10	36	11	15	15	20	8	92
30669995_zpid	30669995_zpid	11230	633 E 19th St, Brooklyn, NY 11230	40.635312	-73.959019	0.253221867808	11	0.271699171204	5	0.319843292867	3	5	2.5	1860	1550000	4	7000	1910	53	11	42	41	49	19	15	5	6	10	1	53
30736683_zpid	30736683_zpid	11223	2163 W 9th St, Brooklyn, NY 11223	40.5947163	-73.9798995	0.236525568005	8	0.148542835892	3	0.263155663327	6	3	2	2160	668000	25	1487	1920	148	64	24	104	48	144	80	108	92	20	16	240
30568302_zpid	30568302_zpid	11201	149 Amity St, Brooklyn, NY 11201	40.689297	-73.99555	0.113780050737	16	0.173647270757	4	0.528874526954	4	7	5	3704	4200000	4	1667	1899	55	77	22	66	17	33	67	40	29	10	7	192
30744074_zpid	30744074_zpid	11229	2037 Batchelder St, Brooklyn, NY 11229	40.602075	-73.939003	0.404283692806	4	0.413999177483	3	1.46357141768	0	3	3	2205	630000	12	2000	1930	29	10	10	15	7	16	37	21	20	2	3	72
29781950_zpid	29781950_zpid	10453	1685 Townsend Ave, Bronx, NY 10453	40.846098	-73.91265	0.184771406058	8	0.241976752098	7	0.212847944935	3	10	3	2730	535000	17	3325	1920	417	36	179	156	167	62	17	9	44	52	13	232
30765779_zpid	30765779_zpid	11234	1457 E 58th St, Brooklyn, NY 11234	40.618749	-73.918832	0.120124112387	10	0.813582335475	0	2.89553249238	0	3	2	1156	432000	11	2150	1925	12	10	7	6	10	35	31	13	21	3	6	113
30722974_zpid	30722974_zpid	11223	1879 W 6th St, Brooklyn, NY 11223	40.601656	-73.978139	0.243135494485	6	0.394389960054	3	0.314167661577	4	7	3.5	2292	880000	29	1200	1920	284	100	168	108	120	372	124	248	104	56	20	456
30602007_zpid	30602007_zpid	11206	139 Marcus Garvey Blvd, Brooklyn, NY 11206	40.693834	-73.9398889	0.17510793067	12	0.252129913376	4	0.51822797683	2	3	1	2000	750000	129	2000	1931	420	124	180	272	164	124	76	116	72	124	60	500
30607591_zpid	30607591_zpid	11206	173 Tompkins Ave, Brooklyn, NY 11206	40.693309	-73.945627	0.0434123476998	7	0.330940397289	3	0.375871517703	2	4	2	1980	394776	99	2400	1910	420	140	304	412	220	140	80	152	112	148	92	588
30573259_zpid	30573259_zpid	11231	280 Van Brunt St, Brooklyn, NY 11231	40.6799139	-74.010252	0.00744501276063	4	0.139745674037	4	1.24553441836	0	5	3	2700	970000	46	2003	1921	28	47	15	17	11	9	23	13	10	8	2	55
30667611_zpid	30667611_zpid	11218	398 Westminster Rd, Brooklyn, NY 11218	40.639128	-73.967165	0.377046214361	10	0.231970564832	8	0.341452850722	3	6	2	2613	1200000	10	2500	1910	92	34	38	46	18	57	23	26	17	7	9	131
30743058_zpid	30743058_zpid	11229	2005 E 14th St, Brooklyn, NY 11229	40.600821	-73.957434	0.292437525707	9	0.24584638209	7	0.211776649544	2	3	2	1432	895000	0	1840	1920	87	27	21	32	28	70	31	16	13	5	4	113
83178776_zpid	83178776_zpid	10457	2050 Arthur Ave, Bronx, NY 10457	40.8481712	-73.8919891	0.279707957492	11	0.362728308472	3	0.660408032087	1	6	5	3599	456520	53	1742	2008	289	59	139	147	125	29	17	15	50	52	24	268
30775250_zpid	30775250_zpid	11236	1260 E 95th St, Brooklyn, NY 11236	40.640278	-73.900169	0.217361171594	7	0.416509331542	1	0.723836005206	1	4	2	1872	427450	70	2233	1925	55	20	24	23	20	50	25	11	16	17	8	94
30638466_zpid	30638466_zpid	11207	287 Warwick St, Brooklyn, NY 11207	40.676764	-73.886448	0.153361247864	9	0.296839819507	8	0.385840927562	5	4	3	1600	509600	17	2250	1901	54	24	45	54	35	61	25	16	34	22	9	139
30614394_zpid	30614394_zpid	11216	1226 Bedford Ave, Brooklyn, NY 11216	40.68187	-73.953889	0.144814204901	11	0.243468210908	6	0.199627580701	4	4	2	4340	1092000	12	1742	1900	150	141	61	75	57	19	42	18	34	33	35	205
30763738_zpid	30763738_zpid	11234	1520 Kimball St, Brooklyn, NY 11234	40.619259	-73.9374	0.475663290742	3	0.310093014891	3	1.74157582978	0	7	3.5	3080	550750	70	2500	1930	36	13	19	21	12	42	28	18	23	9	2	99
30608121_zpid	30608121_zpid	11221	772 Lafayette Ave, Brooklyn, NY 11221	40.690708	-73.942033	0.190348327555	10	0.168017739977	4	0.794895138176	0	5	3	1800	525000	49	2482	1920	169	45	84	115	86	27	30	9	34	45	25	194
30607854_zpid	30607854_zpid	11221	261 Kosciuszko St, Brooklyn, NY 11221	40.691612	-73.94454	0.214495825109	9	0.226299461624	4	0.574371870107	2	6	3	2250	82000	220	1594	1899	82	32	36	70	46	15	21	5	14	21	11	118
29794106_zpid	29794106_zpid	10473	2301 Lafayette Ave, Bronx, NY 10473	40.823897	-73.84584	0.526805956744	3	0.442441970524	2	1.25626628476	0	4	2.5	1796	423100	18	2324	1935	72	32	48	20	20	88	36	8	40	16	16	184
29842592_zpid	29842592_zpid	10461	2885 Zulette Ave, Bronx, NY 10461	40.84231	-73.833491	0.229514851965	6	0.69933471702	1	0.294492598111	2	3	2	1320	429000	0	2375	1925	328	68	100	80	84	160	132	72	60	64	16	456
30568745_zpid	30568745_zpid	11231	243 Kane St, Brooklyn, NY 11231	40.6858829	-73.995029	0.0866490992557	16	0.398262468161	5	0.352956333641	2	5	3.5	4260	3200000	76	2396	1901	16	31	9	29	4	14	20	11	16	3	5	84
30778775_zpid	30778775_zpid	11236	10541 Flatlands 7th St, Brooklyn, NY 11236	40.641239	-73.885917	0.832631026935	0	0.648929295399	2	1.47463057533	0	4	3	2346	535000	40	4200	1960	15	1	12	12	6	3	12	2	11	3	2	35
29794191_zpid	29794191_zpid	10473	2335 Story Ave, Bronx, NY 10473	40.826245	-73.84512	0.435040244977	1	0.709032190074	1	1.05171096089	0	4	2	2200	395200	11	2575	1965	12	2	2	4	2	13	8	2	5	3	3	22
30636843_zpid	30636843_zpid	11208	23 Elton St, Brooklyn, NY 11208	40.683196	-73.88521	0.402788030314	5	0.380409651315	4	0.364875040233	2	6	4	2320	600000	19	2500	1915	53	19	27	24	31	31	24	16	18	17	9	92
30723741_zpid	30723741_zpid	11230	1304 Glenwood Rd, Brooklyn, NY 11230	40.631923	-73.96437	0.192444463007	7	0.236856154413	3	0.374770999324	2	5	4	2300	999999	87	5000	1903	70	37	52	48	41	64	37	38	25	12	8	133
30580965_zpid	30580965_zpid	11232	662 39th St, Brooklyn, NY 11232	40.6488	-74.0003119	0.3641408114	6	0.386826877407	6	0.577691095007	2	4	2	1296	379040	136	2504	1920	70	45	21	33	31	45	22	10	8	10	7	84
83179123_zpid	83179123_zpid	10455	713 Southern Blvd # A, Bronx, NY 10455	40.8139541	-73.8987406	0.0423439040709	9	0.336714506901	6	0.308233592755	3	8	3	2200	799000	0	2199	2004	788	64	284	296	204	104	64	56	164	108	52	644
