30695704_zpid	30695704_zpid	11209	7626 Colonial Rd, Brooklyn, NY 11209	40.631449	-74.033989	0.38893252461	10	0.743198149813	1	0.741106672058	1	3	2.5	2000	910000	75	2000	1925	51	13	13	15	16	34	42	98	16	5	1	71
30671178_zpid	30671178_zpid	11218	27 E 4th St, Brooklyn, NY 11218	40.652064	-73.977803	0.148222375022	7	0.523461258655	1	0.305531394127	1	3	2	1492	999999	0	2500	1899	68	96	52	84	52	92	104	112	72	8	20	228
30635133_zpid	30635133_zpid	11207	550 New Jersey Ave, Brooklyn, NY 11207	40.665726	-73.893569	0.255621495404	3	0.165132521246	9	0.165186182628	3	2	1	3000	145000	259	2000	1901	222	20	127	123	147	22	51	11	53	58	17	252
30784547_zpid	30784547_zpid	11234	1811 E 52nd St, Brooklyn, NY 11234	40.615218	-73.9242079	0.426997413329	8	0.982233567621	0	2.78688399058	0	2	1.5	1200	425000	11	2500	1930	17	16	9	12	12	37	28	21	21	7	8	113
30648763_zpid	30648763_zpid	11207	1008 Van Siclen Ave, Brooklyn, NY 11207	40.655458	-73.882053	0.521015572555	5	0.475882583834	2	1.21523229277	0	4	2.5	1836	192000	229	1783	1960	76	16	36	48	24	24	56	20	4	4	4	132
30770704_zpid	30770704_zpid	11236	1382 Remsen Ave, Brooklyn, NY 11236	40.63651	-73.902309	0.316163437873	8	0.458375901131	2	1.12989031445	0	6	2	2000	638000	93	3000	1960	42	18	21	27	10	53	21	8	19	9	11	92
29790648_zpid	29790648_zpid	10473	1928 Obrien Ave, Bronx, NY 10473	40.811297	-73.855087	0.530923224574	1	1.16754298955	0	2.48531652789	0	4	2	1440	239500	165	2500	1940	35	10	20	22	12	20	13	21	10	20	3	71
30659841_zpid	30659841_zpid	11203	219 E 42nd St, Brooklyn, NY 11203	40.6504218	-73.9378	0.186076756475	3	0.504678102469	3	0.995593461378	0	4	2	1915	455000	11	3001	1915	122	12	69	64	66	49	18	5	28	26	10	116
29853045_zpid	29853045_zpid	10471	253 W 254th St, Bronx, NY 10471	40.901628	-73.899843	0.380196520355	4	0.420889859973	3	1.22995299153	0	4	2.5	1668	805000	0	2509	1935	56	4	12	12	16	68	52	24	48	0	4	96
29846688_zpid	29846688_zpid	10465	204 Throggs Neck Blvd, Bronx, NY 10465	40.817423	-73.812352	0.458099047904	4	0.516317608556	1	3.56920357821	0	2	1	960	300000	2	2247	1901	20	40	8	28	12	40	88	52	44	16	36	264
30701442_zpid	30701442_zpid	11209	9323 Lafayette Walk, Brooklyn, NY 11209	40.6173606	-74.0315317	0.154451672609	11	0.0544167216001	5	0.134216925452	2	2	1.5	1138	465000	75	1021	1925	122	36	32	37	31	75	48	31	6	13	8	183
29830814_zpid	29830814_zpid	10469	3026 Tiemann Ave, Bronx, NY 10469	40.871117	-73.839973	0.856923320034	0	0.901974776582	0	0.567990204867	1	4	3	2592	470000	66	4750	1955	48	7	34	30	18	40	32	10	24	5	12	68
30747745_zpid	30747745_zpid	11235	2432 E 14th St, Brooklyn, NY 11235	40.591242	-73.956199	0.179909368241	12	0.391381386368	4	0.454277375579	2	3	1.5	1156	450000	24	2500	1930	41	14	7	24	13	31	28	22	16	6	2	67
29815485_zpid	29815485_zpid	10461	1726 Libby Pl, Bronx, NY 10461	40.8465419	-73.8357767	0.277910341002	7	0.62302545469	1	0.271761017457	2	5	2	1672	244500	151	2705	1920	96	11	21	13	13	26	22	11	14	13	7	78
30784111_zpid	30784111_zpid	11234	1845 E 37th St, Brooklyn, NY 11234	40.612766	-73.933078	0.329849559949	3	0.420739072953	1	2.13953152001	0	3	2	1064	450000	92	18	1925	3	41	2	7	2	20	32	28	32	2	3	63
30663047_zpid	30663047_zpid	11210	781 E 37th St, Brooklyn, NY 11210	40.637907	-73.941146	0.624923852693	2	0.599355538436	2	0.655137439298	1	2	2	1672	425000	10	1600	1940	156	7	108	93	105	34	9	4	28	28	6	177
30747646_zpid	30747646_zpid	11235	2451 E 11th St, Brooklyn, NY 11235	40.590389	-73.9593	0.302483265867	11	0.506600559355	4	0.583409645625	2	6	3	2640	725000	26	2509	1920	164	52	28	88	52	160	100	104	76	28	8	268
30651044_zpid	30651044_zpid	11212	151 E 94th St, Brooklyn, NY 11212	40.661909	-73.924733	0.153320037459	12	0.160225094692	6	0.359726522219	2	7	3	2400	504000	29	2500	1930	1900	56	748	812	640	208	80	32	152	260	100	1144
30773968_zpid	30773968_zpid	11236	1097 E 95th St, Brooklyn, NY 11236	40.64389	-73.903442	0.278484051198	5	0.90350949395	0	0.335786848944	1	3	1	1860	212000	192	3885	1925	53	10	20	22	16	59	23	9	8	18	8	98
29850056_zpid	29850056_zpid	10464	105 Rochelle St, Bronx, NY 10464	40.8387804	-73.7847743	0.505514474145	1	3.4815663923	0	3.89611006019	0	3	2	1440	340000	18	2500	1920	10	4	2	2	1	1	13	3	7	1	6	16
29818651_zpid	29818651_zpid	10461	2068 Tenbroeck Ave, Bronx, NY 10461	40.856651	-73.852324	0.310635701774	3	0.791845250679	0	0.360775816144	2	4	3	2595	332500	17	2613	1940	20	2	3	5	1	11	21	9	6	3	2	45
29794527_zpid	29794527_zpid	10472	1075 Virginia Ave, Bronx, NY 10472	40.82811	-73.85977	0.113421707995	5	0.284514045061	5	0.576285107648	1	3	2	3375	297000	73	5117	1940	98	16	63	54	55	47	28	13	62	27	14	115
30601526_zpid	30601526_zpid	11233	1190 Herkimer St, Brooklyn, NY 11233	40.677465	-73.9141549	0.420181424866	4	0.230933375435	3	0.307638800409	3	4	2	1860	955000	2	1387	1899	266	25	160	175	125	59	34	23	64	74	35	223
83050222_zpid	83050222_zpid	11208	1023 Hegeman Ave, Brooklyn, NY 11208	40.6672579	-73.875171	0.3891735388	8	0.428106198318	6	0.729311882444	1	6	3	3996	399000	0	2340	2005	82	13	65	65	53	32	39	8	18	30	13	126
29811867_zpid	29811867_zpid	10461	2522 Saint Raymonds Ave, Bronx, NY 10461	40.841202	-73.847103	0.251509031791	8	0.188922353236	3	0.376690269495	2	3	1.5	1697	388297	55	2003	1915	120	22	44	39	28	34	29	17	23	11	7	161
29845231_zpid	29845231_zpid	10465	569 Logan Ave, Bronx, NY 10465	40.824675	-73.818557	0.512736139946	1	0.470155522098	2	2.60792310633	0	3	1	1980	490000	101	1799	1960	13	17	6	16	5	12	18	20	13	0	6	60
29841014_zpid	29841014_zpid	10465	3188 Fairmount Ave, Bronx, NY 10465	40.835736	-73.821391	0.13046806712	4	0.098065480678	1	1.54908496801	0	4	2	1400	477000	13	2500	1915	6	7	7	9	7	10	27	12	11	4	4	43
30626593_zpid	30626593_zpid	11221	364 Evergreen Ave, Brooklyn, NY 11221	40.6941201	-73.9240901	0.349751389736	9	0.330378282821	6	0.408011783892	4	6	4	2000	526000	50	1611	1901	202	80	87	122	85	45	36	17	52	36	28	262
30761469_zpid	30761469_zpid	11234	1035 E 59th St, Brooklyn, NY 11234	40.627802	-73.918852	0.429332901096	3	0.230288456047	2	2.49599537329	0	7	3	3181	660000	18	2117	1975	100	44	88	52	44	152	52	96	64	68	12	324
29794458_zpid	29794458_zpid	10472	1856 Watson Ave, Bronx, NY 10472	40.827878	-73.862819	0.15003582154	7	0.0684395028758	4	0.571641881799	2	4	2.5	2435	392000	10	2003	1930	93	151	43	41	48	50	25	11	47	24	13	92
29782192_zpid	29782192_zpid	10452	1422 Shakespeare Ave, Bronx, NY 10452	40.842516	-73.920486	0.436795327048	6	0.357958627955	6	0.354047027863	3	5	3.5	2437	385000	120	2435	1930	431	75	170	132	150	39	25	14	57	53	11	238
30789220_zpid	30789220_zpid	11235	2925 Brighton 4th St, Brooklyn, NY 11235	40.580306	-73.9643318	0.220558668885	7	0.330485406342	7	0.39135396373	2	3	1	647	293000	23	1600	1945	116	51	66	96	42	64	43	24	40	24	26	241
30730620_zpid	30730620_zpid	11214	8724 26th Ave, Brooklyn, NY 11214	40.594232	-73.987814	0.405162604088	8	0.368610198456	5	0.395367267537	2	4	2.5	2256	880000	7	1933	1955	17	7	5	18	5	22	30	24	21	8	4	61
30694027_zpid	30694027_zpid	11209	261 73rd St, Brooklyn, NY 11209	40.633226	-74.027923	0.0745115981439	14	0.238960630618	4	0.430171639668	2	5	3	2100	971500	13	2000	1925	146	32	48	51	38	41	46	108	23	18	5	159
30689773_zpid	30689773_zpid	11219	1133 67th St, Brooklyn, NY 11219	40.627125	-74.006094	0.141563470478	7	0.259876660125	5	0.478467886621	1	1	1	550	1350000	14	3200	1925	42	11	14	18	9	39	45	41	12	6	14	102
30789819_zpid	30789819_zpid	11235	122 Brightwater Ct, Brooklyn, NY 11235	40.5753774	-73.9660007	0.182140994432	7	0.31213129806	6	0.235619662583	2	4	3	1995	700000	52	1586	1950	70	33	47	58	41	30	23	7	31	14	12	160
30614876_zpid	30614876_zpid	11205	9 N Elliott Pl, Brooklyn, NY 11205	40.6977759	-73.9772695	0.439999191118	4	0.571600470312	2	0.895993666393	0	1	1	2047	50000	322	1475	1899	10	8	3	5	3	20	4	18	0	7	3	27
30785745_zpid	30785745_zpid	11234	2058 E 35th St, Brooklyn, NY 11234	40.608056	-73.931093	0.312843824771	3	0.799249316119	0	2.25937296368	0	3	3	2352	637500	16	2008	1930	4	36	16	4	8	44	76	76	76	0	4	128
30607462_zpid	30607462_zpid	11206	686 Willoughby Ave, Brooklyn, NY 11206	40.694475	-73.9418589	0.163692052535	9	0.185996309023	3	0.6053794789	3	3	2	6000	1800000	36	6000	1899	420	136	212	348	184	160	76	116	68	144	80	540
30624827_zpid	30624827_zpid	11206	36 Arion Pl, Brooklyn, NY 11206	40.6987965	-73.9355087	0.122512840227	12	0.252451355289	6	0.17738444957	3	5	4	2460	840000	30	1440	1930	284	276	156	176	108	76	128	80	164	56	48	768
30598755_zpid	30598755_zpid	11233	1610 Eastern Pkwy, Brooklyn, NY 11233	40.6712739	-73.914817	0.473711976676	5	0.539544463099	7	0.873073516622	0	8	4.5	4000	1175000	8	2000	1920	118	5	78	90	47	9	10	8	20	31	18	106
30649840_zpid	30649840_zpid	11208	525 Atkins Ave, Brooklyn, NY 11208	40.6660118	-73.8754363	0.395219370517	6	0.477221568029	5	0.699847775051	1	2	1	1848	495000	120	3000	1930	69	8	64	57	49	27	38	8	15	26	12	121
29776747_zpid	29776747_zpid	10454	408 E 136th St, Bronx, NY 10454	40.8074604	-73.9234343	0.285923589679	4	0.210586327896	4	0.346033532983	2	5	4	1296	405000	4	1298	1901	181	26	96	112	90	12	15	11	30	34	18	188
30573304_zpid	30573304_zpid	11231	114 Pioneer St, Brooklyn, NY 11231	40.678638	-74.01023	0.135089663489	4	0.0928235654473	3	1.18289902302	0	4	2.5	1920	1640000	0	1667	1899	29	57	16	27	12	11	31	9	11	10	3	65
29842911_zpid	29842911_zpid	10461	1555 Merry Ave, Bronx, NY 10461	40.842602	-73.829064	0.186300893783	6	0.361770765695	1	0.553668831157	2	3	2	1355	380000	50	1560	1955	220	52	60	60	60	168	144	60	24	40	16	344
30663425_zpid	30663425_zpid	11203	655 E 43rd St, Brooklyn, NY 11203	40.6391579	-73.9355894	0.289802800987	7	1.06786645014	0	1.08680039454	0	3	2	2080	462000	115	1600	1930	30	13	11	17	13	46	21	4	22	13	5	85
29833446_zpid	29833446_zpid	10466	1022 E 226th St, Bronx, NY 10466	40.885254	-73.850688	0.21093706187	6	0.202726054569	2	0.868853064111	0	5	3	2289	381600	136	2726	1902	236	40	108	80	72	236	40	20	132	80	48	280
30682146_zpid	30682146_zpid	11204	2147 66th St, Brooklyn, NY 11204	40.614028	-73.982883	0.21421172889	12	0.105398669291	6	0.253944385723	3	4	3	2400	965000	3	2400	1925	153	31	37	60	67	69	32	40	23	12	6	158
30726552_zpid	30726552_zpid	11230	1595 E 18th St, Brooklyn, NY 11230	40.611368	-73.955564	0.153010703102	5	0.162072039833	5	0.355082970696	1	5	2	2480	371000	190	2533	1920	63	8	35	41	29	39	12	26	8	5	3	62
30638843_zpid	30638843_zpid	11207	271 Van Siclen Ave, Brooklyn, NY 11207	40.673328	-73.89018	0.0895191562383	8	0.363570149234	5	0.06921407266	3	5	2	1824	775000	0	1089000	1910	460	104	344	384	308	268	148	100	176	152	76	880
30649478_zpid	30649478_zpid	11208	878 New Lots Ave, Brooklyn, NY 11208	40.667901	-73.878501	0.124865770926	9	0.323417972645	5	0.47495931904	2	4	1	1984	435000	17	2000	1920	448	56	344	364	252	148	136	48	116	180	104	672
30604879_zpid	30604879_zpid	11233	643 Halsey St, Brooklyn, NY 11233	40.684661	-73.926652	0.255818761638	8	0.358056739455	4	0.665424913361	2	6	3	3240	1150000	11	1400	1901	130	63	80	100	55	15	9	13	41	29	23	153
30786174_zpid	30786174_zpid	11234	2040 Hendrickson St, Brooklyn, NY 11234	40.611618	-73.926392	0.333557899868	2	1.00000230492	0	2.67567551704	0	3	2	1106	477500	23	2000	1925	44	36	16	24	12	116	100	84	60	12	24	344
30788532_zpid	30788532_zpid	11234	2529 E 63rd St, Brooklyn, NY 11234	40.609675	-73.909949	0.722523424298	1	0.843256393014	0	4.04670932976	0	3	3	1188	584999	0	1800	1960	2	6	2	5	2	17	9	15	21	2	1	30
30695201_zpid	30695201_zpid	11228	1017 Bay Ridge Pkwy, Brooklyn, NY 11228	40.624175	-74.01333	0.416766198903	6	0.331182531137	3	1.04823786076	0	5	3	3480	1180000	7	2500	1925	10	8	4	19	5	47	41	34	13	3	4	67
30735839_zpid	30735839_zpid	11223	1949 E 1st St, Brooklyn, NY 11223	40.600698	-73.970924	0.568606985859	7	0.208884375907	4	0.305586323071	2	4	2	1990	1350000	14	3049	1923	35	21	15	29	12	45	31	71	24	10	4	107
30620921_zpid	30620921_zpid	11222	967 Lorimer St, Brooklyn, NY 11222	40.724777	-73.952663	0.0796201158828	14	0.355033933998	4	0.117991903321	2	5	2.5	1638	1400000	0	938	1901	172	276	72	168	64	112	124	96	64	60	40	700
29847135_zpid	29847135_zpid	10465	145 Prentiss Ave, Bronx, NY 10465	40.816136	-73.8080279	0.594780976442	1	0.907089462798	0	3.89955794883	0	3	2	1476	370000	0	4116	1925	3	7	3	4	1	6	19	10	10	3	4	42
30633266_zpid	30633266_zpid	11212	884 Thomas S Boyland St, Brooklyn, NY 11212	40.658646	-73.911169	0.262228782524	6	0.274072644761	6	0.477486273725	2	7	2.5	2192	160000	199	2833	1930	884	68	536	492	356	144	152	56	200	132	68	804
94717207_zpid	94717207_zpid	11239	623 Vandalia Ave, Brooklyn, NY 11239	40.6573371	-73.8699959	0.449398875705	2	0.287475748789	2	1.52907866436	0	2	1	1800	417984	43	1900	2011	1	0	0	0	0	0	1	2	2	0	0	12
30571075_zpid	30571075_zpid	11217	150 Bergen St, Brooklyn, NY 11217	40.6855866	-73.9879271	0.120290480674	15	0.393303128551	3	0.255423102571	5	5	5	3938	3250000	2	2500	1910	22	51	3	29	6	27	36	12	12	8	9	79
30651110_zpid	30651110_zpid	11212	127 E 95th St, Brooklyn, NY 11212	40.662769	-73.924384	0.073156272629	11	0.0869779362483	6	0.262077432123	2	7	4	3198	530000	36	3250	1930	457	21	155	153	141	49	20	10	40	67	24	275
30755095_zpid	30755095_zpid	11234	3222 Kings Hwy, Brooklyn, NY 11234	40.617869	-73.942535	0.578504856902	3	0.179682781477	4	1.42526937009	0	4	2.5	1492	320000	41	2430	1935	16	8	14	13	4	25	16	13	21	5	3	68
30614769_zpid	30614769_zpid	11216	45 Brevoort Pl, Brooklyn, NY 11216	40.6803359	-73.953853	0.180070001724	11	0.280381776852	7	0.16914149178	5	7	3.55	3320	721710	63	16	1901	736	568	304	404	308	56	176	76	128	140	148	804
30621711_zpid	30621711_zpid	11222	168 Driggs Ave, Brooklyn, NY 11222	40.7231253	-73.9453066	0.0185160322791	13	0.126691921254	1	0.530989138198	1	1	1	3225	3000000	6	1945	1931	32	69	23	50	13	17	37	21	23	11	14	197
30782695_zpid	30782695_zpid	11234	2113 E 74th St, Brooklyn, NY 11234	40.621006	-73.904712	0.630083989982	1	0.57750818753	1	2.86534121007	0	6	4	3578	1500000	0	5000	1984	10	3	5	8	5	11	10	8	14	3	4	47
30739106_zpid	30739106_zpid	11223	2373 E 7th St, Brooklyn, NY 11223	40.5924309	-73.9628654	0.413350421761	14	0.652275023481	1	0.722723612305	1	3	3	1885	800000	12	1440	1930	124	44	32	64	40	92	116	60	44	8	4	184
29785437_zpid	29785437_zpid	10460	2297 Southern Blvd, Bronx, NY 10460	40.850527	-73.882824	0.15846199426	9	0.457600946001	2	1.16274560717	0	4	4	3042	567500	94	2766	1925	392	52	180	176	252	32	16	12	40	76	36	312
30786475_zpid	30786475_zpid	11234	2165 E 36th St, Brooklyn, NY 11234	40.607089	-73.92797	0.451368942768	1	0.829312815147	0	2.51708417583	0	3	2	1520	517500	104	3125	1920	1	6	2	2	1	13	16	13	14	0	2	36
29789917_zpid	29789917_zpid	10470	414 E 241st St, Bronx, NY 10470	40.901792	-73.864885	0.158262464031	4	0.536844086373	1	0.734816748111	1	4	1.5	1900	389000	9	2250	1920	43	16	5	19	9	22	11	17	10	4	4	58
30730585_zpid	30730585_zpid	11214	137 Bay 41st St, Brooklyn, NY 11214	40.594142	-73.988356	0.430743907084	8	0.388390540893	5	0.416998610791	2	3	2	1760	820000	5	1938	1955	76	36	36	72	28	104	120	96	96	32	16	276
29785677_zpid	29785677_zpid	10457	2232 Valentine Ave, Bronx, NY 10457	40.855823	-73.898275	0.197137806294	11	0.252661487034	10	0.209794525232	3	6	3	3125	400000	25	1742	1931	330	24	125	159	141	21	5	6	38	50	20	217
30765852_zpid	30765852_zpid	11234	2438 Ralph Ave, Brooklyn, NY 11234	40.618587	-73.9175099	0.0501606717916	8	0.700572593477	1	2.99954759518	0	3	2	1600	505000	9	3700	1925	10	8	7	7	7	25	24	10	23	4	6	112
29812692_zpid	29812692_zpid	10460	632 Mead St, Bronx, NY 10460	40.842417	-73.866235	0.299971088111	9	0.478605039548	5	0.613578069132	2	8	2	2100	390000	0	2500	1920	186	20	61	77	78	45	16	10	26	39	25	122
30624581_zpid	30624581_zpid	11206	226 Boerum St, Brooklyn, NY 11206	40.706074	-73.938666	0.223514900229	8	0.286884982327	4	0.210561616479	4	5	2	1892	989000	8	25	1930	70	168	41	40	23	18	31	12	23	10	8	146
30651099_zpid	30651099_zpid	11212	159 E 95th St, Brooklyn, NY 11212	40.662188	-73.923739	0.157706866813	10	0.171357357329	7	0.298800808858	2	7	4	3198	525000	22	3250	1975	511	21	197	211	169	52	23	9	43	75	25	299
30597114_zpid	30597114_zpid	11213	1625 Union St, Brooklyn, NY 11213	40.668317	-73.936498	0.273787927791	13	0.341964816991	7	0.307114019194	2	3	1	3552	777000	11	2000	1901	575	58	230	236	237	54	51	21	47	83	48	347
30666616_zpid	30666616_zpid	11226	2823 Albemarle Rd, Brooklyn, NY 11226	40.648311	-73.950441	0.122062844137	3	0.262796306496	6	0.291196275808	2	3	1	950	740000	2	1739	2006	376	54	137	136	129	84	31	15	40	65	30	249
30791321_zpid	30791321_zpid	11235	178 Norfolk St, Brooklyn, NY 11235	40.578963	-73.939196	0.580988894362	1	1.37894223971	0	1.54249276815	0	3	2	1700	885000	27	2744	1925	2	5	0	6	0	12	12	3	8	1	1	19
30671403_zpid	30671403_zpid	11218	3117 Fort Hamilton Pkwy, Brooklyn, NY 11218	40.648129	-73.979906	0.0152699549864	10	0.387831172485	4	0.394972597422	2	4	2	2268	1190000	0	2000	1925	212	92	68	96	84	84	136	124	76	28	24	392
30606055_zpid	30606055_zpid	11233	332 Malcolm X Blvd, Brooklyn, NY 11233	40.6814908	-73.92898	0.203863537296	8	0.241390307637	4	0.279021949333	2	2	1	2544	40000	22	1425	1901	128	71	94	130	70	15	20	11	38	41	28	193
30777109_zpid	30777109_zpid	11236	1444 E 94th St, Brooklyn, NY 11236	40.636485	-73.897153	0.10723516933	6	0.102969600565	3	1.19952223064	0	5	2	3064	660000	114	3001	2003	34	21	25	28	8	55	23	12	15	14	5	87
30667261_zpid	30667261_zpid	11218	1112 Beverley Rd, Brooklyn, NY 11218	40.643713	-73.968124	0.140079709278	10	0.391403821071	3	0.311615925189	2	7	4.5	2747	12610	145	5000	1930	41	27	34	39	23	30	18	21	14	9	5	117
30790126_zpid	30790126_zpid	11235	2922 Brighton 12th St, Brooklyn, NY 11235	40.581446	-73.955855	0.177760265629	11	0.327805406317	8	0.62234466367	2	5	2	22000	561500	125	2200	1940	968	188	232	332	208	276	192	120	164	112	72	808
30668162_zpid	30668162_zpid	11218	471 Stratford Rd, Brooklyn, NY 11218	40.636931	-73.96709	0.314016140594	9	0.329372933851	8	0.417289522147	2	6	3	2341	640000	61	4000	1899	109	27	52	47	21	54	28	28	13	11	7	115
29844069_zpid	29844069_zpid	10465	1603 Stadium Ave, Bronx, NY 10465	40.846393	-73.820455	0.812848386938	0	0.488853911488	1	0.917671297726	0	3	2.5	1275	510000	9	2700	1960	4	12	16	16	0	56	108	60	32	4	0	124
29813529_zpid	29813529_zpid	10462	1830 Delancey Pl, Bronx, NY 10462	40.847364	-73.86061	0.140163684347	7	0.265900666461	2	0.680574823131	1	2	1	1280	320000	9	1441	1950	71	29	37	55	24	82	37	31	27	21	14	110
30671235_zpid	30671235_zpid	11218	654 Vanderbilt St, Brooklyn, NY 11218	40.653856	-73.974607	0.156906368357	5	0.407615954422	2	0.463090169589	1	4	2	1680	1265000	29	1800	1899	10	13	9	15	7	18	16	17	12	1	3	39
29791333_zpid	29791333_zpid	10473	406 Soundview Ave, Bronx, NY 10473	40.813716	-73.857748	0.587536927217	2	0.88411496429	0	2.14813951074	0	4	2	2420	378000	15	1497	1933	36	9	17	34	10	34	10	15	14	19	6	86
30613936_zpid	30613936_zpid	11238	54 Irving Pl, Brooklyn, NY 11238	40.683356	-73.96016	0.197900239977	11	0.272038489818	4	0.447569955373	5	6	4	3200	1025000	44	2020	1931	103	156	64	113	66	37	49	20	47	15	44	196
30763775_zpid	30763775_zpid	11234	1527 Kimball St, Brooklyn, NY 11234	40.6193284	-73.9368294	0.477016231878	3	0.354811834081	2	1.75941778428	0	3	2	1828	589000	0	1566	1920	36	12	19	19	12	42	29	18	23	9	2	101
30596102_zpid	30596102_zpid	11213	1226 Saint Marks Ave, Brooklyn, NY 11213	40.673796	-73.929093	0.109994600433	8	0.533679473594	4	0.634839300209	2	5	2	2000	398000	59	2000	1910	248	29	137	148	129	29	18	3	32	51	19	228
29832444_zpid	29832444_zpid	10466	820 E 226th St, Bronx, NY 10466	40.8871914	-73.8564403	0.206768307089	8	0.354230260747	3	0.341044233155	3	6	3	1410	470000	12	2861	1920	177	14	84	94	72	72	25	10	34	43	17	145
30788286_zpid	30788286_zpid	11234	2281 E 66th St, Brooklyn, NY 11234	40.614322	-73.906978	0.462543899762	2	0.384359076995	1	3.62516168687	0	7	5	5500	2149000	0	11761.2	1960	1	15	6	10	5	11	14	11	11	1	2	45
30628009_zpid	30628009_zpid	11221	1249 Madison St, Brooklyn, NY 11221	40.694911	-73.913614	0.233338978598	8	0.271998323719	4	0.552590044883	3	6	2	3600	700000	15	2000	1920	88	20	81	91	68	23	29	6	36	40	25	141
30788539_zpid	30788539_zpid	11234	2515 E 63rd St, Brooklyn, NY 11234	40.610019	-73.909706	0.695333063658	1	0.804123312713	0	4.06845558547	0	3	3	1188	599000	0	1800	1960	2	6	3	3	3	17	8	14	17	1	1	29
29794683_zpid	29794683_zpid	10472	1129 Ward Ave, Bronx, NY 10472	40.827107	-73.8771919	0.0846824248131	6	0.370471393247	4	0.233279582168	2	5	2	2920	185500	263	2500	1940	641	63	235	271	236	51	31	6	74	99	23	361
30751297_zpid	30751297_zpid	11210	982 E 22nd St, Brooklyn, NY 11210	40.6280349	-73.955077	0.537983302154	4	0.611032778522	3	0.571188167553	2	6	3	3162	1230000	4	3825	1925	6	5	3	9	3	16	13	9	11	3	2	19
30623970_zpid	30623970_zpid	11211	163 Maspeth Ave, Brooklyn, NY 11211	40.7169669	-73.936623	0.499043449557	6	0.693542491469	2	0.64873876484	2	3	2	1552	1120000	6	1397	1955	19	105	6	26	7	18	23	12	18	7	12	78
30793407_zpid	30793407_zpid	11229	16 Opal Ct, Brooklyn, NY 11229	40.5864184	-73.9241682	0.427713622983	1	1.41812210682	0	2.53559843482	0	4	2	672	356000	45	1800	1930	2	3	1	14	0	0	31	11	20	2	5	39
29842911_zpid	29842911_zpid	10461	1555 Merry Ave, Bronx, NY 10461	40.842602	-73.829064	0.186300893783	6	0.361770765695	1	0.553668831157	2	3	2	1355	417000	0	1560	1955	220	52	60	60	60	168	144	60	24	40	16	344
