30573617_zpid	30573617_zpid	11215	193 17th St, Brooklyn, NY 11215	40.664862	-73.99279	0.0249211799518	13	0.530987282326	4	0.0618372289273	3	8	4	3900	950000	66	1563	1905	51	57	20	40	20	31	51	13	22	14	10	153
30566850_zpid	30566850_zpid	11217	534 1/2 Pacific St, Brooklyn, NY 11217	40.6839469	-73.9795348	0.190445532569	11	0.452814305933	3	0.0687119237229	10	3	3	2464	2250000	13	1450	1915	66	117	31	50	19	45	61	64	40	24	27	229
30601429_zpid	30601429_zpid	11233	17 Dewey Pl, Brooklyn, NY 11233	40.677298	-73.917967	0.129072692805	2	0.499803335916	4	0.339686329515	2	2	1	1100	675500	9	1600	1910	900	76	548	656	456	144	148	68	244	276	144	852
30736644_zpid	30736644_zpid	11223	2121 W 10th St, Brooklyn, NY 11223	40.5955059	-73.9809443	0.365367866481	7	0.108496062207	3	0.26699738388	4	6	4	2470	1450000	0	2300	1930	38	14	6	20	8	32	26	33	18	4	4	60
30788059_zpid	30788059_zpid	11234	158 Barlow Dr S, Brooklyn, NY 11234	40.608405	-73.906274	0.996353724729	0	1.01851996883	0	4.274233142	0	5	4.5	3675	990000	65	5000	1960	2	2	1	7	0	4	9	9	10	2	1	22
30595675_zpid	30595675_zpid	11233	1895 Pacific St, Brooklyn, NY 11233	40.676588	-73.926146	0.434414795722	5	0.311523294632	2	0.458512459859	2	5	3	2560	479000	141	1598	2004	80	29	66	70	58	12	18	2	27	32	13	123
30621904_zpid	30621904_zpid	11222	80 Sutton St, Brooklyn, NY 11222	40.725552	-73.940387	0.123105960298	8	0.408387728916	1	0.924370371512	0	8	3	3123	800000	64	2000	1899	21	20	17	29	12	15	31	21	21	6	14	118
30636350_zpid	30636350_zpid	11212	905 Mother Gaston Blvd, Brooklyn, NY 11212	40.656151	-73.90308	0.0851285173175	3	0.418332821473	2	0.433835381204	2	8	4	3264	25000	36	2613	1930	53	9	32	40	31	13	16	4	28	11	4	89
30598757_zpid	30598757_zpid	11233	412 Thomas S Boyland St, Brooklyn, NY 11233	40.671161	-73.914489	0.457992974676	4	0.509330998242	7	0.874336424458	0	9	3	1080	185000	242	2000	1920	436	16	288	332	172	36	36	32	72	120	72	392
30591249_zpid	30591249_zpid	11216	1056 Dean St, Brooklyn, NY 11216	40.677296	-73.955188	0.181053588676	13	0.493921611992	6	0.34819620345	5	8	4	4000	950000	101	2000	1920	177	57	89	121	97	15	36	13	23	37	39	175
30613659_zpid	30613659_zpid	11238	435A Classon Ave, Brooklyn, NY 11238	40.685759	-73.959113	0.368850801773	14	0.379911794885	7	0.355936945361	5	7	4	2470	2275000	11	1280	1899	109	139	71	100	56	28	38	16	43	16	37	145
30629849_zpid	30629849_zpid	11207	1008 Halsey St, Brooklyn, NY 11207	40.686437	-73.91415	0.294566404997	7	0.189478650808	3	0.202691198689	2	6	5	4000	999000	14	1825	1915	69	18	57	80	48	17	19	9	18	33	15	116
29793043_zpid	29793043_zpid	10473	2260 Homer Ave, Bronx, NY 10473	40.821934	-73.84613	0.312525631134	3	0.236873783773	2	1.4516779983	0	3	1.25	2208	180000	209	3625	1965	15	7	12	2	4	15	9	1	9	2	2	47
30601921_zpid	30601921_zpid	11206	115 Marcus Garvey Blvd, Brooklyn, NY 11206	40.694785	-73.940122	0.0675304313378	13	0.185584261474	4	0.463364076157	2	4	3	3116	515000	122	1640	1940	106	44	46	74	42	36	21	31	21	31	15	149
68311648_zpid	68311648_zpid	10459	809 Freeman St, Bronx, NY 10459	40.8303246	-73.8978134	0.281583888585	6	0.30159391867	10	0.503815698154	1	2	1	3550	401787	103	1620	2005	163	80	82	106	86	19	16	4	21	42	18	141
30745030_zpid	30745030_zpid	11229	2147 E 27th St, Brooklyn, NY 11229	40.598949	-73.944234	0.244507538774	6	0.139000991923	3	0.989266110791	0	2	1.75	1088	276000	149	1600	1940	84	64	40	56	40	76	148	68	84	12	20	440
30718191_zpid	30718191_zpid	11230	1330 E 9th St, Brooklyn, NY 11230	40.616588	-73.965861	0.313639384998	9	0.311106868561	6	0.557947815	2	3	2	1568	527000	36	1999	1925	372	72	92	140	140	248	204	84	124	36	16	516
30638539_zpid	30638539_zpid	11208	285 Shepherd Ave, Brooklyn, NY 11208	40.677555	-73.881358	0.305858810173	9	0.32963423986	4	0.384221005286	3	7	3	2166	20000	24	1950	1930	528	88	268	384	260	164	188	96	140	156	44	776
30740509_zpid	30740509_zpid	11235	24 Brighton 4th Ter, Brooklyn, NY 11235	40.581738	-73.963485	0.102213004092	8	0.318158536349	5	0.490355406262	2	5	5.5	3800	700000	144	25	1930	70	37	45	74	25	71	47	33	33	19	24	189
30650486_zpid	30650486_zpid	11212	1006 E New York Ave, Brooklyn, NY 11212	40.663981	-73.929183	0.27808821792	14	0.125442493759	7	0.551882317487	2	3	1.5	1672	450000	13	1662	1945	124	5	53	56	42	26	8	5	15	19	8	111
30620356_zpid	30620356_zpid	11222	113 Calyer St, Brooklyn, NY 11222	40.727289	-73.956683	0.164446702188	13	0.314189414374	4	0.388259895797	2	5	3.5	1944	1899999	0	1576	1901	44	79	17	37	21	36	28	21	19	11	7	148
30755282_zpid	30755282_zpid	11234	3612 Avenue M, Brooklyn, NY 11234	40.620021	-73.9393769	0.39994650602	1	0.275198020316	3	1.5883009287	0	3	2	1689	567000	13	1800	1940	36	10	19	18	11	32	22	16	15	7	3	85
30659517_zpid	30659517_zpid	11203	194 E 35th St, Brooklyn, NY 11203	40.650471	-73.944987	0.281628497384	3	0.358930863493	4	0.389698012516	2	4	2	1650	140000	273	1800	1910	133	21	100	96	79	65	13	9	26	31	11	116
30722593_zpid	30722593_zpid	11223	1882 W 11th St, Brooklyn, NY 11223	40.6010319	-73.983464	0.216151485962	10	0.499382359411	7	0.41558905897	3	4	2	2268	1349000	5	3000	1925	124	88	52	64	36	208	116	168	60	24	16	268
2112377865_zpid	2112377865_zpid	11234	Avenue Y, Brooklyn, NY 11234	40.613986	-73.9003101	0.947836433577	0	0.850071174604	0	3.63891141917	0	3	1.5	680	520000	28	2500	1970	2	9	1	6	0	3	15	5	8	1	2	30
30730399_zpid	30730399_zpid	11214	8756 25th Ave, Brooklyn, NY 11214	40.59495	-73.990654	0.404090165418	8	0.41291061063	5	0.445554708626	1	5	3.5	2160	998000	12	1950	1960	34	7	16	21	9	43	38	21	24	10	3	78
30770456_zpid	30770456_zpid	11236	1135 E 84th St, Brooklyn, NY 11236	40.633579	-73.905747	0.547359896873	7	0.62249467314	2	1.49226294975	0	2	1	2984	210000	32	2500	1965	200	36	72	108	40	300	112	40	112	40	36	312
29796644_zpid	29796644_zpid	10472	2053 Watson Ave, Bronx, NY 10472	40.829405	-73.854684	0.1394895753	11	0.452684064654	5	0.597654746365	2	3	1	3500	540000	24	3726	1935	87	19	57	60	42	47	31	7	53	21	9	101
30786736_zpid	30786736_zpid	11234	2127 Kimball St, Brooklyn, NY 11234	40.609588	-73.925823	0.391496752881	1	1.11760712861	0	2.70557644219	0	3	2	1200	475000	14	3000	1920	6	9	1	6	2	21	22	17	16	0	6	72
30629678_zpid	30629678_zpid	11207	1069 Halsey St, Brooklyn, NY 11207	40.68826	-73.913077	0.217225880979	8	0.341349968427	3	0.364433712693	2	5	4	3300	970000	13	2000	1920	90	21	71	97	54	20	25	12	25	41	18	144
30773294_zpid	30773294_zpid	11236	980 E 95th St, Brooklyn, NY 11236	40.645931	-73.906479	0.227934816406	5	0.96790822274	0	0.399177807486	1	3	2.5	1250	375000	127	2500	1925	41	7	25	33	18	57	27	7	7	21	8	103
30637917_zpid	30637917_zpid	11208	134 Elton St, Brooklyn, NY 11208	40.680364	-73.885057	0.290352927489	7	0.137869305758	5	0.0583100098931	3	4	1	1000	120000	13	2500	1905	63	13	43	40	44	36	26	20	26	19	12	106
30788076_zpid	30788076_zpid	11234	126 Barlow Dr S, Brooklyn, NY 11234	40.608857	-73.905342	0.975436819173	0	0.99444266024	0	4.21787356202	0	4	2.5	2549	1100000	0	1742400	1960	2	1	1	7	0	3	9	2	7	2	1	21
30612654_zpid	30612654_zpid	11238	244 Lafayette Ave, Brooklyn, NY 11238	40.687952	-73.966438	0.0376678227733	13	0.102375362187	4	0.0804576276479	5	2	1	2660	190000	258	980	1899	110	46	62	80	64	24	29	5	30	20	18	119
30660591_zpid	30660591_zpid	11203	371 E 35th St, Brooklyn, NY 11203	40.646112	-73.943945	0.320869534364	5	0.142777479866	3	0.438287377823	2	5	2	1980	146500	197	1500	1920	324	32	308	204	224	140	56	16	72	64	60	300
29785756_zpid	29785756_zpid	10457	2021 Valentine Ave, Bronx, NY 10457	40.851048	-73.9007479	0.155456718622	10	0.0511045049392	8	0.383786294005	4	3	2	1360	225000	136	1635	1901	438	45	196	182	183	34	26	18	67	67	29	313
29847378_zpid	29847378_zpid	10465	3283 Tierney Pl, Bronx, NY 10465	40.815876	-73.80003	0.961051456051	0	1.55421528329	0	4.36473356983	0	3	1.5	1548	425000	8	2500	1915	0	0	0	0	0	0	8	4	2	0	0	9
30792647_zpid	30792647_zpid	11235	131 Neptune Ave, Brooklyn, NY 11235	40.582451	-73.958567	0.232055343548	11	0.133419334012	8	0.579970758298	2	9	4.5	2907	675000	5	1785	1915	222	43	63	82	46	74	50	31	45	27	26	211
30701937_zpid	30701937_zpid	11209	146 96th St, Brooklyn, NY 11209	40.616131	-74.036393	0.240913787171	8	0.1967411101	3	0.435632455859	1	5	3	1850	860000	11	2000	1950	190	35	30	29	32	57	41	46	6	10	6	128
30740580_zpid	30740580_zpid	11235	2891 Brighton 6th St, Brooklyn, NY 11235	40.5815957	-73.9626622	0.0348755340146	10	0.248433730439	5	0.452989240937	1	8	2	2400	678000	18	2081	1930	320	172	192	280	96	320	220	132	160	84	88	772
29793526_zpid	29793526_zpid	10473	2034 Turnbull Ave, Bronx, NY 10473	40.823202	-73.853404	0.510454523663	4	0.461000018707	3	1.24102176295	0	3	2.5	1782	455000	107	30	1950	89	23	25	27	13	19	18	5	15	10	5	68
30661099_zpid	30661099_zpid	11203	451 E 42nd St, Brooklyn, NY 11203	40.644511	-73.937044	0.411506895225	4	0.649079160224	2	1.00851985032	0	4	2	1808	340000	9	2150	1945	64	20	16	28	32	112	52	12	48	20	4	196
30770468_zpid	30770468_zpid	11236	1102 E 85th St, Brooklyn, NY 11236	40.634296	-73.906077	0.468696990863	8	0.559854718783	2	1.42126783541	0	4	2	1844	425000	144	2178	1960	44	6	16	25	9	76	24	12	29	8	10	83
30740355_zpid	30740355_zpid	11235	2631 Hubbard St, Brooklyn, NY 11235	40.5862478	-73.9626198	0.247363797347	8	0.568751133364	3	0.719231707289	1	2	3	1604	729000	0	1600	1930	132	72	80	112	40	172	168	120	72	32	32	360
30567234_zpid	30567234_zpid	11201	192 Columbia Hts, Brooklyn, NY 11201	40.69749	-73.99701	0.26716572018	12	0.361459952691	2	0.33118979734	3	7	3.5	6500	15000000	0	2492	1856	45	82	19	24	18	5	42	18	17	8	12	119
30733783_zpid	30733783_zpid	11224	3713 Oceanic Ave # 2, Brooklyn, NY 11224	40.575655	-74.003533	0.72293262302	2	0.236476978741	2	1.89572769201	0	4	2	1681	425000	52	2482	1950	47	14	14	40	12	4	18	7	17	13	1	51
30652666_zpid	30652666_zpid	11212	373 E 95th St, Brooklyn, NY 11212	40.657967	-73.919049	0.346048834153	10	0.114730825106	4	0.451028936616	1	9	5	3213	623000	16	3250	1930	474	16	214	216	166	70	26	11	37	69	35	308
29822702_zpid	29822702_zpid	10467	2816 Olinville Ave, Bronx, NY 10467	40.867244	-73.868021	0.204178893757	9	0.135633744526	6	0.208741890386	2	2	1	2800	340000	153	2000	1965	335	26	152	170	160	33	29	12	45	56	33	219
30729835_zpid	30729835_zpid	11214	67 Bay 37th St, Brooklyn, NY 11214	40.59732	-73.9898089	0.154049801985	9	0.229366449455	5	0.255477168591	2	2	1	3420	1498000	11	3100	1930	40	14	13	20	11	61	38	23	18	7	2	94
30631173_zpid	30631173_zpid	11207	88 Pilling St, Brooklyn, NY 11207	40.684391	-73.906782	0.152047006413	4	0.292815720266	2	0.269238792811	7	3	3	3180	690600	34	2000	1905	90	21	74	103	59	18	29	13	23	36	16	164
29784635_zpid	29784635_zpid	10457	612 E 181st St, Bronx, NY 10457	40.849997	-73.890606	0.262262832686	13	0.549570790978	5	0.829888260099	0	4	3	1352	349000	0	1825	1901	952	224	552	592	480	120	68	48	204	228	108	908
83044027_zpid	83044027_zpid	11221	53 Van Buren St, Brooklyn, NY 11221	40.690256	-73.943443	0.31765507003	10	0.25077221713	4	0.689261072343	2	2	1	4080	25000	2	2003	2005	141	44	75	102	75	25	26	8	27	43	19	163
30793504_zpid	30793504_zpid	11229	24 Keen Ct, Brooklyn, NY 11229	40.5879045	-73.9250794	0.330766032087	2	1.28894843754	0	2.46054460677	0	3	1	864	309000	26	1800	1925	2	3	2	15	0	1	30	10	20	1	4	39
30788966_zpid	30788966_zpid	11234	2264 E 60th Pl, Brooklyn, NY 11234	40.610874	-73.910971	0.567415400928	3	0.720712182029	1	3.94685035752	0	4	2	2032	520000	22	2000	1960	2	6	2	3	3	18	8	15	17	1	1	32
30627732_zpid	30627732_zpid	11221	1090 Bushwick Ave, Brooklyn, NY 11221	40.690062	-73.919606	0.258491063725	8	0.395202979128	4	0.229947753114	2	6	4	2536	1070000	11	1250	1931	202	65	106	161	100	45	41	8	64	52	48	235
29818617_zpid	29818617_zpid	10461	2069 Tenbroeck Ave, Bronx, NY 10461	40.856512	-73.852965	0.254491482398	3	0.776598036217	0	0.335305627196	2	4	4	3600	240000	255	5621	1931	20	2	4	5	2	16	21	9	8	3	2	42
30656244_zpid	30656244_zpid	11203	646 E 53rd St, Brooklyn, NY 11203	40.643586	-73.926889	0.195219464847	5	0.773199835885	0	1.86204221168	0	4	1	1408	391800	137	2400	1925	107	22	26	20	21	36	35	11	11	11	7	110
83050086_zpid	83050086_zpid	11206	893 Myrtle Ave APT 1A, Brooklyn, NY 11206	40.695859	-73.947029	0.172921569877	7	0.472100700922	5	0.172885950752	3	1	1.5	750	235000	102	2000	2006	108	38	74	107	54	56	23	44	29	31	30	164
30781473_zpid	30781473_zpid	11234	6921 Avenue T, Brooklyn, NY 11234	40.620954	-73.91012	0.38877938636	5	0.417852826483	1	2.94498051523	0	3	3	1368	503000	28	2800	1960	18	3	8	14	6	34	24	12	22	3	5	62
30748003_zpid	30748003_zpid	11235	2482 E 21st St, Brooklyn, NY 11235	40.591793	-73.949217	0.165520300815	12	0.360862279006	4	0.63261709654	2	7	3	3060	885000	18	2613	1930	36	13	6	24	7	24	34	25	31	4	1	87
29820116_zpid	29820116_zpid	10469	2219 Tiemann Ave, Bronx, NY 10469	40.858054	-73.838427	0.556102271951	2	0.628694878633	1	1.11185448068	0	3	4	2540	715000	24	5998	1935	5	2	1	1	0	4	22	4	5	0	1	19
29845505_zpid	29845505_zpid	10465	272 Hollywood Ave, Bronx, NY 10465	40.81882	-73.814374	0.242674546636	4	0.302243342507	1	3.34502318534	0	5	3	2400	512000	18	3162	1925	7	9	3	9	5	17	17	11	11	5	10	61
29790553_zpid	29790553_zpid	10473	1208 Harding Park, Bronx, NY 10473	40.809871	-73.858107	0.822395886317	0	1.30855937215	0	2.53849339955	0	2	1	1120	190000	17	1742	1930	33	5	19	23	8	19	14	16	10	17	3	66
30627169_zpid	30627169_zpid	11237	208 Wyckoff Ave, Brooklyn, NY 11237	40.7013586	-73.9147726	0.0508894866932	11	0.301750573156	6	0.317584413147	5	2	1	4875	690000	90	2416	1931	704	316	528	660	456	172	144	112	284	284	104	1124
29792013_zpid	29792013_zpid	10473	510 Bolton Ave, Bronx, NY 10473	40.815974	-73.857617	0.574344229137	2	0.636595816301	1	1.92364085011	0	3	3	1075	319000	78	2500	1945	33	8	4	33	9	29	16	14	14	11	7	81
30669624_zpid	30669624_zpid	11210	1297 Rogers Ave, Brooklyn, NY 11210	40.638101	-73.950796	0.200344306313	4	0.265475301133	5	0.289373885043	2	9	3	2441	695000	22	1999	1935	280	26	139	119	104	38	23	15	26	52	9	253
29776878_zpid	29776878_zpid	10454	404 E 142nd St, Bronx, NY 10454	40.8112799	-73.920729	0.344955770264	4	0.274361209807	6	0.410018223092	3	7	3	2160	275600	23	1481	1910	197	30	92	117	97	9	14	11	27	28	16	192
30706554_zpid	30706554_zpid	11228	1343 77th St, Brooklyn, NY 11228	40.618603	-74.007317	0.137003711914	8	0.349936961281	2	0.722642112242	1	3	3	1980	978000	0	2299	1925	9	14	6	27	5	50	49	42	20	2	3	71
30732924_zpid	30732924_zpid	11224	2814 W 35th St, Brooklyn, NY 11224	40.576671	-74.001327	0.629654059501	1	0.0942675059597	2	1.70101760912	0	4	2	2532	662500	24	3563	1901	204	80	56	140	52	20	88	40	68	56	4	244
30733543_zpid	30733543_zpid	11224	2850 W 17th St, Brooklyn, NY 11224	40.57761	-73.985287	0.167653672062	2	0.42664216049	4	0.343404476781	1	9	4	3396	175000	204	2451	1920	224	40	92	128	104	68	128	52	44	68	16	336
30749634_zpid	30749634_zpid	11235	2680 E 12th St, Brooklyn, NY 11235	40.5855559	-73.958061	0.204211534513	9	0.329708851366	5	0.362343666641	1	4	2	800	578000	0	1645	1920	512	132	140	264	160	208	188	160	132	92	60	680
30737836_zpid	30737836_zpid	11223	2258 W 1st St, Brooklyn, NY 11223	40.5935242	-73.9719749	0.340058610155	3	0.562716813298	4	0.305812572157	4	4	2	1408	418000	182	1640	1920	57	10	17	33	11	45	29	37	26	6	6	121
30672149_zpid	30672149_zpid	11218	151 Minna St, Brooklyn, NY 11218	40.644595	-73.985434	0.466417297586	8	0.445090434957	7	0.490079976937	1	6	3	3840	940000	24	2500	1920	49	23	24	35	22	41	46	45	4	11	3	131
30789411_zpid	30789411_zpid	11235	3007 Brighton 1st St, Brooklyn, NY 11235	40.5783609	-73.966595	0.173446779841	7	0.279323275815	9	0.27927030656	3	3	2	1960	575000	78	1548	1950	93	39	57	73	51	50	32	16	41	18	20	201
30759744_zpid	30759744_zpid	11210	1052 E 43rd St, Brooklyn, NY 11210	40.629284	-73.935062	0.193988741475	7	0.818008252721	0	1.13396051431	0	3	1.5	1728	385000	54	2000	1930	16	1	9	18	6	24	14	13	13	5	6	48
62635772_zpid	62635772_zpid	10466	7 Harper Ct, Bronx, NY 10466	40.884519	-73.834915	0.642725912558	1	0.207860398628	3	0.543244390722	2	5	2	2166	175000	0	1615	1996	18	4	5	5	1	18	9	11	10	5	1	33
30766059_zpid	30766059_zpid	11236	246 E 86th St, Brooklyn, NY 11236	40.646667	-73.91847	0.389765230007	3	0.979698219939	0	1.40377032765	0	2	1	1296	255000	42	1437	1945	10	2	9	11	7	16	14	3	6	6	4	46
112080019_zpid	112080019_zpid	11249	162 N 12th St APT 2D, Brooklyn, NY 11249	40.7208641	-73.9555615	0.0890540249152	11	0.21295604998	3	0.379124914178	2	1	1	676	450000	56	5000	2011	232	220	24	48	8	104	60	48	36	152	4	292
29778303_zpid	29778303_zpid	10452	1294 Shakespeare Ave, Bronx, NY 10452	40.839669	-73.922166	0.25788806913	4	0.286440317697	7	0.371213872323	4	6	2	2000	460000	114	2850	1899	493	69	203	186	177	51	29	18	63	66	21	283
30645277_zpid	30645277_zpid	11208	226 Fountain Ave, Brooklyn, NY 11208	40.674415	-73.875422	0.160548345361	8	0.123683097744	4	0.299742480672	2	8	3	3420	490000	131	3998	1920	756	88	408	468	364	240	192	32	136	244	88	804
30770240_zpid	30770240_zpid	11236	1155 E 81st St, Brooklyn, NY 11236	40.631852	-73.907485	0.610296975374	5	0.622227448193	2	1.71512671987	0	3	2	1680	182000	192	2000	1965	43	6	14	19	10	64	27	4	28	6	7	61
30769123_zpid	30769123_zpid	11236	976 E 80th St, Brooklyn, NY 11236	40.633891	-73.911921	0.17657142499	5	0.192478333961	4	1.65598556905	0	4	3	3036	524000	2	2200	1960	116	28	60	64	32	248	108	40	92	36	28	308
30580289_zpid	30580289_zpid	11218	598 17th St, Brooklyn, NY 11218	40.656051	-73.979083	0.297751603174	8	0.152241517532	4	0.51452778196	1	6	7	3750	1780000	37	2003	1920	2	9	10	8	5	16	12	13	10	0	2	29
30658131_zpid	30658131_zpid	11203	268 E 45th St, Brooklyn, NY 11203	40.655414	-73.935889	0.452550421809	4	0.55148474988	1	1.20784202862	0	4	2	1780	370000	114	2183	1945	356	48	232	188	188	152	124	28	120	112	28	472
30607678_zpid	30607678_zpid	11206	648 Marcy Ave, Brooklyn, NY 11206	40.6921869	-73.948855	0.177250950884	10	0.580268650353	5	0.340043390791	2	3	3	2988	685000	105	1510	1952	56	21	52	80	36	26	12	14	26	22	18	112
30791436_zpid	30791436_zpid	11235	176 Pembroke St, Brooklyn, NY 11235	40.57905	-73.937324	0.588091733417	1	1.38266019001	0	1.66961904786	0	5	2	2332	825000	19	2700	1940	2	5	0	6	0	12	10	3	5	1	1	19
30761575_zpid	30761575_zpid	11210	36 Hubbard Pl, Brooklyn, NY 11210	40.624746	-73.93728	0.158048801258	2	0.830220545139	0	1.25595533265	0	3	1	1899	400000	13	4000	1915	248	28	108	136	76	136	136	56	84	44	36	276
30608638_zpid	30608638_zpid	11216	240 Lexington Ave, Brooklyn, NY 11216	40.68728	-73.952195	0.211264465661	11	0.233507050522	6	0.301484895824	2	5	3	2700	560000	139	1600	1899	148	119	89	120	82	36	33	17	36	53	37	245
