30719305_zpid	30719305_zpid	11204	1527 W 9th St, Brooklyn, NY 11204	40.6095726	-73.9826967	0.0719268078639	13	0.166152697068	7	0.266165695866	2	3	2	1344	754000	18	2000	1930	572	116	148	212	256	296	92	132	72	48	32	532
30747560_zpid	30747560_zpid	11229	2380 Knapp St, Brooklyn, NY 11229	40.594793	-73.933387	0.206493974176	7	0.646929626417	3	1.84120319716	0	3	2	1880	415000	4	2000	1955	7	14	0	4	2	7	16	5	17	3	2	32
30641400_zpid	30641400_zpid	11208	36 Logan St, Brooklyn, NY 11208	40.685956	-73.879242	0.292935767611	6	0.486697230727	4	0.51051114174	3	5	3	1672	260000	167	2738	1910	79	32	52	61	38	44	26	12	38	25	9	125
30651304_zpid	30651304_zpid	11203	53 E 54th St, Brooklyn, NY 11203	40.657854	-73.926836	0.24655259763	12	0.556652736869	4	0.843437820366	0	4	2	2068	550000	3	2200	1945	149	18	57	59	67	59	25	12	17	26	13	118
30792973_zpid	30792973_zpid	11229	2250 Plumb 2nd St, Brooklyn, NY 11229	40.59758	-73.931898	0.471063848714	6	0.44488534739	1	1.98342493349	0	2	2	868	360000	12	1799	1935	68	76	4	28	8	36	88	32	68	12	8	180
30591220_zpid	30591220_zpid	11213	1467 Dean St, Brooklyn, NY 11213	40.676555	-73.939706	0.147895171408	8	0.456546827735	6	0.387117123902	2	6	3	3400	420000	14	2251	1899	152	39	71	75	70	26	21	7	30	37	14	167
30718644_zpid	30718644_zpid	11230	1607 Mcdonald Ave, Brooklyn, NY 11230	40.613672	-73.973522	0.025190946908	8	0.390315439441	4	0.173085713399	3	6	2.5	3000	695000	17	2240	1931	31	7	13	25	16	45	24	24	11	8	6	73
30774454_zpid	30774454_zpid	11236	1148 E 98th St, Brooklyn, NY 11236	40.643415	-73.899346	0.147784664633	6	0.697598207729	1	0.41801721312	1	6	2	2200	490000	42	3840	1926	47	10	22	17	17	55	21	8	13	15	8	93
30669939_zpid	30669939_zpid	11230	685 E 18th St, Brooklyn, NY 11230	40.634073	-73.959891	0.27159225115	8	0.262440177402	4	0.26966105368	2	6	3	4917	1985000	0	5000	1915	81	21	69	62	72	31	24	25	20	18	4	87
30774915_zpid	30774915_zpid	11236	960 E 106th St, Brooklyn, NY 11236	40.646785	-73.892991	0.168610427071	4	0.143443779862	3	0.691843349396	2	4	3	1760	539000	0	2265	1960	144	32	84	60	44	100	48	12	44	28	32	308
30576021_zpid	30576021_zpid	11220	772 46th St, Brooklyn, NY 11220	40.64346	-74.00196	0.157928702761	8	0.0863947138569	8	0.706518102355	2	5	2.5	3480	1750000	0	2003	1925	65	25	32	45	28	66	49	17	22	4	4	132
30739031_zpid	30739031_zpid	11223	31 Lancaster Ave, Brooklyn, NY 11223	40.5929069	-73.963541	0.446564415652	13	0.602715456332	1	0.754697157569	0	3	1.5	3213	1065000	33	3000	1950	40	12	8	23	13	24	33	15	12	5	2	52
30793444_zpid	30793444_zpid	11229	19 Gain Ct, Brooklyn, NY 11229	40.586723	-73.922961	0.367553837789	1	1.50078123651	0	2.63716024791	0	3	2	1250	150000	262	1800	1920	2	3	1	13	0	0	30	9	20	2	5	36
30737973_zpid	30737973_zpid	11223	2227 West St, Brooklyn, NY 11223	40.5943471	-73.9707051	0.405458208351	3	0.683664420072	1	0.294505244542	3	6	3	2550	1147000	4	2000	1960	188	32	64	120	36	192	128	144	112	24	24	468
30601730_zpid	30601730_zpid	11233	1412 Herkimer St, Brooklyn, NY 11233	40.67704	-73.9068099	0.33049216062	4	0.316607831374	3	0.277098262931	9	5	4	2724	100000	13	1960	1910	612	72	396	540	344	128	120	64	180	236	88	600
29844626_zpid	29844626_zpid	10465	3551 E Tremont Ave, Bronx, NY 10465	40.830272	-73.825442	0.173848948749	4	0.403071263072	2	1.7687996542	0	3	2	5000	450000	224	4050	1920	8	16	4	15	4	16	28	28	12	3	4	55
30627528_zpid	30627528_zpid	11221	186 Linden St, Brooklyn, NY 11221	40.695163	-73.917294	0.287976301184	7	0.0403730699912	4	0.43988867064	4	12	4	4125	615000	17	3242	1920	102	34	81	105	69	23	38	8	60	32	29	149
30794176_zpid	30794176_zpid	11229	2822 Gerritsen Ave, Brooklyn, NY 11229	40.590957	-73.92348	0.148023922819	2	1.36656751478	0	2.63224270582	0	3	2	1140	368000	51	1350	1955	1	6	1	13	0	1	28	9	20	1	4	34
30705307_zpid	30705307_zpid	11228	7423 11th Ave, Brooklyn, NY 11228	40.622905	-74.011483	0.523702140139	6	0.459429793163	3	1.07690724632	0	2	3	2340	1248000	0	2674	1925	12	10	6	19	5	46	47	36	14	2	4	67
30762919_zpid	30762919_zpid	11234	2067 Schenectady Ave, Brooklyn, NY 11234	40.621555	-73.929712	0.250509217555	9	0.337981565997	2	1.96769258533	0	3	2	1885	200000	324	2160	1955	16	36	1	18	10	44	37	19	20	7	2	153
30753634_zpid	30753634_zpid	11210	1213 E 35th St, Brooklyn, NY 11210	40.624449	-73.941281	0.284413521838	3	0.620544266646	2	1.07725993949	0	1	1	2156	175000	231	2613	1915	480	48	240	200	184	288	192	64	132	64	40	464
29826642_zpid	29826642_zpid	10467	767 E 213th St, Bronx, NY 10467	40.8784818	-73.862141	0.329276853087	4	0.281932381022	2	0.373013019487	3	6	3	2680	649000	0	2800	1970	163	15	66	70	52	52	18	4	22	32	15	154
30695821_zpid	30695821_zpid	11209	349 77th St, Brooklyn, NY 11209	40.629862	-74.02674	0.216523907395	20	0.32462644367	5	0.104770413958	2	5	2	2850	973000	29	3097	1905	90	53	46	35	26	49	62	56	20	19	8	180
29843031_zpid	29843031_zpid	10461	1438 Hollywood Ave, Bronx, NY 10461	40.84251	-73.826911	0.299620190051	4	0.264966322312	1	0.675389847839	1	3	2	1474	380000	14	5000	1930	31	10	6	9	13	35	27	12	5	5	1	53
29831962_zpid	29831962_zpid	10466	746 E 223rd St, Bronx, NY 10466	40.885662	-73.859728	0.161203991545	5	0.146177822325	1	0.267731305914	2	5	3	1980	575000	0	2856	1915	167	13	75	91	72	53	18	8	33	53	12	131
30692919_zpid	30692919_zpid	11209	7024 Colonial Rd, Brooklyn, NY 11209	40.6361741	-74.032002	0.181372130688	9	0.390583047391	4	0.740898867234	1	3	1.5	1330	685000	37	1441	1925	115	7	17	25	22	35	21	89	18	5	2	84
30793824_zpid	30793824_zpid	11229	12 Lacon Ct, Brooklyn, NY 11229	40.589718	-73.929258	0.483628605953	3	0.895972440531	0	2.12801973986	0	4	3	1296	580000	3	3570	1925	4	12	4	24	4	4	72	24	52	4	12	100
30791059_zpid	30791059_zpid	11235	166 Girard St, Brooklyn, NY 11235	40.578524	-73.945822	0.59324761944	3	1.07774430678	0	1.16828263998	0	4	4	1870	980000	142	4000	2005	72	24	12	32	20	24	100	36	80	4	4	124
30763657_zpid	30763657_zpid	11234	1219 E 59th St, Brooklyn, NY 11234	40.62356	-73.918391	0.256202688506	6	0.703982931323	2	2.67835585237	0	3	1.5	1296	500000	110	2000	1960	60	32	40	36	28	140	84	84	72	40	28	440
30733904_zpid	30733904_zpid	11224	4909 Beach 49th St, Brooklyn, NY 11224	40.578046	-74.011716	0.151889115683	1	0.831665035026	0	2.57826871747	0	5	4	3361	737000	21	4563	1965	28	20	12	60	16	0	24	0	16	4	4	36
83049819_zpid	83049819_zpid	11233	1774A Pacific St, Brooklyn, NY 11233	40.6762749	-73.929113	0.237802562444	8	0.416420915684	4	0.369951345317	2	8	4	3400	1024998	2	1830	2006	56	19	42	50	37	11	13	1	18	21	8	90
29821422_zpid	29821422_zpid	10469	2592 Stedman Pl, Bronx, NY 10469	40.864932	-73.850807	0.651704732077	1	0.625382645702	2	0.632589540246	1	3	1	1584	325000	49	1786	1960	20	10	10	9	6	34	24	17	28	7	6	75
30710634_zpid	30710634_zpid	11228	8416 14th Ave, Brooklyn, NY 11228	40.6137	-74.01111	0.185827761102	4	0.349530059249	1	0.887573706057	0	3	2	2310	770000	13	2000	1930	8	14	2	13	1	29	41	28	25	7	7	60
30624430_zpid	30624430_zpid	11206	59 Montrose Ave, Brooklyn, NY 11206	40.7071624	-73.94763	0.346579038847	13	0.22315985612	10	0.277273577908	4	6	4	3750	28600	101	2500	1910	61	96	29	50	33	13	32	12	26	10	5	146
30733935_zpid	30733935_zpid	11224	4703 Beach 47th St, Brooklyn, NY 11224	40.5765619	-74.0120225	0.311603357548	1	0.859318147769	0	2.60503633603	0	10	7.5	3330	1500000	13	15245.999999999998	1930	4	5	2	13	3	0	6	0	4	1	0	8
29854011_zpid	29854011_zpid	10471	6218 Spencer Ave, Bronx, NY 10471	40.91144	-73.897871	0.34919368316	11	0.369224214647	5	1.53177922817	0	5	3.5	2080	717500	33	3742	1927	7	6	6	7	3	6	14	9	6	1	2	28
30721688_zpid	30721688_zpid	11223	1800 W 7th St, Brooklyn, NY 11223	40.6034555	-73.980063	0.217264639998	6	0.238724523404	2	0.0575247120535	3	3	1.5	1370	790000	5	1179	1920	336	112	172	104	132	420	120	248	92	60	24	444
30779563_zpid	30779563_zpid	11236	1458 E 104th St, Brooklyn, NY 11236	40.637623	-73.8853029	0.507335857844	5	0.579672334979	2	1.72170430389	0	3	2	1584	370000	140	2200	1960	64	16	48	44	8	28	28	16	52	8	8	128
30604214_zpid	30604214_zpid	11221	774 Putnam Ave, Brooklyn, NY 11221	40.686001	-73.930833	0.109516994105	8	0.0903386821435	3	0.738879620543	1	2	1	1878	765000	2	1700	1899	131	30	65	109	74	34	23	7	23	42	24	165
30756144_zpid	30756144_zpid	11234	1553 E 32nd St, Brooklyn, NY 11234	40.615186	-73.942001	0.310519417867	2	0.307974651468	3	1.49486725618	0	2	1	1600	297000	186	2500	1930	40	40	24	44	12	100	68	68	96	16	16	256
29846196_zpid	29846196_zpid	10465	712 Vincent Ave, Bronx, NY 10465	40.829171	-73.816601	0.523107215592	5	0.595468955383	2	2.33100911216	0	4	3	3000	755000	35	5000	2005	24	12	12	40	0	48	52	132	56	4	16	168
30787929_zpid	30787929_zpid	11234	16 Montana Pl, Brooklyn, NY 11234	40.60645	-73.90367	1.2772926788	0	1.29533642472	0	4.478129607	0	3	3	3778	2175000	0	4300	1965	0	1	0	4	0	0	6	1	6	2	0	8
29778479_zpid	29778479_zpid	10452	1368 Plimpton Ave, Bronx, NY 10452	40.841783	-73.923185	0.451112757798	4	0.139451016963	5	0.492448524988	2	2	1	1000	95000	16	1900	1899	367	39	148	134	130	45	22	12	57	40	12	192
30641656_zpid	30641656_zpid	11208	103 Hemlock St, Brooklyn, NY 11208	40.687544	-73.871758	0.17374976473	6	0.254443290027	5	0.275079942989	3	4	4	2000	473800	14	1963	1925	83	34	56	78	40	63	38	15	44	37	7	180
30605223_zpid	30605223_zpid	11233	698 Halsey St, Brooklyn, NY 11233	40.684309	-73.925811	0.329699874107	8	0.438583932173	3	0.663474334336	3	5	5	2376	1300000	20	1667	1899	134	62	85	97	60	15	14	13	41	33	25	158
30773474_zpid	30773474_zpid	11236	544 E 99th St, Brooklyn, NY 11236	40.6483009	-73.9034609	0.217038406798	4	0.718390195934	1	0.228304111375	2	3	1.5	2184	214000	309	2917	1950	31	6	19	25	14	50	18	8	6	13	6	73
30671697_zpid	30671697_zpid	11218	3801 Fort Hamilton Pkwy, Brooklyn, NY 11218	40.6433083	-73.9897157	0.421992068997	3	0.380763913277	4	0.469965653276	2	6	3	3802	450500	160	1946	1931	84	44	64	104	64	184	124	184	4	28	0	300
30651630_zpid	30651630_zpid	11212	247 E 95th St APT 1F, Brooklyn, NY 11212	40.6604635	-73.9219577	0.0270890954585	10	0.269971073267	6	0.482736829287	2	6	4	3198	440000	28	1089000	1931	583	23	220	220	184	62	24	9	42	81	30	288
30791394_zpid	30791394_zpid	11235	1602 Shore Blvd, Brooklyn, NY 11235	40.5805999	-73.93885	0.924959076765	0	1.19807049339	0	1.47154926216	0	3	3	3360	1479000	0	2448	1998	36	28	24	56	32	48	60	16	80	8	4	152
30788542_zpid	30788542_zpid	11234	2507 E 63rd St, Brooklyn, NY 11234	40.610156	-73.909623	0.684469329642	1	0.788689811165	0	4.0760494798	0	3	2	1188	515000	104	1800	1960	2	6	3	3	3	16	8	14	16	1	1	27
30676265_zpid	30676265_zpid	11230	96 Parkville Ave, Brooklyn, NY 11230	40.6291968	-73.9744771	0.125387059225	7	0.260686953562	8	0.217662427799	2	13	6	3040	775500	57	2178	1930	280	156	124	156	148	164	124	232	60	32	36	364
30674676_zpid	30674676_zpid	11218	342 E 9th St, Brooklyn, NY 11218	40.640188	-73.970355	0.30051384557	9	0.0819074403181	5	0.552179049875	2	9	5	2800	499000	14	2178	1930	852	224	316	328	180	224	152	260	116	76	40	848
30658766_zpid	30658766_zpid	11203	188 E 34th St, Brooklyn, NY 11203	40.652348	-73.9461479	0.383376441572	4	0.358709929374	6	0.334431044761	2	5	2	2400	730000	3	2300	1910	110	20	59	75	55	60	13	7	20	29	6	111
30597050_zpid	30597050_zpid	11213	888 Eastern Pkwy, Brooklyn, NY 11213	40.668749	-73.938884	0.0799226618514	11	0.276434350793	7	0.305530870688	2	4	3.5	3168	780000	56	2420	1901	357	49	139	164	168	54	56	17	41	53	40	280
29826506_zpid	29826506_zpid	10467	670 E 222nd St, Bronx, NY 10467	40.885824	-73.8629179	0.132892065291	4	0.221609145792	1	0.221567926676	2	4	2	1400	318000	134	2178	1916	96	8	38	58	63	48	13	4	24	21	5	104
30732922_zpid	30732922_zpid	11224	3506 Neptune Ave, Brooklyn, NY 11224	40.576854	-74.001274	0.639833304308	1	0.080694898848	2	1.6956577627	0	4	2	1690	350000	3	2350	1920	51	19	14	36	13	5	22	10	18	14	1	61
30698759_zpid	30698759_zpid	11209	8514 Narrows Ave, Brooklyn, NY 11209	40.625928	-74.039264	0.751209643616	0	0.903417676378	0	0.986425556983	0	4	3.5	3675	1575000	56	4725	1940	11	7	0	10	1	15	19	11	6	2	1	40
30650879_zpid	30650879_zpid	11212	1007 Winthrop St, Brooklyn, NY 11212	40.66024	-73.926281	0.208297542747	11	0.356559263081	5	0.585839882425	1	3	1	3308	1500000	0	1900	1925	395	13	123	126	121	45	12	6	30	51	22	203
30740469_zpid	30740469_zpid	11235	1 Brighton 3rd Rd, Brooklyn, NY 11235	40.5821689	-73.9655276	0.252686204635	10	0.494217838466	7	0.616889881898	2	2	1	969	999000	11	1024	1910	204	120	140	220	84	220	152	84	92	40	76	584
30752351_zpid	30752351_zpid	11210	1066 E 27th St, Brooklyn, NY 11210	40.624798	-73.949722	0.245090101918	2	0.388959854617	2	0.911878774074	0	3	2.5	2504	800000	41	2482	1925	240	28	144	92	92	184	100	40	136	28	16	332
30692322_zpid	30692322_zpid	11209	6922 Narrows Ave, Brooklyn, NY 11209	40.637712	-74.034351	0.410116990561	4	0.622316226152	1	0.976100016857	0	6	2	3014	999000	0	1793	1925	66	3	6	14	8	24	16	60	9	2	1	41
30732188_zpid	30732188_zpid	11224	3853 Ocean View Ave, Brooklyn, NY 11224	40.580459	-74.008092	0.263597886668	1	0.623931404932	1	2.25840003247	0	4	3	4212	830000	43	4400	1960	40	28	12	40	20	4	44	0	36	8	8	72
30706545_zpid	30706545_zpid	11228	1367 77th St, Brooklyn, NY 11228	40.618249	-74.006736	0.190505886781	10	0.380452409708	3	0.681687263521	2	3	2	1561	855000	17	2267	1925	13	12	7	23	8	48	48	50	22	2	3	79
30602972_zpid	30602972_zpid	11221	737 Lexington Ave, Brooklyn, NY 11221	40.690128	-73.931584	0.373481085607	9	0.416434577323	4	0.427400529361	1	8	3	3000	350000	136	2000	1899	864	260	432	540	488	220	124	68	144	240	180	1116
30566247_zpid	30566247_zpid	11201	202 Front St, Brooklyn, NY 11201	40.702176	-73.984287	0.234094803465	6	0.6926090983	1	0.225301367652	2	2	2	2310	989000	19	1113	1899	6	39	3	11	0	23	28	9	11	2	3	56
30785453_zpid	30785453_zpid	11234	1896 E 51st St, Brooklyn, NY 11234	40.613897	-73.925605	0.472891059837	6	1.04110133977	0	2.7833882393	0	3	2.5	1800	440000	60	2003	1960	14	17	7	12	8	30	30	21	17	7	7	91
30690418_zpid	30690418_zpid	11219	1173 Bay Ridge Ave, Brooklyn, NY 11219	40.625315	-74.006337	0.232198592507	7	0.407907173335	5	0.680935325897	1	6	3	1648	742000	36	4454	1955	30	9	12	13	8	29	35	39	8	3	14	83
29846370_zpid	29846370_zpid	10465	620 Vincent Ave, Bronx, NY 10465	40.827478	-73.8151479	0.55727232805	2	0.672959923684	1	2.55091943212	0	2	1	1852	410000	7	3200	1920	44	12	24	44	0	28	52	72	52	0	16	144
30766725_zpid	30766725_zpid	11236	530 E 80th St, Brooklyn, NY 11236	40.639862	-73.918567	0.595018426539	5	0.677692178371	1	1.60171821077	0	6	4	2256	170000	16	2343	1960	16	5	13	13	6	19	23	8	16	3	5	47
30784336_zpid	30784336_zpid	11234	1848 Hendrickson St, Brooklyn, NY 11234	40.614728	-73.929849	0.173900065078	4	0.692668598274	1	2.45752621174	0	5	3	1960	640000	100	2650	1940	44	160	8	24	12	100	108	84	80	8	8	360
30721536_zpid	30721536_zpid	11223	1774 W 9th St, Brooklyn, NY 11223	40.603803	-73.982094	0.148216566307	7	0.347883153226	1	0.147748886837	2	4	3.5	2085	595000	57	1700	1910	79	25	42	25	34	75	29	42	19	12	5	95
30655035_zpid	30655035_zpid	11203	338 E 57th St, Brooklyn, NY 11203	40.6475442	-73.923388	0.340027244122	8	0.641135977791	2	1.65918505465	0	3	2	1925	498200	121	2000	1930	66	8	22	22	23	31	27	7	10	15	9	89
30596432_zpid	30596432_zpid	11213	1332 Park Pl, Brooklyn, NY 11213	40.672303	-73.933205	0.139804284914	10	0.227912592433	4	0.37980388379	1	4	3.5	1614	930000	12	1275	1901	394	35	189	194	192	38	33	14	43	65	22	283
29815389_zpid	29815389_zpid	10461	1621 Mayflower Ave, Bronx, NY 10461	40.844181	-73.834988	0.127732769242	6	0.773188247715	0	0.117784790531	2	3	2	1472	390000	36	2613	1915	92	12	18	15	13	23	24	12	11	16	6	98
29837905_zpid	29837905_zpid	10466	2129 Edenwald Ave, Bronx, NY 10466	40.894193	-73.839044	0.657926833519	1	0.462415618146	3	0.952719123769	0	3	2	1025	345000	73	3746	1940	31	2	7	10	2	52	31	11	21	7	4	45
29851624_zpid	29851624_zpid	10463	2740 Netherland Ave, Bronx, NY 10463	40.88035	-73.913254	0.356715209599	9	0.630110445011	3	0.697529187606	4	3	3	3500	1250000	11	4000	1999	67	18	12	33	18	22	33	17	12	6	6	79
30711177_zpid	30711177_zpid	11228	8513 11th Ave, Brooklyn, NY 11228	40.616873	-74.0178059	0.438084648811	1	0.775269834686	0	1.10449214616	0	3	1	1472	350000	28	2325	1920	9	5	3	7	1	16	29	8	9	2	1	27
29784475_zpid	29784475_zpid	10458	2411 Lorillard Pl, Bronx, NY 10458	40.85683	-73.889155	0.0917845317492	10	0.200852091039	3	0.52911161911	1	5	4.5	2140	300000	146	2252	1910	449	78	176	207	197	26	41	17	50	74	29	339
30644936_zpid	30644936_zpid	11208	188 Fountain Ave, Brooklyn, NY 11208	40.675556	-73.8756949	0.208237247813	8	0.158334141169	5	0.303651703489	3	2	1	961	130000	75	2000	1920	164	21	83	94	67	54	50	9	41	47	15	189
30769991_zpid	30769991_zpid	11236	1067 E 85th St, Brooklyn, NY 11236	40.635103	-73.906094	0.405223481535	8	0.525736003567	2	1.33488930244	0	5	3	2840	640000	8	2833	1970	46	7	17	26	9	73	25	13	32	7	10	88
30778590_zpid	30778590_zpid	11236	1315 E 101st St, Brooklyn, NY 11236	40.63889	-73.889725	0.470665140476	5	0.297816165953	3	1.34011603892	0	3	1.5	1416	433000	60	4150	1960	29	5	25	23	3	20	15	13	14	7	2	67
30642238_zpid	30642238_zpid	11208	272 Etna St, Brooklyn, NY 11208	40.686553	-73.873719	0.299483995273	4	0.223042088705	4	0.373963673053	2	6	3	2080	640000	109	1709	1910	105	39	67	86	53	63	37	17	58	45	9	193
30684407_zpid	30684407_zpid	11219	1447 45th St, Brooklyn, NY 11219	40.635375	-73.986197	0.147264549485	2	0.406579008755	7	0.676946411527	2	6	2	2160	1100000	1	2178	1910	73	9	23	46	17	23	89	51	14	8	7	111
30702376_zpid	30702376_zpid	11209	5 Jackson Ct, Brooklyn, NY 11209	40.6116839	-74.032636	0.228299191681	6	0.54726089665	2	0.513790979095	1	3	3	1782	950000	0	1295	1940	38	13	12	11	10	30	25	25	5	6	4	46
30628391_zpid	30628391_zpid	11221	1222 Putnam Ave, Brooklyn, NY 11221	40.691092	-73.91541	0.15448108962	8	0.459528590297	5	0.540833412353	2	3	2	4544	2200000	17	6500	1931	181	42	118	153	111	47	42	9	72	61	53	208
30611281_zpid	30611281_zpid	11216	75 Herkimer St, Brooklyn, NY 11216	40.679922	-73.950816	0.247567478501	11	0.155801742968	9	0.117803142469	4	6	4.5	5275	1200000	9	2500	1899	287	169	124	179	143	28	56	21	61	67	41	290
29840403_zpid	29840403_zpid	10466	959 E 241st St, Bronx, NY 10466	40.902339	-73.84425	0.316743310904	4	0.546145484739	2	0.543052610849	1	8	4	3190	396354	26	2400	1931	44	6	23	22	10	14	25	11	14	7	1	54
30742044_zpid	30742044_zpid	11229	2036 E 21st St, Brooklyn, NY 11229	40.602933	-73.95133	0.427299081881	1	0.480824379665	3	0.560939440627	1	3	3	1668	750000	22	2500	1930	109	40	33	34	43	79	61	17	21	10	6	164
30614417_zpid	30614417_zpid	11217	128 S Oxford St, Brooklyn, NY 11217	40.6853588	-73.9734623	0.184624017451	11	0.32796362045	2	0.0933592406015	10	3	2.5	1800	2525000	17	1250	1899	40	67	24	29	15	14	15	29	18	11	21	116
30755689_zpid	30755689_zpid	11210	1457 E 27th St, Brooklyn, NY 11210	40.615494	-73.94736	0.431311402211	3	0.529991567608	3	1.04442032594	0	3	1.5	1472	595000	19	2000	1910	60	8	4	36	16	64	64	48	32	0	16	140
30656479_zpid	30656479_zpid	11203	1309 Schenectady Ave, Brooklyn, NY 11203	40.640773	-73.931808	0.180938378792	7	1.02806280163	0	1.40533301118	0	3	1	1280	210000	22	2400	1935	33	21	12	22	13	48	31	12	25	15	7	114
30595456_zpid	30595456_zpid	11225	217 Lincoln Rd, Brooklyn, NY 11225	40.661502	-73.955304	0.394410377718	8	0.423648090188	7	0.400639974432	3	6	3	2704	2599900	0	2051	1905	523	98	196	161	177	27	41	18	52	63	23	297
30653424_zpid	30653424_zpid	11203	458 E 49th St, Brooklyn, NY 11203	40.650692	-73.931572	0.0959688905263	5	0.0907214365836	3	1.52058078697	0	4	2	1318	360400	17	2000	1920	177	18	78	73	85	69	29	7	32	35	13	188
30719214_zpid	30719214_zpid	11204	1556 W 9th St, Brooklyn, NY 11204	40.608887	-73.983054	0.15396481485	14	0.245294237611	7	0.34785261365	2	3	1.5	1372	570000	39	2395	1925	80	23	31	37	47	63	20	29	16	8	5	103
79712091_zpid	79712091_zpid	11215	425 14th St APT C4, Brooklyn, NY 11215	40.6629814	-73.9821826	0.115196648394	14	0.0884363142342	6	0.32693529341	2	1	1	900	455000	110	8000	1920	67	62	23	50	21	35	54	28	27	9	12	140
30718645_zpid	30718645_zpid	11230	1605 Mcdonald Ave, Brooklyn, NY 11230	40.613722	-73.973585	0.0185418407947	8	0.387016011467	4	0.166106911729	3	6	3	3000	475000	49	1640	1931	31	7	13	25	16	45	24	24	11	8	6	73
30732284_zpid	30732284_zpid	11224	3841 Maple Ave, Brooklyn, NY 11224	40.579379	-74.007683	0.257314191852	1	0.535417376213	1	2.24690705716	0	4	2	2152	171000	273	1000	1925	60	36	24	64	28	4	56	4	36	8	8	116
30606614_zpid	30606614_zpid	11233	806 Herkimer St, Brooklyn, NY 11233	40.678187	-73.926698	0.274708425102	5	0.252147733492	3	0.364656854611	2	5	2.5	1470	378500	31	1237	1901	100	52	69	86	66	17	16	5	29	38	16	150
30762855_zpid	30762855_zpid	11234	1596 E 46th St, Brooklyn, NY 11234	40.621646	-73.9313449	0.204067678236	10	0.371958134504	2	1.85675173017	0	2	2	900	225000	184	2700	1935	35	21	14	23	19	40	35	20	20	8	0	141
68310277_zpid	68310277_zpid	10457	2290 Beaumont Ave, Bronx, NY 10457	40.8518182	-73.88537	0.240284101642	8	0.2439303019	2	1.1589080896	0	7	5	3112	400000	47	1600	2005	87	22	49	57	39	16	6	1	26	26	11	89
30591771_zpid	30591771_zpid	11216	775 Prospect Pl # 1, Brooklyn, NY 11216	40.674585	-73.95077	0.117911981493	10	0.0801497111877	4	0.474149041445	5	7	3	2880	434900	57	2000	1910	395	102	206	240	215	37	47	15	56	81	44	313
30762522_zpid	30762522_zpid	11234	1283 E 55th St, Brooklyn, NY 11234	40.625479	-73.922431	0.182354387833	7	0.429379301184	2	2.28197222543	0	3	2	1288	398000	30	4000	1955	20	14	22	15	11	48	23	26	19	14	9	84
30746867_zpid	30746867_zpid	11229	2325 E 17th St, Brooklyn, NY 11229	40.593872	-73.953223	0.156486759993	14	0.231735012927	6	0.224121439516	2	2	2	1012	590000	14	2199	1945	340	60	92	116	116	136	92	76	88	52	16	356
30782072_zpid	30782072_zpid	11234	2068 E 67th St, Brooklyn, NY 11234	40.61804	-73.910925	0.0706457146838	7	0.155906130736	1	3.27626041499	0	2	1	850	250000	168	2000	1930	17	12	12	15	7	21	21	12	21	2	6	71
30793765_zpid	30793765_zpid	11229	1 Hazel Ct, Brooklyn, NY 11229	40.5902555	-73.9276973	0.366723470569	2	1.01665660637	0	2.26768188194	0	5	3	1079	520150	11	3570	1925	1	5	1	12	1	1	22	9	20	2	3	32
30607764_zpid	30607764_zpid	11221	841 Dekalb Ave, Brooklyn, NY 11221	40.69261	-73.942596	0.294811376085	9	0.0679452561692	5	0.630243554762	1	3	1.5	1100	696381	62	2200	1931	91	38	40	78	48	19	21	6	16	26	19	136
30706446_zpid	30706446_zpid	11228	1127 77th St, Brooklyn, NY 11228	40.621539	-74.012157	0.424139205279	5	0.49481201808	2	1.14398497008	0	3	1	1232	765000	2	2178	1930	7	14	2	19	3	39	50	22	18	2	5	56
30619406_zpid	30619406_zpid	11211	172 S 4th St, Brooklyn, NY 11211	40.7110546	-73.9611998	0.197831862992	13	0.366455341733	5	0.411867927023	1	7	4	3362	300000	139	1449	1899	456	840	324	544	256	100	196	140	144	112	96	1100
30739772_zpid	30739772_zpid	11235	705 Dunne Ct, Brooklyn, NY 11235	40.5900959	-73.9623145	0.287965624993	9	0.795227212363	0	0.776320712565	0	6	5	2200	994900	0	2000	1930	35	11	10	14	10	39	30	23	16	4	3	52
29844394_zpid	29844394_zpid	10465	1617 Bayview Ave, Bronx, NY 10465	40.846719	-73.817637	1.0507846995	0	0.724575732774	1	1.05453040648	0	3	2.5	1944	525000	10	2600	1960	1	2	2	4	0	14	17	15	5	1	0	29
30671697_zpid	30671697_zpid	11218	3801 Fort Hamilton Pkwy, Brooklyn, NY 11218	40.6433083	-73.9897157	0.421992068997	3	0.380763913277	3	0.469965653276	2	6	3	3802	450500	160	1946	1931	84	44	64	104	64	184	124	184	4	28	0	300
30638697_zpid	30638697_zpid	11207	353 Warwick St, Brooklyn, NY 11207	40.675126	-73.886042	0.287102908164	7	0.460698492177	6	0.460340721279	4	5	3	2400	415000	14	2250	1910	50	21	42	50	35	56	29	13	34	25	11	144
30667542_zpid	30667542_zpid	11226	321 E 18th St, Brooklyn, NY 11226	40.643299	-73.961605	0.217320598848	10	0.241872042318	5	0.265391264336	2	6	3	2967	850000	113	5000	1899	497	88	284	278	300	42	31	22	74	81	11	411
30626071_zpid	30626071_zpid	11221	232 Central Ave, Brooklyn, NY 11221	40.697325	-73.92433	0.238177535574	14	0.17413528986	7	0.265537492181	3	9	3	2100	638600	98	2055	1998	528	228	252	368	252	208	88	76	172	140	96	728
29833788_zpid	29833788_zpid	10466	1058 E 232nd St, Bronx, NY 10466	40.889003	-73.846786	0.264920097965	5	0.0847437640545	3	1.01309674333	0	6	4	3150	555000	4	4164	2010	42	14	22	22	11	67	20	4	31	14	9	66
30762916_zpid	30762916_zpid	11234	2077 Schenectady Ave, Brooklyn, NY 11234	40.621349	-73.929759	0.242561848108	9	0.357737576929	2	1.97937551005	0	3	3	1885	569999	0	1999	1955	16	37	1	18	10	43	39	18	20	7	2	152
