30670874_zpid	30670874_zpid	11218	108 Seeley St, Brooklyn, NY 11218	40.653615	-73.9781299	0.171731281236	8	0.353831041306	3	0.469829288379	1	5	3	3000	1415000	10	1800	1910	8	16	12	15	8	21	18	25	15	1	4	50
30589888_zpid	30589888_zpid	11238	168 Saint Marks Ave, Brooklyn, NY 11238	40.678751	-73.970911	0.206759567157	18	0.211674230667	5	0.193768585033	4	7	3.5	3600	4000000	6	2000	1910	91	45	29	44	21	12	35	16	20	12	8	103
30665961_zpid	30665961_zpid	11226	152 E 21st St, Brooklyn, NY 11226	40.6507052	-73.960322	0.0874708368426	11	0.326635493378	7	0.225531490556	2	3	3	1376	542000	13	696960	1935	588	96	398	352	382	43	48	28	84	106	18	503
30626180_zpid	30626180_zpid	11221	28 Kossuth Pl, Brooklyn, NY 11221	40.693421	-73.926803	0.180047217504	9	0.0885562053939	5	0.169963133184	3	6	4	2100	900000	9	2003	1915	206	88	80	113	112	50	41	21	44	42	33	293
30625709_zpid	30625709_zpid	11221	1271 Dekalb Ave, Brooklyn, NY 11221	40.696985	-73.926773	0.224541037003	14	0.150913118322	6	0.110436681307	3	5	2	1512	1100000	0	1916	1930	134	85	61	89	61	51	33	19	42	37	29	214
30736740_zpid	30736740_zpid	11223	82 Lake Pl, Brooklyn, NY 11223	40.594901	-73.9788933	0.260736044002	6	0.152747319787	3	0.249069363193	5	8	2.5	1680	667800	77	1772	1930	34	14	6	28	9	40	20	31	20	5	6	67
29847726_zpid	29847726_zpid	10465	2811 Barkley Ave # 1, Bronx, NY 10465	40.829841	-73.829386	0.241457682341	2	0.609222357058	1	1.60318414272	0	6	4	3264	620000	33	2625	2004	10	13	8	7	4	10	22	15	7	1	6	45
30748307_zpid	30748307_zpid	11235	2430 E 28th St, Brooklyn, NY 11235	40.592756	-73.942697	0.167744406004	13	0.206980646154	3	1.08942542932	0	3	1.5	3128	775000	14	2200	1945	47	12	13	11	7	16	18	23	17	2	1	55
30656207_zpid	30656207_zpid	11203	757 E 51st St, Brooklyn, NY 11203	40.642785	-73.9281139	0.065624660663	5	0.824185078841	0	1.74294538409	0	3	3	1170	420000	15	2000	1925	440	92	104	88	84	148	148	52	64	44	28	480
30728195_zpid	30728195_zpid	11223	2193 Coney Island Ave, Brooklyn, NY 11223	40.603663	-73.961236	0.452945252993	9	0.239114164051	5	0.628358231207	2	9	6	3120	810000	40	2483	1932	53	13	17	27	16	24	15	7	16	7	3	72
30740107_zpid	30740107_zpid	11235	2535 E 6th St, Brooklyn, NY 11235	40.5880902	-73.9638733	0.277550101124	7	0.698365215871	1	0.832246763395	0	4	3	2040	600000	31	1916	1920	80	40	36	56	28	152	156	76	56	28	12	228
83044611_zpid	83044611_zpid	11213	1285 Saint Johns Pl, Brooklyn, NY 11213	40.671132	-73.935639	0.177871347377	14	0.196936388217	6	0.337276727142	2	8	6	4326	365000	48	3156	2003	467	58	199	218	222	40	41	17	44	75	37	311
30673648_zpid	30673648_zpid	11218	267 Dahill Rd, Brooklyn, NY 11218	40.64086	-73.97982	0.150115404331	10	0.193694421556	10	0.354310382338	2	4	2.75	1836	650000	14	1783	1920	91	29	35	49	42	63	56	75	20	13	9	183
30633888_zpid	30633888_zpid	11207	31 Bradford St, Brooklyn, NY 11207	40.678914	-73.893493	0.0667539148161	5	0.0820902984953	4	0.202570903047	4	3	2	1438	225000	60	2500	1901	102	37	68	78	56	73	48	36	44	34	12	162
30793453_zpid	30793453_zpid	11229	20 Gain Ct, Brooklyn, NY 11229	40.5867549	-73.9226879	0.361145367341	1	1.52129198758	0	2.66022309463	0	4	2	1600	649000	0	1800	1997	2	3	1	13	0	0	29	9	20	2	5	36
30763057_zpid	30763057_zpid	11234	1543 E 49th St, Brooklyn, NY 11234	40.623086	-73.928039	0.146200591976	8	0.117488296369	1	1.98014338985	0	6	3	2409	683400	15	2667	1920	8	33	8	14	8	50	35	19	16	6	5	122
30789333_zpid	30789333_zpid	11235	6 Brighton 7th Ln, Brooklyn, NY 11235	40.5803816	-73.9611733	0.131006442472	10	0.102383612727	5	0.302559609872	1	2	1.5	797	140000	51	1800	1910	864	236	272	376	216	328	224	124	196	132	108	1068
30650521_zpid	30650521_zpid	11212	36 E 95th St, Brooklyn, NY 11212	40.664243	-73.926882	0.154000036386	13	0.156950518913	7	0.355419796905	2	7	4	3751	420000	138	2700	1930	1180	48	408	400	376	136	44	24	112	172	52	688
29852756_zpid	29852756_zpid	10471	4701 Fieldston Rd, Bronx, NY 10471	40.895898	-73.903774	0.723987013434	1	1.06926526212	0	0.808604965398	0	4	3.5	2864	1210000	57	9801	1930	0	0	16	16	8	4	60	8	20	0	0	52
79726676_zpid	79726676_zpid	11208	964 Hemlock St, Brooklyn, NY 11208	40.6649101	-73.8666427	0.368525493236	1	0.0434818734775	4	1.25315706187	0	6	3	2537	605000	110	1800	2005	21	4	7	11	6	13	21	5	7	6	1	53
89070760_zpid	89070760_zpid	11212	1363 E New York Ave, Brooklyn, NY 11212	40.6692979	-73.9179546	0.399373186078	8	0.313969843758	5	0.646237182018	1	10	6	2880	350000	7	1600	2008	44	13	20	32	12	13	23	5	20	7	7	69
30757561_zpid	30757561_zpid	11234	1756 E 35th St, Brooklyn, NY 11234	40.612972	-73.936586	0.233104904303	4	0.135346761507	2	1.85672055505	0	3	2.5	1092	420000	8	1800	1935	12	52	16	44	12	80	96	88	140	16	4	244
30626043_zpid	30626043_zpid	11221	81 Stanhope St, Brooklyn, NY 11221	40.696732	-73.92466	0.277658774702	15	0.20146585152	7	0.262762495985	3	2	1	1683	1475000	23	5000	1901	168	64	69	105	72	54	25	21	50	33	29	219
30721341_zpid	30721341_zpid	11223	37 Highlawn Ave, Brooklyn, NY 11223	40.6029254	-73.9849216	0.372922083088	9	0.536407077708	6	0.401778464899	2	5	4	2622	665000	69	1500	1920	212	96	92	52	64	192	88	144	48	32	16	260
30647372_zpid	30647372_zpid	11207	720 Alabama Ave, Brooklyn, NY 11207	40.658426	-73.894102	0.769815143648	0	0.34077493034	3	0.434561999592	2	3	2	2320	397500	136	2400	1925	119	10	77	79	60	28	42	15	22	43	10	154
30692395_zpid	30692395_zpid	11220	126 Bay Ridge Ave, Brooklyn, NY 11220	40.637065	-74.031098	0.243039411861	10	0.339888605569	4	0.692793034514	1	6	2	2512	998000	16	1958	1930	172	56	88	96	56	88	76	84	24	36	4	220
2099545452_zpid	2099545452_zpid	11235	2600 East 28th Street, Brooklyn, NY 11235	40.5893244	-73.9417684	0.187262079155	8	0.288205353506	3	1.08145417923	0	3	3	1932	679000	0	1520	1950	63	15	18	21	13	35	28	39	29	3	4	104
64796032_zpid	64796032_zpid	11216	297 Tompkins Ave, Brooklyn, NY 11216	40.687886	-73.944554	0.1255712142	11	0.26257891686	5	0.637510883441	1	5	5	3400	540000	132	1444	2004	368	112	172	292	268	60	84	28	100	136	80	464
30657951_zpid	30657951_zpid	11226	323 Lenox Rd, Brooklyn, NY 11226	40.65457	-73.948781	0.0827159104758	7	0.170451899939	4	0.309012175735	2	6	3	2860	1978000	8	4000	1910	264	50	129	133	160	45	24	3	44	58	13	206
29840996_zpid	29840996_zpid	10465	1119 Throggmorton Ave, Bronx, NY 10465	40.835307	-73.82199	0.142281624527	4	0.126975942825	1	1.53754351719	0	3	2	2016	393000	8	1812	1960	6	7	9	10	8	10	29	12	12	5	4	43
30646504_zpid	30646504_zpid	11207	656 Alabama Ave, Brooklyn, NY 11207	40.659847	-73.895148	0.460323245228	1	0.221421079151	3	0.366498093481	4	6	2	2084	360000	127	2317	1920	194	14	113	102	106	30	41	13	37	55	15	211
30665789_zpid	30665789_zpid	11218	34 E 10th St, Brooklyn, NY 11218	40.647569	-73.970817	0.23178526169	9	0.814195277317	0	0.486344512887	3	3	2	1800	596000	63	1869	1930	96	28	40	55	53	29	23	21	23	21	6	119
30665443_zpid	30665443_zpid	11225	237 Winthrop St, Brooklyn, NY 11225	40.657192	-73.952172	0.118227415158	10	0.144844184631	7	0.183509076787	3	3	2	1	425000	119	1908	1905	240	29	103	92	66	38	28	8	25	38	7	148
30654275_zpid	30654275_zpid	11203	5016 Snyder Ave, Brooklyn, NY 11203	40.649893	-73.929526	0.250599872266	5	0.0854196188064	3	1.69659716057	0	5	3	2805	581000	19	2000	1940	201	23	78	67	81	56	37	8	25	38	11	202
30602776_zpid	30602776_zpid	11221	462 Van Buren St, Brooklyn, NY 11221	40.691347	-73.929843	0.176135645592	10	0.264545702143	3	0.238461639841	2	4	2	2200	793500	11	2000	1899	194	84	95	130	130	51	39	17	41	54	37	284
30788170_zpid	30788170_zpid	11234	80 Barlow Dr N, Brooklyn, NY 11234	40.6093509	-73.905064	0.93445533828	0	0.95186312062	0	4.16143068384	0	4	3.5	2320	1300000	83	7600	1960	8	16	4	24	0	12	36	16	28	8	4	80
30727847_zpid	30727847_zpid	11229	1716 E 28th St, Brooklyn, NY 11229	40.6091849	-73.945802	0.429157208489	3	0.730520722185	2	1.01682777475	0	3	4	2828	759837	1	3250	1925	148	24	72	96	40	144	104	132	100	12	12	364
30787753_zpid	30787753_zpid	11234	2667 E 66th St, Brooklyn, NY 11234	40.606406	-73.909639	1.07598012548	0	1.20608854757	0	3.99151101786	0	3	3	2485	1050000	0	35	1965	3	5	1	7	2	16	7	26	19	2	1	30
30627054_zpid	30627054_zpid	11221	100 Bleecker St, Brooklyn, NY 11221	40.6949309	-73.92102	0.430576805373	9	0.0974274612794	5	0.430001470118	4	4	3	1400	769000	24	1750	1930	161	49	71	103	67	37	29	14	64	27	26	185
30638269_zpid	30638269_zpid	11208	178 Essex St, Brooklyn, NY 11208	40.679984	-73.882978	0.141118290377	7	0.0428917171038	3	0.140282939369	3	5	2	1760	637000	5	1406	1901	85	27	60	73	52	44	39	22	34	28	14	168
2099498759_zpid	2099498759_zpid	11216	14A Saint Andrews Pl, Brooklyn, NY 11216	40.678839	-73.943403	0.241490440518	8	0.13290380069	7	0.246310900695	3	7	3	3240	1399000	0	1530	1910	226	78	98	146	98	37	35	20	45	48	29	206
29841683_zpid	29841683_zpid	10461	1322 Edwards Ave, Bronx, NY 10461	40.837069	-73.8348649	0.128142433301	2	0.935249157348	0	0.75244377603	0	3	2	1200	429100	12	2430	1920	19	17	14	17	10	31	18	16	7	4	1	65
29785453_zpid	29785453_zpid	10458	2356 Prospect Ave, Bronx, NY 10458	40.852988	-73.882729	0.164474244928	7	0.277868705808	2	1.15040705715	0	7	3	2060	180000	14	1750	1901	304	62	95	124	117	16	16	7	42	51	15	192
29787957_zpid	29787957_zpid	10458	2849 Bainbridge Ave, Bronx, NY 10458	40.869053	-73.887955	0.0568071180558	9	0.0401082244961	8	0.348108732677	4	6	2	2578	405000	41	3727	1901	742	51	183	199	226	43	24	10	69	62	27	301
30636568_zpid	30636568_zpid	11207	23 Sunnyside Ct, Brooklyn, NY 11207	40.6834879	-73.889487	0.528104133238	3	0.451716205351	4	0.568211714663	2	7	3	2000	250500	155	1640	1901	41	25	31	30	27	31	25	15	24	9	6	62
29835803_zpid	29835803_zpid	10466	1846 Edenwald Ave, Bronx, NY 10466	40.892059	-73.846323	0.297314972289	2	0.359954494411	2	0.946733069014	0	3	2.5	2500	407000	78	2003	1935	38	10	28	20	14	67	35	13	28	16	7	75
30789205_zpid	30789205_zpid	11235	2923 Brighton 3rd St, Brooklyn, NY 11235	40.5802656	-73.9652859	0.139781842651	7	0.362991930385	7	0.445770727415	2	4	1	750	390000	100	1600	1910	416	200	236	348	172	240	152	96	160	84	100	920
30596237_zpid	30596237_zpid	11213	1377 Park Pl, Brooklyn, NY 11213	40.672686	-73.931746	0.151900091946	7	0.302590316937	4	0.433709062471	2	2	1	2160	179000	294	3194	1910	382	40	205	204	201	34	29	8	49	77	27	289
30626807_zpid	30626807_zpid	11221	17 Goodwin Pl, Brooklyn, NY 11221	40.692036	-73.924099	0.152991841621	10	0.122510334065	5	0.309141693287	3	3	2	2763	925000	18	1481	1930	217	54	93	135	107	47	39	17	60	49	33	289
29854569_zpid	29854569_zpid	10471	715 Ladd Rd, Bronx, NY 10471	40.904638	-73.910346	0.579521708015	3	0.466066920481	2	0.326334276802	1	4	3	3626	1200000	52	10890.0	1957	7	7	2	8	4	4	24	4	8	2	1	20
30754527_zpid	30754527_zpid	11210	3510 Avenue L, Brooklyn, NY 11210	40.6223219	-73.940755	0.2551255271	2	0.500177856358	2	1.30707873146	0	6	2	2250	775000	0	3150	1920	62	6	29	32	22	54	39	10	20	9	4	68
30673974_zpid	30673974_zpid	11218	399 E 7th St, Brooklyn, NY 11218	40.642125	-73.972133	0.181400438	13	0.304744181337	8	0.672048738	3	4	1	2376	1060000	4	3374	1925	166	58	63	82	53	56	42	63	32	20	12	202
30619262_zpid	30619262_zpid	11249	61 S 4th St, Brooklyn, NY 11249	40.7129829	-73.9655727	0.0886427421268	8	0.317139929627	3	0.829187960702	0	8	4	3200	3050000	0	1410	1910	100	344	32	136	32	92	84	152	80	12	32	380
30668325_zpid	30668325_zpid	11226	476 E 18th St, Brooklyn, NY 11226	40.639437	-73.96151	0.270556203003	12	0.265916768795	7	0.260696883886	3	5	2.5	3350	1550000	14	5000	1910	430	68	182	190	184	52	39	30	50	72	10	296
30782884_zpid	30782884_zpid	11234	2243 E 73rd St, Brooklyn, NY 11234	40.618433	-73.9030609	0.640988938641	1	0.552825263847	1	3.14321245285	0	4	4	2960	225500	268	4000	1950	11	7	6	11	5	14	20	9	17	2	4	45
30587447_zpid	30587447_zpid	11215	593 3rd St, Brooklyn, NY 11215	40.669206	-73.97524	0.30203029518	13	0.636104904908	1	0.538189452327	1	6	3	3832	3750000	12	1726	1901	28	33	11	26	10	13	56	35	23	5	10	145
30753514_zpid	30753514_zpid	11210	3302 Avenue K, Brooklyn, NY 11210	40.624474	-73.943383	0.292663209937	3	0.502204177915	2	0.997978645037	0	5	3	2304	775000	7	1800	1925	132	14	63	53	47	80	52	18	32	16	6	131
30647463_zpid	30647463_zpid	11207	741 Sheffield Ave, Brooklyn, NY 11207	40.659014	-73.891711	0.409194701393	4	0.317156749329	5	0.635897322259	2	8	4	3075	710000	0	2533	1930	127	16	80	75	72	23	37	11	30	44	6	154
29832112_zpid	29832112_zpid	10466	712 E 228th St, Bronx, NY 10466	40.889551	-73.858932	0.0772801734944	5	0.338388561103	2	0.207438287628	4	5	2	1920	475000	5	3049	1960	339	26	146	151	156	95	27	9	49	72	20	251
30778753_zpid	30778753_zpid	11236	1309 E 105th St, Brooklyn, NY 11236	40.640895	-73.886876	0.774074107596	0	0.625499039787	2	1.41799535589	0	4	3	5000	633000	6	5000	1960	18	1	13	13	7	4	12	3	11	3	2	48
30646789_zpid	30646789_zpid	11207	747 New Jersey Ave, Brooklyn, NY 11207	40.661138	-73.891141	0.170103590134	3	0.2128411342	5	0.502024449508	3	5	3	2988	651000	3	2000	1910	224	18	123	122	125	26	48	10	48	78	14	233
30756498_zpid	30756498_zpid	11234	1528 E 37th St, Brooklyn, NY 11234	40.6177629	-73.939457	0.498802458993	3	0.0821643610695	4	1.68516271082	0	3	2	1472	689000	0	2000	1925	96	56	72	92	44	156	88	84	112	24	12	404
30737231_zpid	30737231_zpid	11223	2171 E 4th St, Brooklyn, NY 11223	40.597189	-73.967424	0.657707311289	4	0.411479571119	3	0.516920024242	1	3	3	2352	1435000	1	2000	1925	156	44	28	116	40	108	116	192	76	16	16	300
30760692_zpid	30760692_zpid	11234	4435 Kings Hwy, Brooklyn, NY 11234	40.6266518	-73.9329755	0.222461442962	8	0.597619744247	1	1.41748305675	0	4	2	1686	495000	9	4187	1955	32	11	16	19	15	32	22	16	14	2	1	66
30785764_zpid	30785764_zpid	11234	2055 E 35th St, Brooklyn, NY 11234	40.608367	-73.93068	0.271875439748	1	0.84330709733	0	2.29347652569	0	3	1.5	2452	527500	15	2042	1935	8	36	16	4	8	56	84	80	80	0	8	128
30761554_zpid	30761554_zpid	11210	49 Alton Pl, Brooklyn, NY 11210	40.624609	-73.936926	0.162162074901	1	0.826007946921	0	1.28778344314	0	4	2	3000	379200	140	3000	1915	62	7	27	33	19	33	32	11	20	11	9	67
29793878_zpid	29793878_zpid	10473	2224 Turnbull Ave, Bronx, NY 10473	40.823929	-73.847896	0.473208333878	3	0.415917406698	2	1.19543912735	0	3	1	1248	286590	18	3000	1930	80	48	56	28	20	104	44	12	40	16	24	220
30745864_zpid	30745864_zpid	11229	2266 E 22nd St, Brooklyn, NY 11229	40.595871	-73.949051	0.315112271115	8	0.476778488903	5	0.521127142284	2	6	3	2772	560000	83	3101	1925	79	12	30	31	39	46	44	33	28	14	6	124
30781916_zpid	30781916_zpid	11234	2024 E 65th St, Brooklyn, NY 11234	40.617869	-73.9131589	0.225474494268	6	0.324332499269	1	3.34372589804	0	3	3	1480	649000	0	2000	1930	18	8	12	13	5	24	22	10	18	2	5	78
29844067_zpid	29844067_zpid	10465	1607 Stadium Ave, Bronx, NY 10465	40.84666	-73.820524	0.816733334782	0	0.495497415779	1	0.890655874341	0	3	2	1683	529000	0	2500	1960	1	3	2	4	0	13	27	15	8	1	0	28
30566844_zpid	30566844_zpid	11217	201 Dean St, Brooklyn, NY 11217	40.685715	-73.98541	0.076196924614	13	0.459855033472	2	0.346724321939	9	7	4	3800	2639000	39	1143	1915	53	72	8	41	14	33	50	17	21	15	14	137
30733414_zpid	30733414_zpid	11224	2822 W 22nd St, Brooklyn, NY 11224	40.577748	-73.989614	0.507790371358	3	0.369592444048	5	0.709542454314	1	4	2	1520	173000	140	2378	1980	276	56	156	164	136	40	92	32	52	100	24	304
30637554_zpid	30637554_zpid	11208	95 Shepherd Ave, Brooklyn, NY 11208	40.682589	-73.882147	0.153897509394	7	0.223330363744	3	0.22111693133	3	7	2	1992	430000	16	2038	1910	324	136	196	212	212	192	124	92	140	84	56	616
30655537_zpid	30655537_zpid	11236	668 E 95th St, Brooklyn, NY 11236	40.652032	-73.913269	0.352879237306	6	0.651040159483	1	1.08006919265	0	4	2	1848	371000	29	2600	1950	43	4	15	23	23	38	18	11	6	10	3	75
30722434_zpid	30722434_zpid	11223	1760 E 10th St, Brooklyn, NY 11223	40.606166	-73.962973	0.243679968301	7	0.405559601434	3	0.517684164894	1	3	3	1600	975000	10	2375	1925	52	13	14	29	25	21	21	10	21	11	5	93
30705617_zpid	30705617_zpid	11204	1714 74th St, Brooklyn, NY 11204	40.614922	-73.997394	0.216800796361	11	0.194623726867	7	0.314448965311	2	7	3	3336	990000	14	2000	1901	11	12	6	34	7	38	23	16	11	4	4	60
30732311_zpid	30732311_zpid	11224	3712 Polar St, Brooklyn, NY 11224	40.580039	-74.004287	0.551838776675	1	0.356564712057	1	1.97083321457	0	4	2	1520	250000	3	1999	1980	41	10	11	29	12	3	13	3	11	10	2	43
30749245_zpid	30749245_zpid	11235	2573 E 21st St, Brooklyn, NY 11235	40.589534	-73.9482	0.226965113433	11	0.338048127208	3	0.582806793942	1	3	2	1408	750000	7	2500	1920	60	16	11	34	10	45	35	32	41	8	3	134
30782119_zpid	30782119_zpid	11234	2043 E 68th St, Brooklyn, NY 11234	40.619371	-73.910409	0.211223762056	5	0.251848199855	1	3.12201503235	0	3	1.5	1750	499000	8	2300	1960	60	16	36	60	24	80	92	32	88	8	24	272
30681449_zpid	30681449_zpid	11204	2109 64th St, Brooklyn, NY 11204	40.615739	-73.982558	0.301078630842	12	0.294095326537	5	0.279452540663	3	6	4	2061	1277000	0	2917	1920	80	23	24	43	40	61	43	38	24	8	6	139
30604971_zpid	30604971_zpid	11216	417 Marcus Garvey Blvd APT 1, Brooklyn, NY 11216	40.6828387	-73.9377289	0.196359873831	9	0.273601169716	7	0.418653394726	2	2	1	3944	381600	136	1900	1899	152	232	108	188	84	20	60	52	60	44	52	284
30786632_zpid	30786632_zpid	11234	2134 Ryder St, Brooklyn, NY 11234	40.608736	-73.926846	0.362242801831	1	1.03287692835	0	2.61723726351	0	3	2	1356	159000	280	2500	1925	1	9	3	5	1	16	23	15	18	0	4	74
30722734_zpid	30722734_zpid	11223	122 Highlawn Ave, Brooklyn, NY 11223	40.60295	-73.981488	0.215931121058	6	0.360739666687	1	0.144685588382	3	7	3	3120	872600	17	1800	1920	328	104	176	96	136	308	120	196	96	48	28	408
30702427_zpid	30702427_zpid	11228	277 Dahlgren Pl, Brooklyn, NY 11228	40.613388	-74.026921	0.417141485283	8	0.562237486663	2	0.478936808815	1	4	2.5	1806	680000	21	1672	1940	0	0	0	2	0	1	7	3	2	0	0	6
30713521_zpid	30713521_zpid	11214	129 Bay 32nd St, Brooklyn, NY 11214	40.598363	-73.994702	0.193577598812	9	0.389296410601	7	0.402955872081	3	5	3	3900	740000	45	40	1910	122	19	40	47	30	92	43	23	22	14	5	130
30600709_zpid	30600709_zpid	11233	229 Macdougal St, Brooklyn, NY 11233	40.6803809	-73.911991	0.342234536459	7	0.333861124896	5	0.234120823926	5	8	3	1	409600	62	2000	1910	229	27	157	167	108	42	39	16	62	75	23	204
30723138_zpid	30723138_zpid	11223	98 Van Sicklen St, Brooklyn, NY 11223	40.602078	-73.974797	0.26459059691	7	0.228390781736	4	0.241796961778	4	5	4	9337	850500	153	9337	1920	56	25	27	29	18	80	27	88	23	12	5	110
30784032_zpid	30784032_zpid	11234	1845 E 36th St, Brooklyn, NY 11234	40.612303	-73.9337819	0.348317358302	3	0.380276864514	1	2.07078816033	0	3	1	1078	499000	0	1800	1925	3	20	3	7	3	18	28	26	32	1	2	55
79710166_zpid	79710166_zpid	10452	918 Summit Ave, Bronx, NY 10452	40.831371	-73.930904	0.105001333831	1	0.409589439321	4	0.502857094341	3	6	4	4298	575500	16	2613	2009	291	31	119	123	127	25	11	3	49	56	17	201
30734444_zpid	30734444_zpid	11223	1929 W 9th St, Brooklyn, NY 11223	40.6001013	-73.9808829	0.106863701675	10	0.458822169824	6	0.327689323403	3	3	1	1600	505000	42	1600	1925	148	76	72	100	68	256	120	192	72	28	20	320
30681039_zpid	30681039_zpid	11204	6205 20th Ave, Brooklyn, NY 11204	40.617904	-73.984053	0.0963802781317	10	0.547998401572	3	0.0989135052036	3	7	5	4020	1300000	10	1611	1920	39	11	15	31	16	53	44	31	21	8	8	108
30627141_zpid	30627141_zpid	11237	290 Bleecker St, Brooklyn, NY 11237	40.699655	-73.916385	0.13803806363	11	0.248803566749	6	0.301601462452	4	5	3	2034	1052500	9	1500	1920	187	89	152	189	136	39	33	24	85	74	31	319
30728819_zpid	30728819_zpid	11229	1848 E 28th St, Brooklyn, NY 11229	40.605965	-73.945188	0.2407299725	1	0.676659897669	2	1.1089675198	0	3	1	2850	646000	0	3000	1925	9	10	4	15	4	29	31	27	20	2	1	85
30642334_zpid	30642334_zpid	11208	143 Hemlock St, Brooklyn, NY 11208	40.686488	-73.871509	0.20076271298	6	0.271763861694	5	0.394301967978	3	7	3	3027	490000	130	3027	1910	380	160	268	352	200	312	160	64	232	180	32	784
97293938_zpid	97293938_zpid	11229	36 Keen Ct, Brooklyn, NY 11229	40.5884387	-73.9244424	0.250727282515	2	1.32468662888	0	2.51768637696	0	3	2	1350	539000	0	1799	2012	2	3	2	15	0	1	32	11	22	2	4	40
