30737538_zpid	30737538_zpid	11223	2232 W 6th St, Brooklyn, NY 11223	40.593488	-73.9773249	0.123023346173	7	0.120398558218	2	0.114645721352	4	6	4	1680	476000	135	2199	1935	136	72	40	96	40	184	92	152	100	32	28	336
29846481_zpid	29846481_zpid	10465	535 Ellsworth Ave, Bronx, NY 10465	40.825381	-73.815161	0.554256790137	6	0.697513976953	2	2.72202373889	0	3	3.5	2460	430000	61	2178	1960	11	7	6	15	1	6	13	18	12	0	3	44
30658473_zpid	30658473_zpid	11203	59 E 43rd St, Brooklyn, NY 11203	40.6546019	-73.937187	0.524075311887	3	0.562906936319	1	1.11961817561	0	3	3	1680	520000	4	1799	1940	408	60	232	196	176	188	112	36	116	136	28	420
30780134_zpid	30780134_zpid	11234	1120 E 72nd St, Brooklyn, NY 11234	40.626824	-73.916156	0.535941662296	2	0.413836826577	2	2.51662122276	0	4	3.5	2000	575000	6	2880	1970	25	4	14	9	10	51	9	33	13	10	5	85
30629968_zpid	30629968_zpid	11207	1190 Halsey St, Brooklyn, NY 11207	40.690947	-73.909729	0.100162385039	8	0.748956111772	2	0.53773329787	2	6	2.5	3000	690000	13	2000	1925	104	31	76	92	69	19	22	16	38	43	21	164
30584492_zpid	30584492_zpid	11215	337 8th St, Brooklyn, NY 11215	40.669113	-73.98388	0.0875331948135	20	0.122757049767	4	0.420309445982	3	5	3	2766	2675000	5	1825	1899	320	372	128	240	88	104	252	168	140	72	104	1044
30604106_zpid	30604106_zpid	11221	642 Putnam Ave, Brooklyn, NY 11221	40.685409	-73.9360109	0.0451331838071	10	0.281652554365	5	0.735290147785	1	1	1	725	599000	127	2000	1899	137	29	72	108	52	22	32	10	29	46	15	155
30574480_zpid	30574480_zpid	11232	194 32nd St, Brooklyn, NY 11232	40.655695	-74.00116	0.149690415322	4	0.581303574291	2	0.311145021737	2	5	2	3180	735000	73	2003	1940	96	120	52	68	44	32	136	60	60	4	36	276
30693914_zpid	30693914_zpid	11209	7306 Narrows Ave, Brooklyn, NY 11209	40.634625	-74.035662	0.321003358076	5	0.711899539699	2	1.01539988883	0	6	2	2600	990000	25	3335	1925	40	6	7	14	7	32	24	73	13	2	2	46
30637517_zpid	30637517_zpid	11208	132 Shepherd Ave, Brooklyn, NY 11208	40.681648	-73.882497	0.121471822406	7	0.192541243505	3	0.209185299985	2	6	3	999	550000	13	2000	1920	312	136	208	244	212	200	128	96	144	100	60	620
30757225_zpid	30757225_zpid	11229	3043 Avenue R, Brooklyn, NY 11229	40.609957	-73.940177	0.377409861597	3	0.452586356388	1	1.49742205085	0	3	2	1800	885000	21	4000	1920	92	16	44	60	36	12	44	32	32	8	8	164
29847532_zpid	29847532_zpid	10465	1054 Revere Ave, Bronx, NY 10465	40.832005	-73.828263	0.0467195586785	4	0.696441634217	2	1.48429930796	0	3	1.5	1280	184000	212	2500	1920	6	12	6	8	3	9	22	10	6	1	4	43
30609672_zpid	30609672_zpid	11221	451 Putnam Ave, Brooklyn, NY 11221	40.685037	-73.943098	0.1437413003	12	0.299261245932	9	0.600082553429	2	8	4	3000	690000	86	2000	1899	97	22	63	68	60	13	17	9	27	37	6	113
30604712_zpid	30604712_zpid	11233	502 Hancock St, Brooklyn, NY 11233	40.684028	-73.934969	0.13198290461	10	0.348328571442	5	0.63061796536	2	2	1	850	245000	35	1800	1899	65	20	46	64	29	5	21	3	15	16	12	89
30793348_zpid	30793348_zpid	11229	21 Canton Ct, Brooklyn, NY 11229	40.5869809	-73.9205128	0.366426288582	1	1.68819061483	0	2.8440669845	0	3	1	1470	420000	19	1800	1920	2	3	1	13	0	0	22	8	19	2	3	32
30582276_zpid	30582276_zpid	11217	54 Sterling Pl, Brooklyn, NY 11217	40.678132	-73.977028	0.154969769483	19	0.21764440239	6	0.34159089153	7	5	4	3400	3275000	4	1825	1899	81	118	31	37	31	33	61	55	40	14	27	161
30582011_zpid	30582011_zpid	11217	101 Park Pl, Brooklyn, NY 11217	40.678638	-73.97502	0.136809450716	17	0.34269428871	6	0.243989876426	8	5	4	3600	2600000	21	2000	1899	264	440	88	148	104	112	232	224	156	48	108	608
30604221_zpid	30604221_zpid	11221	788 Putnam Ave, Brooklyn, NY 11221	40.686054	-73.930342	0.0680183509306	9	0.0617493906552	3	0.745443612626	1	4	3	2558	1500000	0	1873	1899	135	31	64	114	76	34	22	7	22	41	24	164
30613965_zpid	30613965_zpid	11238	15 Irving Pl, Brooklyn, NY 11238	40.684571	-73.95981	0.295780602391	12	0.263704826433	6	0.47939908712	5	8	3	3516	22500	251	2300	1899	125	182	80	118	70	29	50	19	53	21	41	204
30744737_zpid	30744737_zpid	11229	2203 E 21st St, Brooklyn, NY 11229	40.598785	-73.949949	0.117863414097	7	0.364130102173	7	0.508687844256	2	6	2.5	2416	658000	25	2000	1920	93	27	28	34	50	59	46	22	26	15	7	168
30775692_zpid	30775692_zpid	11236	10569 Flatlands 1st St, Brooklyn, NY 11236	40.646627	-73.890635	0.2092488426	3	0.176284192886	3	0.866989615616	0	4	2	2	629000	0	1999	1960	152	20	48	56	48	60	40	8	40	24	28	216
30626024_zpid	30626024_zpid	11221	267 Evergreen Ave, Brooklyn, NY 11221	40.695638	-73.925868	0.369453960532	12	0.287344551117	5	0.278694912603	4	4	2	5146	1800000	2	4167	1931	189	96	80	107	86	60	36	21	53	41	34	272
30790155_zpid	30790155_zpid	11235	32 Corbin Pl, Brooklyn, NY 11235	40.581114	-73.955221	0.222912425931	10	0.385134758726	7	0.639988086561	2	3	2.5	1752	785000	3	1955	1940	1000	172	232	312	204	268	188	112	168	112	68	768
30624591_zpid	30624591_zpid	11206	74 Manhattan Ave, Brooklyn, NY 11206	40.7047865	-73.9442963	0.00149870287684	12	0.190466384745	5	0.281758685927	4	8	5	3750	750000	120	1875	1920	72	160	36	60	35	12	41	18	30	16	10	180
30770705_zpid	30770705_zpid	11236	1384 Remsen Ave, Brooklyn, NY 11236	40.636461	-73.902249	0.310995184758	8	0.454657820965	2	1.13517999907	0	5	3	2880	583212	2	1938	1960	44	18	22	28	11	55	21	8	19	10	11	94
30643857_zpid	30643857_zpid	11208	369 Euclid Ave, Brooklyn, NY 11208	40.678899	-73.872738	0.151883497922	9	0.15688193909	7	0.395681173423	4	4	3.5	1408	520000	99	1742	1920	147	21	81	95	58	50	47	12	87	33	10	231
30580269_zpid	30580269_zpid	11215	1715 10th Ave, Brooklyn, NY 11215	40.6564679	-73.980125	0.291895165948	9	0.220480787741	4	0.464573441223	1	6	3	3000	605000	148	2178	1905	20	24	14	14	13	17	11	5	13	2	5	46
30739807_zpid	30739807_zpid	11235	715 Desmond Ct, Brooklyn, NY 11235	40.5908557	-73.9622277	0.360747261543	9	0.828032928445	0	0.771804339641	0	3	3	2160	677500	76	2400	1945	34	10	9	12	10	31	27	19	14	4	2	45
30688267_zpid	30688267_zpid	11219	1280 58th St, Brooklyn, NY 11219	40.6299639	-73.9976881	0.322431694991	5	0.376939646014	6	0.248483121442	5	8	3	1908	850000	26	1223	1905	32	9	16	24	17	40	81	56	14	6	8	118
29836588_zpid	29836588_zpid	10466	661 E 235th St, Bronx, NY 10466	40.895522	-73.857863	0.392340966973	5	0.225424852281	2	0.261331905709	3	5	2	1054	432500	3	3014	1901	202	16	99	75	115	58	25	3	39	40	12	193
30772136_zpid	30772136_zpid	11236	1440 E 85th St, Brooklyn, NY 11236	40.628744	-73.8998979	0.863325123267	0	0.552331739998	1	2.0005399728	0	7	4	2046	798000	0	26136.0	1960	38	6	13	16	7	39	21	9	21	5	8	50
30773950_zpid	30773950_zpid	11236	1102 E 95th St, Brooklyn, NY 11236	40.6435629	-73.9036613	0.31319930219	5	0.886306583893	0	0.376577709219	1	3	2	1440	550000	119	2767	1930	56	10	17	22	16	59	23	8	9	19	8	102
30785114_zpid	30785114_zpid	11234	1964 E 37th St, Brooklyn, NY 11234	40.6105189	-73.931316	0.100177077556	3	0.65768491993	1	2.24882604333	0	2	1.5	896	440000	22	1800	1925	12	44	12	12	8	60	124	108	112	4	8	176
29786316_zpid	29786316_zpid	10453	2216 Aqueduct Ave E, Bronx, NY 10453	40.858497	-73.9072489	0.434040801591	7	0.091126342726	10	0.283902375674	5	5	3	1858	460000	0	2660	1901	410	28	119	145	140	34	22	15	48	53	18	212
30659961_zpid	30659961_zpid	11203	934 Schenectady Ave, Brooklyn, NY 11203	40.650349	-73.933484	0.135011568644	5	0.176279959653	3	1.36012083924	0	3	2	1274	449000	8	2000	1920	157	11	75	59	71	42	28	5	32	32	11	162
94718962_zpid	94718962_zpid	11221	1277 Putnam Ave, Brooklyn, NY 11221	40.6926347	-73.9145614	0.30288561709	6	0.332523493807	4	0.723650785892	2	8	6	1000	1130000	4	2500	2008	160	45	115	148	104	41	38	10	70	62	41	208
30633360_zpid	30633360_zpid	11212	557 Watkins St, Brooklyn, NY 11212	40.658857	-73.904774	0.280931955598	4	0.357302350114	4	0.468210520461	4	3	1.5	1116	325000	82	784080	1986	89	14	64	60	44	27	34	7	38	18	9	148
62635876_zpid	62635876_zpid	10465	222 Outlook Ave, Bronx, NY 10465	40.846167	-73.815389	1.22189630611	0	0.893921659042	0	1.24016088253	0	5	4	3393	849000	0	2879	2002	1	1	0	3	0	10	13	9	5	1	0	25
29778540_zpid	29778540_zpid	10452	1021 Summit Ave, Bronx, NY 10452	40.833884	-73.930088	0.282749486608	3	0.306524421809	3	0.684018608395	1	4	1	1304	190000	12	2090	1899	367	43	161	174	170	34	17	3	71	67	26	275
30598399_zpid	30598399_zpid	11233	1882 Bergen St, Brooklyn, NY 11233	40.674159	-73.918966	0.249086565241	3	0.537212034314	3	0.553325519959	1	7	6	2700	1050000	0	2000	1930	209	28	142	136	97	21	31	14	48	49	27	201
29823682_zpid	29823682_zpid	10469	1523 Bantam Pl, Bronx, NY 10469	40.866453	-73.842179	0.335354768528	3	0.70292917277	1	0.492267609684	1	5	2	1781	390000	1	1781	1950	34	13	13	15	10	25	21	12	18	9	5	66
30622283_zpid	30622283_zpid	11211	43 Richardson St, Brooklyn, NY 11211	40.7184069	-73.9505249	0.0953264627811	15	0.330182084878	2	0.502616827614	5	1	2	862	840000	93	1000	2007	17	87	12	41	8	14	25	14	9	4	11	108
63054739_zpid	63054739_zpid	11207	230 New Lots Ave, Brooklyn, NY 11207	40.659781	-73.897131	0.727348319087	1	0.350521360151	4	0.212341668677	4	3	1.5	2007	300000	10	1750	2002	164	12	94	80	86	28	30	11	25	44	14	178
30658926_zpid	30658926_zpid	11203	198 E 38th St, Brooklyn, NY 11203	40.652425	-73.942323	0.160376843657	3	0.57290554219	3	0.637293248342	1	4	2	1312	289000	0	1999	1920	480	76	296	332	240	288	88	40	96	144	24	508
29782668_zpid	29782668_zpid	10456	1340 Clay Ave, Bronx, NY 10456	40.835057	-73.908812	0.115629771275	8	0.271391187784	8	0.610766368643	1	5	2	2660	265000	13	2250	1940	397	54	156	181	184	41	22	14	69	60	29	268
30610917_zpid	30610917_zpid	11216	5 Verona Pl, Brooklyn, NY 11216	40.68108	-73.947393	0.0693576706566	11	0.123681221658	7	0.204293624196	5	5	3	3420	1357000	18	1648	1899	1196	428	564	832	612	188	228	92	268	348	120	1236
30585117_zpid	30585117_zpid	11215	418 10th St, Brooklyn, NY 11215	40.66775	-73.985632	0.0990302855161	20	0.140816311466	5	0.411921932696	4	4	3	1938	2575000	30	1808	1899	85	100	30	68	19	41	66	33	34	20	30	264
30693902_zpid	30693902_zpid	11209	7202 Narrows Ave, Brooklyn, NY 11209	40.6353719	-74.03534	0.307667353802	6	0.67337033817	2	1.01160552752	0	6	4	3553	1475000	0	1992	1925	40	6	7	14	7	30	20	72	10	2	2	44
89073299_zpid	89073299_zpid	11233	613 Halsey St, Brooklyn, NY 11233	40.6845519	-73.927862	0.154552604669	8	0.291621664692	3	0.62617858734	2	5	3.5	2285	899000	0	1667	2007	116	62	76	102	52	14	9	11	37	30	22	144
30608156_zpid	30608156_zpid	11221	111 Van Buren St, Brooklyn, NY 11221	40.690505	-73.9413579	0.141964122296	11	0.1976656632	4	0.852593346295	0	7	3	3525	1100000	2	2500	1915	182	49	92	132	93	30	30	12	37	48	27	215
30602985_zpid	30602985_zpid	11221	711 Lexington Ave, Brooklyn, NY 11221	40.690015	-73.932559	0.440163603591	10	0.437548049416	4	0.48691397192	1	8	3	4400	580500	135	2000	1899	904	228	448	540	472	236	124	64	160	260	204	1112
30654288_zpid	30654288_zpid	11203	514 E 51st St, Brooklyn, NY 11203	40.649001	-73.929357	0.33823670085	5	0.14565725563	3	1.71168794985	0	4	2.5	1980	460000	4	871200	1940	163	21	61	47	61	49	35	6	17	28	12	176
30629930_zpid	30629930_zpid	11207	1118 Halsey St, Brooklyn, NY 11207	40.689216	-73.911436	0.265214248482	11	0.515906541967	2	0.539093405935	3	3	2	3360	278000	42	871200	1930	113	30	85	121	82	22	24	18	44	52	26	186
29845307_zpid	29845307_zpid	10465	568 Logan Ave, Bronx, NY 10465	40.8251289	-73.818184	0.562005542979	1	0.470542559336	2	2.58513906748	0	4	2	1782	330000	101	18	1930	13	17	5	16	5	12	19	20	13	0	4	57
30790482_zpid	30790482_zpid	11235	72 Coleridge St, Brooklyn, NY 11235	40.580148	-73.950917	0.200164135194	7	0.675213165545	2	0.79950962351	0	6	6	7556	2650000	53	6000	1997	120	18	31	48	36	39	40	32	29	14	7	110
30737502_zpid	30737502_zpid	11223	2268 W 7th St, Brooklyn, NY 11223	40.592596	-73.9779779	0.465557021786	6	0.0689382470142	2	0.0254509843824	5	1	1	1240	579000	0	1240	1930	144	72	44	100	40	152	96	132	80	28	20	324
30788659_zpid	30788659_zpid	11234	2222 E 57th Pl, Brooklyn, NY 11234	40.609211	-73.913162	0.824961014619	0	0.948221923972	0	3.77413138922	0	5	3	3300	747500	27	3000	1964	2	5	2	6	3	19	5	26	19	2	1	28
30593079_zpid	30593079_zpid	11216	521 Eastern Parkway, Brooklyn, NY 11216	40.6703199	-73.95104	0.0626237175758	14	0.210021719991	3	0.0676424917032	6	10	6	3372	1990000	0	2640	1910	193	52	94	108	98	12	25	4	25	38	24	157
30787726_zpid	30787726_zpid	11234	2701 Whitman Dr, Brooklyn, NY 11234	40.605272	-73.910208	1.18706627638	0	1.3338713009	0	3.92105236289	0	3	3.5	4650	1899000	0	4800	2001	3	4	2	5	2	11	6	20	15	2	1	22
30666399_zpid	30666399_zpid	11226	2124 Kenmore Ter, Brooklyn, NY 11226	40.649057	-73.958948	0.174170087631	11	0.279207216924	6	0.377966669727	3	4	2.5	2018	1200000	20	2577	1920	548	73	403	315	366	31	45	17	77	108	19	503
29830775_zpid	29830775_zpid	10469	3146 Tiemann Ave, Bronx, NY 10469	40.873547	-73.841206	0.515706921738	4	0.651317575926	1	0.624774395355	2	4	2	1558	319000	0	2374	1920	40	4	35	31	17	38	33	16	28	8	11	70
30701146_zpid	30701146_zpid	11228	110 Parrott Pl, Brooklyn, NY 11228	40.615812	-74.023725	0.384544897648	7	0.559553266086	3	0.636149216871	1	4	2.5	2723	781500	33	2877	1925	2	0	3	5	1	6	18	8	5	0	1	18
29782905_zpid	29782905_zpid	10456	664 Jefferson Pl, Bronx, NY 10456	40.832841	-73.899079	0.135881185992	5	0.249578878587	6	0.680028609945	1	5	3	2112	459900	1	1672	1901	217	13	82	114	61	26	10	5	13	29	16	155
29814806_zpid	29814806_zpid	10461	1641 Tenbroeck Ave, Bronx, NY 10461	40.849426	-73.847679	0.533669677359	4	0.671620154866	1	1.12808287771	0	3	2	1512	318000	0	2178	1935	57	13	10	27	13	30	29	12	23	5	3	74
30757145_zpid	30757145_zpid	11234	1614 E 38th St, Brooklyn, NY 11234	40.616756	-73.937018	0.432517483214	3	0.305567562598	2	1.89362644144	0	3	2	1064	440000	4	1799	1925	56	68	44	80	24	172	112	84	144	28	12	468
83177923_zpid	83177923_zpid	10470	4557 Bronx Blvd # B, Bronx, NY 10470	40.9028912	-73.8553843	0.322458264164	5	0.448275129036	2	0.401699825532	3	6	6	2919	495000	9	2469	2006	102	12	26	35	23	22	9	4	15	20	3	78
30779166_zpid	30779166_zpid	11236	1633 E 96th St, Brooklyn, NY 11236	40.63385	-73.890726	0.109916522866	6	0.211336517529	4	1.70719853985	0	2	1	1056	391400	128	4000	1930	32	10	16	14	3	34	15	16	11	6	1	50
29778906_zpid	29778906_zpid	10456	595 E 164th St, Bronx, NY 10456	40.825157	-73.906738	0.101389071663	7	0.260739105206	7	0.718568755774	2	5	2	2160	525000	104	1650	1901	204	21	77	72	60	32	13	5	23	25	21	148
30649545_zpid	30649545_zpid	11208	973 Hegeman Ave, Brooklyn, NY 11208	40.666526	-73.876893	0.259843835705	6	0.439012295733	4	0.576643111796	1	5	3	4068	350000	86	1800	1920	87	12	78	80	64	25	38	9	24	33	16	152
30701523_zpid	30701523_zpid	11209	545 94th St, Brooklyn, NY 11209	40.616085	-74.029069	0.141694573552	10	0.215699653673	5	0.183561204506	2	3	2	1080	680000	12	1800	1901	84	29	25	26	26	57	33	22	4	9	4	141
30646099_zpid	30646099_zpid	11208	653 Hemlock St, Brooklyn, NY 11208	40.672903	-73.868134	0.169817442362	7	0.151593235901	6	0.433941902988	2	4	4	3780	799000	0	3001	1910	110	12	69	59	38	47	36	6	33	37	13	154
30775808_zpid	30775808_zpid	11236	10574 Flatlands 2nd St, Brooklyn, NY 11236	40.64584	-73.889587	0.332834104851	2	0.300585552861	3	0.988170172468	0	3	2.5	2000	415000	65	2000	1960	38	4	14	14	12	13	11	2	10	6	7	53
30619248_zpid	30619248_zpid	11211	391 S 3rd St, Brooklyn, NY 11211	40.7088449	-73.9518669	0.09431618654	16	0.271084108102	7	0.264723983027	6	5	3	2628	1500000	2	2520	2000	104	204	84	91	66	18	33	14	23	17	9	226
30626881_zpid	30626881_zpid	11221	61 Bleecker St, Brooklyn, NY 11221	40.694285	-73.922388	0.435464880907	9	0.21954267466	5	0.518287936406	4	6	3	2400	260000	48	2500	1901	692	236	316	444	296	172	140	68	240	132	116	924
30769731_zpid	30769731_zpid	11236	46 Paerdegat 3rd St, Brooklyn, NY 11236	40.632106	-73.91047	0.407860956287	5	0.425208547602	3	1.77564110518	0	7	5	3430	640000	113	3050	1970	124	20	64	60	24	216	92	12	100	24	4	228
30737782_zpid	30737782_zpid	11223	2408 Mcdonald Ave, Brooklyn, NY 11223	40.593264	-73.974113	0.423103252866	4	0.380087542438	3	0.318068832557	4	3	2	1582	770000	120	2787	1910	36	14	12	26	8	48	28	40	21	4	7	118
30623247_zpid	30623247_zpid	11211	390 Union Ave, Brooklyn, NY 11211	40.7121118	-73.9510772	0.155604375205	17	0.224878702572	6	0.193241992105	6	8	3	2700	2899000	0	2083	1899	107	214	76	90	62	37	42	18	18	15	17	239
29828131_zpid	29828131_zpid	10469	1033 E 214th St, Bronx, NY 10469	40.87735	-73.855122	0.389100438294	5	0.628957296983	1	0.949052902729	0	6	4	2880	490000	25	2375	1920	77	7	40	71	48	56	12	9	27	26	15	108
64666979_zpid	64666979_zpid	11234	1350 E 69th St, Brooklyn, NY 11234	40.62248	-73.913242	0.414290377434	5	0.667185296316	1	2.85794402112	0	5	3.5	2235	590000	72	2703	2006	21	3	9	13	3	47	27	22	23	4	8	91
112507787_zpid	112507787_zpid	11235	67 Brighton 1st Ln, Brooklyn, NY 11235	40.577205	-73.9667474	0.109840970064	7	0.322756621586	7	0.178509488881	2	1	1	989	300000	101	2025	2012	300	140	200	268	180	172	124	44	156	68	52	736
30717155_zpid	30717155_zpid	11230	817 Avenue M, Brooklyn, NY 11230	40.617532	-73.966073	0.243384046258	6	0.293859066312	6	0.564030713924	2	7	3	2072	695000	39	3179	1925	91	10	22	31	31	55	62	25	31	6	3	122
29781810_zpid	29781810_zpid	10453	163 Bush St, Bronx, NY 10453	40.8519689	-73.904961	0.116669864372	12	0.0578786649016	11	0.17497542999	6	5	3.5	3198	440000	0	2204	1910	443	53	216	205	215	23	22	18	75	58	21	305
30729906_zpid	30729906_zpid	11214	8624 25th Ave, Brooklyn, NY 11214	40.597533	-73.987977	0.114553036489	8	0.0737504167307	6	0.0988838859739	3	4	2.5	1942	988000	0	1861	1950	36	14	12	14	11	41	33	18	13	6	2	79
29846606_zpid	29846606_zpid	10465	246 Throggs Neck Blvd, Bronx, NY 10465	40.818609	-73.812959	0.364118776018	4	0.423670407473	1	3.43155437134	0	4	3	1890	465000	91	2613	1939	6	12	1	8	5	14	21	11	12	6	9	61
83178982_zpid	83178982_zpid	10469	2575 Tiemann Ave, Bronx, NY 10469	40.8647469	-73.8381575	0.501393558267	3	0.315696600914	1	0.873287697045	0	5	2.5	2200	960000	19	3084	2007	10	12	3	5	3	16	23	13	14	3	2	47
30635975_zpid	30635975_zpid	11207	425 New Lots Ave, Brooklyn, NY 11207	40.6625216	-73.8920257	0.0748648390302	4	0.178987347631	5	0.337715309265	4	3	2	2856	380000	0	1764	1930	308	18	183	170	167	30	50	14	54	94	18	312
30615743_zpid	30615743_zpid	11205	229 Cumberland St, Brooklyn, NY 11205	40.689031	-73.972701	0.0449760646172	10	0.371068716243	3	0.254513670513	8	2	2	690	10	134	545	1925	38	42	16	21	6	21	18	8	21	8	5	84
30640859_zpid	30640859_zpid	11208	362 Atkins Ave, Brooklyn, NY 11208	40.669763	-73.878093	0.269442319727	9	0.466720564952	4	0.535396579162	2	4	1	2000	240000	210	2350	1910	156	27	107	113	87	51	34	10	33	60	29	201
30745023_zpid	30745023_zpid	11229	2161 E 27th St, Brooklyn, NY 11229	40.598636	-73.944168	0.225240830384	7	0.16764799915	2	0.996819296221	0	2	2	1468	660000	7	1600	1940	80	60	36	56	40	76	156	72	84	12	20	424
29822161_zpid	29822161_zpid	10469	1525 Fielding St, Bronx, NY 10469	40.863755	-73.842436	0.213277077512	3	0.622077341758	1	0.723305465195	1	4	2.5	2149	470000	11	2248	1940	17	11	5	9	2	19	22	14	16	2	3	55
30750487_zpid	30750487_zpid	11210	2104 Glenwood Rd, Brooklyn, NY 11210	40.632796	-73.956464	0.486173376459	8	0.579543010211	3	0.58754318672	3	5	2	2700	850000	118	4000	1910	41	15	24	29	33	22	13	13	13	6	3	63
30631887_zpid	30631887_zpid	11212	543 Thomas S Boyland St, Brooklyn, NY 11212	40.667558	-73.912775	0.247859770747	6	0.256313368371	6	0.643816900538	2	3	2	2000	355000	115	2000	1987	208	28	120	156	68	112	112	32	104	40	44	472
30626778_zpid	30626778_zpid	11221	1094 Greene Ave, Brooklyn, NY 11221	40.692304	-73.924385	0.157909506249	10	0.153637654009	5	0.347096214448	3	3	3	2001	735000	15	1667	1901	204	58	80	118	101	46	39	18	58	44	31	279
29845113_zpid	29845113_zpid	10465	2959 Schley Ave, Bronx, NY 10465	40.8250947	-73.8191229	0.564442630739	1	0.404428222604	2	2.54233788172	0	3	2	1328	356000	109	2500	1902	13	17	6	15	5	13	18	21	13	0	5	61
29841754_zpid	29841754_zpid	10461	2838 Lasalle Ave, Bronx, NY 10461	40.837948	-73.832976	0.209336209035	2	0.966612973577	0	0.716217240909	1	3	2	1248	410000	139	2509	1920	24	20	15	16	10	41	27	20	10	6	2	79
30689166_zpid	30689166_zpid	11219	1375 64th St, Brooklyn, NY 11219	40.625623	-73.998885	0.188089804329	5	0.646300827743	2	0.192874995781	4	5	3	1520	191000	243	1799	1910	46	9	19	23	15	60	67	61	14	9	17	126
30765743_zpid	30765743_zpid	11234	1492 E 58th St, Brooklyn, NY 11234	40.617951	-73.91931	0.198248991491	9	0.840172058885	0	2.9113053509	0	3	2	1296	450000	10	2100	1925	15	12	10	5	11	30	31	15	24	2	6	120
30608600_zpid	30608600_zpid	11221	515A Lexington Ave, Brooklyn, NY 11221	40.689022	-73.941201	0.250344744547	10	0.178261778384	3	0.8837332128	0	8	4	2025	915000	11	1500	1899	840	220	432	592	420	132	136	52	168	224	124	972
