30633857_zpid	30633857_zpid	11207	31 Wyona St, Brooklyn, NY 11207	40.678601	-73.894374	0.138166916916	4	0.16113061012	4	0.250097238869	4	5	3	1880	535000	14	1675	1901	97	34	67	76	54	71	45	38	36	30	12	156
79714598_zpid	79714598_zpid	11224	3804 Sea Gate Ave, Brooklyn, NY 11224	40.5753671	-74.0053465	0.621366820838	1	0.367039027787	1	2.05162581136	0	3	2	2500	450000	43	6011	2006	156	44	52	140	36	16	76	28	44	32	4	168
30589464_zpid	30589464_zpid	11238	1003 Dean St, Brooklyn, NY 11238	40.6781017	-73.9569487	0.199276434826	10	0.38676756873	5	0.293367724804	5	5	2.5	2800	1999000	0	2200	1910	456	544	216	288	256	144	104	104	132	84	92	688
29787517_zpid	29787517_zpid	10463	3845 Bailey Ave, Bronx, NY 10463	40.885249	-73.896846	0.201400123665	6	0.418714535127	2	0.344802744947	2	3	2	1332	465000	31	2265	1940	513	12	53	70	54	21	31	16	23	17	15	118
30768336_zpid	30768336_zpid	11236	615 E 89th St, Brooklyn, NY 11236	40.6424436	-73.9095026	0.196085231843	6	0.697919970467	1	0.798427038731	0	4	1.5	1200	265000	9	1475	1950	38	5	23	17	12	60	30	6	20	19	4	109
30740512_zpid	30740512_zpid	11235	2880 Brighton 6th St, Brooklyn, NY 11235	40.581842	-73.9631567	0.0758975745745	8	0.291103714639	5	0.491414175115	1	8	3	1800	665600	19	2890	1930	264	144	176	280	92	280	204	128	136	76	88	692
55540902_zpid	55540902_zpid	10454	702 Saint Marys St, Bronx, NY 10454	40.808707	-73.911152	0.438908522062	7	0.518225454997	3	0.294482089829	4	5	2.5	2280	480000	1	2003	1999	75	14	50	56	38	5	11	6	16	19	6	84
30698980_zpid	30698980_zpid	11209	537 84th St, Brooklyn, NY 11209	40.622431	-74.024222	0.180730782717	15	0.214858141235	4	0.35399241617	1	7	4	3109	1550000	19	2000	1910	117	54	37	45	36	32	21	25	9	27	5	192
30692025_zpid	30692025_zpid	11220	175 Bay Ridge Ave, Brooklyn, NY 11220	40.637093	-74.0294459	0.111774618237	9	0.220338179856	3	0.564666526632	1	5	2	1992	880000	4	2901	1925	144	60	100	104	68	112	84	116	40	44	8	240
64580451_zpid	64580451_zpid	11222	169 Engert Ave, Brooklyn, NY 11222	40.7218073	-73.9436379	0.205347996917	13	0.129829288966	1	0.717242772653	1	2	1	23450	1100000	25	7260	2004	30	46	17	45	10	15	37	20	29	9	12	142
30630503_zpid	30630503_zpid	11207	170 Schaefer St, Brooklyn, NY 11207	40.689085	-73.908047	0.199135325821	9	0.645390358434	2	0.339606229337	2	6	4	3000	1350000	2	2000	1915	126	35	93	118	89	22	27	18	43	54	24	204
30567552_zpid	30567552_zpid	11201	44 Monroe Pl, Brooklyn, NY 11201	40.695607	-73.9924769	0.144962345425	15	0.220793711959	5	0.213232581835	7	5	6	5500	5750000	25	3500	1835	59	108	24	31	25	9	62	35	36	6	13	197
79721586_zpid	79721586_zpid	11212	1579 E New York Ave, Brooklyn, NY 11212	40.672774	-73.9099495	0.0911195570054	7	0.403657565848	5	0.640288476113	3	3	1	6484	175000	6	3260	2005	72	9	25	25	28	3	15	5	9	11	10	92
29845277_zpid	29845277_zpid	10465	565 Hollywood Ave, Bronx, NY 10465	40.82495	-73.817705	0.365432059616	5	0.515522778417	2	2.62512896481	0	4	2	1152	469000	0	2500	1930	13	16	5	17	5	12	20	20	15	0	4	55
30744073_zpid	30744073_zpid	11229	2039 Batchelder St, Brooklyn, NY 11229	40.60202	-73.938992	0.403226254711	4	0.411553119579	3	1.46320155964	0	3	2	1440	660000	4	2000	1930	29	10	10	15	7	16	38	21	20	2	3	71
30682616_zpid	30682616_zpid	11204	1653 68th St, Brooklyn, NY 11204	40.619607	-73.995154	0.328980517755	8	0.355057150098	5	0.31348994348	3	3	3	2668	960000	6	2058	1930	47	17	23	52	16	42	28	45	15	10	7	97
30622956_zpid	30622956_zpid	11211	35 Devoe St, Brooklyn, NY 11211	40.713457	-73.94995	0.0928360012265	16	0.253460337361	5	0.0825536044916	3	4	4	2690	2230000	14	2500	1901	204	592	140	300	152	140	176	72	76	48	52	832
30656026_zpid	30656026_zpid	11203	746 E 48th St, Brooklyn, NY 11203	40.6431929	-73.93171	0.200716757116	5	0.759556703575	0	1.4557071482	0	4	2.5	1504	425000	21	2000	1925	33	19	13	16	11	37	27	9	17	13	6	105
29786806_zpid	29786806_zpid	10468	2733 Claflin Ave, Bronx, NY 10468	40.869955	-73.9011359	0.161288713395	6	0.148486487924	8	0.413446538332	2	6	2	2670	385000	3	4456	1910	532	34	169	157	183	37	16	12	60	54	20	281
111036818_zpid	111036818_zpid	11221	410 Kosciuszko St, Brooklyn, NY 11221	40.691924	-73.937869	0.193114100368	10	0.348542387305	5	0.617023903397	1	6	5	3330	3090750	45	1655	2011	186	49	83	126	78	35	24	12	31	48	32	204
30699089_zpid	30699089_zpid	11209	130 84th St, Brooklyn, NY 11209	40.625829	-74.034903	0.382662697901	8	0.70887931844	1	0.651468923785	1	3	2	2567	939000	107	2567	1925	24	20	10	21	8	34	28	24	14	4	1	87
30732830_zpid	30732830_zpid	11224	3815 Nautilus Ave, Brooklyn, NY 11224	40.57606	-74.006067	0.524396306445	1	0.380754710043	1	2.10520875897	0	13	8	3606	389000	168	80	1964	43	13	14	37	11	5	21	4	13	7	2	42
29854435_zpid	29854435_zpid	10471	795 W 254th St, Bronx, NY 10471	40.90405	-73.913301	0.835042848228	0	0.72247443689	1	0.0698359873697	1	5	4	3000	1310000	31	8799	1985	0	0	1	1	0	2	12	3	4	0	0	3
30789329_zpid	30789329_zpid	11235	14 Brighton 7th Walk, Brooklyn, NY 11235	40.5806671	-73.9611533	0.149755436306	11	0.122465428738	5	0.334377843445	1	3	1.5	807	350000	17	1600	1910	832	228	256	364	204	328	220	124	188	132	104	1012
30606363_zpid	30606363_zpid	11233	270 Bainbridge St, Brooklyn, NY 11233	40.681258	-73.926191	0.315703936786	7	0.344106616444	3	0.437284137942	2	6	3	2470	870000	7	1872	1899	157	70	116	144	97	20	19	13	50	53	28	221
30623963_zpid	30623963_zpid	11211	239 Withers St, Brooklyn, NY 11211	40.717822	-73.942072	0.0880632454344	9	0.447931507978	3	0.399240616231	3	6	2	1800	1850000	0	1999	1920	10	111	10	33	14	20	25	5	21	8	15	107
30746091_zpid	30746091_zpid	11229	2240 E 26th St, Brooklyn, NY 11229	40.596862	-73.945359	0.333938961019	8	0.389066361666	3	0.847834964361	0	3	2	2024	716000	22	2200	1940	45	21	18	29	28	27	39	24	33	14	7	115
30599908_zpid	30599908_zpid	11233	390 Bainbridge St, Brooklyn, NY 11233	40.681878	-73.921228	0.376525557532	7	0.410461570437	2	0.350309434994	2	5	4	2226	1350000	0	1725	1901	206	57	130	167	130	25	33	12	62	91	25	260
30663541_zpid	30663541_zpid	11203	946 E 46th St, Brooklyn, NY 11203	40.638097	-73.933119	0.365904613074	7	1.14388784729	0	1.30841651103	0	3	2.5	2254	230000	168	1967	1930	26	9	10	16	12	36	23	7	18	12	6	82
29834384_zpid	29834384_zpid	10466	1141 E 223rd St, Bronx, NY 10466	40.8825652	-73.8489162	0.0593069399076	7	0.152750149299	4	0.977787498887	0	2	1	882	115000	249	8275	1910	152	24	76	40	48	156	28	8	84	40	16	152
30769220_zpid	30769220_zpid	11236	968 E 83rd St, Brooklyn, NY 11236	40.635534	-73.909882	0.202937963545	6	0.211017942266	2	1.41160826716	0	6	4	2400	650000	21	2000	1960	156	32	72	84	28	324	108	44	108	48	36	384
29779866_zpid	29779866_zpid	10459	820 E 169th St, Bronx, NY 10459	40.829419	-73.89824	0.29439519132	6	0.320906312488	10	0.54528868896	2	7	3	2520	85000	31	2542	1901	172	76	94	114	97	20	14	5	20	43	19	148
30588086_zpid	30588086_zpid	11215	562 10th St, Brooklyn, NY 11215	40.665784	-73.98157	0.0924042049203	15	0.397680552585	7	0.119784358732	2	6	3	2430	335000	1	1816	1910	272	264	96	212	84	124	264	156	112	32	68	704
30698480_zpid	30698480_zpid	11209	166 82nd St, Brooklyn, NY 11209	40.627079	-74.033839	0.323322336304	8	0.814615715664	0	0.671098034328	1	5	4	3307	960000	135	30	1930	31	32	11	20	8	37	42	27	9	6	2	85
30791003_zpid	30791003_zpid	11235	26 Hastings St, Brooklyn, NY 11235	40.580485	-73.94525	0.670463811597	5	1.02986328046	0	1.03735522985	0	3	2.5	2435	810000	20	2949	1925	68	28	12	56	12	36	108	60	72	4	8	136
30789028_zpid	30789028_zpid	11234	2408 E 63rd St, Brooklyn, NY 11234	40.611505	-73.909764	0.546469353233	2	0.639012134678	1	3.96948405757	0	3	1	1600	499000	0	1800	1960	2	6	2	3	1	15	7	13	14	1	0	27
30737905_zpid	30737905_zpid	11223	2249 W 1st St, Brooklyn, NY 11223	40.593758	-73.97149	0.3512908362	3	0.594414711883	2	0.301238152565	3	7	4	4000	800000	11	3000	1920	61	13	17	32	9	46	31	36	26	6	6	117
30761551_zpid	30761551_zpid	11210	1240 E 40th St, Brooklyn, NY 11210	40.624801	-73.936829	0.183955591782	1	0.838477869087	0	1.27851399241	0	3	4	1574	205000	183	2500	1915	244	28	108	132	76	136	132	36	84	44	36	276
30722901_zpid	30722901_zpid	11223	179 Avenue S, Brooklyn, NY 11223	40.601318	-73.978999	0.163772297213	7	0.434251218627	4	0.311750941062	3	4	4	2376	763000	28	2800	1925	60	21	33	24	23	90	28	65	24	12	5	96
30713575_zpid	30713575_zpid	11228	8771 14th Ave, Brooklyn, NY 11228	40.60909	-74.015133	0.405499928191	4	0.626448388857	1	1.13923323575	0	4	2	1812	988000	0	2000	1935	7	9	3	10	2	19	25	24	21	1	4	51
29826808_zpid	29826808_zpid	10467	740 E 218th St, Bronx, NY 10467	40.882136	-73.861722	0.126897245223	4	0.526443610974	2	0.207208371422	3	2	1	1500	135000	55	5401	1915	212	15	100	112	96	80	18	3	40	60	15	198
29785182_zpid	29785182_zpid	10457	2163 Prospect Ave, Bronx, NY 10457	40.848944	-73.88556	0.166936766619	11	0.561993572122	4	1.06881618453	0	3	2	1320	354500	7	3049	1921	153	31	80	97	70	22	8	3	31	41	20	130
30793522_zpid	30793522_zpid	11229	20 Lester Ct, Brooklyn, NY 11229	40.587531	-73.92504	0.358927639812	2	1.30506291732	0	2.46233464084	0	3	1	74304	285000	59	1800	1920	2	3	2	15	0	0	31	10	20	1	4	39
30773731_zpid	30773731_zpid	11236	9716 Farragut Rd, Brooklyn, NY 11236	40.646586	-73.903211	0.0584869373462	4	0.685751979133	1	0.115202728582	2	3	2	1100	549000	0	8367	1910	40	9	21	30	16	66	17	10	8	20	8	77
29843089_zpid	29843089_zpid	10465	3202 Rawlins Ave, Bronx, NY 10465	40.8386319	-73.821864	0.441440267679	2	0.401699643565	1	1.2812173794	0	3	1.5	1407	425000	35	4841	1925	5	11	11	2	7	3	24	12	9	4	3	36
30757267_zpid	30757267_zpid	11234	1775 Marine Pkwy, Brooklyn, NY 11234	40.610671	-73.9394329	0.290985151627	3	0.354791607645	1	1.56929275786	0	4	4.5	2280	859200	19	3350	1925	2	7	4	8	3	9	16	15	21	4	1	35
30604211_zpid	30604211_zpid	11221	770 Putnam Ave, Brooklyn, NY 11221	40.685979	-73.931037	0.126829011155	8	0.104871546097	3	0.736837307997	1	3	2	2288	168750	15	2000	1899	131	30	66	108	68	34	23	7	23	42	24	158
30663873_zpid	30663873_zpid	11210	662 E 32nd St, Brooklyn, NY 11210	40.6348399	-73.946232	0.399076187647	2	0.280550679594	2	0.252883494109	2	5	3.5	2172	492900	60	3000	1940	308	38	152	151	130	61	42	14	36	60	6	282
30573326_zpid	30573326_zpid	11231	60 W 9th St, Brooklyn, NY 11231	40.676293	-74.004184	0.0448495766128	7	0.0464401649511	3	0.613351984642	1	5	13	1552	19500000	0	2500	1900	25	38	12	20	16	15	30	11	9	11	6	96
30660229_zpid	30660229_zpid	11203	4302 Snyder Ave, Brooklyn, NY 11203	40.649461	-73.936817	0.411682126284	2	0.464539605523	3	1.08844553214	0	6	3	2790	560000	28	2000	1920	105	11	58	55	52	36	18	2	23	22	8	95
64727107_zpid	64727107_zpid	11217	87 Lafayette Ave, Brooklyn, NY 11217	40.6873956	-73.9748828	0.0182079887523	11	0.131219435533	3	0.0158959787497	9	3	2	1394	500000	169	1600	1889	38	57	20	26	10	11	26	22	15	10	12	131
30702550_zpid	30702550_zpid	11209	259 Battery Ave, Brooklyn, NY 11209	40.613253	-74.025765	0.461961700926	8	0.636437956303	1	0.565462314761	1	3	2	2336	900000	17	23	1935	22	4	7	6	6	10	10	3	2	1	2	20
83045560_zpid	83045560_zpid	11216	135 Herkimer St, Brooklyn, NY 11216	40.679804	-73.948685	0.137771619277	9	0.0589074620106	8	0.122702628151	5	2	1	900	849000	103	1937	2007	322	133	151	215	166	41	53	21	73	78	33	323
30607020_zpid	30607020_zpid	11206	199 Vernon Ave, Brooklyn, NY 11206	40.695457	-73.943959	0.0944550499618	9	0.224457903394	3	0.427216447684	4	4	2	3480	551200	129	2500	1935	118	43	67	108	55	53	18	37	19	36	27	158
30618633_zpid	30618633_zpid	11211	207 N 5th St, Brooklyn, NY 11211	40.715614	-73.956692	0.185485339729	15	0.242390867951	4	0.252871289527	3	6	3	3375	2985000	17	2500	1900	352	868	168	340	152	148	188	80	88	76	80	996
83178832_zpid	83178832_zpid	10460	1933 Southern Blvd, Bronx, NY 10460	40.8419989	-73.8857901	0.415226659075	7	0.244332167056	4	0.51936759424	2	6	6	3000	330000	10	1333	2006	1196	80	548	496	548	108	84	32	164	172	96	856
30770232_zpid	30770232_zpid	11236	1173 E 81st St, Brooklyn, NY 11236	40.631533	-73.907123	0.655919481757	5	0.668156194339	2	1.74119841541	0	3	1	1650	415000	10	1742	1955	156	24	56	72	40	256	104	20	104	24	28	240
30693170_zpid	30693170_zpid	11209	7107 Narrows Ave, Brooklyn, NY 11209	40.635754	-74.034499	0.259972873895	7	0.600181331111	2	0.943628536109	0	1	1	2959	142000	171	2000	1925	95	8	8	18	14	32	19	85	15	3	1	60
30639865_zpid	30639865_zpid	11207	471 Miller Ave, Brooklyn, NY 11207	40.669114	-73.890027	0.263354914294	7	0.478752548265	6	0.410612227002	4	6	3	1880	649999	0	1742	1930	136	22	97	105	109	24	44	7	52	46	22	218
30705771_zpid	30705771_zpid	11204	2059 Bay Ridge Pkwy, Brooklyn, NY 11204	40.61012	-73.990069	0.178106181684	12	0.21736354437	8	0.71995729735	1	6	2	2600	1050000	19	2725	1915	57	12	18	27	28	34	18	17	17	6	1	74
30747129_zpid	30747129_zpid	11229	2331 E 23rd St, Brooklyn, NY 11229	40.594442	-73.947243	0.277266059882	11	0.530632954918	6	0.675252100075	1	4	4	2600	635000	49	2900	1930	63	12	22	26	26	34	32	26	24	12	5	78
30601218_zpid	30601218_zpid	11233	1073 Herkimer St, Brooklyn, NY 11233	40.678126	-73.9178419	0.213267849567	2	0.508253900463	3	0.31741962867	2	3	2	1645	636000	21	1567	1899	235	23	148	174	127	38	40	17	61	81	38	233
30638843_zpid	30638843_zpid	11207	271 Van Siclen Ave, Brooklyn, NY 11207	40.673328	-73.89018	0.0895191562383	8	0.095342374961	7	0.06921407266	3	5	2	1824	775000	0	1089000	1910	460	104	344	384	308	268	148	100	176	152	76	880
30567363_zpid	30567363_zpid	11201	70 Willow St, Brooklyn, NY 11201	40.6991102	-73.9952635	0.122743307425	12	0.273366882623	2	0.259371982224	3	11	7.5	9000	12500000	50	5101	1899	29	76	13	22	16	7	31	19	16	6	8	101
83047379_zpid	83047379_zpid	11208	391 Atkins Ave, Brooklyn, NY 11208	40.669346	-73.877403	0.300473566721	10	0.482169893199	4	0.602884222629	2	8	4	3363	489617	119	2983	2005	141	19	106	115	85	51	33	11	31	57	30	183
30754833_zpid	30754833_zpid	11210	2524 Avenue M, Brooklyn, NY 11210	40.618924	-73.949442	0.501039001977	3	0.326310022092	1	0.853820967078	0	7	3.5	1484	1050000	13	2300	1905	8	1	2	11	0	13	24	7	23	1	1	42
29834786_zpid	29834786_zpid	10466	3885 Amundson Ave, Bronx, NY 10466	40.8888559	-73.8357259	0.487823829812	2	0.386871432128	4	0.416306520426	1	3	3	1701	385000	0	1800	1957	46	6	16	23	5	46	24	12	26	8	2	64
30793433_zpid	30793433_zpid	11229	3 Lois Ave, Brooklyn, NY 11229	40.5862511	-73.922639	0.416695403043	1	1.54488685975	0	2.66528769537	0	5	3	1116	450000	17	1800	1920	8	12	4	52	0	0	108	36	80	8	20	136
30761579_zpid	30761579_zpid	11210	58 Hubbard Pl, Brooklyn, NY 11210	40.624951	-73.936946	0.191981226884	1	0.850662417492	0	1.25977834791	0	5	4	1937	570000	109	2800	1910	61	7	27	33	19	35	34	12	21	11	9	70
29840034_zpid	29840034_zpid	10470	4729 Richardson Ave, Bronx, NY 10470	40.904798	-73.8509569	0.236302547759	5	0.0944735853625	2	0.188382259449	2	6	3	2232	326000	6	2500	1925	112	14	65	60	60	26	19	6	24	24	4	126
30661047_zpid	30661047_zpid	11203	463 E 40th St, Brooklyn, NY 11203	40.644443	-73.938988	0.329303242723	3	0.517506848137	2	0.84535155125	0	2	2	1582	450000	0	2150	1945	120	20	48	40	56	136	52	20	56	32	8	220
30759593_zpid	30759593_zpid	11210	1113 E 40th St, Brooklyn, NY 11210	40.628116	-73.937254	0.406817805464	3	0.720189674936	1	1.02287613037	0	6	2	2784	680000	105	4000	1915	288	32	132	148	96	156	132	72	72	60	48	360
29827781_zpid	29827781_zpid	10469	936 E 219th St, Bronx, NY 10469	40.8812278	-73.8558323	0.484217763245	7	0.647162246659	2	0.648066673644	1	6	5	2000	519308	53	5706	2011	75	7	32	39	28	41	5	3	25	11	6	70
30625636_zpid	30625636_zpid	11221	752 Bushwick Ave, Brooklyn, NY 11221	40.695626	-73.929708	0.152843512275	13	0.320301493293	5	0.26521403408	3	7	4	2508	1225000	8	1480	1899	143	98	57	85	83	52	39	19	35	38	29	252
30630386_zpid	30630386_zpid	11207	844 Knickerbocker Ave, Brooklyn, NY 11207	40.691694	-73.906326	0.0845031262685	9	0.962965294822	0	0.378709640436	2	1	1	750	290500	130	938	1899	78	28	50	67	55	18	16	12	32	33	16	136
30697571_zpid	30697571_zpid	11209	621 80th St, Brooklyn, NY 11209	40.624142	-74.021012	0.290736582288	8	0.323573501246	5	0.644735046922	2	4	1	2010	800000	12	2000	1915	79	26	18	28	25	26	23	33	9	25	2	95
30781569_zpid	30781569_zpid	11234	1420 E 71st St, Brooklyn, NY 11234	40.622376	-73.910656	0.545529488641	5	0.581426897796	1	2.80312916342	0	5	4.5	2220	719000	0	3149	1984	116	12	48	56	24	188	96	84	92	20	28	332
30743360_zpid	30743360_zpid	11229	2046 E 23rd St, Brooklyn, NY 11229	40.600803	-73.949019	0.140814531599	4	0.468424605368	6	0.607537358128	1	3	1.5	1400	305000	202	1950	1925	69	23	28	30	34	64	56	17	29	11	7	156
30585561_zpid	30585561_zpid	11215	193 13th St, Brooklyn, NY 11215	40.6684399	-73.991195	0.0343547337222	11	0.341301368773	2	0.247549694612	3	2	2	1830	175000	209	2100	1899	77	72	32	60	29	32	63	35	35	19	15	224
29781828_zpid	29781828_zpid	10457	210 E 179th St, Bronx, NY 10457	40.850782	-73.904117	0.103728300719	12	0.111581278998	9	0.102229359351	6	4	2	1606	500	113	1380	1899	317	58	193	197	188	30	25	9	70	61	21	250
30641589_zpid	30641589_zpid	11208	4 Cypress Ct, Brooklyn, NY 11208	40.6874908	-73.8732143	0.296790165192	5	0.154336397222	5	0.278459153963	3	8	5	2400	655000	6	2156	1935	348	140	232	296	172	256	156	60	184	156	28	680
30613647_zpid	30613647_zpid	11238	171 Gates Ave, Brooklyn, NY 11238	40.685257	-73.960789	0.308869363331	11	0.28826542707	6	0.407080992525	5	3	2.5	2364	1650000	14	2221	1899	143	163	88	122	74	40	52	17	54	21	41	190
30774873_zpid	30774873_zpid	11236	975 E 105th St, Brooklyn, NY 11236	40.646278	-73.8928619	0.21712036262	4	0.187502574136	3	0.735875770407	1	3	1.5	1224	435000	93	1575	1960	38	8	22	16	13	25	11	3	13	9	8	84
30572266_zpid	30572266_zpid	11231	457 Union St, Brooklyn, NY 11231	40.680537	-73.990222	0.396696629959	11	0.256640978956	2	0.348014547323	3	4	3	2567	2688000	2	2084	1910	15	24	2	24	10	13	29	30	16	3	2	93
30794122_zpid	30794122_zpid	11229	101 Abbey Ct, Brooklyn, NY 11229	40.5900779	-73.922868	0.0503223483892	2	1.42463352998	0	2.66849828021	0	2	1	1400	425000	0	1800	1925	8	24	8	60	0	4	124	48	88	4	16	160
30634144_zpid	30634144_zpid	11212	297 Mother Gaston Blvd, Brooklyn, NY 11212	40.672057	-73.907136	0.270685611986	7	0.26947538243	6	0.500254876219	4	6	2	1530	104000	16	1783	1901	78	8	25	29	30	5	16	5	8	12	14	93
29850603_zpid	29850603_zpid	10464	19 Bay St, Bronx, NY 10464	40.847269	-73.790759	0.331683022261	3	2.96723047883	0	3.12350366027	0	5	3	2104	720000	24	9000	1920	5	28	3	3	1	1	24	6	2	0	16	41
30693144_zpid	30693144_zpid	11209	7110 Narrows Ave, Brooklyn, NY 11209	40.635907	-74.035138	0.31527560425	5	0.654037516814	1	0.99902774467	0	5	3	3212	1322500	7	2000	1925	40	6	7	13	7	30	16	70	10	2	1	43
30695548_zpid	30695548_zpid	11228	942 Bay Ridge Pkwy, Brooklyn, NY 11228	40.624907	-74.015615	0.407686291319	7	0.263854995897	2	0.994277435295	0	3	2.5	1984	210000	239	2200	1925	16	8	10	18	7	36	36	27	15	3	4	57
30602694_zpid	30602694_zpid	11221	300 Van Buren St, Brooklyn, NY 11221	40.690815	-73.935006	0.406336867854	10	0.518317272653	6	0.593532927231	2	5	2.5	1512	650000	44	17	1899	182	41	99	134	97	42	30	16	35	52	43	233
29788099_zpid	29788099_zpid	10458	203 E 198th St, Bronx, NY 10458	40.8698864	-73.8901857	0.0661903036219	10	0.197221189334	9	0.340783862554	5	5	3	3196	596000	97	2204	1931	481	41	136	167	199	31	14	4	61	51	21	236
30791369_zpid	30791369_zpid	11235	1605 Oriental Blvd, Brooklyn, NY 11235	40.578659	-73.93866	0.615183417458	1	1.41469515699	0	1.59902443858	0	2	2	1400	675000	9	2482	1925	8	20	0	24	0	48	44	12	32	4	4	76
30654922_zpid	30654922_zpid	11203	5211 Beverley Rd, Brooklyn, NY 11203	40.646704	-73.927437	0.488177570959	7	0.446749569227	3	1.82659638138	0	3	2	2059	346000	10	2000	1945	83	22	30	22	33	41	33	10	14	18	8	122
30783550_zpid	30783550_zpid	11229	1825 Madison Pl, Brooklyn, NY 11229	40.609319	-73.9393149	0.441314999092	3	0.495687006314	1	1.56511051308	0	3	2	3100	650000	16	3100	1925	60	20	28	64	28	24	40	24	32	8	8	144
30656735_zpid	30656735_zpid	11203	955 E 48th St, Brooklyn, NY 11203	40.638026	-73.930582	0.365409454474	8	1.11338444153	0	1.52147856843	0	4	2	1488	380000	11	2000	1930	28	9	10	17	10	36	29	10	17	9	5	88
30584118_zpid	30584118_zpid	11215	381 6th St, Brooklyn, NY 11215	40.6703871	-73.9830395	0.0751962529607	18	0.247625833178	4	0.447264917268	3	4	2	2160	2625000	14	1667	1901	72	86	31	61	25	23	59	42	29	20	24	243
30774707_zpid	30774707_zpid	11236	965 E 102nd St, Brooklyn, NY 11236	40.645057	-73.895357	0.43982773347	5	0.419333743418	2	0.576517335361	2	5	4	2244	602500	7	2000	1955	268	24	128	88	88	184	68	28	76	68	40	432
30761978_zpid	30761978_zpid	11234	1514 E 45th St, Brooklyn, NY 11234	40.623852	-73.9325269	0.091117925177	8	0.345661016341	2	1.62201983026	0	3	1.5	1148	385000	28	2000	1925	136	52	64	80	92	160	132	96	60	24	4	372
30743207_zpid	30743207_zpid	11229	2035 E 18th St, Brooklyn, NY 11229	40.60055	-73.953536	0.402054132626	7	0.14893787044	5	0.245503387716	2	6	3	2970	1100000	3	4000	1930	126	31	36	32	55	79	45	22	22	13	4	159
30660202_zpid	30660202_zpid	11203	4216 Snyder Ave, Brooklyn, NY 11203	40.649432	-73.937299	0.241250451286	3	0.50215467587	3	1.04864004662	0	3	1.5	1248	480000	120	2000	1920	103	11	61	55	54	38	17	2	19	23	8	86
79724650_zpid	79724650_zpid	11226	2816 Albemarle Rd, Brooklyn, NY 11226	40.6479538	-73.9505296	0.120333205148	4	0.296866460756	7	0.331575819928	2	3	2	3240	750000	110	1601	2006	300	54	105	118	86	87	31	16	36	45	29	223
29854002_zpid	29854002_zpid	10471	6203 Spencer Ter, Bronx, NY 10471	40.9105492	-73.8975783	0.43969314205	11	0.411149787311	4	1.57251479725	0	3	3	2214	472000	11	4944	1982	36	28	24	36	16	32	60	36	36	8	12	140
30656073_zpid	30656073_zpid	11203	1181 Schenectady Ave, Brooklyn, NY 11203	40.64391	-73.932146	0.241606876916	5	0.686838244087	1	1.42626120859	0	4	2	1968	410000	9	2000	1925	136	80	48	56	44	132	92	32	64	40	16	392
29852663_zpid	29852663_zpid	10471	4421 Fieldston Rd, Bronx, NY 10471	40.8913658	-73.9056154	0.439961646764	7	0.727317710717	1	0.640087748918	1	5	3.5	3416	1450000	43	10890.0	1920	120	40	8	4	0	8	76	12	16	0	4	72
29790747_zpid	29790747_zpid	10473	2011 Gildersleeve Ave, Bronx, NY 10473	40.810241	-73.850748	0.518361756501	1	1.11378820588	0	2.67668265282	0	3	1	3400	294000	0	3402	1930	12	9	13	9	8	15	9	13	8	7	2	34
30792975_zpid	30792975_zpid	11229	2254 Plumb 2nd St, Brooklyn, NY 11229	40.597479	-73.931877	0.477305814536	6	0.455890690115	1	1.98374598167	0	2	1	980	320000	37	1742	1935	68	72	4	28	8	36	88	32	68	12	8	176
30782888_zpid	30782888_zpid	11234	2219 E 73rd St, Brooklyn, NY 11234	40.618855	-73.903532	0.611833530748	1	0.528365525554	1	3.09783116862	0	3	4	2508	969000	0	4000	1940	44	24	24	40	20	56	72	40	68	12	12	228
30711300_zpid	30711300_zpid	11228	1381 86th St, Brooklyn, NY 11228	40.61306	-74.011689	0.126031814047	6	0.339647023423	1	0.937516003094	0	4	2	1710	765000	28	1800	1935	28	56	8	52	4	100	180	132	104	28	28	228
30662382_zpid	30662382_zpid	11203	588 E 38th St, Brooklyn, NY 11203	40.640983	-73.941085	0.299897737966	3	0.617992163158	4	0.629081387654	1	6	3	3680	460000	4	4000	1925	440	28	260	256	244	152	84	24	84	100	32	440
30738821_zpid	30738821_zpid	11223	2366 E 2nd St, Brooklyn, NY 11223	40.591493	-73.968807	0.0762721958925	6	0.626464430913	1	0.505153537038	2	3	2	1456	749000	5	2000	1920	172	44	68	108	40	164	152	136	56	20	12	372
29846900_zpid	29846900_zpid	10465	283 Prentiss Ave, Bronx, NY 10465	40.8207763	-73.81031	0.152177892094	4	0.653143388278	1	3.37713286121	0	3	1	1400	350200	48	4051	1945	19	11	3	7	3	11	13	12	13	3	4	45
30781252_zpid	30781252_zpid	11234	6208 Mill Ln, Brooklyn, NY 11234	40.618557	-73.916892	0.071038801666	8	0.64890544987	1	3.04572405349	0	4	3	3200	542000	19	2002	1920	32	32	24	28	16	92	92	44	80	12	20	412
64425117_zpid	64425117_zpid	11221	231 Central Ave, Brooklyn, NY 11221	40.697202	-73.923085	0.221205132425	15	0.272652450375	7	0.327985343759	3	4	4	1872	382872	77	2200	1998	130	47	66	82	63	43	19	18	45	25	25	167
