30774306_zpid	30774306_zpid	11236	1180 E 94th St, Brooklyn, NY 11236	40.641484	-73.902727	0.304323616114	8	0.662827490584	1	0.580269465925	1	6	5	2484	615000	20	5000	1925	216	44	84	88	72	228	104	36	64	64	32	372
30725251_zpid	30725251_zpid	11230	1216 Locust Ave, Brooklyn, NY 11230	40.618264	-73.962345	0.143415374946	7	0.0439611622338	5	0.259113035706	1	3	2	1120	541000	24	1598	1940	139	16	47	69	48	73	49	21	35	16	3	173
2099535984_zpid	2099535984_zpid	10457	2292 Belmont Ave, Bronx, NY 10457	40.8526661	-73.8870487	0.147737799092	10	0.183484464846	2	1.02279292617	0	8	6	4053	629000	0	1267	2007	106	21	60	67	46	15	6	2	27	26	14	100
30664429_zpid	30664429_zpid	11225	207 Ocean Ave, Brooklyn, NY 11225	40.657935	-73.961946	0.144106947321	12	0.117546305973	5	0.296672386753	2	4	4	2994	2699999	0	2750	1901	286	92	148	118	136	7	31	16	46	37	10	187
30639405_zpid	30639405_zpid	11208	2486 Pitkin Ave, Brooklyn, NY 11208	40.673945	-73.880454	0.188882181624	7	0.306597408332	3	0.0323828947419	2	2	1	1100	458212	29	1600	1925	163	25	87	97	69	51	37	11	34	61	22	183
30774830_zpid	30774830_zpid	11236	933 E 104th St, Brooklyn, NY 11236	40.646557	-73.8944829	0.267445057378	5	0.0769543571951	3	0.615101650633	2	3	2	1600	575000	11	2500	1930	160	36	92	64	52	156	48	16	68	36	32	344
30623197_zpid	30623197_zpid	11211	180 Devoe St, Brooklyn, NY 11211	40.7136985	-73.9435917	0.215544115808	11	0.0666065831713	4	0.104015515998	5	6	4	2640	1620000	33	2000	1920	35	95	24	61	32	36	54	7	28	14	17	200
30582850_zpid	30582850_zpid	11217	104 Berkeley Pl, Brooklyn, NY 11217	40.675622	-73.977031	0.108243003677	16	0.203741895287	6	0.446580558147	4	5	3.5	4160	2350000	47	2003	1901	53	45	11	21	15	10	42	16	29	9	11	116
30789140_zpid	30789140_zpid	11235	245 Ocean View Ave, Brooklyn, NY 11235	40.5790252	-73.9655256	0.174087760779	7	0.273983896351	7	0.389840222204	2	4	3	1800	425000	28	1800	1930	488	188	300	400	256	220	156	80	200	96	92	980
30790250_zpid	30790250_zpid	11235	1123 Ocean View Ave, Brooklyn, NY 11235	40.5794304	-73.9550248	0.156736982016	9	0.320411752308	5	0.563964753027	1	8	3	3410	1300000	4	2450	1940	820	200	184	236	160	212	208	124	168	116	52	620
30756822_zpid	30756822_zpid	11234	1652 E 32nd St, Brooklyn, NY 11234	40.613267	-73.940602	0.108874530104	2	0.23044858136	2	1.54186412197	0	5	3	1650	407400	10	2500	1930	4	13	4	12	2	17	17	18	32	3	3	64
30736669_zpid	30736669_zpid	11223	2168 W 8th St, Brooklyn, NY 11223	40.594645	-73.979439	0.312634722285	6	0.160847728969	4	0.237311223601	6	6	3	2516	928000	3	2312	1920	140	60	24	112	44	152	72	120	88	20	16	256
30711132_zpid	30711132_zpid	11214	2117 85th St, Brooklyn, NY 11214	40.603689	-73.994631	0.214533043805	9	0.0877545618914	10	0.208546433108	2	5	2	3245	900000	46	2613	1950	772	88	224	280	208	424	192	140	112	76	36	800
30705758_zpid	30705758_zpid	11204	2036 74th St, Brooklyn, NY 11204	40.6106849	-73.9904169	0.120794072944	14	0.155815380467	7	0.734335218544	1	6	3	3300	1390000	5	2448	1920	57	10	18	27	28	36	21	19	17	8	2	76
30595558_zpid	30595558_zpid	11225	389 Lincoln Rd, Brooklyn, NY 11225	40.66185	-73.949805	0.0716538108548	7	0.142808547056	6	0.132840824694	3	4	34	1808	1029000	0	2050	1920	439	76	165	162	165	47	42	22	42	73	14	304
29854630_zpid	29854630_zpid	10471	568 W 261st St, Bronx, NY 10471	40.91031	-73.905105	0.416756063183	6	0.395847996654	3	1.03556374261	0	4	3	2970	995000	0	13503.6	1930	4	6	3	8	5	7	21	3	6	4	4	32
79728141_zpid	79728141_zpid	11208	22 Cox Pl, Brooklyn, NY 11208	40.687737	-73.874291	0.380453103128	4	0.0830386347814	4	0.285992904464	3	3	3	2994	765000	102	2800	2006	82	22	52	69	37	59	29	16	42	32	7	139
30640436_zpid	30640436_zpid	11207	453 Van Siclen Ave, Brooklyn, NY 11207	40.6685019	-73.888942	0.325979069482	7	0.462701100671	8	0.326529556705	4	3	1.5	1134	355000	0	1799	1990	620	96	408	444	416	104	148	36	216	236	96	904
30696249_zpid	30696249_zpid	11209	7716 Colonial Rd, Brooklyn, NY 11209	40.630932	-74.034201	0.44838020578	7	0.795340923078	0	0.74609882881	1	3	2	1884	1280000	13	3683	1935	164	56	36	48	52	140	164	348	56	16	8	252
30773716_zpid	30773716_zpid	11236	9616 Farragut Rd, Brooklyn, NY 11236	40.646216	-73.90414	0.0305041882972	5	0.767927577999	0	0.199471045994	2	4	3	2100	950000	0	2000	1955	40	7	22	32	17	63	19	8	9	19	7	82
30696706_zpid	30696706_zpid	11209	7815 Narrows Ave, Brooklyn, NY 11209	40.630715	-74.036582	0.583934856343	5	0.965110751056	0	0.941651072639	0	5	3	2655	1680000	15	4025	1925	13	7	3	3	5	13	24	23	9	2	1	37
30732619_zpid	30732619_zpid	11224	3719 Lyme Ave, Brooklyn, NY 11224	40.577695	-74.004165	0.577910057884	1	0.193034705292	2	1.93914020301	0	6	2	3000	183000	299	3333	1920	50	14	15	41	13	4	20	4	16	13	2	55
79711648_zpid	79711648_zpid	11208	24 Cox Pl, Brooklyn, NY 11208	40.687722	-73.874375	0.375940457901	4	0.0833454250842	4	0.291115654438	3	9	3	2699	765000	102	2800	2006	84	21	54	70	37	59	27	16	42	32	7	137
30574144_zpid	30574144_zpid	11232	237 27th St, Brooklyn, NY 11232	40.658602	-73.99747	0.342481553809	5	0.223391051814	1	0.206585356638	2	6	3	1700	2180000	0	5501	1910	34	42	17	23	12	12	34	27	19	4	8	76
89067228_zpid	89067228_zpid	11208	793 Fountain Ave, Brooklyn, NY 11208	40.661028	-73.867045	0.70583360218	3	0.416307750636	3	1.52520270115	0	8	3	2964	365000	59	3614	2007	15	4	2	5	2	6	15	2	4	4	1	26
30728137_zpid	30728137_zpid	11229	3015 Avenue R, Brooklyn, NY 11229	40.609333	-73.941157	0.438263388849	3	0.552381636949	1	1.4096956674	0	4	2	1720	900000	2	3600	1925	15	6	9	17	7	10	15	16	12	2	2	46
30606360_zpid	30606360_zpid	11233	266 Bainbridge St, Brooklyn, NY 11233	40.681288	-73.926364	0.305645425668	7	0.355499341211	3	0.426215892012	2	3	3	1376	750000	3	927	1899	154	70	115	143	93	20	19	13	50	53	27	218
30591769_zpid	30591769_zpid	11216	783 Prospect Pl, Brooklyn, NY 11216	40.674574	-73.950546	0.106398872491	10	0.0624026475583	4	0.466978083574	5	7	3	3292	750000	133	2178	1910	1568	400	824	976	856	148	180	60	224	328	176	1272
30704241_zpid	30704241_zpid	11228	1129 73rd St, Brooklyn, NY 11228	40.623781	-74.009615	0.390937546173	6	0.366820069761	4	0.920047296232	0	9	3	3075	815000	44	2003	1945	11	6	4	17	3	50	37	37	13	2	3	67
30618559_zpid	30618559_zpid	11211	104 Roebling St, Brooklyn, NY 11211	40.7159342	-73.9558192	0.180623585856	14	0.320855359039	4	0.252112058999	3	4	4	3000	4200000	0	1100	1899	276	748	92	308	100	156	192	88	60	44	68	840
94717393_zpid	94717393_zpid	10460	1814 Waterloo Pl, Bronx, NY 10460	40.8400005	-73.8878676	0.471373038182	8	0.272419766184	4	0.302163681371	2	5	3	3777	415000	3	936	2008	756	100	400	396	388	64	76	12	112	108	60	712
64505236_zpid	64505236_zpid	11210	4011 Hubbard Pl, Brooklyn, NY 11210	40.6253432	-73.9365133	0.24853332461	2	0.822641834178	0	1.25686252947	0	4	2	2081	606900	125	1742	2004	244	28	108	132	80	136	128	36	76	44	36	280
30709391_zpid	30709391_zpid	11228	1351 82nd St, Brooklyn, NY 11228	40.615722	-74.010035	0.335147586759	5	0.505901293868	2	0.833935902294	0	6	3	3036	1299000	0	3100	1925	7	18	3	17	0	25	45	33	23	6	2	56
30748811_zpid	30748811_zpid	11235	2552 E 16th St, Brooklyn, NY 11235	40.588894	-73.953813	0.123813609244	17	0.150952564789	3	0.224287568026	2	3	2	1672	710000	6	3250	1950	91	19	16	41	23	41	40	28	31	17	6	139
30627180_zpid	30627180_zpid	11237	251 Wyckoff Ave, Brooklyn, NY 11237	40.701597	-73.9144249	0.0195843014809	13	0.320015186561	5	0.311605715937	5	3	1	4125	70000	211	2529	1931	174	75	129	160	107	42	35	28	66	69	26	272
29841101_zpid	29841101_zpid	10465	3215 Fairmount Ave, Bronx, NY 10465	40.836372	-73.820585	0.172409057807	2	0.133388569347	1	1.53905698422	0	3	1	1305	210000	4	2500	1940	6	7	7	8	7	10	27	13	11	4	3	43
30619864_zpid	30619864_zpid	11222	169 India St, Brooklyn, NY 11222	40.732679	-73.953107	0.165068503083	12	0.181998416029	4	0.292954856485	1	6	3	3000	2999000	0	2500	1901	98	100	64	71	47	51	39	22	25	22	13	238
30659252_zpid	30659252_zpid	11203	368 E 46th St, Brooklyn, NY 11203	40.652729	-73.934691	0.187636835045	7	0.269913391575	3	1.2744577757	0	5	2	1322	449000	20	2000	1910	137	14	73	58	61	50	40	6	36	32	11	160
29834463_zpid	29834463_zpid	10466	1152 E 225th St, Bronx, NY 10466	40.8832359	-73.847441	0.149845032723	7	0.154529012612	4	0.893177583698	0	4	2	1584	420000	99	1152	1970	108	40	60	36	36	132	32	4	92	28	12	140
30766970_zpid	30766970_zpid	11236	565 E 84th St, Brooklyn, NY 11236	40.641406	-73.9144419	0.554439419139	6	0.692177110971	1	1.21347159493	0	4	3	1720	490000	7	2000	1960	152	28	88	52	36	196	140	36	104	32	36	368
30701562_zpid	30701562_zpid	11209	9422 Ridge Blvd, Brooklyn, NY 11209	40.6182193	-74.036359	0.304915462126	11	0.272091344919	3	0.488879434805	1	5	4	3090	1789000	0	6272	1925	186	30	27	37	33	62	30	31	9	7	4	134
29785063_zpid	29785063_zpid	10457	731 E 178th St, Bronx, NY 10457	40.8456877	-73.8890649	0.274526470215	6	0.154816225253	1	0.911488686975	0	3	1	3000	10000	102	3000	1931	248	45	109	118	104	21	14	5	37	51	20	207
30603318_zpid	30603318_zpid	11221	580 Quincy St, Brooklyn, NY 11221	40.688222	-73.937354	0.37333115398	7	0.1683662656	4	0.918940388257	0	6	3	2250	1125000	0	1667	1899	820	192	436	648	344	180	152	56	168	252	132	936
30599454_zpid	30599454_zpid	11233	616A Macdonough St, Brooklyn, NY 11233	40.6833979	-73.9216647	0.352525564725	8	0.547898928773	3	0.518826902106	3	5	3	2364	700000	35	1875	1899	189	53	124	147	116	23	27	13	53	78	25	240
30787599_zpid	30787599_zpid	11234	2746 E 65th St, Brooklyn, NY 11234	40.606051	-73.912949	1.14392903852	0	1.28083053858	0	3.70952021876	0	7	4	2170	650000	23	2613	1960	3	4	2	5	3	16	4	27	19	2	1	25
30623205_zpid	30623205_zpid	11211	198 Devoe St, Brooklyn, NY 11211	40.713704	-73.942991	0.182041106986	11	0.108359333306	4	0.131210416945	5	4	3	2600	142000	198	2000	1910	38	93	24	61	32	35	51	6	27	14	19	195
30662398_zpid	30662398_zpid	11203	638 E 38th St, Brooklyn, NY 11203	40.639863	-73.940972	0.418710939202	3	0.599982513013	2	0.628487947823	1	3	2	2256	492000	1	1967	1925	444	24	240	248	224	140	76	24	76	88	24	396
30783976_zpid	30783976_zpid	11234	3520 Avenue R, Brooklyn, NY 11234	40.612698	-73.935018	0.368820465471	4	0.266943657776	2	1.97792408277	0	3	2	1152	500000	17	1573	1915	2	17	4	10	4	20	26	22	35	3	1	57
30595443_zpid	30595443_zpid	11225	249 Lincoln Rd, Brooklyn, NY 11225	40.661562	-73.95437	0.315260224917	8	0.351597593546	5	0.324970809861	3	4	2	2704	1391750	24	2050	1905	530	93	203	177	195	28	44	20	47	80	24	318
30708731_zpid	30708731_zpid	11214	2272 79th St, Brooklyn, NY 11214	40.604608	-73.988031	0.236816312072	10	0.514817557733	6	0.573397758835	2	6	4	26	953000	97	4000	1920	408	24	116	184	144	236	120	116	72	32	32	332
29792237_zpid	29792237_zpid	10473	2045 Caesar Pl, Bronx, NY 10473	40.817891	-73.8524489	0.356604387422	3	0.471694217892	3	1.82498839004	0	5	3.5	2325	450000	5	2000	1988	43	12	19	16	11	15	13	7	14	10	6	52
112501012_zpid	112501012_zpid	11223	2338 W 11TH St, Brooklyn, NY 11223	40.590489	-73.981457	0.184860812856	4	0.369625403257	2	0.267809637357	3	5	7	3120	880000	15	2000	2013	36	36	16	40	24	60	32	48	44	8	8	72
29833413_zpid	29833413_zpid	10466	1040 E 225th St, Bronx, NY 10466	40.8843729	-73.850513	0.13339908552	5	0.134204913149	2	0.921480576852	0	6	3	3063	385000	6	5471	1930	50	9	24	18	14	53	8	4	26	17	9	63
30789042_zpid	30789042_zpid	11234	2440 E 63rd St, Brooklyn, NY 11234	40.610779	-73.909933	0.610627135075	3	0.720484569968	1	4.02251897698	0	3	2.5	1224	403000	148	1800	1960	2	6	2	3	3	17	7	13	15	1	1	31
30601776_zpid	30601776_zpid	11233	18 Jardine Pl, Brooklyn, NY 11233	40.6764816	-73.905436	0.450536137502	5	0.438109612564	3	0.234325393686	8	4	5	2088	490000	30	1564	1920	123	14	68	108	70	24	22	14	34	43	17	115
30746676_zpid	30746676_zpid	11229	2307 E 14th St, Brooklyn, NY 11229	40.59396	-73.95612	0.104323642232	14	0.222445954201	7	0.164514660797	2	4	1.5	1479	495000	28	2000	1920	80	18	14	19	20	35	16	18	9	7	4	79
29852799_zpid	29852799_zpid	10471	4637 Grosvenor Ave, Bronx, NY 10471	40.895013	-73.90635	0.833411203956	0	1.09364382246	0	0.884412183261	0	3	2	2300	875000	9	4624	1930	1	5	2	4	1	0	33	3	5	0	1	14
30611369_zpid	30611369_zpid	11216	1494 Fulton St, Brooklyn, NY 11216	40.6797526	-73.9410052	0.153975158077	8	0.282889971338	7	0.0224909655207	3	3	1	4340	781850	45	1892	1910	154	75	75	111	63	21	30	18	34	34	25	176
30740647_zpid	30740647_zpid	11235	3014 Coney Island Ave, Brooklyn, NY 11235	40.58292	-73.960335	0.212545229498	10	0.151965958304	7	0.590401461451	2	6	3	2508	550000	20	1352	1920	724	140	188	288	164	312	204	140	160	96	100	768
29818144_zpid	29818144_zpid	10462	2032 Matthews Ave, Bronx, NY 10462	40.851616	-73.86273	0.262710672402	11	0.408804343785	5	0.359156848086	3	3	2	2024	495000	0	2500	1955	404	33	81	56	72	60	47	19	30	29	24	194
30647881_zpid	30647881_zpid	11207	919 Ashford St, Brooklyn, NY 11207	40.660067	-73.878494	0.293565619385	4	0.405852936147	3	0.822248098314	0	4	3	1224	445000	0	1799	1960	44	12	32	44	28	28	56	12	8	8	4	96
30638532_zpid	30638532_zpid	11208	327 Shepherd Ave, Brooklyn, NY 11208	40.677083	-73.881237	0.320800943213	9	0.379814998501	4	0.331287737987	3	8	4	3360	566500	51	2000	1899	142	21	73	96	75	40	46	24	33	39	12	197
30601817_zpid	30601817_zpid	11206	11 Lewis Ave, Brooklyn, NY 11206	40.69767	-73.937686	0.122910687272	9	0.165284038397	4	0.178832539217	2	5	2	10440	335000	43	2610	1901	92	59	33	53	36	39	33	18	33	24	13	182
30666680_zpid	30666680_zpid	11218	125 Stratford Rd, Brooklyn, NY 11218	40.64566	-73.9687639	0.229033531099	10	0.595363498827	2	0.393956646359	4	7	4	2865	2375000	0	5000	1899	76	29	38	56	48	29	17	15	20	20	6	118
29789411_zpid	29789411_zpid	10470	274 E 238th St, Bronx, NY 10470	40.899354	-73.868135	0.484466091899	3	0.23026152966	1	0.624845866081	1	3	2.5	1782	500000	3	1807	1964	264	72	48	92	36	172	56	80	68	20	20	348
30624539_zpid	30624539_zpid	11206	42 Bushwick Pl, Brooklyn, NY 11206	40.707437	-73.9388137	0.112366390343	11	0.396824477732	5	0.0936882017512	3	3	2	1450	1325000	0	1535	1860	58	156	33	39	19	19	28	13	17	10	6	116
30788203_zpid	30788203_zpid	11234	312 Mayfair Dr N, Brooklyn, NY 11234	40.6096829	-73.9040909	0.939912029635	0	0.953773457484	0	4.1199563575	0	4	5	4500	2299000	0	5600	1965	0	8	1	6	0	2	7	4	7	2	0	25
30655734_zpid	30655734_zpid	11203	667 E 49th St, Brooklyn, NY 11203	40.645319	-73.930414	0.351313153877	8	0.51645458918	2	1.56658748303	0	5	2.5	2200	504000	4	2200	1930	65	23	16	18	18	40	25	8	14	13	5	112
30694546_zpid	30694546_zpid	11209	454 73rd St, Brooklyn, NY 11209	40.631248	-74.023133	0.135123596987	17	0.221195804596	4	0.261596618086	2	2	1	2200	439000	164	1810	1905	60	43	42	51	27	40	51	60	25	17	6	166
30575454_zpid	30575454_zpid	11220	725 45th St, Brooklyn, NY 11220	40.644887	-74.001979	0.199714659724	8	0.186620110535	9	0.665220023157	1	4	3	2508	1050000	12	1903	1930	312	124	140	204	152	212	176	52	92	48	20	484
29851753_zpid	29851753_zpid	10463	3126 Fairfield Ave, Bronx, NY 10463	40.883778	-73.913646	0.325441092219	9	0.414112043423	2	0.900746816823	0	3	1.5	1326	637500	27	3698	1930	58	12	6	26	12	22	45	13	14	4	5	62
30720523_zpid	30720523_zpid	11223	1637 W 7th St, Brooklyn, NY 11223	40.6069964	-73.9802937	0.239099049939	12	0.256351964029	6	0.342166028514	3	3	3	1358	650000	32	1850	1930	344	80	144	88	120	292	68	132	52	44	12	348
30778227_zpid	30778227_zpid	11236	9320 Avenue M, Brooklyn, NY 11236	40.6352819	-73.8958	0.261430127114	6	0.257450330225	4	1.36519581062	0	4	4	2772	520000	15	2379	1940	36	21	23	27	6	61	26	14	15	13	3	86
29827918_zpid	29827918_zpid	10469	951 E 221st St, Bronx, NY 10469	40.882803	-73.8544639	0.314045321305	4	0.474578442361	2	0.703871855656	1	5	2	2040	323500	32	2038	1935	62	15	26	27	25	32	4	3	18	8	2	48
29779589_zpid	29779589_zpid	10456	1228 Tinton Ave, Bronx, NY 10456	40.8299049	-73.899734	0.164596857459	6	0.193347931258	9	0.665692296734	1	8	3	2754	489000	0	2915	1910	177	13	86	99	61	40	7	7	16	34	19	148
29813396_zpid	29813396_zpid	10462	1811 Wallace Ave, Bronx, NY 10462	40.846029	-73.863839	0.0643177106982	8	0.0474771888048	3	0.498303329627	1	4	2	1909	475000	71	4748	1899	105	21	65	79	56	80	36	20	27	29	17	158
30604952_zpid	30604952_zpid	11233	142 Ralph Ave, Brooklyn, NY 11233	40.685082	-73.923441	0.270956237128	9	0.583325077603	4	0.5158400129	3	3	1	4875	1750000	2	2500	1927	132	46	91	96	79	12	18	12	39	61	16	190
29845878_zpid	29845878_zpid	10465	3267A Barkley Ave, Bronx, NY 10465	40.8341678	-73.8178505	0.224225960962	3	0.249204195502	1	1.87537555107	0	3	1	903	293550	11	866	1940	4	3	5	8	6	12	21	23	12	4	3	36
55677049_zpid	55677049_zpid	11207	433 Alabama Ave, Brooklyn, NY 11207	40.665459	-73.896835	0.442717610278	4	0.203387169871	9	0.18774557852	5	3	1.5	1296	102000	200	3617	1998	194	11	114	117	131	21	38	12	34	36	16	198
30618954_zpid	30618954_zpid	11211	409 Grand St, Brooklyn, NY 11211	40.7118858	-73.953944	0.158269904916	20	0.292627212009	6	0.280726540129	5	2	1	3954	75000	236	1500	1899	576	1412	352	448	324	152	160	96	120	92	108	1300
29784635_zpid	29784635_zpid	10457	612 E 181st St, Bronx, NY 10457	40.849997	-73.890606	0.262262832686	13	0.549570790978	4	0.829888260099	0	4	3	1352	349000	0	1825	1901	952	224	552	592	480	120	68	48	204	228	108	908
30747669_zpid	30747669_zpid	11235	2477 E 12th St, Brooklyn, NY 11235	40.589961	-73.9584905	0.290555985393	11	0.424181549005	4	0.500740513323	2	4	3	1872	835000	1	1710	1930	44	16	9	26	14	42	29	27	22	8	2	84
30769400_zpid	30769400_zpid	11236	927 E 86th St, Brooklyn, NY 11236	40.637962	-73.907945	0.166411619136	7	0.383873888416	2	1.09603014635	0	5	3	2750	450000	14	3996	1960	42	7	24	17	12	82	29	15	27	13	8	115
30766801_zpid	30766801_zpid	11236	592 E 81st St, Brooklyn, NY 11236	40.639257	-73.916499	0.481751608424	6	0.520358580118	2	1.48630514423	0	6	6	3340	500000	13	2800	1965	104	32	72	60	32	168	104	40	100	32	32	260
30705366_zpid	30705366_zpid	11228	1123 Bay Ridge Pkwy # A, Brooklyn, NY 11228	40.622756	-74.010994	0.390743391939	7	0.415039084972	3	1.07248431246	0	3	1	1883	685000	25	1306	1925	11	13	3	21	3	45	45	38	14	2	4	72
29816451_zpid	29816451_zpid	10461	1516 Mcdonald St, Bronx, NY 10461	40.8552521	-73.8432663	0.736040590978	2	1.1126853681	0	1.10236742195	0	3	1.5	1660	222000	188	4390	1956	25	3	8	12	17	3	9	4	6	4	5	53
64702399_zpid	64702399_zpid	11205	197 Spencer St APT 5A, Brooklyn, NY 11205	40.6922463	-73.9546148	0.195901545696	9	0.16874208061	4	0.360731843081	3	2	1.5	1179	395557	136	4000	2004	143	72	36	62	36	35	45	33	26	15	20	163
29843322_zpid	29843322_zpid	10465	3175 Parsifal Pl, Bronx, NY 10465	40.839838	-73.822185	0.57795884581	2	0.538215140708	2	1.16921360192	0	3	3	1280	425000	14	2120	1927	1	13	7	2	3	4	29	13	7	2	2	33
30692939_zpid	30692939_zpid	11209	80 Mackay Pl, Brooklyn, NY 11209	40.636151	-74.033042	0.204318736651	8	0.477991267063	2	0.827037482402	0	3	1	1501	810000	21	2056	1950	112	7	11	22	16	35	21	87	18	4	2	70
30745101_zpid	30745101_zpid	11229	2135 E 28th St, Brooklyn, NY 11229	40.599347	-73.943351	0.212060848538	6	0.0753322808482	2	1.06313751548	0	2	2	2000	530000	15	16	1940	20	18	11	16	9	13	33	15	22	3	5	109
30791370_zpid	30791370_zpid	11235	1601 Oriental Blvd, Brooklyn, NY 11235	40.578656	-73.938751	0.615219381086	1	1.41459987589	0	1.59291999228	0	2	2	1634	595000	50	2482	1925	2	5	0	6	0	12	11	3	8	1	1	19
30612691_zpid	30612691_zpid	11238	272 Lafayette Ave, Brooklyn, NY 11238	40.688017	-73.965159	0.120010029245	12	0.147295548937	4	0.0693215117254	3	6	5.5	3176	1650000	29	2027	1899	106	44	61	84	71	25	34	10	33	20	16	127
30742458_zpid	30742458_zpid	11229	1974 E 28th St, Brooklyn, NY 11229	40.603045	-73.94464	0.304568658163	3	0.35249399605	2	1.04124839619	0	5	2.5	1785	575000	28	1775	1930	23	19	10	22	8	33	39	17	29	2	3	116
30613109_zpid	30613109_zpid	11238	384 Vanderbilt Ave, Brooklyn, NY 11238	40.685827	-73.9687	0.222123077051	10	0.241114231803	4	0.295973854687	5	5	5	3360	3500000	15	1867	1931	112	59	55	73	58	32	33	10	24	23	22	114
30723902_zpid	30723902_zpid	11230	825 E 18th St, Brooklyn, NY 11230	40.630738	-73.959202	0.16434561032	8	0.521013363277	5	0.262858388062	3	5	4	3000	1250000	22	5000	1907	141	18	76	79	86	41	30	33	16	19	4	106
30704611_zpid	30704611_zpid	11204	1948 72nd St, Brooklyn, NY 11204	40.6129869	-73.991154	0.126405440486	13	0.131905162984	8	0.714551934544	1	7	3	2640	1300000	3	2500	1930	60	14	23	41	25	50	30	23	22	11	4	121
30621701_zpid	30621701_zpid	11222	641 Humboldt St, Brooklyn, NY 11222	40.724455	-73.9455459	0.0885062921962	13	0.220686896464	2	0.483913678999	1	2	3	1852	835000	39	1617	1901	140	288	88	180	52	80	148	84	108	44	60	756
29844149_zpid	29844149_zpid	10465	3285 Lucerne St, Bronx, NY 10465	40.843075	-73.818175	0.935904896724	0	0.671562585652	1	1.28146248055	0	5	2	2308	580000	20	4000	1960	1	9	4	4	0	15	23	13	7	1	0	35
29836268_zpid	29836268_zpid	10466	2078 Edenwald Ave, Bronx, NY 10466	40.893334	-73.840594	0.780647453524	0	0.497076771424	3	0.994291282106	0	3	3	1700	355000	28	2134	1930	35	4	13	18	5	71	40	12	28	11	5	72
68310418_zpid	68310418_zpid	11221	432 Lexington Ave, Brooklyn, NY 11221	40.688244	-73.9438009	0.174178663311	10	0.21398416573	5	0.68507931374	1	6	3	3240	1399999	0	1799	2005	592	164	308	412	312	84	100	28	112	168	64	664
29833740_zpid	29833740_zpid	10466	1065 E 231st St, Bronx, NY 10466	40.888765	-73.847064	0.266147682259	5	0.0558408123125	3	1.00511352082	0	3	2	1628	220000	10	2188	1925	46	13	21	22	11	64	18	4	33	14	9	69
30772021_zpid	30772021_zpid	11236	1373 E 88th St, Brooklyn, NY 11236	40.631489	-73.898428	0.550534599726	4	0.243861859416	2	1.71272955073	0	5	2	2412	569000	0	2413	1960	44	11	22	25	9	54	25	11	26	9	9	70
29793718_zpid	29793718_zpid	10473	2167 Turnbull Ave, Bronx, NY 10473	40.824161	-73.849505	0.420688949028	4	0.465671206043	3	1.14097068043	0	5	2	1760	440000	94	25	1970	41	19	17	10	8	29	13	6	12	7	8	56
30673987_zpid	30673987_zpid	11218	369 E 7th St, Brooklyn, NY 11218	40.642873	-73.9722759	0.17248016848	11	0.37244529745	7	0.638607457638	3	4	3	2470	875000	8	2410	1925	164	52	63	82	50	53	46	32	32	21	11	205
30596846_zpid	30596846_zpid	11213	1445 Lincoln Pl, Brooklyn, NY 11213	40.669869	-73.928727	0.156122343016	13	0.249297747919	7	0.371974073728	1	6	3	2280	450000	5	2800	1901	412	41	234	230	215	46	29	13	40	94	32	340
30670038_zpid	30670038_zpid	11210	698 E 22nd St, Brooklyn, NY 11210	40.635181	-73.956445	0.39092050711	10	0.48933254211	5	0.536374874263	1	5	5	2678	783000	55	5000	1901	50	16	35	37	41	24	10	12	15	14	4	88
30602998_zpid	30602998_zpid	11221	952 Greene Ave, Brooklyn, NY 11221	40.690626	-73.929702	0.21179991885	9	0.323323343004	3	0.311495620122	2	8	3	3420	945000	8	1899	1899	204	66	107	136	122	56	35	18	41	61	39	298
30697656_zpid	30697656_zpid	11228	7920 11th Ave, Brooklyn, NY 11228	40.620413	-74.014872	0.539842095121	2	0.737058255433	2	1.17057085178	0	3	2.5	1920	752000	27	1999	1925	15	8	6	16	6	27	47	21	20	3	4	45
29825359_zpid	29825359_zpid	10467	3308 Capuchin Way, Bronx, NY 10467	40.872991	-73.863879	0.216645707676	8	0.296270461568	3	0.331043932099	2	6	5	2751	550000	27	3367	2015	211	31	81	85	77	39	25	8	30	35	15	165
30787481_zpid	30787481_zpid	11234	2769 E 63rd St, Brooklyn, NY 11234	40.6064549	-73.914328	1.05916333718	0	1.27035765947	0	3.60511952609	0	3	4	2028	689000	7	1800	1965	3	4	2	5	3	17	4	26	19	2	1	25
29792956_zpid	29792956_zpid	10473	2124 Virgil Pl, Bronx, NY 10473	40.822035	-73.850468	0.383297720757	3	0.307303343473	4	1.36651720347	0	6	3	3600	327000	8	3600	1920	56	20	23	19	12	26	15	5	15	8	6	65
30629636_zpid	30629636_zpid	11207	1258 Bushwick Ave, Brooklyn, NY 11207	40.687057	-73.914345	0.266869047195	7	0.18347115229	3	0.203482226291	3	8	8.5	4000	580000	37	1500	1915	260	60	216	300	184	64	84	36	64	124	56	444
29827497_zpid	29827497_zpid	10469	938 E 213th St, Bronx, NY 10469	40.877001	-73.857937	0.292232369261	6	0.651087684368	1	0.714414547702	1	3	1	3179	339000	0	3179	1910	50	5	28	43	23	54	10	6	25	23	15	71
30639508_zpid	30639508_zpid	11207	423 Miller Ave, Brooklyn, NY 11207	40.6704671	-73.8904987	0.238901423725	5	0.22601022076	5	0.25751278475	5	4	2	780	436000	12	1900	1930	124	20	102	104	103	49	38	19	48	49	24	245
30721110_zpid	30721110_zpid	11223	1662 E 8th St, Brooklyn, NY 11223	40.60806	-73.965238	0.21336966248	7	0.385940510417	4	0.63103020103	2	3	1.5	1370	720000	7	2049	1930	62	14	12	27	28	19	19	13	21	11	5	88
30696740_zpid	30696740_zpid	11209	75 79th St, Brooklyn, NY 11209	40.6304858	-74.0358313	0.562909580079	6	0.931107444857	0	0.875902976885	0	3	4	2086	1650000	0	3500	1920	19	8	5	8	7	24	27	40	11	2	1	44
