30591171_zpid	30591171_zpid	11216	1420 Pacific St, Brooklyn, NY 11216	40.6770349	-73.943084	0.162797192633	10	0.32367304826	8	0.372204020496	3	6	1	3576	1500000	0	2143	1901	193	54	95	114	98	29	22	6	39	37	20	174
30775066_zpid	30775066_zpid	11236	1310 E 91st St, Brooklyn, NY 11236	40.637794	-73.902323	0.351531152456	8	0.45072317053	1	0.987099591804	0	4	3	2300	480000	4	2250	1920	38	17	17	21	10	53	27	8	19	11	11	99
30637828_zpid	30637828_zpid	11207	99 Jerome St, Brooklyn, NY 11207	40.679791	-73.888105	0.133480697714	7	0.100560056266	5	0.293116773036	3	7	3	1890	400000	13	3563	1920	80	39	51	67	40	52	39	18	40	25	6	131
30695777_zpid	30695777_zpid	11209	255 77th St, Brooklyn, NY 11209	40.630459	-74.029242	0.139481651644	17	0.545569718186	4	0.325238699225	2	5	4.5	4069	1225000	57	4905	1910	89	44	39	29	28	52	53	87	14	16	7	130
30607920_zpid	30607920_zpid	11205	511 Lafayette Ave, Brooklyn, NY 11205	40.689773	-73.954248	0.215159948757	10	0.188396426327	6	0.224474528026	2	3	1	4300	1785000	2	4000	1915	114	49	26	43	24	24	24	29	16	10	14	107
30574139_zpid	30574139_zpid	11232	232 26th St, Brooklyn, NY 11232	40.658878	-73.997347	0.314969548208	5	0.199367061325	1	0.180389142838	1	4	2.5	1800	900000	24	2500	1910	38	41	19	24	12	14	36	27	18	5	8	81
30793481_zpid	30793481_zpid	11229	12 Cyrus Ave, Brooklyn, NY 11229	40.5877162	-73.925993	0.402492723682	2	1.22219378503	0	2.38250207545	0	4	2	1320	485000	49	3600	1930	1	3	1	15	0	1	30	10	20	1	3	36
30738911_zpid	30738911_zpid	11223	2404 E 4th St, Brooklyn, NY 11223	40.591435	-73.96689	0.182527252275	6	0.702584483749	1	0.654152066572	1	4	3	2005	804000	14	2000	1945	192	32	44	92	40	140	152	100	52	8	12	256
30669990_zpid	30669990_zpid	11230	1110 Ocean Ave, Brooklyn, NY 11230	40.635303	-73.95857	0.289913355747	11	0.309438035391	4	0.357594410319	2	6	4.5	4232	770000	82	5575	1899	53	11	42	41	49	19	13	4	6	10	1	51
29826893_zpid	29826893_zpid	10467	758 E 220th St, Bronx, NY 10467	40.8833879	-73.860496	0.202908449966	6	0.378921216033	2	0.193325154203	2	6	3	1812	529000	11	1835	1901	158	11	83	103	86	70	16	3	30	49	9	162
30695940_zpid	30695940_zpid	11209	535 77th St, Brooklyn, NY 11209	40.627554	-74.022141	0.0991153960419	15	0.203140816131	3	0.374619820752	1	4	2	1600	742000	22	1956	1920	67	27	36	37	27	34	44	44	24	27	5	133
30638511_zpid	30638511_zpid	11208	729 Liberty Ave, Brooklyn, NY 11208	40.676633	-73.882872	0.206694401896	9	0.382774034956	4	0.331257964351	4	3	2	1320	370000	0	2500	1901	109	21	61	81	56	37	32	21	34	37	13	166
2099139795_zpid	2099139795_zpid	11235	3042 Brighton 14 St # 1, Brooklyn, NY 11235	40.57889	-73.955556	0.102799909446	9	0.260225712095	6	0.50255835564	1	8	5	4047	1300000	0	2300	1931	796	212	228	272	204	224	220	112	164	120	56	728
30623038_zpid	30623038_zpid	11211	191 Devoe St # 4, Brooklyn, NY 11211	40.7140909	-73.9427667	0.18748087644	12	0.116940816957	4	0.120685613352	4	4	5	3450	8000	323	1725	1920	38	94	19	59	27	37	51	7	32	15	21	191
30726372_zpid	30726372_zpid	11230	1523 E 14th St, Brooklyn, NY 11230	40.61227	-73.959585	0.3755387285	5	0.280257544323	7	0.427259561096	2	6	5	2638	749000	57	3000	1920	308	80	168	204	152	336	104	136	100	32	8	492
30602125_zpid	30602125_zpid	11221	1075 Dekalb Ave, Brooklyn, NY 11221	40.693764	-73.932537	0.165079564191	11	0.406541428729	3	0.317725504011	3	4	1	3000	350000	37	2178	1991	556	344	296	380	364	192	144	68	112	180	152	924
29812739_zpid	29812739_zpid	10460	643 Mead St, Bronx, NY 10460	40.842888	-73.866274	0.314679973245	9	0.436554907702	5	0.617517728977	2	6	3	1836	540500	2	1873	1925	130	14	37	47	46	44	13	10	23	31	23	91
29844167_zpid	29844167_zpid	10465	3345 Lucerne St, Bronx, NY 10465	40.843076	-73.81665	0.969518337351	0	0.795724582212	0	1.40352269885	0	3	2.5	1870	500000	7	2900	1970	1	8	4	4	0	10	18	10	5	1	0	30
30791411_zpid	30791411_zpid	11235	138 Oxford St, Brooklyn, NY 11235	40.579833	-73.938288	0.487468904074	1	1.28665960978	0	1.55487880298	0	6	4	2500	615000	129	2500	1925	9	6	4	10	8	12	14	3	15	2	1	31
30744700_zpid	30744700_zpid	11229	2585 Ocean Ave, Brooklyn, NY 11229	40.59845	-73.950907	0.203724262202	8	0.294454888813	7	0.434893491624	2	3	2	5000	485000	109	5400	1925	99	34	29	29	48	64	48	25	29	15	7	167
30699867_zpid	30699867_zpid	11209	66 87th St, Brooklyn, NY 11209	40.624092	-74.038152	0.18658851124	7	0.690050128697	1	0.838845914351	0	6	5.5	7500	3100000	8	5000	1925	26	19	7	25	8	22	25	14	11	2	1	57
30602470_zpid	30602470_zpid	11221	874 Lafayette Ave, Brooklyn, NY 11221	40.691201	-73.937623	0.186091940885	9	0.384771782017	5	0.688868802553	1	5	2.5	2622	175000	32	1942	1899	206	53	99	138	85	36	25	13	34	52	33	222
30768693_zpid	30768693_zpid	11236	726 E 85th St, Brooklyn, NY 11236	40.638683	-73.9109409	0.170446204441	7	0.262563371882	2	1.17345718687	0	3	3	1200	419000	25	4000	1965	40	6	27	20	11	79	36	14	26	15	10	112
30705399_zpid	30705399_zpid	11228	1265 Bay Ridge Pkwy, Brooklyn, NY 11228	40.620806	-74.007762	0.0830321924071	7	0.155073345099	2	0.763955010119	0	7	3	3120	650000	94	2000	1915	10	10	6	25	6	49	52	50	21	2	2	74
29815585_zpid	29815585_zpid	10461	2964 Daniel St, Bronx, NY 10461	40.844216	-73.83135	0.14172967656	5	0.468003489719	2	0.306466126414	2	5	3	2636	555000	25	2500	1940	130	17	28	25	26	54	36	22	14	17	8	124
30714244_zpid	30714244_zpid	11214	199 Bay 25th St, Brooklyn, NY 11214	40.600097	-74.00136	0.168094943533	6	0.199785421209	6	0.564951406789	2	4	3	2146	769000	58	2900	1920	179	17	45	50	35	72	44	32	16	14	11	125
30788818_zpid	30788818_zpid	11234	2631 E 64th St, Brooklyn, NY 11234	40.608044	-73.910418	0.882701964535	0	1.02712227088	0	3.96770513273	0	7	5	3486	815000	5	2900	1960	3	6	2	7	3	19	6	27	22	2	1	33
30719308_zpid	30719308_zpid	11204	1517 W 9th St APT 4B, Brooklyn, NY 11204	40.6097778	-73.9827363	0.0525014316363	13	0.151901685398	7	0.245172198821	2	2	2	1384	590000	2	3000	2005	580	116	160	212	260	312	100	132	76	48	32	548
30752925_zpid	30752925_zpid	11210	1174 E 38th St, Brooklyn, NY 11210	40.6264169	-73.939549	0.346025420132	4	0.680026461263	2	0.988989120732	0	9	3	3720	739000	0	2000	1925	360	40	180	184	144	264	176	80	120	64	56	428
30633283_zpid	30633283_zpid	11212	909 Thomas S Boyland St, Brooklyn, NY 11212	40.658156	-73.910387	0.199664243547	6	0.269716257536	5	0.507720552083	2	4	3	2014	450000	35	2000	1930	744	64	516	468	344	120	144	52	208	128	64	828
30594712_zpid	30594712_zpid	11225	234 Sullivan Pl, Brooklyn, NY 11225	40.664309	-73.953173	0.348740630005	8	0.23765596973	6	0.262499781405	3	2	1	2400	440000	33	2439	1920	528	100	207	197	198	23	35	16	45	88	20	306
30620733_zpid	30620733_zpid	11222	151 Mcguinness Blvd, Brooklyn, NY 11222	40.727421	-73.950165	0.159503157857	14	0.251500942619	5	0.32401365619	2	7	4.5	4012	3750000	0	2500	1899	228	336	104	200	76	144	140	132	76	72	60	788
30634673_zpid	30634673_zpid	11207	347 Pennsylvania Ave, Brooklyn, NY 11207	40.668863	-73.894729	0.0872942544904	5	0.0834220117687	9	0.470867473127	6	3	2	2700	80000	134	2000	1901	127	15	103	111	109	22	41	10	35	35	21	203
30663529_zpid	30663529_zpid	11203	914 E 46th St, Brooklyn, NY 11203	40.638814	-73.9331909	0.315029071483	7	1.18807930643	0	1.29206123598	0	5	2	1392	425000	18	2400	1930	120	44	52	64	48	160	100	40	88	52	24	360
30787008_zpid	30787008_zpid	11234	2032 E 55th St, Brooklyn, NY 11234	40.612533	-73.921077	0.383575595772	2	1.11633624833	0	3.13425045413	0	3	1	1152	400000	20	2000	1925	15	5	9	10	10	31	20	14	18	5	6	98
29791750_zpid	29791750_zpid	10473	2238 Lacombe Ave, Bronx, NY 10473	40.816876	-73.845934	0.309445501032	3	0.271161004502	2	1.9968108004	0	5	2	1558	400000	36	1767	1960	14	3	13	2	3	11	7	3	7	3	3	40
30614867_zpid	30614867_zpid	11205	27 N Elliott Pl, Brooklyn, NY 11205	40.697353	-73.977215	0.424753122558	4	0.530057091906	2	0.90311595121	0	5	3	1575	350000	12	1465	1899	16	8	5	13	13	22	4	18	0	11	5	42
30707075_zpid	30707075_zpid	11228	1320 77th St, Brooklyn, NY 11228	40.618653	-74.00826	0.0574685240167	7	0.372446985439	1	0.800746637645	0	3	3	1440	938000	0	1598	1925	9	15	5	26	3	44	50	43	19	2	3	69
29796810_zpid	29796810_zpid	10472	2167 Bruckner Blvd, Bronx, NY 10472	40.827727	-73.850573	0.0709087579631	7	0.616751261982	1	0.735086446903	1	8	3	2469	620000	111	2613	1901	40	11	12	27	16	20	19	5	14	10	8	49
30665440_zpid	30665440_zpid	11225	243 Winthrop St, Brooklyn, NY 11225	40.657204	-73.951978	0.132788056299	10	0.129183852662	8	0.16713520662	3	4	2	1984	587465	27	2014	1905	900	112	352	336	264	152	112	32	92	140	28	576
30740277_zpid	30740277_zpid	11235	2615 E 6th St, Brooklyn, NY 11235	40.5865173	-73.9635887	0.293172911697	8	0.284796320062	4	0.798624286979	0	4	2	2000	835000	0	2787	1950	68	56	48	68	32	144	176	100	68	28	20	276
30778779_zpid	30778779_zpid	11236	10521 Flatlands 7th St, Brooklyn, NY 11236	40.640939	-73.886383	0.813467771489	0	0.658870664035	2	1.45310866669	0	4	4	2392	629000	6	4167	1960	68	4	48	48	28	12	48	12	44	12	8	160
30702489_zpid	30702489_zpid	11209	264 Battery Ave, Brooklyn, NY 11209	40.613394	-74.026433	0.427202789621	9	0.58729182355	2	0.510640474132	1	3	1.75	2072	850000	7	2160	1925	38	6	7	6	9	11	19	3	3	1	3	27
30592727_zpid	30592727_zpid	11216	158 Rogers Ave, Brooklyn, NY 11216	40.671123	-73.953447	0.272249192761	13	0.30064475319	3	0.272909598047	5	1	1	400	3150000	33	2783	1931	206	58	109	122	110	19	31	7	29	39	25	182
30700947_zpid	30700947_zpid	11209	361 92nd St, Brooklyn, NY 11209	40.618946	-74.030824	0.14893169034	14	0.154479259287	5	0.310366221849	2	7	3	3046	1450000	0	2256	1955	119	60	32	48	35	75	42	27	11	9	8	209
30749555_zpid	30749555_zpid	11235	2612 E 11th St, Brooklyn, NY 11235	40.587018	-73.959601	0.126302185015	8	0.398224764679	4	0.460595218509	1	4	2.5	2052	650000	20	1956	1955	384	64	80	172	112	216	140	128	112	48	44	424
30780730_zpid	30780730_zpid	11234	39 Georgetown Ln, Brooklyn, NY 11234	40.622213	-73.9134739	0.379550745562	5	0.651465883003	1	2.89254029736	0	3	4.5	1616	560000	15	2657	1998	84	12	36	52	12	188	116	88	80	16	32	380
30671052_zpid	30671052_zpid	11218	72 E 3rd St, Brooklyn, NY 11218	40.650574	-73.979047	0.243419908675	9	0.094097120417	3	0.289786376477	2	6	3	1960	940000	28	1916	1910	21	23	13	22	14	25	23	24	16	2	3	61
30722716_zpid	30722716_zpid	11223	1875 W 10th St, Brooklyn, NY 11223	40.601295	-73.981989	0.0950934506673	9	0.529076324844	6	0.323578867827	3	4	3	1440	683000	32	2000	1925	50	24	22	19	15	60	26	46	18	6	4	83
29826625_zpid	29826625_zpid	10467	717 E 213th St, Bronx, NY 10467	40.8790985	-73.8644657	0.124487839944	4	0.123876500007	2	0.237494803405	3	8	3	2920	448050	29	2500	1975	820	68	320	332	280	200	104	16	128	136	68	712
30641310_zpid	30641310_zpid	11207	633 Miller Ave, Brooklyn, NY 11207	40.665018	-73.888999	0.31912872991	8	0.24388834791	9	0.0768677754691	3	11	6	3485	137000	307	2660	1925	247	19	155	148	148	30	42	11	64	81	21	272
30618385_zpid	30618385_zpid	11211	186 N 9th St, Brooklyn, NY 11211	40.71837	-73.956093	0.0925055404596	12	0.178467349414	4	0.135994137994	2	4	2	1500	999000	34	2000	1910	168	472	60	220	72	104	144	56	44	44	56	572
30606016_zpid	30606016_zpid	11233	75 Bainbridge St, Brooklyn, NY 11233	40.680819	-73.934403	0.267101594027	9	0.266638239626	4	0.349905243636	2	10	4	4484	2100000	0	1899	1910	264	188	236	288	200	24	84	12	92	84	48	412
30592440_zpid	30592440_zpid	11216	633 Saint Johns Pl, Brooklyn, NY 11216	40.6725055	-73.9570243	0.0460837893399	13	0.461482862	5	0.223464537101	6	5	3.5	2082	1860000	9	1073	1899	564	112	328	372	312	72	76	32	68	108	84	488
29811966_zpid	29811966_zpid	10462	1666 Castle Hill Ave, Bronx, NY 10462	40.8395765	-73.8524891	0.366935011732	12	0.352157390352	8	0.573694450173	2	8	3.5	3720	755000	108	1781	1901	104	15	26	37	27	30	20	11	26	12	4	83
29843395_zpid	29843395_zpid	10465	1110 Stadium Ave, Bronx, NY 10465	40.836247	-73.817012	0.323247899678	3	0.316456021	1	1.76043622517	0	2	1	136913	220000	29	49222.799999999996	1963	4	3	5	4	6	8	16	11	9	3	3	28
30661209_zpid	30661209_zpid	11226	3016 Clarendon Rd, Brooklyn, NY 11226	40.643059	-73.948132	0.214161938813	9	0.0349028777658	5	0.237486018024	2	5	3.5	2080	699000	0	1598	1905	228	67	90	107	85	62	37	9	19	47	22	190
30733802_zpid	30733802_zpid	11224	4030 Surf Ave, Brooklyn, NY 11224	40.574892	-74.007078	0.567722016334	2	0.517344924797	1	2.20331646223	0	5	2.5	3000	471000	53	3000	1920	26	9	7	30	5	2	18	4	9	3	0	32
30793915_zpid	30793915_zpid	11229	31 Dare Ct, Brooklyn, NY 11229	40.5873863	-73.9214823	0.297115067338	1	1.59682888909	0	2.76262232755	0	2	1	752	215000	37	1800	1925	2	3	1	13	0	0	29	9	20	2	5	36
30794583_zpid	30794583_zpid	11229	69 Aster Ct, Brooklyn, NY 11229	40.5945139	-73.928001	0.218268162056	3	0.905229506659	0	2.29723110862	0	3	1.5	1392	190000	20	1785	1925	8	60	4	28	4	24	56	24	64	12	8	96
29783102_zpid	29783102_zpid	10460	772 Elsmere Pl, Bronx, NY 10460	40.8434454	-73.8891915	0.252332195362	5	0.662445671818	1	0.696342430696	1	3	2	1360	210000	23	2060	1901	191	11	92	78	84	13	13	5	31	29	17	136
30769581_zpid	30769581_zpid	11236	8918 Flatlands Ave, Brooklyn, NY 11236	40.639866	-73.906038	0.0611917847133	9	0.632351383774	1	0.834340609861	0	6	2	2200	549000	8	1647	1935	140	28	92	96	36	308	116	52	60	72	40	400
30569518_zpid	30569518_zpid	11231	274 Degraw St, Brooklyn, NY 11231	40.683826	-73.996438	0.133278895729	16	0.267676400225	4	0.387075319559	2	7	4	3400	3995000	0	2000	1900	23	44	17	46	16	16	45	22	24	3	11	145
29840142_zpid	29840142_zpid	10470	732 E 242nd St, Bronx, NY 10470	40.905187	-73.848343	0.161204468233	6	0.204213899917	3	0.298983148483	2	3	1.5	1665	418700	107	1742	1960	432	36	248	216	232	100	72	20	76	80	12	440
29835082_zpid	29835082_zpid	10466	2288 Light St, Bronx, NY 10466	40.887695	-73.82881	0.163250247853	2	0.237631154891	2	0.18316395143	1	3	2	1550	155000	257	2613	1925	15	8	9	12	0	15	19	11	11	2	1	47
29853394_zpid	29853394_zpid	10471	5844 Liebig Ave, Bronx, NY 10471	40.905983	-73.901994	0.108106845663	4	0.108020480587	2	1.04477062648	0	3	1	1254	562000	7	1748	1965	16	10	4	11	9	20	36	9	18	3	7	56
29777095_zpid	29777095_zpid	10455	439 E 147th St, Bronx, NY 10455	40.814272	-73.9170029	0.751871605557	0	0.250096005059	7	0.214135693723	1	2	1	900	355000	34	2003	1990	31	14	26	36	21	11	17	3	16	7	6	136
30612665_zpid	30612665_zpid	11238	368 Washington Ave, Brooklyn, NY 11238	40.687686	-73.9661069	0.0323229271898	10	0.0747681830983	3	0.090360877806	5	6	4	3650	1475000	104	2263	1899	120	51	71	85	71	29	34	5	32	21	20	130
30789200_zpid	30789200_zpid	11235	2929 Brighton 3rd St, Brooklyn, NY 11235	40.5799815	-73.9651669	0.150807905488	7	0.331088794781	7	0.417947603195	2	4	3	2	165000	309	1600	1910	468	216	288	376	216	240	152	100	180	88	96	960
30731854_zpid	30731854_zpid	11214	8876 24th Ave, Brooklyn, NY 11214	40.59433	-73.9958411	0.425238829967	4	0.645722643135	1	0.849324865947	0	7	4	1122	870000	44	1760	1960	104	20	64	84	40	136	104	44	56	36	8	248
30635122_zpid	30635122_zpid	11207	483 Pennsylvania Ave, Brooklyn, NY 11207	40.665506	-73.893885	0.287172882027	3	0.129658997011	8	0.129129474105	3	2	1	2000	215000	34	2000	1901	223	18	132	129	149	23	49	11	51	54	18	253
30631339_zpid	30631339_zpid	11207	100 Vanderveer St, Brooklyn, NY 11207	40.682088	-73.903212	0.281077687172	4	0.51268208426	1	0.164939753392	8	4	3	2364	500000	131	1300	1905	35	15	30	39	24	5	13	13	9	11	4	81
68310288_zpid	68310288_zpid	10473	589 Olmstead Ave, Bronx, NY 10473	40.817504	-73.8511429	0.290884525553	3	0.414041895963	2	1.86755803428	0	7	4	3400	495000	46	2482	2005	44	11	20	13	7	14	10	8	15	8	6	54
29786945_zpid	29786945_zpid	10463	115 Van Cortlandt Ave W, Bronx, NY 10463	40.884268	-73.893044	0.426160859838	3	0.151209318918	1	0.66013976282	1	3	2.5	2320	380000	54	3746	1940	459	13	35	46	39	19	27	17	19	10	9	81
30697218_zpid	30697218_zpid	11209	8034 Narrows Ave, Brooklyn, NY 11209	40.629281	-74.03782	0.716785141013	4	0.720608617609	1	1.04126796148	0	4	6	3031	2175000	3	4499	1935	2	5	0	3	0	6	21	17	8	0	1	34
29833261_zpid	29833261_zpid	10466	949 E 232nd St, Bronx, NY 10466	40.890595	-73.850199	0.0835559869204	5	0.372189326011	4	0.677000775979	1	5	3	2166	294000	154	2613	1930	81	10	39	27	29	79	32	9	27	15	13	90
30793382_zpid	30793382_zpid	11229	4 Frank Ct, Brooklyn, NY 11229	40.586113	-73.92079	0.449155315495	1	1.69647267649	0	2.82198202691	0	3	2	1120	280000	16	1785	1920	2	3	1	13	0	0	17	8	15	2	2	29
62635587_zpid	62635587_zpid	10473	301 Torry Ave, Bronx, NY 10473	40.813733	-73.849217	0.195095269458	3	0.714544101881	2	2.29628882668	0	4	3	2125	489500	31	7570	2003	56	16	40	16	16	64	32	44	24	28	16	136
30720525_zpid	30720525_zpid	11223	1629 W 7th St, Brooklyn, NY 11223	40.6071458	-73.9803222	0.253205827972	12	0.271005816768	6	0.35876989827	3	3	1.5	1344	899000	13	4200	1930	344	80	144	88	120	288	64	132	52	44	12	336
83044324_zpid	83044324_zpid	11226	342 Parkside Ave, Brooklyn, NY 11226	40.6557633	-73.9577233	0.15351221598	12	0.139333078788	6	0.322817398311	3	6	4	2864	1100000	0	1320	2007	366	83	187	196	176	37	30	19	50	47	17	260
30793908_zpid	30793908_zpid	11229	44 Dare Ct, Brooklyn, NY 11229	40.5880112	-73.9218778	0.222376057643	2	1.54656048487	0	2.73145820141	0	3	1	936	360000	21	2700	1925	2	3	1	13	0	0	31	10	24	2	5	38
30606931_zpid	30606931_zpid	11206	92 Tompkins Ave, Brooklyn, NY 11206	40.6961855	-73.946679	0.194055945681	7	0.441757908887	4	0.21202571856	3	2	1	2363	352000	24	1575	1920	480	148	288	436	204	224	88	176	120	120	112	668
30739815_zpid	30739815_zpid	11223	2536 W 3rd St, Brooklyn, NY 11223	40.5871939	-73.972712	0.125823916864	4	0.121213950093	1	0.299738884294	2	3	1	2665	655000	40	1983	1965	74	11	11	16	7	17	35	24	15	3	5	82
83044024_zpid	83044024_zpid	11213	519 Herkimer St, Brooklyn, NY 11213	40.67912	-73.936227	0.245051808148	8	0.190831006755	6	0.400993450166	2	8	5	4	720000	12	2000	2005	76	6	38	41	38	28	18	6	20	15	8	85
30770873_zpid	30770873_zpid	11236	18 Paerdegat 9th St, Brooklyn, NY 11236	40.629328	-73.905924	0.89395685506	0	0.908937862836	0	1.95918422224	0	1	1	2375	525000	14	1983	1965	172	12	44	80	32	204	64	20	88	12	24	156
30749385_zpid	30749385_zpid	11235	2521 E 26th St, Brooklyn, NY 11235	40.590703	-73.943634	0.201471212374	11	0.345287569175	3	0.985208712159	0	4	2.5	1728	630000	8	1875	1950	58	15	13	19	10	34	29	32	29	4	1	95
29842950_zpid	29842950_zpid	10461	1555 Jarvis Ave, Bronx, NY 10461	40.843698	-73.828003	0.151369636883	5	0.216591695709	1	0.517548550903	2	4	2	2432	275000	155	2375	1925	129	12	26	50	33	38	32	16	10	21	10	113
30702171_zpid	30702171_zpid	11209	432 Marine Ave, Brooklyn, NY 11209	40.613355	-74.031874	0.11679523615	9	0.394955997421	3	0.318565080808	1	3	1.25	1410	710000	10	1883	1925	224	100	64	72	72	184	132	136	28	28	16	344
29778620_zpid	29778620_zpid	10455	447 Jackson Ave, Bronx, NY 10455	40.8106719	-73.910418	0.278032042595	4	0.526507598072	4	0.318399179748	4	7	2	2580	650000	12	3594	1920	135	17	60	50	50	11	12	4	22	15	9	114
30793569_zpid	30793569_zpid	11229	22 Nova Ct, Brooklyn, NY 11229	40.58714	-73.924419	0.364429976978	2	1.36908039209	0	2.51397188731	0	3	2	1200	60000	109	1800	1925	2	3	1	14	0	0	31	11	22	2	5	40
