30608986_zpid	30608986_zpid	11216	308 Tompkins Ave, Brooklyn, NY 11216	40.687317	-73.9449659	0.0754190264284	9	0.292847431086	5	0.631984711223	1	3	1	4618	420000	47	1559	1931	117	28	57	96	74	16	20	10	31	43	19	145
83048461_zpid	83048461_zpid	11221	635 Lexington Ave, Brooklyn, NY 11221	40.689649	-73.935777	0.372831686765	11	0.375551700753	4	0.717229651712	1	3	2	1100	387000	76	2000	2005	816	180	460	664	400	156	136	68	152	240	152	964
30575551_zpid	30575551_zpid	11220	357 46th St, Brooklyn, NY 11220	40.649273	-74.0107869	0.174235043862	8	0.0949001245092	8	0.0757126075858	2	4	3	2500	995000	0	2003	1910	78	37	49	69	35	16	44	18	23	23	8	151
30572993_zpid	30572993_zpid	11231	128 2nd St, Brooklyn, NY 11231	40.6773517	-73.9912416	0.250448296412	9	0.341149037497	2	0.458426233185	3	3	3.5	2280	1300000	60	2000	1899	12	18	1	16	9	10	27	28	13	1	1	67
30595780_zpid	30595780_zpid	11233	1767 Dean St, Brooklyn, NY 11233	40.6759879	-73.929254	0.230938376092	8	0.412466662324	5	0.395918348033	2	6	2	1162	650000	0	1777	1920	54	17	42	48	35	9	13	1	16	20	8	86
111036814_zpid	111036814_zpid	10473	937 Havemeyer Ave, Bronx, NY 10473	40.826785	-73.846943	0.270858769969	4	0.736799568715	1	0.925018467064	0	3	3	2100	355000	32	2269	2013	13	7	3	6	2	15	9	4	6	4	3	26
30732598_zpid	30732598_zpid	11224	3748 Laurel Ave, Brooklyn, NY 11224	40.577851	-74.005268	0.483683031978	1	0.287894721676	1	2.03271946065	0	3	2	1750	445000	14	3000	1950	50	15	15	42	13	4	20	4	16	13	2	56
30595935_zpid	30595935_zpid	11213	1289 Saint Marks Ave, Brooklyn, NY 11213	40.674121	-73.926131	0.362243505715	10	0.551588292276	4	0.645106231659	2	3	2	1000	645000	13	1920	1910	564	48	376	396	320	72	44	12	76	128	48	584
29831777_zpid	29831777_zpid	10466	4043 Lowerre Pl, Bronx, NY 10466	40.890201	-73.860623	0.105874436079	4	0.379644461597	2	0.243723320479	4	6	4	2596	498750	17	3850	1899	1364	92	564	600	640	312	92	24	184	292	72	976
30569195_zpid	30569195_zpid	11231	23 Strong Pl, Brooklyn, NY 11231	40.685524	-73.997303	0.218255446642	16	0.207028329797	4	0.548081716645	2	5	4	2800	1965000	57	17	1900	22	41	16	46	10	17	31	13	21	3	8	111
30588056_zpid	30588056_zpid	11215	661 10th St, Brooklyn, NY 11215	40.664852	-73.978594	0.0981323114746	14	0.403882140133	3	0.214067847276	2	1	1	3928	2825000	35	1804	1910	44	48	18	33	14	12	45	30	18	6	8	126
30636448_zpid	30636448_zpid	11207	35 Bulwer Pl, Brooklyn, NY 11207	40.682848	-73.894112	0.383196080227	3	0.315961617712	3	0.602228469979	1	3	2	1564	675000	4	2625	1925	236	92	152	124	108	140	108	128	84	60	24	320
30581267_zpid	30581267_zpid	11232	814 41st St, Brooklyn, NY 11232	40.645716	-73.998211	0.0382432187986	5	0.113591326035	5	0.334512467338	2	6	2	3192	700000	105	2000	1899	67	33	28	29	26	52	17	12	7	8	5	79
30740309_zpid	30740309_zpid	11235	2634 E 7th St, Brooklyn, NY 11235	40.586244	-73.962155	0.222473851046	6	0.55258387353	4	0.680192833535	1	3	2	2068	565000	17	2200	1930	144	72	80	116	44	176	168	124	84	32	28	356
30742804_zpid	30742804_zpid	11229	1933 Batchelder St, Brooklyn, NY 11229	40.604567	-73.939465	0.267538182211	3	0.587590125948	3	1.51000414278	0	3	2.5	1256	700000	4	2600	1915	17	10	11	14	10	14	32	20	19	0	4	53
30731621_zpid	30731621_zpid	11214	162 Bay 49th St, Brooklyn, NY 11214	40.586514	-73.987442	0.302923763073	4	0.465792698461	1	0.404630292104	1	4	2	1440	615000	21	2900	1930	12	9	9	24	5	17	21	20	19	7	4	38
30573269_zpid	30573269_zpid	11231	320 Van Brunt St, Brooklyn, NY 11231	40.6791299	-74.0111571	0.109108539263	4	0.0249877604139	4	1.27628575978	0	4	4	4075	1200000	16	2250	1925	28	54	15	21	11	6	28	8	11	8	2	57
30780702_zpid	30780702_zpid	11234	38 Bergen Beach Pl, Brooklyn, NY 11234	40.621724	-73.914523	0.278569100642	5	0.660157590523	1	2.97453883283	0	4	3.5	2625	615000	13	2882	1998	18	4	4	10	2	44	28	21	19	5	7	102
30766005_zpid	30766005_zpid	11203	323 E 59th St, Brooklyn, NY 11203	40.646105	-73.920802	0.212439803455	3	0.894151891539	0	1.60190947951	0	2	2	1560	380000	9	1600	1940	68	12	16	24	12	36	68	20	16	4	16	128
83044387_zpid	83044387_zpid	11206	101 Hart St, Brooklyn, NY 11206	40.69354	-73.947529	0.09538462478	7	0.490950888042	4	0.251463877976	3	8	5.5	4124	1179000	0	1944	2007	360	116	268	384	208	132	72	148	116	112	92	560
30644932_zpid	30644932_zpid	11208	178 Fountain Ave, Brooklyn, NY 11208	40.675775	-73.875749	0.200430268099	10	0.175299020354	5	0.310738886647	3	3	2	889	265000	58	2000	1920	161	21	81	90	66	54	52	10	42	44	15	186
30702627_zpid	30702627_zpid	11219	1250 Bay Ridge Ave, Brooklyn, NY 11219	40.624059	-74.004971	0.131837825846	7	0.290735631356	3	0.716844129638	3	6	2	3177	688000	40	2308	1920	44	7	11	16	5	39	35	37	12	3	13	78
30676375_zpid	30676375_zpid	11230	829 Foster Ave, Brooklyn, NY 11230	40.631697	-73.968558	0.413141576219	10	0.232391961709	4	0.615778482226	3	4	1.5	1640	537000	55	2003	1920	87	41	59	48	54	59	44	56	30	17	13	164
30767316_zpid	30767316_zpid	11234	953 E 53rd St, Brooklyn, NY 11234	40.6359629	-73.925434	0.205119222317	4	0.62193004036	1	1.90810969446	0	4	2.5	2155	200000	169	2000	1950	25	7	2	9	3	17	16	6	15	4	1	40
30618386_zpid	30618386_zpid	11211	188 N 9th St, Brooklyn, NY 11211	40.71833	-73.956028	0.0884236457919	12	0.176258893569	4	0.138906306336	3	1	1	1750	980000	52	2500	1910	176	472	60	220	72	104	144	56	44	44	56	580
64427670_zpid	64427670_zpid	11222	99 Kingsland Ave APT 207, Brooklyn, NY 11222	40.7198076	-73.9409331	0.064860956611	9	0.427649227898	2	0.640223811024	1	1	1	600	445000	32	7500	2005	18	30	13	29	5	6	25	19	22	5	7	88
30614200_zpid	30614200_zpid	11216	100 Madison St, Brooklyn, NY 11216	40.6839299	-73.955099	0.231947749419	10	0.144152108379	7	0.339216415392	5	6	2	2808	1475000	12	1875	1899	147	119	67	80	58	25	33	15	22	33	45	194
30698248_zpid	30698248_zpid	11209	439 82nd St, Brooklyn, NY 11209	40.625273	-74.025904	0.154182220252	15	0.125450912061	4	0.356754739279	2	5	2	3760	820500	40	2450	1905	135	64	44	49	36	47	41	36	16	34	3	214
30744727_zpid	30744727_zpid	11229	2229 E 21st St, Brooklyn, NY 11229	40.5981979	-73.949839	0.16635979401	7	0.388955406128	7	0.52916527208	2	5	1.5	2144	909000	8	3000	1920	93	24	30	31	45	56	48	22	30	15	7	169
30642670_zpid	30642670_zpid	11208	198 Chestnut St, Brooklyn, NY 11208	40.683139	-73.875775	0.0348582178257	8	0.289172874406	7	0.168100274928	2	4	2	2860	488000	44	3750	1920	89	37	56	78	50	53	40	16	66	35	11	195
30613344_zpid	30613344_zpid	11238	53 Cambridge Pl, Brooklyn, NY 11238	40.685545	-73.962909	0.302318089801	10	0.296352889541	6	0.393913911008	3	8	7.5	3600	255000	2	2200	1899	154	130	102	139	100	41	54	17	51	33	32	201
30791405_zpid	30791405_zpid	11235	122 Oxford St, Brooklyn, NY 11235	40.580249	-73.938308	0.984779446972	0	1.24038559966	0	1.53049901272	0	4	4.5	2151	1425000	61	2500	2011	36	28	20	56	32	48	60	12	80	8	4	144
29793750_zpid	29793750_zpid	10473	2168 Story Ave, Bronx, NY 10473	40.825122	-73.8500679	0.314042850272	6	0.582273894147	2	1.02815008943	0	7	4.5	2310	400000	37	2575	1925	40	14	13	12	10	27	14	6	9	6	6	48
30635925_zpid	30635925_zpid	11207	608 Pennsylvania Ave, Brooklyn, NY 11207	40.662272	-73.89377	0.224733711282	4	0.0905973715844	5	0.279675847685	5	7	3	2560	494200	16	2400	1910	291	17	152	144	158	35	50	14	44	79	17	283
30670794_zpid	30670794_zpid	11218	40 Seeley St, Brooklyn, NY 11218	40.6528909	-73.980001	0.306376387821	7	0.478333489511	2	0.49644824157	1	5	3.5	3144	999999	46	2003	1901	1	16	8	10	5	19	17	22	12	0	2	37
83049941_zpid	83049941_zpid	11206	121 Maujer St, Brooklyn, NY 11206	40.710886	-73.9460129	0.0380411439078	12	0.0919113575694	5	0.441673313799	6	3	2	4160	484000	159	2000	2003	57	60	22	48	35	9	20	7	11	6	8	78
30770628_zpid	30770628_zpid	11236	1124 E 88th St, Brooklyn, NY 11236	40.635387	-73.903509	0.433370889889	7	0.592966579976	3	1.2620410611	0	4	3	2600	452000	52	4000	1955	49	16	25	26	12	64	21	12	23	10	10	94
30636505_zpid	30636505_zpid	11207	5 Bulwer Pl, Brooklyn, NY 11207	40.682476	-73.893861	0.338635575326	3	0.269611938369	3	0.556047664456	2	4	3	1340	475000	11	2105	1925	65	27	42	40	28	46	28	34	24	16	7	93
30641201_zpid	30641201_zpid	11208	614 Elton St, Brooklyn, NY 11208	40.6677245	-73.882095	0.0887962247607	6	0.0968638802338	2	0.209337915549	3	4	4	1757	475000	0	2475	1901	75	14	42	47	33	22	20	7	22	28	22	114
30761342_zpid	30761342_zpid	11234	1027 E 57th St, Brooklyn, NY 11234	40.627861	-73.920728	0.280335910379	5	0.268543498708	3	2.34025711522	0	6	2	2472	685000	6	2400	1960	112	40	108	96	84	168	72	88	64	92	24	372
29787759_zpid	29787759_zpid	10458	2704 Bainbridge Ave, Bronx, NY 10458	40.865658	-73.890908	0.414687212953	9	0.139111738364	10	0.263697833829	4	6	4	3017	649000	0	2996	1940	547	79	211	226	273	34	20	3	80	64	28	354
29853920_zpid	29853920_zpid	10471	6171 Tyndall Ave, Bronx, NY 10471	40.911761	-73.9001716	0.420991863105	7	0.412150329423	5	1.43346260334	0	3	3	2000	599000	0	5130	1930	7	7	6	8	3	6	17	9	6	1	3	32
30665336_zpid	30665336_zpid	11225	665 Flatbush Ave, Brooklyn, NY 11225	40.656978	-73.959875	0.0175251324186	12	0.0878541947314	5	0.232255323761	2	6	6	5600	675000	120	1698	1931	327	90	156	120	132	13	31	15	46	37	11	186
30770863_zpid	30770863_zpid	11236	27 Paerdegat 10th St, Brooklyn, NY 11236	40.629335	-73.905496	0.919196643272	0	0.881866388007	0	1.95238821506	0	5	3	2980	500000	137	2200	1965	43	3	12	20	8	51	17	5	24	4	6	45
30737155_zpid	30737155_zpid	11223	2238 E 4th St, Brooklyn, NY 11223	40.595624	-73.967692	0.545266759999	5	0.510572235959	1	0.481332427059	1	4	3	3750	3999000	0	4000	1932	136	36	48	124	48	144	116	80	80	16	16	356
29793897_zpid	29793897_zpid	10473	801 Havemeyer Ave, Bronx, NY 10473	40.823757	-73.846264	0.502709441898	3	0.415856568187	2	1.25717519409	0	3	1.5	1680	360000	6	2509	1970	72	36	48	24	20	88	36	12	40	16	16	200
30786095_zpid	30786095_zpid	11234	2037 Kimball St, Brooklyn, NY 11234	40.611019	-73.927415	0.235302630024	2	0.934648664042	0	2.58231822785	0	3	2	1728	503000	1	2500	1925	9	10	2	6	2	24	25	20	16	2	5	79
30669921_zpid	30669921_zpid	11230	690 E 18th St, Brooklyn, NY 11230	40.634018	-73.960455	0.250333945342	7	0.233878342814	3	0.230301954378	2	7	2.5	2900	2275000	11	5000	1920	86	20	71	67	72	34	27	25	21	19	4	96
29842786_zpid	29842786_zpid	10461	1512 Plymouth Ave, Bronx, NY 10461	40.842639	-73.831709	0.245440653748	6	0.547358434676	1	0.411678593123	2	3	2	1632	430540	36	5009	1920	83	17	19	17	22	48	37	16	11	13	4	107
64561566_zpid	64561566_zpid	11217	391 Dean St APT 1C, Brooklyn, NY 11217	40.6828355	-73.9783935	0.110003242132	14	0.380096783255	2	0.0989107741197	9	3	2	1138	1200000	11	8000	2005	67	122	35	44	28	43	49	69	40	20	32	225
30626308_zpid	30626308_zpid	11237	142 Wyckoff Ave, Brooklyn, NY 11237	40.702874	-73.917389	0.176607706412	12	0.124988944691	6	0.136101584628	5	5	5.5	750	995000	19	2150	2011	896	404	580	852	612	188	148	108	324	304	120	1380
30603494_zpid	30603494_zpid	11221	719 Monroe St, Brooklyn, NY 11221	40.68827	-73.928158	0.255651958819	9	0.248739826624	3	0.519548100102	2	9	3.5	3000	980000	25	2000	1899	792	228	416	608	476	196	136	44	136	256	140	1068
30598749_zpid	30598749_zpid	11233	1572 Eastern Pkwy, Brooklyn, NY 11233	40.670863	-73.91585	0.414481679432	7	0.502059970487	5	0.893767456876	0	8	3	2370	770000	23	1650	1920	152	6	86	93	54	10	10	8	20	35	17	112
30732500_zpid	30732500_zpid	11224	3812 Cypress Ave, Brooklyn, NY 11224	40.578418	-74.006459	0.369675748012	1	0.400681145718	1	2.13572827334	0	8	5	1974	520000	3	6000	1925	136	44	36	112	36	16	72	12	52	12	8	172
30683133_zpid	30683133_zpid	11204	2153 Bay Ridge Ave, Brooklyn, NY 11204	40.612267	-73.984517	0.0808872107243	12	0.126816218708	6	0.227707960231	2	7	3	2640	971000	37	2500	1925	524	108	152	228	228	276	140	116	92	48	24	620
30584196_zpid	30584196_zpid	11215	427 6th St # 6, Brooklyn, NY 11215	40.669582	-73.981373	0.0824300121518	20	0.340080360613	4	0.379450019198	3	6	3.5	3600	2575000	14	2000	1920	240	320	104	188	100	92	296	160	116	52	84	916
30747635_zpid	30747635_zpid	11235	2456 E 12th St, Brooklyn, NY 11235	40.590381	-73.9589869	0.312301940401	11	0.486890834195	5	0.563339634999	2	4	2	2400	770000	6	4732	1930	164	52	28	88	52	156	104	104	80	24	8	280
30596295_zpid	30596295_zpid	11213	1511 Park Pl, Brooklyn, NY 11213	40.672515	-73.927187	0.291342045733	8	0.56044584078	5	0.631123449619	1	6	4	3360	734442	6	4544	1935	247	31	146	151	142	35	18	6	33	60	22	237
79726147_zpid	79726147_zpid	11213	1516 Park Pl, Brooklyn, NY 11213	40.671945	-73.926968	0.226860961454	8	0.512202207264	4	0.607902447587	1	3	2	3515	515000	32	2163	2006	243	30	145	145	134	36	20	7	29	60	21	227
30724046_zpid	30724046_zpid	11230	862 E 14th St, Brooklyn, NY 11230	40.628304	-73.963215	0.186941372778	6	0.357059262043	5	0.171149941239	2	4	2	1990	660000	9	3000	1915	80	26	49	44	56	57	38	53	22	18	9	143
30608081_zpid	30608081_zpid	11216	248 Tompkins Ave, Brooklyn, NY 11216	40.690361	-73.945006	0.322494521769	11	0.328482818096	5	0.558365738953	2	3	3	1680	561696	113	2033	1931	284	96	120	200	152	48	48	20	64	76	60	304
30701715_zpid	30701715_zpid	11209	211 96th St, Brooklyn, NY 11209	40.617146	-74.0354321	0.173620001828	10	0.134737286244	3	0.370498477956	1	3	2	2300	1100000	4	2500	1925	206	33	31	30	33	64	44	46	7	11	8	155
30787540_zpid	30787540_zpid	11234	2776 E 64th St, Brooklyn, NY 11234	40.606055	-73.914392	1.09960166202	0	1.31422929736	0	3.59026749888	0	3	2	1260	525000	14	2300	1965	3	4	2	5	3	16	4	25	19	2	1	23
30671895_zpid	30671895_zpid	11218	1266 36th St, Brooklyn, NY 11218	40.642418	-73.9853289	0.404455656004	6	0.221985780018	8	0.51036405611	1	4	2	2400	950000	2	1553	1931	44	17	34	48	27	60	59	53	8	13	3	150
30712809_zpid	30712809_zpid	11228	160 Bay 10th St, Brooklyn, NY 11228	40.607979	-74.012231	0.148370309493	7	0.499277000989	2	0.886953836104	0	3	3	1836	920000	3	2469	1940	28	40	12	40	8	88	128	108	84	12	20	220
29854497_zpid	29854497_zpid	10471	5221 Arlington Ave, Bronx, NY 10471	40.900215	-73.908958	0.744263111523	1	0.726389027054	1	0.604010394054	1	3	3	4292	770000	29	6250	1945	6	3	2	6	1	2	21	3	4	0	1	15
30788606_zpid	30788606_zpid	11234	2510 E 66th St, Brooklyn, NY 11234	40.609488	-73.9075529	0.836438412107	0	0.877025042308	0	4.16526107592	0	3	1.5	2310	375000	243	4000	1965	2	4	1	5	0	8	8	9	16	1	1	27
30609342_zpid	30609342_zpid	11216	272 Monroe St, Brooklyn, NY 11216	40.6855518	-73.9482476	0.150405776485	10	0.184240194304	8	0.565482344441	2	4	3.5	2734	1700000	9	2000	1915	196	88	102	143	106	36	45	23	56	66	32	268
30669768_zpid	30669768_zpid	11230	664 Rugby Rd, Brooklyn, NY 11230	40.633305	-73.964167	0.043344971326	6	0.0868341115916	4	0.229354965654	2	4	2.5	2500	700000	94	3000	1910	49	35	40	40	36	60	35	34	22	10	5	114
29833755_zpid	29833755_zpid	10466	1031 E 231st St, Bronx, NY 10466	40.889154	-73.848281	0.171070350905	7	0.144662557662	3	0.894709584065	0	7	4	1692	420000	33	2622	1925	55	14	29	20	16	67	19	4	27	16	10	73
30747909_zpid	30747909_zpid	11235	2454 E 18th St, Brooklyn, NY 11235	40.591186	-73.952331	0.16853742022	12	0.191054282272	4	0.501836202778	2	2	1.5	1452	470000	43	1600	1930	48	11	6	22	10	32	27	22	23	5	2	94
30793198_zpid	30793198_zpid	11229	2318 Plumb 2nd St, Brooklyn, NY 11229	40.596428	-73.93169	0.421598206816	6	0.570358290595	1	1.98829080918	0	2	1	980	364000	18	1800	1925	68	60	4	28	12	28	76	32	72	12	8	156
30580197_zpid	30580197_zpid	11215	508 17th St, Brooklyn, NY 11215	40.657823	-73.982048	0.0952435618619	12	0.193098335621	5	0.363934513594	1	5	3	2080	770000	75	2003	1910	128	116	60	92	64	68	80	48	72	8	28	252
30669524_zpid	30669524_zpid	11210	1362 Flatbush Ave, Brooklyn, NY 11210	40.636926	-73.952437	0.0902135752309	4	0.349475429907	3	0.479851810619	2	4	4	4000	448000	137	1790	1933	188	32	95	84	79	39	29	18	25	41	7	207
29812027_zpid	29812027_zpid	10461	2445 Saint Raymonds Ave, Bronx, NY 10461	40.84007	-73.8489479	0.297892108542	10	0.296962060433	6	0.430030258796	3	6	3	2040	451500	80	2383	1960	123	16	43	37	29	26	22	13	23	11	6	134
29843319_zpid	29843319_zpid	10465	3169 Parsifal Pl, Bronx, NY 10465	40.839937	-73.822443	0.594624388941	2	0.554890417191	2	1.1456644069	0	3	2.5	1920	480000	6	2173	1940	1	12	7	2	1	4	27	13	7	2	2	33
30650482_zpid	30650482_zpid	11212	60 E 92nd St, Brooklyn, NY 11212	40.66274	-73.928892	0.164071661787	12	0.0822696055805	6	0.566970105225	1	3	1	1962	404000	21	1800	1940	888	40	300	300	276	120	36	16	84	112	44	516
30722699_zpid	30722699_zpid	11223	1842 W 9th St, Brooklyn, NY 11223	40.602078	-73.981765	0.134441408596	10	0.448074407877	5	0.237538711792	3	5	3	2160	796000	40	3000	1925	292	108	128	72	84	240	120	180	80	32	20	356
30762166_zpid	30762166_zpid	11234	1471 E 48th St, Brooklyn, NY 11234	40.624726	-73.929165	0.236317694916	10	0.211141760086	2	1.80329680038	0	3	2	1332	510000	8	1800	1935	24	16	12	20	14	49	28	22	18	4	4	92
30738678_zpid	30738678_zpid	11223	40 Southgate Ct, Brooklyn, NY 11223	40.590924	-73.971589	0.102930837731	7	0.509749429122	2	0.267715966253	3	1	1	2496	520000	146	1600	1925	36	11	15	20	8	43	38	41	21	5	5	101
29846686_zpid	29846686_zpid	10465	200 Throggs Neck Blvd, Bronx, NY 10465	40.817301	-73.812292	0.468943940846	4	0.526899875272	1	3.58326443621	0	5	3	884	212000	38	2811	1901	20	28	8	28	12	32	88	48	40	16	36	252
30626259_zpid	30626259_zpid	11221	229 Central Ave, Brooklyn, NY 11221	40.697265	-73.923198	0.221728629574	14	0.261078414482	7	0.332961144317	3	5	3	2500	376000	90	1967	1931	124	47	66	80	62	44	19	18	45	25	23	167
29834907_zpid	29834907_zpid	10466	3693 Secor Ave, Bronx, NY 10466	40.886469	-73.832764	0.360140813032	1	0.304815559762	2	0.260627006002	1	3	2	1248	369500	6	2853	1930	32	10	11	14	1	20	16	13	15	5	3	55
29850156_zpid	29850156_zpid	10464	98 Reynolds St, Bronx, NY 10464	40.841552	-73.784963	0.197407887545	3	3.0753042374	0	3.76685399231	0	1	1	1900	370000	188	4788	1970	11	7	5	6	3	2	29	8	8	3	16	28
30739738_zpid	30739738_zpid	11235	721 Desmond Ct, Brooklyn, NY 11235	40.5908759	-73.962035	0.356985066631	9	0.815189367879	0	0.757821698985	0	3	1.5	1296	537000	79	1800	1945	34	10	9	12	10	31	27	19	14	4	2	45
30599736_zpid	30599736_zpid	11233	477 Bainbridge St, Brooklyn, NY 11233	40.682705	-73.917817	0.0752348821569	7	0.439742742876	4	0.415468479538	3	4	2	3300	645000	106	2000	1899	229	48	150	174	134	29	41	12	59	95	21	269
30674023_zpid	30674023_zpid	11218	274 E 9th St, Brooklyn, NY 11218	40.641868	-73.970677	0.119341383986	13	0.20178198516	5	0.582701746833	2	4	3	2200	545000	116	2000	1901	684	236	260	320	192	212	148	148	120	76	48	804
83045477_zpid	83045477_zpid	11216	26 Saint Andrews Pl, Brooklyn, NY 11216	40.678496	-73.943386	0.230576718774	8	0.165112152417	7	0.265914605227	3	3	2.5	3191	700000	108	1035	2006	210	73	96	139	94	33	35	17	44	46	29	191
30639127_zpid	30639127_zpid	11207	320 Van Siclen Ave, Brooklyn, NY 11207	40.671996	-73.890427	0.0784525784301	5	0.329680437544	4	0.0880469642204	4	4	3	1200	230000	8	1551	1901	460	112	348	388	344	284	152	100	216	172	100	888
30752328_zpid	30752328_zpid	11210	2606 Avenue J, Brooklyn, NY 11210	40.62614	-73.950358	0.334313767536	2	0.312346155546	1	0.779914027593	0	3	2	1896	885000	18	3000	1925	70	11	38	27	25	55	27	16	31	7	4	92
29852040_zpid	29852040_zpid	10463	3427 Corlear Ave, Bronx, NY 10463	40.883569	-73.904515	0.268978405498	13	0.26981179669	5	0.330222233991	2	3	1.5	1152	450000	0	2500	1925	225	43	65	62	58	41	52	12	35	28	17	152
30611044_zpid	30611044_zpid	11216	197 Macdonough St, Brooklyn, NY 11216	40.68184	-73.938418	0.112014830784	9	0.171697967961	8	0.29675492308	2	6	4	3600	800000	21	2000	1899	62	68	47	64	33	5	22	13	18	16	16	98
30780262_zpid	30780262_zpid	11234	1264 E 68th St, Brooklyn, NY 11234	40.623239	-73.915901	0.381651489764	4	0.782154551972	0	2.86409398495	0	5	3	1998	650000	9	2786	1970	21	7	9	9	7	55	23	23	18	7	7	114
30789418_zpid	30789418_zpid	11235	7 Brighton 1st Ct, Brooklyn, NY 11235	40.5784531	-73.9661364	0.165020830034	7	0.248035181809	9	0.311094745076	2	2	2	784	475000	16	1481	1901	416	160	252	320	232	208	128	68	176	76	84	892
30779082_zpid	30779082_zpid	11236	1604 E 95th St, Brooklyn, NY 11236	40.63361	-73.89275	0.209613000766	6	0.297419571788	4	1.64296401153	0	2	1	768	313000	15	3000	1945	29	11	15	21	3	41	16	16	10	7	0	55
30755736_zpid	30755736_zpid	11210	1425 E 28th St, Brooklyn, NY 11210	40.616388	-73.946595	0.471667426059	2	0.420212187405	3	1.09057007527	0	3	6	2500	932500	7	3000	1940	68	8	4	40	16	64	64	52	32	0	16	136
29792005_zpid	29792005_zpid	10473	523 Bolton Ave, Bronx, NY 10473	40.816247	-73.858247	0.527860838378	2	0.59956943988	1	1.87339307498	0	5	2	1940	625000	0	2805	1945	38	9	7	32	9	31	13	15	16	13	8	83
30600556_zpid	30600556_zpid	11233	393 Sumpter St, Brooklyn, NY 11233	40.681435	-73.909293	0.0960558450268	6	0.123773191009	5	0.189687668601	6	4	2	1752	88250	11	1667	1899	134	17	115	128	80	25	23	10	33	48	12	138
30787531_zpid	30787531_zpid	11234	2754 E 64th St, Brooklyn, NY 11234	40.606445	-73.913796	1.07581571981	0	1.25742537696	0	3.64874544879	0	3	1.5	2120	715000	20	2500	1965	3	4	2	5	3	17	4	27	20	2	1	27
29820797_zpid	29820797_zpid	10469	2553 Williamsbridge Rd # 1, Bronx, NY 10469	40.864454	-73.859121	0.154477448893	7	0.105260069902	6	0.694834367065	2	5	2	2520	460200	19	2613	1925	39	18	12	19	16	30	15	6	21	7	7	68
30641147_zpid	30641147_zpid	11207	620 Ashford St, Brooklyn, NY 11207	40.66679	-73.883557	0.0497806479796	7	0.125409116096	3	0.0560083059046	2	6	2	1800	570009	79	1800	1932	77	9	51	39	32	22	24	9	29	26	13	120
29852612_zpid	29852612_zpid	10471	336 W 246th St, Bronx, NY 10471	40.893365	-73.90213	0.435010464692	3	1.06648087628	0	0.500851002866	1	4	3.5	2512	1300000	42	6655	1927	37	10	2	5	3	1	15	3	5	1	1	21
30726827_zpid	30726827_zpid	11229	1638 E 13th St, Brooklyn, NY 11229	40.609208	-73.960533	0.201014616658	8	0.465985126829	5	0.237230643687	1	5	2	1834	380000	14	24	1915	70	17	30	29	21	28	15	16	10	11	7	125
30596601_zpid	30596601_zpid	11213	1270 Sterling Pl, Brooklyn, NY 11213	40.6715609	-73.936716	0.278395749066	10	0.157942553898	6	0.43528824491	2	4	3.5	2465	930000	13	1626	1899	452	72	185	201	213	39	40	17	51	82	39	317
30581311_zpid	30581311_zpid	11232	714 42nd St, Brooklyn, NY 11232	40.646479	-74.001006	0.213212105213	8	0.21014000362	8	0.564765663209	1	3	2	1632	880000	7	2003	1925	76	41	29	30	27	52	18	11	8	8	6	86
30619591_zpid	30619591_zpid	11222	171 Eagle St, Brooklyn, NY 11222	40.735479	-73.953744	0.279526932605	8	0.417942563132	2	0.594422062959	2	7	4	3175	1700000	16	2500	1899	68	78	54	54	33	38	30	21	22	20	10	176
30570519_zpid	30570519_zpid	11231	37 3rd Pl, Brooklyn, NY 11231	40.679563	-73.999986	0.233227694406	14	0.510872095337	3	0.494508334736	2	1	1	650	2310000	32	1320	1930	37	41	25	50	16	13	60	30	19	11	12	181
30780353_zpid	30780353_zpid	11234	1245 E 69th St, Brooklyn, NY 11234	40.624676	-73.914813	0.556595378137	4	0.676233268768	1	2.68047211295	0	9	4.5	3396	800000	6	4500	1965	84	16	56	56	36	208	56	92	60	40	24	348
30741647_zpid	30741647_zpid	11229	1933 E 12th St, Brooklyn, NY 11229	40.6022545	-73.9602626	0.435146076209	9	0.289521926842	6	0.49227143764	2	3	2	1394	1249000	0	3250	1925	292	92	80	112	108	204	80	52	32	24	20	296
29787638_zpid	29787638_zpid	10458	2974 Decatur Ave, Bronx, NY 10458	40.86864	-73.882677	0.181497080595	13	0.248156971923	6	0.23493293344	2	5	1.5	2522	475000	4	6000	1901	437	32	72	79	82	32	19	9	24	31	8	112
