30590088_zpid	30590088_zpid	11238	431 Prospect Pl, Brooklyn, NY 11238	40.676451	-73.961839	0.117771930321	13	0.164684131559	6	0.40195385075	6	4	3	2367	1999000	0	2185	1901	213	217	89	108	102	51	41	48	55	43	18	251
30702254_zpid	30702254_zpid	11209	9904 Fort Hamilton Pkwy, Brooklyn, NY 11209	40.612495	-74.031697	0.187091925574	7	0.487287653029	2	0.411565433159	1	6	2	2100	868500	27	1850	1925	176	68	48	52	56	144	108	116	20	28	16	228
30629925_zpid	30629925_zpid	11207	1106 Halsey St, Brooklyn, NY 11207	40.688953	-73.911695	0.25524017551	11	0.481173669952	3	0.504143720273	3	3	2	4480	805000	13	2000	1925	113	31	83	124	81	21	28	18	43	52	25	192
30754604_zpid	30754604_zpid	11234	3705 Avenue M, Brooklyn, NY 11234	40.620602	-73.938637	0.32433378504	1	0.358596033322	2	1.5599877017	0	7	2.5	2480	625000	32	2000	1935	37	11	21	17	16	34	24	15	13	8	2	86
30595026_zpid	30595026_zpid	11225	265 Sterling St, Brooklyn, NY 11225	40.6632729	-73.952213	0.207990393569	7	0.128087376515	6	0.129381133781	4	3	3	2472	605000	70	2000	1910	474	87	183	167	167	29	37	16	42	77	20	296
30680083_zpid	30680083_zpid	11204	1851 60th St, Brooklyn, NY 11204	40.621374	-73.985687	0.353438997135	2	0.415958189079	3	0.407002833962	2	5	2	2025	995000	12	2504	1910	24	16	17	27	6	51	43	90	24	9	8	113
30719241_zpid	30719241_zpid	11204	1529 W 10th St, Brooklyn, NY 11204	40.6094177	-73.9835263	0.126554643152	12	0.228623706706	7	0.307730007585	2	8	5	3128	1350000	9	3000	1930	90	24	36	46	61	73	20	31	20	12	5	122
30715923_zpid	30715923_zpid	11230	839 E 10th St, Brooklyn, NY 11230	40.628392	-73.966583	0.409566165764	8	0.532711242069	5	0.428977756471	2	3	2.5	1564	792000	30	3000	1925	100	23	52	47	58	58	44	47	25	12	11	142
30774445_zpid	30774445_zpid	11236	9728 Flatlands Ave, Brooklyn, NY 11236	40.643928	-73.899742	0.2092753974	5	0.761996940631	0	0.351835550967	2	5	3.5	2394	450000	24	1620	1920	47	10	24	18	16	56	19	6	12	18	8	98
29778690_zpid	29778690_zpid	10454	326 Jackson Ave, Bronx, NY 10454	40.807162	-73.911241	0.391965601145	9	0.482900888086	3	0.309168565687	3	3	2	1472	255000	2	1600	1910	96	19	54	58	42	12	13	6	18	19	7	98
29844097_zpid	29844097_zpid	10465	3283 Spencer Dr, Bronx, NY 10465	40.842612	-73.81816	0.885695693814	0	0.688822977292	1	1.3002830066	0	3	1	900	640000	15	3404	1960	1	9	4	4	0	12	24	13	6	1	0	31
30739734_zpid	30739734_zpid	11235	731 Desmond Ct, Brooklyn, NY 11235	40.590903	-73.9617769	0.353089680342	9	0.798092551566	0	0.7392490005	1	4	3	1944	562000	40	1800	1945	34	10	9	12	11	34	27	21	14	4	2	45
29790411_zpid	29790411_zpid	10473	1621 Harding Park, Bronx, NY 10473	40.808924	-73.857018	0.838536108743	0	1.42108617061	0	2.66802409046	0	6	2	2800	250000	95	2800	2015	116	40	76	72	36	64	60	44	40	64	12	240
30699284_zpid	30699284_zpid	11209	8419 Fort Hamilton Pkwy, Brooklyn, NY 11209	40.620895	-74.023223	0.14568143194	10	0.188304782541	3	0.48061200538	1	3	3	2736	948000	32	2492	1920	356	184	88	136	112	108	60	68	8	104	12	612
30570994_zpid	30570994_zpid	11201	43 Wyckoff St, Brooklyn, NY 11201	40.686703	-73.991953	0.0836257560403	16	0.317680902054	4	0.11108424066	8	6	4.5	6000	3120000	101	2325	1900	50	75	13	54	13	20	52	31	25	10	6	174
30642340_zpid	30642340_zpid	11208	129 Hemlock St, Brooklyn, NY 11208	40.686815	-73.871581	0.18435797843	5	0.304208317851	5	0.357468166069	3	5	3	2000	455000	60	2000	1920	93	40	64	83	45	78	38	16	55	42	7	196
30665742_zpid	30665742_zpid	11226	20 Clarkson Ave, Brooklyn, NY 11226	40.6546398	-73.958936	0.170052021866	12	0.138296501896	5	0.227982442188	2	5	4	2595	1500000	19	2209	1925	502	100	267	250	234	40	38	24	63	67	18	347
30775587_zpid	30775587_zpid	11236	1016 E 104th St, Brooklyn, NY 11236	40.644956	-73.893443	0.372231791702	5	0.342368162367	2	0.734814243614	1	6	2	2200	328000	115	3000	1960	58	7	28	21	16	39	16	6	14	12	9	99
30785826_zpid	30785826_zpid	11234	2069 E 36th St, Brooklyn, NY 11234	40.608633	-73.929629	0.243499196656	1	0.895642396427	0	2.38204148658	0	3	2	2304	645000	15	2000	1935	2	10	3	2	2	18	19	21	19	0	3	44
30573420_zpid	30573420_zpid	11231	47 Wolcott St, Brooklyn, NY 11231	40.675981	-74.011415	0.441293819252	2	0.296331169477	4	1.20388806555	0	4	3.5	2166	865000	12	1933	1899	25	57	8	22	6	11	32	5	9	8	2	64
30621114_zpid	30621114_zpid	11222	93 Mcguinness Blvd, Brooklyn, NY 11222	40.72558	-73.949121	0.143546386204	14	0.424612726107	4	0.210117539328	2	3	1	2887	750000	134	2500	1901	160	332	84	168	60	120	152	136	76	68	48	796
29843215_zpid	29843215_zpid	10465	1368 Siegfried Pl, Bronx, NY 10465	40.841244	-73.823142	0.641188655545	1	0.451222289828	2	1.00704483615	0	3	1.5	1664	458000	12	4645	1950	1	11	7	2	0	6	32	12	4	1	1	25
29854539_zpid	29854539_zpid	10471	5232 Arlington Ave, Bronx, NY 10471	40.9004563	-73.9082837	0.683805038806	1	0.678325211453	1	0.628955865376	1	7	3.5	2580	1075000	51	7500	1950	6	3	2	6	1	3	20	3	4	0	1	15
30727395_zpid	30727395_zpid	11229	1774 E 17th St, Brooklyn, NY 11229	40.606653	-73.956256	0.192010480453	5	0.386069468775	2	0.260793418062	1	8	3	3410	975000	129	3300	1930	175	38	59	60	62	80	62	35	24	19	10	223
30664263_zpid	30664263_zpid	11210	790 E 40th St, Brooklyn, NY 11210	40.6361149	-73.938666	0.597794601393	2	0.643084904572	1	0.841552422948	0	3	2	1316	347500	26	1850	1920	29	7	40	43	53	20	13	6	20	15	3	98
30587586_zpid	30587586_zpid	11215	586 4th St, Brooklyn, NY 11215	40.667653	-73.974955	0.384186686824	13	0.624391450146	1	0.477215751395	1	6	4.5	4400	6000000	4	2000	1899	92	112	44	80	40	28	188	100	64	16	24	444
29813511_zpid	29813511_zpid	10462	1861 Muliner Ave, Bronx, NY 10462	40.848032	-73.861749	0.259888009244	7	0.251749437305	3	0.571767129994	2	4	3	3722	688000	27	5000	1910	81	27	46	59	33	81	43	28	28	24	14	120
30789888_zpid	30789888_zpid	11223	10 Brighton Ct, Brooklyn, NY 11223	40.587037	-73.967296	0.35735016165	6	0.389182617027	1	0.654419772659	1	3	3	2156	180000	199	1700	1920	304	28	28	36	16	60	100	84	44	4	16	176
30674009_zpid	30674009_zpid	11218	236 E 9th St, Brooklyn, NY 11218	40.642764	-73.970843	0.0532032976539	12	0.296550273101	5	0.560207571278	2	3	3	2910	735000	16	2300	1910	628	212	232	304	184	188	144	120	108	72	44	768
30722685_zpid	30722685_zpid	11223	102 Highlawn Ave, Brooklyn, NY 11223	40.60282	-73.98232	0.229351468426	8	0.423237782198	4	0.206673453805	3	4	2	3299	770000	45	3120	1925	284	112	132	72	100	260	120	184	76	36	24	360
29851833_zpid	29851833_zpid	10463	3058 Independence Ave, Bronx, NY 10463	40.883646	-73.916417	0.526614001552	6	0.635964134727	1	0.735719444724	1	4	3.5	2500	810000	129	2482	1986	23	11	2	15	10	16	31	12	8	1	1	40
30769179_zpid	30769179_zpid	11236	978 E 81st St, Brooklyn, NY 11236	40.634427	-73.911094	0.203430364327	6	0.21032758698	3	1.56917833907	0	7	5	2760	225000	307	2000	1975	148	28	72	76	36	288	108	44	104	48	32	360
83048829_zpid	83048829_zpid	11233	173 Hull St, Brooklyn, NY 11233	40.679867	-73.910002	0.278968985597	6	0.304873718745	5	0.166299384551	6	2	2	5200	780000	121	2500	2006	213	22	152	172	119	43	39	21	54	79	27	194
30599501_zpid	30599501_zpid	11233	674 Macdonough St, Brooklyn, NY 11233	40.683574	-73.919224	0.194871635015	7	0.404420720566	3	0.379372447319	4	3	2	3300	625000	136	2000	1910	217	55	143	156	127	23	36	10	61	92	23	257
30635261_zpid	30635261_zpid	11207	576 Miller Ave, Brooklyn, NY 11207	40.666412	-73.889914	0.291764483153	7	0.384743962338	8	0.151360761962	4	5	2	2200	593000	112	2500	1910	222	26	144	145	151	30	46	13	65	75	19	269
30721354_zpid	30721354_zpid	11223	1761 W 13th St, Brooklyn, NY 11223	40.6037149	-73.9853585	0.175234687766	8	0.579715598757	6	0.423682958144	3	3	2.5	1440	808888	21	2500	1925	51	21	22	15	16	48	21	30	9	8	4	65
30667207_zpid	30667207_zpid	11218	236 Stratford Rd, Brooklyn, NY 11218	40.642879	-73.968825	0.102739757744	10	0.287518176452	4	0.395181674602	2	6	3	3282	2350000	0	5000	1920	480	184	192	224	140	160	112	104	88	52	40	680
29784017_zpid	29784017_zpid	10459	1412 Longfellow Ave, Bronx, NY 10459	40.829718	-73.887741	0.440171340295	6	0.467651741865	6	0.348194512292	3	6	2	1934	434000	123	2236	1910	163	19	50	76	66	24	20	7	20	20	20	125
30641480_zpid	30641480_zpid	11208	51 Chestnut St, Brooklyn, NY 11208	40.686869	-73.875957	0.24794504714	5	0.215012586235	5	0.446822735157	3	7	2	2394	260000	194	4199	1910	84	27	51	69	46	57	28	14	43	36	7	145
30790631_zpid	30790631_zpid	11235	177 W End Ave, Brooklyn, NY 11235	40.5774638	-73.9527221	0.0139739059424	7	0.505363654988	3	0.723654820814	1	1	1	600	365000	117	576	1920	128	32	29	41	29	28	41	20	29	16	5	94
30732473_zpid	30732473_zpid	11224	3737 Cypress Ave, Brooklyn, NY 11224	40.578983	-74.00507	0.477772705819	1	0.320177466032	1	2.02287787975	0	3	3.5	2230	200000	14	5250	1930	48	13	12	37	13	4	16	4	15	12	2	50
30756197_zpid	30756197_zpid	11234	1477 E 32nd St, Brooklyn, NY 11234	40.6165189	-73.943459	0.423295223815	2	0.287243301384	3	1.35247735395	0	3	2.5	1608	485500	155	2400	1920	13	4	10	10	3	18	16	12	21	2	3	56
30775324_zpid	30775324_zpid	11236	1271 E 98th St, Brooklyn, NY 11236	40.6413889	-73.896218	0.264885709257	5	0.448663376761	2	0.754867757191	0	4	2	2100	448000	3	2400	1955	51	8	29	25	21	40	25	12	15	18	7	90
30791369_zpid	30791369_zpid	11235	1605 Oriental Blvd, Brooklyn, NY 11235	40.578659	-73.93866	1.10271495682	0	1.41469515699	0	1.59902443858	0	2	2	1400	675000	9	2482	1925	8	20	0	24	0	48	44	12	32	4	4	76
30740405_zpid	30740405_zpid	11235	2749 Brighton 7th St, Brooklyn, NY 11235	40.583575	-73.962014	0.209105360143	9	0.23362405757	6	0.660865328311	1	8	4	2808	800000	8	2583	1930	428	152	132	236	104	232	196	124	104	76	92	652
29795814_zpid	29795814_zpid	10472	1260 Elder Ave, Bronx, NY 10472	40.830751	-73.8793589	0.219230380215	9	0.329485295519	3	0.241624475552	3	7	4	2976	450000	28	3000	1930	333	54	151	178	162	45	25	7	64	57	12	253
30791016_zpid	30791016_zpid	11235	19 Hastings St, Brooklyn, NY 11235	40.580671	-73.944745	0.683295193072	2	1.04595347143	0	1.05502892876	0	4	2.5	1984	1500000	20	6000	1915	17	7	2	14	3	8	25	11	16	1	2	29
30732232_zpid	30732232_zpid	11224	3722 Bayview Ave, Brooklyn, NY 11224	40.580671	-74.0048	0.526954830452	1	0.439148253558	1	1.99739169053	0	3	1	1520	540000	18	2787	1985	31	9	4	18	7	2	10	2	9	5	2	30
30669584_zpid	30669584_zpid	11210	1316 Rogers Ave, Brooklyn, NY 11210	40.637654	-73.9514109	0.14008474365	4	0.329271657382	4	0.361266215006	2	6	3	2030	639176	91	1950	1910	184	30	82	72	58	35	25	16	21	40	7	189
30766899_zpid	30766899_zpid	11236	592 E 83rd St, Brooklyn, NY 11236	40.640158	-73.9150499	0.460722126668	7	0.565729731429	1	1.32892422889	0	3	3	1506	409000	27	2150	1955	33	7	23	18	10	46	33	10	26	9	9	80
30750521_zpid	30750521_zpid	11210	726 E 23rd St, Brooklyn, NY 11210	40.632475	-73.954988	0.569447483982	5	0.5055777077	2	0.621892729861	3	6	2	2640	775000	10	4000	1920	43	15	23	32	41	34	17	15	19	11	2	74
30776786_zpid	30776786_zpid	11236	1170 E 105th St, Brooklyn, NY 11236	40.642817	-73.889824	0.623173665517	3	0.587231127856	4	1.10192838772	0	3	2	1585	420000	12	2000	1960	26	2	14	16	12	21	11	5	14	8	6	55
30762104_zpid	30762104_zpid	11234	4710 Flatlands Ave, Brooklyn, NY 11234	40.624451	-73.92997	0.162972759429	11	0.262017390997	2	1.7607929339	0	4	4.5	1564	492500	18	6950	1955	96	72	52	84	80	196	124	88	72	20	8	384
29850941_zpid	29850941_zpid	10464	183 Hawkins St, Bronx, NY 10464	40.8466061	-73.7842063	0.129364609672	3	3.51184295963	0	3.67903473384	0	3	1	1724	185740	8	2322	1940	68	72	20	24	12	8	140	36	24	8	124	168
30634176_zpid	30634176_zpid	11207	245 New Jersey Ave, Brooklyn, NY 11207	40.673616	-73.895008	0.151635581884	7	0.150392306289	4	0.165924148909	6	5	3	2268	490000	23	1680	1901	92	15	78	91	72	60	42	31	28	34	22	197
30602601_zpid	30602601_zpid	11221	489 Van Buren St, Brooklyn, NY 11221	40.691921	-73.929126	0.0906943533352	9	0.17666675436	4	0.160362036611	3	13	7	2500	745000	91	2500	2006	213	78	97	134	134	49	40	16	42	55	37	306
30608457_zpid	30608457_zpid	11216	215 Lexington Ave # A, Brooklyn, NY 11216	40.687577	-73.953742	0.0772424498022	10	0.277760075633	5	0.320191721604	2	5	3	2100	495000	5	1667	1899	444	452	276	368	232	120	100	52	88	140	136	792
30761974_zpid	30761974_zpid	11234	1504 E 45th St, Brooklyn, NY 11234	40.6240809	-73.932551	0.104351207373	10	0.360526235969	2	1.60481433418	0	2	1	924	360000	15	2083	1920	140	48	64	88	92	152	132	88	60	24	4	344
30646934_zpid	30646934_zpid	11207	701 Bradford St, Brooklyn, NY 11207	40.661765	-73.88837	0.290297793385	4	0.189627356716	6	0.425800559844	3	5	3	2480	430000	20	2500	1930	198	16	114	97	106	21	34	9	44	67	13	200
30660477_zpid	30660477_zpid	11226	181 E 32nd St, Brooklyn, NY 11226	40.646311	-73.946867	0.258148415198	5	0.289133891847	4	0.222386117534	3	5	2.25	3000	150000	123	2000	1910	223	36	74	90	69	74	24	11	20	38	21	159
30765984_zpid	30765984_zpid	11203	360 E 59th St, Brooklyn, NY 11203	40.645216	-73.921288	0.112580871521	4	0.942561539573	0	1.64958862742	0	3	2	1540	367500	21	1600	1940	164	20	44	24	24	44	84	16	24	16	8	168
62648328_zpid	62648328_zpid	11218	207 Prospect Park SW, Brooklyn, NY 11218	40.6520479	-73.9728394	0.311171961921	7	0.658190913833	1	0.352918624586	1	2	1.5	1000	615000	6	884	1990	20	15	12	19	11	22	17	20	19	4	3	41
30607674_zpid	30607674_zpid	11206	60 Pulaski St, Brooklyn, NY 11206	40.692131	-73.949262	0.190270747052	11	0.563426757652	5	0.312789178575	2	2	1	850	414311	117	1875	1910	53	19	50	78	34	26	12	13	25	19	18	111
30609979_zpid	30609979_zpid	11221	522 Putnam Ave, Brooklyn, NY 11221	40.684868	-73.940534	0.153670050089	9	0.291652716212	6	0.551376323674	1	1	1	3240	900000	16	1800	1901	124	27	77	93	67	12	24	9	35	38	9	148
108863888_zpid	108863888_zpid	11201	75 Columbia St, Brooklyn, NY 11201	40.689085	-74.000424	0.280360452313	11	0.505371519057	4	0.870965353312	0	3	2	1300	25350	20	5400	1931	21	23	8	21	4	20	38	20	12	1	0	68
30596672_zpid	30596672_zpid	11213	236 Utica Ave, Brooklyn, NY 11213	40.670762	-73.931207	0.070325246882	12	0.190203392775	4	0.254090783845	1	4	5.5	6720	2995000	0	1920	1930	545	47	292	290	270	46	39	14	57	106	41	412
30598570_zpid	30598570_zpid	11233	1871 Prospect Pl, Brooklyn, NY 11233	40.672635	-73.914505	0.38621745873	4	0.408754566779	5	0.724172143718	1	6	2.5	3000	795000	5	2555	1899	656	52	408	424	268	76	88	56	128	148	88	524
30732752_zpid	30732752_zpid	11224	4010 Sea Gate Ave, Brooklyn, NY 11224	40.576988	-74.005912	0.47370603942	1	0.340660480174	1	2.08718126477	0	4	3	1936	220000	310	3000	1901	42	14	16	39	10	4	20	3	14	9	2	51
30631254_zpid	30631254_zpid	11207	78 Aberdeen St, Brooklyn, NY 11207	40.6828969	-73.904751	0.130142813808	3	0.382209839148	2	0.0725818606531	7	4	3.5	2271	999900	9	1683	1905	196	76	180	220	160	44	64	56	56	76	28	436
30638531_zpid	30638531_zpid	11208	329 Shepherd Ave, Brooklyn, NY 11208	40.677029	-73.881223	0.323045197559	9	0.385619929784	4	0.325176550984	3	9	3.5	2820	65500	235	2000	1930	568	84	292	384	300	160	188	96	132	156	48	784
30606531_zpid	30606531_zpid	11213	31 Troy Ave, Brooklyn, NY 11213	40.678412	-73.935457	0.345517705705	9	0.200912356672	4	0.412975733851	2	4	2.5	1452	266000	97	2228	1985	82	10	41	46	42	31	19	6	21	17	8	86
30764760_zpid	30764760_zpid	11234	1463 E 55th St, Brooklyn, NY 11234	40.620933	-73.921932	0.285470439299	11	0.532730363049	1	2.54442133598	0	3	1.5	1430	385000	15	2000	1925	10	25	9	13	11	39	28	15	20	8	9	129
30721784_zpid	30721784_zpid	11223	1765 W 6th St, Brooklyn, NY 11223	40.604392	-73.978658	0.253360822395	10	0.0916477738236	4	0.152472496386	3	4	1.5	1368	850000	9	3000	1920	448	104	200	112	160	408	104	196	88	64	24	504
30640287_zpid	30640287_zpid	11208	296 Atkins Ave, Brooklyn, NY 11208	40.671522	-73.878516	0.154380734406	8	0.354557596975	3	0.346211301574	3	8	3	3200	530000	22	2700	1901	172	30	98	106	74	56	40	10	36	57	25	195
30728840_zpid	30728840_zpid	11229	1867 E 27th St, Brooklyn, NY 11229	40.605511	-73.945459	0.251699725443	2	0.634614443682	2	1.1020447806	0	3	2	1991	783500	34	3000	1925	40	40	16	64	16	124	128	108	88	4	8	328
30731014_zpid	30731014_zpid	11214	8821 26th Ave, Brooklyn, NY 11214	40.592041	-73.989316	0.240566824229	6	0.635693244118	1	0.589141017051	2	6	3	3084	730000	36	2134	1945	14	9	11	19	3	18	33	24	27	7	5	69
30658870_zpid	30658870_zpid	11203	129 E 35th St, Brooklyn, NY 11203	40.6522	-73.944594	0.272598358495	3	0.488618775841	6	0.446977851073	2	4	1	1482	270000	7	1945	1910	484	80	288	344	244	276	76	36	92	144	24	492
29826967_zpid	29826967_zpid	10467	730 E 222nd St, Bronx, NY 10467	40.885121	-73.860696	0.073050209642	5	0.185981232928	1	0.221792885409	2	3	3	1347	150000	15	1424	1905	127	8	59	75	80	61	13	4	28	33	8	118
29833001_zpid	29833001_zpid	10466	940 E 227th St, Bronx, NY 10466	40.886679	-73.852566	0.12111586081	8	0.426625822007	3	0.671185217625	1	5	4	2494	260000	3	2700	1901	88	13	55	49	30	70	16	6	34	27	17	94
30669575_zpid	30669575_zpid	11210	2616 Foster Ave, Brooklyn, NY 11210	40.638247	-73.951527	0.149705112004	5	0.277174334985	3	0.325488802529	2	3	3	1492	415000	8	948	1915	177	26	77	69	55	28	22	12	16	40	7	178
30581425_zpid	30581425_zpid	11217	413 Dean St, Brooklyn, NY 11217	40.682665	-73.9775012	0.142989913874	11	0.378282088449	2	0.156919074203	9	5	3.5	2800	2375100	29	1600	1910	79	128	38	47	30	48	46	69	41	20	32	231
29827552_zpid	29827552_zpid	10469	928 E 214th St, Bronx, NY 10469	40.877788	-73.857876	0.379583396601	7	0.64259633953	1	0.717532715219	1	6	3	3080	487600	7	4750	1970	51	5	29	40	25	51	9	6	24	23	15	67
116165677_zpid	116165677_zpid	11206	101 Stockton St, Brooklyn, NY 11206	40.6962985	-73.9487702	0.281875516731	8	0.557773389147	7	0.0918519158409	3	4	2	5100	387500	74	2000	2011	356	132	240	380	176	172	80	176	116	100	112	576
29779644_zpid	29779644_zpid	10455	726 Union Ave, Bronx, NY 10455	40.8171903	-73.9034716	0.175303556696	14	0.199441406025	8	0.302675987863	4	7	4	3337	100000	21	1880	1901	209	16	73	97	58	19	32	9	32	29	22	183
30619106_zpid	30619106_zpid	11249	127 S 2nd St, Brooklyn, NY 11249	40.713639	-73.962504	0.0602981123151	13	0.314419423082	4	0.625600356986	2	1	1	3000	416000	70	2500	1910	100	360	28	108	24	120	72	64	88	12	24	420
30606730_zpid	30606730_zpid	11206	147 Hopkins St, Brooklyn, NY 11206	40.699668	-73.946472	0.0960510714968	10	0.40860844464	7	0.311630569963	5	5	2.5	1755	389000	40	5700	1995	67	31	24	41	23	35	28	27	20	14	16	153
30762157_zpid	30762157_zpid	11234	1493 E 48th St, Brooklyn, NY 11234	40.624239	-73.929112	0.216014283276	9	0.185819948967	2	1.83486304771	0	3	3	1316	450000	13	2000	1935	84	64	48	80	56	196	112	100	76	16	16	412
122027085_zpid	122027085_zpid	11211	251 S 3rd St # 4A, Brooklyn, NY 11211	40.710927	-73.957149	0.0814378068585	20	0.177696171243	7	0.296430185845	4	2	1	800	565128	33	2930	2008	171	318	121	147	98	30	53	31	37	27	29	352
30695000_zpid	30695000_zpid	11209	437 Bay Ridge Pkwy, Brooklyn, NY 11209	40.630518	-74.023847	0.122245563253	20	0.157640666857	5	0.164928367745	2	2	1	2100	996500	4	1700	1899	64	55	42	53	29	46	59	65	25	17	7	175
30723857_zpid	30723857_zpid	11230	824 E 17th St, Brooklyn, NY 11230	40.630456	-73.960779	0.0510045999778	7	0.461198825281	6	0.150696709886	3	5	3.5	3900	1785000	5	5500	1905	416	92	308	288	340	188	152	164	76	76	20	508
30730353_zpid	30730353_zpid	11214	136 Bay 38th St, Brooklyn, NY 11214	40.59577	-73.990981	0.352133427462	8	0.379949239601	5	0.411724848171	2	9	5.5	3116	1430000	13	2900	1927	164	40	72	96	48	208	160	100	92	36	12	368
2111335978_zpid	2111335978_zpid	11223	2063 W 6th St, Brooklyn, NY 11223	40.5971881	-73.9775994	0.0791805749135	4	0.0547243712646	4	0.133779415691	3	5	3	3800	1075000	22	3999	1905	35	19	10	29	8	51	23	41	27	5	7	90
30642486_zpid	30642486_zpid	11208	157 Nichols Ave, Brooklyn, NY 11208	40.686931	-73.868941	0.104033125842	8	0.221565305401	6	0.452852555239	3	7	2	3120	315000	55	1899	1899	63	32	44	58	37	66	33	13	38	26	4	148
30733251_zpid	30733251_zpid	11224	2858 W 27th St, Brooklyn, NY 11224	40.576631	-73.993732	0.43928123783	1	0.196308200076	5	1.06046166807	0	3	1.5	1344	365000	20	1663	1989	65	17	41	42	25	4	19	3	21	19	6	104
30652451_zpid	30652451_zpid	11203	14 E 58th St, Brooklyn, NY 11203	40.6551509	-73.923336	0.0779574540474	10	0.424020307585	3	0.917882321617	0	4	2.5	2038	410000	15	2312	1940	120	20	45	56	49	42	17	7	15	20	11	106
29778563_zpid	29778563_zpid	10452	1041 Ogden Ave, Bronx, NY 10452	40.834135	-73.929027	0.312893016855	4	0.227997564549	4	0.661064250564	2	5	2	1820	310000	2	2575	1901	404	54	176	187	180	35	19	6	74	73	29	291
30788968_zpid	30788968_zpid	11234	2270 E 60th Pl, Brooklyn, NY 11234	40.610838	-73.910837	0.57490051506	3	0.722678864055	1	3.95822378717	0	4	3	2032	640000	17	2000	1965	2	6	2	3	3	18	8	15	17	1	1	32
2099932645_zpid	2099932645_zpid	10466	3879 Amundson Ave # 1, Bronx, NY 10466	40.888717	-73.835674	0.483834962976	2	0.383071555028	4	0.409950909024	1	4	3	1500	449000	0	2000	1957	41	6	16	22	5	46	25	12	26	8	2	66
30580816_zpid	30580816_zpid	11215	274 22nd St, Brooklyn, NY 11215	40.659797	-73.992846	0.159622133299	7	0.475380168738	4	0.447925267278	2	2	1	1944	998000	6	2003	1901	17	31	10	26	12	14	23	6	8	4	6	75
29850168_zpid	29850168_zpid	10464	63 Reynolds St, Bronx, NY 10464	40.841662	-73.786399	0.202324894582	3	3.33892909643	0	3.64897069738	0	2	2	1581	180000	269	4750	1925	64	48	20	24	12	8	116	36	36	12	64	124
