30664566_zpid	30664566_zpid	11225	342 Lincoln Rd, Brooklyn, NY 11225	40.6612889	-73.951413	0.0877887098941	8	0.197734055317	6	0.168600007671	3	4	2	3087	1200000	0	2050	1905	405	82	176	162	169	43	36	16	42	71	15	284
30781373_zpid	30781373_zpid	11234	1437 E 65th St, Brooklyn, NY 11234	40.6193529	-73.914156	0.225549742124	6	0.464865321725	1	3.20267123095	0	3	2.5	1280	545000	21	6035	1920	20	10	10	11	5	22	29	8	22	3	7	93
30612096_zpid	30612096_zpid	11205	229 Washington Ave, Brooklyn, NY 11205	40.6919619	-73.9662929	0.185733931071	11	0.293272121613	5	0.393548736249	2	2	1	1000	1500000	1	2250	1905	61	88	34	37	31	45	25	14	28	21	14	157
30771166_zpid	30771166_zpid	11236	1261 E 84th St, Brooklyn, NY 11236	40.631441	-73.9033989	0.689516407627	2	0.634665440008	1	1.69855017438	0	5	3	2820	224000	258	2000	1960	256	40	92	112	48	260	100	36	132	28	48	320
30583550_zpid	30583550_zpid	11215	318 1st St, Brooklyn, NY 11215	40.6736256	-73.981907	0.068519009305	15	0.296861105	5	0.423182089988	2	3	3.5	2500	1800000	73	1800	1901	264	332	108	176	100	112	184	180	112	60	92	824
68314617_zpid	68314617_zpid	11223	2352 W 11th St, Brooklyn, NY 11223	40.590085	-73.981379	0.207308574313	3	0.400801861123	2	0.244663488955	3	9	3	2730	825000	10	1800	2000	36	32	16	36	24	52	32	44	44	8	8	48
30706311_zpid	30706311_zpid	11204	2058 Bay Ridge Pkwy, Brooklyn, NY 11204	40.609769	-73.990501	0.152496492914	13	0.257875792834	6	0.766221253368	0	5	3	2000	860000	5	2000	1925	45	10	8	20	16	22	16	16	14	5	0	56
30628191_zpid	30628191_zpid	11221	466 Central Ave, Brooklyn, NY 11221	40.6921482	-73.9150514	0.253861868438	8	0.358935371065	4	0.661972546825	2	7	7	4843	640000	46	2478	1904	184	47	125	166	123	44	43	9	76	64	52	222
30725119_zpid	30725119_zpid	11230	1212 E 18th St, Brooklyn, NY 11230	40.620913	-73.957982	0.307315994241	8	0.310138103519	6	0.385845167033	2	3	1.5	2140	620000	33	2400	1920	197	22	78	102	75	45	40	16	21	40	7	201
30775718_zpid	30775718_zpid	11236	10505 Flatlands 1st St, Brooklyn, NY 11236	40.645636	-73.892179	0.278974493152	4	0.244564425258	3	0.824668161691	0	4	2.5	2507	448000	14	2000	1960	156	28	92	60	52	96	48	12	52	36	28	308
64687067_zpid	64687067_zpid	11211	226 S 2nd St APT 1, Brooklyn, NY 11211	40.7119976	-73.9588687	0.115786415889	17	0.143742361386	4	0.4167412554	4	3	2.5	1500	1800000	33	1600	2003	512	992	332	500	284	116	208	100	136	140	116	1224
30628445_zpid	30628445_zpid	11221	1274 Putnam Ave, Brooklyn, NY 11221	40.692402	-73.9141549	0.277848168365	7	0.373686654632	4	0.707487046426	1	3	1	1839	695000	7	1750	1910	160	44	116	143	106	39	36	10	69	61	43	195
30674024_zpid	30674024_zpid	11218	276 E 9th St, Brooklyn, NY 11218	40.641812	-73.970667	0.125026463914	13	0.196073431796	5	0.580781183735	2	3	2	1476	972900	10	2000	1901	688	236	260	316	192	212	148	152	124	76	48	812
30671167_zpid	30671167_zpid	11218	67 E 4th St, Brooklyn, NY 11218	40.651127	-73.977624	0.217670714424	9	0.627344708209	1	0.215644491817	1	3	4	1412	1599000	29	3179	1899	104	96	64	116	68	120	108	132	72	16	16	272
29841112_zpid	29841112_zpid	10465	3200 Baisley Ave, Bronx, NY 10465	40.836992	-73.8211	0.248285773035	2	0.20855422413	1	1.4585600429	0	3	2	2128	570000	26	4791	1957	6	6	7	7	7	7	27	12	12	4	4	40
30634255_zpid	30634255_zpid	11207	280 New Jersey Ave, Brooklyn, NY 11207	40.672747	-73.895321	0.108075027323	6	0.0956071898933	5	0.225075763041	7	3	1.5	1130	355000	52	2482	1910	103	12	82	94	88	41	41	17	31	33	21	176
29847395_zpid	29847395_zpid	10465	3201 Tierney Pl, Bronx, NY 10465	40.814233	-73.801868	0.990393945513	0	1.46745283184	0	4.39336507802	0	3	2	1998	435000	127	2456	1955	0	2	0	1	0	3	10	4	3	0	0	11
30641683_zpid	30641683_zpid	11208	21 Hemlock St, Brooklyn, NY 11208	40.6894009	-73.872206	0.286235429507	6	0.221345290324	6	0.0667680172516	3	6	3	2200	539000	5	1667	1925	70	20	44	61	31	53	30	13	31	25	3	112
30622184_zpid	30622184_zpid	11222	92 N Henry St, Brooklyn, NY 11222	40.722526	-73.942752	0.236110376575	13	0.102509057157	1	0.75656238582	0	2	2	2397	870000	36	1700	1910	128	200	72	196	52	60	160	92	116	36	52	620
111025561_zpid	111025561_zpid	11207	33A Granite St # A, Brooklyn, NY 11207	40.682755	-73.907937	0.0913040910099	4	0.113656874795	3	0.213200310913	7	4	2.5	2700	350000	49	2613	2011	80	20	64	90	58	15	25	16	14	30	13	141
30701606_zpid	30701606_zpid	11209	221 95th St, Brooklyn, NY 11209	40.61793	-74.035455	0.226781622319	10	0.198286096961	3	0.406341495042	1	3	2.5	1216	752000	15	1900	1925	828	136	112	144	140	256	144	132	28	36	20	640
30589610_zpid	30589610_zpid	11238	638 Classon Ave, Brooklyn, NY 11238	40.678069	-73.959223	0.362199279877	13	0.435046207903	4	0.391059776409	3	3	1	900	1150000	102	2875	1930	144	184	57	93	77	53	35	40	41	27	30	223
30662952_zpid	30662952_zpid	11203	1312 Schenectady Ave, Brooklyn, NY 11203	40.640665	-73.932456	0.14588079041	7	1.04710005918	0	1.34996800773	0	4	4.5	1600	385000	43	2395	1920	33	16	13	22	12	53	28	12	25	16	7	114
30624649_zpid	30624649_zpid	11206	5 Mckibben Ct, Brooklyn, NY 11206	40.7053129	-73.9377839	0.231604999392	11	0.308404562841	4	0.321461528341	3	3	1	2000	200000	303	1921	1989	58	183	40	33	20	18	34	9	22	15	8	144
30769245_zpid	30769245_zpid	11236	965 E 83rd St, Brooklyn, NY 11236	40.635853	-73.9094719	0.171179421011	6	0.228460096884	2	1.36388261736	0	5	3	2280	210000	260	2870	1965	39	7	17	22	7	82	26	11	29	12	10	95
30778133_zpid	30778133_zpid	11236	1532 Canarsie Rd, Brooklyn, NY 11236	40.634234	-73.896709	0.290859375192	6	0.169825028896	4	1.44918396578	0	5	3	2340	570000	40	4704	1960	38	23	22	24	6	56	21	16	15	11	3	89
30606200_zpid	30606200_zpid	11233	319 Bainbridge St, Brooklyn, NY 11233	40.682012	-73.923907	0.523913655188	7	0.363058328951	3	0.416645292189	2	1	1	2048	645000	10	2000	1899	194	79	118	153	100	27	25	17	54	70	29	241
30763321_zpid	30763321_zpid	11234	1447 E 54th St, Brooklyn, NY 11234	40.622374	-73.923056	0.164739088402	10	0.368047989785	1	2.38140229803	0	3	1	378	353000	22	1800	1925	11	30	7	12	10	37	28	16	19	9	9	119
30730544_zpid	30730544_zpid	11214	122 Bay 41st St, Brooklyn, NY 11214	40.594735	-73.988463	0.375327143695	7	0.328414876532	5	0.358205742519	1	3	2	1540	725000	17	1742	1955	80	28	56	72	28	116	128	96	84	32	16	264
30641949_zpid	30641949_zpid	11208	17 Grant Ave, Brooklyn, NY 11208	40.69029	-73.86861	0.195766332145	5	0.230216236039	5	0.169308313649	2	1	1	3000	550000	126	2500	1915	37	16	26	38	23	30	15	8	18	12	1	73
30765230_zpid	30765230_zpid	11234	2196 Schenectady Ave, Brooklyn, NY 11234	40.618176	-73.930047	0.214096403966	8	0.636134071128	2	2.20753143887	0	5	3.5	2268	545000	23	2200	1920	10	57	3	10	5	37	30	19	11	7	2	134
30621105_zpid	30621105_zpid	11222	598 Leonard St, Brooklyn, NY 11222	40.725264	-73.950306	0.137636787528	14	0.378969215904	4	0.107764486218	2	6	4	4600	1630000	37	2500	1899	43	84	21	39	14	36	34	33	18	18	12	198
30609975_zpid	30609975_zpid	11221	512 Putnam Ave, Brooklyn, NY 11221	40.68483	-73.940862	0.140788257456	9	0.295145867885	6	0.546467484629	1	5	3	2775	1250000	0	1800	1899	121	27	76	94	64	12	23	9	34	38	9	144
30771045_zpid	30771045_zpid	11236	1235 E 82nd St, Brooklyn, NY 11236	40.630974	-73.905337	0.808136922785	0	0.806122626554	0	1.77016869483	0	6	2.5	2850	575000	121	2183	1955	50	7	16	23	11	66	23	7	28	7	10	57
30782826_zpid	30782826_zpid	11234	2217 E 71st St, Brooklyn, NY 11234	40.617987	-73.905	0.471667415962	2	0.38194516861	1	3.2022722973	0	3	1	1260	495000	10	3533	1955	10	9	7	12	5	14	20	9	17	2	4	53
30718334_zpid	30718334_zpid	11204	1444 W 9th St, Brooklyn, NY 11204	40.610828	-73.983423	0.108168118504	12	0.149836319674	6	0.175823284386	2	7	3	3692	1230000	14	4000	1930	760	128	176	244	284	312	120	136	88	56	32	624
29845395_zpid	29845395_zpid	10465	4189 E Tremont Ave, Bronx, NY 10465	40.81786	-73.816154	0.183917557566	4	0.228354976801	1	3.32669012885	0	4	2	1912	499000	0	2442	1955	8	8	3	8	5	18	15	12	13	4	10	65
30692071_zpid	30692071_zpid	11220	6816 Madeline Ct, Brooklyn, NY 11220	40.636899	-74.027761	0.0543231510245	10	0.118713233427	3	0.428263190124	1	3	2	1192	538000	109	1400	1925	50	17	29	29	25	28	25	29	11	13	3	67
30791165_zpid	30791165_zpid	11235	114 Kensington St, Brooklyn, NY 11235	40.58032	-73.942381	0.78278629844	0	1.2233969801	0	1.23559868508	0	3	3.5	2300	1650000	4	6240	1943	68	28	4	56	12	68	96	20	52	4	8	124
30704640_zpid	30704640_zpid	11204	1939 73rd St, Brooklyn, NY 11204	40.612886	-73.991572	0.146548185985	13	0.149660949569	7	0.748065060221	1	5	2.75	2400	1342000	3	2500	1930	59	15	20	39	20	46	31	23	21	10	4	110
29828647_zpid	29828647_zpid	10469	1142 E 215th St, Bronx, NY 10469	40.876919	-73.85288	0.211326847978	9	0.436995326366	1	0.988077622244	0	3	4	1710	379000	0	1707	1925	80	10	41	69	57	49	13	10	29	26	16	130
29791538_zpid	29791538_zpid	10473	403 Torry Ave, Bronx, NY 10473	40.814673	-73.849408	0.132283808021	3	0.630324248314	2	2.19062796131	0	4	3	1694	363542	14	1949	1965	15	4	6	5	3	14	9	8	9	5	3	31
29842007_zpid	29842007_zpid	10461	3219 Bruckner Blvd, Bronx, NY 10461	40.839388	-73.826217	0.610584525263	3	0.597451772412	2	0.984262485773	0	4	2	1648	489999	0	2700	1954	8	7	2	6	4	27	25	6	6	3	1	34
30567379_zpid	30567379_zpid	11201	36 Orange St, Brooklyn, NY 11201	40.699097	-73.9942962	0.0645445254348	16	0.214404812626	2	0.208319191555	5	4	3	2840	2275000	120	1298	1899	144	336	52	92	64	32	136	80	72	28	32	416
30693056_zpid	30693056_zpid	11209	7029 Perry Ter, Brooklyn, NY 11209	40.635232	-74.029869	0.184887384671	9	0.220632669215	3	0.549219447808	2	4	3	2147	818000	7	1917	1925	424	72	96	156	100	188	112	368	76	40	12	464
30719208_zpid	30719208_zpid	11204	1536 W 9th St, Brooklyn, NY 11204	40.609353	-73.983146	0.110980316941	14	0.209775739038	7	0.301230740926	2	4	3	1440	757500	24	2600	1925	572	104	152	204	256	292	84	136	76	48	28	504
30656785_zpid	30656785_zpid	11203	899 E 49th St, Brooklyn, NY 11203	40.639369	-73.929782	0.340047416665	8	1.13976984157	0	1.57502734386	0	3	2	2544	475000	2	2050	1920	292	48	60	84	72	160	128	56	84	40	24	404
30699268_zpid	30699268_zpid	11209	552 84th St, Brooklyn, NY 11209	40.621808	-74.024098	0.123625211203	13	0.164605827988	4	0.376268106242	1	3	1	1758	575000	158	2300	1910	492	220	152	184	144	120	72	84	36	112	16	780
30772993_zpid	30772993_zpid	11236	9311 Foster Ave, Brooklyn, NY 11236	40.646647	-73.908766	0.30012638927	3	0.874280752419	0	0.584144436336	1	5	3.5	2500	180000	238	2500	1930	34	7	23	31	17	43	31	6	9	19	5	87
29787975_zpid	29787975_zpid	10458	282 E 201st St, Bronx, NY 10458	40.871508	-73.88433	0.222023065079	9	0.271418197758	8	0.274308205467	4	5	3	2500	267500	40	2483	1901	650	35	98	130	120	33	19	12	33	47	13	189
29853630_zpid	29853630_zpid	10471	443 W 259th St, Bronx, NY 10471	40.906972	-73.90337	0.0588506626078	4	0.126672947702	3	0.964256753558	0	4	3	1810	874900	0	3240	1920	12	12	3	10	6	13	34	8	15	4	7	51
30589813_zpid	30589813_zpid	11238	942 Bergen St, Brooklyn, NY 11238	40.6766924	-73.9559656	0.263639113196	12	0.547255766569	6	0.255547123355	6	2	1	5700	845000	114	1662	1931	105	99	43	49	51	31	20	19	29	19	19	136
30606965_zpid	30606965_zpid	11206	57 Vernon Ave, Brooklyn, NY 11206	40.694776	-73.9498459	0.152665958749	8	0.467650206892	8	0.106152233052	3	4	2	2952	550000	6	1800	1910	79	26	55	93	42	36	17	18	27	22	19	125
30695622_zpid	30695622_zpid	11228	1034 Bay Ridge Pkwy, Brooklyn, NY 11228	40.623508	-74.01329	0.490419745026	7	0.404237893426	3	1.10407431376	0	4	4	2429	1725000	4	4000	1925	11	9	7	16	6	45	44	37	15	3	4	62
30787921_zpid	30787921_zpid	11234	40 Montana Pl, Brooklyn, NY 11234	40.605956	-73.903469	1.33450118042	0	1.35269657155	0	4.49531728558	0	6	4	3132	1799000	0	5500	1965	0	0	0	2	0	0	5	1	5	2	0	7
30634468_zpid	30634468_zpid	11207	301 Pennsylvania Ave, Brooklyn, NY 11207	40.670177	-73.895067	0.08507413541	5	0.139533410869	6	0.47782670845	4	5	2	1140	230000	156	1596	1910	125	17	100	104	113	24	34	8	32	35	22	200
30670965_zpid	30670965_zpid	11218	106 Vanderbilt St, Brooklyn, NY 11218	40.651491	-73.980707	0.370084957912	7	0.644756921483	1	0.457530360633	1	3	1.5	1572	750000	117	1636	1910	3	17	10	16	10	18	16	18	8	2	4	45
29782859_zpid	29782859_zpid	10456	1396 Fulton Ave, Bronx, NY 10456	40.834075	-73.901728	0.346118730647	6	0.137227459491	6	0.941203174479	0	3	2	1848	117705	29	3920	1910	221	21	87	115	59	23	10	11	15	33	17	172
29845802_zpid	29845802_zpid	10465	3208 Barkley Ave, Bronx, NY 10465	40.833418	-73.81959	0.170392330564	4	0.209919784671	1	1.82692827884	0	3	1.5	1785	362790	64	2392	1970	5	6	5	11	7	15	27	25	13	4	4	41
83044371_zpid	83044371_zpid	11233	1856 Park Pl, Brooklyn, NY 11233	40.6714005	-73.9161181	0.562873036801	4	0.498617594368	5	0.909343645365	0	9	3	3300	799000	101	1527	2006	156	6	86	101	59	10	11	8	24	36	18	121
30694884_zpid	30694884_zpid	11209	269 Bay Ridge Pkwy, Brooklyn, NY 11209	40.631808	-74.028237	0.0402302723017	18	0.3857284673	4	0.325531285406	2	6	3	2464	1350000	0	3760	1930	111	48	47	45	37	49	49	102	20	21	5	158
30693922_zpid	30693922_zpid	11209	7210 72nd Ct, Brooklyn, NY 11209	40.635563	-74.036879	0.438497432669	2	0.801824123153	0	1.14253765217	0	5	3	2560	440000	188	1760	1945	31	6	6	10	5	24	15	61	8	1	1	36
30714438_zpid	30714438_zpid	11214	225 Bay 32nd St, Brooklyn, NY 11214	40.5964118	-73.9967498	0.365116775825	6	0.404408125926	5	0.66134793518	1	5	2	2537	714000	56	1940	1940	384	36	128	144	116	232	104	64	64	44	20	284
30671504_zpid	30671504_zpid	11218	2905 Fort Hamilton Pkwy, Brooklyn, NY 11218	40.648963	-73.977772	0.13156853008	10	0.159857673075	4	0.192258409859	2	5	4	4400	210500	283	1986	1899	248	136	84	136	128	144	120	120	76	36	28	440
30791185_zpid	30791185_zpid	11235	165 Jaffrey St, Brooklyn, NY 11235	40.578842	-73.942477	0.663414331629	1	1.32519411752	0	1.33363734995	0	4	3.5	2932	1722050	26	4000	1940	68	20	4	44	12	56	80	28	44	4	4	104
29845552_zpid	29845552_zpid	10465	195 Throggs Neck Blvd, Bronx, NY 10465	40.817	-73.812865	0.445731171917	4	0.501809882764	1	3.58413623119	0	3	2.5	1620	302000	8	2404	1965	20	28	8	24	20	44	92	52	44	16	36	232
29816529_zpid	29816529_zpid	10461	2009 Mayflower Ave, Bronx, NY 10461	40.852204	-73.834045	0.340140365232	6	0.350946721705	1	0.591249520178	2	3	1.5	1088	380000	2	2275	1951	54	14	15	16	20	32	20	15	12	4	5	50
30793354_zpid	30793354_zpid	11229	3 Canton Ct, Brooklyn, NY 11229	40.5861979	-73.9196096	0.478405382107	1	1.78746678756	0	2.9214570574	0	3	2	1250	529000	0	16117.199999999999	1920	8	12	4	44	0	0	64	32	52	4	8	96
30717308_zpid	30717308_zpid	11204	2221 60th St, Brooklyn, NY 11204	40.616494	-73.977613	0.143673075534	8	0.484495126744	6	0.325640632553	4	6	4.5	3360	1200000	20	2600	1928	55	10	8	25	16	35	28	23	14	4	4	63
30783280_zpid	30783280_zpid	11234	2427 E 70th St, Brooklyn, NY 11234	40.614087	-73.901906	0.821455940908	0	0.724816883008	1	3.62534494368	0	4	2.75	2172	645000	8	2475	1989	2	12	2	7	0	4	17	9	11	1	3	41
30576169_zpid	30576169_zpid	11220	452 47th St, Brooklyn, NY 11220	40.647186	-74.009626	0.0718777786079	9	0.123487671794	9	0.197764796626	2	5	2.5	2080	880000	31	2003	1901	116	58	55	88	50	40	57	22	27	31	11	217
30780164_zpid	30780164_zpid	11234	1151 E 72nd St, Brooklyn, NY 11234	40.626914	-73.915135	0.613725259146	1	0.46148693064	1	2.46743249279	0	7	6	3135	709000	43	3008	1970	26	3	15	10	10	52	6	19	14	10	6	74
30763768_zpid	30763768_zpid	11234	1541 Kimball St, Brooklyn, NY 11234	40.6190365	-73.9365761	0.513806157031	3	0.358439686111	2	1.79830207261	0	3	1.5	1552	370000	10	720	1920	36	17	19	19	12	46	32	20	27	9	2	115
30605177_zpid	30605177_zpid	11233	678 Halsey St, Brooklyn, NY 11233	40.684229	-73.926787	0.25001239564	7	0.380126500866	3	0.635639461938	2	6	3	2185	165000	20	1406	1899	133	70	92	111	62	15	11	13	44	35	24	171
29789463_zpid	29789463_zpid	10470	245 E 238th St, Bronx, NY 10470	40.89964	-73.869302	0.448332970681	2	0.299833319737	1	0.71807866728	1	4	3	1272	400000	3	8000	1925	54	15	7	10	6	42	14	17	16	5	4	78
29850634_zpid	29850634_zpid	10464	25 Tier St, Bronx, NY 10464	40.848242	-73.790901	0.347536081241	3	2.88547174821	0	3.09164536757	0	3	2	1891	730000	15	15681.599999999999	1925	5	27	2	3	1	0	23	6	2	0	13	38
30590969_zpid	30590969_zpid	11216	1425 Pacific St, Brooklyn, NY 11216	40.677598	-73.944621	0.126812775119	10	0.242361234952	7	0.316062971869	3	5	3	2688	825000	9	1667	1915	265	62	123	164	133	32	31	8	53	58	28	233
29815415_zpid	29815415_zpid	10461	1650 Mayflower Ave, Bronx, NY 10461	40.844983	-73.834296	0.234200433088	5	0.690421140712	2	0.211313630845	2	3	3	1452	325000	60	2382	1940	125	14	23	18	20	33	27	14	12	17	6	109
30691361_zpid	30691361_zpid	11220	6645 Bergen Pl, Brooklyn, NY 11220	40.639432	-74.027816	0.316169062827	9	0.398193584227	3	0.622625476806	1	4	3	2160	1188000	0	3000	2001	39	17	25	27	16	25	24	31	8	11	2	57
30652546_zpid	30652546_zpid	11212	376 E 92nd St, Brooklyn, NY 11212	40.65652	-73.92196	0.115955942911	11	0.252445864475	3	0.726522534144	1	3	2	1958	490000	0	1999	1950	1328	56	580	652	484	268	40	24	96	212	80	856
29795717_zpid	29795717_zpid	10472	1252 Evergreen Ave, Bronx, NY 10472	40.8302369	-73.88115	0.248262946286	8	0.22719950456	2	0.249084235416	3	5	2	2604	375000	17	2500	1920	251	33	122	138	141	44	21	8	48	46	9	212
30597784_zpid	30597784_zpid	11213	31 Ford St, Brooklyn, NY 11213	40.6649352	-73.9290712	0.231355467393	14	0.209911615345	9	0.535928731015	2	4	2	1944	255000	29	1089	1950	305	31	141	123	119	31	18	9	25	59	19	179
30770710_zpid	30770710_zpid	11236	1404 Remsen Ave, Brooklyn, NY 11236	40.636125	-73.901876	0.281572065722	8	0.434832811249	2	1.17208497614	0	7	3	2825	599000	0	3090	1960	42	19	23	29	10	53	20	8	19	8	11	90
30694034_zpid	30694034_zpid	11209	231 73rd St, Brooklyn, NY 11209	40.633408	-74.028682	0.134073175355	14	0.271678373827	4	0.480587518088	2	4	2.5	2250	1060000	13	4500	1870	564	124	188	208	152	168	188	456	84	72	20	600
30727894_zpid	30727894_zpid	11229	1725 E 27th St, Brooklyn, NY 11229	40.608911	-73.946108	0.467542809858	2	0.711190575892	1	0.989731845911	0	3	1	2546	805000	5	2500	1925	216	28	64	84	32	136	100	132	92	16	8	356
30611403_zpid	30611403_zpid	11216	44 Herkimer St, Brooklyn, NY 11216	40.679526	-73.951803	0.24811020067	10	0.250011305256	9	0.211208049605	5	5	2.5	2800	629500	43	1800	1906	290	164	126	171	144	24	51	24	53	62	45	269
72690804_zpid	72690804_zpid	10467	3234 N Chestnut Dr, Bronx, NY 10467	40.8727598	-73.8632447	0.226061066949	9	0.354457226173	3	0.365052918738	2	5	3	2409	589000	0	705	2005	208	32	76	82	73	38	23	4	29	34	13	160
30566282_zpid	30566282_zpid	11201	45 Duffield St, Brooklyn, NY 11201	40.69689	-73.983787	0.076194983081	5	0.30773736242	3	0.560620284741	8	4	3	2175	142500	233	2175	1899	28	208	20	72	16	8	100	80	52	12	8	336
79712636_zpid	79712636_zpid	11207	654 Ashford St, Brooklyn, NY 11207	40.665625	-73.883278	0.0928762699519	8	0.170483540377	5	0.0838916174996	2	8	5	3066	524900	0	2000	2004	86	7	58	45	37	22	26	10	30	32	13	117
30598485_zpid	30598485_zpid	11233	1641 Saint Marks Ave, Brooklyn, NY 11233	40.673417	-73.912559	0.208020368747	4	0.278946867664	5	0.584737788009	1	8	4	3280	860000	8	3175	1910	192	14	102	117	77	36	25	20	33	51	26	156
29794594_zpid	29794594_zpid	10472	1102 Wheeler Ave, Bronx, NY 10472	40.826085	-73.87922	0.163205391504	6	0.295897733492	4	0.278465715708	3	5	3	2000	350000	41	2003	1930	566	67	182	205	182	53	31	6	68	82	20	322
30700089_zpid	30700089_zpid	11209	8641 Fort Hamilton Pkwy, Brooklyn, NY 11209	40.619379	-74.024964	0.169723703016	10	0.149093307024	5	0.468822871591	2	8	3	3000	918000	16	2000	1925	300	188	76	112	76	128	80	60	4	48	12	636
30608283_zpid	30608283_zpid	11216	256 Tompkins Ave, Brooklyn, NY 11216	40.6896712	-73.9449925	0.28953095226	11	0.380715342087	4	0.558498112554	2	3	1	3000	209915	78	1875	1899	336	108	156	240	204	52	64	20	76	88	60	416
68313824_zpid	68313824_zpid	11237	131 Wilson Ave, Brooklyn, NY 11237	40.700996	-73.925711	0.0128320530197	13	0.239581289424	5	0.377292307883	4	8	5	3200	1100000	10	1887	2003	187	111	127	175	143	32	24	5	50	72	30	306
30762295_zpid	30762295_zpid	11234	1410 E 52nd St, Brooklyn, NY 11234	40.625152	-73.925869	0.344665107667	9	0.179604548517	1	2.02864625073	0	3	1.5	1021	440000	94	2220	1935	13	19	15	14	7	53	31	16	17	5	6	88
