30710035_zpid	30710035_zpid	11228	1165 84th St, Brooklyn, NY 11228	40.617113	-74.015353	0.567248708808	3	0.871859690989	0	1.26490506492	0	6	5	3250	2200000	0	4000	1960	16	24	0	28	0	60	128	40	40	12	8	104
30789120_zpid	30789120_zpid	11235	52 Brighton 2nd Ln, Brooklyn, NY 11235	40.5794107	-73.9654199	0.153155819881	7	0.295649110917	7	0.400590942487	2	3	2	1450	314000	52	1800	1930	488	220	304	404	252	224	156	88	200	96	92	1000
55540804_zpid	55540804_zpid	10454	629 E 140th St, Bronx, NY 10454	40.807284	-73.913973	0.265593148613	7	0.252851884738	3	0.213367370142	3	3	1.5	1683	290000	19	2650	2000	182	23	110	124	109	12	13	8	27	36	11	168
29782078_zpid	29782078_zpid	10453	1760 Grand Ave, Bronx, NY 10453	40.849881	-73.912666	0.275295758052	11	0.20197339871	8	0.172379474605	5	9	4	4278	849000	0	3575	1930	693	63	282	295	274	122	37	15	108	89	29	425
30573337_zpid	30573337_zpid	11231	127 Pioneer St, Brooklyn, NY 11231	40.67848	-74.010885	0.160885195183	4	0.0585887457495	4	1.22790964159	0	4	2	1632	98000	251	16	1901	29	56	16	26	12	10	32	7	10	10	3	66
30715490_zpid	30715490_zpid	11230	820 E 8th St, Brooklyn, NY 11230	40.629391	-73.969245	0.270567044178	8	0.491556398037	8	0.642731018237	3	3	2	1288	300000	2	2178	1925	115	34	50	43	47	64	47	51	23	14	12	143
30682807_zpid	30682807_zpid	11204	2150 67th St, Brooklyn, NY 11204	40.613119	-73.9838089	0.176543563592	10	0.078506019011	6	0.214100751257	2	3	2	2288	768000	16	2613	1930	170	30	42	62	71	67	37	35	24	13	7	164
30774869_zpid	30774869_zpid	11236	985 E 105th St, Brooklyn, NY 11236	40.646127	-73.892697	0.229793241469	4	0.198483754327	3	0.757394106121	0	4	2.5	1224	318000	21	1755	1960	39	7	22	16	13	25	11	3	13	8	8	85
29841106_zpid	29841106_zpid	10465	3203 Fairmount Ave, Bronx, NY 10465	40.836276	-73.820997	0.169305632828	3	0.129637818276	1	1.52473474002	0	5	2.5	2160	535000	2	3025	1955	6	7	7	8	7	10	29	13	11	4	3	43
30615731_zpid	30615731_zpid	11205	308 Carlton Ave, Brooklyn, NY 11205	40.688366	-73.972209	0.120415774122	10	0.376667488032	3	0.240978058569	8	4	3	4400	3500000	24	2200	1930	26	35	5	20	3	21	19	6	14	5	4	66
89074079_zpid	89074079_zpid	10463	668 W 232nd St, Bronx, NY 10463	40.8847289	-73.9153435	0.428912641186	6	0.519612581628	2	0.886313914813	0	6	4	3528	1450000	4	2436	2008	39	10	6	20	12	17	34	11	9	4	3	44
2102852178_zpid	2102852178_zpid	11234	75-77 Harden St, Brooklyn, NY 11234	40.6207048	-73.9341028	0.225728781404	8	0.193180578983	3	1.76979872423	0	6	3	3900	825000	0	5000	1910	44	18	22	32	26	41	28	23	15	10	0	147
30572927_zpid	30572927_zpid	11231	39 3rd St, Brooklyn, NY 11231	40.6783507	-73.9943623	0.105985568123	9	0.608969335995	2	0.265506198665	2	5	4	2340	2600000	1	1600	1901	20	36	8	30	11	13	55	35	22	7	4	138
30670361_zpid	30670361_zpid	11218	1679 11th Ave, Brooklyn, NY 11218	40.655898	-73.977157	0.316380396577	7	0.101580537691	3	0.574455969055	2	5	2.5	2836	1128000	91	2639	1985	2	10	10	11	5	19	14	15	9	0	2	34
30634337_zpid	30634337_zpid	11207	273 Pennsylvania Ave, Brooklyn, NY 11207	40.670943	-73.895303	0.167338398328	6	0.180678366846	7	0.41419878311	5	5	3	2000	499000	7	1611	1910	108	13	86	91	88	28	36	9	30	33	22	177
30635291_zpid	30635291_zpid	11212	671 Mother Gaston Blvd, Brooklyn, NY 11212	40.662357	-73.904649	0.363741834403	3	0.293520724446	8	0.226255347936	4	3	1	1116	359000	0	1799	1985	38	11	39	32	22	10	21	5	26	10	6	74
30750830_zpid	30750830_zpid	11210	942 E 37th St, Brooklyn, NY 11210	40.633746	-73.9412679	0.254589056185	1	0.302740873889	2	0.547927000306	1	4	3	1260	399000	38	2003	1925	62	21	41	48	45	48	26	14	25	18	4	105
30786604_zpid	30786604_zpid	11234	2145 E 38th St, Brooklyn, NY 11234	40.608345	-73.926877	0.38916617946	1	0.996413871561	0	2.61487377041	0	2	3	2176	520000	41	2000	1930	1	8	3	4	1	16	23	15	17	0	3	70
30639873_zpid	30639873_zpid	11207	455 Miller Ave, Brooklyn, NY 11207	40.669543	-73.8901379	0.282874133057	6	0.472174113865	6	0.362134080187	4	6	3	2080	550000	15	1900	1930	124	20	92	100	104	26	40	7	51	47	22	219
30608717_zpid	30608717_zpid	11216	757 Marcy Ave # 2, Brooklyn, NY 11216	40.687892	-73.947481	0.155027956328	14	0.350764534576	5	0.416314564549	1	4	3	2001	720000	35	1089	1899	143	58	70	107	82	27	35	12	37	46	28	191
30712184_zpid	30712184_zpid	11214	91 Bay 19th St, Brooklyn, NY 11214	40.604968	-74.003538	0.329297175074	11	0.095477189364	8	0.365626901564	2	4	3	1440	702000	15	1187	1925	260	104	112	156	60	228	164	184	84	52	24	528
30783770_zpid	30783770_zpid	11234	1864 E 33rd St, Brooklyn, NY 11234	40.610265	-73.936025	0.436054342669	3	0.408858825203	1	1.84997361174	0	3	2	1536	600000	56	2000	1925	1	8	4	7	3	11	18	22	24	3	1	41
30676276_zpid	30676276_zpid	11230	135 Foster Ave, Brooklyn, NY 11230	40.628315	-73.975577	0.228800318123	8	0.202991680788	6	0.198227658536	2	3	1.5	1400	535000	21	2003	1905	48	35	23	36	33	35	27	49	12	5	8	79
30593542_zpid	30593542_zpid	11225	1190 Union St, Brooklyn, NY 11225	40.668752	-73.951956	0.144134882475	12	0.400866431087	5	0.144607173188	5	3	3	2750	1320000	9	2555	1915	387	63	156	178	152	21	18	7	42	66	20	214
55677701_zpid	55677701_zpid	11234	11 Bergen Beach Pl, Brooklyn, NY 11234	40.622555	-73.914928	0.335728655022	5	0.753302255095	0	2.90127647957	0	3	4	2100	580000	0	2455	1999	20	4	8	11	5	56	27	24	19	6	9	108
30636556_zpid	30636556_zpid	11207	141 Sunnyside Ave, Brooklyn, NY 11207	40.681936	-73.891957	0.293779495874	3	0.199533939704	4	0.463547060917	2	6	3	2408	365000	42	2400	1910	78	30	47	48	38	55	38	36	32	18	6	104
30682975_zpid	30682975_zpid	11204	1731 Bay Ridge Ave, Brooklyn, NY 11204	40.617899	-73.993817	0.141659039381	11	0.216241584316	7	0.421784183559	3	5	2.5	3036	980000	20	3100	1925	228	80	116	256	80	252	172	180	88	52	32	472
29776810_zpid	29776810_zpid	10454	445 E 139th St, Bronx, NY 10454	40.809277	-73.920636	0.243596010143	5	0.158637928749	6	0.201922555814	3	4	2	2400	525000	106	1667	1910	251	31	121	150	123	13	18	12	35	40	21	243
30773081_zpid	30773081_zpid	11236	9513 Foster Ave, Brooklyn, NY 11236	40.647587	-73.907293	0.321130886525	3	0.974268950214	0	0.471313244437	2	2	1	3240	470000	88	2500	1935	30	6	19	29	16	39	27	6	8	16	6	80
30602858_zpid	30602858_zpid	11221	764 Greene Ave, Brooklyn, NY 11221	40.689699	-73.937798	0.224087975795	6	0.304636124323	4	0.855099264512	0	6	3	3464	1350000	11	1925	1899	216	54	109	164	88	41	32	15	42	64	36	244
30695557_zpid	30695557_zpid	11228	966 Bay Ridge Pkwy, Brooklyn, NY 11228	40.624548	-74.015018	0.416264410413	3	0.285823738221	2	1.05834117595	0	3	1.5	2225	559000	53	2250	1925	15	9	10	20	7	42	40	28	15	4	4	59
29798647_zpid	29798647_zpid	10460	411 Morris Park Ave, Bronx, NY 10460	40.839434	-73.874277	0.20268090568	3	0.434923132031	1	0.281792120599	2	4	1	1881	235000	30	2526	1901	122	16	34	38	49	19	9	5	21	21	15	86
29781942_zpid	29781942_zpid	10452	27 E 169th St, Bronx, NY 10452	40.837696	-73.918564	0.364195589195	5	0.148528257987	9	0.272713411749	4	3	1	1620	805000	60	4250	1920	454	86	214	213	232	22	24	14	60	84	23	342
29827914_zpid	29827914_zpid	10469	959 E 221st St, Bronx, NY 10469	40.882715	-73.8541879	0.32928704884	5	0.455051987665	2	0.728416397904	1	4	1	1960	344000	24	1986	1935	64	15	28	27	26	32	5	3	18	8	2	48
30579549_zpid	30579549_zpid	11220	756 58th St, Brooklyn, NY 11220	40.636947	-74.009358	0.0822447875987	7	0.0764461177325	9	0.288885181106	2	10	3	2000	1850000	0	2003	1910	90	32	38	40	15	65	54	32	20	21	6	201
30705170_zpid	30705170_zpid	11204	1930 73rd St, Brooklyn, NY 11204	40.612676	-73.992092	0.197676654977	12	0.176348382342	6	0.725649844716	1	8	3.5	2688	850000	63	2425	1930	56	14	18	39	20	46	30	24	18	10	3	105
30783962_zpid	30783962_zpid	11234	1821 E 35th St, Brooklyn, NY 11234	40.612196	-73.934968	0.386679770294	4	0.297060756741	1	1.97017182599	0	4	2.5	1402	557000	9	30056.399999999998	1978	8	68	16	32	12	72	100	100	140	12	4	216
83042879_zpid	83042879_zpid	11212	859 Thomas S Boyland St, Brooklyn, NY 11212	40.65948	-73.910728	0.242693656477	6	0.193545475876	5	0.377515283357	2	8	6	4320	771470	116	2000	1945	844	72	584	496	356	124	156	64	200	144	64	780
29798519_zpid	29798519_zpid	10460	1440 Taylor Ave, Bronx, NY 10460	40.836605	-73.865938	0.164033588578	9	0.19923091631	6	0.572354349354	2	6	4	2624	455000	49	2375	1930	187	15	78	92	99	32	16	6	27	33	12	122
94718396_zpid	94718396_zpid	11213	1561 Pacific St, Brooklyn, NY 11213	40.67729	-73.939294	0.211315925954	7	0.367702613706	5	0.321268146171	1	9	6	3717	860000	40	2090	2010	150	35	68	70	65	25	19	6	26	31	11	149
30567467_zpid	30567467_zpid	11201	113 Willow St, Brooklyn, NY 11201	40.6976579	-73.99535	0.151907380447	11	0.221380687438	2	0.192267988215	5	7	6	5000	10995000	0	2680	1829	172	368	68	80	64	24	192	88	80	24	40	524
29843324_zpid	29843324_zpid	10465	3179 Parsifal Pl, Bronx, NY 10465	40.839772	-73.822013	0.567157959457	2	0.527430746155	2	1.18493135519	0	3	2	1984	540000	0	2047	1940	4	52	28	8	12	16	112	52	28	8	8	132
29792643_zpid	29792643_zpid	10473	1773 Seward Ave, Bronx, NY 10473	40.81919	-73.864621	0.281879038284	3	0.356596091816	2	1.39438890778	0	7	3	3350	540000	3	2500	1920	59	15	24	21	19	20	17	6	24	11	7	85
30772692_zpid	30772692_zpid	11236	727 E 92nd St, Brooklyn, NY 11236	40.649992	-73.91394	0.175030794832	6	0.86351751821	0	1.08663605122	0	1	1	2280	376000	43	2000	1955	42	4	15	19	19	39	22	10	6	12	3	94
30619650_zpid	30619650_zpid	11222	199 Freeman St, Brooklyn, NY 11222	40.734779	-73.9535439	0.170586892659	11	0.348339323881	3	0.517665087954	1	1	1	2415	570000	24	2500	1931	77	88	57	59	37	41	33	24	22	20	11	201
30751175_zpid	30751175_zpid	11210	1739 Brooklyn Ave, Brooklyn, NY 11210	40.630634	-73.94132	0.227907288187	2	0.277541525543	2	0.587657396666	1	2	1	1751	580000	121	1999	1920	93	23	41	47	35	57	35	20	18	15	8	120
30730522_zpid	30730522_zpid	11214	109 Bay 40th St, Brooklyn, NY 11214	40.5951189	-73.988516	0.340847835868	7	0.290567471863	5	0.321163948904	1	7	3	2480	880000	41	1940	1930	17	4	10	14	5	32	30	25	18	7	3	69
30611361_zpid	30611361_zpid	11216	333 Herkimer St, Brooklyn, NY 11216	40.679449	-73.942281	0.26628967753	9	0.181679139472	6	0.131118936216	3	2	1	2800	95000	196	2000	1901	179	77	84	134	76	26	34	21	39	42	28	198
30707541_zpid	30707541_zpid	11214	88 Kings Hwy, Brooklyn, NY 11214	40.6060227	-73.9881175	0.158050925381	14	0.589252015149	7	0.663871875374	2	2	2.5	2120	150000	195	1160	1931	91	7	27	43	31	47	25	25	15	9	9	86
30674025_zpid	30674025_zpid	11218	280 E 9th St, Brooklyn, NY 11218	40.641756	-73.970656	0.130743979348	13	0.190354659351	5	0.578839221573	2	4	1	1260	944678	21	2000	1901	688	236	260	316	192	216	144	160	120	76	48	812
30601722_zpid	30601722_zpid	11233	15 Sherlock Pl, Brooklyn, NY 11233	40.67663	-73.906767	0.33696917299	5	0.324547702372	3	0.300443598546	8	8	3	1667	520000	28	1760	1910	145	17	97	127	82	32	28	16	43	58	20	145
29783456_zpid	29783456_zpid	10459	1333 Chisholm St, Bronx, NY 10459	40.83148	-73.896045	0.360583782635	2	0.308380972476	7	0.384520069487	1	6	4	2500	440000	0	1973	1901	186	76	81	113	95	24	18	5	19	45	19	161
30652975_zpid	30652975_zpid	11203	222 E 54th St, Brooklyn, NY 11203	40.65339	-73.9269489	0.107360632288	9	0.0896169275306	3	1.26895862915	0	8	3	2814	629000	0	3000	1920	205	28	85	81	88	75	39	13	30	39	18	197
29846085_zpid	29846085_zpid	10465	857 Vincent Ave, Bronx, NY 10465	40.831755	-73.81947	0.350304541057	4	0.390416830675	2	1.95731277507	0	3	1.5	1489	391400	35	2500	1955	24	24	20	56	12	72	100	104	56	12	16	148
30764004_zpid	30764004_zpid	11234	1626 Hendrickson St, Brooklyn, NY 11234	40.618407	-73.9339339	0.348203566884	9	0.419780847317	3	1.9802449357	0	3	3	1980	580000	7	2000	1930	44	196	36	60	52	176	128	92	64	36	4	548
30720938_zpid	30720938_zpid	11223	1687 E 2nd St, Brooklyn, NY 11223	40.6083641	-73.9716116	0.289152816654	9	0.182361781504	5	0.125729235856	2	6	2	3480	790000	37	2500	1930	56	13	15	22	18	28	15	18	19	10	1	94
30575981_zpid	30575981_zpid	11220	621 47th St, Brooklyn, NY 11220	40.645297	-74.005621	0.351953667929	10	0.276733708577	8	0.549127562623	2	3	2.5	2668	1155000	7	1861	1910	109	48	56	85	45	47	67	21	26	18	8	208
30768013_zpid	30768013_zpid	11236	8305 Glenwood Rd, Brooklyn, NY 11236	40.6387829	-73.912732	0.22918409391	7	0.39718886096	1	1.2698916928	0	4	2	1025	270000	6	2500	1940	40	7	29	18	11	72	33	16	29	13	10	108
30781689_zpid	30781689_zpid	11234	2042 E 60th St, Brooklyn, NY 11234	40.6151747	-73.9164694	0.169994581345	6	0.639152527702	1	3.28668825647	0	5	3	2800	488000	7	2000	1950	8	8	10	7	6	28	20	8	16	4	4	70
30732587_zpid	30732587_zpid	11224	3825 Lyme Ave, Brooklyn, NY 11224	40.57741	-74.006743	0.389307533162	2	0.40798696079	1	2.15687711993	0	4	3.5	2000	715000	64	4000	1910	32	14	9	33	9	4	19	2	15	5	2	45
64642010_zpid	64642010_zpid	10464	422 City Island Ave, Bronx, NY 10464	40.8504859	-73.78767	0.324093151528	3	3.24729789392	0	3.33039239336	0	2	3	2700	460000	37	3833	2004	2	29	2	2	1	2	19	16	3	2	14	41
30711557_zpid	30711557_zpid	11228	8675 14th Ave, Brooklyn, NY 11228	40.611137	-74.012973	0.189335257191	6	0.391422399826	1	1.01358555784	0	4	2	2700	955000	19	2328	1930	6	13	3	15	2	24	41	31	25	5	4	58
30588216_zpid	30588216_zpid	11215	522 11th St, Brooklyn, NY 11215	40.6650644	-73.9816965	0.084069100424	15	0.317083574183	6	0.178456544084	2	4	3	2300	2795000	0	1967	1901	70	66	27	53	23	32	64	37	30	9	15	177
30614868_zpid	30614868_zpid	11205	25 N Elliott Pl, Brooklyn, NY 11205	40.6974019	-73.977216	0.430134266987	4	0.534554980196	2	0.908138071678	0	7	6.5	4000	350000	28	1401	2007	16	8	5	13	13	21	4	18	0	11	5	40
30730660_zpid	30730660_zpid	11214	8701 26th Ave, Brooklyn, NY 11214	40.594315	-73.986918	0.379351759144	8	0.354829160009	5	0.377336752752	3	4	2	1540	752500	13	2000	1945	60	28	20	68	16	60	96	96	64	24	16	204
29835271_zpid	29835271_zpid	10466	3940 Hill Ave, Bronx, NY 10466	40.889921	-73.838424	0.705884366766	2	0.444238098884	4	0.663736977516	1	8	4	2375	280000	14	2904	1910	50	8	17	25	5	52	27	12	26	8	4	66
30696471_zpid	30696471_zpid	11209	556 77th St, Brooklyn, NY 11209	40.6269009	-74.021984	0.123221989952	16	0.276209426134	4	0.434475926015	2	4	2	1480	808000	21	2000	1920	62	32	27	34	23	33	39	40	21	29	3	134
30779150_zpid	30779150_zpid	11236	1626 E 96th St, Brooklyn, NY 11236	40.633748	-73.891351	0.122141931223	6	0.242072442141	4	1.68837077389	0	3	2	1216	389020	84	1760	1930	31	9	16	17	3	37	14	17	11	7	0	49
79712930_zpid	79712930_zpid	11233	10 Columbus Pl, Brooklyn, NY 11233	40.677781	-73.923031	0.379113492394	2	0.126281143821	1	0.166628865631	2	6	6	4032	795000	100	1785	2007	122	27	80	92	66	22	28	8	38	40	25	176
30717243_zpid	30717243_zpid	11230	1213 E 9th St, Brooklyn, NY 11230	40.61938	-73.965825	0.111547185721	6	0.211820578584	7	0.577327224651	1	6	3	2552	1599000	0	3000	1925	440	48	128	200	164	168	232	64	108	48	16	520
30589852_zpid	30589852_zpid	11217	126 Saint Marks Ave, Brooklyn, NY 11217	40.679069	-73.972566	0.10050138658	19	0.27461404894	4	0.194700250539	6	8	5	4000	3100000	3	2500	1931	140	324	64	96	64	56	160	188	112	20	76	404
30611432_zpid	30611432_zpid	11216	172 Herkimer St, Brooklyn, NY 11216	40.679294	-73.9477	0.134167204884	11	0.0981767391769	7	0.110812496378	5	5	4	2604	1240000	26	1500	1901	1440	488	652	952	712	152	212	80	308	344	124	1388
30760804_zpid	30760804_zpid	11234	1876 Schenectady Ave, Brooklyn, NY 11234	40.626647	-73.9309619	0.332175292846	10	0.462441287494	1	1.56860243418	0	3	1	1424	475000	7	2500	1930	31	14	18	20	16	42	27	17	22	2	1	77
30599894_zpid	30599894_zpid	11233	364 Bainbridge St, Brooklyn, NY 11233	40.681741	-73.922098	0.45091265081	8	0.362667071201	2	0.337842275638	2	10	7	2268	9000000	6	1800	1899	196	57	128	157	121	28	27	13	58	86	26	254
117616180_zpid	117616180_zpid	10456	1312 Franklin Ave, Bronx, NY 10456	40.832023	-73.901203	0.113604030801	5	0.0853466948781	7	0.816245874793	0	2	1	7034	340000	96	2727	2008	270	19	108	141	84	41	10	14	18	41	21	208
30662176_zpid	30662176_zpid	11203	1190 Schenectady Ave, Brooklyn, NY 11203	40.643697	-73.932768	0.199293290013	5	0.72201206259	1	1.37644547808	0	3	1.5	1568	365000	21	2000	1930	29	16	12	13	12	30	20	7	18	10	4	89
30781603_zpid	30781603_zpid	11234	2066 Pearson St, Brooklyn, NY 11234	40.612875	-73.918985	0.284607023215	3	0.943654092112	0	3.28637190022	0	6	4	3300	621000	39	2134	1970	11	3	11	9	7	29	20	10	15	4	6	73
30741949_zpid	30741949_zpid	11229	1958 E 19th St, Brooklyn, NY 11229	40.602487	-73.953524	0.505875303192	7	0.358151191086	4	0.408882555845	1	3	3	1920	975000	7	2800	1920	456	156	136	156	200	336	208	92	72	44	16	608
2099173696_zpid	2099173696_zpid	11223	16 Manhattan Court, Brooklyn, NY 11223	40.58775	-73.967211	0.368962704781	5	0.41889544919	1	0.630410093135	1	2	1	1400	649000	0	2000	2003	208	40	40	60	16	64	108	92	48	4	20	236
30747492_zpid	30747492_zpid	11229	2356 Brigham St, Brooklyn, NY 11229	40.5952119	-73.934423	0.158434933449	8	0.568560519917	3	1.75294011796	0	3	2	1540	559000	5	2833	1955	7	17	0	5	1	7	17	5	18	3	2	36
30750336_zpid	30750336_zpid	11235	2666 Batchelder St, Brooklyn, NY 11235	40.5882999	-73.936988	0.253501244192	7	0.406377923786	2	1.45964360439	0	6	2.25	2232	242000	210	1950	1960	35	10	21	26	15	27	15	23	28	10	5	114
30596511_zpid	30596511_zpid	11213	1487 Sterling Pl, Brooklyn, NY 11213	40.671646	-73.929143	0.183748381649	9	0.388078042275	6	0.443321149291	1	5	3	3492	711000	7	2555	1901	1488	160	840	864	808	152	116	32	168	352	112	1272
30787752_zpid	30787752_zpid	11234	2671 E 66th St, Brooklyn, NY 11234	40.606339	-73.909735	1.08098848864	0	1.21370169698	0	3.98208610928	0	4	2	2300	1400000	10	7000	1965	3	5	1	7	2	16	7	26	19	2	1	30
99350280_zpid	99350280_zpid	10456	769 E 168TH St, Bronx, NY 10456	40.8294238	-73.9006665	0.179313408755	4	0.208482246204	8	0.747992138314	1	5	5	2400	480636	27	1500	2012	275	17	95	124	70	38	8	7	21	39	22	175
112507360_zpid	112507360_zpid	11205	185 Washington Park, Brooklyn, NY 11205	40.6912985	-73.9732567	0.20349912206	12	0.243174010186	3	0.458624247853	5	2	1	800	1200000	60	2200	1900	53	62	24	36	20	30	20	11	26	14	8	114
30785935_zpid	30785935_zpid	11234	2022 E 38th St, Brooklyn, NY 11234	40.6101249	-73.929618	0.0870780205018	2	0.80359121929	0	2.38840205716	0	3	2.5	1800	680000	6	2058	1930	8	36	16	12	8	64	104	96	88	0	12	224
30730389_zpid	30730389_zpid	11214	8734 25th Ave, Brooklyn, NY 11214	40.595386	-73.990201	0.360164226202	6	0.351852231237	5	0.384475466454	1	6	3	2140	825000	29	1933	1935	30	11	16	19	9	44	39	22	22	9	3	77
29815477_zpid	29815477_zpid	10461	1724 Hutchinson River Pkwy, Bronx, NY 10461	40.8464556	-73.8359224	0.292317274428	7	0.638498244292	1	0.285129243516	2	3	2	1288	336000	34	2613	1920	97	11	22	13	15	24	20	9	14	13	7	74
30608018_zpid	30608018_zpid	11205	574 Lafayette Ave, Brooklyn, NY 11205	40.6896179	-73.9519401	0.296778926694	11	0.35859827698	6	0.0468895963158	3	5	3	2001	240000	17	1667	1899	100	28	17	32	18	11	16	17	10	9	11	79
30599508_zpid	30599508_zpid	11233	690 Macdonough St, Brooklyn, NY 11233	40.6836399	-73.918654	0.153079712824	7	0.371672271439	3	0.346502111868	4	5	3	4292	1100000	0	1950	1910	202	50	147	159	124	21	37	10	59	88	20	257
29828111_zpid	29828111_zpid	10469	1046 E 214th St, Bronx, NY 10469	40.876838	-73.854837	0.340717789595	8	0.601348315074	1	0.975952109895	0	4	3	1800	350000	69	19	1945	71	7	38	71	46	56	12	9	26	26	15	111
30722918_zpid	30722918_zpid	11223	1841 W 7th St, Brooklyn, NY 11223	40.602349	-73.9794152	0.190919095512	7	0.327850381432	4	0.192310211375	3	4	2	1756	905000	16	4000	1930	296	112	168	104	132	388	128	248	92	44	28	416
30671645_zpid	30671645_zpid	11219	1028 38th St, Brooklyn, NY 11219	40.644515	-73.991702	0.218810954541	5	0.32783842064	5	0.296947041594	2	6	3	2048	825000	3	1999	1899	160	20	108	152	68	112	100	160	56	40	12	308
29831977_zpid	29831977_zpid	10466	759 E 223rd St, Bronx, NY 10466	40.88594	-73.859089	0.222222825264	5	0.159620098092	1	0.254593643742	2	3	2	1060	225001	98	3049	1901	169	13	76	95	77	61	19	10	37	51	13	133
30730465_zpid	30730465_zpid	11214	122 Bay 40th St, Brooklyn, NY 11214	40.595262	-73.989093	0.352118322132	8	0.300413457273	5	0.332444851752	1	3	2	1700	760000	14	1740	1955	80	36	60	52	32	132	124	80	72	28	12	280
29850380_zpid	29850380_zpid	10464	45 Schofield St, Bronx, NY 10464	40.844736	-73.788436	0.304541531895	3	2.90190332482	0	3.38035886212	0	3	2	1927	449000	9	3567	1927	72	56	20	32	12	4	140	44	28	8	88	176
30586008_zpid	30586008_zpid	11215	181 15th St, Brooklyn, NY 11215	40.6661811	-73.9902597	0.129616132574	16	0.272497627052	4	0.236530956771	3	2	1	1675	1775000	25	2500	1850	348	292	116	276	112	168	252	64	136	84	68	844
29852002_zpid	29852002_zpid	10463	3459 Irwin Ave, Bronx, NY 10463	40.885134	-73.905292	0.22384432284	12	0.333978833361	3	0.375770815754	2	2	1	1500	495000	4	3362	1932	180	47	55	53	47	43	44	13	34	25	17	149
