30694718_zpid	30694718_zpid	11228	7309 10th Ave, Brooklyn, NY 11228	40.625077	-74.012827	0.314244347094	6	0.253199434427	4	0.944556113433	0	3	1	2030	848000	18	2000	1910	11	7	4	21	3	46	39	36	9	3	2	69
30624561_zpid	30624561_zpid	11206	253 Boerum St, Brooklyn, NY 11206	40.7065318	-73.9374844	0.258342521434	10	0.396413914164	4	0.240642746301	3	3	1	1276	93000	213	1353	1930	50	170	31	34	20	20	28	11	15	12	9	115
30674686_zpid	30674686_zpid	11218	372 E 9th St, Brooklyn, NY 11218	40.639528	-73.970232	0.373810888258	10	0.113723906316	7	0.557810507509	2	6	3	1632	180000	242	2000	1925	860	220	312	336	188	292	148	264	120	80	44	864
30788118_zpid	30788118_zpid	11234	353 Mayfair Dr S, Brooklyn, NY 11234	40.6082449	-73.904049	1.0825624905	0	1.09900338515	0	4.2797159544	0	5	5	2437	1399000	0	5501	1960	0	1	0	5	0	0	7	1	7	2	0	12
30789987_zpid	30789987_zpid	11235	1025 Ocean View Ave, Brooklyn, NY 11235	40.5802825	-73.9588759	0.132998293345	12	0.121081207702	6	0.355139024357	1	5	2	1572	340000	12	1655	1920	1076	252	332	412	264	332	224	124	216	156	116	1156
30756415_zpid	30756415_zpid	11234	1517 E 35th St, Brooklyn, NY 11234	40.617221	-73.940581	0.451221732985	3	0.0527960629053	4	1.59072873859	0	3	1.5	1344	625000	3	1999	1935	68	52	56	80	24	132	84	68	104	24	12	380
30788119_zpid	30788119_zpid	11234	349 Mayfair Dr S, Brooklyn, NY 11234	40.608369	-73.903941	1.07431340509	0	1.09027070059	0	4.2655266156	0	4	5	8400	1899000	0	5125	1960	0	1	0	5	0	0	7	1	7	2	0	12
30605841_zpid	30605841_zpid	11233	512 Macdonough St, Brooklyn, NY 11233	40.682845	-73.925745	0.391448861389	7	0.484208683237	3	0.572000627422	2	6	4	3450	1175000	20	1600	1901	142	75	110	121	75	17	18	13	44	42	26	198
30737155_zpid	30737155_zpid	11223	2238 E 4th St, Brooklyn, NY 11223	40.595624	-73.967692	0.477107451803	6	0.510572235959	1	0.481332427059	1	4	3	3750	3999000	0	4000	1932	136	36	48	124	48	144	116	80	80	16	16	356
30693162_zpid	30693162_zpid	11209	25 72nd St, Brooklyn, NY 11209	40.6359179	-74.036179	0.395162220425	3	0.74198355603	1	1.08664093088	0	5	3	2300	885000	26	2000	1925	34	5	6	11	6	25	15	67	9	2	1	38
30606137_zpid	30606137_zpid	11233	247 Bainbridge St, Brooklyn, NY 11233	40.681633	-73.927149	0.283363839461	6	0.389861203329	3	0.393874824592	2	4	3	2260	940000	2	2000	1899	150	69	111	141	85	17	15	12	49	51	27	205
29788029_zpid	29788029_zpid	10458	236 E 198th St, Bronx, NY 10458	40.869114	-73.889729	0.0480644435441	8	0.123377438592	9	0.388521195271	5	7	4	3151	775000	16	3029	1931	642	54	178	202	240	38	19	5	68	62	26	277
29833287_zpid	29833287_zpid	10466	962 E 233rd St, Bronx, NY 10466	40.890641	-73.84948	0.0263130903686	5	0.335528552984	3	0.73015565911	1	3	2	1050	310000	3	1690	1925	308	52	156	112	104	296	116	36	112	72	44	352
30765856_zpid	30765856_zpid	11234	2448 Ralph Ave, Brooklyn, NY 11234	40.618352	-73.917487	0.0761223009868	8	0.693536473451	1	3.01510163585	0	4	2	1276	529000	0	2050	1925	11	8	7	5	7	24	25	9	22	3	5	108
30665462_zpid	30665462_zpid	11225	22 Winthrop St, Brooklyn, NY 11225	40.656268	-73.959242	0.101657642931	12	0.180642788214	6	0.219103651603	3	3	3	1700	1745000	7	2253	1905	1108	276	540	416	400	56	112	48	160	140	28	616
30615934_zpid	30615934_zpid	11217	90 Lafayette Ave, Brooklyn, NY 11217	40.6871087	-73.9741862	0.0808509489007	9	0.189956884838	3	0.0510224899711	10	4	3.5	3184	980000	145	2000	1899	35	54	20	21	9	11	19	21	15	10	11	108
30699335_zpid	30699335_zpid	11228	8412 10th Ave, Brooklyn, NY 11228	40.619095	-74.0197612	0.482229338168	5	0.513644464575	3	0.832135927355	0	4	3.5	2400	1579000	0	2639	1920	17	3	9	8	6	16	37	14	16	3	4	33
30782068_zpid	30782068_zpid	11234	2058 E 67th St, Brooklyn, NY 11234	40.618208	-73.911112	0.0946712975449	7	0.179674068027	1	3.26183425412	0	3	2	1920	535000	5	2000	1930	68	44	52	60	28	92	96	40	84	8	24	284
30737230_zpid	30737230_zpid	11223	2173 E 4th St, Brooklyn, NY 11223	40.5971339	-73.9674129	0.373288798478	5	0.412456690606	3	0.516380086358	1	3	2	2142	1335000	1	2000	1925	156	44	28	116	40	108	112	192	76	16	16	296
30718191_zpid	30718191_zpid	11230	1330 E 9th St, Brooklyn, NY 11230	40.616588	-73.965861	0.313639384998	7	0.311106868561	6	0.557947815	2	3	2	1568	527000	36	1999	1925	372	72	92	140	140	248	204	84	124	36	16	516
30656987_zpid	30656987_zpid	11225	9 Miami Ct, Brooklyn, NY 11225	40.6607634	-73.9468838	0.339595282561	7	0.353987914224	7	0.400854700209	2	3	2	1500	565000	11	1159	1930	299	53	116	124	120	40	31	15	29	49	12	211
30789571_zpid	30789571_zpid	11235	3066 Brighton 5th St, Brooklyn, NY 11235	40.5778	-73.962822	0.0831587371874	8	0.0322853255561	5	0.131502060469	2	6	4	2700	700000	12	2600	1932	584	244	288	408	244	272	184	84	184	128	100	1084
83048726_zpid	83048726_zpid	11206	137 Marcus Garvey Blvd, Brooklyn, NY 11206	40.693891	-73.939902	0.168671926265	12	0.255939830115	4	0.514418531604	2	3	1	4080	406500	124	2008	2004	420	124	180	272	164	124	76	116	72	124	60	500
30587316_zpid	30587316_zpid	11215	546 1st St, Brooklyn, NY 11215	40.669975	-73.9744769	0.334851962247	11	0.550158848726	1	0.642008458938	2	5	2.5	4600	3400000	26	2100	1910	120	136	28	88	44	48	232	120	80	24	32	564
30761810_zpid	30761810_zpid	11234	4009 Flatlands Ave # 1, Brooklyn, NY 11234	40.622597	-73.933688	0.187300665629	9	0.18832963124	2	1.63982088575	0	5	3.5	2292	559000	17	27	1955	164	60	72	112	92	124	108	76	64	24	0	492
30615875_zpid	30615875_zpid	11217	130 Fort Greene Pl, Brooklyn, NY 11217	40.685648	-73.976566	0.0275753462869	9	0.180116825153	2	0.125530125039	9	6	3.5	3440	2600000	18	1700	1899	69	99	33	47	21	23	36	44	36	19	24	202
30574356_zpid	30574356_zpid	11232	10 Woodrow Ct, Brooklyn, NY 11232	40.6563278	-73.9992992	0.295865655139	5	0.468353777771	1	0.464329768447	2	3	2	1440	980000	7	1000	1910	23	29	12	16	11	7	24	13	13	1	8	63
30778180_zpid	30778180_zpid	11236	1575 Canarsie Rd, Brooklyn, NY 11236	40.633934	-73.895179	0.398194184664	7	0.149962174243	4	1.52399064097	0	3	2	805	325000	23	2999	2013	37	12	19	22	5	55	21	16	16	11	0	82
89074087_zpid	89074087_zpid	11222	185 India St APT 3A, Brooklyn, NY 11222	40.7327102	-73.9524711	0.144363010851	13	0.231113145387	4	0.314813798404	1	1	1	523	379000	88	2500	2007	88	79	63	65	44	47	35	19	24	21	13	231
30724309_zpid	30724309_zpid	11230	966 E 14th St, Brooklyn, NY 11230	40.625835	-73.962746	0.134307141992	5	0.101522632241	4	0.178276669125	2	4	1.5	1824	235000	303	3001	1915	103	23	48	55	63	49	30	34	16	19	7	149
30792614_zpid	30792614_zpid	11235	1120 Banner Ave, Brooklyn, NY 11235	40.5834506	-73.9583037	0.205389496724	12	0.23499428097	7	0.51972747244	2	2	2	1200	415000	90	1400	1920	214	37	59	73	43	61	50	33	42	32	22	187
29792498_zpid	29792498_zpid	10473	2253 Cincinnatus Ave, Bronx, NY 10473	40.820847	-73.846354	0.196293214618	2	0.138181064975	2	1.56113733795	0	5	2.5	1730	399000	0	1925	1935	88	24	48	8	20	52	28	0	40	4	8	180
30630074_zpid	30630074_zpid	11207	1297 Bushwick Ave, Brooklyn, NY 11207	40.686708	-73.912713	0.346011772802	7	0.22536533222	3	0.326513650432	2	5	3.5	3000	1399000	0	2000	1899	95	20	83	102	66	27	23	13	27	47	20	155
30696678_zpid	30696678_zpid	11228	7722 11th Ave, Brooklyn, NY 11228	40.621472	-74.01374	0.51550144559	4	0.623558173	2	1.24587307682	0	3	3	1472	850000	5	1999	1935	5	10	3	20	4	37	51	21	19	2	4	46
30762652_zpid	30762652_zpid	11234	1182 E 58th St, Brooklyn, NY 11234	40.625709	-73.9201089	0.211343489868	7	0.473034561018	2	2.45770207462	0	5	3	3443	560000	25	2400	1955	84	40	96	44	56	196	72	120	72	72	36	364
30664906_zpid	30664906_zpid	11225	212 Midwood St, Brooklyn, NY 11225	40.6597099	-73.953744	0.348330857664	11	0.414340840187	7	0.416713459953	3	4	2	2700	1693000	8	2050	1901	398	73	178	144	151	37	41	19	45	66	15	263
30788361_zpid	30788361_zpid	11234	2269 E 63rd St, Brooklyn, NY 11234	40.61325	-73.909752	0.394050328656	3	0.444996323511	1	3.77796785006	0	2	1	1340	375000	192	49	1950	0	8	3	5	2	8	5	11	10	0	0	29
30784145_zpid	30784145_zpid	11234	1828 E 38th St, Brooklyn, NY 11234	40.613247	-73.933144	0.371626966524	3	0.406059653421	1	2.1461396223	0	2	1	924	460000	11	1800	1925	12	172	8	32	12	84	128	88	120	8	12	256
30624476_zpid	30624476_zpid	11206	173 Montrose Ave, Brooklyn, NY 11206	40.7076017	-73.9422385	0.0700618058269	12	0.369199830344	8	0.202133229817	4	2	1	6000	1300000	43	2500	1920	74	165	38	55	31	14	32	9	20	11	10	136
30569135_zpid	30569135_zpid	11231	489 Henry St, Brooklyn, NY 11231	40.684935	-73.9986909	0.104342002323	15	0.0727761287596	4	0.594698210426	2	5	4	2508	3600000	103	2200	1850	80	180	64	188	36	64	148	92	88	16	32	500
30660460_zpid	30660460_zpid	11226	3213 Beverley Rd, Brooklyn, NY 11226	40.645504	-73.946473	0.346353863416	5	0.311065597771	4	0.214787366793	3	6	2	2376	650000	11	2360	1910	190	39	75	85	67	56	26	10	21	35	20	154
30732953_zpid	30732953_zpid	11224	2889 W 36th St, Brooklyn, NY 11224	40.5749173	-74.0015582	0.541281425229	1	0.276844408521	2	1.74100431883	0	3	2	1430	539000	0	3408	1988	212	84	80	160	56	16	76	32	60	64	0	264
30766930_zpid	30766930_zpid	11236	540 E 84th St, Brooklyn, NY 11236	40.64157	-73.915389	0.607474545773	6	0.725120910087	1	1.27596288559	0	3	1	1800	192000	298	2000	1960	31	5	20	13	8	38	32	9	22	8	6	75
30641574_zpid	30641574_zpid	11208	279 Etna St, Brooklyn, NY 11208	40.6869668	-73.8736153	0.339014951931	4	0.183141774053	4	0.343080366801	3	3	2	1400	484000	13	1412	1920	93	36	64	82	48	63	37	17	52	44	8	175
30633093_zpid	30633093_zpid	11212	828 Thomas S Boyland St, Brooklyn, NY 11212	40.660096	-73.91155	0.288370640179	5	0.246796840617	5	0.355204422168	2	6	2.5	2200	555000	4	2650	1910	824	52	568	440	344	144	180	60	176	120	72	784
30624827_zpid	30624827_zpid	11206	36 Arion Pl, Brooklyn, NY 11206	40.6987965	-73.9355087	0.122512840227	12	0.252451355289	5	0.17738444957	3	5	4	2460	840000	30	1440	1930	284	276	156	176	108	76	128	80	164	56	48	768
30656070_zpid	30656070_zpid	11203	1189 Schenectady Ave, Brooklyn, NY 11203	40.643744	-73.932128	0.226191352804	5	0.704667938789	1	1.42960683014	0	3	2	1456	453000	7	2000	1920	34	20	12	15	11	34	22	8	17	10	4	100
29850324_zpid	29850324_zpid	10464	104 Centre St, Bronx, NY 10464	40.8441339	-73.785824	0.100786752847	3	3.37026935759	0	3.61025231158	0	3	2	1942	396550	15	2648	1960	72	52	20	32	12	8	144	44	36	12	100	196
79722940_zpid	79722940_zpid	10467	725 E 211th St, Bronx, NY 10467	40.877645	-73.864641	0.203611678243	7	0.10103185557	2	0.148049888638	4	5	4	2787	499000	0	2787	2009	214	16	77	73	69	47	27	3	37	34	17	156
30722507_zpid	30722507_zpid	11223	1829 Stillwell Ave, Brooklyn, NY 11223	40.601904	-73.985889	0.403723743919	9	0.398645899843	6	0.474244445562	3	7	4	1040	800000	12	2000	1915	21	13	7	8	4	30	18	37	10	6	3	50
94719941_zpid	94719941_zpid	11215	285 20th St, Brooklyn, NY 11215	40.6611649	-73.991064	0.190829613118	14	0.380869348302	4	0.497035715229	2	2	2	2280	3000000	10	3625	1931	40	49	15	39	15	34	44	12	17	8	10	115
83043024_zpid	83043024_zpid	11232	360 41st St, Brooklyn, NY 11232	40.651654	-74.00811	0.275349392161	9	0.19789996153	7	0.342033406485	2	3	2	3600	699000	144	2003	2003	232	180	104	132	124	40	192	76	64	48	16	460
30683539_zpid	30683539_zpid	11219	1060 41st St, Brooklyn, NY 11219	40.642399	-73.992722	0.184436884702	5	0.183516926311	7	0.212258058058	3	3	1	1000	675000	83	2504	1925	276	48	188	280	204	168	164	212	140	92	24	552
29790362_zpid	29790362_zpid	10473	908 Harding Park, Bronx, NY 10473	40.8072469	-73.857371	1.00870411216	0	1.60411838723	0	2.83544597018	0	2	1	1378	175000	17	2178	1925	56	36	56	44	28	28	48	28	16	40	12	168
29840163_zpid	29840163_zpid	10470	717 E 242nd St, Bronx, NY 10470	40.905704	-73.848555	0.102492409832	6	0.230831641654	3	0.335571109191	3	8	4	3462	20000	3	3460	1931	108	9	62	54	58	25	18	5	20	20	3	109
30605346_zpid	30605346_zpid	11233	269 Macdonough St, Brooklyn, NY 11233	40.682155	-73.9356169	0.202235085519	11	0.267727643531	5	0.507549882381	2	8	4	4000	700000	65	2000	1899	48	20	45	55	28	5	21	3	13	15	10	84
30602281_zpid	30602281_zpid	11221	400 Kosciuszko St, Brooklyn, NY 11221	40.691882	-73.938241	0.164449418582	10	0.317809260506	5	0.631624176788	1	4	3	2100	850000	24	1873	1899	183	51	80	123	76	37	25	13	32	46	31	209
29850252_zpid	29850252_zpid	10464	39 Earley St, Bronx, NY 10464	40.842797	-73.7875229	0.190727007776	3	2.90336964554	0	3.51768283379	0	3	1.5	1292	455000	30	2375	1925	16	12	5	6	3	2	31	10	8	3	21	37
29826630_zpid	29826630_zpid	10467	3604 Holland Ave, Bronx, NY 10467	40.878862	-73.863626	0.198116616021	5	0.168510805678	2	0.275525958071	3	4	4	1780	499000	0	1781	1928	210	17	79	81	69	59	27	4	32	35	18	180
30592881_zpid	30592881_zpid	11213	937 Lincoln Pl, Brooklyn, NY 11213	40.670765	-73.945392	0.261059182529	13	0.297071383229	6	0.298769474619	3	7	3	3631	1640000	10	2040	1905	820	160	396	392	356	108	164	36	124	148	68	772
30735752_zpid	30735752_zpid	11223	243 Lake St, Brooklyn, NY 11223	40.5980694	-73.9737345	0.309265506406	4	0.494805004739	3	0.225619152157	4	6	3	2000	1098000	0	3001	1899	27	21	8	30	7	51	25	68	25	6	6	98
30643670_zpid	30643670_zpid	11208	46 Fountain Ave, Brooklyn, NY 11208	40.6790158	-73.8765304	0.368753547687	12	0.397626477107	6	0.398454499064	5	5	2	1536	336500	157	1799	1899	107	21	61	83	57	46	46	20	53	25	11	193
30773381_zpid	30773381_zpid	11236	933 E 96th St, Brooklyn, NY 11236	40.647466	-73.905914	0.213007321323	3	0.913211569959	0	0.35495645082	2	4	3	1824	440000	16	4000	1925	32	5	19	30	15	43	22	6	6	16	5	73
30731885_zpid	30731885_zpid	11214	2490 Cropsey Ave, Brooklyn, NY 11214	40.592429	-73.993624	0.168789475194	2	0.788771850673	0	0.821409612377	0	6	3	2125	830000	11	2178	1955	18	4	9	17	7	25	29	17	19	9	2	58
30789102_zpid	30789102_zpid	11235	121 Ocean View Ave, Brooklyn, NY 11235	40.5787581	-73.9669695	0.156755448462	7	0.366106658235	8	0.301519144171	3	4	5	1950	585000	34	2190	1950	84	38	52	66	48	48	32	16	38	18	18	185
30613114_zpid	30613114_zpid	11238	394 Vanderbilt Ave, Brooklyn, NY 11238	40.685576	-73.968653	0.233341404667	10	0.254688452901	4	0.270596546442	5	5	4	3336	2500000	3	1867	1899	113	61	53	74	55	32	34	11	24	23	22	118
30763388_zpid	30763388_zpid	11234	5509 Avenue M, Brooklyn, NY 11234	40.621885	-73.921892	0.246501743682	9	0.480276861796	1	2.49381078062	0	3	1	1134	399900	23	1800	1920	8	13	8	12	12	38	27	17	20	8	9	126
29852510_zpid	29852510_zpid	10463	3220 Fairfield Ave APT 8D, Bronx, NY 10463	40.8846608	-73.9133871	0.268224006967	8	0.359463440017	2	0.947088858775	0	2	2	1075	435000	74	14810.400000000001	1989	66	15	10	28	12	25	44	15	18	4	7	70
30595554_zpid	30595554_zpid	11225	399 Lincoln Rd, Brooklyn, NY 11225	40.661867	-73.949515	0.0961997512629	7	0.154857498583	6	0.148983144462	3	6	2	1808	600000	92	871200	1920	410	74	155	149	143	49	41	22	38	71	14	289
30783376_zpid	30783376_zpid	11234	2451 E 74th St, Brooklyn, NY 11234	40.615631	-73.898801	1.01309758404	0	0.914284691374	0	3.46305765391	0	6	2.75	2970	805000	6	5720	1970	2	10	1	5	0	2	14	5	8	1	2	29
30715459_zpid	30715459_zpid	11228	1597 Independence Ave, Brooklyn, NY 11228	40.603254	-74.014317	0.466407825102	3	0.652022327322	1	1.18503192346	0	6	5	2530	760000	109	2603	1935	5	1	1	1	0	6	8	8	4	1	2	18
30628365_zpid	30628365_zpid	11221	1170 Putnam Ave, Brooklyn, NY 11221	40.689825	-73.916656	0.187352265207	7	0.370269586397	5	0.391343721876	2	5	3.5	2364	235000	30	1700	1901	189	48	114	142	112	46	34	8	68	50	50	195
30599611_zpid	30599611_zpid	11233	41 Thomas S Boyland St, Brooklyn, NY 11233	40.683896	-73.914407	0.241876431924	7	0.145475302251	3	0.323770537846	3	5	3.5	3420	1175000	7	1520	1901	676	144	532	556	452	64	128	24	172	304	40	752
29833144_zpid	29833144_zpid	10466	954 E 230th St, Bronx, NY 10466	40.888647	-73.85087	0.250973376262	7	0.326099441699	3	0.75156768678	0	3	2.5	1903	420000	9	2186	1940	388	52	172	156	124	364	68	20	120	68	56	368
83044592_zpid	83044592_zpid	11212	126 Tapscott St, Brooklyn, NY 11212	40.664702	-73.92049	0.172171453908	9	0.176181029999	8	0.189130248928	2	1	1	4092	275000	24	2500	2004	383	18	132	121	116	37	38	12	41	51	19	209
30737834_zpid	30737834_zpid	11223	66 Village Rd S, Brooklyn, NY 11223	40.593667	-73.973026	0.360185403593	7	0.476651437407	2	0.268184961292	4	6	2.5	3285	828000	24	2123	1965	47	14	15	33	8	45	31	41	25	6	7	127
29798768_zpid	29798768_zpid	10460	1521 Commonwealth Ave, Bronx, NY 10460	40.8386319	-73.869444	0.140287347963	5	0.43993155373	3	0.497853451949	1	6	2	2148	358000	26	2178	1920	279	23	100	124	124	52	26	14	42	56	26	185
30774889_zpid	30774889_zpid	11236	941 E 105th St, Brooklyn, NY 11236	40.646923	-73.8936	0.185448930861	4	0.128836866803	3	0.641988156425	2	3	2	1224	495000	0	1400	1960	35	7	21	14	11	30	12	3	14	7	8	73
30639884_zpid	30639884_zpid	11207	398 Van Siclen Ave, Brooklyn, NY 11207	40.669755	-73.889849	0.312177634291	8	0.475765935304	5	0.342129765152	4	5	2	2000	300000	19	2000	1930	520	80	384	400	412	104	172	28	208	188	84	920
30602287_zpid	30602287_zpid	11221	420 Kosciuszko St, Brooklyn, NY 11221	40.691967	-73.937481	0.22385618039	10	0.380780798914	5	0.60328744335	2	9	4	2331	715000	31	1850	1899	165	48	82	120	82	35	24	11	30	46	36	208
29850186_zpid	29850186_zpid	10464	74 Pell Pl, Bronx, NY 10464	40.84199	-73.78612	0.159326651121	3	2.99255464213	0	3.65871488116	0	3	2	1320	430000	42	3180	1925	16	12	5	6	3	2	32	10	9	3	18	33
30788518_zpid	30788518_zpid	11234	2458 E 66th St, Brooklyn, NY 11234	40.610352	-73.907141	0.767691403175	0	0.790310192054	0	4.06576846377	0	4	2.5	1970	650000	78	5450	1960	2	4	2	5	1	8	8	8	15	1	1	26
64910287_zpid	64910287_zpid	11233	14 Mother Gaston Blvd, Brooklyn, NY 11233	40.6816039	-73.9087954	0.0633660174972	5	0.111873015232	4	0.200609906327	6	2	1	2867	650000	45	1229	2004	118	16	111	117	78	17	22	9	32	47	10	128
112502476_zpid	112502476_zpid	10463	460 W 236th St APT 2A, Bronx, NY 10463	40.885549	-73.906672	0.172000561161	11	0.216529876947	2	0.49807056178	2	2	2	1200	461370	69	1093	2005	160	43	51	44	40	43	44	12	32	22	12	144
30566892_zpid	30566892_zpid	11201	98 Dean St, Brooklyn, NY 11201	40.686816	-73.98935	0.0587165931674	16	0.409508431163	3	0.147882235729	7	7	4	3200	3299000	0	2	1910	148	344	36	212	32	76	128	96	68	32	28	708
30591961_zpid	30591961_zpid	11216	818 Prospect Pl, Brooklyn, NY 11216	40.6742686	-73.9495228	0.0673478648414	11	0.06157404482	5	0.470709692719	5	4	2	1300	630000	45	3194	1920	1404	368	736	932	816	144	160	44	228	304	148	1176
30593280_zpid	30593280_zpid	11213	809 Eastern Pkwy, Brooklyn, NY 11213	40.669821	-73.94143	0.105190019167	10	0.108883542684	7	0.102602748165	2	5	3	3000	1150000	6	2411	1905	248	55	109	120	127	43	49	22	34	54	33	255
64602092_zpid	64602092_zpid	11217	183 S Portland Ave, Brooklyn, NY 11217	40.684002	-73.973669	0.286458802108	13	0.431234439735	3	0.236155900981	9	2	1	3200	450959	147	2030	2002	49	100	31	39	21	16	20	65	24	14	23	138
30724754_zpid	30724754_zpid	11230	1104 E 18th St, Brooklyn, NY 11230	40.623698	-73.9585	0.297935600533	10	0.272791423782	6	0.259276221146	3	5	3.25	2230	985000	14	4000	1920	226	18	88	113	106	38	23	16	20	43	12	191
64798754_zpid	64798754_zpid	11234	1369 E 69th St, Brooklyn, NY 11234	40.622489	-73.912502	0.461582570277	4	0.640108630248	1	2.83655384531	0	5	4.5	2920	735000	11	3500	2004	88	8	40	60	12	184	100	84	84	20	36	348
29827969_zpid	29827969_zpid	10469	1008 E 211th St, Bronx, NY 10469	40.87517	-73.857272	0.0970834410068	6	0.773515976415	0	0.81197144614	0	4	3	1966	519000	0	1881	1945	232	16	104	148	88	168	88	24	124	92	60	316
29852933_zpid	29852933_zpid	10471	5268 Post Rd, Bronx, NY 10471	40.899038	-73.898034	0.705849780274	2	0.741973460959	1	1.01074053506	0	3	1	1980	615000	0	2613	1935	28	1	7	7	7	10	12	5	9	0	4	22
30690908_zpid	30690908_zpid	11220	584 61st St, Brooklyn, NY 11220	40.6374939	-74.014868	0.258597385239	10	0.254429898458	9	0.470649025451	2	4	2	2360	1390000	6	1663	1915	452	160	176	180	144	140	268	164	124	96	20	688
30609397_zpid	30609397_zpid	11216	350 Tompkins Ave, Brooklyn, NY 11216	40.6856274	-73.944536	0.0426372560019	9	0.32594331765	8	0.707052276725	2	7	4	3024	475000	116	1280	1905	532	164	276	468	308	68	108	56	168	184	68	680
29795941_zpid	29795941_zpid	10472	1222 Manor Ave, Bronx, NY 10472	40.829794	-73.876258	0.246176483186	6	0.361309152221	2	0.142590587305	2	5	3	1392	470000	10	2000	1920	420	59	207	232	222	53	26	10	78	76	22	333
30737489_zpid	30737489_zpid	11223	2240A W 7th St, Brooklyn, NY 11223	40.593212	-73.978121	0.0516768049094	7	0.0465738775672	2	0.0554290311018	5	3	2	952	450000	74	728	1925	144	72	44	100	44	160	84	144	96	36	20	304
30592072_zpid	30592072_zpid	11213	1111 Park Pl, Brooklyn, NY 11213	40.673198	-73.940785	0.251483286909	9	0.288713507122	4	0.455919728361	2	4	3	2862	1405000	10	3000	1901	293	73	140	144	132	36	36	12	39	68	23	290
29848991_zpid	29848991_zpid	10465	176 Revere Ave, Bronx, NY 10465	40.81542	-73.816152	0.442570368132	3	0.471442216649	1	3.50260799903	0	3	2	1090	193000	5	3060	1996	7	8	2	5	4	13	16	11	11	3	7	49
30689309_zpid	30689309_zpid	11219	1270 64th St, Brooklyn, NY 11219	40.626661	-74.001527	0.333121740178	7	0.404671186145	2	0.39191400367	4	5	2.5	3264	1170000	11	4400	1910	41	14	22	23	12	50	68	55	14	8	18	129
30706761_zpid	30706761_zpid	11214	1725 77th St, Brooklyn, NY 11214	40.613403	-73.998716	0.104965178077	11	0.182330833152	8	0.160423236814	3	4	3	1190	450000	105	1700	1920	49	6	12	24	8	20	23	23	15	9	7	97
30766733_zpid	30766733_zpid	11236	552 E 80th St, Brooklyn, NY 11236	40.639468	-73.918125	0.587445327216	7	0.620093411834	2	1.59050882744	0	2	1.5	968	300000	161	968	1910	22	6	14	14	6	21	23	9	20	4	5	50
29842717_zpid	29842717_zpid	10461	2910 Zulette Ave, Bronx, NY 10461	40.841907	-73.832713	0.308512670494	6	0.659742352351	1	0.373875887895	2	2	1	3276	250000	147	4275	1940	284	92	68	60	64	176	132	96	52	40	12	440
30671316_zpid	30671316_zpid	11218	24 E 7th St, Brooklyn, NY 11218	40.6521029	-73.975263	0.124427253909	6	0.296848480389	2	0.26091755449	1	5	2	1844	1500000	22	4530	1925	21	24	10	19	12	26	22	28	18	4	3	53
