30753800_zpid	30753800_zpid	11230	1753 Ocean Ave, Brooklyn, NY 11230	40.619288	-73.954784	0.107421332401	3	0.399990808244	3	0.432005642427	1	6	3	2572	1289000	0	3850	1925	114	19	53	82	51	35	31	15	17	29	5	149
29843116_zpid	29843116_zpid	10465	3253 Waterbury Ave, Bronx, NY 10465	40.837308	-73.820183	0.276013560162	2	0.238781559931	1	1.48555682882	0	2	1	1377	390000	6	2500	1925	5	12	7	5	7	8	28	12	10	4	4	40
29783052_zpid	29783052_zpid	10457	743 Crotona Park N, Bronx, NY 10457	40.841539	-73.892526	0.287545528603	3	0.42093261937	2	0.621939077132	1	4	3	1674	350000	0	2299	1901	124	11	40	48	37	2	10	3	14	19	4	90
30605725_zpid	30605725_zpid	11233	304 Malcolm X Blvd, Brooklyn, NY 11233	40.682422	-73.9292509	0.215963329437	8	0.212265106684	4	0.362563754196	1	3	1	1100	10	131	1376	1927	136	69	99	124	71	16	20	11	41	38	24	189
30656256_zpid	30656256_zpid	11203	686 E 53rd St, Brooklyn, NY 11203	40.642699	-73.926798	0.140699494569	5	0.867437590054	0	1.85079546944	0	4	3	1548	470000	21	2250	1935	103	21	23	19	18	33	36	13	13	11	7	104
29797654_zpid	29797654_zpid	10462	1372 Zerega Ave, Bronx, NY 10462	40.836709	-73.846241	0.145888194409	10	0.298710840424	5	0.0713329652315	3	3	1	3021	245000	24	990	1910	57	6	26	21	6	29	18	12	17	3	4	60
30608256_zpid	30608256_zpid	11216	533 Greene Ave, Brooklyn, NY 11216	40.688806	-73.9495869	0.331650836368	11	0.356398035666	5	0.212293793316	2	6	4	3420	887500	38	1899	1899	149	66	76	110	83	29	33	12	33	43	32	208
30661372_zpid	30661372_zpid	11203	1297 New York Ave, Brooklyn, NY 11203	40.641339	-73.945311	0.322261842916	3	0.308774770838	4	0.30314367698	2	5	3	2720	465000	34	2858	1920	112	5	63	64	60	35	15	5	17	25	9	97
30673564_zpid	30673564_zpid	11218	1426 35th St, Brooklyn, NY 11218	40.640895	-73.981177	0.142414989365	9	0.210011406109	10	0.372397392007	2	8	5	3000	710000	22	2003	1910	312	112	160	200	132	260	260	224	68	52	28	776
30597054_zpid	30597054_zpid	11213	912 Eastern Pkwy, Brooklyn, NY 11213	40.66871	-73.938169	0.135804985907	11	0.335562791207	7	0.365635992272	2	10	4	4257	1540000	7	2413	1901	415	47	167	190	197	48	55	19	42	63	42	313
29849386_zpid	29849386_zpid	10465	283 Brinsmade Ave, Bronx, NY 10465	40.816809	-73.821444	0.459016730044	1	0.421407344172	1	3.07345727463	0	3	2	1792	435000	122	1825	1950	18	16	13	5	7	25	18	15	14	8	8	52
30637271_zpid	30637271_zpid	11207	52 Ashford St, Brooklyn, NY 11207	40.681449	-73.887243	0.330779321856	7	0.298878645175	5	0.276190283001	3	6	4	5664	533000	132	6094	2008	50	30	36	45	25	37	30	13	33	16	4	86
30729387_zpid	30729387_zpid	11214	2339 82nd St, Brooklyn, NY 11214	40.60241	-73.988038	0.333953453213	8	0.3166423616	6	0.49158775456	3	4	2	2400	990000	11	3000	1920	98	16	25	39	33	59	38	30	19	8	6	113
30572602_zpid	30572602_zpid	11215	488 President St, Brooklyn, NY 11215	40.677924	-73.987145	0.476880095207	11	0.352111383726	4	0.347307417331	2	2	1	2394	168000	260	1900	1910	14	25	7	13	8	13	17	28	5	1	7	57
62635360_zpid	62635360_zpid	10454	439 E 142nd St, Bronx, NY 10454	40.811272	-73.919565	0.41030702617	5	0.282343402822	6	0.3926489471	3	3	1	3972	330750	153	3252	2000	213	28	103	120	107	9	15	11	29	29	15	204
30602773_zpid	30602773_zpid	11221	456 Van Buren St, Brooklyn, NY 11221	40.691322	-73.930057	0.188926836175	10	0.278728620092	4	0.24813633044	2	6	2	2880	640000	96	2000	1899	189	85	95	126	126	52	36	17	39	53	38	282
83177963_zpid	83177963_zpid	10474	1313 Seneca Ave APT 1, Bronx, NY 10474	40.819206	-73.886973	0.18091287292	5	0.278789827141	5	0.358269937343	2	4	3	4500	495000	30	2500	2006	146	11	89	85	75	14	18	11	31	24	13	134
30608186_zpid	30608186_zpid	11216	300 Clifton Pl, Brooklyn, NY 11216	40.688733	-73.952523	0.199126088481	11	0.373395597444	6	0.156355562956	2	5	3	2700	10	108	2000	1899	110	67	66	93	61	30	24	12	24	34	32	194
30789206_zpid	30789206_zpid	11235	47 Brighton 3rd Ct, Brooklyn, NY 11235	40.5802925	-73.9651559	0.15099056496	7	0.359699527104	7	0.439458902876	2	3	1	864	385000	134	1600	1925	416	200	236	356	172	240	156	96	164	88	104	932
29852230_zpid	29852230_zpid	10463	3641 Tibbett Ave, Bronx, NY 10463	40.8858061	-73.9031622	0.211633267224	12	0.41252655761	2	0.230855214915	2	2	1.5	1436	487500	17	2125	1925	172	41	58	47	45	38	39	11	32	20	16	120
30589686_zpid	30589686_zpid	11238	570 Bergen St, Brooklyn, NY 11238	40.679661	-73.970917	0.227882347449	18	0.297686920495	6	0.282123076551	5	6	7.5	4715	1050000	99	2358	1901	72	54	24	39	19	14	34	17	19	10	10	106
83044154_zpid	83044154_zpid	11208	59 Shepherd Ave, Brooklyn, NY 11208	40.683538	-73.882373	0.252741313317	6	0.318378834578	3	0.308118004904	3	9	3	4350	650000	98	2047	1915	324	120	200	224	212	160	120	88	144	84	48	568
30790308_zpid	30790308_zpid	11235	134 Corbin Pl, Brooklyn, NY 11235	40.57853	-73.954476	0.10464247523	10	0.346242539721	5	0.583022292171	1	5	3.5	2200	40000	216	2039	1945	173	45	45	53	37	48	53	24	36	24	10	139
29842319_zpid	29842319_zpid	10461	1409 Edison Ave, Bronx, NY 10461	40.839963	-73.832024	0.353264122471	3	0.745061442722	1	0.565239048447	1	2	1	1162	325000	7	2471	1920	63	23	17	22	14	56	37	22	11	7	1	89
64672968_zpid	64672968_zpid	11234	7302 Avenue N, Brooklyn, NY 11234	40.623766	-73.909165	0.709767569871	1	0.726869416308	1	2.62174708629	0	4	3	825	660000	15	2548	2007	17	1	8	9	2	38	16	11	13	5	5	68
30573437_zpid	30573437_zpid	11231	32 Dikeman St, Brooklyn, NY 11231	40.675242	-74.0108659	0.205794940985	3	0.215484694353	4	1.14985648518	0	3	3	1340	480000	147	2000	1899	100	216	20	84	16	44	120	12	32	28	8	228
29817299_zpid	29817299_zpid	10462	1921 Wallace Ave, Bronx, NY 10462	40.8486199	-73.864776	0.12060336016	7	0.308484134587	3	0.310828273369	2	6	3	2000	330000	3	2375	1905	297	25	102	91	93	71	43	18	36	37	15	196
30619499_zpid	30619499_zpid	11249	66 S 6th St, Brooklyn, NY 11249	40.71098	-73.966086	0.0760327572548	7	0.181144453758	2	0.75103836077	0	6	4	3000	338500	146	2609	1899	80	316	32	96	36	48	108	132	68	20	32	288
30673140_zpid	30673140_zpid	11218	295 E 2nd St, Brooklyn, NY 11218	40.64425	-73.978224	0.0691516697445	11	0.169904240907	9	0.124997661394	2	4	1	1568	663000	63	2000	1920	596	156	172	284	212	216	220	136	84	64	64	848
30637978_zpid	30637978_zpid	11207	140 Van Siclen Ave, Brooklyn, NY 11207	40.676905	-73.891687	0.312048271018	6	0.300108495579	4	0.0975751178281	5	5	2	2352	5000	3	2500	1901	472	164	340	408	228	380	180	140	192	192	56	916
30789983_zpid	30789983_zpid	11235	12 Brighton 10th Ln, Brooklyn, NY 11235	40.58041	-73.9589264	0.139262805533	11	0.123732569765	7	0.364529394436	1	3	4	1096	540000	0	1620	1920	1076	248	332	408	264	332	224	124	216	156	116	1156
30566749_zpid	30566749_zpid	11201	89 Dean St APT 4, Brooklyn, NY 11201	40.6872985	-73.989525	0.0468813692809	17	0.361079773324	4	0.170954582541	8	2	1	800	190000	168	2000	1930	176	376	52	232	60	80	152	108	88	48	32	784
30592713_zpid	30592713_zpid	11216	5 Saint Charles Pl, Brooklyn, NY 11216	40.671716	-73.955402	0.162839918332	13	0.448336477505	4	0.257564666158	5	2	1	900	600000	105	1810	1910	660	172	368	420	372	72	96	24	100	148	84	636
30663189_zpid	30663189_zpid	11210	791 E 39th St, Brooklyn, NY 11210	40.637821	-73.939248	0.635760067578	4	0.76172043488	0	0.810048456979	0	2	1	1710	360000	25	1933	1940	30	7	40	37	54	17	10	3	17	14	3	92
30605231_zpid	30605231_zpid	11233	712 Halsey St # A, Brooklyn, NY 11233	40.684363	-73.92532	0.370157112363	10	0.46996940679	4	0.640354692856	3	5	3	3240	713000	22	1800	1910	137	62	88	104	67	15	16	13	41	35	24	165
30603218_zpid	30603218_zpid	11221	119 Malcolm X Blvd, Brooklyn, NY 11221	40.689545	-73.930098	0.318314350969	9	0.331385795476	3	0.436353186739	2	5	4	2400	1645000	0	1700	1910	205	60	110	154	123	60	35	16	38	68	39	285
30714036_zpid	30714036_zpid	11214	1763 Cropsey Ave, Brooklyn, NY 11214	40.6030299	-74.007764	0.144473270235	7	0.131878377241	5	0.74833874527	1	6	4	2500	862000	46	20908.8	1930	18	20	12	29	6	41	35	48	18	2	4	88
83045614_zpid	83045614_zpid	11208	281 Fountain Ave, Brooklyn, NY 11208	40.6730329	-73.8744959	0.125948128044	8	0.101905834071	6	0.329855314254	2	1	1	6340	416250	106	2750	1930	168	20	91	103	79	63	40	10	26	64	18	184
2099577137_zpid	2099577137_zpid	10456	1045 Morris Ave, Bronx, NY 10456	40.82974	-73.916466	0.0302221514976	8	0.116076407876	7	0.454992152469	2	6	4	2600	825000	0	2530	1929	436	51	184	189	219	21	27	3	76	58	28	263
30607035_zpid	30607035_zpid	11206	175A Vernon Ave, Brooklyn, NY 11206	40.695337	-73.944999	0.122560726845	9	0.312192458382	3	0.339876653947	3	5	3	2565	1300000	0	1875	1899	118	41	75	111	56	56	24	41	26	39	26	168
30723107_zpid	30723107_zpid	11223	1843 W 4th St, Brooklyn, NY 11223	40.6026287	-73.9765078	0.209507709598	7	0.327507434784	3	0.355493690743	3	4	2	1512	725000	22	2667	1925	344	100	172	120	120	328	132	192	92	56	20	532
30626138_zpid	30626138_zpid	11237	153 Saint Nicholas Ave, Brooklyn, NY 11237	40.704907	-73.9167499	0.0634204735224	12	0.212176940391	5	0.186730939475	5	5	3	2500	1699999	0	2250	1920	110	62	81	94	82	44	28	18	52	42	15	173
30731969_zpid	30731969_zpid	11214	2760 Cropsey Ave, Brooklyn, NY 11214	40.586756	-73.989171	0.414797185401	4	0.567803714601	1	0.512568974049	1	2	1.5	928	474750	27	1680	1945	12	10	9	22	5	21	21	18	20	7	4	40
29841105_zpid	29841105_zpid	10465	3205 Fairmount Ave, Bronx, NY 10465	40.836304	-73.820908	0.170121883936	3	0.13037723842	1	1.52714771749	0	5	3	2120	399000	51	2000	1955	6	7	7	8	7	10	28	13	11	4	3	43
29777792_zpid	29777792_zpid	10451	298 E 151st St, Bronx, NY 10451	40.818218	-73.92084	0.283709792272	4	0.179045854623	8	0.350112808397	3	8	2	1935	350000	135	3049	1899	106	12	39	50	33	4	14	7	13	19	25	121
30623360_zpid	30623360_zpid	11211	230 Ainslie St, Brooklyn, NY 11211	40.7127913	-73.9450297	0.189927896702	12	0.165401235982	4	0.213956004618	5	6	3	3080	2315000	17	2800	1901	104	352	92	228	116	120	200	28	84	52	60	780
30747312_zpid	30747312_zpid	11229	2329 E 26th St, Brooklyn, NY 11229	40.594748	-73.94437	0.288932232566	11	0.281087989242	5	0.913824964175	0	2	2	2134	750000	5	2200	1950	4	10	4	16	3	19	24	21	15	1	2	55
30745213_zpid	30745213_zpid	11229	2162 Batchelder St, Brooklyn, NY 11229	40.59921	-73.939035	0.264105266931	8	0.360751680205	3	1.42796057863	0	3	2.5	1255	445000	35	1800	1950	27	14	9	15	6	8	30	14	18	2	2	68
30793373_zpid	30793373_zpid	11229	18 Eaton Ct, Brooklyn, NY 11229	40.5867119	-73.9209391	0.381691896706	1	1.66275831651	0	2.80809307601	0	3	2	1960	432600	91	40	1960	2	3	1	13	0	0	25	9	19	2	3	33
30674431_zpid	30674431_zpid	11218	493 E 2nd St, Brooklyn, NY 11218	40.6393	-73.977286	0.415555351259	9	0.158911835577	11	0.363865484512	2	7	2	3600	950000	22	3058	1925	852	248	284	352	216	332	188	300	124	80	36	964
29779869_zpid	29779869_zpid	10459	830 E 169th St, Bronx, NY 10459	40.82929	-73.897926	0.324190117908	6	0.350486452195	8	0.521559742779	2	4	2	2952	90000	8	2027	1901	174	77	96	116	98	21	14	5	21	43	19	153
30782899_zpid	30782899_zpid	11234	2250 E 74th St, Brooklyn, NY 11234	40.618485	-73.902646	0.676521802042	1	0.588253871559	1	3.13647970503	0	5	5	2500	550000	188	4000	1984	4	6	5	10	2	13	20	7	14	2	4	42
30694252_zpid	30694252_zpid	11209	7215 Stewart Ave, Brooklyn, NY 11209	40.6294217	-74.018735	0.277903264776	12	0.358988335101	6	0.573490487514	2	4	3	2800	840000	7	2850	1920	10	14	8	23	5	23	32	40	17	3	4	90
30789630_zpid	30789630_zpid	11235	622 Ocean View Ave, Brooklyn, NY 11235	40.579498	-73.961453	0.114423540884	9	0.113774559425	5	0.204613322701	2	7	4	2520	285000	188	3000	1925	832	272	292	408	244	312	224	124	200	128	120	1188
30653113_zpid	30653113_zpid	11203	56 E 58th St, Brooklyn, NY 11203	40.653987	-73.923156	0.175312983157	9	0.363926792865	3	1.0115971982	0	3	4	2038	549000	0	1623	1945	125	20	46	60	46	38	18	6	16	24	13	109
30604904_zpid	30604904_zpid	11233	589 Halsey St, Brooklyn, NY 11233	40.684411	-73.928907	0.0730517051624	7	0.2593542698	2	0.582503034677	1	5	2	1680	949000	0	1600	1901	121	63	82	108	58	15	12	11	35	30	20	154
62635775_zpid	62635775_zpid	10466	13 Harper Ct, Bronx, NY 10466	40.884604	-73.8351	0.64597175971	1	0.225988255251	3	0.546054585494	2	5	2	3000	150000	99	2165	1996	23	4	6	5	1	18	9	12	10	5	1	33
72690393_zpid	72690393_zpid	11235	191 Jaffrey St, Brooklyn, NY 11235	40.578291	-73.942362	0.877444775803	0	1.37027406254	0	1.38261963217	0	4	4	3676	2150000	0	3120	2006	68	20	4	44	12	56	76	28	44	4	4	104
29789689_zpid	29789689_zpid	10470	338 E 239th St, Bronx, NY 10470	40.900293	-73.865939	0.295801010942	3	0.34887162296	1	0.605090205512	1	3	3.5	2400	599000	0	2178	1915	72	18	12	24	12	38	13	18	17	6	5	81
79723634_zpid	79723634_zpid	10457	455 E 181st St, Bronx, NY 10457	40.8526006	-73.8954737	0.107121383952	9	0.239319591785	5	0.589778407025	2	3	2	4050	602500	82	1688	2006	353	29	142	165	140	26	15	15	39	53	26	281
30702669_zpid	30702669_zpid	11219	1348 Bay Ridge Ave, Brooklyn, NY 11219	40.622829	-74.002934	0.130495374888	9	0.313397960478	3	0.498347006791	3	7	4	4158	1220000	13	3998	1930	168	36	52	60	36	132	164	140	48	20	52	292
30722620_zpid	30722620_zpid	11223	1825 W 12th St, Brooklyn, NY 11223	40.602208	-73.9840399	0.293971529829	8	0.543029219104	6	0.365441865654	3	6	4	2200	1250000	9	2400	1925	56	25	24	16	16	56	24	38	15	6	4	78
30589456_zpid	30589456_zpid	11238	594 Franklin Ave, Brooklyn, NY 11238	40.677992	-73.955586	0.119300744041	11	0.410460937064	5	0.290589074123	5	6	3	3040	1400000	0	1598	1931	95	102	44	66	58	31	17	18	25	20	19	153
30660513_zpid	30660513_zpid	11203	1103 New York Ave, Brooklyn, NY 11203	40.646287	-73.945879	0.325780314417	5	0.217441861632	4	0.29188399915	3	4	2	1504	350000	11	1922	1920	77	9	76	51	50	32	11	2	17	16	14	72
83048838_zpid	83048838_zpid	11211	139 Powers St, Brooklyn, NY 11211	40.71246	-73.945245	0.148926986415	12	0.145020864487	4	0.255000866388	5	3	1.5	3600	2950000	0	2500	1930	27	94	22	52	27	29	45	7	19	13	15	186
30609927_zpid	30609927_zpid	11221	476 Putnam Ave, Brooklyn, NY 11221	40.6849057	-73.9423809	0.125081333396	11	0.291403316649	9	0.569592074511	1	12	4	3760	1650000	0	2000	1915	104	26	65	75	62	13	18	9	30	37	8	124
30622307_zpid	30622307_zpid	11222	16 Herbert St, Brooklyn, NY 11222	40.7190707	-73.9444658	0.167395304862	12	0.436968301226	2	0.502780067681	2	3	2	1400	1300000	13	1066	1910	14	29	7	25	3	9	19	12	11	3	5	76
30793903_zpid	30793903_zpid	11229	28 Dare Ct, Brooklyn, NY 11229	40.5873357	-73.921115	0.311043963427	1	1.62823080313	0	2.79356380912	0	4	2	1120	101400	41	1800	1925	2	3	1	13	0	0	27	9	20	2	5	36
30631112_zpid	30631112_zpid	11207	730 Chauncey St, Brooklyn, NY 11207	40.685137	-73.907226	0.242617249566	7	0.335403709559	2	0.359891866042	4	2	1	2832	299000	29	1950	1901	97	25	100	120	70	19	31	14	34	47	19	184
64498064_zpid	64498064_zpid	11207	637 Livonia Ave, Brooklyn, NY 11207	40.6650009	-73.893536	0.333340448698	3	0.11446684694	8	0.121768030345	3	8	3	3520	630000	128	20	2004	242	19	150	143	167	26	51	11	50	67	16	270
30642229_zpid	30642229_zpid	11208	25 Pine St, Brooklyn, NY 11208	40.6860969	-73.873627	0.272252323891	5	0.226069264824	4	0.323424475403	2	2	2	3060	570000	115	1944	1910	416	164	280	356	220	288	148	72	272	184	40	800
30726545_zpid	30726545_zpid	11230	1590 E 19th St, Brooklyn, NY 11230	40.6110218	-73.955057	0.130823925966	4	0.108585389844	5	0.350140986361	1	5	4	4368	2200000	3	3998	1920	62	8	35	40	27	37	12	25	8	5	3	58
30652096_zpid	30652096_zpid	11212	279 E 95th St, Brooklyn, NY 11212	40.659756	-73.921048	0.0850253543334	13	0.164434820532	6	0.441158036512	2	8	4	3567	655000	95	3249	1931	605	22	237	231	189	71	27	9	43	84	36	305
29780996_zpid	29780996_zpid	10459	1165 Vyse Ave, Bronx, NY 10459	40.828117	-73.890231	0.239339653801	4	0.194957916504	6	0.262777540511	3	5	2	2160	203500	283	1999	1992	237	39	84	132	109	36	33	11	37	34	28	212
30732920_zpid	30732920_zpid	11224	3510 Neptune Ave, Brooklyn, NY 11224	40.576837	-74.001443	0.649196295877	1	0.0734135587112	2	1.71000819879	0	5	2	1428	470000	104	2178	1901	51	17	14	36	13	5	21	10	17	14	1	60
29789798_zpid	29789798_zpid	10470	339 E 241st St, Bronx, NY 10470	40.902038	-73.866428	0.154515383991	2	0.527076043655	1	0.799869707296	0	5	2	2541	480000	2	2500	1935	46	15	5	19	8	25	10	16	11	5	5	61
30742151_zpid	30742151_zpid	11229	2023 E 22nd St, Brooklyn, NY 11229	40.6020344	-73.9497043	0.284688073482	2	0.486168539353	5	0.60782689916	1	3	2	1316	799000	0	2622	1920	74	24	27	28	34	69	52	17	24	8	6	159
30610106_zpid	30610106_zpid	11216	256 Jefferson Ave, Brooklyn, NY 11216	40.683309	-73.9475159	0.219061525673	11	0.121624033327	8	0.356502779286	3	10	5	5560	2000000	2	2000	1900	243	92	139	180	124	25	49	26	60	76	30	301
30789396_zpid	30789396_zpid	11235	3069 Brighton 1st St, Brooklyn, NY 11235	40.5769745	-73.9668823	0.120481808144	7	0.289518685484	8	0.155468441207	2	3	1	1498	520000	61	3500	1910	72	34	48	63	42	43	30	11	38	16	13	174
29788414_zpid	29788414_zpid	10467	77 E 208th St, Bronx, NY 10467	40.879074	-73.881707	0.280346273724	9	0.377980355165	6	0.259285812253	2	1	1	3502	260000	152	4253	1915	488	127	189	169	201	33	26	20	47	59	17	253
