29783118_zpid	29783118_zpid	10460	775 Fairmount Pl, Bronx, NY 10460	40.843088	-73.889273	0.185795486146	9	0.195476082549	3	0.658533753315	1	6	2	2350	524000	0	2758	1925	190	11	92	78	83	13	12	5	31	29	17	136
2102183181_zpid	2102183181_zpid	11214	8859 17th Avenue, Brooklyn, NY 11214	40.603175	-74.010085	0.263674120952	5	0.300573042007	2	0.88369063024	0	6	4	2280	980000	6	1960	1960	14	13	10	23	6	32	16	39	16	1	2	70
30776895_zpid	30776895_zpid	11236	10525 Flatlands 4th St, Brooklyn, NY 11236	40.643771	-73.8892879	0.541491251176	2	0.506241035194	3	1.10852561805	0	5	3	2200	593600	83	2200	1960	160	12	48	56	48	68	44	12	52	36	28	192
30595469_zpid	30595469_zpid	11225	185 Lincoln Rd, Brooklyn, NY 11225	40.66143	-73.956439	0.350895602798	9	0.343274466533	8	0.490736553118	3	1	1	2772	187000	246	2084	1905	544	100	197	157	182	22	39	19	55	60	21	303
30782854_zpid	30782854_zpid	11234	2243 E 72nd St, Brooklyn, NY 11234	40.617933	-73.903716	0.578962118034	1	0.487417873054	1	3.20109106028	0	5	4	2160	650000	6	4000	1920	11	13	6	11	5	13	22	11	17	2	4	62
30595690_zpid	30595690_zpid	11233	1983 Pacific St, Brooklyn, NY 11233	40.676408	-73.922771	0.32442258843	3	0.275108212461	2	0.28030568115	2	5	3	1280	765000	13	1667	1910	130	25	92	92	70	16	23	5	33	40	25	161
30781750_zpid	30781750_zpid	11234	2066 E 61st St, Brooklyn, NY 11234	40.615194	-73.915323	0.265697168239	6	0.548968378422	1	3.36355218881	0	3	2	1510	515000	117	827640	1960	8	10	8	7	3	24	18	8	19	1	3	52
29779632_zpid	29779632_zpid	10455	701 Prospect Ave, Bronx, NY 10455	40.816213	-73.903412	0.0664184452859	13	0.281154734754	8	0.371549701623	4	3	2	1100	5000	12	1995	1899	267	25	95	117	74	23	35	14	42	36	27	222
29853475_zpid	29853475_zpid	10471	5622 Riverdale Ave, Bronx, NY 10471	40.904807	-73.904363	0.18364397403	4	0.154740365602	2	0.826546635134	0	3	2.5	2500	610000	14	3300	1961	11	10	3	10	6	10	31	6	16	3	4	37
30694832_zpid	30694832_zpid	11209	51 Bay Ridge Pkwy, Brooklyn, NY 11209	40.633331	-74.034663	0.272564087248	7	0.675810708933	2	0.870376270714	0	4	2	2244	1145000	11	2350	1920	74	5	14	21	16	42	33	92	16	4	2	71
30667921_zpid	30667921_zpid	11226	250 E 25th St, Brooklyn, NY 11226	40.643563	-73.953929	0.298501972134	8	0.354234300655	4	0.453238919492	2	5	2.5	3210	530000	20	2000	1901	461	119	218	247	217	78	48	18	65	100	28	415
30631219_zpid	30631219_zpid	11207	84 Granite St, Brooklyn, NY 11207	40.683906	-73.906136	0.0926023063514	3	0.303689864885	2	0.195822210778	7	2	2	2020	445000	47	1822	1925	85	20	68	95	58	16	26	18	20	33	15	156
30675623_zpid	30675623_zpid	11218	540 E 9th St, Brooklyn, NY 11218	40.635456	-73.969451	0.427278295262	6	0.279644564629	9	0.563987226322	2	7	2	2910	1160000	6	4000	1930	556	108	212	200	124	268	136	232	56	52	36	572
30608853_zpid	30608853_zpid	11221	514 Lexington Ave, Brooklyn, NY 11221	40.6887198	-73.9399414	0.2551178358	9	0.194194048431	3	0.982529329279	0	5	2	2880	805000	9	2000	1993	944	252	468	672	456	144	164	68	204	256	116	1068
79711699_zpid	79711699_zpid	11236	534 E 99th St, Brooklyn, NY 11236	40.648483	-73.903662	0.235386600573	4	0.739156402492	1	0.254709391663	2	4	4	1584	670000	106	1981	2007	31	6	17	25	13	48	18	8	7	13	6	67
30646933_zpid	30646933_zpid	11207	705 Hegeman Ave, Brooklyn, NY 11207	40.6623905	-73.8859819	0.209174501456	6	0.343048208153	6	0.414155775551	2	9	5	3520	535000	138	1980	1930	157	10	102	79	81	24	33	8	42	56	14	168
30787800_zpid	30787800_zpid	11234	453 Mayfair Dr S, Brooklyn, NY 11234	40.60745	-73.9080309	1.01431350348	0	1.09594443954	0	4.14864174434	0	3	3	2310	995000	20	3817	1970	2	4	2	7	2	11	6	18	15	4	1	29
30659374_zpid	30659374_zpid	11226	3117 Snyder Ave, Brooklyn, NY 11226	40.649234	-73.9477689	0.1876780686	5	0.360733987871	6	0.235265879258	2	7	4	2000	365000	140	2000	1930	249	32	97	96	96	69	22	10	29	43	17	182
30719189_zpid	30719189_zpid	11204	1551 W 11th St, Brooklyn, NY 11204	40.608887	-73.984367	0.218900249509	15	0.321018899575	7	0.394332002786	2	8	5	3600	990000	13	2692	1925	308	88	100	148	168	192	76	120	68	40	12	416
30768326_zpid	30768326_zpid	11236	1068 Remsen Ave, Brooklyn, NY 11236	40.642604	-73.909071	0.163993468493	6	0.726723411081	2	0.758463540346	0	4	3	1710	546000	11	2051	1930	41	4	25	18	12	65	35	6	22	18	5	109
30601669_zpid	30601669_zpid	11233	1330 Herkimer St, Brooklyn, NY 11233	40.67721	-73.909494	0.105938102075	6	0.0906118706316	3	0.178887225049	8	2	2	2565	225000	13	1710	1910	223	26	146	182	123	46	34	22	56	76	29	210
89069052_zpid	89069052_zpid	11207	6 Mcclancy Pl, Brooklyn, NY 11207	40.663862	-73.885626	0.27307724345	7	0.37365701943	6	0.30874854302	2	6	2	1628	595000	93	2199	2007	170	10	106	88	79	29	33	12	37	61	17	183
30660311_zpid	30660311_zpid	11203	509 E 45th St, Brooklyn, NY 11203	40.649075	-73.934662	0.276101227678	5	0.347884117477	2	1.27481370434	0	3	2	2080	367000	25	2000	1920	480	40	240	208	228	148	112	4	92	92	28	464
30778482_zpid	30778482_zpid	11236	1339 E 99th St, Brooklyn, NY 11236	40.637558	-73.890709	0.375873938322	7	0.137747929941	4	1.38234627349	0	4	2	1760	639000	0	2833	1960	26	9	24	24	2	29	16	13	17	7	2	65
30604274_zpid	30604274_zpid	11221	842 Putnam Ave, Brooklyn, NY 11221	40.686303	-73.928084	0.126011547759	10	0.170022896267	3	0.614828216873	1	2	1	2499	670000	29	1933	1899	143	39	77	113	84	35	22	9	30	48	22	184
30719290_zpid	30719290_zpid	11204	1581 W 9th St, Brooklyn, NY 11204	40.6083939	-73.982443	0.199227259543	11	0.271852130244	6	0.39106886215	2	2	1	1400	700000	6	2000	1930	288	92	104	136	176	228	68	88	60	32	20	364
30790864_zpid	30790864_zpid	11235	251 Beaumont St, Brooklyn, NY 11235	40.575839	-73.950504	0.248047969692	5	0.739435418195	1	0.933260944036	0	5	4	4875	2350000	5	4000	1998	36	19	8	17	13	9	33	16	18	6	2	42
30598963_zpid	30598963_zpid	11221	981 Putnam Ave, Brooklyn, NY 11221	40.687495	-73.921825	0.13872242036	10	0.430166586052	3	0.240617084568	2	6	2.5	2364	999900	24	1750	1930	656	200	344	504	356	116	96	20	104	200	116	760
30585862_zpid	30585862_zpid	11215	275 14th St, Brooklyn, NY 11215	40.6658903	-73.9877762	0.098144333662	19	0.164597956572	5	0.433536845718	4	2	1	1996	1450000	36	1908	1901	356	332	100	268	108	192	284	84	140	100	88	936
83048882_zpid	83048882_zpid	11207	992 Halsey St, Brooklyn, NY 11207	40.6861109	-73.914466	0.282179805728	7	0.168461166859	3	0.176928296662	2	3	2	3760	305000	35	1800	2007	67	17	53	73	46	14	19	8	15	32	14	109
30609977_zpid	30609977_zpid	11221	518 Putnam Ave, Brooklyn, NY 11221	40.6848529	-73.940665	0.14801802199	9	0.296152536695	6	0.54925829178	1	12	4	3240	1280000	22	1800	1899	124	27	77	93	66	12	24	9	35	38	9	146
30650084_zpid	30650084_zpid	11208	986 Hemlock St, Brooklyn, NY 11208	40.664378	-73.866597	0.410149303609	1	0.0619943954136	4	1.30977893361	0	7	3	2534	420000	140	3000	1997	22	4	7	11	6	11	19	5	7	6	1	51
30698803_zpid	30698803_zpid	11209	123 84th St, Brooklyn, NY 11209	40.626289	-74.034893	0.388177166724	7	0.757454581718	0	0.679650423033	1	4	2	1	980000	86	2700	1935	26	20	11	17	10	31	33	25	13	6	1	89
30669121_zpid	30669121_zpid	11226	466 E 25th St, Brooklyn, NY 11226	40.638891	-73.953384	0.14830874226	5	0.117791897905	4	0.436821509288	1	9	5	3630	720000	116	4800	1899	382	91	178	170	186	51	31	15	45	84	13	292
29812472_zpid	29812472_zpid	10460	1716 Van Buren St, Bronx, NY 10460	40.841696	-73.870306	0.289186513089	4	0.658215408706	1	0.268877775158	1	4	2	1500	240000	9	2500	1905	202	23	59	70	84	45	20	13	30	39	27	138
30596161_zpid	30596161_zpid	11213	176 Schenectady Ave, Brooklyn, NY 11213	40.6731849	-73.933744	0.237217651595	10	0.195084408681	5	0.482105947123	2	5	2.5	2778	650000	9	1494	1910	383	41	176	173	160	36	29	13	45	62	21	268
30600418_zpid	30600418_zpid	11233	239 Sumpter St, Brooklyn, NY 11233	40.6807019	-73.91574	0.280665446284	4	0.49968121412	6	0.486248164486	4	5	2.5	2160	555000	7	1799	1920	259	44	186	212	148	42	47	15	63	101	31	278
30774287_zpid	30774287_zpid	11236	1203 E 92nd St # 203, Brooklyn, NY 11236	40.6404044	-73.9036076	0.270013429149	9	0.649589508545	1	0.711366022687	1	2	1.5	700	164000	16	6963	1989	37	10	23	19	14	54	25	8	18	15	7	86
30598388_zpid	30598388_zpid	11233	1419 Saint Marks Ave, Brooklyn, NY 11233	40.673889	-73.9210109	0.329885512849	3	0.461068032714	3	0.541523303748	1	8	3	2850	640000	120	2491	1901	205	29	128	125	106	19	23	7	42	49	25	197
30789296_zpid	30789296_zpid	11235	2965 Brighton 7th St, Brooklyn, NY 11235	40.5800328	-73.9612008	0.108431478117	9	0.0880887977335	5	0.263683065623	2	7	3	1920	640000	11	2200	1931	804	240	284	380	212	328	232	124	192	128	112	1116
30718475_zpid	30718475_zpid	11204	1351 W 7th St, Brooklyn, NY 11204	40.6122734	-73.981356	0.165215299363	13	0.124538524807	6	0.0617465052499	3	3	2	1350	680000	22	1999	1930	804	136	168	240	284	352	128	164	80	44	32	636
30661720_zpid	30661720_zpid	11203	504 E 40th St, Brooklyn, NY 11203	40.6432069	-73.939436	0.271439087093	3	0.59006050321	2	0.831459782095	0	3	4	1280	175000	309	3000	1910	240	24	88	72	76	180	80	24	84	52	12	300
30614088_zpid	30614088_zpid	11238	30 Monroe St, Brooklyn, NY 11238	40.684354	-73.957896	0.318036056958	11	0.287062315901	5	0.414538298281	3	6	4	1773	1250000	0	1717	1899	96	140	57	102	57	27	40	16	40	15	37	162
30791506_zpid	30791506_zpid	11235	151 Pembroke St, Brooklyn, NY 11235	40.579583	-73.936763	1.12564663194	0	1.33178433856	0	1.68068817543	0	4	4	2001	730000	2	1800	1945	36	24	16	36	32	48	44	12	44	8	4	112
30662212_zpid	30662212_zpid	11203	751 E 46th St, Brooklyn, NY 11203	40.642962	-73.933053	0.114037278741	5	0.80728178357	0	1.3394359947	0	6	5	2080	749000	0	2500	1935	112	56	44	56	36	140	88	32	76	44	12	376
30602144_zpid	30602144_zpid	11221	405 Kosciuszko St, Brooklyn, NY 11221	40.692327	-73.93845	0.186411870841	11	0.298227097679	5	0.592181818826	1	2	1	3080	527000	131	2200	1901	145	51	65	104	69	35	22	12	25	41	33	183
30721207_zpid	30721207_zpid	11223	1639 E 9th St, Brooklyn, NY 11223	40.608804	-73.963818	0.3410058343	8	0.480669523924	4	0.507504649782	1	7	3	2565	835000	25	3005	1925	120	48	24	64	92	52	56	44	64	20	12	272
30606737_zpid	30606737_zpid	11206	652 Flushing Ave, Brooklyn, NY 11206	40.699906	-73.946745	0.0611693180075	9	0.39080499989	7	0.289507698011	5	5	3	3	615000	70	3210	1995	64	34	22	39	21	34	28	27	21	12	15	149
30589417_zpid	30589417_zpid	11238	924 Pacific St, Brooklyn, NY 11238	40.679693	-73.9630059	0.274945806153	13	0.358214102272	4	0.53946205577	4	5	2	2280	1325000	3	2118	1910	141	191	55	107	73	54	51	41	43	25	25	242
30612666_zpid	30612666_zpid	11238	370 Washington Ave, Brooklyn, NY 11238	40.6876747	-73.9660057	0.0404339858929	10	0.0761875373794	3	0.0890872822781	5	5	3	3248	2026000	42	2000	1899	118	51	71	85	72	30	33	5	32	21	20	132
30572792_zpid	30572792_zpid	11215	502 Carroll St, Brooklyn, NY 11215	40.676658	-73.985835	0.414213448127	12	0.304005222705	4	0.241435577284	2	5	4	2280	1400000	39	1311	1931	37	47	16	23	15	23	24	31	11	5	9	79
30655138_zpid	30655138_zpid	11236	157 E 87th St, Brooklyn, NY 11236	40.648795	-73.9189279	0.267225920986	5	0.788690304332	0	1.42609922855	0	2	1	1671	370000	75	2940	1940	15	4	11	11	8	23	18	7	9	9	4	61
29844847_zpid	29844847_zpid	10465	818 Logan Ave, Bronx, NY 10465	40.829467	-73.821789	0.48808334464	4	0.285883318169	2	2.01651838319	0	3	3	1400	366800	18	2787	1935	10	19	2	18	1	18	25	33	15	2	6	66
30574431_zpid	30574431_zpid	11232	205 32nd St, Brooklyn, NY 11232	40.65563	-74.0001	0.236810416855	5	0.558573934028	2	0.391240742726	2	7	5	4600	1899000	11	2003	1899	92	120	48	68	44	28	112	60	52	4	36	264
30683057_zpid	30683057_zpid	11204	1915 Bay Ridge Ave, Brooklyn, NY 11204	40.615483	-73.9898259	0.204379140582	9	0.338859826403	7	0.458828594595	2	6	2	1000	1588000	0	3000	1925	268	64	144	236	116	224	164	168	100	52	32	636
30790201_zpid	30790201_zpid	11235	87 Corbin Pl, Brooklyn, NY 11235	40.579852	-73.954216	0.0888206403278	10	0.401473799782	4	0.644730332315	1	2	2.5	1720	590000	59	1483	1940	205	43	48	63	41	53	52	29	39	29	11	146
30637237_zpid	30637237_zpid	11207	104 Warwick St, Brooklyn, NY 11207	40.681501	-73.888201	0.31073092812	7	0.286596008782	5	0.346911595128	3	9	4	4150	660000	25	4748	1910	264	128	184	232	160	168	136	64	136	76	24	408
30602110_zpid	30602110_zpid	11221	1089 Dekalb Ave, Brooklyn, NY 11221	40.693795	-73.931957	0.124854956849	11	0.359078573459	5	0.270029937943	3	8	3	2560	749000	0	1827	1899	564	352	304	384	376	204	136	76	124	184	148	948
30764891_zpid	30764891_zpid	11234	1363 E 58th St, Brooklyn, NY 11234	40.621155	-73.919078	0.194366560424	10	0.730228763269	1	2.74132605371	0	3	2	1248	480000	104	2000	1920	6	6	3	6	9	36	27	18	21	5	9	107
30753732_zpid	30753732_zpid	11210	1342 E 37th St, Brooklyn, NY 11210	40.623275	-73.93973	0.13490200724	3	0.625591711635	2	1.25682976464	0	3	2	1200	659000	0	2500	1920	62	6	27	31	20	51	37	11	24	9	7	64
29847080_zpid	29847080_zpid	10465	215 Longstreet Ave, Bronx, NY 10465	40.8192329	-73.8065589	0.307827454152	1	0.952620977638	0	3.71510941694	0	3	1.5	1944	355350	14	2200	1960	18	10	4	4	2	7	19	11	12	3	3	43
30701932_zpid	30701932_zpid	11209	9540 Fort Hamilton Pkwy, Brooklyn, NY 11209	40.614184	-74.030175	0.181950330909	9	0.36735311009	3	0.239220176526	1	2	1.25	1836	749000	7	1125	1950	288	104	80	80	96	196	140	144	28	32	16	416
30626005_zpid	30626005_zpid	11221	18 Stockholm St, Brooklyn, NY 11221	40.695094	-73.926743	0.316342897124	14	0.233998242285	6	0.261899870194	4	6	3	3150	1200000	3	2482	1901	212	97	80	106	96	58	44	24	47	39	35	291
30619886_zpid	30619886_zpid	11222	88 India St, Brooklyn, NY 11222	40.731898	-73.956833	0.0800189323074	13	0.158301443137	4	0.306062886095	1	1	1	1500	31500	266	2125	1899	73	117	49	62	36	53	39	23	26	18	12	226
30601601_zpid	30601601_zpid	11233	30 Gunther Pl # A, Brooklyn, NY 11233	40.676719	-73.912077	0.119109133495	5	0.0918749548078	3	0.226035493745	4	5	3	2160	790000	8	1315	1910	980	104	632	704	476	220	148	104	220	300	136	868
30745373_zpid	30745373_zpid	11229	2218 E 12th St, Brooklyn, NY 11229	40.595751	-73.960093	0.228045837261	8	0.351332518292	6	0.420662304846	2	3	1.5	1952	618000	45	3240	1930	60	15	10	17	15	34	12	11	8	2	3	58
62648778_zpid	62648778_zpid	11209	334 77th St, Brooklyn, NY 11209	40.6297113	-74.0274204	0.204824915731	20	0.378504167253	5	0.161434598611	2	3	2	1165	435000	37	4373	1996	83	51	42	28	23	53	64	58	17	16	7	164
30783150_zpid	30783150_zpid	11234	2330 E 74th St, Brooklyn, NY 11234	40.6171783	-73.901161	0.793318284625	0	0.69719110096	1	3.28173616515	0	9	6	7485	1550000	35	9000	1965	2	13	2	6	0	5	17	9	14	1	3	47
30659144_zpid	30659144_zpid	11203	157 E 42nd St, Brooklyn, NY 11203	40.6520269	-73.937869	0.344584338132	2	0.501629895596	3	0.997394762273	0	4	2.5	2250	445000	37	4000	1920	131	15	81	62	67	60	26	9	30	31	8	133
29820079_zpid	29820079_zpid	10469	2219 Westervelt Ave, Bronx, NY 10469	40.858371	-73.840285	0.438267064358	2	0.684824695477	1	1.26524174948	0	3	3	1394	529000	11	2500	1930	6	0	1	3	0	4	24	6	7	0	2	17
30624291_zpid	30624291_zpid	11237	1031 Flushing Ave, Brooklyn, NY 11237	40.7040777	-73.9307302	0.0651736720876	11	0.458945343094	3	0.308083165657	2	4	2	6656	414000	134	3589	1931	88	64	54	65	46	22	23	5	13	28	12	170
30776944_zpid	30776944_zpid	11236	10545 Avenue L, Brooklyn, NY 11236	40.643502	-73.888291	0.608582829213	3	0.514517770903	3	1.19780155084	0	3	1	1870	465000	12	2613	1960	25	2	9	12	12	13	7	3	10	7	6	43
2099212902_zpid	2099212902_zpid	11203	535 East 40th Street, Brooklyn, NY 11203	40.642524	-73.938789	0.33966725619	3	0.684536746552	1	0.861168008864	0	4	2	800	570000	0	3000	1920	61	7	15	20	16	38	20	6	19	13	3	76
79708077_zpid	79708077_zpid	11238	600 Prospect Pl, Brooklyn, NY 11238	40.6749809	-73.9567692	0.320046157952	13	0.561348589665	5	0.0758223007733	6	5	5	2932	1799000	0	1267	2005	176	132	70	76	65	32	20	19	30	30	16	152
30788127_zpid	30788127_zpid	11234	220 Whitman Dr, Brooklyn, NY 11234	40.6080789	-73.903766	1.10980142468	0	1.12578874568	0	4.2972105545	0	4	3.5	3386	1100000	8	43	1960	0	1	0	5	0	0	7	1	7	2	0	11
30600732_zpid	30600732_zpid	11233	1905 Fulton St, Brooklyn, NY 11233	40.678992	-73.920305	0.311440576999	2	0.296729062946	1	0.105892376628	1	6	2	3500	350000	6	1969	1901	174	29	117	140	94	35	38	16	58	70	29	217
30723733_zpid	30723733_zpid	11230	741 Westminster Rd, Brooklyn, NY 11230	40.631034	-73.965043	0.289122751717	9	0.338587681111	6	0.348229314772	3	7	5	1150	240000	300	4000	1910	75	43	54	51	46	59	44	47	29	14	9	144
30769101_zpid	30769101_zpid	11236	914 E 80th St, Brooklyn, NY 11236	40.634998	-73.913167	0.01717586787	5	0.0310497629339	2	1.6116593372	0	5	2	2024	581940	117	3833	1920	108	36	84	68	32	260	132	48	96	36	32	336
30643543_zpid	30643543_zpid	11208	304 Grant Ave, Brooklyn, NY 11208	40.683453	-73.867572	0.400190353848	9	0.185228284316	8	0.525270055599	2	5	2	1488	298000	158	3123	1910	81	29	47	69	43	54	19	9	64	30	7	160
30666903_zpid	30666903_zpid	11226	2724 Albemarle Rd, Brooklyn, NY 11226	40.6478824	-73.9513038	0.185503121282	3	0.289391935288	7	0.36046894893	2	5	3.5	1613	205000	25	1518	1910	307	43	113	125	87	85	32	17	35	51	29	233
29784825_zpid	29784825_zpid	10457	2003 Crotona Ave, Bronx, NY 10457	40.8470889	-73.890097	0.188276917913	11	0.231527432179	2	0.809929304281	0	3	1	1292	350000	115	2500	1920	251	51	126	141	118	26	13	6	46	49	24	223
30614948_zpid	30614948_zpid	11205	183 Park Ave, Brooklyn, NY 11205	40.696349	-73.971984	0.371201439329	6	0.347815132459	2	1.02472369585	0	5	3	1890	675000	26	1491	1899	36	56	18	31	22	43	9	27	14	12	8	103
30710104_zpid	30710104_zpid	11228	8318 14th Ave, Brooklyn, NY 11228	40.61422	-74.010566	0.247328873896	3	0.369242301171	1	0.845122132141	0	3	1.5	1750	210000	195	2000	1935	7	14	2	14	1	29	40	31	24	7	4	61
30700536_zpid	30700536_zpid	11228	67 Dahlgren Pl, Brooklyn, NY 11228	40.617796	-74.0238339	0.216213647269	9	0.348132797751	4	0.651129141395	2	5	3	1464	525000	142	1340	1899	8	0	3	7	1	9	21	8	6	0	1	22
30634906_zpid	30634906_zpid	11207	520 New Jersey Ave, Brooklyn, NY 11207	40.66663	-73.893795	0.170626648061	5	0.245844860938	9	0.240723384811	4	8	4	3000	699999	6	2000	1901	199	21	121	131	142	24	50	10	51	52	15	234
30747116_zpid	30747116_zpid	11229	2375 E 23rd St, Brooklyn, NY 11229	40.593405	-73.947049	0.254587739487	11	0.518281010161	4	0.71566897134	1	6	3	2840	875000	10	2917	1930	39	11	13	22	12	27	27	24	16	5	4	61
30789441_zpid	30789441_zpid	11235	42 Brighton 1st Path, Brooklyn, NY 11235	40.5780299	-73.9660013	0.116997411393	7	0.263658073075	7	0.285026956834	2	7	6.5	3150	530000	5	1800	1920	428	164	260	324	236	200	128	60	176	76	88	900
30731395_zpid	30731395_zpid	11214	2651 Cropsey Ave, Brooklyn, NY 11214	40.5891831	-73.9901554	0.302538704265	4	0.837259183028	0	0.541556854087	1	6	3.5	2080	982000	5	2545	1930	12	8	9	20	6	18	27	20	26	8	4	49
