30745294_zpid	30745294_zpid	11229	2179 Batchelder St, Brooklyn, NY 11229	40.598872	-73.938388	0.296336511264	7	0.424127544554	3	1.47408584246	0	3	1	1534	440000	14	1800	1950	104	40	36	52	28	32	108	44	64	8	8	256
29818214_zpid	29818214_zpid	10462	2074 Matthews Ave, Bronx, NY 10462	40.853233	-73.862671	0.293715966327	8	0.281656682354	3	0.222307557933	3	5	3	2500	489000	0	1800	1969	490	41	93	72	89	37	42	18	41	33	29	229
94716823_zpid	94716823_zpid	11214	2757 Cropsey Ave # 1, Brooklyn, NY 11214	40.5870397	-73.9887428	0.369315267974	4	0.57189085939	1	0.466141128517	1	2	1	830	309270	70	4626	2008	48	40	36	96	20	84	84	76	84	32	16	188
30606837_zpid	30606837_zpid	11206	168 Ellery St, Brooklyn, NY 11206	40.698466	-73.946372	0.221358625831	8	0.491212998337	6	0.348167172102	4	5	3.5	3015	120000	9	2051	1995	89	39	42	73	35	41	23	42	20	21	23	155
30672573_zpid	30672573_zpid	11218	59 Louisa St, Brooklyn, NY 11218	40.642892	-73.981559	0.123145850848	9	0.110883785132	9	0.203969171619	1	7	4	3024	1200000	15	2600	1931	348	128	136	168	148	224	236	172	56	56	40	752
30595948_zpid	30595948_zpid	11213	1263 Saint Marks Ave, Brooklyn, NY 11213	40.67423	-73.927102	0.284865174457	8	0.575149367498	4	0.648376224764	2	6	3	2316	985000	11	3390	1910	656	64	412	472	364	80	52	12	104	140	56	696
30709567_zpid	30709567_zpid	11214	1844 81st St, Brooklyn, NY 11214	40.609044	-73.998455	0.149994658562	12	0.358207552196	9	0.302667147034	3	13	5	2000	750000	10	2000	1930	95	16	37	42	21	51	57	30	30	14	5	166
55676639_zpid	55676639_zpid	11233	1105 Herkimer St, Brooklyn, NY 11233	40.678071	-73.916849	0.256058666523	2	0.450329601803	4	0.400781440331	2	5	3	2548	680000	6	1975	1999	245	21	142	183	123	47	38	17	57	77	36	239
30603048_zpid	30603048_zpid	11221	548 Lexington Ave, Brooklyn, NY 11221	40.688878	-73.938293	0.269751405991	6	0.207457493352	4	0.941849625636	0	6	4	2667	645000	34	1667	1899	960	220	472	680	400	164	148	64	184	260	136	1072
30769763_zpid	30769763_zpid	11236	8011 Avenue K, Brooklyn, NY 11236	40.6326449	-73.9093989	0.428002559892	5	0.441045811168	2	1.68481918774	0	4	3.5	3320	230000	251	1800	1965	43	5	14	21	7	66	24	7	28	6	5	73
30626177_zpid	30626177_zpid	11221	24 Kossuth Pl, Brooklyn, NY 11221	40.6933249	-73.9269995	0.160394349019	9	0.0697664992068	4	0.153162114468	3	7	3	2100	539000	36	1219	1915	202	88	82	115	112	49	42	19	44	42	35	300
30585686_zpid	30585686_zpid	11215	354 12th St, Brooklyn, NY 11215	40.665808	-73.9851319	0.220802966089	20	0.257992180068	6	0.410820405108	5	1	1	1390	160000	262	2500	1899	73	87	22	68	22	44	67	35	30	21	16	221
30734463_zpid	30734463_zpid	11223	1928 W 7th St, Brooklyn, NY 11223	40.600288	-73.9794784	0.148270640842	7	0.472924395626	4	0.314690174529	5	6	3	2431	651000	64	1481	1930	168	88	76	104	72	296	96	228	88	28	32	340
30762222_zpid	30762222_zpid	11234	1455 E 49th St, Brooklyn, NY 11234	40.625318	-73.928279	0.306814482882	9	0.202265326527	1	1.83752816855	0	4	3	1664	600000	26	4000	1935	15	16	10	16	7	49	28	21	21	3	5	95
30769520_zpid	30769520_zpid	11236	8810 Flatlands Ave, Brooklyn, NY 11236	40.639287	-73.906922	0.0766929490543	7	0.534022234776	2	0.925251868181	0	6	3	2887	544000	18	2262	1960	148	28	100	88	44	336	140	48	96	64	40	456
30777495_zpid	30777495_zpid	11236	1267 E 102nd St, Brooklyn, NY 11236	40.640052	-73.889795	0.511652131801	4	0.400010939399	2	1.2557678413	0	3	1.5	2600	410000	4	2600	1955	28	3	21	23	6	17	16	10	16	9	3	59
30693755_zpid	30693755_zpid	11228	7115 Fort Hamilton Pkwy, Brooklyn, NY 11228	40.627275	-74.013756	0.104436603506	3	0.0520485599594	5	0.844784834292	0	1	1	4680	890000	122	1946	1931	48	20	20	64	12	132	84	72	28	8	4	200
30790898_zpid	30790898_zpid	11235	235 Coleridge St, Brooklyn, NY 11235	40.576323	-73.949661	0.278352504224	5	0.788102231648	0	0.993426848526	0	5	2	3200	900000	148	4000	1940	144	76	36	68	52	40	136	68	72	24	8	176
30793585_zpid	30793585_zpid	11229	15 Seba Ave, Brooklyn, NY 11229	40.5868364	-73.9246424	0.403144246827	2	1.36342936055	0	2.49495382027	0	3	2	1462	485000	57	1800	1940	2	3	1	14	0	0	31	11	22	2	5	39
30624104_zpid	30624104_zpid	11211	41 Orient Ave, Brooklyn, NY 11211	40.715259	-73.940025	0.257988166241	10	0.370598993029	3	0.348537431023	2	4	3	1833	1200000	31	1829	1920	28	139	16	47	21	30	39	11	26	13	20	177
30699139_zpid	30699139_zpid	11209	225 85th St, Brooklyn, NY 11209	40.624964	-74.032473	0.186372609497	12	0.442435485769	3	0.427544092825	1	3	2	2800	1599000	0	2775	1910	60	48	26	38	17	43	26	23	14	6	3	144
30705654_zpid	30705654_zpid	11204	1729 Bay Ridge Pkwy, Brooklyn, NY 11204	40.614524	-73.997335	0.173264799856	12	0.18753531082	7	0.299264879507	2	8	4	3312	1200000	3	3000	1931	56	44	24	136	28	156	88	56	44	16	16	248
30692526_zpid	30692526_zpid	11220	372 Bay Ridge Ave, Brooklyn, NY 11220	40.634668	-74.0241829	0.0583189370256	14	0.0526615148684	4	0.0757813976553	2	4	1.5	1000	873000	33	1955	1915	180	128	104	120	80	88	108	64	36	56	24	344
30732967_zpid	30732967_zpid	11224	2859 W 36th St, Brooklyn, NY 11224	40.575808	-74.001605	0.591286654821	1	0.177992977815	2	1.73182339438	0	3	1	1430	400000	16	3484	1988	47	18	15	35	13	4	20	8	17	14	1	60
30762131_zpid	30762131_zpid	11234	1490 E 48th St, Brooklyn, NY 11234	40.624311	-73.929674	0.175792035706	11	0.233749176315	2	1.79026065383	0	3	1.5	1410	385000	50	2000	1935	24	17	13	20	20	50	30	24	18	5	3	106
29847358_zpid	29847358_zpid	10465	3232 Giegerich Pl, Bronx, NY 10465	40.814994	-73.801136	0.962861217996	0	1.49403443396	0	4.37167764307	0	4	3	2220	520150	100	3476	1950	0	0	0	0	0	1	8	4	2	0	0	10
30581280_zpid	30581280_zpid	11232	850 41st St, Brooklyn, NY 11232	40.645183	-73.997336	0.129778309415	4	0.165496828068	4	0.282776708316	2	17	7	3120	1250000	11	2504	1914	220	124	104	104	100	192	56	48	28	28	20	296
30638468_zpid	30638468_zpid	11207	283 Warwick St, Brooklyn, NY 11207	40.676934	-73.886483	0.145588636903	9	0.279844134957	8	0.369772404842	5	6	3	1980	549000	0	2250	1901	56	23	45	56	35	60	28	16	35	22	8	139
29853003_zpid	29853003_zpid	10471	251 W 254th St, Bronx, NY 10471	40.901887	-73.899474	0.374208560825	4	0.402499762805	3	1.25462733253	0	3	2	2950	435500	145	3125	1930	15	2	4	3	4	18	14	6	15	0	1	24
30763221_zpid	30763221_zpid	11234	1494 E 53rd St, Brooklyn, NY 11234	40.622088	-73.924603	0.0305170847221	11	0.276633028789	1	2.28481166189	0	3	1	1024	342000	36	1800	1925	9	29	6	13	8	44	31	17	17	8	8	118
30664185_zpid	30664185_zpid	11210	801 E 38th St, Brooklyn, NY 11210	40.635762	-73.939941	0.500946928959	1	0.541354715784	1	0.727552139853	1	4	2	1352	475000	9	2000	1930	160	32	184	196	236	140	88	28	92	80	12	488
30579938_zpid	30579938_zpid	11218	619 17th St, Brooklyn, NY 11218	40.656018	-73.978104	0.291644907391	8	0.0954257269302	3	0.534862665104	2	1	1	2970	87500	298	1803	1950	2	11	10	10	5	17	13	16	9	0	2	31
98325829_zpid	98325829_zpid	11216	258 Tompkins Ave, Brooklyn, NY 11216	40.6893922	-73.9450716	0.260792582004	11	0.371834464662	4	0.554449486634	1	3	1	660	80000	65	1875	2012	92	28	41	62	55	13	16	5	21	27	17	109
30681984_zpid	30681984_zpid	11204	1817 66th St, Brooklyn, NY 11204	40.618362	-73.9900399	0.227368060941	10	0.107954871729	5	0.258973126938	2	6	3	2640	1288000	20	2500	1930	70	23	38	60	27	63	43	93	27	14	10	165
30643047_zpid	30643047_zpid	11208	230 Grant Ave, Brooklyn, NY 11208	40.685303	-73.868043	0.297943031742	8	0.0254491241693	5	0.538575352039	3	3	1	1100	220000	17	2500	1899	65	31	44	58	36	56	28	11	41	31	6	154
64633689_zpid	64633689_zpid	11233	218 Mother Gaston Blvd, Brooklyn, NY 11233	40.674042	-73.908676	0.130978434666	7	0.372744583332	5	0.492847270485	6	2	1	3612	392442	126	1924	2003	142	12	73	117	67	30	26	18	36	45	19	122
29833134_zpid	29833134_zpid	10466	909 E 229th St, Bronx, NY 10466	40.888889	-73.85268	0.205314925351	8	0.480683256339	4	0.626291530837	2	5	2	1704	549000	0	6398	1910	125	17	56	50	40	96	22	6	30	24	18	102
30737520_zpid	30737520_zpid	11223	2242 W 7th St, Brooklyn, NY 11223	40.593173	-73.978114	0.405430393636	5	0.0450658151451	2	0.0512629489029	5	3	1	952	588000	0	670	1925	144	68	44	100	44	160	84	144	96	36	20	304
30763108_zpid	30763108_zpid	11234	1543 E 51st St, Brooklyn, NY 11234	40.62277	-73.925982	0.101755553459	8	0.141709794349	1	2.14579468006	0	3	2.5	1168	282000	60	1800	1925	9	32	7	12	7	40	31	19	19	7	8	112
29783239_zpid	29783239_zpid	10459	1281 Union Ave, Bronx, NY 10459	40.830879	-73.898965	0.174642941679	5	0.190873784591	9	0.60599432689	1	3	2	1260	399000	0	1500	1901	140	75	77	89	78	15	11	3	18	38	13	121
30783525_zpid	30783525_zpid	11229	1852 Madison Pl, Brooklyn, NY 11229	40.608556	-73.9392419	0.459957287991	3	0.577316936139	1	1.56970007845	0	3	2	1800	510000	57	2178	1930	3	6	5	14	6	10	13	8	8	1	2	30
30781743_zpid	30781743_zpid	11234	2048 E 61st St, Brooklyn, NY 11234	40.615508	-73.9156749	0.234665866762	6	0.563261996391	1	3.31901820178	0	3	2	1510	480000	31	2000	1960	8	9	8	6	3	25	19	7	18	1	3	66
30791320_zpid	30791320_zpid	11235	174 Norfolk St, Brooklyn, NY 11235	40.579033	-73.939202	0.573216034177	1	1.37113902293	0	1.5376271867	0	2	3	1800	660000	100	2775	1925	2	5	0	6	0	12	12	3	8	1	1	19
30787794_zpid	30787794_zpid	11234	456 Mayfair Dr S, Brooklyn, NY 11234	40.607854	-73.907772	0.983594226373	0	1.05389003027	0	4.17999957949	0	5	4.5	4500	680000	65	3925	1960	2	4	2	6	0	10	7	14	15	4	1	26
29794190_zpid	29794190_zpid	10473	2337 Story Ave, Bronx, NY 10473	40.826257	-73.845028	0.441474126714	1	0.712755956412	1	1.05468312365	0	3	2	1970	345000	20	2570	1965	12	2	2	4	2	12	7	2	5	3	3	21
30639893_zpid	30639893_zpid	11207	416 Van Siclen Ave, Brooklyn, NY 11207	40.669268	-73.889722	0.294234481997	7	0.505153056517	6	0.397385640859	4	7	2	2000	541100	17	1900	1930	548	88	388	416	420	96	152	28	212	188	88	888
30630925_zpid	30630925_zpid	11207	641 Central Ave, Brooklyn, NY 11207	40.687996	-73.90694	0.343816851844	7	0.632841644263	2	0.258810473796	3	1	1	5000	275000	40	2500	1920	129	39	105	132	95	27	27	19	43	51	23	211
30780338_zpid	30780338_zpid	11234	1268 E 69th St, Brooklyn, NY 11234	40.623774	-73.914799	0.464438221904	4	0.764392059436	0	2.77196019624	0	7	5	3562	830000	4	4475	1965	80	16	40	48	24	224	84	100	76	36	28	392
29777705_zpid	29777705_zpid	10455	372 E 155th St, Bronx, NY 10455	40.820268	-73.917073	0.240867932647	5	0.174394167194	10	0.466549999199	2	9	3	4290	335000	40	2482	1920	39	18	14	29	19	12	13	1	6	4	8	108
30613267_zpid	30613267_zpid	11238	168 Saint James Pl, Brooklyn, NY 11238	40.685133	-73.964446	0.22396661058	8	0.264893000503	3	0.262531932755	3	5	3	2220	1100000	7	522720	1901	576	500	336	516	376	156	208	64	164	92	124	780
30730097_zpid	30730097_zpid	11214	8669 26th Ave, Brooklyn, NY 11214	40.595069	-73.986183	0.292470032632	8	0.281555097718	6	0.298365947997	4	6	6	2450	1399000	0	3000	1965	10	6	5	13	4	14	23	22	15	3	4	43
29850661_zpid	29850661_zpid	10464	75 Ditmars St, Bronx, NY 10464	40.849525	-73.789515	0.307079704848	3	3.10452344508	0	3.18656544302	0	4	3	2000	947500	56	14810.400000000001	1958	3	30	2	4	1	2	23	16	4	1	15	44
29847209_zpid	29847209_zpid	10465	278 Pennyfield Ave, Bronx, NY 10465	40.814582	-73.807587	0.770881524322	0	1.02147379897	0	4.0599132253	0	3	1	1900	415000	78	2744	1935	12	20	8	8	0	12	76	32	28	4	16	120
68310670_zpid	68310670_zpid	11208	721 Fountain Ave, Brooklyn, NY 11208	40.662777	-73.868488	0.481921120781	3	0.200521942354	3	1.34436204913	0	6	3	2530	579000	122	2618	2006	18	4	6	10	3	8	22	2	6	5	1	40
30589834_zpid	30589834_zpid	11217	289 Flatbush Ave, Brooklyn, NY 11217	40.6791873	-73.9735946	0.0199715543653	18	0.318112534736	6	0.222501324719	7	2	1	3260	850000	78	2000	1930	44	95	22	29	18	15	50	50	34	8	24	125
30793538_zpid	30793538_zpid	11229	17 Melba Ct, Brooklyn, NY 11229	40.587369	-73.9250471	0.373210299888	2	1.31047824293	0	2.46128582874	0	2	1	576	305000	102	1785	1920	2	3	2	14	0	0	30	10	20	2	4	40
30756639_zpid	30756639_zpid	11229	1663 Burnett St, Brooklyn, NY 11229	40.611129	-73.942641	0.202450670061	3	0.487358042949	1	1.31114048546	0	4	2.5	1296	395000	59	1476	1945	23	3	12	20	8	13	16	14	10	2	2	52
30681202_zpid	30681202_zpid	11204	1629 64th St, Brooklyn, NY 11204	40.622199	-73.993304	0.223943782947	4	0.355258888688	3	0.297592260224	4	5	3	2460	900000	10	1438	1935	35	16	18	38	11	33	39	88	15	8	4	103
30596835_zpid	30596835_zpid	11213	248 Rochester Ave, Brooklyn, NY 11213	40.670249	-73.928467	0.169389303642	10	0.26398965688	6	0.406712429562	1	4	3	2400	490000	27	1600	1901	395	38	225	225	210	44	28	13	40	91	32	324
30658810_zpid	30658810_zpid	11203	150 E 35th St # 8, Brooklyn, NY 11203	40.651718	-73.945124	0.295058323503	3	0.465287079259	5	0.388331660837	2	5	2	3000	425000	30	2000	1931	117	20	75	84	60	67	14	7	24	30	6	115
30622184_zpid	30622184_zpid	11222	92 N Henry St, Brooklyn, NY 11222	40.722526	-73.942752	0.236110376575	12	0.102509057157	1	0.75656238582	0	2	2	2397	870000	36	1700	1910	128	200	72	196	52	60	160	92	116	36	52	620
30733962_zpid	30733962_zpid	11224	4537 Beach 46th St, Brooklyn, NY 11224	40.576155	-74.010694	0.336634822671	1	0.754657269884	0	2.49494788198	0	3	2	1368	489250	2	2700	1965	11	6	3	15	3	0	11	0	5	1	0	14
30721400_zpid	30721400_zpid	11223	1782 W 11th St, Brooklyn, NY 11223	40.603412	-73.983903	0.252711922579	9	0.505012000148	5	0.305380342876	2	3	2	1588	860000	7	2700	1915	66	26	29	18	22	56	22	40	15	8	5	84
30715616_zpid	30715616_zpid	11230	729 E 10th St, Brooklyn, NY 11230	40.631227	-73.967142	0.35563660285	8	0.259010944828	6	0.51342292582	2	4	3	1428	840000	10	1748	1920	90	40	67	51	56	62	51	55	32	18	13	159
30774490_zpid	30774490_zpid	11236	9824 Flatlands Ave, Brooklyn, NY 11236	40.644431	-73.898953	0.261398090426	4	0.698904494429	1	0.348012136211	2	6	2	1800	455000	15	2265	1925	236	36	100	76	72	232	76	32	52	76	36	400
30752190_zpid	30752190_zpid	11210	1081 E 23rd St, Brooklyn, NY 11210	40.624099	-73.952847	0.514959336049	5	0.619219107988	3	0.682341956054	1	4	3.75	2792	1220000	18	3750	1915	7	2	4	6	0	23	16	4	17	0	0	29
30656415_zpid	30656415_zpid	11203	561 E 55th St, Brooklyn, NY 11203	40.643803	-73.924387	0.194082430145	3	0.85960730623	0	1.92985145906	0	4	2.5	1929	418700	3	1800	1940	99	19	19	16	17	22	30	6	8	9	6	80
30580997_zpid	30580997_zpid	11232	3907 7th Ave, Brooklyn, NY 11232	40.648238	-73.999475	0.282255537417	8	0.348546517981	6	0.486011960909	1	2	2	1560	845000	5	1666	1910	316	172	120	124	124	204	84	48	32	40	24	340
30669548_zpid	30669548_zpid	11210	2516 Foster Ave, Brooklyn, NY 11210	40.638259	-73.952893	0.0769156427558	4	0.199461093594	3	0.423665181494	2	4	2	2250	525000	15	1863	1933	131	25	82	73	58	24	21	10	17	38	7	157
30752412_zpid	30752412_zpid	11210	1080 E 28th St, Brooklyn, NY 11210	40.624608	-73.948722	0.161920164054	3	0.373771330912	2	0.920470353038	0	5	3	2028	740000	125	2667	1925	60	7	36	24	23	55	29	11	34	7	4	88
30736966_zpid	30736966_zpid	11223	16 Village Rd E, Brooklyn, NY 11223	40.595937	-73.971959	0.427685085912	4	0.375919485241	4	0.118997927102	4	4	3	2000	1300000	10	6480	1912	184	44	56	120	32	196	80	240	108	20	20	404
30625336_zpid	30625336_zpid	11221	155 Central Ave, Brooklyn, NY 11221	40.6992986	-73.9268998	0.0730511850049	16	0.141266583113	4	0.165873650497	3	3	1	4125	1050000	28	2500	1931	96	42	42	65	39	37	15	13	28	28	16	141
30580973_zpid	30580973_zpid	11232	665 40th St, Brooklyn, NY 11232	40.648554	-74.000479	0.34508265071	7	0.388712619356	6	0.577634736702	2	5	2	2000	998000	19	2003	1910	288	180	104	140	128	184	88	40	36	40	28	336
30740108_zpid	30740108_zpid	11235	2533 E 6th St, Brooklyn, NY 11235	40.5881464	-73.9638834	0.279048777614	7	0.416752606828	2	0.834110471236	0	4	2	2040	640000	10	1900	1920	80	40	36	56	28	148	156	76	56	28	8	228
30738146_zpid	30738146_zpid	11223	2303 E 4th St, Brooklyn, NY 11223	40.5939708	-73.9668703	0.390912293595	4	0.592369809268	1	0.595722272603	1	4	3	2184	875000	3	2000	1955	216	48	44	120	52	128	164	92	72	20	16	288
30601432_zpid	30601432_zpid	11233	13A Dewey Pl, Brooklyn, NY 11233	40.6774424	-73.9180841	0.136520619224	2	0.504521747489	3	0.323521944276	2	3	2.5	1575	749000	0	1455	1910	227	19	139	168	117	36	36	17	59	70	36	224
30670080_zpid	30670080_zpid	11210	638 E 23rd St, Brooklyn, NY 11210	40.634656	-73.955403	0.380737829795	7	0.50779389977	5	0.626087945395	2	1	1	2684	530000	171	4000	1925	69	25	41	42	58	31	16	16	18	18	5	120
29778810_zpid	29778810_zpid	10456	1207 Franklin Ave, Bronx, NY 10456	40.830029	-73.90416	0.167065781183	7	0.179158510682	7	1.03805054106	0	8	3	1304	275000	2	1916	1901	345	21	131	144	110	50	15	13	26	52	26	248
30794474_zpid	30794474_zpid	11229	47 Celeste Ct, Brooklyn, NY 11229	40.5931489	-73.92775	0.149531494187	3	1.02476243027	0	2.3287559199	0	3	2	1200	329000	149	1768	1920	2	5	1	8	1	3	18	4	17	4	4	24
30574942_zpid	30574942_zpid	11232	338 42nd St, Brooklyn, NY 11232	40.651452	-74.009206	0.309723232205	8	0.143575907933	7	0.287789849074	2	2	2	2700	160000	195	1999	1899	55	40	24	31	30	10	49	18	16	10	4	104
30786927_zpid	30786927_zpid	11234	2037 E 53rd Pl, Brooklyn, NY 11234	40.611779	-73.921933	0.493648707406	3	1.22026700927	0	3.05198740746	0	4	3	1330	585000	6	1983	1960	11	6	8	10	7	30	23	15	15	4	6	93
30783231_zpid	30783231_zpid	11234	2404 E 70th St, Brooklyn, NY 11234	40.614172	-73.902749	0.7542245182	0	0.658426320379	1	3.61667726938	0	3	1.5	1440	355000	39	2483	1984	0	12	2	7	0	5	18	9	13	1	3	43
30585105_zpid	30585105_zpid	11215	392 10th St, Brooklyn, NY 11215	40.668095	-73.986332	0.0844562612063	19	0.124205465293	3	0.348594711322	4	8	4	2166	100000	17	1675	1920	364	404	124	292	92	152	264	128	140	88	116	1100
30580700_zpid	30580700_zpid	11218	21 Terrace Pl, Brooklyn, NY 11218	40.653896	-73.980865	0.397182045241	8	0.424852675685	3	0.627379418608	1	3	3	1530	1450000	11	1700	1940	4	44	32	32	16	60	52	72	28	0	8	116
29847798_zpid	29847798_zpid	10465	1024 Brinsmade Ave, Bronx, NY 10465	40.829695	-73.83076	0.347638580648	2	0.705013884652	1	1.53492694051	0	3	2	1908	368740	55	3200	1950	8	10	6	7	3	9	18	14	5	1	5	33
30637167_zpid	30637167_zpid	11207	78 Barbey St, Brooklyn, NY 11207	40.681197	-73.889984	0.285415381748	5	0.251346720318	4	0.404586303719	2	6	2	1672	390000	21	2140	1920	89	34	61	68	50	62	43	33	43	25	9	131
30573666_zpid	30573666_zpid	11215	228 17th St, Brooklyn, NY 11215	40.663754	-73.991853	0.0471113043743	13	0.525051972909	4	0.203840879224	2	4	3	3408	2300000	0	2003	1899	52	56	17	46	24	34	56	13	25	15	11	166
30602557_zpid	30602557_zpid	11221	293 Van Buren St, Brooklyn, NY 11221	40.691207	-73.935221	0.388234055975	10	0.544748757637	6	0.590703939742	2	3	1	2418	489000	19	1783	1899	176	40	93	129	101	41	29	14	36	50	44	226
30598864_zpid	30598864_zpid	11233	1800 Saint Johns Pl, Brooklyn, NY 11233	40.669632	-73.917859	0.42089733138	6	0.317942076008	3	0.680551113737	1	11	3	3150	360000	29	1600	1920	150	13	80	72	54	12	9	7	19	28	10	99
30614869_zpid	30614869_zpid	11205	23 N Elliott Pl, Brooklyn, NY 11205	40.69745	-73.977221	0.435484712161	5	0.539189333743	2	0.912957881263	0	6	5	2636	1865000	0	17	1899	14	8	4	11	13	21	4	18	0	8	5	40
