29845780_zpid	29845780_zpid	10465	923 Vincent Ave, Bronx, NY 10465	40.832881	-73.820089	0.217406612839	4	0.257705543488	2	1.83401033597	0	3	2	1836	425000	2	2381	1960	24	24	16	52	28	60	112	104	56	16	20	168
30732745_zpid	30732745_zpid	11224	3832 Lyme Ave, Brooklyn, NY 11224	40.576965	-74.006933	0.403724435663	2	0.42666755118	1	2.17354391619	0	5	3	5234	625000	20	6000	1995	124	56	36	132	32	16	80	8	60	20	8	168
30732248_zpid	30732248_zpid	11224	3713 Polar St, Brooklyn, NY 11224	40.580432	-74.004469	0.546192413271	1	0.401575982236	1	1.98492918718	0	3	2	1520	160000	194	1520	1983	38	9	7	22	11	2	11	2	10	7	2	34
29845967_zpid	29845967_zpid	10465	3240 Barkley Ave, Bronx, NY 10465	40.833695	-73.818634	0.193008298009	2	0.227315386629	1	1.87090793515	0	2	2	1512	436205	2	2670	1920	5	5	5	11	6	14	23	23	12	4	3	40
29776765_zpid	29776765_zpid	10454	423 E 135th St, Bronx, NY 10454	40.806973	-73.923209	0.343356480626	4	0.2568565974	4	0.336816825657	2	10	3.5	3008	450000	10	1663	1901	172	25	93	111	92	12	12	12	29	33	17	178
30571343_zpid	30571343_zpid	11201	88 Wyckoff St APT J, Brooklyn, NY 11201	40.6857241	-73.9905556	0.114064140844	15	0.456920762072	3	0.0535190188663	5	2	2	1750	92500	17	11761.2	1903	160	240	36	172	28	76	124	108	60	24	24	540
29782912_zpid	29782912_zpid	10456	1389 Clinton Ave, Bronx, NY 10456	40.83374	-73.899395	0.1626997868	6	0.30483189776	6	0.752190829966	0	7	2	1770	399000	61	1769	1901	203	17	72	96	45	22	9	9	13	27	14	134
30710898_zpid	30710898_zpid	11214	1835 84th St, Brooklyn, NY 11214	40.607918	-74.000178	0.174341599815	12	0.170071430434	9	0.131730139148	3	8	6	3430	1499000	0	3325	1970	109	20	35	44	23	53	50	40	30	15	4	175
30756559_zpid	30756559_zpid	11234	1520 E 38th St, Brooklyn, NY 11234	40.618303	-73.938851	0.560146152819	3	0.149867174888	4	1.73795872677	0	3	2	1504	530000	20	1900	1925	104	52	68	88	40	160	108	92	112	24	12	404
30623341_zpid	30623341_zpid	11211	259 Manhattan Ave, Brooklyn, NY 11211	40.712499	-73.946	0.143229835428	13	0.109400092189	4	0.282635456147	5	4	3	1449	1380000	9	1500	1920	37	104	24	53	29	35	48	9	18	13	16	193
30583873_zpid	30583873_zpid	11215	326 4th St, Brooklyn, NY 11215	40.671618	-73.98313	0.151049387089	16	0.346004841514	6	0.445034604093	4	5	3	2940	2351100	31	1667	1899	236	312	104	188	104	108	248	172	128	60	92	916
29830571_zpid	29830571_zpid	10469	3143 Mickle Ave, Bronx, NY 10469	40.872683	-73.8432799	0.380232011106	6	0.584426413499	1	0.437930406581	1	3	2	1531	451500	11	2053	1950	48	11	35	30	19	42	30	10	33	17	8	81
29783398_zpid	29783398_zpid	10459	808 Freeman St, Bronx, NY 10459	40.830091	-73.897902	0.282753022171	5	0.304729805687	10	0.510893812606	1	2	1	2700	475000	128	1812	1901	167	80	87	112	93	20	16	4	22	44	18	147
30652924_zpid	30652924_zpid	11203	361 E 51st St, Brooklyn, NY 11203	40.652956	-73.929207	0.166056759799	9	0.186610860324	3	1.42339809405	0	5	2	1800	369000	0	2000	1910	241	26	96	96	106	78	38	8	37	43	19	211
30736810_zpid	30736810_zpid	11223	2145 W 7th St, Brooklyn, NY 11223	40.5952836	-73.9781019	0.186748504277	8	0.172849565865	2	0.258951538593	4	3	2	1533	520000	32	1550	1925	136	56	28	108	40	180	96	136	100	16	32	324
30612754_zpid	30612754_zpid	11238	350 Lafayette Ave, Brooklyn, NY 11238	40.688469	-73.961371	0.309966459735	11	0.300280696863	6	0.118668834791	3	3	1	4224	374000	170	1875	1899	78	75	39	64	30	15	29	14	30	11	16	103
30733258_zpid	30733258_zpid	11224	2832 W 25th St, Brooklyn, NY 11224	40.57739	-73.992792	0.549082389349	1	0.305468664091	4	0.977322902918	0	2	1.5	1120	118500	313	1663	1989	62	17	38	36	27	3	15	3	17	17	6	92
30770446_zpid	30770446_zpid	11236	1161 E 84th St, Brooklyn, NY 11236	40.633105	-73.905213	0.616775912018	6	0.688773348119	2	1.53478706565	0	4	3	1880	485000	14	2200	1960	192	36	80	120	36	288	124	36	104	28	40	308
30592687_zpid	30592687_zpid	11216	5 Saint Francis Pl, Brooklyn, NY 11216	40.6719269	-73.956264	0.0864148055813	13	0.519620747409	5	0.209888563229	6	2	1	900	910000	52	1810	1910	572	136	352	392	332	68	80	24	92	128	76	520
64592108_zpid	64592108_zpid	11233	1636 Prospect Pl, Brooklyn, NY 11233	40.672575	-73.922387	0.404118490417	5	0.318568806773	3	0.690076088834	1	5	3	2934	585000	4	1603	2004	230	28	125	108	106	17	19	5	35	42	17	164
30682154_zpid	30682154_zpid	11204	2125 66th St, Brooklyn, NY 11204	40.614343	-73.983421	0.267664366532	12	0.153179199596	6	0.303856766614	2	4	2	1440	750000	21	2400	1925	91	31	33	51	50	69	34	37	25	8	5	153
30731281_zpid	30731281_zpid	11223	2434 Stillwell Ave, Brooklyn, NY 11223	40.58797	-73.983974	0.0658181097563	4	0.584884669393	2	0.0985558875884	2	3	1	2000	660000	9	1999	1928	6	6	4	4	5	10	2	3	6	2	0	8
29792025_zpid	29792025_zpid	10473	542 Bolton Ave, Bronx, NY 10473	40.816746	-73.857788	0.565648548763	2	0.549458478774	1	1.84023705204	0	3	2	1290	130000	31	2309	1925	31	7	7	29	9	27	13	14	16	9	7	68
29850484_zpid	29850484_zpid	10464	103 Carroll St, Bronx, NY 10464	40.8458789	-73.786601	0.197304680278	3	3.0929263713	0	3.49862579349	0	4	2	1602	419021	0	1711	1960	68	76	24	28	12	4	148	36	28	8	124	188
29778333_zpid	29778333_zpid	10452	1018 Woodycrest Ave, Bronx, NY 10452	40.832982	-73.927367	0.263850947349	4	0.318318423004	5	0.574888690466	2	9	3	2871	525000	0	2500	1905	450	52	194	206	210	34	20	6	81	81	33	340
30789229_zpid	30789229_zpid	11235	2926 Brighton 5th St, Brooklyn, NY 11235	40.5804145	-73.9636818	0.31831725987	7	0.302065881761	7	0.367474272149	2	2	1	1600	300000	35	1600	1940	472	232	276	388	172	292	204	108	172	100	104	1012
30598115_zpid	30598115_zpid	11233	2311 Pacific St, Brooklyn, NY 11233	40.675636	-73.909056	0.209043202268	7	0.207337008107	4	0.349362855323	6	5	3	1960	170000	169	1250	1901	186	18	111	158	107	37	29	19	49	65	30	171
30671213_zpid	30671213_zpid	11218	608 Vanderbilt St, Brooklyn, NY 11218	40.653431	-73.975718	0.0862655826156	6	0.401587740398	1	0.405186617325	1	6	3	1761	675000	57	1560	1900	10	22	13	18	11	22	18	25	17	1	4	53
29787595_zpid	29787595_zpid	10458	346 E 194th St, Bronx, NY 10458	40.863819	-73.891169	0.411605987894	10	0.0855189478135	9	0.267214217362	5	6	3	2466	424000	32	1481	1910	545	64	222	234	284	29	19	4	77	76	26	386
30783493_zpid	30783493_zpid	11229	1827 Burnett St, Brooklyn, NY 11229	40.608816	-73.9400129	0.449521899871	3	0.565809622271	1	1.50456593148	0	3	4	2000	673500	45	2178	1935	15	6	7	17	7	11	14	9	10	2	2	41
29827401_zpid	29827401_zpid	10467	850 E 222nd St, Bronx, NY 10467	40.883889	-73.856878	0.229615822755	6	0.450880594599	2	0.491198733602	2	6	1	2440	490000	110	2613	1925	77	4	42	56	41	45	8	1	17	28	4	78
30642071_zpid	30642071_zpid	11208	121 Richmond St, Brooklyn, NY 11208	40.684569	-73.876853	0.0535135123771	8	0.35696883067	3	0.300836986231	3	7	5	2096	600000	23	2500	1920	89	36	57	69	47	54	37	14	52	33	10	176
30694347_zpid	30694347_zpid	11228	7201 10th Ave, Brooklyn, NY 11228	40.6257639	-74.0121	0.245732214133	5	0.235196422063	5	0.846644805676	0	7	4	2870	980000	3	2000	1940	10	7	5	21	3	43	31	31	10	3	1	68
29796188_zpid	29796188_zpid	10472	1014 Virginia Ave, Bronx, NY 10472	40.826885	-73.858583	0.135146039032	5	0.138622548921	5	0.730505639245	1	5	1	1004	523000	11	4734	1925	52	8	25	28	30	38	22	10	34	13	8	56
30699591_zpid	30699591_zpid	11228	8502 10th Ave, Brooklyn, NY 11228	40.618695	-74.020199	0.470539633906	5	0.497949088167	2	0.823056914547	0	7	3	2320	1345000	10	2500	1920	17	2	9	9	6	16	34	13	15	3	2	31
30773503_zpid	30773503_zpid	11236	1036 E 92nd St, Brooklyn, NY 11236	40.643578	-73.907859	0.0598534508575	6	0.865854058509	0	0.612254445889	1	6	3	2224	535000	22	3234	1920	180	36	108	96	64	276	152	32	56	88	32	480
29829874_zpid	29829874_zpid	10469	3332 Eastchester Rd, Bronx, NY 10469	40.875624	-73.845256	0.19342616318	6	0.239619004825	2	0.685434685876	1	6	2	2643	348075	3	2178	1930	58	13	42	56	37	34	29	11	33	17	11	116
30600584_zpid	30600584_zpid	11233	29A Macdougal St, Brooklyn, NY 11233	40.6792522	-73.9212451	0.373256574407	3	0.223224046499	1	0.0615155791914	1	6	4	3000	1330000	12	1500	1901	176	38	110	134	95	33	28	14	58	70	28	221
30791112_zpid	30791112_zpid	11235	176 Irwin St, Brooklyn, NY 11235	40.578501	-73.943933	0.74939919739	1	1.23742396854	0	1.27286687854	0	4	4	3406	47500	9	8000	1940	17	6	3	11	3	10	21	8	15	1	1	28
30756003_zpid	30756003_zpid	11234	1527 Marine Pkwy, Brooklyn, NY 11234	40.61472	-73.943914	0.222361617276	2	0.442242003918	3	1.3476833056	0	3	2	1881	600000	5	1825	1940	6	4	3	9	3	17	11	11	17	3	1	50
30709680_zpid	30709680_zpid	11214	2236 81st St, Brooklyn, NY 11214	40.604014	-73.99008	0.399936009452	9	0.351760544726	7	0.392636900176	2	5	3.5	2240	690000	47	3500	1920	436	68	128	208	156	272	180	152	80	44	32	600
29813121_zpid	29813121_zpid	10462	826 Kinsella St, Bronx, NY 10462	40.845317	-73.861213	0.183782918803	9	0.194246512526	4	0.724476333687	1	3	2	1656	340000	19	862	1970	167	26	54	72	44	73	38	22	29	26	11	136
30716970_zpid	30716970_zpid	11230	1307 E 4th St, Brooklyn, NY 11230	40.618704	-73.971489	0.459978547033	6	0.197580787661	3	0.393176250366	2	3	1.5	1261	810000	15	2000	1920	156	40	44	76	56	112	144	76	88	16	20	212
30762338_zpid	30762338_zpid	11234	1427 E 52nd St, Brooklyn, NY 11234	40.624773	-73.925243	0.302280196732	11	0.184548848662	1	2.09445764728	0	3	2	1419	415000	10	2167	1940	10	18	16	11	9	59	28	25	17	6	9	92
30625238_zpid	30625238_zpid	11221	36 Ditmars St, Brooklyn, NY 11221	40.6969797	-73.9328117	0.0726430918873	15	0.298244669211	6	0.241469308066	3	3	1	1100	900000	40	2395	1931	71	71	27	52	43	27	22	14	17	26	20	132
30789622_zpid	30789622_zpid	11235	3025 Brighton 6th St, Brooklyn, NY 11235	40.578987	-73.961677	0.146478394432	9	0.158137393735	5	0.151023985172	2	7	4	3290	233000	306	2500	1899	828	284	288	400	248	308	216	112	192	128	116	1168
64640209_zpid	64640209_zpid	11201	85 Water St, Brooklyn, NY 11201	40.7034082	-73.991205	0.183590547501	9	0.661285333519	1	0.437506993295	3	2	1	889	253700	66	1262	1900	3	48	6	17	6	19	22	20	6	2	5	79
30775269_zpid	30775269_zpid	11236	1318 E 95th St, Brooklyn, NY 11236	40.639283	-73.899067	0.295682420561	6	0.271826382198	2	0.853544613196	0	5	3	1600	285000	9	2200	1925	50	19	22	27	16	54	26	13	16	17	7	91
30590223_zpid	30590223_zpid	11238	142 Underhill Ave, Brooklyn, NY 11238	40.676374	-73.966516	0.138281047589	14	0.232679561283	5	0.385248965822	3	1	1	3248	1300000	105	1783	1931	208	153	77	98	97	28	45	36	47	40	12	239
30740440_zpid	30740440_zpid	11235	5 Banner 3rd Ter, Brooklyn, NY 11235	40.581543	-73.966212	0.164994024904	10	0.525040478223	7	0.60039927555	3	2	1	1923	240000	8	3346	1930	38	27	36	61	21	50	33	19	26	8	16	122
30662656_zpid	30662656_zpid	11203	608 E 42nd St, Brooklyn, NY 11203	40.6403729	-73.937211	0.332778407845	3	0.95553880333	0	0.947152298943	0	3	2.5	1728	395000	86	2000	1930	50	12	13	19	16	42	22	6	20	14	3	92
29834905_zpid	29834905_zpid	10466	3697 Secor Ave, Bronx, NY 10466	40.886635	-73.832748	0.345587405221	1	0.287806137645	2	0.24555901909	1	3	3	1248	420000	2	2857	1925	32	10	12	14	1	22	16	13	16	5	3	56
30634853_zpid	30634853_zpid	11207	474 Miller Ave, Brooklyn, NY 11207	40.668762	-73.890516	0.208438238114	8	0.438271578911	6	0.39256900815	4	5	2.5	2000	479000	136	2000	2004	155	22	111	118	125	24	45	7	51	54	20	229
30615551_zpid	30615551_zpid	11217	30 S Portland Ave, Brooklyn, NY 11217	40.688675	-73.975207	0.147874144968	9	0.187969420932	2	0.155374871835	8	5	5	5500	3010000	101	2000	1901	35	49	20	23	9	8	22	19	14	10	9	93
30781187_zpid	30781187_zpid	11234	1539 E 59th St, Brooklyn, NY 11234	40.616194	-73.917596	0.110711360113	7	0.701320216913	1	3.14270197124	0	3	3	1296	459000	0	1900	1960	52	36	36	28	44	116	88	48	80	12	20	408
64634849_zpid	64634849_zpid	11214	8632 26th Ave, Brooklyn, NY 11214	40.596002	-73.985973	0.190786261484	10	0.192215412088	6	0.202811186243	3	9	6	3194	1170000	28	1912	2002	11	6	6	11	5	19	21	15	12	3	2	39
30722910_zpid	30722910_zpid	11223	1865 W 7th St, Brooklyn, NY 11223	40.6018049	-73.9793106	0.158300055677	7	0.384809085418	4	0.251707864127	3	4	2	1748	195000	206	2350	1920	248	112	156	100	104	380	128	260	84	48	20	380
30768792_zpid	30768792_zpid	11236	736 E 88th St, Brooklyn, NY 11236	40.639925	-73.908558	0.1527083169	6	0.483789317142	2	0.939225467053	0	4	3	2522	431500	13	2400	1910	47	9	26	23	12	86	34	13	20	15	10	122
29783181_zpid	29783181_zpid	10460	1820 Waterloo Pl, Bronx, NY 10460	40.84017	-73.8875542	0.340065346822	11	0.293852913876	4	0.321179933349	2	4	1	1193	285000	43	1625	1910	209	26	111	111	98	18	20	3	30	31	17	183
30636503_zpid	30636503_zpid	11207	38 Crosby Ave, Brooklyn, NY 11207	40.682344	-73.894038	0.327006053928	3	0.262243503058	3	0.547656480826	2	3	2	1355	315000	48	2900	1925	65	27	42	40	28	46	28	34	23	16	7	93
29849349_zpid	29849349_zpid	10465	282 Brinsmade Ave, Bronx, NY 10465	40.81688	-73.820873	0.424776342243	1	0.382473417205	1	3.10181458238	0	2	1	960	336000	0	1598	1950	13	15	11	5	7	25	20	11	14	8	8	55
29828317_zpid	29828317_zpid	10469	1048 E 218th St, Bronx, NY 10469	40.879483	-73.853347	0.477335601678	8	0.565637164889	2	0.925595179663	0	2	1	992	290000	7	1746	1960	105	20	55	75	61	66	11	8	34	22	11	109
30784885_zpid	30784885_zpid	11234	1926 E 34th St, Brooklyn, NY 11234	40.609777	-73.934274	0.363421272881	2	0.529424249758	1	1.99324811078	0	3	2	1176	575000	2	1800	1930	1	10	3	4	2	10	20	22	28	1	2	35
30652973_zpid	30652973_zpid	11203	214 E 54th St, Brooklyn, NY 11203	40.6535719	-73.926967	0.126356771238	8	0.109679540914	3	1.25580993333	0	5	4	5000	610000	65	3998	1910	213	28	89	84	93	77	38	13	30	38	17	202
30597129_zpid	30597129_zpid	11213	1150 Eastern Pkwy, Brooklyn, NY 11213	40.668293	-73.930286	0.0361623236252	15	0.206377505279	7	0.234121671486	2	2	2	2856	430000	26	2371	1901	2400	240	1112	1044	980	176	140	56	220	412	180	1472
30592520_zpid	30592520_zpid	11216	876 Sterling Pl, Brooklyn, NY 11216	40.672258	-73.949535	0.0854823356155	12	0.0530382240289	3	0.298341598142	6	6	3	2388	1225000	16	784080	1901	279	65	152	172	159	16	27	5	42	56	28	231
30714029_zpid	30714029_zpid	11214	200 Bay 17th St, Brooklyn, NY 11214	40.603732	-74.007906	0.0785348705844	8	0.10761229874	5	0.702000679436	1	7	6	3484	850000	127	2417	1930	26	22	15	31	6	38	24	51	19	2	4	92
30582351_zpid	30582351_zpid	11217	107 Saint Johns Pl, Brooklyn, NY 11217	40.677334	-73.975742	0.257702768898	16	0.28105260596	6	0.294909488872	4	4	3	2512	3261000	12	1650	1899	62	96	16	33	25	26	59	47	34	13	21	143
30765200_zpid	30765200_zpid	11234	1730 E 46th St, Brooklyn, NY 11234	40.618127	-73.930978	0.216675376025	9	0.582973416493	2	2.15947849786	0	3	2	1632	550000	0	2000	1925	10	55	1	11	5	36	30	21	11	8	0	132
29813699_zpid	29813699_zpid	10462	1566 Paulding Ave, Bronx, NY 10462	40.844589	-73.852093	0.195503635679	8	0.492358103517	2	0.927421261438	0	6	3	1836	549000	109	1799	1955	11	6	4	10	4	18	13	10	14	5	2	37
30606728_zpid	30606728_zpid	11206	151 Hopkins St, Brooklyn, NY 11206	40.699692	-73.946257	0.105756308328	10	0.401275538847	7	0.329759104527	5	5	2	1	491500	53	1900	1995	69	31	27	44	25	36	29	28	21	14	17	160
30662063_zpid	30662063_zpid	11203	776 E 45th St, Brooklyn, NY 11203	40.642249	-73.9345	0.0908032667488	7	0.921178865358	0	1.2022033902	0	3	2	1282	375000	11	2000	1908	104	36	48	72	40	176	100	40	80	44	8	388
30788187_zpid	30788187_zpid	11234	49 Barlow Dr N, Brooklyn, NY 11234	40.610729	-73.905004	0.800456695347	0	0.814803864369	0	4.00802033597	0	4	3	2632	875000	21	5733	1960	0	36	4	16	0	16	40	16	40	8	0	128
64818800_zpid	64818800_zpid	10456	1325 Clinton Ave, Bronx, NY 10456	40.832188	-73.900533	0.137597291016	5	0.116956209105	7	0.767095233436	0	6	4.5	4068	490000	29	2863	2003	240	19	94	132	76	37	10	9	16	38	20	192
30611366_zpid	30611366_zpid	11216	289 Herkimer St, Brooklyn, NY 11216	40.679528	-73.943644	0.26484150558	9	0.0685358676963	7	0.239230586649	3	8	6	3200	7500	42	2000	1905	241	84	109	166	112	38	40	22	55	57	32	240
