30636545_zpid	30636545_zpid	11207	165 Sunnyside Ave, Brooklyn, NY 11207	40.682305	-73.891333	0.352753087281	2	0.257423699302	4	0.504300061183	2	4	3	2453	195000	171	3176	1910	69	28	42	43	30	54	38	34	31	14	7	93
30601068_zpid	30601068_zpid	11233	71 Mother Gaston Blvd, Brooklyn, NY 11233	40.679228	-73.908029	0.33199780844	5	0.318218067948	4	0.245623802845	8	9	3.5	3066	490000	131	1799	1910	196	20	132	164	114	37	34	14	48	73	25	176
30733967_zpid	30733967_zpid	11224	4412 Beach 44th St, Brooklyn, NY 11224	40.5752293	-74.0101771	0.442024512766	1	0.738578229497	1	2.45941320859	0	4	2.5	2420	630000	9	3015	1930	44	20	12	68	12	0	48	0	16	8	0	64
30631364_zpid	30631364_zpid	11207	34 Marginal St W, Brooklyn, NY 11207	40.678813	-73.89824	0.216512328417	3	0.461930623991	2	0.205703817898	9	5	2	1900	350100	8	2500	1910	212	56	124	112	72	116	120	112	76	76	20	424
68310684_zpid	68310684_zpid	11203	393 E 49th St, Brooklyn, NY 11203	40.652383	-73.931167	0.0972824858743	6	0.124812479295	3	1.55121684207	0	6	5	2200	749000	0	1100	2004	229	22	93	88	106	75	38	8	40	45	19	207
30783088_zpid	30783088_zpid	11234	2376 E 72nd St, Brooklyn, NY 11234	40.615465	-73.901747	0.776111128416	0	0.677091609098	1	3.4719545028	0	3	2.5	1729	640000	11	2558	1965	8	52	8	24	0	16	72	36	44	4	12	184
29781590_zpid	29781590_zpid	10457	1695 Clay Ave, Bronx, NY 10457	40.844125	-73.9051999	0.334589618029	8	0.155056689819	5	0.460247748544	4	5	3.5	1904	390000	2	1812	1901	331	74	207	234	209	27	24	13	55	60	26	254
30788901_zpid	30788901_zpid	11234	612 Mayfair Dr S, Brooklyn, NY 11234	40.610356	-73.912795	0.740754878982	2	0.817834408793	0	3.80924262024	0	7	5	2120	899000	0	2500	1960	2	5	2	6	3	19	5	22	19	2	1	30
30652567_zpid	30652567_zpid	11212	9113 Kings Hwy, Brooklyn, NY 11212	40.6560846	-73.9218178	0.0993585250905	10	0.288239395195	3	0.756397486471	0	3	2	1923	331000	32	36	1950	317	16	144	159	115	65	10	6	23	49	19	208
30586191_zpid	30586191_zpid	11215	555 4th Ave, Brooklyn, NY 11215	40.666154	-73.991747	0.132165305073	14	0.388641751953	4	0.125736218695	3	2	2	2700	2200000	12	1800	1899	67	64	25	57	26	31	55	12	31	20	10	187
29787440_zpid	29787440_zpid	10463	3902 Orloff Ave, Bronx, NY 10463	40.884046	-73.895027	0.257453941062	4	0.215776631924	2	0.496588668004	2	2	2	1995	569000	0	3724	1920	506	14	47	68	51	23	31	19	21	16	14	108
30625482_zpid	30625482_zpid	11237	307 Knickerbocker Ave, Brooklyn, NY 11237	40.7017835	-73.9231599	0.089147369461	12	0.244129858954	5	0.453113331677	4	2	1	6500	1450000	35	2500	1931	258	128	173	226	185	51	28	9	78	99	39	380
30774125_zpid	30774125_zpid	11236	760 E 102nd St, Brooklyn, NY 11236	40.646322	-73.8975449	0.313613190492	6	0.22080172984	2	0.365494546408	2	3	3	1540	529989	118	2000	1955	192	28	88	76	44	164	76	28	56	56	32	388
30774300_zpid	30774300_zpid	11236	1205 E 93rd St, Brooklyn, NY 11236	40.641197	-73.902892	0.326218210832	9	0.651912923813	1	0.613813305748	1	4	2	5125	330000	68	2232450.0	1920	52	10	21	22	17	57	28	9	16	15	8	92
30608673_zpid	30608673_zpid	11216	315 Nostrand Ave, Brooklyn, NY 11216	40.68751	-73.950745	0.215181436685	12	0.206813193844	4	0.281052394645	1	3	3	4320	80000	324	1560	1931	149	78	91	123	82	36	34	16	44	54	39	243
30602931_zpid	30602931_zpid	11221	850 Greene Ave, Brooklyn, NY 11221	40.690123	-73.934101	0.492145722344	9	0.511367722446	6	0.572317168531	1	7	4	2	10000	29	2000	1981	202	37	106	156	108	50	28	15	36	57	48	248
30745534_zpid	30745534_zpid	11229	2261 E 13th St, Brooklyn, NY 11229	40.595007	-73.957302	0.0736197364086	13	0.232128295468	7	0.182919340374	2	3	1	1494	870000	19	4000	1925	76	18	11	19	17	35	18	17	9	5	4	86
30694422_zpid	30694422_zpid	11209	7310 Colonial Rd, Brooklyn, NY 11209	40.633876	-74.0329859	0.120788811575	8	0.52175907051	2	0.781451327067	0	3	2.5	2650	1270000	29	3998	1925	472	28	68	116	96	180	140	388	80	32	12	356
30624000_zpid	30624000_zpid	11211	216 Withers St, Brooklyn, NY 11211	40.717387	-73.942725	0.020457439924	9	0.383106781043	4	0.333528666401	3	2	1	1000	850000	3	1000	1910	56	232	52	148	60	100	152	32	100	36	64	488
29826978_zpid	29826978_zpid	10467	764 E 222nd St, Bronx, NY 10467	40.884745	-73.859505	0.180425726214	5	0.246160628322	1	0.288267134479	2	4	3	2700	420000	17	4479	1910	108	9	53	76	66	58	10	3	25	32	5	110
29777675_zpid	29777675_zpid	10456	456 E 168th St, Bronx, NY 10456	40.8313694	-73.9073166	0.214071545483	7	0.177420557716	8	0.913344184562	0	6	3.5	2820	435000	24	1065	1920	368	21	158	171	158	34	23	15	42	69	34	270
55677114_zpid	55677114_zpid	11207	521 Williams Ave, Brooklyn, NY 11207	40.663098	-73.897215	0.658083238182	2	0.263093382244	9	0.26010090082	4	5	2	1296	312000	72	2600	2000	184	12	96	100	112	25	42	12	25	36	11	186
30756100_zpid	30756100_zpid	11234	1554 E 32nd St, Brooklyn, NY 11234	40.614907	-73.9424389	0.268435513999	2	0.352553415434	3	1.46457760101	0	4	3.5	1600	733000	19	2500	1930	10	10	6	11	3	24	17	14	23	4	3	61
30736949_zpid	30736949_zpid	11223	320 Avenue U, Brooklyn, NY 11223	40.596868	-73.972264	0.393827187545	4	0.427496911721	4	0.128707887764	4	2	2	2600	695000	31	1590	1931	23	17	7	31	6	43	28	56	27	2	5	95
30761481_zpid	30761481_zpid	11234	2010 Ralph Ave, Brooklyn, NY 11234	40.628454	-73.918558	0.436749576115	3	0.161237266259	2	2.46916403563	0	7	3	3902	553000	146	2100	1975	20	9	18	12	10	35	13	22	12	15	3	71
29843332_zpid	29843332_zpid	10465	3195 Parsifal Pl, Bronx, NY 10465	40.839521	-73.821312	0.528018879879	2	0.488605924318	2	1.24782602245	0	3	1.5	1280	485000	26	2500	1930	4	11	8	2	5	4	29	15	9	2	2	34
30777439_zpid	30777439_zpid	11236	1264 E 101st St, Brooklyn, NY 11236	40.639338	-73.8909879	0.385986582451	7	0.285804100676	2	1.22680943075	0	3	2	1636	440000	11	4000	1955	31	8	26	22	5	26	14	13	13	10	2	68
30697214_zpid	30697214_zpid	11209	8016 Narrows Ave, Brooklyn, NY 11209	40.62968	-74.037652	0.717622993965	4	0.715598963119	1	1.02582937601	0	5	4.5	3500	2300000	3	4325	1930	2	6	0	4	0	6	20	15	7	0	1	30
30633907_zpid	30633907_zpid	11207	112 Miller Ave, Brooklyn, NY 11207	40.678576	-73.893024	0.101224462831	6	0.09932477519	5	0.148233440642	5	7	3	2128	500000	3	2000	1901	115	39	85	92	61	81	47	36	44	34	13	171
29843137_zpid	29843137_zpid	10465	3120 Connell Pl, Bronx, NY 10465	40.840901	-73.824965	0.540983645809	1	0.434421268608	2	0.918006028723	0	1	1	1318	450000	27	3920	1955	1	4	4	1	0	1	23	5	4	1	1	16
30739110_zpid	30739110_zpid	11223	50 Lancaster Ave, Brooklyn, NY 11223	40.592592	-73.96262	0.386818151156	15	0.634436916108	1	0.696291658691	1	5	3	2252	1100000	0	2733	1940	124	40	24	60	40	92	120	56	40	12	4	168
30781640_zpid	30781640_zpid	11234	2071 E 57th St, Brooklyn, NY 11234	40.613481	-73.917609	0.229386328146	6	0.80924146088	0	3.32888352297	0	8	5	3366	395000	166	2267	1970	11	9	9	7	6	30	15	12	13	5	3	60
30638546_zpid	30638546_zpid	11208	323 Shepherd Ave, Brooklyn, NY 11208	40.677191	-73.881265	0.316620486601	9	0.368236382465	4	0.343511732114	3	9	3	2820	295000	86	2000	1930	142	22	72	97	75	40	46	24	34	38	12	196
30624588_zpid	30624588_zpid	11206	266 Boerum St, Brooklyn, NY 11206	40.7063052	-73.9368722	0.315535440317	9	0.425369642917	2	0.297690488484	3	5	3	2200	975000	35	2175	1920	45	103	28	25	17	20	29	11	15	10	8	101
30722734_zpid	30722734_zpid	11223	122 Highlawn Ave, Brooklyn, NY 11223	40.60295	-73.981488	0.215931121058	7	0.360739666687	1	0.144685588382	3	7	3	3120	872600	17	1800	1920	328	104	176	96	136	308	120	196	96	48	28	408
30756423_zpid	30756423_zpid	11234	1514 E 36th St, Brooklyn, NY 11234	40.617441	-73.94038	0.471509778869	3	0.0268435864578	4	1.60721728884	0	3	2.5	2400	500000	23	2400	1935	24	14	16	20	6	31	22	17	26	6	3	96
30650136_zpid	30650136_zpid	11208	709 Cozine Ave, Brooklyn, NY 11208	40.662416	-73.867079	0.563542358285	1	0.261770702195	3	1.46989502586	0	3	1.5	1120	325000	47	1800	1970	19	4	6	8	2	7	21	3	5	4	1	42
30760409_zpid	30760409_zpid	11210	1236 E 39th St, Brooklyn, NY 11210	40.626591	-73.9386169	0.347038343313	3	0.753188485363	0	1.03182435751	0	4	1	1400	464000	25	2000	1910	79	10	37	40	29	51	41	19	23	16	12	94
30740557_zpid	30740557_zpid	11235	2811 Brighton 6th St, Brooklyn, NY 11235	40.582715	-73.962773	0.119777625774	9	0.284366047597	5	0.576240025979	1	6	3	2916	510000	58	2225	1930	336	136	136	232	96	272	204	132	112	64	88	644
30607135_zpid	30607135_zpid	11206	84 Vernon Ave, Brooklyn, NY 11206	40.6944779	-73.948319	0.0828514020297	8	0.591261021383	6	0.127818666065	3	2	1	2580	555000	55	2000	1899	90	29	66	101	46	40	18	40	28	27	23	141
29785554_zpid	29785554_zpid	10460	931 E 181st St, Bronx, NY 10460	40.845381	-73.880457	0.180652524284	8	0.528863356	1	0.567212554159	2	2	2	3087	487000	8	2583	1997	1044	40	396	420	480	72	36	36	140	124	92	728
29797395_zpid	29797395_zpid	10462	2261 Newbold Ave, Bronx, NY 10462	40.83388	-73.849182	0.194206403904	11	0.301594290776	4	0.216430874399	2	9	4	3280	575000	4	2650	1925	212	20	58	49	36	60	38	19	24	19	12	149
30774012_zpid	30774012_zpid	11236	9805 Flatlands Ave, Brooklyn, NY 11236	40.6445239	-73.899813	0.275489753998	5	0.755917472536	0	0.292965845976	2	3	2	1280	375000	5	4434	1940	240	40	96	84	60	240	80	32	48	80	32	412
29854506_zpid	29854506_zpid	10471	5280 Independence Ave, Bronx, NY 10471	40.902574	-73.90995	0.674802692428	3	0.561287672031	2	0.3846857723	1	5	4	3000	1399000	0	7300	1950	7	6	2	5	0	3	25	4	7	0	1	18
30793692_zpid	30793692_zpid	11229	41 Gotham Ave, Brooklyn, NY 11229	40.590327	-73.926686	0.334388257488	2	1.10073211897	0	2.35332238805	0	3	1	1456	599000	0	1785	1920	1	7	1	14	1	1	25	11	19	1	3	34
29827457_zpid	29827457_zpid	10469	934 E 212th St, Bronx, NY 10469	40.876379	-73.858579	0.233070504957	7	0.618808704211	1	0.670448658058	1	6	3	2400	362500	153	2813	1930	46	4	24	36	23	42	11	5	24	22	15	59
30765691_zpid	30765691_zpid	11234	1488 E 57th St, Brooklyn, NY 11234	40.617285	-73.920179	0.248001500816	8	0.90987509937	0	2.89496595443	0	3	2	1280	437000	35	1900	1933	19	11	11	8	11	30	30	16	24	5	7	123
30636957_zpid	30636957_zpid	11208	53 Shepherd Ave, Brooklyn, NY 11208	40.6837	-73.882417	0.270469632981	6	0.335588473739	3	0.324473818594	3	6	3	1596	545900	112	2045	1910	308	116	184	216	204	160	112	88	144	76	48	556
29793590_zpid	29793590_zpid	10473	2051 Turnbull Ave, Bronx, NY 10473	40.8235429	-73.8533264	0.484458603561	4	0.441988587529	3	1.20257314233	0	3	1	2100	335000	78	2060	1969	89	22	24	25	13	19	19	5	16	10	5	65
29781801_zpid	29781801_zpid	10453	115 E 179th St, Bronx, NY 10453	40.8517177	-73.90617	0.110427302799	13	0.158531784206	9	0.165820153194	6	5	4	2232	371400	72	1619	1899	452	50	218	212	207	32	20	20	78	61	22	308
30575454_zpid	30575454_zpid	11220	725 45th St, Brooklyn, NY 11220	40.644887	-74.001979	0.199714659724	9	0.186620110535	9	0.665220023157	1	4	3	2508	1050000	12	1903	1930	312	124	140	204	152	212	176	52	92	48	20	484
29846660_zpid	29846660_zpid	10465	3010 Lawton Ave, Bronx, NY 10465	40.817846	-73.812354	0.438241871043	4	0.497362977783	1	3.53037355005	0	3	2.5	1836	415000	62	2606	1950	5	10	2	7	3	10	23	12	13	4	9	62
30694964_zpid	30694964_zpid	11209	438 74th St, Brooklyn, NY 11209	40.6308455	-74.0237884	0.143951850804	18	0.188820998462	5	0.190380239276	2	3	2.5	2640	908800	28	1698	1899	64	42	41	53	29	47	56	63	25	17	8	177
30774736_zpid	30774736_zpid	11236	940 E 103rd St, Brooklyn, NY 11236	40.645654	-73.89555	0.386851586319	6	0.385712471763	2	0.543638218672	2	5	2.5	2244	600000	120	2000	1960	232	32	104	84	60	188	68	28	68	60	40	404
30637981_zpid	30637981_zpid	11207	2783 Atlantic Ave, Brooklyn, NY 11207	40.676662	-73.891625	0.32692523237	6	0.327422492218	4	0.124446127763	5	3	2.5	3440	637500	10	2087	1920	119	41	82	102	65	94	45	34	46	52	15	225
30723732_zpid	30723732_zpid	11230	745 Westminster Rd, Brooklyn, NY 11230	40.630925	-73.965022	0.281716051596	9	0.349665416273	6	0.340041698469	3	7	3	4740	1395000	39	4000	1910	75	41	54	49	45	59	45	49	29	14	9	143
30755251_zpid	30755251_zpid	11234	1342 E 36th St, Brooklyn, NY 11234	40.619114	-73.939918	0.509601776292	2	0.165252215013	3	1.6545171768	0	3	1.5	1332	465000	11	1958	1920	23	9	17	17	9	33	19	18	20	5	3	86
29791729_zpid	29791729_zpid	10473	407 Zerega Ave, Bronx, NY 10473	40.815325	-73.845403	0.469816835817	3	0.419952121549	2	2.17516356683	0	3	1.5	1560	365000	41	5096	1965	11	3	5	3	2	10	6	3	4	3	3	28
30745601_zpid	30745601_zpid	11229	2237 E 14th St, Brooklyn, NY 11229	40.595885	-73.956486	0.113300187541	11	0.154950774911	6	0.132678667877	2	3	2	1170	415000	20	2500	1925	130	38	23	31	42	50	28	19	17	14	5	120
30788277_zpid	30788277_zpid	11234	285 Mayfair Dr N, Brooklyn, NY 11234	40.610907	-73.904003	0.829595495918	0	0.840084348443	0	3.9834929498	0	4	4	3970	1599000	0	5883	1965	0	9	1	5	0	3	12	3	8	2	1	29
30720713_zpid	30720713_zpid	11223	1672 W 2nd St, Brooklyn, NY 11223	40.6067139	-73.9758559	0.261084090592	8	0.274160831629	6	0.339564508717	3	3	2	1348	640000	115	2000	1925	368	76	172	100	124	276	104	148	104	48	16	452
30645289_zpid	30645289_zpid	11208	905 Belmont Ave, Brooklyn, NY 11208	40.67378	-73.875417	0.116406245696	7	0.145136722771	4	0.33128043897	2	6	2	1760	463500	36	1800	1930	189	23	101	113	91	60	40	8	30	63	24	199
30762695_zpid	30762695_zpid	11234	1147 E 59th St, Brooklyn, NY 11234	40.625194	-73.918572	0.266505405196	6	0.521472106485	2	2.59914001449	0	3	2	2926	5000	41	2300	1955	22	6	22	14	13	52	18	31	18	16	6	103
30634034_zpid	30634034_zpid	11207	158 Miller Ave, Brooklyn, NY 11207	40.677389	-73.892721	0.235779142694	6	0.230363545552	5	0.102899524855	5	5	4	1660	540500	36	3484	1901	121	45	86	107	63	96	49	49	50	44	14	211
30716110_zpid	30716110_zpid	11230	4717 Bay Pkwy, Brooklyn, NY 11230	40.624335	-73.972505	0.426778609979	5	0.430255956662	4	0.325150004625	3	6	3	3204	1100000	21	5227	1915	46	13	8	22	11	24	32	36	12	1	7	54
30597026_zpid	30597026_zpid	11233	1568 Lincoln Pl, Brooklyn, NY 11233	40.6692037	-73.9246576	0.141787935225	8	0.264189782522	8	0.520756230252	2	7	3	3344	420000	40	2400	1922	160	19	82	71	71	12	6	4	11	28	5	100
30769106_zpid	30769106_zpid	11236	926 E 80th St, Brooklyn, NY 11236	40.634748	-73.912885	0.0517824152416	5	0.0672677044184	3	1.62033000773	0	4	3	2024	217215	22	2200	1960	30	7	20	17	8	65	28	12	23	9	7	76
2102418926_zpid	2102418926_zpid	10465	3298 Agar Place #PVTE HOME, Bronx, NY 10465	40.8262186	-73.8242621	0.602188091852	2	0.137714723994	1	2.19369957568	0	4	2	1973	719000	0	7179	1920	9	16	4	14	1	11	23	18	10	2	5	65
30732190_zpid	30732190_zpid	11224	3845 Ocean View Ave, Brooklyn, NY 11224	40.580492	-74.0078039	0.286253634539	1	0.605785738033	1	2.23471164847	0	4	4	4212	1349000	0	4400	1960	44	32	12	40	20	4	44	4	32	4	8	76
30665410_zpid	30665410_zpid	11225	288 Hawthorne St, Brooklyn, NY 11225	40.657569	-73.950856	0.0593961085734	6	0.0783118809005	6	0.083907404674	2	8	3	2882	400000	133	5314	1910	214	31	83	79	66	38	28	7	25	33	8	143
29833635_zpid	29833635_zpid	10466	1027A E 229th St, Bronx, NY 10466	40.8876625	-73.8489772	0.318758920219	6	0.17715843191	3	0.94349460551	0	2	1	1276	281000	130	1751	1950	65	12	33	25	18	71	16	4	31	14	12	73
55677712_zpid	55677712_zpid	11234	42 Georgetown Ln, Brooklyn, NY 11234	40.6219729	-73.913744	0.344624157899	5	0.641649509869	1	2.92545381014	0	5	2.5	1648	515000	56	2678	1996	84	12	36	52	12	184	116	96	76	12	28	388
29853633_zpid	29853633_zpid	10471	217 W 260th St, Bronx, NY 10471	40.9076949	-73.897284	0.417009159502	5	0.418037179473	4	1.47606239551	0	3	2.5	1870	635000	11	4025	1940	11	8	6	10	6	16	26	8	14	2	4	39
83178888_zpid	83178888_zpid	10460	820 E 178th St, Bronx, NY 10460	40.8442481	-73.8866019	0.122891166358	11	0.35724650135	2	0.705824773134	1	5	4	3000	469000	0	1250	2007	1124	68	500	476	544	96	56	40	176	168	88	796
30658815_zpid	30658815_zpid	11203	162 E 35th St, Brooklyn, NY 11203	40.651443	-73.945094	0.286402231781	3	0.465642927171	5	0.384300532038	1	4	2	2000	22500	96	2000	1931	117	19	78	83	60	67	14	7	24	30	8	116
30735272_zpid	30735272_zpid	11223	2023 W 11th St, Brooklyn, NY 11223	40.597631	-73.982231	0.346875095967	8	0.265413043031	6	0.262110489952	4	7	3	3420	930000	12	2300	1935	128	88	40	88	36	152	124	176	72	32	16	292
30668202_zpid	30668202_zpid	11226	462 Rugby Rd, Brooklyn, NY 11226	40.63818	-73.965056	0.308909833095	9	0.370909975328	7	0.321239459139	3	7	2.5	2509	1689000	2	3998	1905	86	28	40	37	35	20	15	11	15	10	2	87
29849338_zpid	29849338_zpid	10465	252 Brinsmade Ave, Bronx, NY 10465	40.816135	-73.820432	0.480209586951	1	0.428014841922	1	3.1867452197	0	3	2	1350	165000	222	1829	1955	19	13	12	7	7	23	19	11	15	8	8	51
30651409_zpid	30651409_zpid	11212	226 E 92nd St, Brooklyn, NY 11212	40.659811	-73.925622	0.261997372926	11	0.392806251225	5	0.60271214354	1	8	4	4080	729000	0	2500	1930	1784	56	640	736	572	172	68	28	140	232	96	932
30669625_zpid	30669625_zpid	11210	1295 Rogers Ave, Brooklyn, NY 11210	40.638187	-73.950804	0.202681192308	5	0.26170110464	5	0.283062445052	2	6	4	1523	675000	17	4429	1899	280	26	139	119	104	37	23	13	26	52	8	253
30671379_zpid	30671379_zpid	11218	811 Greenwood Ave, Brooklyn, NY 11218	40.65248	-73.97369	0.230134764818	6	0.577173302843	1	0.347236874381	1	5	3.5	2100	1545000	11	1920	1925	17	18	10	14	9	21	19	20	16	3	2	39
30757659_zpid	30757659_zpid	11234	1753 E 36th St, Brooklyn, NY 11234	40.61379	-73.935424	0.333508480292	5	0.211596946007	2	1.97604799393	0	3	1	1064	455000	4	1800	1925	3	16	6	9	3	26	30	19	34	4	2	69
30705147_zpid	30705147_zpid	11204	1837 74th St, Brooklyn, NY 11204	40.6135374	-73.9942205	0.209578580384	14	0.14441566204	6	0.539957342504	1	7	3	3000	1200000	3	2517	1930	47	13	17	44	18	43	24	20	16	8	4	85
30651102_zpid	30651102_zpid	11212	151 E 95th St, Brooklyn, NY 11212	40.662345	-73.923913	0.13487456143	10	0.148553297649	6	0.28688183373	2	7	4	3198	540000	132	3250	1930	481	22	184	200	162	53	22	10	40	72	24	292
