30761804_zpid	30761804_zpid	11234	1368 E 40th St, Brooklyn, NY 11234	40.622435	-73.934265	0.136006158506	8	0.136460718055	3	1.61798781427	0	3	2	1683	380000	22	1603	1940	42	15	20	28	24	30	26	20	15	6	0	121
30769689_zpid	30769689_zpid	11236	67 Paerdegat 3rd St, Brooklyn, NY 11236	40.632765	-73.910642	0.34195309696	5	0.357895051213	3	1.71523739641	0	6	3	2393	670000	2	1973	1965	116	20	56	68	24	244	104	20	100	32	12	276
29797310_zpid	29797310_zpid	10462	2215 Gleason Ave, Bronx, NY 10462	40.832209	-73.850495	0.0481068488009	11	0.368095332786	4	0.251347376132	2	6	2	2964	295000	161	2575	1920	185	19	45	36	33	50	29	13	20	18	9	128
29790545_zpid	29790545_zpid	10473	1216 Harding Park, Bronx, NY 10473	40.809313	-73.8579759	0.858182929919	0	1.37117550605	0	2.60093736888	0	2	3	930	119900	13	2279	1930	108	36	76	80	36	56	56	60	40	60	12	248
30765524_zpid	30765524_zpid	11234	1602 E 54th St, Brooklyn, NY 11234	40.618455	-73.923192	0.207057984703	11	0.674701381433	1	2.61346685986	0	3	2	1888	275000	158	1900	1920	13	22	7	7	11	40	29	12	23	4	7	130
30728842_zpid	30728842_zpid	11229	1859 E 27th St, Brooklyn, NY 11229	40.60566	-73.945488	0.256581364896	2	0.651154402728	2	1.0945226089	0	3	1.5	1400	710000	5	2000	1925	40	40	16	64	16	120	128	112	88	4	8	324
29813224_zpid	29813224_zpid	10462	1808 Amethyst St, Bronx, NY 10462	40.845191	-73.867628	0.144679232775	8	0.379495558468	1	0.41084325918	2	5	2	1860	281404	2	1500	1901	88	11	54	62	52	61	23	15	17	26	13	120
30731036_zpid	30731036_zpid	11214	188 Bay 43rd St, Brooklyn, NY 11214	40.591778	-73.989168	0.247092933444	6	0.660320496494	1	0.561695528049	2	5	2	2301	949000	0	2062	1955	52	40	48	68	12	76	132	92	108	28	20	272
30609592_zpid	30609592_zpid	11216	360 Tompkins Ave, Brooklyn, NY 11216	40.685096	-73.944573	0.0992486145563	9	0.357493478179	8	0.655909787318	2	5	3	2400	1999999	0	1700	1915	592	204	364	520	388	76	124	68	192	220	80	820
83045937_zpid	83045937_zpid	11233	525 Ralph Ave, Brooklyn, NY 11233	40.671384	-73.922038	0.354388422206	6	0.182775465226	2	0.739637250923	1	2	1	2969	568729	82	1626	2008	214	24	113	98	91	17	17	7	27	35	11	142
30788332_zpid	30788332_zpid	11234	2278 E 65th St, Brooklyn, NY 11234	40.613672	-73.908582	0.378924546106	3	0.403225426735	1	3.71532915546	0	5	4.5	972	994500	137	5100	1955	0	15	4	6	2	10	7	12	9	0	1	48
30607041_zpid	30607041_zpid	11206	167 Vernon Ave, Brooklyn, NY 11206	40.695291	-73.9454	0.0983120238425	9	0.346156408808	2	0.306420493844	3	3	1	2532	240000	43	1874	1899	117	39	74	111	55	55	24	41	28	37	27	166
30662748_zpid	30662748_zpid	11203	621 E 42nd St, Brooklyn, NY 11203	40.640137	-73.9366	0.300353925959	5	1.00709511507	0	0.997866840378	0	3	1	1392	385000	34	2000	1925	33	12	12	21	17	45	21	6	18	13	3	94
30707292_zpid	30707292_zpid	11214	1738 77th St, Brooklyn, NY 11214	40.612893	-73.998765	0.12435223113	12	0.208426250977	7	0.169968694273	3	4	2	2100	835000	5	2000	1930	53	6	16	26	9	25	32	28	17	9	7	106
29790042_zpid	29790042_zpid	10473	209 Harding Park, Bronx, NY 10473	40.805587	-73.856826	1.14834573275	0	1.79223843207	0	3.02546093081	0	1	2	1040	279000	0	2478	1939	8	6	7	8	5	5	10	5	4	3	2	27
30623040_zpid	30623040_zpid	11211	185 Devoe St, Brooklyn, NY 11211	40.7140879	-73.943033	0.205560920296	14	0.094493756133	4	0.101132729064	4	4	2	1650	1795000	0	1800	1901	156	400	96	248	124	144	204	32	128	56	88	788
30788103_zpid	30788103_zpid	11234	370 Mayfair Dr S, Brooklyn, NY 11234	40.608075	-73.905036	1.06582965375	0	1.08508242891	0	4.30302204446	0	3	2.5	2260	880000	67	4500	1960	2	1	0	5	0	2	8	2	7	2	1	19
30699442_zpid	30699442_zpid	11209	162 85th St, Brooklyn, NY 11209	40.624878	-74.034228	0.332882834012	8	0.590887906216	1	0.549662439186	1	5	4	3146	400000	80	80	1899	31	31	17	28	11	40	29	23	12	6	2	98
30782992_zpid	30782992_zpid	11234	2370 E 70th St, Brooklyn, NY 11234	40.614696	-73.903329	0.683521947454	1	0.586780060561	1	3.55974189591	0	3	1	1998	566500	102	2500	1970	0	12	3	7	1	5	19	9	14	1	3	45
83046061_zpid	83046061_zpid	11234	1467 E 73rd St, Brooklyn, NY 11234	40.6227079	-73.9079919	0.620949459335	1	0.620487103629	1	2.715694004	0	6	3.5	3570	770000	20	4125	2007	84	4	36	48	24	120	68	36	68	16	12	232
30740573_zpid	30740573_zpid	11235	2838 Brighton 7th St, Brooklyn, NY 11235	40.582212	-73.962332	0.0563882349562	10	0.229606824396	5	0.513992186749	1	4	2	1692	166667	69	2375	1920	104	34	37	61	26	81	52	32	34	19	23	168
30791316_zpid	30791316_zpid	11235	162 Norfolk St, Brooklyn, NY 11235	40.579313	-73.939228	1.01557929782	0	1.33992242871	0	1.51827002404	0	3	3	2350	230000	222	2900	2006	2	5	0	6	0	12	12	3	8	1	1	19
68311728_zpid	68311728_zpid	10469	1036 E 212th St, Bronx, NY 10469	40.875537	-73.855917	0.20158800938	6	0.704892407167	1	0.909699369917	0	6	4	3472	479000	0	3659	2004	62	4	33	58	37	52	21	10	33	23	18	94
30791166_zpid	30791166_zpid	11235	120 Kensington St, Brooklyn, NY 11235	40.580159	-73.942351	0.530294558559	1	1.2364976219	0	1.2483281428	0	6	2.5	1940	995000	203	2100	1910	68	28	4	56	12	56	96	20	48	4	4	120
30653408_zpid	30653408_zpid	11203	929 Schenectady Ave, Brooklyn, NY 11203	40.650486	-73.932867	0.101774900412	5	0.130575475692	3	1.4116771264	0	4	3	1312	163000	223	1925	1920	164	12	76	65	75	45	27	4	33	33	12	173
30758268_zpid	30758268_zpid	11234	1024 E 53rd St, Brooklyn, NY 11234	40.634135	-73.925888	0.26907633227	5	0.584366712115	1	1.84344389761	0	4	2	1642	519400	80	2450	1960	36	9	12	22	13	31	23	10	18	13	2	63
30600073_zpid	30600073_zpid	11233	622 Bainbridge St, Brooklyn, NY 11233	40.682861	-73.91225	0.116753035868	8	0.2154595306	4	0.151485661629	4	7	4	2700	899000	17	1999	1899	148	23	123	113	83	16	26	6	38	49	9	148
30734173_zpid	30734173_zpid	11223	1933 W 13th St, Brooklyn, NY 11223	40.599586	-73.984492	0.261932660133	7	0.320562578817	6	0.287941317374	3	4	2.5	1866	247000	232	2800	1925	28	13	10	16	5	35	30	37	12	6	3	52
30668824_zpid	30668824_zpid	11226	321 E 28th St, Brooklyn, NY 11226	40.642565	-73.950325	0.317502262499	8	0.164995520441	4	0.304665575483	2	5	4	2080	225000	14	2000	1901	331	108	147	164	133	81	40	12	34	69	25	275
30792615_zpid	30792615_zpid	11235	1122 Banner Ave, Brooklyn, NY 11235	40.5834582	-73.9582341	0.199850462181	12	0.23877344423	7	0.515146156664	2	2	2.5	1200	270000	15	1398	1920	214	37	58	73	43	61	50	33	42	32	21	188
30722562_zpid	30722562_zpid	11223	1851 W 13th St, Brooklyn, NY 11223	40.6015326	-73.984938	0.344727984805	8	0.438610379573	7	0.455182002609	3	2	1	3750	284000	237	2500	1932	28	23	8	10	4	43	26	39	13	6	4	61
30611506_zpid	30611506_zpid	11213	18 Agate Ct, Brooklyn, NY 11213	40.6784419	-73.939548	0.174628073105	8	0.263482738005	6	0.198345972216	2	2	1	2169	268000	100	1401	1899	136	26	64	65	56	24	17	6	25	26	11	136
30671167_zpid	30671167_zpid	11218	67 E 4th St, Brooklyn, NY 11218	40.651127	-73.977624	0.217670714424	9	0.0865736233341	2	0.215644491817	1	3	4	1412	1599000	29	3179	1899	104	96	64	116	68	120	108	132	72	16	16	272
29845230_zpid	29845230_zpid	10465	571 Logan Ave, Bronx, NY 10465	40.824765	-73.8184969	0.522404293786	1	0.468662630093	2	2.60263973286	0	4	3	1998	531000	2	2800	1960	13	17	6	15	5	12	18	20	14	0	5	60
30585318_zpid	30585318_zpid	11215	199 12th St, Brooklyn, NY 11215	40.669167	-73.990962	0.100863985527	11	0.361428661196	3	0.168198768754	3	5	2.5	2400	870000	67	1875	1899	78	75	31	60	29	39	59	35	32	20	16	230
29842592_zpid	29842592_zpid	10461	2885 Zulette Ave, Bronx, NY 10461	40.84231	-73.833491	0.229514851965	6	0.69933471702	1	0.294492598111	2	3	2	1320	439000	0	2375	1925	328	68	100	80	84	160	132	72	60	64	16	456
30635286_zpid	30635286_zpid	11212	689 Mother Gaston Blvd, Brooklyn, NY 11212	40.6619979	-73.904556	0.349157837748	4	0.30439720242	7	0.245432315992	4	3	1.5	558	242000	51	1800	1985	39	11	38	29	21	11	23	5	30	10	5	78
29827024_zpid	29827024_zpid	10467	826 E 214th St, Bronx, NY 10467	40.878682	-73.8607229	0.442710950401	5	0.402840783578	1	0.493978633475	2	6	4	3792	380000	16	3310	1920	144	14	55	66	45	50	14	2	21	30	12	141
30574475_zpid	30574475_zpid	11232	188 32nd St, Brooklyn, NY 11232	40.655844	-74.0014039	0.12455444476	4	0.574921320329	3	0.30077205883	2	2	2	1910	238500	315	1628	1987	92	120	52	64	44	36	144	68	60	4	36	272
30637966_zpid	30637966_zpid	11207	171 Miller Ave, Brooklyn, NY 11207	40.6771249	-73.89211	0.277546788192	6	0.266672740253	4	0.0839779932366	5	5	3.5	1900	529000	33	2500	1901	114	42	84	106	60	99	45	37	47	46	12	208
30670925_zpid	30670925_zpid	11218	224 Seeley St, Brooklyn, NY 11218	40.654963	-73.974471	0.0750115807333	3	0.327763665829	2	0.58613266635	1	4	2.5	1970	1550000	5	2550	1905	9	10	8	13	5	19	13	14	11	1	2	40
30639534_zpid	30639534_zpid	11207	372 Van Siclen Ave, Brooklyn, NY 11207	40.6706425	-73.8899156	0.213414096442	7	0.21139662033	5	0.244193331147	4	5	2	2700	443000	10	1711	1901	452	92	376	372	368	220	160	76	200	188	88	916
30783002_zpid	30783002_zpid	11234	2371 E 70th St, Brooklyn, NY 11234	40.614924	-73.902859	0.708604771714	1	0.610726104018	1	3.53319589462	0	3	1	1998	585000	149	2550	1970	2	12	2	8	0	5	19	9	13	1	3	48
30642895_zpid	30642895_zpid	11208	185 Hemlock St, Brooklyn, NY 11208	40.685333	-73.871241	0.223282295057	5	0.172995640187	4	0.320649181177	2	7	2	3120	340000	83	2000	1991	107	40	69	98	52	77	42	17	66	47	9	205
30607742_zpid	30607742_zpid	11221	833 Dekalb Ave, Brooklyn, NY 11221	40.692551	-73.943096	0.261037551998	10	0.101252788986	5	0.597899393238	1	3	1	2166	724139	49	1942	1931	84	38	37	75	47	17	21	6	15	26	19	126
30777130_zpid	30777130_zpid	11236	1483 E 94th St, Brooklyn, NY 11236	40.636005	-73.895901	0.1882737975	8	0.181818952729	4	1.28755032014	0	4	2	2640	455000	15	2500	1920	35	20	24	27	6	55	24	16	13	14	3	86
30653087_zpid	30653087_zpid	11203	124 E 57th St, Brooklyn, NY 11203	40.653027	-73.924012	0.245074439011	7	0.261263218352	4	1.14061138236	0	2	1	3220	537271	20	3000	1930	135	16	48	63	54	49	26	7	20	26	14	137
30586594_zpid	30586594_zpid	11217	27 7th Ave, Brooklyn, NY 11217	40.676757	-73.973619	0.0887841081171	14	0.152734693722	6	0.132455049021	3	6	4	3783	3800000	19	1469	1899	43	57	11	22	9	13	41	30	30	9	13	108
30788288_zpid	30788288_zpid	11234	2206 E 66th St, Brooklyn, NY 11234	40.615459	-73.909216	0.250926280288	2	0.198846539015	1	3.5279292581	0	3	2.5	1920	800000	20	6033	1960	13	8	8	11	7	17	13	11	17	1	5	49
30634246_zpid	30634246_zpid	11207	208 Pennsylvania Ave, Brooklyn, NY 11207	40.672593	-73.89642	0.0415945696838	6	0.1806570137	7	0.217230665722	7	6	3	1920	375000	123	1667	1901	90	13	77	91	79	39	37	18	26	27	17	156
29827388_zpid	29827388_zpid	10467	818 E 222nd St, Bronx, NY 10467	40.884316	-73.858146	0.278475270764	4	0.345097922075	1	0.388090149555	2	5	2	2695	430000	46	2221	1960	93	5	47	63	46	50	9	2	20	32	4	95
30714613_zpid	30714613_zpid	11228	321 Bay 11th St, Brooklyn, NY 11228	40.603996	-74.014416	0.403996177955	3	0.657147427707	1	1.15868088015	0	4	2	2128	930000	2	2301	1950	28	4	8	20	4	32	44	48	24	4	8	112
30777029_zpid	30777029_zpid	11236	1434 E 92nd St, Brooklyn, NY 11236	40.635829	-73.898803	0.0701562785239	5	0.231554224182	3	1.23221324336	0	8	4	3762	460000	40	3222	1925	34	21	22	23	7	54	23	10	16	12	6	86
30642475_zpid	30642475_zpid	11208	59 Obrien Pl, Brooklyn, NY 11208	40.686904	-73.868722	0.118535307593	9	0.211933625023	6	0.467657181422	3	5	3	3377	340000	149	2000	1899	63	32	44	58	37	64	33	13	37	26	4	144
30794406_zpid	30794406_zpid	11229	1 Fane Ct, Brooklyn, NY 11229	40.5906779	-73.926922	0.300616897401	2	1.07748987089	0	2.34034307582	0	3	1	1360	495000	8	1802	1930	1	7	1	12	1	1	23	10	20	2	3	34
30748474_zpid	30748474_zpid	11235	2429 Coyle St, Brooklyn, NY 11235	40.5935569	-73.935442	0.0698817151413	8	0.431736996724	3	1.6773949183	0	5	2.5	2244	530000	72	2000	1955	6	13	9	2	5	3	7	10	5	2	1	53
29827607_zpid	29827607_zpid	10469	3663 Paulding Ave, Bronx, NY 10469	40.878404	-73.856257	0.465514245323	5	0.744301272125	1	0.813311133818	0	8	4	3150	200000	228	3920	1915	65	7	35	55	43	57	8	7	27	24	14	90
30602867_zpid	30602867_zpid	11221	784 Greene Ave, Brooklyn, NY 11221	40.689798	-73.936952	0.276610536023	8	0.33758478639	4	0.792128206218	0	8	4	3200	1144000	8	2000	1899	840	240	496	636	400	152	120	56	176	260	152	976
30608264_zpid	30608264_zpid	11216	521 Greene Ave, Brooklyn, NY 11216	40.68875	-73.950076	0.355505640023	12	0.344336603052	4	0.185411677696	1	5	10	3000	2175000	0	1875	1899	150	67	81	109	84	32	32	13	34	44	34	211
30613240_zpid	30613240_zpid	11238	429 Washington Ave, Brooklyn, NY 11238	40.6856269	-73.964941	0.175976705617	8	0.195837822508	4	0.275576334014	3	6	2	3400	1710000	25	2600	1901	163	112	87	122	97	40	47	15	41	26	27	192
30774794_zpid	30774794_zpid	11236	928 E 104th St, Brooklyn, NY 11236	40.646372	-73.895031	0.316184904209	6	0.303414695101	2	0.576807096736	2	5	3	1600	328600	72	2500	1930	56	9	24	19	15	42	12	7	18	11	9	94
30726455_zpid	30726455_zpid	11230	1584 E 17th St, Brooklyn, NY 11230	40.611326	-73.957115	0.181609847977	6	0.234633333115	5	0.301014780069	2	4	3	1968	855000	0	1848	1920	292	36	156	188	108	200	60	120	56	24	12	320
30733999_zpid	30733999_zpid	11224	3826 Atlantic Ave, Brooklyn, NY 11224	40.573572	-74.005453	0.766505934848	0	0.519535459212	1	2.09223193952	0	6	4	2057	350000	5	3000	1965	29	7	8	27	4	3	12	6	6	4	0	30
30653405_zpid	30653405_zpid	11203	937 Schenectady Ave, Brooklyn, NY 11203	40.650325	-73.932852	0.119276123716	4	0.14496270221	3	1.41356281876	0	4	1	1920	305000	20	1958	1920	164	12	76	65	75	45	28	4	32	33	13	170
30642881_zpid	30642881_zpid	11208	219 Hemlock St, Brooklyn, NY 11208	40.684578	-73.8710739	0.15922700381	5	0.139476098386	5	0.275885511649	2	6	4	3120	519500	60	2000	1910	468	168	268	396	216	288	156	44	260	184	28	820
30719305_zpid	30719305_zpid	11204	1527 W 9th St, Brooklyn, NY 11204	40.6095726	-73.9826967	0.0719268078639	14	0.166152697068	7	0.266165695866	2	3	2	1344	754000	18	2000	1930	572	116	148	212	256	296	92	132	72	48	32	532
30732819_zpid	30732819_zpid	11224	3842 Neptune Ave, Brooklyn, NY 11224	40.576211	-74.007185	0.44524231417	2	0.464266807522	1	2.19840473185	0	6	3	2665	150000	211	4000	1920	30	13	8	32	8	2	19	2	14	4	2	36
30788034_zpid	30788034_zpid	11234	2323 E 66th St, Brooklyn, NY 11234	40.613361	-73.906724	0.474415756686	3	0.487793498051	1	3.7289647532	0	4	3	2100	676000	20	4007	1960	0	15	4	9	1	6	14	9	11	1	2	47
30643035_zpid	30643035_zpid	11208	196 Grant Ave, Brooklyn, NY 11208	40.686046	-73.868162	0.222299696649	10	0.106846305414	5	0.570254709093	3	6	2	2160	359000	157	2000	1899	65	32	45	59	37	60	30	11	43	27	6	142
30662318_zpid	30662318_zpid	11203	577 E 35th St, Brooklyn, NY 11203	40.640801	-73.943368	0.296378573642	2	0.430680087374	4	0.435984895328	2	3	1	1280	490000	1	2500	1935	436	28	252	248	236	140	72	24	72	100	36	392
30706500_zpid	30706500_zpid	11228	1237 77th St, Brooklyn, NY 11228	40.6200059	-74.009631	0.165496895111	5	0.335584660164	1	0.910958455329	0	4	1.5	1328	733000	20	2000	1930	7	13	4	21	2	36	49	36	21	1	3	67
30645808_zpid	30645808_zpid	11208	628 Hemlock St, Brooklyn, NY 11208	40.673571	-73.868837	0.213413887945	8	0.218551794541	7	0.341453696481	2	4	2	2370	400000	63	1600	2007	119	14	69	60	38	57	41	7	48	41	15	164
30608712_zpid	30608712_zpid	11216	767 Marcy Ave, Brooklyn, NY 11216	40.687655	-73.947373	0.127243142752	13	0.339533651807	6	0.438776565576	1	3	1.5	2160	445000	43	1537	1899	146	59	72	107	83	25	36	13	42	47	29	196
30672324_zpid	30672324_zpid	11218	3351 12th Ave, Brooklyn, NY 11218	40.6450249	-73.9823	0.212901177	9	0.18508382318	8	0.247071595735	1	5	3	2898	910000	38	3045	1935	59	28	31	40	31	38	42	31	12	13	9	154
30740149_zpid	30740149_zpid	11235	2541 Hubbard St, Brooklyn, NY 11235	40.5881465	-73.9629758	0.203022942093	9	0.369737114986	1	0.758570246954	0	4	2	1827	325000	10	2500	1910	33	12	10	16	11	41	42	25	15	8	4	64
29850759_zpid	29850759_zpid	10464	176 Schofield St, Bronx, NY 10464	40.845214	-73.784133	0.174223786768	3	3.51233544375	0	3.71786052397	0	4	1.5	1827	625000	0	5000	1925	17	13	5	8	3	1	33	8	8	2	25	40
30636557_zpid	30636557_zpid	11207	139 Sunnyside Ave, Brooklyn, NY 11207	40.681905	-73.892019	0.288697429842	3	0.194699416911	3	0.460459484058	2	4	3	2408	610000	12	2400	1910	312	124	188	192	152	224	156	144	128	80	24	424
30566232_zpid	30566232_zpid	11201	69 Gold St, Brooklyn, NY 11201	40.702832	-73.98254	0.377188835198	5	0.8230532091	0	0.389628677553	1	4	3	4160	3350000	13	1279	1925	3	28	1	8	0	20	24	9	9	1	2	42
30651966_zpid	30651966_zpid	11212	317 Remsen Ave, Brooklyn, NY 11212	40.657532	-73.924791	0.25115597592	12	0.392663158455	6	0.823294948978	0	5	3	2037	575000	3	2200	1945	303	18	116	140	91	49	11	4	24	30	15	159
29852983_zpid	29852983_zpid	10471	236 W 256th St, Bronx, NY 10471	40.903045	-73.898157	0.351441254032	4	0.351529962157	3	1.34761395048	0	3	2.5	1408	365000	71	2129	1930	12	2	3	5	5	20	14	6	15	0	2	29
30771092_zpid	30771092_zpid	11236	1273 E 83rd St, Brooklyn, NY 11236	40.630698	-73.90377	0.775101112841	0	0.688463908228	1	1.78360318017	0	4	3	1920	559000	0	2200	1940	56	9	18	24	12	64	23	7	32	6	10	76
29812862_zpid	29812862_zpid	10462	1731 White Plains Rd, Bronx, NY 10462	40.844539	-73.866166	0.228304358948	7	0.298050355832	2	0.514953447776	2	4	3	2000	357000	10	1123	1901	85	13	48	56	41	58	25	14	22	26	10	121
