29833717_zpid	29833717_zpid	10466	1022 E 231st St, Bronx, NY 10466	40.888742	-73.84858	0.204979319715	7	0.141005463466	3	0.897530622786	0	3	2	1485	390000	8	1981	1955	51	14	29	19	14	74	19	5	30	13	10	79
30607062_zpid	30607062_zpid	11206	237 Vernon Ave, Brooklyn, NY 11206	40.695657	-73.9421909	0.0744352837861	10	0.0810483713499	4	0.520225916446	3	3	2	1200	960000	18	1783	1901	114	44	60	95	55	53	22	36	19	36	25	170
30773168_zpid	30773168_zpid	11236	9202 Foster Ave, Brooklyn, NY 11236	40.645518	-73.909561	0.200653132654	4	0.759558846136	0	0.663460611354	1	4	2.5	1644	498000	101	2500	1935	38	4	25	30	16	43	34	6	12	16	4	93
30621345_zpid	30621345_zpid	11222	186 Russell St, Brooklyn, NY 11222	40.72706	-73.9444539	0.232548049884	11	0.458937195484	3	0.635769680458	1	6	3	2503	1999000	0	2000	1901	16	32	14	27	7	20	29	17	21	8	7	110
30614390_zpid	30614390_zpid	11216	11 Spencer Pl, Brooklyn, NY 11216	40.68161	-73.954236	0.108933502194	11	0.211956301949	6	0.159906896138	4	3	1	2700	5000000	14	2000	1930	134	135	58	68	58	16	42	17	31	29	37	198
29789142_zpid	29789142_zpid	10470	140 E 236th St, Bronx, NY 10470	40.8976309	-73.871235	0.172140833785	1	0.323839186271	1	0.744217941096	1	5	2	2780	427000	16	5000	1920	53	12	10	9	7	36	12	14	14	6	1	63
30781877_zpid	30781877_zpid	11234	2024 E 64th St, Brooklyn, NY 11234	40.61735	-73.913811	0.27665395883	6	0.371970349042	1	3.33798506551	0	3	2.5	1900	290000	163	2200	1925	20	9	9	10	5	23	21	9	17	2	5	77
30775020_zpid	30775020_zpid	11236	968 E 108th St, Brooklyn, NY 11236	40.647491	-73.891361	0.0957360991712	3	0.0653862193156	4	0.767144554878	0	3	3	1540	450500	65	2000	1955	30	5	11	13	9	14	8	1	9	3	7	52
30631502_zpid	30631502_zpid	11212	50 Tapscott St, Brooklyn, NY 11212	40.666584	-73.920981	0.202580982951	9	0.152123680829	5	0.250963766746	2	5	2	2240	595000	8	2500	1920	944	64	308	320	292	116	100	36	144	144	32	592
30761598_zpid	30761598_zpid	11210	4008 Avenue K, Brooklyn, NY 11210	40.625496	-73.936857	0.248658107126	1	0.85467996264	0	1.22386939586	0	3	2	1744	235000	195	2000	1935	61	7	28	33	20	35	35	10	19	12	9	73
30613279_zpid	30613279_zpid	11238	147 Saint James Pl, Brooklyn, NY 11238	40.6851259	-73.963825	0.230799280185	9	0.251148776024	4	0.303708226273	3	3	2	2688	1930000	89	2000	1899	155	129	90	130	94	42	55	17	45	25	32	207
30658401_zpid	30658401_zpid	11203	83 E 40th St, Brooklyn, NY 11203	40.65384	-73.940005	0.343141972437	2	0.728335266928	1	0.874388649173	0	3	2.5	1472	448000	13	2000	1925	436	76	252	236	204	264	116	40	108	120	16	428
30705596_zpid	30705596_zpid	11204	1669 Bay Ridge Pkwy, Brooklyn, NY 11204	40.615419	-73.998808	0.149774996384	10	0.219344478398	5	0.262249068864	2	5	2.25	2220	790000	8	1800	1925	10	11	6	28	7	28	15	16	12	4	3	45
30775365_zpid	30775365_zpid	11236	1034 E 99th St, Brooklyn, NY 11236	40.642256	-73.896707	0.212572150416	5	0.540759327625	3	0.65452279637	1	3	2	1760	230000	199	2000	1955	59	8	28	24	21	42	23	12	19	19	7	96
30716524_zpid	30716524_zpid	11230	1014 E 10th St, Brooklyn, NY 11230	40.624181	-73.966369	0.158711181145	5	0.341691443851	4	0.487493888373	2	9	5	5500	2459999	0	4500	1930	116	19	40	47	49	35	49	27	19	16	6	134
30715102_zpid	30715102_zpid	11214	260 Bay 20th St, Brooklyn, NY 11214	40.601346	-74.0068019	0.330187141105	7	0.279501397652	4	0.812514290412	0	3	2	1776	635000	43	2200	1940	89	20	27	31	17	37	37	42	11	8	8	116
30689600_zpid	30689600_zpid	11219	1374 65th St, Brooklyn, NY 11219	40.624684	-73.999826	0.0740989946188	7	0.541048877795	3	0.293961734502	3	5	2	2160	1250000	5	3000	1920	45	9	16	20	13	55	61	54	13	7	15	122
30747849_zpid	30747849_zpid	11235	2421 E 15th St, Brooklyn, NY 11235	40.5916415	-73.954833	0.192958843137	12	0.328481926148	4	0.402207870178	2	4	2.5	3375	725000	30	3375	1960	50	11	8	20	16	31	21	22	16	5	3	69
30702540_zpid	30702540_zpid	11209	293 Battery Ave, Brooklyn, NY 11209	40.61246	-74.026082	0.535279640574	6	0.68745469339	1	0.600769980443	1	3	1.5	1384	754000	7	1762	1935	9	3	5	4	2	3	7	2	2	0	2	16
30660216_zpid	30660216_zpid	11203	286 E 43rd St, Brooklyn, NY 11203	40.648735	-73.937156	0.465434339766	2	0.531289381926	3	1.07482183363	0	3	2	2000	367500	11	2000	1920	81	10	45	44	38	28	18	2	18	19	8	71
30606610_zpid	30606610_zpid	11233	33 Rochester Ave, Brooklyn, NY 11233	40.677969	-73.927162	0.261646148161	5	0.296450697327	3	0.338816722466	2	5	4	1350	830000	5	2058	1901	96	34	65	83	63	15	14	3	28	33	15	143
30776252_zpid	30776252_zpid	11236	1321 E 96th St, Brooklyn, NY 11236	40.63981	-73.897395	0.255908826784	5	0.269801743752	2	0.849734599452	0	4	2	1529	180000	3	1609	1920	46	17	27	28	15	49	25	12	12	20	5	90
30609739_zpid	30609739_zpid	11216	244 Putnam Ave, Brooklyn, NY 11216	40.6836824	-73.9514658	0.117050274126	11	0.237873781963	8	0.375728052718	5	3	2.5	2400	155000	228	2000	1899	209	158	95	137	105	35	47	18	51	59	32	310
30788406_zpid	30788406_zpid	11234	2358 E 65th St, Brooklyn, NY 11234	40.612215	-73.907929	0.549951668251	3	0.573137254115	1	3.86797959057	0	4	3	3882	1130000	121	5100	1930	0	14	3	5	1	10	6	13	10	1	0	39
79714760_zpid	79714760_zpid	10452	186 W 168th St, Bronx, NY 10452	40.838523	-73.927524	0.128074915665	2	0.298781527652	5	0.613603765505	1	8	3	2700	523000	29	1219	2006	1368	148	548	560	544	136	76	32	252	196	84	812
30790493_zpid	30790493_zpid	11235	61 Beaumont St, Brooklyn, NY 11235	40.580462	-73.951364	0.178722202986	9	0.650534588221	4	0.754096049342	0	3	3	2376	1980000	10	4000	1930	134	17	34	47	36	40	40	30	32	14	7	114
30604765_zpid	30604765_zpid	11233	477 Halsey St, Brooklyn, NY 11233	40.683894	-73.933651	0.105000366154	10	0.258093871651	4	0.56137505714	1	8	5	3262	90000	296	1700	1899	304	196	224	320	152	28	92	20	76	72	68	464
30620921_zpid	30620921_zpid	11222	967 Lorimer St, Brooklyn, NY 11222	40.724777	-73.952663	0.0796201158828	15	0.355033933998	4	0.117991903321	2	5	2.5	1638	1400000	0	938	1901	172	276	72	168	64	112	124	96	64	60	40	700
29776748_zpid	29776748_zpid	10454	410 E 136th St, Bronx, NY 10454	40.807394	-73.923444	0.292783940897	4	0.217771078899	4	0.347609361207	2	4	2.5	2256	355000	11	1999	1901	181	26	96	112	90	12	14	11	30	34	18	188
30790519_zpid	30790519_zpid	11235	83 Coleridge St, Brooklyn, NY 11235	40.580046	-73.950357	0.243825591991	6	0.717736128912	1	0.827384760663	0	4	3.5	2382	2000000	65	2613600	1930	91	18	28	44	29	36	36	31	29	12	7	88
112498270_zpid	112498270_zpid	11221	166 Central Ave, Brooklyn, NY 11221	40.698936	-73.927125	0.0808480899095	17	0.122586625354	4	0.122287724108	4	3	1	1000	837500	13	1925	1931	100	46	44	68	39	39	21	13	29	29	18	149
30634109_zpid	30634109_zpid	11207	198 Vermont St, Brooklyn, NY 11207	40.675018	-73.894976	0.266982918509	7	0.299547729464	6	0.142906138576	6	3	3	1824	410000	38	17	1910	102	21	80	96	73	73	39	36	29	42	19	218
30640936_zpid	30640936_zpid	11207	603 Miller Ave, Brooklyn, NY 11207	40.665902	-73.889227	0.372161172479	9	0.333969593766	7	0.0715352511465	3	6	4	3116	336000	12	2375	1925	249	23	148	146	142	33	41	11	64	73	19	254
30733792_zpid	30733792_zpid	11224	3739 Oceanic Ave, Brooklyn, NY 11224	40.575545	-74.004498	0.663291613364	1	0.299572224709	2	1.97815499283	0	6	2.5	2080	100000	263	6000	1930	188	52	56	160	48	16	68	28	68	52	4	188
30719533_zpid	30719533_zpid	11204	1585 W 5th St, Brooklyn, NY 11204	40.6086826	-73.9785794	0.352862104998	13	0.329744729552	6	0.451742018037	3	4	3	1728	500000	38	4000	1925	154	26	36	41	47	68	17	21	12	11	7	97
30602692_zpid	30602692_zpid	11221	296 Van Buren St, Brooklyn, NY 11221	40.69074	-73.935115	0.397692690662	10	0.506182011483	6	0.605598784399	2	5	3.5	2247	565000	54	1783	1899	187	40	100	140	101	43	31	16	35	52	43	232
30729940_zpid	30729940_zpid	11214	8659 25th Ave, Brooklyn, NY 11214	40.596601	-73.988172	0.19731868173	9	0.134627274746	6	0.167219826791	1	3	2.75	2070	810000	17	1824	1960	25	13	11	13	8	31	31	18	14	6	3	71
29780526_zpid	29780526_zpid	10459	1061 Tiffany St, Bronx, NY 10459	40.82512	-73.895178	0.176841973245	5	0.121916110284	5	0.212827937906	4	6	3	1680	400000	52	2090	1993	232	40	105	156	104	21	29	10	44	45	34	260
30636401_zpid	30636401_zpid	11207	54 Vermont St, Brooklyn, NY 11207	40.682098	-73.895973	0.373739692646	3	0.347773710854	3	0.605245682436	3	5	4	7000	87000	251	2400	2006	56	24	42	35	26	38	25	31	21	15	8	83
30732522_zpid	30732522_zpid	11224	3744 Cypress Ave, Brooklyn, NY 11224	40.578541	-74.005293	0.463890500333	1	0.312860352332	1	2.03807195954	0	2	2	1407	450000	8	3049	1930	196	60	52	160	52	16	68	16	64	48	8	208
64639813_zpid	64639813_zpid	10457	2261 Bassford Ave, Bronx, NY 10457	40.8548038	-73.8929043	0.0631175868629	12	0.415028096193	7	0.675260098469	1	12	4	2730	23400	135	1742	2003	159	13	49	74	55	12	5	10	22	20	8	140
29811535_zpid	29811535_zpid	10462	2219 Manning St, Bronx, NY 10462	40.8372696	-73.8515603	0.237682888283	15	0.147163115899	7	0.333525648588	2	3	2.5	1392	405000	10	1785	1920	112	20	34	46	26	42	29	14	31	15	8	128
30733440_zpid	30733440_zpid	11224	2867 W 22nd St, Brooklyn, NY 11224	40.576746	-73.988766	0.42049652125	3	0.244889242944	5	0.641350240887	1	4	2	1400	415000	17	2380	1960	344	52	188	200	136	44	92	36	64	112	32	372
30601249_zpid	30601249_zpid	11233	1241 Herkimer St, Brooklyn, NY 11233	40.677815	-73.912318	0.506696485752	4	0.16801563521	3	0.150722304981	4	5	3	1980	515000	11	1683	1920	256	28	178	184	137	54	45	24	65	81	32	231
29797854_zpid	29797854_zpid	10472	1380 Stratford Ave, Bronx, NY 10472	40.833433	-73.876163	0.484770240601	4	0.567076636567	2	0.453301983722	2	4	3	2498	459000	0	2500	1940	200	23	90	114	90	39	15	10	36	35	8	155
30602499_zpid	30602499_zpid	11221	205 Van Buren St, Brooklyn, NY 11221	40.690874	-73.9380709	0.147833157436	11	0.362254741975	5	0.733836199337	1	10	5	5000	1900000	4	1967	1899	201	54	103	143	87	37	29	13	42	53	31	232
29849372_zpid	29849372_zpid	10465	198 Brinsmade Ave, Bronx, NY 10465	40.814963	-73.819733	0.585516177347	2	0.523977098282	1	3.32129764439	0	4	2	5074	600000	19	6425	1950	17	8	10	4	5	18	17	8	14	7	7	41
30736545_zpid	30736545_zpid	11223	2122 W 11th St, Brooklyn, NY 11223	40.595313	-73.982367	0.427407094239	7	0.225693434293	3	0.363807731025	4	5	3	3016	1200000	0	2000	1925	38	16	7	18	9	25	23	29	13	4	4	55
29782125_zpid	29782125_zpid	10453	1915 Harrison Ave, Bronx, NY 10453	40.8534965	-73.9109493	0.112243098684	11	0.279271373766	8	0.274982140697	4	4	2	2126	360000	57	6420	1920	602	42	223	241	228	95	31	24	105	74	27	350
30759346_zpid	30759346_zpid	11234	1000 E 56th St, Brooklyn, NY 11234	40.631843	-73.922742	0.323868198418	6	0.338209091331	2	2.10647410013	0	4	3	2200	535000	19	2000	1955	36	12	19	24	12	46	18	24	12	12	2	71
29777592_zpid	29777592_zpid	10455	429 E 153rd St, Bronx, NY 10455	40.818717	-73.9153216	0.329190988527	5	0.162753144337	9	0.355503096829	2	8	3	2640	222500	32	2221	1910	64	28	32	47	41	19	20	4	11	11	12	154
30744964_zpid	30744964_zpid	11229	2161 E 26th St, Brooklyn, NY 11229	40.598554	-73.9450899	0.297289453876	6	0.217400468522	3	0.919909870474	0	2	2	1400	410000	124	1600	1940	24	16	13	16	16	33	38	28	26	5	6	125
29835688_zpid	29835688_zpid	10466	4026 Rombouts Ave, Bronx, NY 10466	40.8915719	-73.829794	0.230205350453	2	0.316655137822	1	0.374593830898	1	3	2	1060	429000	3	4303	1930	19	9	11	15	2	15	17	4	8	5	1	31
30730804_zpid	30730804_zpid	11214	193 Bay 34th St, Brooklyn, NY 11214	40.596098	-73.994677	0.290804426126	9	0.538160554703	6	0.652163582323	2	7	5	2320	1230000	0	2425	1925	73	5	30	43	27	63	31	19	20	12	3	85
30731171_zpid	30731171_zpid	11214	115 Bay 46th St, Brooklyn, NY 11214	40.589992	-73.986686	0.259322050639	4	0.761445086734	0	0.278190391219	1	5	3	1328	699000	6	1909	1905	12	8	7	23	5	19	24	22	26	7	4	46
30732380_zpid	30732380_zpid	11224	3610 Bayview Ave, Brooklyn, NY 11224	40.580701	-74.003202	0.657409716595	1	0.384326379232	1	1.87650491967	0	4	2	1520	370000	36	1742	1984	38	7	9	19	10	2	10	3	7	9	2	37
30781708_zpid	30781708_zpid	11234	2051 E 60th St, Brooklyn, NY 11234	40.615276	-73.915897	0.216548435172	6	0.590003720466	1	3.31891420687	0	4	2	1760	550000	3	1999	1960	32	40	32	28	16	100	76	32	76	4	16	256
30620599_zpid	30620599_zpid	11222	158 Guernsey St, Brooklyn, NY 11222	40.726277	-73.9540449	0.182763790855	15	0.204028123311	4	0.296541600328	2	7	6	2624	1238000	25	800	1899	51	86	21	48	20	35	37	24	19	14	11	179
30655363_zpid	30655363_zpid	11236	639 E 91st St, Brooklyn, NY 11236	40.651383	-73.9167	0.149779392704	7	0.456675964089	1	1.12142976272	0	2	1	1809	510000	111	2217	1930	45	4	19	27	20	39	24	8	11	13	4	81
30716395_zpid	30716395_zpid	11230	1115 E 2nd St, Brooklyn, NY 11230	40.623053	-73.974211	0.398301576774	4	0.448184046548	4	0.26937148882	2	3	2.5	3000	1100000	8	3000	1925	172	48	24	72	16	44	120	136	28	4	12	172
29792661_zpid	29792661_zpid	10473	732 Commonwealth Ave, Bronx, NY 10473	40.819974	-73.865193	0.182494999886	3	0.260235794321	2	1.3002166722	0	3	1	2800	479000	0	1973	1965	36	11	24	16	16	14	14	6	23	10	7	70
30567103_zpid	30567103_zpid	11201	7 Doughty St, Brooklyn, NY 11201	40.7023849	-73.9946523	0.41906001907	8	0.558840132604	1	0.427929401606	3	2	2	1000	1780000	21	1074	1910	7	45	6	16	7	7	17	16	7	3	4	67
30667498_zpid	30667498_zpid	11226	315 E 16th St, Brooklyn, NY 11226	40.642885	-73.963495	0.147239700001	8	0.159770461499	4	0.171944692525	2	7	3	3174	1290000	18	5000	1900	1624	284	808	892	884	136	88	88	196	240	28	1200
30585286_zpid	30585286_zpid	11215	198 11th St, Brooklyn, NY 11215	40.669664	-73.991317	0.160521345936	11	0.418298802263	3	0.151252570551	4	5	3	1620	1440000	21	1875	1899	62	69	26	50	28	36	55	34	30	19	14	205
29787925_zpid	29787925_zpid	10458	262 E 197th St, Bronx, NY 10458	40.8681446	-73.8896918	0.129631465797	8	0.137942514493	9	0.346590910608	6	8	3	2700	235000	17	3393	1935	608	77	206	235	268	42	20	3	70	63	27	323
30786996_zpid	30786996_zpid	11234	2001 E 54th St, Brooklyn, NY 11234	40.612855	-73.921913	0.400191210621	4	1.16370058769	0	3.06950545999	0	5	2.75	2280	675000	5	3033	1960	16	5	10	10	10	33	22	17	18	5	6	104
30647414_zpid	30647414_zpid	11207	733 Alabama Ave, Brooklyn, NY 11207	40.658355	-73.893379	0.722124633359	3	0.346900056155	3	0.496059881538	2	7	3	2320	300000	151	24	1925	97	10	71	79	55	27	40	14	22	40	8	146
29842621_zpid	29842621_zpid	10461	2881 Roebling Ave, Bronx, NY 10461	40.8429969	-73.833427	0.210836083318	6	0.668206510394	1	0.262169079313	2	2	2	1710	445000	0	2374	1920	96	15	20	16	19	35	33	16	11	15	5	111
30756649_zpid	30756649_zpid	11229	1633 Burnett St, Brooklyn, NY 11229	40.611713	-73.943241	0.121813170054	3	0.498357480206	2	1.27724370265	0	3	1	1300	678000	8	3100	1925	33	5	14	21	8	14	27	18	11	4	2	62
30738664_zpid	30738664_zpid	11223	17 Southgate Ct, Brooklyn, NY 11223	40.591245	-73.972307	0.171475673976	8	0.566380731472	2	0.244336830925	3	7	3.5	2784	675000	33	1916	1925	53	11	16	19	8	40	35	42	21	5	5	100
30652984_zpid	30652984_zpid	11203	248 E 54th St, Brooklyn, NY 11203	40.652816	-73.926891	0.0541189107077	9	0.0286890563698	3	1.31160292612	0	4	3	2000	519000	0	2000	1920	211	26	86	82	90	77	39	10	27	44	19	210
30606970_zpid	30606970_zpid	11206	49 Vernon Ave, Brooklyn, NY 11206	40.694736	-73.950179	0.170136069336	8	0.439299203926	7	0.129263062146	3	8	4	2137	241500	77	1875	1931	66	24	49	88	40	36	16	18	25	19	19	121
30720528_zpid	30720528_zpid	11223	1621 W 7th St, Brooklyn, NY 11223	40.6073912	-73.9803695	0.277016831853	12	0.295596092564	6	0.386080776367	3	3	2	1260	1199000	0	4000	1925	308	76	144	80	120	236	60	100	48	40	12	308
30724506_zpid	30724506_zpid	11230	997 E 19th St, Brooklyn, NY 11230	40.62634	-73.957421	0.348353118421	4	0.346490982857	2	0.307994477367	2	6	2	2186	240000	278	4000	1910	185	15	85	101	104	32	21	27	20	38	9	169
30737574_zpid	30737574_zpid	11223	2239 W 7th St, Brooklyn, NY 11223	40.593279	-73.977648	0.0874317564524	7	0.0859429605646	3	0.0792385930823	5	5	3	1530	650000	44	2200	1930	148	72	44	100	44	176	92	160	104	32	24	324
30625186_zpid	30625186_zpid	11237	239 Starr St, Brooklyn, NY 11237	40.705784	-73.922776	0.281414848047	9	0.235271893318	4	0.0840919454493	2	7	2	3300	1199000	0	1875	1910	157	118	85	134	109	44	38	13	40	51	23	268
29853927_zpid	29853927_zpid	10471	6103 Liebig Ave, Bronx, NY 10471	40.909965	-73.9015635	0.417892363909	7	0.4513917959	4	1.24932035496	0	5	3	3100	875000	0	2321	1963	8	9	6	13	5	10	27	10	11	4	5	40
30669532_zpid	30669532_zpid	11210	1382 Flatbush Ave, Brooklyn, NY 11210	40.636593	-73.952082	0.13785551513	4	0.351941833959	4	0.487064879985	2	4	4	3300	185000	261	1598	1933	824	128	384	332	316	164	128	72	100	168	24	868
30664414_zpid	30664414_zpid	11226	4 Parkside Ct, Brooklyn, NY 11226	40.655874	-73.96057	0.114665767317	11	0.0716054555659	5	0.101488054459	3	6	3	3672	975000	35	1700	1910	1368	248	796	752	656	72	112	88	168	192	52	964
29813918_zpid	29813918_zpid	10461	1101 Sackett Ave, Bronx, NY 10461	40.845116	-73.849385	0.260105070289	7	0.471317750984	3	0.790597460779	0	3	2	1701	365000	45	2613	1930	102	17	30	44	18	42	30	22	26	10	6	118
30670995_zpid	30670995_zpid	11218	68 E 2nd St, Brooklyn, NY 11218	40.650366	-73.9799759	0.231375492784	9	0.636435858143	2	0.360553992284	2	4	3	1552	895000	27	1655	1910	60	92	44	80	48	92	84	84	52	8	12	220
30788781_zpid	30788781_zpid	11234	2603 E 63rd St, Brooklyn, NY 11234	40.60899	-73.910563	0.777944758935	0	0.923427790822	0	3.98302007217	0	5	3.5	2484	635000	24	2700	1965	2	5	2	5	2	18	8	27	22	2	1	31
30740286_zpid	30740286_zpid	11235	2750 Brighton 7th St, Brooklyn, NY 11235	40.583503	-73.962581	0.201556159314	8	0.318628671022	5	0.659191661529	1	7	3	2916	655000	7	2328	1930	324	144	116	208	76	220	208	124	100	72	80	636
30789571_zpid	30789571_zpid	11235	3066 Brighton 5th St, Brooklyn, NY 11235	40.5778	-73.962822	0.0831587371874	9	0.0322853255561	5	0.131502060469	2	6	4	2700	700000	12	2600	1932	584	244	288	408	244	272	184	84	184	128	100	1084
29831755_zpid	29831755_zpid	10466	644 E 227th St, Bronx, NY 10466	40.889611	-73.861751	0.161613182929	4	0.328176014779	2	0.21299975532	4	5	3	2805	474900	4	2330	1964	311	19	111	124	121	72	19	6	39	65	14	196
29842500_zpid	29842500_zpid	10461	2832 Roebling Ave, Bronx, NY 10461	40.842524	-73.8355629	0.087584230034	6	0.821177683488	0	0.162186673401	3	7	5	2305	525000	10	4750	1931	72	11	23	16	16	28	21	15	13	11	3	88
30759952_zpid	30759952_zpid	11234	1273 E 46th St, Brooklyn, NY 11234	40.629847	-73.931652	0.335090660277	7	0.781200728525	0	1.39124275149	0	3	1	1459	478000	20	3675	1935	17	11	15	11	3	36	23	19	21	8	2	63
30651553_zpid	30651553_zpid	11212	194 E 95th St, Brooklyn, NY 11212	40.661133	-73.923415	0.170862629248	10	0.282545529533	7	0.407940141125	2	7	4	3198	625000	7	2500	1930	528	19	196	215	174	52	21	10	44	73	27	288
30726579_zpid	30726579_zpid	11230	2068 Ocean Ave, Brooklyn, NY 11230	40.611469	-73.954103	0.219178704612	4	0.141873007552	4	0.441786068124	1	6	2.5	3000	1825100	19	5000	1935	60	7	35	36	25	30	8	23	6	5	3	57
30791397_zpid	30791397_zpid	11235	1612 Shore Blvd, Brooklyn, NY 11235	40.580605	-73.93858	0.399419433937	1	1.19899004961	0	1.49139320252	0	3	3	3000	600000	12	2500	2016	9	7	6	14	8	12	16	3	22	2	1	38
29812450_zpid	29812450_zpid	10460	1624 Adams St, Bronx, NY 10460	40.840413	-73.870092	0.149243078735	6	0.561405720285	2	0.330113398084	1	4	2	1320	350500	13	1568	1925	263	27	80	101	106	53	25	15	34	51	28	161
30642919_zpid	30642919_zpid	11208	226 Autumn Ave, Brooklyn, NY 11208	40.684684	-73.870727	0.187901572838	5	0.17096252627	5	0.306837258594	2	5	3	2000	699000	0	2003	1910	116	40	68	97	53	72	39	11	65	46	7	200
89072713_zpid	89072713_zpid	11205	45 N Oxford St, Brooklyn, NY 11205	40.6966319	-73.9754928	0.346440810631	6	0.387270494185	3	0.898066803192	0	1	1	5200	500000	13	2200	2010	96	84	36	72	60	100	20	72	20	48	24	224
30633456_zpid	30633456_zpid	11212	953 Thomas S Boyland St, Brooklyn, NY 11212	40.656964	-73.91007	0.241143595629	6	0.186664625996	6	0.632429420524	2	7	3	3408	560000	13	3000	1930	684	72	456	412	324	116	132	44	196	120	52	768
30635276_zpid	30635276_zpid	11212	669 Mother Gaston Blvd, Brooklyn, NY 11212	40.662408	-73.904662	0.366147938479	3	0.292421397983	8	0.223985331674	4	3	1.5	1116	187199	53	1800	1985	38	11	38	31	22	10	22	5	25	10	6	74
30576709_zpid	30576709_zpid	11220	263 50th St, Brooklyn, NY 11220	40.648283	-74.015177	0.277207371556	9	0.284632536538	9	0.37057692844	2	6	3	2400	460000	29	1800	1915	52	22	42	64	32	31	46	19	26	20	5	143
30671675_zpid	30671675_zpid	11219	1021 38th St, Brooklyn, NY 11219	40.644929	-73.991448	0.230439556717	5	0.373153619041	5	0.286410381476	2	4	2	2060	450000	113	2107	1899	108	16	84	136	44	96	80	152	52	36	12	272
30731968_zpid	30731968_zpid	11214	2758 Cropsey Ave, Brooklyn, NY 11214	40.586793	-73.989199	0.415358771137	4	0.572499464086	1	0.512836180608	1	2	2	928	470000	33	2328	1945	12	10	9	23	5	21	21	18	21	7	4	42
30733625_zpid	30733625_zpid	11224	2825 W 16th St, Brooklyn, NY 11224	40.578355	-73.9836909	0.192263632375	2	0.503539692294	5	0.23232310031	2	3	1	900	550000	35	4748	2015	224	32	92	140	104	60	108	52	48	68	16	328
66655986_zpid	66655986_zpid	11236	1358 E 83rd St, Brooklyn, NY 11236	40.629153	-73.902832	0.886909929016	0	0.697759492587	1	1.94996765648	0	7	3.5	3396	625000	122	3998	1939	43	6	17	18	8	44	22	8	23	5	8	58
30647384_zpid	30647384_zpid	11207	474 Hegeman Ave, Brooklyn, NY 11207	40.658758	-73.893772	0.487765732498	3	0.301678079974	3	0.461091060813	2	4	2.5	1590	130000	67	1900	1920	130	13	83	85	72	28	43	13	25	45	10	172
