30673705_zpid	30673705_zpid	11218	408 E 2nd St, Brooklyn, NY 11218	40.64143	-73.978322	0.202702917672	11	0.158087984291	10	0.312409058646	2	5	4	1504	1150000	0	2500	1930	632	164	216	288	216	260	220	252	112	88	64	784
30668254_zpid	30668254_zpid	11226	499 Rugby Rd, Brooklyn, NY 11226	40.637544	-73.964378	0.225153646173	7	0.279887882422	7	0.305026583399	3	6	4	2528	1850000	9	3998	1905	119	29	48	52	50	21	19	10	15	17	3	99
29841755_zpid	29841755_zpid	10461	2840 Lasalle Ave, Bronx, NY 10461	40.837976	-73.832894	0.21593771717	3	0.959883314388	0	0.716108705785	1	3	1.5	1250	391400	4	2510	1920	24	20	15	16	10	41	27	20	11	6	2	79
30715583_zpid	30715583_zpid	11230	729 E 9th St, Brooklyn, NY 11230	40.630949	-73.96801	0.411919855448	7	0.295903007335	6	0.569773137587	2	3	2	2064	561000	32	1611	1910	340	160	228	156	172	256	204	220	104	68	48	648
30733812_zpid	30733812_zpid	11224	4011 Atlantic Ave, Brooklyn, NY 11224	40.5744169	-74.0065866	0.634716181247	1	0.51509034262	1	2.16964553636	0	4	4	3000	1500000	0	4007	1960	29	9	9	28	4	3	16	4	8	3	0	33
29846294_zpid	29846294_zpid	10465	742 Wilcox Ave, Bronx, NY 10465	40.830353	-73.816485	0.595337931426	5	0.634159047765	2	2.24789184172	0	4	2	1898	400000	4	2500	1920	5	3	3	11	0	13	16	25	14	1	3	35
30756960_zpid	30756960_zpid	11234	1630 E 35th St, Brooklyn, NY 11234	40.6150639	-73.938924	0.200922823436	3	0.179349434481	2	1.74770227938	0	3	2	1036	450000	32	1742	1925	48	60	32	72	20	136	96	92	152	32	12	368
29850287_zpid	29850287_zpid	10464	85 Winters St, Bronx, NY 10464	40.84373	-73.786353	0.0965079890971	3	3.32696753222	0	3.58001455535	0	3	2	2000	549998	0	4821	1940	18	13	5	8	3	2	34	10	9	3	22	44
30608222_zpid	30608222_zpid	11216	437 Greene Ave, Brooklyn, NY 11216	40.688351	-73.95346	0.109355953435	10	0.354503854827	6	0.237432440106	2	5	5.5	3129	999999	37	2000	1931	103	60	64	85	54	29	23	10	19	34	33	183
79720047_zpid	79720047_zpid	11234	30 Harbor Dr, Brooklyn, NY 11234	40.6100405	-73.9149838	0.668671044404	2	0.929458340696	0	3.62286741782	0	4	5.5	4313	972428	13	5060	2007	4	7	3	6	6	22	4	21	19	3	1	25
30614609_zpid	30614609_zpid	11238	270 Saint James Pl, Brooklyn, NY 11238	40.682155	-73.96383	0.12265676227	10	0.0933628734036	6	0.297450740922	4	1	1	2327	395000	167	1875	1899	126	153	73	123	92	52	53	28	36	29	31	232
29843359_zpid	29843359_zpid	10465	1327 Stadium Ave, Bronx, NY 10465	40.840004	-73.820236	0.575811460069	2	0.537906386866	2	1.285578172	0	5	3.5	7260	1250000	43	8232	1993	4	10	8	2	4	5	31	13	8	2	2	36
30606205_zpid	30606205_zpid	11233	309 Bainbridge St, Brooklyn, NY 11233	40.681973	-73.924265	0.495652482429	7	0.360707623582	3	0.428453537324	2	5	2	3250	485000	53	2000	1899	190	79	116	158	101	27	24	17	54	72	27	235
29818749_zpid	29818749_zpid	10462	2144 Muliner Ave, Bronx, NY 10462	40.855105	-73.861688	0.365356864368	9	0.318114303423	3	0.129977913718	3	5	6	5040	700000	17	3300	1940	393	33	75	60	70	28	30	12	34	28	24	165
30758518_zpid	30758518_zpid	11210	962 E 40th St # 1, Brooklyn, NY 11210	40.631766	-73.93821	0.429270863325	2	0.493778228637	1	0.805676729706	0	7	3	2500	605000	22	4000	1960	30	5	23	24	23	26	17	16	15	8	6	74
30633377_zpid	30633377_zpid	11212	521 Watkins St, Brooklyn, NY 11212	40.6596959	-73.9050093	0.280905263202	4	0.310406967918	4	0.459218711223	4	3	1	3	295000	80	1800	1986	89	15	67	61	44	27	35	6	39	18	10	135
30679251_zpid	30679251_zpid	11230	4818 Bay Pkwy, Brooklyn, NY 11230	40.6230405	-73.9728423	0.479755558623	5	0.51145008597	4	0.325281849077	2	2	3	1078	352250	182	3000	1930	44	9	7	23	7	16	36	31	11	1	2	52
30791366_zpid	30791366_zpid	11235	184 Oxford St, Brooklyn, NY 11235	40.57884	-73.938232	0.597831065913	1	1.3971934201	0	1.61754221292	0	1	1	1280	320000	86	2000	1925	2	5	0	6	0	12	11	3	8	1	1	19
83047059_zpid	83047059_zpid	11233	238 Macdougal St, Brooklyn, NY 11233	40.679986	-73.910693	0.29583545171	6	0.309807534996	5	0.166455436405	6	6	6	2550	680000	130	1700	2005	228	20	161	165	122	41	39	17	57	72	26	194
30613259_zpid	30613259_zpid	11238	146 Saint James Pl, Brooklyn, NY 11238	40.685553	-73.964528	0.206929621515	9	0.224480517871	4	0.290592041687	3	5	4	3600	324375	307	2000	1930	584	468	344	504	376	168	196	64	164	96	120	784
30770789_zpid	30770789_zpid	11236	8 Paerdegat 8th St, Brooklyn, NY 11236	40.629474	-73.906907	0.825393431377	0	0.841357790947	0	1.95959745777	0	3	1	2750	295500	210	1992	1965	144	8	36	76	28	216	64	16	68	20	24	148
112080020_zpid	112080020_zpid	11249	162 N 12th St APT 3B, Brooklyn, NY 11249	40.7208641	-73.9555615	0.0890540249152	12	0.21295604998	3	0.379124914178	2	1	1	637	484439	52	5000	2011	232	220	24	48	8	104	60	48	36	152	4	292
89074750_zpid	89074750_zpid	11217	133 Fort Greene Pl, Brooklyn, NY 11217	40.685844	-73.9760079	0.0651193984762	8	0.161839342882	1	0.171116645606	9	8	4	5040	2740000	11	2100	1900	63	89	27	42	16	20	33	41	32	18	19	182
30759967_zpid	30759967_zpid	11234	1772 Schenectady Ave, Brooklyn, NY 11234	40.629199	-73.931228	0.320922088008	7	0.700861429212	1	1.44459074096	0	3	2.5	1662	510500	129	2500	1940	17	8	15	9	3	38	25	20	21	7	1	66
83045039_zpid	83045039_zpid	11226	910 Rogers Ave, Brooklyn, NY 11226	40.6481227	-73.9523224	0.272784416076	6	0.265392070484	7	0.381504039948	2	5	3	3420	734000	8	953	2000	1392	176	564	572	528	324	128	64	164	248	128	1060
30763299_zpid	30763299_zpid	11234	1458 E 54th St, Brooklyn, NY 11234	40.622095	-73.923586	0.116393009928	9	0.344040937144	1	2.35804601135	0	3	1.5	756	355000	0	1800	1925	40	124	24	48	32	164	116	64	80	36	36	464
30619106_zpid	30619106_zpid	11249	127 S 2nd St, Brooklyn, NY 11249	40.713639	-73.962504	0.0602981123151	10	0.314419423082	4	0.625600356986	2	1	1	3000	416000	70	2500	1910	100	360	28	108	24	120	72	64	88	12	24	420
30734480_zpid	30734480_zpid	11223	1982 W 7th St, Brooklyn, NY 11223	40.599075	-73.9792496	0.0884186728316	7	0.340863844784	5	0.178587607514	6	8	3	2431	890000	21	1495	1930	144	92	48	108	44	236	112	208	92	36	32	328
30633444_zpid	30633444_zpid	11212	978 Thomas S Boyland St, Brooklyn, NY 11212	40.656385	-73.910579	0.252819415426	5	0.215507811602	6	0.703541560518	2	3	1	1930	355000	30	2300	1930	676	72	444	428	304	120	128	36	184	120	56	736
30720456_zpid	30720456_zpid	11223	1658 W 7th St, Brooklyn, NY 11223	40.606552	-73.980637	0.181995078325	11	0.241647686588	6	0.293641559384	3	6	2	1456	610000	17	1466	1930	312	80	144	80	116	300	68	136	56	44	16	356
30699658_zpid	30699658_zpid	11209	21 87th St, Brooklyn, NY 11209	40.62493	-74.039636	0.763550201631	0	0.845255858421	0	0.981797513351	0	3	3	2300	1415000	1	3998	1925	17	9	1	14	4	12	20	9	6	2	1	42
30719691_zpid	30719691_zpid	11204	1553 W 2nd St, Brooklyn, NY 11204	40.6094671	-73.9758771	0.129953153189	12	0.341443735075	7	0.256012879937	4	3	2.5	1248	938000	14	3460	1935	556	68	100	104	124	240	56	80	40	20	20	308
30608287_zpid	30608287_zpid	11221	24 Van Buren St, Brooklyn, NY 11221	40.689678	-73.944325	0.324975367205	11	0.345022499323	4	0.61472339507	1	2	1	2406	275000	10	1767	1899	119	39	67	88	71	20	24	8	23	37	14	148
83044812_zpid	83044812_zpid	11234	1323 E 70th St, Brooklyn, NY 11234	40.6236123	-73.9126082	0.543387165392	5	0.759143138911	0	2.72123775658	0	6	4.5	3870	940000	14	7839	2005	20	3	7	10	3	46	15	21	16	4	5	86
30731708_zpid	30731708_zpid	11223	2550 Stillwell Ave, Brooklyn, NY 11223	40.585651	-73.9835	0.304362520364	3	0.344034577897	1	0.355815119989	1	3	1.5	1480	427000	26	2000	1901	2	3	0	0	2	6	2	1	2	1	0	4
30701117_zpid	30701117_zpid	11209	143 Battery Ave, Brooklyn, NY 11209	40.615699	-74.024361	0.340284922458	7	0.559878420654	3	0.583534987937	1	2	1	2142	740000	53	2625	1938	26	11	10	9	8	15	11	4	1	2	1	38
30698432_zpid	30698432_zpid	11209	8205 Shore Rd, Brooklyn, NY 11209	40.628398	-74.0394309	0.818010846237	0	1.13358904573	0	1.12831748626	0	4	3.5	5621	4400000	13	12196.800000000001	1950	3	2	0	4	0	2	17	8	6	1	1	30
30779051_zpid	30779051_zpid	11236	1649 E 94th St, Brooklyn, NY 11236	40.632737	-73.89225	0.152010016688	6	0.269757043529	4	1.74863528497	0	4	3.5	2340	578000	78	2933	1960	27	9	14	14	3	39	17	17	10	7	1	41
29827776_zpid	29827776_zpid	10469	918 E 219th St, Bronx, NY 10469	40.881239	-73.856331	0.488855508427	6	0.684037813237	2	0.610253171349	1	4	3	2096	390000	26	2605	1930	71	4	32	38	27	40	5	3	23	10	6	68
30598052_zpid	30598052_zpid	11233	2105 Pacific St # A, Brooklyn, NY 11233	40.6760063	-73.9172904	0.144938591858	2	0.418573429832	3	0.468674787141	2	7	3	2150	950000	0	1667	1901	196	17	120	125	92	33	33	19	54	53	38	186
30789934_zpid	30789934_zpid	11235	4 Brighton 10th Path, Brooklyn, NY 11235	40.5810724	-73.9595403	0.177841425603	12	0.0646482708146	5	0.406756398887	1	4	1.5	1924	450000	40	1283	1960	229	51	75	97	53	85	52	31	51	33	27	255
30707260_zpid	30707260_zpid	11214	1655 78th St, Brooklyn, NY 11214	40.613883	-74.000985	0.0951397229437	11	0.0319032589571	7	0.0530329729439	3	7	2	4080	840000	71	2700	1920	36	6	13	25	8	20	21	24	15	6	6	92
30613988_zpid	30613988_zpid	11238	490 Classon Ave, Brooklyn, NY 11238	40.683417	-73.959237	0.27423497015	11	0.293869485401	4	0.392742797072	4	4	3	1700	1375000	20	2375	1899	392	660	236	424	260	140	180	80	180	60	164	724
30671492_zpid	30671492_zpid	11218	116 E 4th St, Brooklyn, NY 11218	40.649676	-73.977947	0.174886686833	11	0.079711198827	2	0.183927423161	2	1	1	600	839000	90	2000	1910	152	116	72	120	76	132	100	128	76	24	20	368
29797374_zpid	29797374_zpid	10462	2213 Ellis Ave, Bronx, NY 10462	40.832945	-73.850568	0.0403482558889	12	0.292231998783	4	0.176035284746	2	3	1.5	1371	369000	14	2575	1940	199	20	51	45	36	57	29	14	21	20	13	140
30652657_zpid	30652657_zpid	11212	399 E 95th St, Brooklyn, NY 11212	40.657518	-73.918543	0.325155334605	10	0.176597921813	4	0.476340046082	1	7	2.5	2318	495000	129	2535	1955	447	15	204	208	155	66	24	10	35	65	31	287
30763132_zpid	30763132_zpid	11234	1486A E 52nd St, Brooklyn, NY 11234	40.623163	-73.925662	0.135659726421	9	0.132223091653	1	2.14661702101	0	2	1.5	944	127500	226	566280	1925	9	32	7	12	9	47	36	17	20	7	8	103
30737678_zpid	30737678_zpid	11223	15 Corso Ct, Brooklyn, NY 11223	40.5948734	-73.9747317	0.274767485276	4	0.387542959283	2	0.176178779876	4	1	1	725	475000	49	1343	1925	160	48	44	144	48	220	96	152	104	28	40	420
55540897_zpid	55540897_zpid	10454	699 E 142nd St, Bronx, NY 10454	40.808359	-73.9114139	0.481212788468	8	0.485714402978	3	0.319073537889	4	5	2.5	2280	440000	7	2278	1999	436	72	216	248	164	36	44	24	72	76	24	368
29847446_zpid	29847446_zpid	10465	1 Schuyler Ter, Bronx, NY 10465	40.809819	-73.803029	1.3814385822	0	1.64677996015	0	4.71455198129	0	2	2	1146	295000	2	1296	1920	1	3	1	1	0	2	3	9	1	0	1	6
30663721_zpid	30663721_zpid	11210	3401 Farragut Rd, Brooklyn, NY 11210	40.636741	-73.944036	0.526970973754	1	0.435976378801	3	0.515312429392	2	3	3	2008	569000	25	3200	1928	291	17	162	155	142	53	26	11	37	55	7	276
30740235_zpid	30740235_zpid	11235	2652 Hubbard St, Brooklyn, NY 11235	40.58574	-73.963001	0.310931724971	9	0.534276287794	3	0.758823103209	0	4	2	1750	599000	16	2032	1935	30	24	20	34	11	44	43	31	18	8	9	93
30737568_zpid	30737568_zpid	11223	2261 W 7th St, Brooklyn, NY 11223	40.592822	-73.977562	0.435115606548	5	0.0896226013487	2	0.0575750613992	5	6	3	2000	950000	5	2500	1925	144	68	44	100	40	156	92	144	84	28	28	336
30738432_zpid	30738432_zpid	11223	2311 W 13th St, Brooklyn, NY 11223	40.5909272	-73.9828694	0.0589196208203	4	0.42864385582	2	0.244263856082	3	8	3	3630	855000	24	2917	1965	8	8	4	8	4	13	8	7	8	2	2	16
30706938_zpid	30706938_zpid	11228	1124 77th St, Brooklyn, NY 11228	40.62123	-74.012569	0.422888750007	4	0.531536513257	2	1.17233593211	0	3	3	2150	899000	4	2000	1920	5	13	2	18	2	39	49	24	19	1	3	51
30624071_zpid	30624071_zpid	11211	3A Maspeth Ave, Brooklyn, NY 11211	40.7150914	-73.9424985	0.177104226783	12	0.176530520571	4	0.143657686935	3	2	2	1000	1050000	0	1194	1910	31	90	17	55	26	34	54	10	31	15	22	192
30786432_zpid	30786432_zpid	11234	2117 E 35th St, Brooklyn, NY 11234	40.60741	-73.929631	0.377998290004	3	0.781938960274	0	2.38604680343	0	2	2	1088	440000	65	1600	1950	0	28	12	8	8	60	60	72	60	0	8	152
30728847_zpid	30728847_zpid	11229	1841 E 27th St, Brooklyn, NY 11229	40.606034	-73.945562	0.27311482239	1	0.692748948133	2	1.0764624836	0	3	1.5	1965	706000	22	3000	1925	36	40	16	60	16	120	124	104	80	8	4	344
30636841_zpid	30636841_zpid	11208	77 Ridgewood Ave, Brooklyn, NY 11208	40.682813	-73.886105	0.439422685664	6	0.379927671814	5	0.342204007933	3	2	1.5	3000	645000	8	2278	1940	49	15	26	24	30	30	20	11	17	13	9	72
30649540_zpid	30649540_zpid	11208	983 Hegeman Ave, Brooklyn, NY 11208	40.666661	-73.876582	0.280214470836	8	0.464246145947	5	0.603688742035	1	6	3	800	566500	124	1800	1950	78	12	70	70	60	26	38	9	22	35	16	140
29851483_zpid	29851483_zpid	10475	3521 Mc Owen Ave, Bronx, NY 10475	40.888064	-73.819374	0.893076247007	0	0.462145723646	1	0.9647884368	0	3	1	1093	295000	36	5009	1925	0	0	0	1	0	3	2	6	0	0	1	4
30585696_zpid	30585696_zpid	11215	388 12th St, Brooklyn, NY 11215	40.665211	-73.983909	0.116028926288	17	0.374279468139	7	0.326392656514	3	3	3	1952	1907000	21	1875	1899	65	80	22	59	21	41	67	34	28	14	16	193
30704747_zpid	30704747_zpid	11204	2111 73rd St, Brooklyn, NY 11204	40.6106188	-73.9878319	0.272485245923	12	0.254868362424	6	0.52293128914	1	7	4	2480	1090000	11	2500	1925	77	23	29	42	43	49	23	25	23	13	2	104
29834891_zpid	29834891_zpid	10466	3652 Harper Ave, Bronx, NY 10466	40.885748	-73.83311	0.440674688437	1	0.228479620044	2	0.34262856483	1	3	1	3232	306000	207	3965	1976	30	9	13	14	1	18	13	11	12	6	1	50
30790126_zpid	30790126_zpid	11235	2922 Brighton 12th St, Brooklyn, NY 11235	40.581446	-73.955855	0.177760265629	10	0.327805406317	8	0.62234466367	2	5	2	22000	561500	125	2200	1940	968	188	232	332	208	276	192	120	164	112	72	808
30732925_zpid	30732925_zpid	11224	2818 W 35th St, Brooklyn, NY 11224	40.576602	-74.001315	0.623889125509	1	0.101370284316	2	1.7004001383	0	8	3	3030	552000	9	2375	1920	200	80	56	140	52	20	84	40	64	56	4	244
30762625_zpid	30762625_zpid	11234	1159 E 57th St, Brooklyn, NY 11234	40.624709	-73.920397	0.108151148575	8	0.566984983422	2	2.47320911968	0	5	3	3800	515000	27	2400	1955	80	36	96	48	52	168	88	128	88	52	40	376
30692335_zpid	30692335_zpid	11209	11 70th St, Brooklyn, NY 11209	40.638088	-74.035386	0.493781170679	3	0.718736409409	1	1.07230964463	0	3	2	1692	795000	28	2775	1945	124	12	20	40	20	84	56	176	32	4	4	132
30791289_zpid	30791289_zpid	11235	131 Langham St, Brooklyn, NY 11235	40.5799949	-73.940823	0.491027211635	1	1.26753034454	0	1.36402976117	0	2	2	1980	90000	270	2000	1935	36	28	16	56	32	48	52	20	64	4	4	104
29798222_zpid	29798222_zpid	10472	1327 Beach Ave, Bronx, NY 10472	40.83376	-73.867018	0.331972745357	8	0.332493243545	5	0.255625355778	2	6	2	3685	530000	5	3005	1930	210	151	56	67	57	34	21	10	31	44	12	144
30750108_zpid	30750108_zpid	11235	2675 E 27th St, Brooklyn, NY 11235	40.5874979	-73.942048	0.302141561131	6	0.474317093134	2	1.0256909563	0	3	1.5	1328	520000	26	2600	1905	17	10	11	23	5	37	27	32	31	2	5	98
30727469_zpid	30727469_zpid	11229	1756 E 19th St, Brooklyn, NY 11229	40.607339	-73.9544109	0.267384409513	4	0.298090122686	3	0.32385400641	1	6	5	4000	785000	35	4000	1930	704	148	212	212	256	292	252	172	80	76	12	776
30793505_zpid	30793505_zpid	11229	26 Keen Ct, Brooklyn, NY 11229	40.5879754	-73.9249691	0.318583653636	2	1.2955460452	0	2.47022945909	0	3	2	1200	373000	25	1800	1925	2	3	2	15	0	1	30	10	20	1	4	39
30582412_zpid	30582412_zpid	11217	370 Douglass St, Brooklyn, NY 11217	40.678689	-73.980827	0.163140765192	17	0.180442916118	5	0.245984533338	7	5	5	3334	3950000	2	1667	1899	54	186	26	24	21	43	41	47	32	11	15	140
30642002_zpid	30642002_zpid	11208	104 Etna St, Brooklyn, NY 11208	40.685071	-73.879434	0.274604114597	6	0.443839499372	4	0.410728285801	3	4	2	1904	460000	14	2500	1910	364	132	224	256	184	188	108	52	176	104	36	544
112506571_zpid	112506571_zpid	11215	187 13th St, Brooklyn, NY 11215	40.668536	-73.991395	0.0543344652744	11	0.36091816665	2	0.246891067102	3	3	2	1300	1462500	116	5000	2007	77	71	32	58	29	31	59	32	35	18	15	217
29819793_zpid	29819793_zpid	10469	1391 Pelham Pkwy N, Bronx, NY 10469	40.858868	-73.846884	0.482939409175	2	0.987557619177	0	0.721976881989	1	4	3	2520	560000	18	2500	1955	10	4	2	8	3	17	15	3	10	1	2	30
30691335_zpid	30691335_zpid	11220	6655 Sedgwick Pl, Brooklyn, NY 11220	40.639725	-74.0286859	0.347983291324	8	0.44284245784	3	0.694017216772	1	7	4	4455	1205000	37	6000	1901	35	14	22	24	14	24	20	30	6	10	2	51
30600858_zpid	30600858_zpid	11233	264 Macdougal St, Brooklyn, NY 11233	40.680178	-73.909648	0.235737358679	6	0.265739332414	4	0.210310562882	6	6	4	2970	392500	57	1800	1900	186	18	145	158	113	37	32	13	48	75	24	174
30598243_zpid	30598243_zpid	11233	2427 Dean St, Brooklyn, NY 11233	40.67475	-73.906915	0.298970777634	5	0.404483388867	5	0.329075952687	8	4	2	3060	700000	18	2143	1920	100	9	65	101	66	27	23	13	35	36	15	112
30663718_zpid	30663718_zpid	11210	3415 Farragut Rd, Brooklyn, NY 11210	40.636826	-73.943591	0.533185390612	2	0.460082796918	3	0.536691661228	2	4	2	10300	999900	15	10300	1910	286	17	162	153	142	52	25	8	38	54	7	268
29813507_zpid	29813507_zpid	10462	832 Rhinelander Ave, Bronx, NY 10462	40.848235	-73.862013	0.266333234575	8	0.261566824384	3	0.54662829902	2	4	3	1120	450000	3	2500	1910	120	27	48	58	32	80	42	25	30	25	14	125
2099582444_zpid	2099582444_zpid	11205	154B Washington Avenue, Brooklyn, NY 11205	40.6940169	-73.9672094	0.101961179366	9	0.244837164424	2	0.63177103227	1	12	8	14696	5000000	0	2910	2015	68	95	37	41	41	49	16	21	30	24	16	186
30704398_zpid	30704398_zpid	11228	1554 72nd St, Brooklyn, NY 11228	40.618377	-74.00006	0.107815347408	11	0.17027673165	5	0.168570951973	2	5	3	2373	1150000	10	4000	1910	8	3	9	13	10	26	18	28	7	2	1	45
30771555_zpid	30771555_zpid	11236	20 Paerdegat 10th St, Brooklyn, NY 11236	40.6289469	-73.9050759	0.974727385121	0	0.870401216706	0	1.98989261086	0	3	2.5	1980	390000	127	1800	1965	160	4	44	72	32	192	72	20	88	20	24	156
29791672_zpid	29791672_zpid	10473	447 Turneur Ave, Bronx, NY 10473	40.816335	-73.8465839	0.346826971602	3	0.350677280292	2	2.0430395339	0	3	2	1944	299000	0	1947	1960	56	16	56	12	12	52	28	16	28	12	12	160
29778557_zpid	29778557_zpid	10452	1030 Summit Ave, Bronx, NY 10452	40.833978	-73.929463	0.291338307584	3	0.263737692385	3	0.700924120356	3	3	2.5	2731	429000	0	2500	1901	384	51	166	177	171	35	19	4	72	71	28	283
30704980_zpid	30704980_zpid	11228	1565 74th St, Brooklyn, NY 11228	40.61742	-74.0005989	0.124505127584	11	0.285845878307	4	0.282470299702	2	5	3	2574	1080000	3	3998	1925	7	3	9	12	10	25	15	28	8	2	1	48
30622385_zpid	30622385_zpid	11222	575 Meeker Ave, Brooklyn, NY 11222	40.721472	-73.942604	0.215495331963	11	0.19534210504	1	0.778542597316	0	5	3	1785	999000	26	1083	1910	32	45	16	45	12	13	35	20	28	8	11	134
30693716_zpid	30693716_zpid	11228	7104 Fort Hamilton Pkwy, Brooklyn, NY 11228	40.6277417	-74.0140054	0.100522155354	5	0.0801812413531	5	0.809512105129	0	5	2.5	3240	1100000	23	2019	1930	48	20	20	60	12	120	84	72	28	8	4	196
30626770_zpid	30626770_zpid	11221	16 Goodwin Pl, Brooklyn, NY 11221	40.69171	-73.924543	0.101104916675	11	0.0925093384823	5	0.300702477433	3	8	4	3000	985000	21	2199	1901	884	228	384	552	432	192	160	68	256	200	136	1224
30794634_zpid	30794634_zpid	11229	90 Aster Ct, Brooklyn, NY 11229	40.59548	-73.92867	0.333284582007	2	0.784638751841	0	2.23937103695	0	3	1	1786	350000	10	1786	1945	3	17	0	7	2	8	13	6	13	3	2	25
79714107_zpid	79714107_zpid	11238	26 Butler Pl APT 46, Brooklyn, NY 11238	40.675025	-73.9681589	0.100787003095	16	0.268990134335	5	0.228061699959	3	2	1	767	593000	36	13503.6	2005	162	117	65	85	74	19	34	21	35	32	7	181
29790413_zpid	29790413_zpid	10473	1026 Harding Park, Bronx, NY 10473	40.807666	-73.85625	0.920300992737	0	1.56779777458	0	2.82167991001	0	3	1	1300	275000	15	5453	1910	76	36	80	60	36	52	60	44	24	52	12	216
