30734571_zpid	30734571_zpid	11223	1947 W 7th St, Brooklyn, NY 11223	40.5998801	-73.9789625	0.123812013358	6	0.433293001778	5	0.268362767384	5	2	1	1300	775000	67	2417	1925	40	22	18	25	14	70	26	55	22	8	8	88
30757079_zpid	30757079_zpid	11234	1631 E 36th St, Brooklyn, NY 11234	40.615805	-73.937686	0.31259484367	3	0.241354703934	3	1.84582746497	0	3	1.5	1064	517000	5	1800	1920	12	16	11	21	5	42	23	19	39	8	3	102
29793932_zpid	29793932_zpid	10473	2250 Hermany Ave, Bronx, NY 10473	40.824746	-73.847341	0.409991295751	3	0.507847874341	2	1.12248576387	0	4	3	2800	375000	19	2575	1960	20	12	13	7	5	23	11	4	9	4	6	44
30735922_zpid	30735922_zpid	11223	2035 West St, Brooklyn, NY 11223	40.5985234	-73.9715571	0.49651419076	3	0.427634171625	4	0.313307494133	3	3	2	1404	1325000	9	3000	1925	96	56	36	96	24	184	104	268	100	20	16	372
30607848_zpid	30607848_zpid	11221	293 Kosciuszko St, Brooklyn, NY 11221	40.691769	-73.943348	0.27716074822	10	0.125744005991	4	0.633492851239	2	4	3	2001	490000	86	1667	1899	101	38	43	81	52	18	23	7	16	29	18	138
30779389_zpid	30779389_zpid	11236	1466 E 101st St, Brooklyn, NY 11236	40.636082	-73.887369	0.272254281121	6	0.410314990544	2	1.6974223595	0	4	2.5	1560	515000	2	2000	1960	18	8	13	10	0	12	12	8	14	4	2	47
30793931_zpid	30793931_zpid	11229	15 Lois Ave, Brooklyn, NY 11229	40.5868533	-73.9216442	0.352776364211	1	1.60121230684	0	2.7484114868	0	5	3	2736	145000	222	1800	1920	2	3	1	13	0	0	28	9	20	2	5	36
30661827_zpid	30661827_zpid	11203	515 E 40th St, Brooklyn, NY 11203	40.643036	-73.9388419	0.323345328018	3	0.636506986567	2	0.877528972092	0	3	2	1264	320000	37	2000	1920	61	7	21	19	20	39	18	6	20	12	3	81
29846116_zpid	29846116_zpid	10465	832 Vincent Ave, Bronx, NY 10465	40.831537	-73.8186039	0.39564452836	3	0.435179839945	2	2.02718092849	0	4	3	1400	275000	29	2500	1930	20	16	20	60	12	64	84	104	64	12	16	144
30780319_zpid	30780319_zpid	11234	6820 Avenue L, Brooklyn, NY 11234	40.6248689	-73.916145	0.448928060571	4	0.605486423504	1	2.70913571358	0	5	4	2068	685000	5	3000	1960	100	20	60	52	40	240	68	108	64	48	28	408
30631492_zpid	30631492_zpid	11212	2019 Union St, Brooklyn, NY 11212	40.666928	-73.921439	0.151031892744	9	0.0993793202554	5	0.26472513023	2	7	5	2160	590000	5	2800	1930	168	15	56	65	58	28	22	7	30	24	4	123
29792526_zpid	29792526_zpid	10473	2244 Seward Ave, Bronx, NY 10473	40.8210989	-73.846541	0.21350391068	2	0.143175821139	2	1.52976085206	0	6	2	2112	489950	59	3746	1945	92	28	48	8	20	52	28	0	40	4	8	180
30644225_zpid	30644225_zpid	11208	387 Grant Ave, Brooklyn, NY 11208	40.68135	-73.86656	0.392593410791	7	0.306952318855	10	0.496002754706	3	5	2.5	1360	480100	6	1969	1910	108	29	49	65	42	51	23	10	72	28	6	182
30608175_zpid	30608175_zpid	11216	278 Clifton Pl, Brooklyn, NY 11216	40.688652	-73.953249	0.143013752707	10	0.337974650014	6	0.200717415653	2	6	4	3400	2200000	8	1867	1931	408	240	256	344	216	116	96	44	72	136	128	732
30591476_zpid	30591476_zpid	11213	1357 Bergen St, Brooklyn, NY 11213	40.675794	-73.939722	0.149893568453	9	0.450730285269	6	0.469319031945	1	6	3	3226	1200000	3	2036	1901	174	40	79	85	80	25	24	8	32	40	15	190
30785299_zpid	30785299_zpid	11234	1928 Kimball St, Brooklyn, NY 11234	40.6125479	-73.92986	0.198690305102	2	0.692008268793	1	2.40146856733	0	3	3	2000	623000	6	2000	1925	6	35	3	2	1	20	30	28	20	1	3	73
30619782_zpid	30619782_zpid	11222	198 Green St, Brooklyn, NY 11222	40.73364	-73.953363	0.145945083723	13	0.241447506795	4	0.393340712008	1	3	3.5	2000	1050000	59	2482	1901	90	100	63	70	47	50	39	24	27	22	13	228
68310460_zpid	68310460_zpid	11221	1289 Myrtle Ave, Brooklyn, NY 11221	40.6980379	-73.926721	0.111684657787	16	0.0619821002427	6	0.0605025301483	3	5	3	3402	715000	24	1475	2005	119	61	54	78	52	46	26	16	38	30	23	177
30731726_zpid	30731726_zpid	11214	2566 W 15th St, Brooklyn, NY 11214	40.5850895	-73.9842971	0.351793907568	3	0.264379698154	1	0.420030707641	1	4	2	1260	270000	57	2000	1901	7	5	8	16	3	12	11	10	8	2	2	24
30598317_zpid	30598317_zpid	11233	2196 Dean St, Brooklyn, NY 11233	40.6747322	-73.9149655	0.382430825349	3	0.258375129098	2	0.548195652529	2	5	4	3000	875000	2	2045	1910	229	22	129	135	81	42	33	25	53	52	38	175
30666708_zpid	30666708_zpid	11218	135 Westminster Rd, Brooklyn, NY 11218	40.645615	-73.96781	0.227625487642	10	0.603121657279	2	0.319468858814	3	8	3.5	3502	1750000	104	5500	1899	69	22	35	41	35	23	12	11	16	16	3	104
30749429_zpid	30749429_zpid	11235	2557 E 27th St, Brooklyn, NY 11235	40.589991	-73.942533	0.21865432877	11	0.287457934069	2	1.04113993043	0	3	2.5	1680	600000	7	2000	1930	260	64	72	80	44	148	112	176	136	20	16	428
29844276_zpid	29844276_zpid	10465	3259 Griswold Ave, Bronx, NY 10465	40.844906	-73.818571	0.937599544826	0	0.612143212303	1	1.14585270713	0	4	3	2350	475000	79	2884	1950	1	10	4	4	0	15	25	15	9	1	0	33
30768148_zpid	30768148_zpid	11236	635 E 85th St, Brooklyn, NY 11236	40.6405249	-73.912152	0.398532068106	7	0.450485156459	3	1.10576711768	0	4	2	1760	465000	19	2000	1950	164	24	108	56	40	264	128	60	100	52	40	436
29827962_zpid	29827962_zpid	10469	1019 E Gun Hill Rd, Bronx, NY 10469	40.874727	-73.857118	0.0663752723672	6	0.80816661289	0	0.841335051779	0	5	3	2022	265000	5	2818	1925	57	4	24	38	23	45	23	8	30	21	15	78
30657860_zpid	30657860_zpid	11203	554 Schenectady Ave, Brooklyn, NY 11203	40.66006	-73.934504	0.323361383354	9	0.266059022962	4	0.992533019491	0	4	3	1810	300000	31	2050	1945	137	21	96	77	62	46	25	20	26	33	8	141
30682163_zpid	30682163_zpid	11219	1512 66th St, Brooklyn, NY 11219	40.622297	-73.99752	0.263538783078	9	0.318736844339	4	0.299976403449	4	6	3	2720	1350000	6	2575	1930	31	6	9	15	9	41	30	39	10	4	6	85
30568006_zpid	30568006_zpid	11201	149 Clinton St, Brooklyn, NY 11201	40.6915731	-73.9934922	0.133102194979	18	0.140875763308	5	0.296795896105	8	8	5	4400	4500000	2	1333	1900	57	112	25	60	13	28	66	44	35	12	11	255
29784323_zpid	29784323_zpid	10457	2075 Bathgate Ave, Bronx, NY 10457	40.850702	-73.895267	0.108770314569	10	0.235067773398	4	0.544572569378	1	3	2	1344	210000	38	1742	1899	299	43	128	139	115	32	24	21	37	53	26	295
30759091_zpid	30759091_zpid	11234	1169 E 49th St, Brooklyn, NY 11234	40.632541	-73.929145	0.272388669032	5	0.850657278059	0	1.56297807058	0	5	2	1582	599999	0	1668	1940	28	11	18	22	12	24	22	8	18	14	2	69
30663741_zpid	30663741_zpid	11210	3501 Farragut Rd, Brooklyn, NY 11210	40.636805	-73.943101	0.530403754552	2	0.495632379612	3	0.57017345561	2	3	2	1800	225000	165	1800	1925	218	14	138	119	131	48	23	8	34	38	6	224
30766172_zpid	30766172_zpid	11236	273 E 86th St, Brooklyn, NY 11236	40.6464659	-73.917511	0.372908117795	3	1.00699801479	0	1.32293759509	0	2	2	1050	315000	14	1700	1945	36	8	40	44	28	68	60	20	28	24	8	200
29851451_zpid	29851451_zpid	10475	3533 Ropes Ave, Bronx, NY 10475	40.888719	-73.818839	0.933518010699	0	0.408302029432	1	1.01052630423	0	6	4	2400	375000	120	5000	1910	0	0	0	1	0	2	2	4	0	0	1	3
30634193_zpid	30634193_zpid	11207	174 Wyona St, Brooklyn, NY 11207	40.674675	-73.8938751	0.29807745162	6	0.258363406028	6	0.226150861556	4	7	3	3450	325750	13	1886	1905	101	21	79	104	75	71	40	34	31	39	20	221
30779367_zpid	30779367_zpid	11236	1408 E 101st St, Brooklyn, NY 11236	40.637091	-73.888488	0.336116592357	7	0.305846725764	4	1.55150303133	0	5	2.5	1835	430000	52	2000	1960	22	7	18	17	1	17	13	8	12	4	2	53
30793344_zpid	30793344_zpid	11229	22 Canton Ct, Brooklyn, NY 11229	40.5869384	-73.9201521	0.384087682437	1	1.71875971523	0	2.87454900068	0	3	1	594	263940	26	1800	1920	8	12	4	52	0	0	68	32	56	8	12	116
29781733_zpid	29781733_zpid	10457	238 E 176th St, Bronx, NY 10457	40.847253	-73.9051379	0.15115167458	11	0.225986199513	7	0.351515711522	5	7	4.5	3300	466960	24	1568	1899	410	76	240	250	240	29	23	15	71	66	30	309
30587424_zpid	30587424_zpid	11215	646 2nd St, Brooklyn, NY 11215	40.668754	-73.974084	0.409620635408	13	0.532717605381	2	0.593563380827	1	7	4.5	7670	1731025	6	3800	1901	23	26	11	22	10	9	48	24	15	5	6	120
122025621_zpid	122025621_zpid	11201	112 Congress St, Brooklyn, NY 11201	40.6891006	-73.9984848	0.146895207953	17	0.398438139086	4	0.722686041841	1	4	5	3462	3411138	5	730	2013	30	30	10	32	7	23	47	30	17	7	2	114
30788356_zpid	30788356_zpid	11234	2260 E 64th St, Brooklyn, NY 11234	40.613594	-73.909623	0.375240894264	3	0.406164448974	1	3.73835253468	0	3	1	983	700000	18	5175	1950	0	28	12	20	8	44	24	20	44	0	0	144
30673620_zpid	30673620_zpid	11218	252 Dahill Rd, Brooklyn, NY 11218	40.6410989	-73.980462	0.110177092353	10	0.167120545964	10	0.334141095583	2	6	1.5	1440	208000	197	1440	1920	78	32	38	48	40	63	57	71	16	13	9	189
30790843_zpid	30790843_zpid	11235	316 Oriental Blvd, Brooklyn, NY 11235	40.576932	-73.950425	0.194919926056	5	0.707871468	1	0.921151547878	0	3	2.5	2240	600000	169	3350	1960	41	21	11	26	15	21	39	19	21	9	2	56
30620297_zpid	30620297_zpid	11222	74 Oak St, Brooklyn, NY 11222	40.727443	-73.958054	0.228486219603	13	0.424851645293	4	0.452890775895	2	3	1	2142	1600000	32	2133	1899	38	67	12	36	20	24	25	16	15	7	4	123
29825460_zpid	29825460_zpid	10469	3222 Bronxwood Ave, Bronx, NY 10469	40.872139	-73.860996	0.0999618105347	10	0.55559527753	3	0.526470241087	1	8	4	4617	450000	56	5009	1920	35	6	18	22	14	31	20	2	28	17	10	43
30697263_zpid	30697263_zpid	11209	7913 Narrows Ave, Brooklyn, NY 11209	40.630227	-74.036793	0.636256428029	6	1.01228273531	0	0.95475813919	0	3	1	1504	1100000	8	2622	1930	11	8	2	4	4	14	24	17	10	2	1	37
30709392_zpid	30709392_zpid	11228	1347 82nd St, Brooklyn, NY 11228	40.615774	-74.0101229	0.33175353972	5	0.513575404881	2	0.842752226808	0	5	3	2024	1425000	0	3101	1925	7	17	3	17	0	25	44	32	23	6	2	56
30696274_zpid	30696274_zpid	11209	43 78th St, Brooklyn, NY 11209	40.631275	-74.036111	0.511394672232	3	0.896443614845	0	0.911718963866	0	4	2	1568	965000	63	3061	1925	14	6	5	5	7	21	30	58	9	2	1	34
30758114_zpid	30758114_zpid	11234	1111 E 48th St, Brooklyn, NY 11234	40.634034	-73.930147	0.154630011835	5	0.938575382118	0	1.48397175267	0	2	1.5	1680	235000	36	21	1940	11	10	11	8	2	16	17	6	9	8	2	46
30620733_zpid	30620733_zpid	11222	151 Mcguinness Blvd, Brooklyn, NY 11222	40.727421	-73.950165	0.159503157857	16	0.251500942619	5	0.32401365619	2	7	4.5	4012	3750000	0	2500	1899	228	336	104	200	76	144	140	132	76	72	60	788
30602430_zpid	30602430_zpid	11221	1083 Lafayette Ave, Brooklyn, NY 11221	40.6926879	-73.928863	0.0149002925456	10	0.10373559526	4	0.0729314396506	3	3	2	2536	278000	19	1667	1901	196	80	92	116	129	58	42	14	43	54	37	310
29792532_zpid	29792532_zpid	10473	681 Havemeyer Ave, Bronx, NY 10473	40.8212178	-73.8456356	0.265088803786	2	0.211388169822	2	1.54064533098	0	5	3	3000	1500	3	1859	2008	12	3	11	2	2	13	6	0	9	1	2	42
30689102_zpid	30689102_zpid	11219	1160 63rd St, Brooklyn, NY 11219	40.628752	-74.003434	0.410068239661	7	0.133968340269	3	0.334969900593	4	6	2.5	3120	1500000	12	5000	1925	38	19	16	25	10	47	70	53	16	6	17	128
30607395_zpid	30607395_zpid	11206	158 Tompkins Ave, Brooklyn, NY 11206	40.693725	-73.946256	0.0667226883375	7	0.398028493675	2	0.305429933581	3	5	2	1800	1600000	0	1600	1931	428	144	300	428	224	180	88	160	124	148	96	636
29793598_zpid	29793598_zpid	10473	2029 Turnbull Ave, Bronx, NY 10473	40.823559	-73.854082	0.445250587528	4	0.391967975133	3	1.209716154	0	3	1	2009	274900	62	2060	1940	77	23	24	24	17	16	18	5	13	8	5	74
30589531_zpid	30589531_zpid	11238	583 Bergen St, Brooklyn, NY 11238	40.680083	-73.970552	0.195090824944	18	0.329513659646	6	0.337623072722	6	10	3	2727	1650000	10	1480	1920	75	59	27	43	18	16	33	17	18	11	12	117
68310367_zpid	68310367_zpid	11233	1813 Saint Johns Pl, Brooklyn, NY 11233	40.670026	-73.917343	0.479181967157	8	0.362217605238	5	0.741869031559	1	4	2	3060	490000	1	1197	2005	624	40	320	356	224	36	36	32	76	120	64	424
29789813_zpid	29789813_zpid	10470	311 E 242nd St, Bronx, NY 10470	40.9025717	-73.8675028	0.438215527661	1	0.580124381242	1	0.890655435827	0	5	3	2200	512300	24	6465	1945	30	9	5	6	8	20	10	9	8	3	3	40
30732437_zpid	30732437_zpid	11224	2669 W 37th St, Brooklyn, NY 11224	40.5805048	-74.0036837	0.612523001435	1	0.377601825451	1	1.92271459007	0	3	2	1520	225000	26	2313	1984	156	28	36	84	44	8	40	12	32	40	8	152
30792736_zpid	30792736_zpid	11229	2066 Stuart St, Brooklyn, NY 11229	40.60414	-73.9367819	0.324178767877	3	0.398345859954	3	1.70563700787	0	3	2.5	1882	600000	16	2000	1950	14	8	5	8	3	13	31	14	9	0	3	38
30573835_zpid	30573835_zpid	11232	142 20th St, Brooklyn, NY 11232	40.663873	-73.996551	0.230551869658	8	0.408823656196	1	0.354870798962	2	4	3	1736	995000	7	2500	1910	28	19	14	19	8	18	23	23	14	7	4	59
30786729_zpid	30786729_zpid	11234	2147 Kimball St, Brooklyn, NY 11234	40.609214	-73.925404	0.439760744254	1	1.14956228826	0	2.73974081423	0	3	2	1476	500000	47	2500	1920	5	8	1	6	2	20	21	14	16	0	6	73
30638842_zpid	30638842_zpid	11207	277 Van Siclen Ave, Brooklyn, NY 11207	40.673226	-73.890157	0.0781089961912	8	0.362300341839	5	0.0605333324082	3	9	4	3200	650000	113	2500	1925	456	104	340	380	304	272	152	100	180	152	76	888
30631272_zpid	30631272_zpid	11207	71 De Sales Pl, Brooklyn, NY 11207	40.682576	-73.904621	0.150387715951	3	0.391203173996	2	0.052661255592	7	5	2	1980	760000	11	1650	1905	196	76	176	208	156	44	68	56	56	76	28	404
30634320_zpid	30634320_zpid	11207	316 Miller Ave, Brooklyn, NY 11207	40.6732299	-73.891662	0.168817925942	8	0.130607506811	7	0.105169605277	4	3	1	1800	179000	241	3000	1997	118	20	88	107	95	64	37	25	39	44	21	226
30754502_zpid	30754502_zpid	11210	1356 E 35th St, Brooklyn, NY 11210	40.620983	-73.941266	0.3833596348	2	0.374532148043	2	1.42519871777	0	7	3	3575	830000	13	2500	1925	76	16	48	52	28	152	116	36	56	12	8	224
2099837137_zpid	2099837137_zpid	11235	146 Oxford Street, Brooklyn, NY 11235	40.579555	-73.938274	0.518337336704	1	1.3175903786	0	1.57176778992	0	4	5	1728	899000	0	2500	1925	9	6	4	9	8	12	13	3	13	2	1	27
30623230_zpid	30623230_zpid	11211	338 Humboldt St, Brooklyn, NY 11211	40.713515	-73.942299	0.120125971776	11	0.165542485338	4	0.188588376316	4	2	1	960	1200000	34	1000	1901	34	84	20	54	27	36	47	6	27	15	19	183
30622321_zpid	30622321_zpid	11211	141 Richardson St, Brooklyn, NY 11211	40.718851	-73.945757	0.145653920948	13	0.486300429249	3	0.498306918018	2	3	2	1980	625000	161	1010	1910	9	44	8	25	3	17	23	11	14	3	12	89
30672499_zpid	30672499_zpid	11218	48 Louisa St, Brooklyn, NY 11218	40.643414	-73.981482	0.167083579218	9	0.129746944941	8	0.167602278984	1	5	2	1872	740000	119	2192	1925	91	30	41	51	39	57	55	41	16	14	10	192
30655911_zpid	30655911_zpid	11203	5528 Kings Hwy, Brooklyn, NY 11203	40.6455845	-73.925195	0.265112891392	3	0.663554700657	1	1.91868083674	0	5	3	1482	260000	10	2759	1935	408	84	88	56	96	104	140	28	36	52	32	372
30769426_zpid	30769426_zpid	11236	975 E 87th St, Brooklyn, NY 11236	40.6374179	-73.906363	0.285274106459	8	0.491443129222	2	1.09655237906	0	5	4	3120	850000	0	8000	1986	38	6	18	20	9	75	31	13	24	12	9	101
30607308_zpid	30607308_zpid	11206	468 Willoughby Ave, Brooklyn, NY 11206	40.693425	-73.950862	0.193233312242	8	0.398440883564	4	0.277995814866	3	6	4	2633	840000	38	19	1931	47	15	41	63	35	23	12	15	22	17	18	102
30651970_zpid	30651970_zpid	11212	292 E 92nd St, Brooklyn, NY 11212	40.658172	-73.923779	0.20590888292	13	0.296261676906	6	0.72760417469	2	8	5	5610	400000	142	3001	1931	1624	72	656	696	500	232	72	24	124	192	100	804
30757217_zpid	30757217_zpid	11229	1762 Madison Pl, Brooklyn, NY 11229	40.610062	-73.940917	0.38316856949	3	0.472371410937	1	1.4363904203	0	4	2.5	1800	740000	20	3100	1920	23	5	11	16	9	5	12	15	8	2	2	43
30748730_zpid	30748730_zpid	11235	2562 E 14th St, Brooklyn, NY 11235	40.588419	-73.955653	0.175430450588	15	0.140149427221	4	0.211614197383	1	3	2.5	1296	775000	2	1851	1970	84	21	20	43	24	47	35	25	31	15	9	134
30615462_zpid	30615462_zpid	11217	13 Saint Felix St, Brooklyn, NY 11217	40.689289	-73.977586	0.301671999745	9	0.245865172923	3	0.271384604234	10	1	1	650	1427000	35	726145.2000000001	1930	58	63	22	31	12	7	26	24	21	12	10	108
30626384_zpid	30626384_zpid	11221	898 Bushwick Ave, Brooklyn, NY 11221	40.6933328	-73.9253934	0.241338613782	10	0.203424313315	5	0.288712664255	3	7	4	3135	617500	12	2430	1899	204	79	84	114	103	52	42	20	49	43	25	291
30683133_zpid	30683133_zpid	11204	2153 Bay Ridge Ave, Brooklyn, NY 11204	40.612267	-73.984517	0.0808872107243	11	0.126816218708	6	0.227707960231	2	7	3	2640	971000	37	2500	1925	524	108	152	228	228	276	140	116	92	48	24	620
29779614_zpid	29779614_zpid	10456	776 E 169th St, Bronx, NY 10456	40.830232	-73.89941	0.161742012616	4	0.187411090242	9	0.637962771511	1	3	1.5	1188	275000	5	1738	1987	756	52	392	436	276	164	28	32	68	144	80	636
30748455_zpid	30748455_zpid	11235	2479 Coyle St, Brooklyn, NY 11235	40.592472	-73.935224	0.191594130058	6	0.39362594682	4	1.7133218539	0	5	3	1520	590000	2	1999	1955	6	13	9	3	5	4	7	14	6	2	3	58
30754516_zpid	30754516_zpid	11210	1327 E 35th St, Brooklyn, NY 11210	40.621652	-73.94073	0.298614325083	3	0.442931421404	2	1.37515297927	0	4	2	2120	535000	20	2000	1920	53	5	19	20	14	40	34	10	12	6	4	57
2099784191_zpid	2099784191_zpid	11234	2046 East 54th Street, Brooklyn, NY 11234	40.611807	-73.921491	0.470580060307	3	1.18643351754	0	3.08945255944	0	5	4	2622	730000	0	2500	1886	9	6	8	9	6	30	23	13	15	4	6	92
30668337_zpid	30668337_zpid	11226	485 E 17th St, Brooklyn, NY 11226	40.638984	-73.961784	0.302715024619	10	0.300348244043	7	0.280107360964	3	6	4.5	4000	1900000	12	5500	1901	1560	256	684	724	704	196	124	120	192	272	40	1112
79715789_zpid	79715789_zpid	11225	334 Lincoln Rd, Brooklyn, NY 11225	40.6613544	-73.9516758	0.101130553472	7	0.19954849027	6	0.169477870737	3	3	2	3960	585000	57	1890	2005	462	83	187	169	170	42	36	16	42	74	15	293
30695625_zpid	30695625_zpid	11228	1048 Bay Ridge Pkwy, Brooklyn, NY 11228	40.623309	-74.012961	0.511169282882	6	0.432350233018	3	1.1053556047	0	8	4	2904	1999000	0	3001	1935	11	10	5	17	6	46	46	35	16	2	4	64
30733751_zpid	30733751_zpid	11224	4216 Surf Ave, Brooklyn, NY 11224	40.575429	-74.008634	0.453013335874	2	0.60835439766	1	2.32739408009	0	5	2.5	2552	550000	20	2850	1960	12	5	6	23	4	1	17	2	9	2	0	23
30606628_zpid	30606628_zpid	11233	832 Herkimer St, Brooklyn, NY 11233	40.677986	-73.925875	0.344468261841	5	0.194386312664	3	0.377578645742	2	6	4	18100	697000	115	3330	1901	114	39	79	94	73	16	19	5	34	39	18	163
30777032_zpid	30777032_zpid	11236	1442 E 92nd St, Brooklyn, NY 11236	40.635683	-73.898585	0.083546928882	5	0.233125015178	3	1.25203904485	0	7	2.5	3573	406000	148	4121	1965	136	84	84	92	28	216	96	48	64	48	20	340
29853936_zpid	29853936_zpid	10471	6118 Delafield Ave, Bronx, NY 10471	40.910493	-73.901847	0.460667977351	7	0.486355402067	4	1.26202416412	0	7	3	2540	496000	44	2375	1950	8	9	6	13	5	8	26	10	9	4	3	40
30655341_zpid	30655341_zpid	11236	690 E 91st St, Brooklyn, NY 11236	40.650185	-73.916133	0.067174909229	6	0.580910793137	1	1.25445501327	0	1	1	2640	14000	262	3417	1940	44	4	19	28	20	38	24	9	13	14	3	85
30588846_zpid	30588846_zpid	11215	1612 10th Ave, Brooklyn, NY 11215	40.65907	-73.9785	0.0551043410193	13	0.245023304899	5	0.208404442391	1	4	2	3192	1325000	45	1556	1905	38	32	17	22	16	16	19	10	16	2	7	61
30619925_zpid	30619925_zpid	11222	95 Java St, Brooklyn, NY 11222	40.731583	-73.957119	0.0660357868943	13	0.184505124716	4	0.305228181206	1	2	1	3360	480000	26	2000	1899	74	117	49	63	38	52	40	24	26	15	12	222
30791430_zpid	30791430_zpid	11235	158 Pembroke St, Brooklyn, NY 11235	40.579464	-73.937346	0.542975430262	1	1.3367824898	0	1.64436759261	0	3	2.5	2475	255000	281	2003	1940	4	6	0	6	4	12	12	3	10	2	1	25
30763063_zpid	30763063_zpid	11234	5019 Avenue M, Brooklyn, NY 11234	40.621614	-73.926378	0.0701509753135	9	0.247142480761	1	2.1881760955	0	3	2.5	1088	225000	31	2295	1920	9	34	7	10	7	41	33	14	16	6	6	138
112078103_zpid	112078103_zpid	11211	291 Devoe St APT 2A, Brooklyn, NY 11211	40.7139062	-73.9377884	0.287206263491	9	0.389794375544	2	0.316097648655	3	1	1	676	395460	59	2500	2006	23	115	10	36	18	22	27	8	19	11	17	123
30704463_zpid	30704463_zpid	11204	1674 72nd St, Brooklyn, NY 11204	40.6166709	-73.997221	0.240560907894	8	0.287404801195	5	0.353264939823	3	3	2	1925	749000	0	1750	1940	116	60	60	176	56	140	88	96	64	24	24	320
30768840_zpid	30768840_zpid	11236	8921 Flatlands Ave, Brooklyn, NY 11236	40.640208	-73.906525	0.0332312405688	7	0.624460668779	1	0.819043358484	0	4	3	2270	450783	119	2200	1920	37	7	23	24	11	85	31	14	19	18	12	107
30598985_zpid	30598985_zpid	11221	91 Ralph Ave, Brooklyn, NY 11221	40.6869299	-73.923214	0.206545707651	10	0.452813412263	3	0.310956534895	2	2	1	2824	650000	29	1900	1925	162	51	79	123	87	28	21	7	34	47	28	189
30790589_zpid	30790589_zpid	11235	39 Exeter St, Brooklyn, NY 11235	40.580912	-73.9486359	0.409921233566	6	0.813625014684	0	0.813295006224	0	3	3.5	7762	2900000	50	6011	1994	36	9	11	19	9	18	29	17	18	3	3	48
30789180_zpid	30789180_zpid	11235	10 Brighton 3RD Pl, Brooklyn, NY 11235	40.5793478	-73.9645121	0.266827876778	6	0.241673567147	7	0.331542318639	2	8	3.5	1500	468888	17	1350	1915	540	268	320	416	260	248	180	104	200	116	108	1104
30793342_zpid	30793342_zpid	11229	16 Canton Ct, Brooklyn, NY 11229	40.5866961	-73.9198775	0.418875429526	1	1.74881521466	0	2.89785001514	0	4	1.5	1120	359000	10	1800	1920	2	3	1	13	0	0	16	8	13	2	2	28
30764355_zpid	30764355_zpid	11234	1686 E 49th St, Brooklyn, NY 11234	40.6196335	-73.9281017	0.078867171689	9	0.471382470358	2	2.21033436758	0	6	3	2088	590000	5	2558	1925	10	55	1	10	3	37	31	18	14	7	3	144
29788885_zpid	29788885_zpid	10467	366 E 207th St, Bronx, NY 10467	40.87469	-73.874397	0.215652243683	11	0.389790358252	4	0.375486399739	4	6	3	2384	345438	12	2525	1901	351	52	95	105	109	48	24	26	43	33	17	197
30651451_zpid	30651451_zpid	11212	219 E 91st St, Brooklyn, NY 11212	40.659554	-73.925816	0.279218153042	10	0.423232667958	5	0.635515244613	1	5	2	2240	540000	117	2483	1930	426	13	153	178	138	42	15	6	34	53	23	227
