30660162_zpid	30660162_zpid	11203	3400 Snyder Ave, Brooklyn, NY 11203	40.6488745	-73.9450161	0.362581341468	6	0.197163170692	3	0.443027761525	2	1	1	114346	4032500	309	36154.799999999996	1957	129	21	101	93	83	60	12	4	24	29	11	115
30631516_zpid	30631516_zpid	11212	71 Tapscott St, Brooklyn, NY 11212	40.666201	-73.920289	0.2168585882	9	0.221456748764	7	0.261053288638	2	7	4	3280	750000	0	2500	1930	264	17	87	89	86	32	29	11	40	41	11	166
30634064_zpid	30634064_zpid	11207	92 Williams Ave, Brooklyn, NY 11207	40.674096	-73.90057	0.360820933457	5	0.562961368796	5	0.254654063608	8	11	4	3282	283500	75	1600	1901	26	6	28	38	25	10	21	10	12	8	5	63
30768588_zpid	30768588_zpid	11236	741 E 82nd St, Brooklyn, NY 11236	40.637308	-73.912347	0.0707644039129	6	0.244480663566	2	1.36696505737	0	6	3	2781	610000	14	2100	1960	148	24	108	88	40	328	124	56	120	48	48	436
30737980_zpid	30737980_zpid	11223	2203 West St, Brooklyn, NY 11223	40.5948171	-73.970811	0.458272154302	4	0.590483515751	2	0.2560268569	3	4	3	2110	920000	1	2153	1960	168	32	64	124	28	176	124	120	112	24	24	448
30599679_zpid	30599679_zpid	11233	393 Bainbridge St, Brooklyn, NY 11233	40.682344	-73.921012	0.34442624543	6	0.464269770695	3	0.403582477633	2	4	2	2322	940000	26	1800	1899	221	61	144	169	135	23	34	12	60	90	27	268
29847680_zpid	29847680_zpid	10465	1062 Quincy Ave, Bronx, NY 10465	40.83139	-73.829989	0.205384426291	2	0.749723752233	1	1.44864034749	0	4	3.25	1836	499200	21	2500	1960	8	10	6	4	4	9	18	11	5	1	6	32
30570327_zpid	30570327_zpid	11231	45 Woodhull St, Brooklyn, NY 11231	40.681624	-74.003225	0.0844804557455	15	0.20572985418	4	0.756879160701	0	1	1	2400	1850000	19	2000	1900	29	48	22	46	19	19	43	34	6	9	11	140
29847514_zpid	29847514_zpid	10465	10 Schuyler Ter, Bronx, NY 10465	40.809744	-73.802617	1.40166644928	0	1.67863874834	0	4.7419633057	0	2	1	535	95000	166	923	1951	1	3	1	1	0	2	3	9	1	0	1	6
30781546_zpid	30781546_zpid	11234	1407 E 70th St, Brooklyn, NY 11234	40.622379	-73.911128	0.548024798699	5	0.590269705975	1	2.81365297295	0	4	2	1504	669000	0	2450	1984	120	12	44	52	20	200	92	88	96	20	28	316
29850649_zpid	29850649_zpid	10464	369 City Island Ave, Bronx, NY 10464	40.848877	-73.787516	0.148529003989	3	3.25955679302	0	3.36269020519	0	3	1	594	459000	0	3872	1925	7	33	2	5	1	3	30	18	5	1	22	47
30676228_zpid	30676228_zpid	11230	341 Parkville Ave, Brooklyn, NY 11230	40.633101	-73.967583	0.275729332908	9	0.0557425679751	7	0.460840907131	2	5	3	2200	450000	61	1500	1910	79	39	53	46	41	54	38	41	26	16	8	140
30691063_zpid	30691063_zpid	11220	427 63rd St, Brooklyn, NY 11220	40.6388279	-74.019198	0.113175459489	10	0.200245588634	8	0.303238539234	2	6	3	3169	740000	47	2000	1920	114	49	41	58	43	25	48	34	33	16	3	152
29836421_zpid	29836421_zpid	10466	4035 Amundson Ave, Bronx, NY 10466	40.892438	-73.837095	0.495351131111	2	0.637220624324	4	0.69985495204	1	3	3	2340	439999	0	2500	1932	46	4	15	24	3	58	26	13	27	9	4	61
30690047_zpid	30690047_zpid	11219	6724 11th Ave, Brooklyn, NY 11219	40.627136	-74.007837	0.00731005721456	6	0.345181237192	5	0.517632279406	1	8	4	3252	1080000	5	1440	1920	36	15	9	13	5	27	28	33	12	3	12	85
30573209_zpid	30573209_zpid	11231	215 Van Brunt St, Brooklyn, NY 11231	40.681025	-74.008166	0.221314395839	10	0.351128096241	5	1.16543062266	0	3	1	1430	1215000	2	2250	1899	12	38	12	21	11	11	21	19	8	10	3	80
29851254_zpid	29851254_zpid	10464	626 King Ave, Bronx, NY 10464	40.85602	-73.788272	0.162478130661	1	3.40296588406	0	3.28642421268	0	6	2.5	2323	1200000	4	32670.0	1920	0	8	0	2	0	2	7	21	4	1	2	10
29854055_zpid	29854055_zpid	10471	6300 Riverdale Ave, Bronx, NY 10471	40.912653	-73.902106	0.385560631982	6	0.470465669537	2	1.29918961815	0	2	2	80000	174900	0	19166.4	1960	3	7	3	5	1	6	15	7	4	1	3	27
30611946_zpid	30611946_zpid	11205	581 Myrtle Ave, Brooklyn, NY 11205	40.6942169	-73.9609633	0.0822063191448	9	0.224562521959	7	0.599639562188	1	2	1	3772	475000	137	1383	1958	55	81	30	51	29	47	27	37	30	11	23	178
30647308_zpid	30647308_zpid	11208	738 Shepherd Ave, Brooklyn, NY 11208	40.666222	-73.878324	0.174596164052	6	0.324390981576	4	0.455358052674	1	2	1	1000	410000	58	2178	1910	92	9	76	74	55	25	38	9	23	30	16	145
30619325_zpid	30619325_zpid	11211	235 S 4th St, Brooklyn, NY 11211	40.710564	-73.9586549	0.0470620333361	17	0.245401169693	7	0.257061682728	3	6	4	5200	3000000	3	1916	1910	604	1204	428	540	332	112	216	116	160	120	96	1232
30588086_zpid	30588086_zpid	11215	562 10th St, Brooklyn, NY 11215	40.665784	-73.98157	0.0924042049203	15	0.397680552585	6	0.119784358732	2	6	3	2430	335000	1	1816	1910	272	264	96	212	84	124	264	156	112	32	68	704
30792416_zpid	30792416_zpid	11235	2804 Batchelder St, Brooklyn, NY 11235	40.585158	-73.936264	0.254673215607	2	0.745530339566	1	1.5248177146	0	2	1	1248	346500	103	1080	1920	59	12	23	35	28	30	22	16	28	9	5	100
30694821_zpid	30694821_zpid	11209	77 Bay Ridge Pkwy, Brooklyn, NY 11209	40.633118	-74.033758	0.225747737147	8	0.517980416135	3	0.791692301719	0	4	2.5	2068	1295000	10	2178	1920	87	8	17	23	19	48	38	91	19	6	3	85
30667797_zpid	30667797_zpid	11226	439 E 21st St, Brooklyn, NY 11226	40.643448	-73.958431	0.196630355726	9	0.285560302992	4	0.519781154223	2	9	4	3600	705000	118	1920	1965	573	119	312	331	327	60	42	28	78	107	17	491
30651274_zpid	30651274_zpid	11203	26 E 55th St, Brooklyn, NY 11203	40.657674	-73.926446	0.265074016723	12	0.526616153944	4	0.849021803366	0	3	2	2068	236500	168	2199	1945	151	18	56	59	67	56	24	12	17	26	13	117
29787729_zpid	29787729_zpid	10458	2958 Marion Ave, Bronx, NY 10458	40.868837	-73.883984	0.101819573949	9	0.254836989284	9	0.264494825698	3	5	3	2656	440000	43	2750	1899	559	38	96	116	112	40	22	10	42	40	13	179
30776869_zpid	30776869_zpid	11236	10566 Flatlands 3rd St, Brooklyn, NY 11236	40.644564	-73.888629	0.494640077386	4	0.457557903963	3	1.13498201459	0	5	1	2200	505000	7	2199	1960	152	12	36	48	48	56	44	8	36	24	20	180
30639127_zpid	30639127_zpid	11207	320 Van Siclen Ave, Brooklyn, NY 11207	40.671996	-73.890427	0.0784525784301	5	0.0558284131747	5	0.0880469642204	4	4	3	1200	230000	8	1551	1901	460	112	348	388	344	284	152	100	216	172	100	888
29853365_zpid	29853365_zpid	10471	5831 Fieldston Rd, Bronx, NY 10471	40.9063919	-73.9007272	0.125953966473	4	0.126783706453	2	1.15880973473	0	4	1.5	2000	815000	0	2807	1940	10	7	4	7	4	19	34	9	17	2	7	52
30762232_zpid	30762232_zpid	11234	1438 E 51st St, Brooklyn, NY 11234	40.625394	-73.926844	0.295065301698	9	0.179683917131	1	1.94261940335	0	3	2	1809	500000	4	2300	1930	18	19	17	20	9	50	30	25	24	5	6	89
30757898_zpid	30757898_zpid	11210	942 E 40th St, Brooklyn, NY 11210	40.6323823	-73.9381821	0.432184853151	1	0.496855730237	1	0.800770934715	0	3	2.5	1408	500000	4	1589	1925	108	20	64	88	64	100	72	60	56	36	12	276
30625399_zpid	30625399_zpid	11221	716 Bushwick Ave, Brooklyn, NY 11221	40.696214	-73.930776	0.139599264309	12	0.424693480896	4	0.338794136259	3	8	4	3800	1782000	5	1875	1899	124	88	47	70	70	46	31	17	29	37	27	207
30768534_zpid	30768534_zpid	11236	755 E 81st St, Brooklyn, NY 11236	40.636609	-73.912802	0.0935888004836	6	0.158491332436	2	1.45127524402	0	7	3	2587	415000	151	1992	1960	31	7	27	17	12	71	31	15	25	10	9	95
30787916_zpid	30787916_zpid	11234	101 Indiana Pl, Brooklyn, NY 11234	40.606113	-73.904878	1.27448150108	0	1.29644860516	0	4.380890491	0	3	1	1566	1180000	138	51	1965	1	1	0	3	0	1	7	1	7	2	1	12
30753779_zpid	30753779_zpid	11210	1264 E 38th St, Brooklyn, NY 11210	40.623398	-73.938804	0.0554786749799	3	0.651073365522	2	1.28894301309	0	3	1	1092	480000	122	2233	1930	244	28	108	128	80	184	140	52	88	44	32	272
30637916_zpid	30637916_zpid	11208	132 Elton St, Brooklyn, NY 11208	40.6804429	-73.884983	0.282945396773	7	0.134514520173	5	0.0623759731787	3	6	3	1920	660000	5	1100	1930	252	52	172	164	176	144	104	80	104	80	48	436
30771583_zpid	30771583_zpid	11236	27 Paerdegat 12th St, Brooklyn, NY 11236	40.628574	-73.903858	0.982446960765	0	0.805755436338	0	2.01979159056	0	4	2.5	2375	485000	40	1916	1965	156	12	56	64	32	180	76	24	100	20	28	168
83044409_zpid	83044409_zpid	11208	729 Fountain Ave, Brooklyn, NY 11208	40.662568	-73.86839	0.506578973089	3	0.223280614782	3	1.35921362953	0	6	3	3036	356000	23	2599	2006	18	4	6	10	3	8	22	2	6	5	1	40
29843191_zpid	29843191_zpid	10465	3220 Country Club Rd, Bronx, NY 10465	40.84081	-73.8221839	0.682864039664	3	0.535494312554	2	1.10043756482	0	3	3	1472	445000	134	2178	1925	1	11	7	3	0	6	31	14	6	2	2	33
30776923_zpid	30776923_zpid	11236	10556 Flatlands 4th St, Brooklyn, NY 11236	40.643893	-73.888248	0.57416049041	3	0.480630073689	3	1.18928674132	0	3	2	2600	391400	20	2600	1960	100	8	36	40	48	52	32	8	40	28	24	164
30746394_zpid	30746394_zpid	11229	2219 E 28th St, Brooklyn, NY 11229	40.597587	-73.9430129	0.119974384312	6	0.273078667863	3	1.05938562625	0	2	2	1592	675000	7	1600	1940	16	15	11	11	9	18	34	25	21	3	5	94
30574865_zpid	30574865_zpid	11232	333 42nd St, Brooklyn, NY 11232	40.6518454	-74.0089966	0.346844047464	9	0.123468020453	7	0.334582339863	2	7	3	2340	740000	24	1845	1910	58	41	25	33	30	11	49	20	17	11	4	109
89024957_zpid	89024957_zpid	11216	226 Tompkins Ave, Brooklyn, NY 11216	40.691069	-73.945731	0.232414008055	11	0.341392791905	4	0.510708699804	2	2	2	3000	525000	38	1785	2008	260	108	100	160	144	48	44	20	60	80	56	256
29784673_zpid	29784673_zpid	10457	2282 Arthur Ave, Bronx, NY 10457	40.852616	-73.889607	0.289932217962	11	0.32228135533	3	0.988298935323	0	5	4	2204	410000	111	1306	2007	174	28	91	114	86	20	10	6	37	38	21	166
29840326_zpid	29840326_zpid	10470	4820 Barnes Ave, Bronx, NY 10470	40.905856	-73.846867	0.210152698547	7	0.348677661027	3	0.438325181365	2	5	2	3892	745000	0	11325.6	1925	100	7	59	46	53	19	17	2	16	15	2	95
30605777_zpid	30605777_zpid	11233	464A Macdonough St, Brooklyn, NY 11233	40.6827031	-73.9278782	0.269720335941	7	0.331986368106	3	0.442814052658	2	4	3	2382	1175000	5	1767	1899	137	70	101	123	71	14	14	12	48	41	24	186
30623498_zpid	30623498_zpid	11211	633 Grand St, Brooklyn, NY 11211	40.7115607	-73.946834	0.0883883280535	14	0.0250131996568	5	0.340076932436	6	3	1	1000	150000	126	2050	1920	42	112	24	45	25	30	44	9	17	10	9	188
79713787_zpid	79713787_zpid	10459	863 E 169th St, Bronx, NY 10459	40.8291988	-73.8967112	0.416035326375	6	0.430396733394	7	0.423745371801	2	8	6.5	2449	480000	33	1701	2008	191	83	104	135	107	25	22	6	28	46	21	189
30623395_zpid	30623395_zpid	11211	185 Powers St # A, Brooklyn, NY 11211	40.7126639	-73.94311	0.0935626044089	11	0.132226404912	4	0.226093252623	5	6	3	2112	1200000	23	1667	1910	34	78	18	50	28	32	42	6	22	11	12	175
30695783_zpid	30695783_zpid	11209	221 77th St, Brooklyn, NY 11209	40.630707	-74.030302	0.193745874344	15	0.583584315921	4	0.418854464804	1	7	2.5	4130	1850000	9	6540	1899	76	40	33	28	25	52	38	101	15	15	7	113
30630720_zpid	30630720_zpid	11207	1220 Decatur St, Brooklyn, NY 11207	40.689178	-73.90676	0.238320547908	7	0.728193346331	1	0.233676006059	2	2	1	925	630000	18	1850	1899	111	35	83	103	79	22	26	14	42	47	22	183
30612976_zpid	30612976_zpid	11238	412 Adelphi St, Brooklyn, NY 11238	40.68526	-73.970585	0.392668964282	12	0.409992674054	3	0.299181549891	9	5	4	2552	1950000	15	1775	1901	104	47	52	63	53	25	31	9	17	21	19	94
62646736_zpid	62646736_zpid	11238	60 Underhill Ave, Brooklyn, NY 11238	40.679047	-73.965527	0.25111624975	14	0.347444018252	4	0.517264737589	3	3	1.5	700	250000	164	1848	2001	107	166	37	73	38	37	48	43	40	16	12	193
30732720_zpid	30732720_zpid	11224	2746 Stillwell Ave, Brooklyn, NY 11224	40.580247	-73.982519	0.393435917755	2	0.349561169449	2	0.332743443283	3	4	2.5	1830	250000	59	2375	1930	49	6	18	26	22	15	22	12	7	15	4	60
29796667_zpid	29796667_zpid	10472	2022 Powell Ave, Bronx, NY 10472	40.830277	-73.85597	0.165605962657	13	0.47513626247	8	0.523803685787	2	7	3	2592	430000	84	2575	1925	94	17	61	62	46	44	30	11	59	23	9	108
29812880_zpid	29812880_zpid	10462	1726 Victor St, Bronx, NY 10462	40.8444143	-73.8663974	0.208938798443	10	0.321975753235	3	0.521043566279	2	9	3	2400	580000	114	2178	1920	83	13	47	52	41	54	25	12	20	25	10	114
30612541_zpid	30612541_zpid	11205	300 Dekalb Ave, Brooklyn, NY 11205	40.689374	-73.966615	0.196151167465	10	0.261374419809	3	0.126154466368	5	5	3	3400	247500	235	2000	1899	168	244	80	120	76	108	80	28	64	64	36	444
30735336_zpid	30735336_zpid	11223	2021 W 10th St, Brooklyn, NY 11223	40.597761	-73.981309	0.290936808903	6	0.225486252791	5	0.186365972448	5	6	6	2880	835000	5	2000	1930	33	22	11	29	10	41	30	44	20	8	5	77
29784368_zpid	29784368_zpid	10457	2253 Bassford Ave, Bronx, NY 10457	40.8544569	-73.8931999	0.090467677231	13	0.445739946352	7	0.660551275302	1	7	2	1610	325000	61	1934	1901	199	17	66	92	72	13	6	11	25	28	12	177
30790710_zpid	30790710_zpid	11235	116 Dover St, Brooklyn, NY 11235	40.579236	-73.949816	0.28966093154	6	0.745674480235	1	0.928264960841	0	4	4.5	3930	10	53	4500	1920	65	14	14	30	14	22	37	24	26	10	3	65
29853574_zpid	29853574_zpid	10471	5927 Fieldston Rd, Bronx, NY 10471	40.907374	-73.900484	0.237076933342	4	0.237888945371	3	1.20830729401	0	3	2	2254	650000	11	4750	1960	11	11	4	10	5	17	35	10	16	2	6	51
30718505_zpid	30718505_zpid	11204	1403 W 6th St, Brooklyn, NY 11204	40.611099	-73.979917	0.178198568398	10	0.13449901981	6	0.186623612076	3	19	13	25	972000	24	2400	2001	217	33	51	63	75	105	32	34	16	11	8	156
29784449_zpid	29784449_zpid	10458	2410 Lorillard Pl, Bronx, NY 10458	40.85661	-73.888672	0.126349011383	10	0.161629208303	3	0.563018805009	1	5	3	2372	450000	3	2448	1900	426	77	157	197	176	25	40	17	49	65	29	313
30667583_zpid	30667583_zpid	11218	805 Coney Island Ave, Brooklyn, NY 11218	40.6376754	-73.9680345	0.425319499274	9	0.317768633306	8	0.503514131216	2	6	3.5	4000	765000	32	1363	1930	160	32	62	57	31	59	38	33	19	14	9	145
83049713_zpid	83049713_zpid	11216	209 Lexington Ave, Brooklyn, NY 11216	40.687558	-73.953919	0.0649101260467	10	0.271835151437	5	0.330565287386	2	5	4.5	2652	1060000	13	1667	2007	436	448	276	368	232	120	100	56	80	140	136	792
30709803_zpid	30709803_zpid	11228	8216 14th Ave, Brooklyn, NY 11228	40.6148219	-74.009946	0.324802661048	5	0.408173860262	1	0.8025133641	0	3	1.5	2470	805000	31	2000	1945	8	17	2	18	1	30	49	32	23	6	4	60
30747137_zpid	30747137_zpid	11229	2301 E 24th St, Brooklyn, NY 11229	40.595192	-73.9464239	0.381517192885	13	0.476146831226	5	0.73855178105	1	5	2	3080	660000	70	2200	1930	63	15	22	27	27	33	33	26	25	12	4	91
30568010_zpid	30568010_zpid	11201	141 Clinton St, Brooklyn, NY 11201	40.691733	-73.993337	0.115586036778	18	0.162262190412	5	0.279096074017	8	5	5	3300	3275000	29	3300	1861	57	111	27	62	16	28	67	45	35	12	11	258
30761102_zpid	30761102_zpid	11234	1295 E 53rd St, Brooklyn, NY 11234	40.627069	-73.924481	0.227737470085	8	0.422939332031	2	2.05935142384	0	11	6	4224	388000	236	4000	2006	140	60	108	104	72	260	100	104	72	68	24	380
29811554_zpid	29811554_zpid	10462	1519 Glover St, Bronx, NY 10462	40.836821	-73.850209	0.249430218656	12	0.231539647465	7	0.269794398797	3	6	3	2812	473500	8	2375	1901	118	17	34	41	22	47	27	16	25	13	7	126
30741610_zpid	30741610_zpid	11223	2273 Coney Island Ave, Brooklyn, NY 11223	40.601658	-73.96108	0.382640102354	8	0.240433973645	6	0.508376951357	1	3	2	1232	500000	10	2000	1930	28	15	11	20	7	21	13	7	14	4	2	50
30789039_zpid	30789039_zpid	11234	2434 E 63rd St, Brooklyn, NY 11234	40.610923	-73.909878	0.598379772538	3	0.70420975425	1	4.01644242698	0	3	1.5	612	470000	23	1800	1960	2	6	2	3	3	17	7	13	15	1	1	31
30708392_zpid	30708392_zpid	11228	7910 14th Ave, Brooklyn, NY 11228	40.616567	-74.008068	0.239581464148	10	0.58002109295	3	0.716706363332	1	5	3	2324	376000	158	1600	1930	8	15	6	20	2	31	41	45	21	5	4	69
30636992_zpid	30636992_zpid	11208	70 Highland Pl, Brooklyn, NY 11208	40.6836941	-73.8819873	0.255568939475	6	0.317329549598	2	0.302821768897	3	5	3	1650	510000	22	2567	1910	79	28	46	54	51	42	28	23	36	19	12	141
30762151_zpid	30762151_zpid	11234	1509 E 48th St, Brooklyn, NY 11234	40.623908	-73.929077	0.209195412035	9	0.176367896498	1	1.85684818298	0	3	3	1316	262500	11	2000	1935	20	17	11	21	15	51	29	24	18	5	4	113
30722134_zpid	30722134_zpid	11223	1787 E 2nd St, Brooklyn, NY 11223	40.60592	-73.971037	0.138956435407	7	0.176062272353	5	0.321029838664	2	3	2.5	1152	545000	87	2260	1920	376	88	96	140	116	204	108	152	124	72	12	536
30748694_zpid	30748694_zpid	11235	2521 E 12th St, Brooklyn, NY 11235	40.589109	-73.958147	0.192634884584	13	0.340414197499	3	0.417821876345	2	8	3	3600	605000	117	3600	1933	200	72	44	116	68	164	136	116	96	36	16	380
29846138_zpid	29846138_zpid	10465	727 Vincent Ave, Bronx, NY 10465	40.82938	-73.817441	0.483692403724	5	0.541389732215	2	2.26451496788	0	4	3	2517	599000	0	2500	1935	6	3	3	11	0	12	13	32	15	1	4	44
30660602_zpid	30660602_zpid	11203	343 E 35th St, Brooklyn, NY 11203	40.646744	-73.944014	0.389388162411	5	0.0748554071656	2	0.456096774596	2	6	3	3090	485000	8	2000	1899	336	64	328	256	268	152	68	16	92	76	52	400
30602551_zpid	30602551_zpid	11221	309 Van Buren St, Brooklyn, NY 11221	40.69126	-73.934763	0.427180124636	11	0.570674468694	7	0.55303271274	2	7	3	2295	1100000	0	1700	1899	168	47	95	122	94	43	32	15	33	50	44	231
30608591_zpid	30608591_zpid	11221	541 Lexington Ave, Brooklyn, NY 11221	40.689155	-73.940069	0.207568036845	9	0.226226316193	3	0.970622178626	0	4	3	2142	100000	196	1700	1899	908	232	460	636	420	132	144	56	180	240	132	1024
30727488_zpid	30727488_zpid	11229	2218 Ocean Ave, Brooklyn, NY 11229	40.6077243	-73.9533402	0.330976374758	4	0.286856905094	4	0.392707947843	1	6	2	2512	620000	57	3098	1925	159	33	47	45	53	66	60	39	20	18	3	178
30763922_zpid	30763922_zpid	11234	1660 Kimball St, Brooklyn, NY 11234	40.6168819	-73.934721	0.38273437318	5	0.45055961053	3	2.08470379947	0	3	1	1200	445000	141	2260	1925	12	47	7	15	5	42	28	21	28	7	1	126
30641886_zpid	30641886_zpid	11208	56 Grant Ave, Brooklyn, NY 11208	40.689651	-73.869083	0.227362027951	6	0.308102841291	6	0.248211876134	2	3	1	375	180000	203	375	2003	45	16	32	45	29	38	21	9	22	17	1	87
30608439_zpid	30608439_zpid	11216	249 Lexington Ave, Brooklyn, NY 11216	40.687721	-73.952499	0.176263788741	12	0.287889775182	4	0.259534412378	2	7	4	2100	1299000	0	1668	1899	127	71	79	102	70	32	31	12	28	44	36	228
29822714_zpid	29822714_zpid	10467	2749 Cruger Ave, Bronx, NY 10467	40.867143	-73.866591	0.26423751643	11	0.150434061778	7	0.200275227698	2	9	2.5	3500	560000	10	5000	1925	349	47	158	168	162	35	32	15	47	57	33	229
68310261_zpid	68310261_zpid	10454	413 E 141st St, Bronx, NY 10454	40.810907	-73.920622	0.337384537077	5	0.246494838135	6	0.367670921827	3	5	2	1667	599000	0	1742	2005	210	32	99	122	102	9	16	11	27	28	17	205
30638599_zpid	30638599_zpid	11207	223 Van Siclen Ave, Brooklyn, NY 11207	40.6746089	-73.890505	0.234401646472	8	0.405444418492	4	0.203681321869	4	5	3	1500	599000	0	2525	1910	412	96	312	380	304	328	160	108	168	176	72	944
30584583_zpid	30584583_zpid	11215	136 8th St, Brooklyn, NY 11215	40.672253	-73.991424	0.29039742474	10	0.382169206645	3	0.247088824955	3	6	3.5	3000	1510000	31	2500	1899	112	180	72	144	32	112	160	116	76	44	40	452
30791177_zpid	30791177_zpid	11235	182 Kensington St, Brooklyn, NY 11235	40.578622	-73.942039	0.670329390248	1	1.36888987738	0	1.37753279955	0	3	3	2000	930000	20	3000	1930	68	20	4	44	12	56	76	28	44	4	4	104
30768825_zpid	30768825_zpid	11236	8814 Glenwood Rd, Brooklyn, NY 11236	40.640836	-73.908519	0.178150227219	6	0.56929374264	2	0.858354910212	0	2	2	650	339000	19	1958	1920	44	6	25	20	12	80	28	12	22	16	8	115
30765165_zpid	30765165_zpid	11234	1768 Hendrickson St, Brooklyn, NY 11234	40.615995	-73.931256	0.0894688813196	6	0.621008441139	1	2.33052909927	0	3	6	1280	210000	318	4007	1920	24	172	8	32	8	104	128	84	76	16	8	392
30593282_zpid	30593282_zpid	11213	803 Eastern Pkwy, Brooklyn, NY 11213	40.669829	-73.941575	0.0961186768014	11	0.104436173823	7	0.0933546784576	2	12	4	4520	1285000	14	2412	1905	231	55	105	111	122	44	47	20	32	52	31	249
30748904_zpid	30748904_zpid	11235	2521 E 18th St, Brooklyn, NY 11235	40.589857	-73.951487	0.0923055730652	12	0.0737812187217	4	0.399395868349	2	2	3	1549	699000	0	1600	1950	58	13	10	36	13	38	36	31	32	15	4	142
30734735_zpid	30734735_zpid	11223	402 Applegate Ct, Brooklyn, NY 11223	40.600542	-73.976166	0.25072407868	6	0.39652030884	4	0.424001947428	4	3	1.5	1036	695000	12	1560	1925	46	29	21	30	15	77	29	89	25	9	6	121
30764196_zpid	30764196_zpid	11234	1675 E 46th St, Brooklyn, NY 11234	40.619567	-73.930567	0.27390628119	8	0.509122386333	2	2.06471201759	0	4	2	1320	359000	42	2000	1920	11	59	0	16	8	39	32	19	11	8	1	145
30604222_zpid	30604222_zpid	11221	790 Putnam Ave, Brooklyn, NY 11221	40.686062	-73.930272	0.0621262440895	9	0.0589322621009	4	0.746615318137	1	9	3	2460	1020000	20	1875	1899	134	31	65	115	77	34	22	6	23	41	24	164
30662792_zpid	30662792_zpid	11203	1328 Troy Ave, Brooklyn, NY 11203	40.640163	-73.935308	0.21403880485	7	1.07475072193	0	1.10703876858	0	5	2.5	2421	629000	8	2300	1930	36	11	13	21	14	49	21	7	21	14	5	93
29826904_zpid	29826904_zpid	10467	761 E 220th St, Bronx, NY 10467	40.88377	-73.860129	0.201346228193	5	0.338739322186	1	0.21769622602	2	8	3	2588	285000	156	5715	1899	140	10	74	93	79	65	13	3	29	47	9	143
30618978_zpid	30618978_zpid	11249	62 Grand St, Brooklyn, NY 11249	40.7156847	-73.965167	0.194463182466	12	0.456434161447	3	0.686979676699	1	4	2.5	3300	3500000	18	2000	1920	64	328	24	108	24	112	76	60	88	8	16	408
29844025_zpid	29844025_zpid	10465	1635 Ohm Ave, Bronx, NY 10465	40.847349	-73.821399	0.778906301952	0	0.472816031919	1	0.784851063606	0	3	3	1296	470000	16	2500	1957	1	3	2	3	0	12	22	10	6	0	0	20
30609540_zpid	30609540_zpid	11216	217 Putnam Ave, Brooklyn, NY 11216	40.6838104	-73.9533051	0.272448323533	10	0.191846922462	6	0.387591975073	5	1	1	1314	200000	34	1188	1901	174	155	81	117	83	31	43	18	41	52	45	262
29828088_zpid	29828088_zpid	10469	1021 E 213th St, Bronx, NY 10469	40.876851	-73.855796	0.320930668834	6	0.68208092536	1	0.895391029493	0	5	2	2688	299000	0	7250	1935	68	6	36	67	45	57	14	9	26	25	15	103
30669157_zpid	30669157_zpid	11226	1194 Rogers Ave, Brooklyn, NY 11226	40.640627	-73.951604	0.333845451748	7	0.228781803033	5	0.279542769498	2	4	2	2731	880000	2	910	1933	394	105	163	181	152	65	37	17	38	80	18	289
30749375_zpid	30749375_zpid	11235	2541 E 26th St, Brooklyn, NY 11235	40.590175	-73.94353	0.160472901088	11	0.353874723962	4	0.969533388925	0	4	3	1728	719000	0	2800	1950	60	16	14	22	10	37	30	40	34	4	1	100
30733979_zpid	30733979_zpid	11224	4310 Beach 43rd St, Brooklyn, NY 11224	40.574726	-74.009531	0.505713141669	1	0.708707870415	1	2.41139962567	0	5	4	4632	875500	149	11761.2	1960	40	20	12	72	16	0	52	0	16	8	0	68
30714619_zpid	30714619_zpid	11228	307 Bay 11th St, Brooklyn, NY 11228	40.60425	-74.014146	0.367662062478	3	0.635667432387	1	1.12695789359	0	1	1	1000	900000	13	2500	1950	28	4	8	20	4	32	44	48	28	4	8	120
30750130_zpid	30750130_zpid	11235	2812 Avenue Z, Brooklyn, NY 11235	40.589146	-73.941284	0.149993789085	8	0.28164133391	2	1.11652986388	0	3	2	2000	375000	74	2000	1905	61	13	18	17	12	35	26	39	29	3	4	97
29812104_zpid	29812104_zpid	10461	2438 Buck St, Bronx, NY 10461	40.84118	-73.850387	0.169814422017	9	0.443248420718	7	0.593679820277	2	3	2	1756	336000	20	2400	1962	105	10	36	29	24	28	20	18	21	9	7	113
30662401_zpid	30662401_zpid	11203	646 E 38th St, Brooklyn, NY 11203	40.6397	-73.940955	0.43630811226	3	0.599540942532	2	0.630519023328	1	5	2	2256	442120	17	2292	1925	452	24	244	248	224	132	72	24	72	88	24	384
