2099648601_zpid	2099648601_zpid	11236	1029 East 95th Street, Brooklyn, NY 11236	40.645166	-73.904859	0.159383429097	5	0.84939566871	0	0.303365265906	1	5	2	2525	699000	0	1760	1930	45	9	25	36	21	62	23	10	11	23	9	104
29854632_zpid	29854632_zpid	10471	550 W 261st St, Bronx, NY 10471	40.910214	-73.904642	0.398812513346	6	0.384969931345	3	1.05739956509	0	5	5.5	5500	1496000	3	13068.0	1955	4	7	3	9	5	8	20	3	5	4	5	32
30643033_zpid	30643033_zpid	11208	192 Grant Ave, Brooklyn, NY 11208	40.686151	-73.868186	0.211706355358	9	0.11869463926	5	0.560084071665	3	6	3	2160	495000	45	2000	1899	65	32	45	59	37	60	30	11	42	27	6	144
30790125_zpid	30790125_zpid	11235	2920 Brighton 12th St, Brooklyn, NY 11235	40.581516	-73.95582	0.170116758172	10	0.330351179163	8	0.615218455657	2	4	2	3300	430000	144	1883	1940	968	192	232	320	200	272	192	120	164	112	72	804
30752903_zpid	30752903_zpid	11210	1229 E 37th St, Brooklyn, NY 11210	40.62664	-73.939924	0.161257622528	5	0.643740481253	2	0.949158547397	0	7	3	2578	570000	6	4000	1899	90	12	46	47	37	69	45	26	30	16	15	110
30653410_zpid	30653410_zpid	11203	925 Schenectady Ave, Brooklyn, NY 11203	40.650605	-73.932878	0.088957136691	5	0.12055588438	3	1.41043619381	0	3	3	1300	3885000	34	2000	1920	165	11	75	64	75	43	27	4	33	33	11	169
29785160_zpid	29785160_zpid	10457	2113 Prospect Ave, Bronx, NY 10457	40.847585	-73.886582	0.141734149114	13	0.412796186049	3	0.980428231505	0	5	3	1320	300000	12	1938	1970	181	37	92	113	93	23	10	3	37	46	21	171
30651038_zpid	30651038_zpid	11212	1067 Winthrop St, Brooklyn, NY 11212	40.661443	-73.924404	0.209080470777	10	0.217285682521	6	0.395465927402	2	6	2	3840	240000	14	2150	1930	2016	56	768	840	668	212	76	28	164	288	112	1180
30689019_zpid	30689019_zpid	11219	927 64th St, Brooklyn, NY 11219	40.631587	-74.0087269	0.142495707438	7	0.132068426423	8	0.286078714427	2	5	3	3200	1800000	3	4000	1920	42	13	11	18	7	37	26	18	11	5	7	84
55677339_zpid	55677339_zpid	11226	406 E 21st St, Brooklyn, NY 11226	40.6442222	-73.9591615	0.0843631335981	10	0.354184852328	4	0.450752139593	2	8	5	3432	35000	46	2261	1999	585	92	326	331	332	52	39	24	80	108	17	490
30784334_zpid	30784334_zpid	11234	1840 Hendrickson St, Brooklyn, NY 11234	40.614864	-73.930002	0.156801201221	4	0.682789125968	1	2.44930803926	0	3	1	1092	739000	0	4000	1940	44	160	8	24	8	96	108	84	80	8	8	356
30613656_zpid	30613656_zpid	11238	441 Classon Ave, Brooklyn, NY 11238	40.685588	-73.959062	0.366433602563	14	0.372901351109	7	0.375452929296	5	2	2	2630	2040000	23	1263	1899	109	156	71	102	56	28	39	16	43	16	37	148
29789392_zpid	29789392_zpid	10470	218 E 238th St, Bronx, NY 10470	40.899133	-73.870146	0.360849999528	2	0.303622034852	1	0.739204452509	1	3	3	2000	464000	19	4247	1899	54	12	8	10	7	40	12	16	15	5	2	74
29778592_zpid	29778592_zpid	10452	1319 Dr Martin L King Jr Blvd, Bronx, NY 10452	40.840902	-73.927252	0.302879592975	2	0.217426412514	4	0.774330476535	0	3	3	2299	186000	5	1765	1901	1072	104	444	428	364	128	76	36	160	128	40	480
30764689_zpid	30764689_zpid	11234	1521 E 55th St, Brooklyn, NY 11234	40.619541	-73.9218794	0.319369698482	11	0.640310817323	1	2.63214038807	0	4	2.5	1875	469000	7	1591	1970	13	23	7	8	10	36	28	14	21	4	10	129
30788159_zpid	30788159_zpid	11234	38 Barlow Dr N, Brooklyn, NY 11234	40.610467	-73.905468	0.807674058099	0	0.824232845583	0	4.03989884122	0	5	3	3900	875000	39	7367	1960	0	36	4	16	0	20	36	20	44	8	0	128
30614028_zpid	30614028_zpid	11238	25 Monroe St, Brooklyn, NY 11238	40.6847769	-73.958125	0.315262096434	11	0.29461055072	7	0.46541501529	4	4	4	3260	2750000	7	1764	1899	102	150	61	111	61	28	38	16	43	15	37	166
30626261_zpid	30626261_zpid	11221	225 Central Ave, Brooklyn, NY 11221	40.697336	-73.9233129	0.222345220316	14	0.249030074674	7	0.338031778377	3	4	3	4356	80000	205	2200	1920	124	46	65	80	61	45	19	19	44	25	24	166
30631957_zpid	30631957_zpid	11212	424 Mother Gaston Blvd, Brooklyn, NY 11212	40.6686063	-73.9068917	0.11265093723	7	0.0771298361872	11	0.423687303176	4	3	4	5000	325000	139	2500	1930	77	11	25	28	23	11	25	6	12	13	13	108
29797414_zpid	29797414_zpid	10462	2310 Powell Ave, Bronx, NY 10462	40.831454	-73.847247	0.295170407983	8	0.59715726617	2	0.489061961542	2	3	3.5	1665	350500	18	2369	1955	116	17	31	21	19	38	21	11	11	6	6	89
30782753_zpid	30782753_zpid	11234	2228 E 70th St, Brooklyn, NY 11234	40.617033	-73.905935	0.392337757406	2	0.294650470672	1	3.31540494474	0	3	3	2800	615000	2	3000	1988	48	56	32	52	24	52	92	44	84	8	20	256
30774438_zpid	30774438_zpid	11236	1523 Rockaway Pkwy, Brooklyn, NY 11236	40.643473	-73.900036	0.168758672066	8	0.722290205936	1	0.385834196077	1	5	3	2700	463500	16	2213	1930	49	11	23	20	16	54	20	7	13	19	8	102
89073185_zpid	89073185_zpid	11233	41 Rockaway Ave, Brooklyn, NY 11233	40.6818397	-73.9115244	0.211554495856	6	0.207105228001	6	0.147928198888	6	5	3.5	3000	620000	14	2050	2008	189	28	140	142	102	23	31	11	49	65	15	171
30655541_zpid	30655541_zpid	11236	668 E 96th St, Brooklyn, NY 11236	40.652507	-73.912239	0.448193679165	4	0.421077555712	2	1.05400625587	0	5	2	1806	549000	4	1840	1945	40	2	14	21	21	33	18	9	6	6	3	68
29788543_zpid	29788543_zpid	10467	3309 Rochambeau Ave, Bronx, NY 10467	40.878434	-73.880654	0.245895780865	9	0.462421360456	6	0.36724028481	2	7	3	5000	345000	208	2628	1920	534	109	185	179	233	49	31	32	46	62	23	276
64442988_zpid	64442988_zpid	11234	6605 Avenue N, Brooklyn, NY 11234	40.621086	-73.914266	0.248842261986	7	0.593001131382	1	3.03333460132	0	3	2	1800	449202	134	2327	2004	16	6	4	10	2	24	27	21	19	4	7	93
30788173_zpid	30788173_zpid	11234	41 Gaylord Dr N, Brooklyn, NY 11234	40.609778	-73.905415	0.878866406971	0	0.896599431143	0	4.11605223608	0	5	4.5	3009	1050000	9	4750	1960	8	32	4	24	0	12	36	24	28	8	4	132
30642675_zpid	30642675_zpid	11208	3219 Fulton St, Brooklyn, NY 11208	40.6826739	-73.8762493	0.0582121469018	8	0.348301794666	5	0.215934760209	2	1	1	3200	125000	224	1524	1920	87	37	46	65	46	46	41	23	62	30	11	193
30643666_zpid	30643666_zpid	11208	38 Fountain Ave, Brooklyn, NY 11208	40.679189	-73.876612	0.387770857665	11	0.380790710832	5	0.380561178109	5	6	3	2000	665000	1	1800	1899	444	84	248	324	248	180	184	80	224	108	52	812
30572622_zpid	30572622_zpid	11215	445 Carroll St, Brooklyn, NY 11215	40.677709	-73.987385	0.502450667568	10	0.322560653183	4	0.363552809617	2	3	3.5	1448	1950000	7	2000	1920	19	24	8	14	8	13	17	28	6	2	5	57
30692932_zpid	30692932_zpid	11209	62A Mackay Pl, Brooklyn, NY 11209	40.636333	-74.033625	0.248230079012	8	0.528736472394	3	0.878969611772	0	3	1	1138	530000	70	1134	1930	102	7	8	18	14	32	20	84	15	3	1	57
30792603_zpid	30792603_zpid	11235	1014 Banner Ave, Brooklyn, NY 11235	40.583324	-73.959437	0.297757765604	6	0.189458535577	8	0.597923781754	2	4	3	2076	620000	6	3031	1925	186	34	51	72	38	60	47	33	39	22	24	185
29842789_zpid	29842789_zpid	10461	1524 Plymouth Ave, Bronx, NY 10461	40.842881	-73.831716	0.227451476651	6	0.536902587372	1	0.402995712289	2	3	2	1152	342500	10	2500	1910	348	76	84	76	96	192	156	64	44	60	20	440
83049417_zpid	83049417_zpid	11221	972 Greene Ave, Brooklyn, NY 11221	40.6907039	-73.928875	0.153267938359	9	0.286534296146	4	0.293717079417	2	12	3	5460	804417	124	2896	2005	200	63	104	136	118	55	36	14	38	55	37	287
30663860_zpid	30663860_zpid	11210	3120 Farragut Rd, Brooklyn, NY 11210	40.6361289	-73.946369	0.524535298952	2	0.339168947004	3	0.382013233211	2	5	2.5	2464	475250	68	3500	1920	330	30	183	173	165	64	40	15	38	69	7	332
30784165_zpid	30784165_zpid	11234	1872 E 38th St, Brooklyn, NY 11234	40.612445	-73.932247	0.254615750507	3	0.497686441481	1	2.20111161676	0	3	2	1600	569000	2	2073	1925	16	112	8	20	4	64	132	120	116	8	12	232
30692026_zpid	30692026_zpid	11220	171 Bay Ridge Ave, Brooklyn, NY 11220	40.6371139	-74.029514	0.117942530163	9	0.226304659689	3	0.570864811282	1	6	3	2900	930000	16	2900	1925	144	60	100	104	68	112	80	112	40	44	8	232
30790020_zpid	30790020_zpid	11235	194 Brighton 10th St, Brooklyn, NY 11235	40.581012	-73.957881	0.249669748399	10	0.170619199692	5	0.470396344392	2	2	1.5	1848	360000	24	2400	1930	248	55	69	92	62	75	52	28	48	32	24	241
2098995817_zpid	2098995817_zpid	11234	1156 E 72nd St, Brooklyn, NY 11234	40.626416	-73.9152189	0.580624386213	2	0.497972331713	1	2.52010002918	0	3	4	1960	639000	0	2782	1970	26	4	13	10	10	52	10	21	15	11	6	76
30594980_zpid	30594980_zpid	11225	177 Sterling St, Brooklyn, NY 11225	40.663083	-73.955188	0.360624813188	10	0.380010687435	5	0.368271428667	3	3	3	2128	1075000	0	2000	1910	471	89	184	157	175	18	36	19	49	70	21	282
30737032_zpid	30737032_zpid	11223	2161 West St, Brooklyn, NY 11223	40.595718	-73.970837	0.525501344431	4	0.722286413689	3	0.216442300435	4	4	2.5	1732	350000	26	2570	1945	112	20	60	112	28	184	100	228	104	16	20	368
30740225_zpid	30740225_zpid	11235	2624 Hubbard St, Brooklyn, NY 11235	40.586363	-73.963123	0.270295853923	8	0.599539187064	3	0.76046036029	0	3	2	1905	642500	31	2090	1935	19	18	14	18	9	40	41	28	17	7	6	75
30712906_zpid	30712906_zpid	11228	157 Bay 11th St, Brooklyn, NY 11228	40.607289	-74.011069	0.0601988394629	7	0.508184196665	4	0.792217308663	0	5	3	2148	535000	59	2148	1960	24	36	8	40	8	88	112	104	84	12	20	220
29826547_zpid	29826547_zpid	10467	736 E 211th St, Bronx, NY 10467	40.8772779	-73.864125	0.261820011962	8	0.160635926124	2	0.193271001435	4	7	4	3540	530000	0	2382	1915	832	48	316	284	272	188	100	16	132	136	68	616
30704411_zpid	30704411_zpid	11228	1567 73rd St, Brooklyn, NY 11228	40.617937	-73.999897	0.118715712845	12	0.21450587828	5	0.203563384793	2	9	6	1850	980000	39	3998	1910	7	3	9	12	10	24	16	26	7	2	1	45
30567281_zpid	30567281_zpid	11201	19 Cranberry St, Brooklyn, NY 11201	40.699871	-73.9944885	0.151408877918	13	0.295003860321	2	0.264465050532	3	1	2	1400	3850000	93	1950	1901	108	272	48	100	64	32	124	84	68	28	24	356
30730373_zpid	30730373_zpid	11214	145 Bay 38th St, Brooklyn, NY 11214	40.595325	-73.990715	0.383863068154	6	0.389440111522	5	0.421931211193	1	6	2	2256	800000	41	2900	1930	128	44	64	88	40	160	152	84	88	40	12	308
30777579_zpid	30777579_zpid	11236	1246 E 104th St, Brooklyn, NY 11236	40.641125	-73.889191	0.618303038629	2	0.52935703874	1	1.23374778997	0	3	2	1536	480500	15	4200	1960	80	12	56	72	40	64	52	28	60	36	20	232
30602560_zpid	30602560_zpid	11221	287 Van Buren St, Brooklyn, NY 11221	40.691185	-73.93541	0.372171414632	11	0.534505375191	7	0.606308110857	2	5	3.5	2364	595000	29	1750	1899	181	40	91	128	100	41	29	14	36	49	43	225
89073702_zpid	89073702_zpid	11222	6 Monitor St APT 1A, Brooklyn, NY 11222	40.719385	-73.9413019	0.121186737905	9	0.451645428384	2	0.584616447275	1	1	1.5	900	3450000	27	2500	2007	18	31	13	29	6	6	24	17	12	4	7	85
30787866_zpid	30787866_zpid	11234	267 Whitman Dr, Brooklyn, NY 11234	40.606943	-73.904549	1.19814535962	0	1.21758655747	0	4.42508552247	0	3	2.5	2454	689000	29	3800	1960	1	1	0	5	0	1	7	1	7	2	1	12
30592680_zpid	30592680_zpid	11216	19 Saint Francis Pl, Brooklyn, NY 11216	40.671562	-73.956391	0.0963010658364	11	0.485369450166	5	0.17657655006	6	4	3	3232	1250000	12	1810	1910	572	136	352	388	328	68	80	24	84	128	76	516
30571576_zpid	30571576_zpid	11217	486 Warren St, Brooklyn, NY 11217	40.683007	-73.985767	0.11350319699	11	0.211364574832	2	0.554079966029	7	5	5	3200	1900000	29	2003	1900	92	640	28	120	40	204	168	68	76	56	56	524
30610777_zpid	30610777_zpid	11216	316 Halsey St, Brooklyn, NY 11216	40.682518	-73.941377	0.228152790752	10	0.387186049537	8	0.292397892855	3	5	4.5	3060	1790000	0	2000	1910	118	77	78	100	65	15	35	21	31	33	24	158
29817317_zpid	29817317_zpid	10462	1916 Wallace Ave, Bronx, NY 10462	40.8485919	-73.864215	0.124683075605	9	0.289402559458	4	0.358169308132	2	3	1	1098	350000	29	2375	1910	299	25	103	96	94	78	45	22	38	38	17	196
30754619_zpid	30754619_zpid	11234	3710 Kings Hwy, Brooklyn, NY 11234	40.621377	-73.93859	0.238334283057	1	0.439744274798	2	1.48730276734	0	3	1.5	1542	639000	109	3000	1935	46	10	26	21	21	23	19	13	11	9	2	78
83046846_zpid	83046846_zpid	11222	75 Beadel St, Brooklyn, NY 11222	40.721859	-73.937923	0.280844531633	4	0.512512767421	1	0.962695518177	0	1	1	550	550000	142	2000	1920	24	27	18	35	11	5	26	23	24	6	10	97
30761529_zpid	30761529_zpid	11210	1867 Flatbush Ave, Brooklyn, NY 11210	40.624521	-73.938468	0.117380154817	2	0.779260917876	0	1.207272823	0	3	2.5	2560	580000	3	1800	1931	260	32	108	136	92	156	144	60	84	44	36	292
30607377_zpid	30607377_zpid	11206	538 Willoughby Ave, Brooklyn, NY 11206	40.693782	-73.9478759	0.0626521921925	8	0.527234797637	5	0.213814920777	3	1	1	550	650000	49	2003	1910	90	30	68	101	53	38	19	40	29	28	24	143
30683057_zpid	30683057_zpid	11204	1915 Bay Ridge Ave, Brooklyn, NY 11204	40.615483	-73.9898259	0.204379140582	10	0.338859826403	7	0.458828594595	2	6	2	1000	1588000	0	3000	1925	268	64	144	236	116	224	164	168	100	52	32	636
29840670_zpid	29840670_zpid	10475	3312 Rombouts Ave, Bronx, NY 10475	40.880846	-73.82772	0.229867928968	1	0.228945334485	3	0.870179085183	0	2	2	1208	175000	50	2500	1920	7	7	7	21	8	9	12	8	6	3	2	50
29784745_zpid	29784745_zpid	10458	2414 Hughes Ave, Bronx, NY 10458	40.855472	-73.886309	0.128636718643	9	0.145400791625	3	0.756463994231	0	6	2	1700	464000	119	2098	1899	466	101	154	188	177	25	39	18	58	79	28	325
30691349_zpid	30691349_zpid	11220	6652 Bergen Pl, Brooklyn, NY 11220	40.639572	-74.028377	0.329378780738	8	0.420443105609	3	0.66421716021	1	3	2	1372	960000	2	2667	1925	35	14	23	24	15	23	22	30	6	10	2	51
30788291_zpid	30788291_zpid	11234	2224 E 66th St, Brooklyn, NY 11234	40.615125	-73.908852	0.298126443258	2	0.240040870476	1	3.55929342802	0	4	4	3700	979000	0	5225	1960	44	36	32	44	28	68	48	44	68	4	12	188
29793334_zpid	29793334_zpid	10473	924 Wheeler Ave, Bronx, NY 10473	40.8224919	-73.878381	0.404816518467	6	0.395994219533	3	0.681509084604	1	3	2.5	1848	295000	37	2400	1945	49	5	21	17	21	4	5	3	9	6	1	58
30706017_zpid	30706017_zpid	11228	1432 Bay Ridge Pkwy, Brooklyn, NY 11228	40.6183368	-74.0044896	0.164520204593	8	0.399458413021	3	0.495367246181	2	4	2	1273	820000	2	2000	1925	12	10	10	25	11	47	45	48	18	1	2	83
30769931_zpid	30769931_zpid	11236	1057 E 83rd St, Brooklyn, NY 11236	40.634322	-73.907769	0.38258387817	6	0.433918555964	2	1.46100600474	0	5	4	2620	840000	15	2050	1960	42	5	15	24	9	74	28	10	28	7	7	90
30592437_zpid	30592437_zpid	11216	639 Saint Johns Pl, Brooklyn, NY 11216	40.6724687	-73.956851	0.0507375848438	13	0.476036682911	5	0.226359360091	6	3	1.5	1296	1190000	15	1040	1899	592	128	340	376	320	72	80	32	72	112	84	508
30698461_zpid	30698461_zpid	11209	55 83rd St, Brooklyn, NY 11209	40.627573	-74.037155	0.607576112718	6	0.65769772805	1	0.91828893297	0	6	5	2896	2200000	33	8000	1910	3	9	0	7	1	19	28	21	9	1	1	44
29845874_zpid	29845874_zpid	10465	3273 Barkley Ave # B, Bronx, NY 10465	40.834128	-73.8176298	0.243243164283	3	0.267832893854	1	1.89101768818	0	2	2	593	132000	25	921	1940	4	3	5	8	6	12	21	23	12	4	3	34
30763300_zpid	30763300_zpid	11234	1460 E 54th St, Brooklyn, NY 11234	40.6220489	-73.923582	0.116701282702	9	0.347152970136	1	2.36094389448	0	3	1	916	380000	9	1800	1925	10	31	6	12	8	41	29	16	20	9	9	117
30570464_zpid	30570464_zpid	11231	30 Woodhull St, Brooklyn, NY 11231	40.681305	-74.0037679	0.098264808542	13	0.246600770795	4	0.798742827185	0	3	3	1200	425000	162	1875	1899	28	48	20	40	19	12	40	32	7	9	9	126
30733672_zpid	30733672_zpid	11224	5115 Surf Ave, Brooklyn, NY 11224	40.579279	-74.009636	0.0919039155787	1	0.685646101502	1	2.41032799336	0	4	3.5	2315	667000	8	7929	1970	11	5	3	15	4	1	15	0	9	1	2	19
30608725_zpid	30608725_zpid	11216	298 Tompkins Ave, Brooklyn, NY 11216	40.6877988	-73.9450197	0.0967843964726	11	0.299804470998	5	0.60478950944	1	3	1	1000	290000	64	2200	1899	396	124	188	340	288	64	84	28	116	144	80	484
30607707_zpid	30607707_zpid	11206	188 Tompkins Ave, Brooklyn, NY 11206	40.692507	-73.945989	0.0708675005277	9	0.339892226875	3	0.419693584791	2	4	1	2400	305000	41	1500	1931	348	112	276	384	200	124	64	144	112	120	84	552
30572913_zpid	30572913_zpid	11231	52 2nd St, Brooklyn, NY 11231	40.67845	-73.993921	0.118715251618	9	0.587271268661	2	0.256844782239	2	3	2	2344	1385000	35	1800	1901	80	148	32	120	44	48	212	140	88	28	16	536
30650939_zpid	30650939_zpid	11212	153 E 92nd St, Brooklyn, NY 11212	40.661247	-73.926461	0.103432495354	11	0.257070602384	7	0.502299908494	1	6	2	2680	225000	9	2533	1925	1720	56	564	564	520	188	56	24	132	236	80	944
30638711_zpid	30638711_zpid	11207	308 Ashford St, Brooklyn, NY 11207	40.674886	-73.885578	0.280068310543	7	0.490088950034	4	0.416212618262	4	5	2	2424	500000	12	954	1930	46	14	41	47	30	51	28	13	33	24	9	129
30778325_zpid	30778325_zpid	11236	1546 E 96th St, Brooklyn, NY 11236	40.635288	-73.893107	0.336277018988	6	0.199912314065	4	1.46502150766	0	3	3	1080	296800	78	2160	1920	128	48	72	92	12	196	64	64	44	44	0	268
30781513_zpid	30781513_zpid	11234	1440 E 70th St, Brooklyn, NY 11234	40.621562	-73.910969	0.456263349226	6	0.49889630652	1	2.89751285947	0	4	2	1683	352000	182	26	1975	22	3	9	16	6	47	23	20	23	5	7	80
30651137_zpid	30651137_zpid	11212	149 E 96th St, Brooklyn, NY 11212	40.662825	-73.923042	0.167372622193	10	0.139711120036	7	0.217067984025	2	1	1	3198	70000	11	3179	1930	497	22	183	196	164	43	25	11	43	71	24	288
30601741_zpid	30601741_zpid	11233	92 Sackman St, Brooklyn, NY 11233	40.676515	-73.9063369	0.374721335436	6	0.362530019491	3	0.282210920893	8	2	1	1632	520000	25	1530	1910	139	16	85	122	79	32	25	16	41	55	20	135
30754637_zpid	30754637_zpid	11210	1514 E 21st St, Brooklyn, NY 11210	40.616379	-73.953849	0.259356635398	4	0.342858386587	5	0.488837243088	1	8	3	3381	1218800	13	4000	1910	21	0	3	6	4	20	16	10	9	2	4	31
30720713_zpid	30720713_zpid	11223	1672 W 2nd St, Brooklyn, NY 11223	40.6067139	-73.9758559	0.261084090592	9	0.274160831629	6	0.339564508717	3	3	2	1348	640000	115	2000	1925	368	76	172	100	124	276	104	148	104	48	16	452
30618293_zpid	30618293_zpid	11206	747 Flushing Ave, Brooklyn, NY 11206	40.7007769	-73.9428888	0.275548573801	10	0.327391526006	7	0.159510675437	4	6	2	3840	202500	158	21	1931	72	112	32	48	26	34	29	16	23	15	17	152
