29816578_zpid	29816578_zpid	10461	1954 Mulford Ave, Bronx, NY 10461	40.851269	-73.8344429	0.37646758663	6	0.33959453129	1	0.520850839861	2	3	1	1836	450000	4	2304	1950	68	16	15	16	17	33	19	16	11	6	6	56
30633550_zpid	30633550_zpid	11212	920 Rockaway Ave, Brooklyn, NY 11212	40.657167	-73.9078339	0.15074839801	6	0.0955774830239	3	0.6088344836	2	3	1.5	1148	329000	5	1800	1986	132	14	98	85	66	30	30	11	44	30	12	168
30574263_zpid	30574263_zpid	11232	122 30th St, Brooklyn, NY 11232	40.6585792	-74.002797	0.264072150074	3	0.427138241741	2	0.445958350707	2	6	3	2250	510000	136	967	1910	24	30	13	16	12	9	32	20	13	1	8	73
30733764_zpid	30733764_zpid	11224	3734 Nautilus Ave, Brooklyn, NY 11224	40.575828	-74.004439	0.648635354032	1	0.275043605453	2	1.97010339702	0	6	4	4500	825000	113	4033	1920	50	13	15	40	13	5	19	7	19	13	1	49
64608762_zpid	64608762_zpid	11234	1356 E 69th St, Brooklyn, NY 11234	40.622382	-73.913132	0.41351152118	5	0.653142895661	1	2.86511423802	0	3	4	1836	620000	52	2664	2005	21	3	9	13	3	47	28	22	23	4	8	90
30591424_zpid	30591424_zpid	11213	1277 Bergen St, Brooklyn, NY 11213	40.675938	-73.942851	0.126825023856	10	0.445769491267	9	0.474236802162	3	2	2	3500	1495000	25	1908	1931	269	44	114	118	100	23	21	5	36	50	19	215
30694440_zpid	30694440_zpid	11209	39 74th St, Brooklyn, NY 11209	40.6341139	-74.034875	0.258959293104	7	0.661340496766	2	0.928870912216	0	5	3	2649	1825000	6	4000	1901	70	7	12	20	15	37	30	91	18	2	2	67
30589696_zpid	30589696_zpid	11238	590 Bergen St, Brooklyn, NY 11238	40.679542	-73.970314	0.18063695108	17	0.266028080626	6	0.294876833046	4	4	3.5	2160	1675000	26	2184	1910	388	268	104	184	80	84	148	80	88	52	44	472
30791511_zpid	30791511_zpid	11235	2967 Coney Island Ave, Brooklyn, NY 11235	40.584021	-73.95972	0.336250692087	10	0.166636298392	7	0.569004118378	2	4	2	1280	547000	2	2178	1915	568	128	156	260	128	240	176	120	152	80	80	656
30777060_zpid	30777060_zpid	11236	1435 E 92nd St, Brooklyn, NY 11236	40.63626	-73.898095	0.0443524142828	5	0.156776658839	3	1.19974173715	0	6	5	2000	440000	29	3081	1920	33	22	23	26	8	56	22	13	15	12	6	87
29846165_zpid	29846165_zpid	10465	753 Vincent Ave, Bronx, NY 10465	40.829858	-73.817859	0.498775484455	5	0.538911169397	2	2.20194004779	0	3	1.5	1079	315000	46	1916	1935	24	20	12	52	0	52	72	136	64	4	12	176
89067649_zpid	89067649_zpid	11239	536 Vandalia Ave, Brooklyn, NY 11239	40.6557741	-73.8727571	0.378441352585	2	0.277660553399	2	1.49322773162	0	3	2	1600	325100	26	2320	2008	1	0	0	0	0	0	1	2	2	0	0	12
29787921_zpid	29787921_zpid	10458	2655 Bainbridge Ave, Bronx, NY 10458	40.8652219	-73.8920341	0.381583236078	10	0.0448645893331	10	0.231586242271	4	5	2	1838	250000	22	1925	1915	556	67	220	236	277	31	19	3	81	73	28	372
30689934_zpid	30689934_zpid	11220	832 67th St, Brooklyn, NY 11220	40.630792	-74.013112	0.223735863445	9	0.208627714828	6	0.466126143792	2	3	2	1905	980000	7	2000	1935	17	4	11	16	7	23	30	9	5	6	1	47
30752932_zpid	30752932_zpid	11210	1194 E 38th St, Brooklyn, NY 11210	40.625978	-73.939514	0.10216624692	5	0.695623819442	1	1.02682381392	0	5	3	2000	166000	285	1999	1925	320	40	140	160	112	252	176	80	108	64	44	384
30748336_zpid	30748336_zpid	11235	2459 E 27th St, Brooklyn, NY 11235	40.592016	-73.942919	0.198278004242	13	0.282439674689	2	1.09550129859	0	4	3.5	2064	250000	187	2183	1940	54	16	15	12	7	23	24	27	24	2	1	64
30583420_zpid	30583420_zpid	11215	371 1st St, Brooklyn, NY 11215	40.673287	-73.98036	0.0850389125878	14	0.307049564271	6	0.505036601442	2	5	3	4008	2800000	5	1950	1901	70	83	26	46	27	22	47	40	26	16	22	210
30598554_zpid	30598554_zpid	11233	1578 Saint Marks Ave, Brooklyn, NY 11233	40.673011	-73.914906	0.410331482359	3	0.389622046394	5	0.702911154111	1	6	2.5	2000	725000	9	2540	1899	748	64	456	448	296	80	100	56	168	156	108	580
30570643_zpid	30570643_zpid	11231	489 Clinton St, Brooklyn, NY 11231	40.678858	-73.999525	0.159659885729	14	0.501846300832	3	0.485365509093	2	3	3	2100	1850000	13	1100	1878	37	43	24	48	16	14	60	25	17	11	11	163
30749939_zpid	30749939_zpid	11235	4702 Bedford Ave, Brooklyn, NY 11235	40.5868589	-73.94446	0.155155365161	7	0.64469436995	2	0.819609078281	0	9	6	3465	1500000	0	2787	1960	48	12	11	31	5	41	28	30	32	5	4	106
29816925_zpid	29816925_zpid	10461	2864 E 196th St, Bronx, NY 10461	40.85369	-73.832589	0.37957082536	5	0.395095406184	1	0.4706600989	1	6	3	3024	700000	0	2500	1925	196	48	40	60	64	120	92	72	40	16	16	184
29845771_zpid	29845771_zpid	10465	3184 Barkley Ave, Bronx, NY 10465	40.833196	-73.82057	0.180823736223	4	0.220487219524	2	1.78043691769	0	4	2.5	2100	440000	2	1913	1960	7	6	6	11	7	15	30	27	14	4	5	42
30744205_zpid	30744205_zpid	11229	2055 Coyle St, Brooklyn, NY 11229	40.601897	-73.93699	0.234130412915	4	0.260515459018	3	1.6266382601	0	4	3	2268	570000	29	1742	1930	24	8	9	9	6	13	35	14	12	0	3	58
30763669_zpid	30763669_zpid	11234	2216 Ralph Ave, Brooklyn, NY 11234	40.623705	-73.918045	0.28209106887	5	0.690562172379	1	2.69922942049	0	5	3	2240	607950	17	2000	1960	15	7	10	10	8	42	23	22	19	12	7	114
30566825_zpid	30566825_zpid	11217	243 Dean St, Brooklyn, NY 11217	40.685234	-73.9840509	0.150296671192	10	0.482392629918	2	0.414098979515	9	4	2	4000	4995000	0	2100	1852	55	89	12	45	14	39	59	26	27	18	16	185
30774257_zpid	30774257_zpid	11236	1195 E 92nd St, Brooklyn, NY 11236	40.640666	-73.903692	0.269959006898	9	0.671016142032	1	0.684498184491	1	2	16	1576	550000	24	6258	1930	38	11	22	20	14	54	25	7	18	14	7	86
30655672_zpid	30655672_zpid	11203	1155 Schenectady Ave, Brooklyn, NY 11203	40.644706	-73.932228	0.32028748097	6	0.601852759072	1	1.41385574307	0	3	2.5	1640	385000	46	30	1945	31	17	11	12	12	33	21	7	14	10	4	89
30587510_zpid	30587510_zpid	11215	592 3rd St, Brooklyn, NY 11215	40.668882	-73.975782	0.270125947135	15	0.676148670626	1	0.479928949042	1	5	3.5	2700	409000	27	1758	1901	29	37	11	24	11	15	58	35	20	6	11	148
30734662_zpid	30734662_zpid	11223	1957 W 5th St, Brooklyn, NY 11223	40.5998386	-73.9770602	0.141896713629	5	0.484370954813	3	0.316481017604	4	8	4.5	3780	970000	27	2150	1930	36	25	14	26	11	70	24	75	25	7	7	104
30773324_zpid	30773324_zpid	11236	9510 Foster Ave, Brooklyn, NY 11236	40.647207	-73.906987	0.281231872056	3	1.00283522586	0	0.438228293141	2	7	3	2240	599000	39	2395	1925	32	6	19	30	16	42	25	6	7	16	7	78
30600654_zpid	30600654_zpid	11233	167 Macdougal St, Brooklyn, NY 11233	40.680053	-73.914828	0.379570606147	3	0.443616165028	6	0.384002737387	4	3	2	3200	613000	92	2000	1910	300	41	186	210	143	48	53	20	73	97	33	263
30766296_zpid	30766296_zpid	11236	239 E 89th St, Brooklyn, NY 11236	40.648463	-73.916044	0.126660676383	5	0.771457392226	0	1.2156425618	0	8	4	3300	610100	35	2000	1960	15	5	14	12	8	29	22	5	9	10	4	69
30735512_zpid	30735512_zpid	11223	2021 W 7th St, Brooklyn, NY 11223	40.5981064	-73.9786228	0.0966164193474	5	0.252315522751	4	0.0828288313274	5	5	2.5	3480	650000	3	3000	1925	132	92	44	120	36	224	100	184	104	32	24	348
30587410_zpid	30587410_zpid	11215	598 2nd St, Brooklyn, NY 11215	40.669476	-73.975162	0.302823260784	13	0.60573949662	1	0.562020690914	2	6	3	3860	4450000	11	1821	1901	136	132	44	104	52	52	228	144	96	24	40	584
30596554_zpid	30596554_zpid	11233	522 Ralph Ave, Brooklyn, NY 11233	40.671526	-73.922623	0.317632821157	6	0.212726273807	2	0.753195825254	0	3	1	3600	620000	84	1900	1960	206	24	104	95	88	15	16	7	25	34	10	138
30607005_zpid	30607005_zpid	11206	117 Vernon Ave, Brooklyn, NY 11206	40.69505	-73.947433	0.135892331332	7	0.519083741726	5	0.142870236869	3	1	1	3200	475000	117	2000	1899	108	36	73	106	54	53	20	42	30	32	29	156
30793910_zpid	30793910_zpid	11229	45 Dare Ct, Brooklyn, NY 11229	40.587978	-73.9221518	0.223670568741	2	1.52498984476	0	2.70815283156	0	3	2.5	950	499000	94	1800	1925	2	3	1	13	0	0	31	11	24	2	5	39
30674064_zpid	30674064_zpid	11218	277 E 9th St, Brooklyn, NY 11218	40.6416918	-73.9701084	0.133360402239	12	0.162431074156	5	0.53203636426	2	4	2.5	1212	1700000	1	2225	1901	664	240	244	308	188	196	140	148	112	72	48	788
30569536_zpid	30569536_zpid	11231	320 Court St, Brooklyn, NY 11231	40.6832609	-73.9956782	0.143733402733	15	0.350911228758	4	0.303077095854	2	4	4	6000	6850000	0	2000	1900	19	39	16	46	14	16	47	21	22	3	8	138
29850112_zpid	29850112_zpid	10464	77 Buckley St, Bronx, NY 10464	40.839429	-73.786847	0.448794715008	1	3.33649070801	0	3.70726591327	0	3	2	1800	599000	13	4504	1930	11	5	4	3	3	1	15	3	8	3	8	20
30612074_zpid	30612074_zpid	11205	186 Washington Ave, Brooklyn, NY 11205	40.6929245	-73.9670647	0.0959486490019	11	0.312900677141	5	0.510256800147	2	2	1.5	5760	1160000	128	1608	1899	64	101	34	44	34	55	23	17	32	21	14	170
30715117_zpid	30715117_zpid	11214	290 Bay 20th St, Brooklyn, NY 11214	40.600764	-74.007403	0.392005823821	5	0.349913991575	3	0.887361445131	0	2	1	1012	515000	57	2200	1940	78	7	27	26	15	33	32	37	10	7	7	99
30760566_zpid	30760566_zpid	11210	1163 E 42nd St, Brooklyn, NY 11210	40.6265144	-73.935235	0.115858988326	7	0.759576070256	0	1.26250972517	0	3	2	1896	182000	322	2000	1960	140	16	76	104	40	88	124	36	52	36	28	244
30699880_zpid	30699880_zpid	11209	8724 Colonial Rd, Brooklyn, NY 11209	40.623496	-74.037238	0.255464490252	7	0.588451947515	1	0.752323278694	0	5	3	2501	1400000	7	2300	1925	204	96	44	120	44	128	100	64	48	12	8	244
30626308_zpid	30626308_zpid	11237	142 Wyckoff Ave, Brooklyn, NY 11237	40.702874	-73.917389	0.176607706412	11	0.124988944691	6	0.136101584628	5	5	5.5	750	995000	19	2150	2011	896	404	580	852	612	188	148	108	324	304	120	1380
30791422_zpid	30791422_zpid	11235	140 Pembroke St, Brooklyn, NY 11235	40.57989	-73.937367	0.496782783327	1	1.28961393576	0	1.61946622437	0	4	1.5	2200	755000	32	2500	1940	36	24	16	40	32	48	48	12	52	8	4	136
62649381_zpid	62649381_zpid	11235	150 Oceana Dr W, Brooklyn, NY 11235	40.5762523	-73.9590776	0.266518097108	9	0.233656891798	6	0.243520865345	1	2	2	1200	775000	13	60983.99999999999	2000	207	55	58	76	57	35	33	13	26	29	16	206
30618398_zpid	30618398_zpid	11211	260 N 9th St, Brooklyn, NY 11211	40.7166	-73.9532399	0.18087128791	16	0.303873872848	4	0.339161653795	3	2	2	1121	899000	13	2500	1899	220	612	88	264	76	144	152	88	56	44	68	744
30792718_zpid	30792718_zpid	11229	2020 Stuart St, Brooklyn, NY 11229	40.604944	-73.937689	0.408100582043	3	0.515856468877	3	1.66473960027	0	3	2	1320	660000	7	2500	1950	16	32	20	36	16	44	116	60	40	0	12	148
30780337_zpid	30780337_zpid	11234	1264 E 69th St, Brooklyn, NY 11234	40.623836	-73.914868	0.468907616167	4	0.755583386514	0	2.76793038233	0	7	5	3562	860000	2	4486	1965	80	16	40	48	24	224	84	100	76	36	28	392
30612145_zpid	30612145_zpid	11205	151 Willoughby Ave, Brooklyn, NY 11205	40.692002	-73.966091	0.178195686049	11	0.486069926793	4	0.396375291736	2	4	2.5	2520	980000	75	1189	1901	61	85	34	39	31	45	25	14	28	20	14	158
30729841_zpid	30729841_zpid	11214	51 Bay 37th St, Brooklyn, NY 11214	40.597629	-73.98949	0.110348857199	9	0.202057376992	5	0.225074984197	2	5	2.5	2052	725000	35	2047	1960	168	56	60	80	44	244	152	88	72	24	8	372
29815917_zpid	29815917_zpid	10461	1865 Mulford Ave, Bronx, NY 10461	40.847934	-73.83571	0.27548776858	8	0.520390720711	1	0.292600159786	2	4	3	1368	469000	5	2375	1920	75	12	18	13	12	27	21	12	10	12	7	69
30660753_zpid	30660753_zpid	11226	241 E 32nd St, Brooklyn, NY 11226	40.644751	-73.946717	0.190369929615	5	0.257665763907	3	0.193269751803	3	4	2	2120	485000	106	1999	1910	201	45	76	88	73	53	30	8	19	35	24	164
30669867_zpid	30669867_zpid	11230	691 Rugby Rd, Brooklyn, NY 11230	40.632713	-73.963468	0.130251553112	6	0.141828457085	4	0.269810503601	2	8	2.5	2667	978500	20	5000	1910	76	32	54	53	48	64	39	34	23	15	5	127
30733573_zpid	30733573_zpid	11224	2860 W 16th St, Brooklyn, NY 11224	40.577502	-73.984177	0.103608363699	2	0.481199949031	4	0.249075003898	2	15	7	3000	1175000	0	2375	1920	220	36	92	140	104	64	116	52	52	68	16	336
30761635_zpid	30761635_zpid	11234	4103 Kings Hwy, Brooklyn, NY 11234	40.6247318	-73.9350199	0.286550901287	8	0.318486949076	2	1.39680152755	0	4	2	1708	380000	15	1760	1935	41	7	18	21	21	20	22	17	13	4	0	70
30739428_zpid	30739428_zpid	11223	2433 E 1st St, Brooklyn, NY 11223	40.5898139	-73.968846	0.110993818256	6	0.460023403493	1	0.457335149409	1	5	2.5	2880	600000	32	2400	1930	44	13	16	23	9	39	39	37	13	4	6	102
29788127_zpid	29788127_zpid	10458	219 Bedford Park Blvd, Bronx, NY 10458	40.871778	-73.886894	0.153775137002	10	0.345142495209	7	0.0645939917894	3	7	3	2040	373000	25	2313	1903	639	31	109	137	129	36	21	11	36	45	14	218
30735851_zpid	30735851_zpid	11223	2257 Mcdonald Ave, Brooklyn, NY 11223	40.597421	-73.972858	0.352433980766	2	0.551293513717	3	0.156945690245	4	4	2	2678	435000	138	2881	1920	72	76	28	124	16	196	104	276	96	16	20	380
30773264_zpid	30773264_zpid	11236	987 E 94th St, Brooklyn, NY 11236	40.645695	-73.906691	0.237419351531	5	0.989345395173	0	0.42259330399	1	2	1.5	988	355000	20	2500	1940	45	7	25	35	19	56	27	9	8	21	7	106
30567850_zpid	30567850_zpid	11201	12 Garden Pl, Brooklyn, NY 11201	40.692948	-73.996317	0.198557689034	15	0.341732515519	4	0.523948961074	4	4	3.5	4000	5650000	14	1728	1901	252	420	104	176	88	96	264	160	124	40	56	824
30643671_zpid	30643671_zpid	11208	50 Fountain Ave, Brooklyn, NY 11208	40.678947	-73.876551	0.364280865642	12	0.400848848262	6	0.402343146026	5	5	2	1512	409000	135	1799	1899	428	84	244	328	228	192	188	80	208	100	40	780
62647213_zpid	62647213_zpid	11216	294 Tompkins Ave, Brooklyn, NY 11216	40.687838	-73.945108	0.131962963376	11	0.307794692154	5	0.59621821889	1	7	5	4620	890000	11	2225	2001	424	128	188	340	292	64	88	28	120	144	80	504
30659926_zpid	30659926_zpid	11203	432 E 46th St, Brooklyn, NY 11203	40.651068	-73.934502	0.127616821026	5	0.217203960675	3	1.27327027156	0	4	2.5	1376	350000	2	2000	1950	141	11	76	63	69	39	33	5	35	31	10	153
30599613_zpid	30599613_zpid	11233	37 Thomas S Boyland St, Brooklyn, NY 11233	40.684001	-73.914436	0.244598505723	7	0.140628612224	3	0.312734434021	3	5	3	1800	399000	65	1500	1901	672	144	528	556	448	60	128	24	164	304	40	736
30720778_zpid	30720778_zpid	11223	1645 W 2nd St, Brooklyn, NY 11223	40.607353	-73.9755379	0.293023195099	9	0.341509061423	6	0.272759526015	4	4	3	2580	545000	128	1833	1960	91	19	43	27	28	61	21	32	23	13	2	102
29793605_zpid	29793605_zpid	10473	2015 Turnbull Ave, Bronx, NY 10473	40.823492	-73.85459	0.429891317162	4	0.367159478288	3	1.20381942148	0	3	2	2009	385000	56	2613	1940	80	22	25	27	17	16	19	5	13	8	5	73
30791410_zpid	30791410_zpid	11235	136 Oxford St, Brooklyn, NY 11235	40.579903	-73.938292	1.01409847242	0	1.27886800955	0	1.55065995223	0	2	2	1296	620000	4	2500	1925	36	24	16	40	32	48	56	12	64	8	4	124
30666458_zpid	30666458_zpid	11226	2415 Snyder Ave, Brooklyn, NY 11226	40.6488096	-73.9542258	0.430600151402	10	0.280383923809	6	0.453353761329	2	3	1	1216	360400	118	804	1910	347	47	187	170	164	85	42	16	52	61	26	290
30737404_zpid	30737404_zpid	11223	2156 E 9th St, Brooklyn, NY 11223	40.596799	-73.962126	0.261442475084	8	0.174855499605	7	0.59319022467	2	6	3	3348	630000	71	4000	1925	128	76	44	96	44	92	128	56	36	20	16	220
30769452_zpid	30769452_zpid	11236	8720 Flatlands Ave, Brooklyn, NY 11236	40.638968	-73.907386	0.123131351082	6	0.481492886185	2	0.975046349275	0	8	3	2160	700000	12	5400	1899	39	7	27	21	11	85	34	14	25	15	9	116
30731970_zpid	30731970_zpid	11214	2762 Cropsey Ave, Brooklyn, NY 11214	40.586718	-73.989144	0.414411913799	4	0.563074895799	1	0.512472022039	1	3	2.5	928	465000	38	1698	1945	48	40	36	88	20	84	84	72	80	28	16	156
112507679_zpid	112507679_zpid	11231	442 Union St, Brooklyn, NY 11231	40.67987	-73.990034	0.420243583282	9	0.300937498434	2	0.37575175445	3	5	7.5	4320	4250000	7	2025	1931	15	24	2	24	10	12	29	30	14	3	2	89
30655631_zpid	30655631_zpid	11236	659 Rockaway Pkwy, Brooklyn, NY 11236	40.653379	-73.911017	0.399969685331	6	0.413485977673	2	1.00444731254	0	7	3	3900	550000	16	2744	1920	35	2	14	19	21	30	18	8	4	6	3	62
30586750_zpid	30586750_zpid	11217	27 8th Ave, Brooklyn, NY 11217	40.6745677	-73.9718805	0.185897157592	17	0.233983825254	5	0.117553788859	4	8	4.5	5000	330000	214	2200	1899	20	17	3	7	2	4	22	9	18	6	6	61
30757129_zpid	30757129_zpid	11234	1643 E 37th St, Brooklyn, NY 11234	40.616082	-73.936738	0.380044245141	3	0.289189960954	3	1.92248218898	0	2	1	935	378000	21	2800	1925	11	20	10	17	5	42	27	19	38	8	3	119
29829742_zpid	29829742_zpid	10469	3253 Corsa Ave, Bronx, NY 10469	40.873984	-73.84612	0.35917171754	8	0.333718021803	1	0.496759611636	1	4	2.5	1360	465000	0	1799	1940	51	14	38	44	28	35	26	8	33	17	10	111
30665440_zpid	30665440_zpid	11225	243 Winthrop St, Brooklyn, NY 11225	40.657204	-73.951978	0.132788056299	10	0.129183852662	7	0.16713520662	3	4	2	1984	587465	27	2014	1905	900	112	352	336	264	152	112	32	92	140	28	576
30618398_zpid	30618398_zpid	11211	260 N 9th St, Brooklyn, NY 11211	40.7166	-73.9532399	0.18087128791	14	0.303873872848	4	0.339161653795	3	2	2	1121	899000	13	2500	1899	220	612	88	264	76	144	152	88	56	44	68	744
30607475_zpid	30607475_zpid	11206	120 Marcus Garvey Blvd, Brooklyn, NY 11206	40.694499	-73.940618	0.100365702149	10	0.193105062442	3	0.515938302406	3	4	4	2772	1595000	0	1320	1931	436	160	204	304	188	144	80	116	88	132	68	592
29788386_zpid	29788386_zpid	10468	3053 Villa Ave, Bronx, NY 10468	40.873384	-73.888603	0.0759848134623	9	0.258903894203	4	0.123019247906	2	3	2	1650	335000	6	2500	1910	226	17	79	71	63	17	9	0	15	25	11	107
30719633_zpid	30719633_zpid	11204	1564 W 2nd St, Brooklyn, NY 11204	40.609196	-73.976337	0.177220327582	11	0.350467560351	7	0.287800640297	5	2	2	1540	620000	29	2000	1920	141	18	27	29	32	59	13	20	10	6	6	82
30732228_zpid	30732228_zpid	11224	3730 Bayview Ave, Brooklyn, NY 11224	40.580637	-74.005109	0.500990066766	1	0.451127275659	1	2.02239143347	0	4	4	3000	132000	259	2000	1985	124	36	16	68	28	4	40	8	36	20	8	116
30673347_zpid	30673347_zpid	11218	221 E 8th St, Brooklyn, NY 11218	40.6447689	-73.971589	0.14681180276	9	0.527054213408	6	0.601950983718	3	7	4	2760	240000	320	2000	1901	120	38	49	63	41	44	31	26	27	16	8	168
29791365_zpid	29791365_zpid	10473	429 Bolton Ave, Bronx, NY 10473	40.814282	-73.857774	0.578914235561	2	0.821256498273	0	2.08931419496	0	4	2	1340	375000	0	2500	1920	38	9	15	36	10	36	11	15	15	20	9	92
30595995_zpid	30595995_zpid	11233	1377 Saint Marks Ave, Brooklyn, NY 11233	40.673986	-73.922787	0.422052744871	4	0.479227493804	3	0.539862752793	1	4	2	2001	637500	12	2130	1910	166	28	110	100	86	17	19	5	35	38	17	165
30736744_zpid	30736744_zpid	11223	2137 W 8th St, Brooklyn, NY 11223	40.5953836	-73.9790867	0.234686884674	6	0.100041814879	3	0.232629800209	4	7	4.5	2450	1106000	11	3300	1931	37	14	4	24	9	43	19	31	23	5	5	66
30624746_zpid	30624746_zpid	11206	855 Broadway, Brooklyn, NY 11206	40.6988627	-73.9382126	0.179451443372	11	0.274405782232	4	0.28371021241	2	8	5	4126	1260000	25	2500	1910	75	54	36	51	30	27	36	19	34	22	10	198
30781674_zpid	30781674_zpid	11234	5916 Avenue T, Brooklyn, NY 11234	40.615729	-73.917281	0.10392629026	6	0.685906477976	1	3.19482852901	0	4	2.5	1665	460000	25	1800	1955	12	8	11	7	13	28	20	12	21	5	5	91
30788420_zpid	30788420_zpid	11234	2304 E 64th St, Brooklyn, NY 11234	40.6130714	-73.9092549	0.435120082393	3	0.464134685756	1	3.79038100868	0	3	3.5	2991	995000	12	4617	1950	0	9	3	5	2	10	7	11	9	0	0	32
