30730432_zpid	30730432_zpid	11214	8733 25th Ave, Brooklyn, NY 11214	40.59509	-73.989715	0.379677374205	8	0.347246938407	5	0.379714043328	1	3	2	18	635000	57	173804.40000000002	1950	100	20	60	68	32	152	148	84	76	36	12	296
30611939_zpid	30611939_zpid	11205	171 Classon Ave, Brooklyn, NY 11205	40.695223	-73.961065	0.173345412922	9	0.433482948501	7	0.711850240187	1	6	4	1260	245000	26	1306	1901	192	272	108	204	92	168	88	144	116	36	92	660
29838224_zpid	29838224_zpid	10466	744 E 237th St, Bronx, NY 10466	40.896532	-73.853784	0.315481892182	3	0.137300820928	2	0.211555350137	2	4	2.5	1998	469000	13	1936	1960	142	9	61	54	78	73	28	7	32	28	10	157
30768247_zpid	30768247_zpid	11236	8716 Farragut Rd, Brooklyn, NY 11236	40.6418729	-73.910832	0.314106825976	5	0.609172674437	1	0.926741593383	0	6	3	2761	630000	121	2633	1960	45	6	27	21	11	54	31	7	25	17	6	117
30622169_zpid	30622169_zpid	11222	95 N Henry St, Brooklyn, NY 11222	40.722539	-73.943336	0.188115751854	13	0.0626024015612	1	0.709412638837	1	4	1.5	4576	995000	26	2000	1910	128	200	72	192	52	56	156	92	108	40	56	652
30788470_zpid	30788470_zpid	11234	2440 E 64th St, Brooklyn, NY 11234	40.610537	-73.90904	0.670346520083	2	0.746734194601	1	4.06615621108	0	3	3	2456	1599000	0	4617	1965	2	6	2	5	3	15	8	11	15	1	1	26
30608311_zpid	30608311_zpid	11221	72 Van Buren St, Brooklyn, NY 11221	40.6898744	-73.9426778	0.27281930868	10	0.267318430878	4	0.753058784113	0	6	4	2268	925000	23	1805	1901	174	46	83	116	90	28	29	8	31	49	24	194
29784245_zpid	29784245_zpid	10458	467 E 185th St, Bronx, NY 10458	40.8567876	-73.8924482	0.142036479619	11	0.411146325238	7	0.544930883173	3	3	3	1296	225000	18	1667	1910	434	44	192	189	220	24	31	14	43	70	29	325
30783065_zpid	30783065_zpid	11234	2317 E 71st St, Brooklyn, NY 11234	40.61638	-73.903232	0.62956901288	1	0.5308475605	1	3.37210807941	0	4	4	2500	900000	15	4000	1965	12	52	16	32	8	40	68	40	60	4	12	216
30624580_zpid	30624580_zpid	11206	222 Boerum St, Brooklyn, NY 11206	40.706058	-73.938846	0.217432620042	9	0.274423116813	5	0.205414354861	4	2	1	2	437000	136	2175	1930	70	168	41	38	23	17	31	14	24	10	8	146
30781352_zpid	30781352_zpid	11234	1464 E 65th St, Brooklyn, NY 11234	40.618663	-73.914032	0.265121518105	6	0.421384670858	1	3.24854056553	0	3	2	1600	524000	15	2400	1920	80	36	44	48	20	92	108	40	80	8	24	348
30618522_zpid	30618522_zpid	11249	142 N 7th St, Brooklyn, NY 11249	40.7182501	-73.9587133	0.0997290104912	13	0.329799907147	4	0.112788239449	1	2	3	2150	2510000	17	1900	1899	68	120	6	24	4	33	21	27	16	39	2	133
30740003_zpid	30740003_zpid	11235	2554 Ocean Pkwy, Brooklyn, NY 11235	40.587549	-73.966554	0.413156403364	7	0.4639571785	1	0.690229899192	1	6	5	3113	925000	34	3163	1960	13	6	9	11	2	23	27	12	8	7	1	31
30572256_zpid	30572256_zpid	11231	300 Bond St, Brooklyn, NY 11231	40.680453	-73.989456	0.350470550247	12	0.219752193131	2	0.413176840158	3	2	1	2520	35000	314	1500	1931	10	23	2	22	10	11	23	27	12	3	2	78
30620473_zpid	30620473_zpid	11222	190 Guernsey St, Brooklyn, NY 11222	40.72722	-73.954468	0.0723120431204	17	0.143842113584	4	0.327491870395	2	5	2.5	2640	865000	51	2482	1901	59	82	22	48	25	42	35	26	21	14	11	176
30714761_zpid	30714761_zpid	11214	277 Bay 14th St, Brooklyn, NY 11214	40.603319	-74.011312	0.33511120078	3	0.399086201528	2	0.959794695917	0	3	2.5	1950	762000	5	1795	1930	13	6	8	20	6	28	14	33	15	1	2	55
30664876_zpid	30664876_zpid	11225	140 Midwood St, Brooklyn, NY 11225	40.6595579	-73.955924	0.388124966405	11	0.467611181599	9	0.556078675402	4	4	3	2960	2100000	9	2000	1901	464	113	216	173	188	33	46	21	65	65	15	298
30641679_zpid	30641679_zpid	11208	33 Hemlock St, Brooklyn, NY 11208	40.68912	-73.872138	0.261583884751	6	0.213808640902	6	0.0977861120205	3	3	2	1824	550000	92	2500	1910	71	21	45	61	32	55	31	13	31	26	3	117
30633641_zpid	30633641_zpid	11212	592 Osborn St, Brooklyn, NY 11212	40.65723	-73.905916	0.230958230509	4	0.205088946923	3	0.588727924788	2	7	4	3240	500000	33	2530	1930	97	14	73	69	53	30	27	8	42	21	10	153
30637474_zpid	30637474_zpid	11208	115 Essex St, Brooklyn, NY 11208	40.681766	-73.882895	0.153002164433	7	0.198352213949	3	0.244334382451	2	5	4	2000	535000	125	2334	1910	300	136	204	232	200	200	128	96	128	96	56	592
29832292_zpid	29832292_zpid	10467	837 E 222nd St, Bronx, NY 10467	40.884554	-73.857281	0.202547224917	6	0.375182012661	2	0.464067472911	2	3	3	1375	299900	0	4440	1910	70	4	41	56	38	44	8	1	18	24	4	71
30773789_zpid	30773789_zpid	11236	10413 Glenwood Rd, Brooklyn, NY 11236	40.648953	-73.896906	0.27472111376	4	0.259873690158	3	0.282784019227	2	5	3	1404	425000	15	1890	1925	92	24	64	60	8	84	44	12	52	16	16	268
29815881_zpid	29815881_zpid	10461	2840 Laurie Ave, Bronx, NY 10461	40.848491	-73.835644	0.295151490559	8	0.484217691101	1	0.319478138172	2	2	2	1406	375000	8	2374	1950	69	12	17	14	13	25	17	12	8	12	6	68
29781774_zpid	29781774_zpid	10453	106 Mount Hope Pl, Bronx, NY 10453	40.848569	-73.907997	0.190714791343	13	0.184473076155	10	0.310491871817	6	6	3	3458	285000	138	5009	1901	552	46	229	200	222	32	23	11	56	67	22	344
30753054_zpid	30753054_zpid	11210	1139 E 23rd St, Brooklyn, NY 11210	40.622675	-73.952605	0.527010578651	3	0.631938222526	3	0.747999062929	1	4	3	1872	760000	146	3000	1925	6	2	3	5	0	15	17	4	18	1	0	24
30769351_zpid	30769351_zpid	11236	903 E 85th St, Brooklyn, NY 11236	40.637886	-73.909242	0.0685813748644	7	0.284079839986	2	1.15867770022	0	4	1.5	2640	400000	169	2794	1960	40	8	25	17	12	81	30	15	28	14	12	110
29776896_zpid	29776896_zpid	10454	444 E 142nd St, Bronx, NY 10454	40.810835	-73.919718	0.365282134649	5	0.296549392743	6	0.344998240386	3	6	3	2112	250000	25	1650	1910	226	34	114	129	116	9	15	11	29	32	17	217
30623745_zpid	30623745_zpid	11222	151 Kingsland Ave, Brooklyn, NY 11222	40.721604	-73.941229	0.154288578237	10	0.265976945838	1	0.819002772735	0	5	2	1876	160000	198	1325	1910	27	41	16	41	11	11	36	23	28	6	12	126
30667259_zpid	30667259_zpid	11218	1104 Beverley Rd, Brooklyn, NY 11218	40.6436769	-73.968481	0.109721820271	10	0.380230630774	4	0.341998171084	2	6	3	3135	680000	51	4791	1930	109	36	39	55	31	33	23	22	18	13	7	146
30791394_zpid	30791394_zpid	11235	1602 Shore Blvd, Brooklyn, NY 11235	40.5805999	-73.93885	0.398670047425	1	1.19807049339	0	1.47154926216	0	3	3	3360	1479000	0	2448	1998	36	28	24	56	32	48	60	16	80	8	4	152
72670726_zpid	72670726_zpid	11236	661 E 104th St, Brooklyn, NY 11236	40.6489057	-73.8974557	0.0759887158092	5	0.285542478667	3	0.252633630941	2	4	2	1760	365200	4	1598	2005	96	24	68	68	4	100	40	16	36	28	16	252
30611942_zpid	30611942_zpid	11205	593 Myrtle Ave, Brooklyn, NY 11205	40.6942779	-73.9604635	0.120969665683	9	0.382876853896	7	0.602586756368	1	1	1	4400	250000	208	1460	1905	56	83	31	58	29	48	33	40	30	11	23	187
30614105_zpid	30614105_zpid	11238	64 Monroe St, Brooklyn, NY 11238	40.6845209	-73.956794	0.237987851457	10	0.193406941285	6	0.404768063053	5	5	4	2840	1800000	26	1369	1899	89	114	56	94	54	23	32	16	30	15	36	145
30631332_zpid	30631332_zpid	11207	86 Vanderveer St, Brooklyn, NY 11207	40.681818	-73.903475	0.274896826641	4	0.494627617485	1	0.151305951983	9	3	1	2100	95000	321	1750	1905	35	15	30	39	24	4	13	13	9	11	4	83
30791357_zpid	30791357_zpid	11235	148 Oxford St, Brooklyn, NY 11235	40.579487	-73.93827	0.525895304082	1	1.32516069877	0	1.57600546133	0	4	5	2688	899000	0	43560	2004	36	24	16	36	32	48	48	12	52	8	4	104
30581665_zpid	30581665_zpid	11217	122 Saint Marks Pl, Brooklyn, NY 11217	40.680949	-73.978384	0.106351613092	11	0.173704162853	5	0.277723389617	8	2	1	2700	4999999	0	2000	1899	68	234	33	37	31	52	52	70	40	12	25	215
30672075_zpid	30672075_zpid	11218	7 Chester Ave, Brooklyn, NY 11218	40.645606	-73.984847	0.385799363508	7	0.409514997385	5	0.470074508782	1	8	3	2240	675000	55	2500	1925	44	17	16	26	23	26	39	34	4	9	3	102
30586258_zpid	30586258_zpid	11215	567 6th Ave, Brooklyn, NY 11215	40.663941	-73.9870879	0.24105855501	19	0.296984673603	7	0.515199304911	3	4	2.5	2187	920000	60	2446	1868	68	79	20	62	24	45	68	21	28	17	18	172
30699369_zpid	30699369_zpid	11228	1055 85th St, Brooklyn, NY 11228	40.617964	-74.018294	0.342057900899	2	0.678315782618	2	1.00265168874	0	5	2.5	1584	1395000	2	3000	1920	15	5	6	8	3	19	36	14	13	2	2	31
30720525_zpid	30720525_zpid	11223	1629 W 7th St, Brooklyn, NY 11223	40.6071458	-73.9803222	0.253205827972	13	0.271005816768	6	0.35876989827	3	3	1.5	1344	899000	13	4200	1930	344	80	144	88	120	288	64	132	52	44	12	336
30789671_zpid	30789671_zpid	11235	3049 Brighton 8th St, Brooklyn, NY 11235	40.5787603	-73.9602361	0.0867231909182	11	0.0997143120651	7	0.15038524473	1	7	3	1792	88000	228	40	1910	908	260	296	412	268	296	196	104	204	144	100	1132
30723062_zpid	30723062_zpid	11223	254 Highlawn Ave, Brooklyn, NY 11223	40.603501	-73.976371	0.117740726977	8	0.255143348775	3	0.339809511305	4	3	2	1760	660000	36	2500	1930	364	104	164	124	124	348	112	196	88	56	28	544
83044116_zpid	83044116_zpid	11236	9202 Avenue K, Brooklyn, NY 11236	40.6377949	-73.900526	0.224358964922	6	0.30000114656	3	0.99251145927	0	4	2	1750	300000	6	1433	1931	42	20	21	22	13	49	21	8	15	11	8	79
30639023_zpid	30639023_zpid	11208	394 Shepherd Ave, Brooklyn, NY 11208	40.674952	-73.881286	0.183009592022	9	0.375547598497	4	0.102082987698	3	2	1	1800	382980	64	1800	1901	584	84	284	348	248	160	132	52	128	192	76	644
29792511_zpid	29792511_zpid	10473	2217 Cincinnatus Ave, Bronx, NY 10473	40.820689	-73.847555	0.148540167352	3	0.0574401645922	2	1.55215997516	0	3	2	1842	300000	0	1800	1960	32	13	16	3	5	15	8	2	12	3	4	49
30753634_zpid	30753634_zpid	11210	1213 E 35th St, Brooklyn, NY 11210	40.624449	-73.941281	0.126466857202	4	0.620544266646	2	1.07725993949	0	1	1	2156	175000	231	2613	1915	480	48	240	200	184	288	192	64	132	64	40	464
30594367_zpid	30594367_zpid	11225	188 Crown St, Brooklyn, NY 11225	40.666225	-73.954496	0.330440603503	9	0.394798247918	6	0.371109177277	5	4	1.5	1760	10	42	2400	1920	547	102	231	224	217	25	29	14	63	90	29	331
68311452_zpid	68311452_zpid	11234	1340 E 69th St, Brooklyn, NY 11234	40.622682	-73.913471	0.417319884111	5	0.696261302597	1	2.84340146137	0	3	3.5	2235	673000	9	2664	2005	84	12	36	48	12	188	100	88	88	20	32	372
30754595_zpid	30754595_zpid	11234	1446 E 37th St, Brooklyn, NY 11234	40.620698	-73.9392419	0.324292562107	2	0.350487505278	2	1.52624166981	0	4	2.5	2088	443000	137	1999	1950	140	40	76	64	40	120	80	56	44	28	8	320
29789840_zpid	29789840_zpid	10470	411 E 237th St, Bronx, NY 10470	40.8994659	-73.864613	0.254092832397	4	0.331694861054	1	0.478746411446	1	6	3	2700	540000	5	3323	1920	70	18	12	23	12	36	13	18	18	6	5	80
30791410_zpid	30791410_zpid	11235	136 Oxford St, Brooklyn, NY 11235	40.579903	-73.938292	0.479693409964	1	1.27886800955	0	1.55065995223	0	2	2	1296	620000	4	2500	1925	36	24	16	40	32	48	56	12	64	8	4	124
30719244_zpid	30719244_zpid	11204	1521 W 10th St # 1, Brooklyn, NY 11204	40.6096806	-73.9835779	0.112772134967	11	0.215109575953	7	0.284164415858	2	10	5	3200	314000	290	4000	1925	608	112	160	216	280	300	92	140	84	56	32	540
29842803_zpid	29842803_zpid	10461	1517 Crosby Ave, Bronx, NY 10461	40.842712	-73.830457	0.179765187493	6	0.450218560952	1	0.489631578971	2	2	1	966	331500	1	2164	1935	69	14	19	16	19	48	38	16	9	12	3	102
30724302_zpid	30724302_zpid	11230	915 E 12th St, Brooklyn, NY 11230	40.626795	-73.964241	0.297402383625	4	0.266881109996	4	0.338935977977	2	7	4	3014	950000	3	3000	1925	396	100	204	232	272	232	124	136	84	84	36	596
30607529_zpid	30607529_zpid	11206	628 Marcy Ave, Brooklyn, NY 11206	40.6928539	-73.948981	0.10637623094	9	0.569061996064	5	0.294080465177	2	8	4	3012	498000	45	1506	1925	68	24	54	88	40	26	12	14	27	23	21	120
30742864_zpid	30742864_zpid	11229	2040 E 12th St, Brooklyn, NY 11229	40.599611	-73.960564	0.153441832296	8	0.192229124992	6	0.393287992959	2	4	3.5	3000	1199000	0	2007	1940	47	23	6	19	15	39	16	7	5	1	2	61
30695247_zpid	30695247_zpid	11209	60 Bay Ridge Pkwy, Brooklyn, NY 11209	40.6329087	-74.0345236	0.289498816481	8	0.574408397277	3	0.839124869499	0	6	2	2640	1050000	25	3000	1920	77	5	14	21	18	42	36	86	16	5	2	78
30603022_zpid	30603022_zpid	11221	777 Lexington Ave, Brooklyn, NY 11221	40.690339	-73.929766	0.235700923545	9	0.353885005584	3	0.343814186861	2	4	3	2100	710000	8	1655	1899	776	256	404	548	444	216	144	72	148	248	152	1152
29824498_zpid	29824498_zpid	10469	2881 Dewitt Pl, Bronx, NY 10469	40.867652	-73.847419	0.370614228068	2	0.964468426768	0	0.226076253059	1	3	2	1536	400000	124	1520	1950	37	15	20	21	15	43	25	17	26	17	5	77
30613413_zpid	30613413_zpid	11238	411 Classon Ave, Brooklyn, NY 11238	40.686932	-73.959337	0.400558578832	10	0.410246877565	6	0.224755389292	5	6	4	3596	1725000	0	19	1901	99	102	61	86	54	19	33	14	37	14	25	129
79723492_zpid	79723492_zpid	11212	122 Livonia Ave, Brooklyn, NY 11212	40.661739	-73.913383	0.396445978398	8	0.148757672026	7	0.250632787895	2	5	3	2250	377000	39	1009	2005	174	11	132	83	68	42	41	14	37	24	16	163
30614773_zpid	30614773_zpid	11216	37 Brevoort Pl, Brooklyn, NY 11216	40.68033	-73.954095	0.171001877018	12	0.263121248628	7	0.149183452283	5	3	3	3100	945000	45	1547	1910	716	560	288	380	288	56	160	76	112	136	148	772
30573291_zpid	30573291_zpid	11231	86 Pioneer St, Brooklyn, NY 11231	40.678206	-74.009603	0.191862040752	4	0.161252712211	3	1.11591381668	0	3	2	1600	1490000	0	1667	1910	120	236	64	108	48	52	128	36	44	44	12	304
30719481_zpid	30719481_zpid	11204	1547 W 6th St, Brooklyn, NY 11204	40.609495	-73.979619	0.234003107453	14	0.20387469897	6	0.326666013429	3	3	3	2000	848000	0	2000	1925	195	30	51	54	66	84	24	25	17	12	7	136
30793465_zpid	30793465_zpid	11229	8 Seba Ave, Brooklyn, NY 11229	40.5862895	-73.9249762	0.470049315942	1	1.36126199117	0	2.46765998365	0	2	2	1242	354000	1	1799	1986	2	3	1	14	0	0	30	10	17	2	5	35
29846612_zpid	29846612_zpid	10465	258 Throggs Neck Blvd, Bronx, NY 10465	40.818895	-73.813106	0.34628349158	4	0.405528661358	1	3.39837895417	0	3	3	1732	459800	2	1799	1960	24	48	4	36	20	56	92	40	48	24	40	240
30589684_zpid	30589684_zpid	11238	562 Bergen St, Brooklyn, NY 11238	40.6798689	-73.971126	0.22471194656	18	0.32632382323	6	0.297404489798	6	4	2.5	3220	2941000	25	1575	1901	65	54	23	37	17	13	30	16	16	10	11	95
30655176_zpid	30655176_zpid	11236	126 E 88th St, Brooklyn, NY 11236	40.6495109	-73.919238	0.246343135611	5	0.726274170299	2	1.35192834301	0	2	1	2200	360000	0	2200	1940	96	16	48	80	36	96	72	24	36	44	16	236
30746318_zpid	30746318_zpid	11229	2234 E 28th St, Brooklyn, NY 11229	40.597219	-73.943527	0.176052392915	10	0.312328364737	4	1.00760937222	0	4	4	1624	485000	35	1600	1940	40	64	28	40	36	72	132	92	88	12	24	388
30583388_zpid	30583388_zpid	11215	283 1st St, Brooklyn, NY 11215	40.674625	-73.983068	0.0967192389023	15	0.254162076427	6	0.299581735084	3	4	5	2784	1800000	32	2000	1901	68	78	28	42	26	26	34	36	26	13	16	156
30639381_zpid	30639381_zpid	11208	442 Shepherd Ave, Brooklyn, NY 11208	40.673526	-73.88094	0.146636535128	8	0.35763576647	3	0.0691240631483	1	6	3	1230	505000	122	2500	1901	612	96	324	372	272	176	120	40	120	232	96	700
29840027_zpid	29840027_zpid	10470	4755 Richardson Ave, Bronx, NY 10470	40.905434	-73.850464	0.155358132831	6	0.148325454712	2	0.257371594621	3	3	2	1295	102000	81	1829	1960	110	10	63	58	58	25	18	5	22	21	4	116
30767393_zpid	30767393_zpid	11234	869 E 55th St, Brooklyn, NY 11234	40.6361909	-73.9235719	0.0694340684138	3	0.509958551602	1	2.0674069539	0	5	2.5	2123	397000	36	1983	1955	19	9	1	8	3	19	17	7	12	2	2	39
29848831_zpid	29848831_zpid	10465	321 Brinsmade Ave, Bronx, NY 10465	40.817835	-73.822055	0.414685394072	1	0.396384608135	1	2.95625770322	0	3	2	1995	430000	13	2299	1950	13	17	13	5	9	28	18	13	12	8	8	49
30658308_zpid	30658308_zpid	11203	153 E 37th St, Brooklyn, NY 11203	40.6536516	-73.9428853	0.30492228806	2	0.613450856855	4	0.645721758601	2	5	3	4356	530000	19	3095	1920	100	20	62	71	52	68	22	10	22	30	5	116
68310697_zpid	68310697_zpid	11209	347 94th St, Brooklyn, NY 11209	40.6173623	-74.0319336	0.155835500883	11	0.0880925269123	5	0.144579168846	2	4	3.5	2500	111700	137	774	2012	119	36	31	34	31	76	48	32	6	13	8	179
29847380_zpid	29847380_zpid	10465	3279 Tierney Pl, Bronx, NY 10465	40.815713	-73.800125	0.966848080522	0	1.55125211921	0	4.37212253213	0	4	3	3000	575000	11	5227	1960	0	0	0	0	0	0	8	4	2	0	0	9
30655680_zpid	30655680_zpid	11203	1137 Schenectady Ave, Brooklyn, NY 11203	40.645159	-73.932276	0.367117381813	7	0.554063828334	2	1.4091394371	0	5	3	1800	479166	4	1999	1945	37	17	12	12	16	39	23	6	15	11	6	91
29788314_zpid	29788314_zpid	10468	22 E 198th St, Bronx, NY 10468	40.870845	-73.892644	0.298239869018	10	0.0272110042567	7	0.358918471269	4	2	2	1081	460000	111	1600	1930	355	33	140	128	132	21	16	4	42	35	14	165
30738910_zpid	30738910_zpid	11223	2402 E 4th St, Brooklyn, NY 11223	40.591489	-73.9669009	0.184059609187	6	0.706897229758	1	0.655159623451	2	5	3.5	2005	765000	15	1760	1945	208	32	60	104	44	140	152	100	52	16	12	264
30747227_zpid	30747227_zpid	11235	2511 Avenue X, Brooklyn, NY 11235	40.593561	-73.9449379	0.355252032942	11	0.511395066702	3	0.884269304914	0	3	2	2112	645000	45	2200	1940	54	10	10	13	13	17	20	25	22	0	1	55
30623593_zpid	30623593_zpid	11211	566 Grand St, Brooklyn, NY 11211	40.7109652	-73.949139	0.0406514025694	13	0.0713668416908	7	0.337199098059	6	3	2	2000	2062500	1	1875	1920	328	736	264	304	228	112	148	56	84	72	40	844
29853719_zpid	29853719_zpid	10471	6044 Tyndall Ave, Bronx, NY 10471	40.9092569	-73.900349	0.417617858489	5	0.446287109655	5	1.29940021658	0	3	1.5	1632	655000	8	2355	1925	12	10	6	10	5	18	25	10	16	2	5	45
30608554_zpid	30608554_zpid	11221	405 Throop Ave, Brooklyn, NY 11221	40.688939	-73.9421238	0.301930497904	9	0.175313107792	3	0.807663348618	0	6	3	3025	685000	16	1800	1899	198	53	101	144	101	29	32	13	40	53	27	230
30696660_zpid	30696660_zpid	11228	1052 77th St, Brooklyn, NY 11228	40.622133	-74.014098	0.586015895748	2	0.548439357777	2	1.20982782348	0	4	3	2475	1150000	8	2000	1950	10	10	8	19	6	37	49	25	18	3	4	49
30733310_zpid	30733310_zpid	11224	2861 W 27th St, Brooklyn, NY 11224	40.576419	-73.993038	0.444053988799	1	0.245891881896	4	1.00434857	0	2	1.5	2	360000	120	1663	1989	69	19	46	49	28	4	22	4	21	20	6	109
29853994_zpid	29853994_zpid	10471	6214 Riverdale Ave, Bronx, NY 10471	40.911983	-73.90235	0.462259206317	6	0.527739268614	4	1.33230152547	0	3	2.5	2400	545000	10	2508	1962	4	7	3	6	1	6	16	9	5	1	3	28
29851212_zpid	29851212_zpid	10464	630 Minnieford Ave, Bronx, NY 10464	40.855282	-73.789937	0.0346694189956	1	3.24246089616	0	3.1391440105	0	3	1	1110	425000	0	2500	1957	0	18	1	2	1	2	7	22	4	2	2	17
29811662_zpid	29811662_zpid	10462	2314 Saint Raymonds Ave, Bronx, NY 10462	40.838159	-73.850792	0.286867209089	14	0.262439456412	8	0.366972136429	3	6	4	3200	579000	14	1916	1910	105	11	30	42	22	34	23	14	24	15	4	108
30573444_zpid	30573444_zpid	11231	48 Dikeman St, Brooklyn, NY 11231	40.6755629	-74.011349	0.485769479182	2	0.267642850333	4	1.19326085543	0	6	4	2625	1180000	19	2500	1899	25	55	6	21	1	11	33	5	10	7	2	63
30740285_zpid	30740285_zpid	11235	2748 Brighton 7th St, Brooklyn, NY 11235	40.58357	-73.962593	0.209083058836	8	0.324300694367	5	0.666714730373	1	5	3	2916	720000	4	2090	1930	324	144	116	208	76	220	204	124	100	72	80	636
29781904_zpid	29781904_zpid	10453	107 E 175th St, Bronx, NY 10453	40.847026	-73.910039	0.0264607948579	11	0.122532818693	9	0.125611613089	5	3	2	1516	240000	153	1698	1940	1780	224	736	712	716	164	92	36	188	228	64	1092
30670864_zpid	30670864_zpid	11218	655 19th St, Brooklyn, NY 11218	40.653214	-73.9780679	0.149086431599	7	0.3974616612	1	0.427406313139	1	3	3	1074	999999	10	1374	1910	36	76	52	80	48	84	88	100	60	4	16	204
30688421_zpid	30688421_zpid	11219	913 60th St, Brooklyn, NY 11219	40.634098	-74.00672	0.0626200413377	9	0.34198150369	9	0.323293076563	2	6	2.5	1860	700000	47	2003	1905	38	13	17	26	10	47	35	23	13	7	6	75
30783522_zpid	30783522_zpid	11229	1846 Madison Pl, Brooklyn, NY 11229	40.608685	-73.939386	0.464527002699	3	0.565774786244	1	1.55746537425	0	3	2	1352	245000	64	2000	1930	11	6	5	15	6	10	14	8	10	1	2	33
29832155_zpid	29832155_zpid	10466	766 E 229th St, Bronx, NY 10466	40.88965	-73.856633	0.270883963531	7	0.395566007425	3	0.36085701186	2	4	2.5	1966	365000	13	2746	1960	264	21	116	117	101	94	34	7	44	53	21	218
30788169_zpid	30788169_zpid	11234	74 Barlow Dr N, Brooklyn, NY 11234	40.609514	-73.90504	0.918892096778	0	0.935938396338	0	4.14318092357	0	5	4	4800	1550000	31	6000	1960	4	28	4	24	0	12	36	20	28	8	0	120
29853872_zpid	29853872_zpid	10471	6139 Fieldston Rd, Bronx, NY 10471	40.9109464	-73.8994851	0.456450189558	8	0.461079503123	5	1.45549463667	0	4	1.5	1800	799000	0	1750	1930	7	8	6	9	3	8	19	9	7	2	4	32
30581160_zpid	30581160_zpid	11232	729 41st St, Brooklyn, NY 11232	40.647154	-73.999691	0.176195925814	7	0.230006885024	8	0.463355629009	1	4	1	1240	780000	32	2504	1915	304	160	116	120	108	208	72	48	32	40	24	344
30569337_zpid	30569337_zpid	11231	271 Degraw St, Brooklyn, NY 11231	40.684046	-73.995715	0.0699499018991	18	0.320337115434	5	0.386448736496	2	4	3.5	3500	4499000	0	1471	1901	22	36	16	43	14	15	39	20	22	3	7	126
30775718_zpid	30775718_zpid	11236	10505 Flatlands 1st St, Brooklyn, NY 11236	40.645636	-73.892179	0.278974493152	3	0.244564425258	3	0.824668161691	0	4	2.5	2507	448000	14	2000	1960	156	28	92	60	52	96	48	12	52	36	28	308
29827100_zpid	29827100_zpid	10467	861 E 215th St, Bronx, NY 10467	40.8792989	-73.8591478	0.50762612335	4	0.544710626464	1	0.587866611661	2	4	3	2340	379000	10	2291	1935	588	52	272	308	224	196	32	4	88	160	44	528
30740013_zpid	30740013_zpid	11223	1 Brighton Ct, Brooklyn, NY 11223	40.5874281	-73.9675791	0.343279502021	5	0.905239286518	0	0.6144562754	1	5	3	3000	365000	202	1250	1920	304	36	32	56	16	72	104	92	48	4	20	208
30574184_zpid	30574184_zpid	11232	224 27th St, Brooklyn, NY 11232	40.658596	-73.998396	0.405273470096	5	0.209704489902	1	0.202134058208	2	6	2.5	2096	965000	23	1670	1914	31	42	16	23	12	16	33	24	19	4	10	76
29781612_zpid	29781612_zpid	10457	1652 Weeks Ave, Bronx, NY 10457	40.843137	-73.9074459	0.227698370873	5	0.160806570493	7	0.381997822088	4	4	2.5	2440	480000	28	1900	1940	354	65	238	252	239	28	21	12	61	62	27	278
