29854081_zpid	29854081_zpid	10463	640 W 238th St, Bronx, NY 10463	40.888722	-73.91251	0.339310471007	8	0.457849926877	1	1.07860104991	0	5	4.5	3160	1100000	30	5171	1928	49	14	8	15	7	6	25	5	10	0	4	53
65294376_zpid	65294376_zpid	10463	58 Terrace View Ave, Bronx, NY 10463	40.8778391	-73.9107625	0.0623645267675	7	0.28071266395	4	0.373244499463	3	6	2	2500	43500	161	3468	2007	235	32	82	74	81	21	29	16	42	25	9	176
29784282_zpid	29784282_zpid	10458	446 Cyrus Pl, Bronx, NY 10458	40.85851	-73.892061	0.186481848849	10	0.217074919414	8	0.353002307946	2	9	3	2008	420000	123	2320	1910	504	49	245	242	261	25	37	11	56	97	29	403
30643326_zpid	30643326_zpid	11208	280 Hemlock St, Brooklyn, NY 11208	40.68296	-73.8712709	0.106441822008	7	0.18113288687	7	0.21382428957	1	5	4	2160	585000	2	2120	1910	132	40	77	94	66	71	38	10	88	43	8	210
29834379_zpid	29834379_zpid	10466	1147 E 223rd St, Bronx, NY 10466	40.8823915	-73.8483935	0.100273505033	7	0.17989252443	4	0.92985682232	0	3	3	1534	347500	12	1799	1955	148	28	60	36	36	132	20	4	80	28	12	128
30608455_zpid	30608455_zpid	11216	219 Lexington Ave, Brooklyn, NY 11216	40.6875969	-73.953564	0.0904628276823	10	0.284485549744	5	0.310075698019	2	1	1	2100	690000	44	1655	1899	114	114	70	100	65	30	25	13	24	40	35	206
30587299_zpid	30587299_zpid	11215	525 2nd St, Brooklyn, NY 11215	40.670808	-73.976862	0.189071980713	13	0.255125179311	4	0.582747097672	2	7	3.5	3840	3250000	16	2000	1901	42	46	11	31	17	17	71	41	28	9	14	195
30783498_zpid	30783498_zpid	11229	1811 Burnett St, Brooklyn, NY 11229	40.609052	-73.940275	0.463475506877	3	0.548555873863	1	1.48292576587	0	3	2.75	1700	626000	22	2500	1935	15	6	8	16	7	8	12	9	11	2	3	42
30607578_zpid	30607578_zpid	11206	168 Tompkins Ave, Brooklyn, NY 11206	40.6931838	-73.9462089	0.011214020828	8	0.372792263169	2	0.350051955297	2	6	4	2260	350000	32	2400	1931	98	34	72	102	54	33	19	38	29	33	22	146
29813535_zpid	29813535_zpid	10462	1806 Muliner Ave, Bronx, NY 10462	40.8467408	-73.8607432	0.107419216409	7	0.225652370103	2	0.689865022506	1	3	2	1610	303000	49	1481	1920	71	29	44	58	32	85	37	30	28	24	12	115
30697223_zpid	30697223_zpid	11209	8070 Narrows Ave, Brooklyn, NY 11209	40.628472	-74.038145	0.718213967406	4	1.08698594151	0	1.04541653672	0	4	2.5	2144	1875000	41	4575	1930	3	4	0	5	0	6	23	15	8	1	1	35
30758251_zpid	30758251_zpid	11234	5212 Glenwood Rd, Brooklyn, NY 11234	40.635097	-73.926159	0.22780725092	4	0.635718499711	1	1.83222655495	0	4	2	2748	595000	95	3050	1955	20	10	5	11	3	22	19	9	14	4	2	51
29854140_zpid	29854140_zpid	10471	4695 Arlington Ave, Bronx, NY 10471	40.8942707	-73.9102244	0.800184410698	0	0.987098519392	0	1.11685373246	0	3	4	2626	1193000	15	7136	1952	72	20	8	16	4	8	136	8	24	0	4	76
30724274_zpid	30724274_zpid	11230	958 E 13th St, Brooklyn, NY 11230	40.625949	-73.963718	0.215153462683	5	0.179073602523	4	0.260075628912	2	5	4	2200	567000	104	2300	1925	111	24	53	55	60	49	29	34	18	20	7	158
30663793_zpid	30663793_zpid	11210	786 E 37th St, Brooklyn, NY 11210	40.637768	-73.941701	0.632522510273	2	0.558322074404	2	0.617411749895	2	3	3	1520	485000	0	1600	1940	163	7	113	99	107	37	16	4	29	30	6	186
30575436_zpid	30575436_zpid	11220	773 45th St, Brooklyn, NY 11220	40.644278	-74.000975	0.0911443857798	7	0.09692774545	9	0.604857980522	2	7	2	3884	1275000	26	2003	1940	56	22	25	34	26	46	37	12	17	4	2	91
30650512_zpid	30650512_zpid	11212	4 E 95th St, Brooklyn, NY 11212	40.6648593	-73.9274245	0.229007146231	14	0.194663116047	8	0.396681623962	2	6	2	3842	684000	117	2972	1925	232	7	84	88	71	30	9	6	24	31	10	140
29815431_zpid	29815431_zpid	10461	1639 Pilgrim Ave, Bronx, NY 10461	40.844745	-73.833981	0.230915973094	6	0.685809854861	2	0.220237105853	2	5	3	2160	485000	35	2395	1925	126	14	22	18	20	33	28	14	11	18	6	110
68311709_zpid	68311709_zpid	10467	722 E 214th St, Bronx, NY 10467	40.879303	-73.864037	0.160681757883	4	0.165579103937	2	0.278984296528	3	6	3	3744	485000	4	1894	2004	856	68	328	352	288	236	104	16	136	148	68	768
29829148_zpid	29829148_zpid	10469	3456 Kingsland Ave, Bronx, NY 10469	40.878533	-73.844906	0.0807515362764	6	0.308386853674	3	0.594919479423	1	5	3	2171	549000	6	2960	1930	47	11	28	34	36	40	17	14	33	19	6	93
29831233_zpid	29831233_zpid	10469	2845 Tiemann Ave, Bronx, NY 10469	40.868053	-73.839096	0.400796860172	1	0.645209800708	1	0.635045253654	1	2	2	920	500000	36	4386	1935	33	13	24	24	13	34	27	13	22	4	8	65
30584161_zpid	30584161_zpid	11215	434 5th St, Brooklyn, NY 11215	40.669802	-73.981145	0.0731769135624	20	0.364255916039	3	0.399416849776	3	3	1.5	1400	338000	285	1775	1901	58	81	26	46	26	21	67	39	29	13	21	232
30783555_zpid	30783555_zpid	11229	3048 Avenue R, Brooklyn, NY 11229	40.609663	-73.939689	0.404266415251	3	0.46770292519	1	1.53579261884	0	3	2	1795	810000	10	3200	1925	15	4	8	16	7	4	10	7	8	2	2	38
29778807_zpid	29778807_zpid	10456	580 E 168th St, Bronx, NY 10456	40.830243	-73.904011	0.185856594626	6	0.19385712971	7	1.02548710217	0	5	2	1620	520000	2	2975	1901	350	24	131	149	110	48	14	15	26	52	26	247
29792381_zpid	29792381_zpid	10473	655 Soundview Ave, Bronx, NY 10473	40.818835	-73.86386	0.257870949019	3	0.429244297471	2	1.44594100134	0	2	1.5	1840	430000	90	1960	1955	67	14	25	25	21	26	16	7	26	11	9	92
30695288_zpid	30695288_zpid	11209	7517 Colonial Rd, Brooklyn, NY 11209	40.632183	-74.0330199	0.280832465666	10	0.43533913798	4	0.690196570233	1	3	1	1664	850000	22	2000	1925	312	84	72	96	80	184	164	428	76	28	12	408
30638172_zpid	30638172_zpid	11208	266 Cleveland St, Brooklyn, NY 11208	40.678577	-73.885575	0.122171271039	8	0.240417389817	6	0.171762950508	4	6	3	1224	655000	11	2500	1905	46	14	37	46	38	27	22	21	18	27	10	109
30573574_zpid	30573574_zpid	11231	174 Beard St, Brooklyn, NY 11231	40.6759574	-74.0162066	0.66186253612	1	0.204524929513	3	1.60567194204	0	3	1.5	1320	1250000	0	1500	1899	76	132	16	56	4	12	96	16	12	12	8	160
29797207_zpid	29797207_zpid	10462	2256 Powell Ave, Bronx, NY 10462	40.831242	-73.848733	0.178923174188	10	0.5350367034	3	0.419981056816	2	3	3	1890	383000	5	1855	1950	126	18	33	25	20	40	19	12	11	13	7	102
30793947_zpid	30793947_zpid	11229	11 Lois Ave, Brooklyn, NY 11229	40.586674	-73.921924	0.369810287995	1	1.58519716099	0	2.7248692841	0	2	2.5	1190	280000	17	1800	1925	2	3	1	13	0	0	29	9	20	2	5	36
30793353_zpid	30793353_zpid	11229	7 Canton Ct, Brooklyn, NY 11229	40.5864176	-73.9198763	0.446271626164	1	1.7583400034	0	2.89836135756	0	6	3.5	3160	325000	13	3600	1920	8	12	4	48	0	0	64	32	52	4	8	100
30782054_zpid	30782054_zpid	11234	2024 E 67th St, Brooklyn, NY 11234	40.618799	-73.911766	0.179984984947	7	0.264081249879	1	3.21196831635	0	4	2.5	1260	495000	42	2000	1930	17	8	11	15	6	22	28	10	18	3	5	75
29817951_zpid	29817951_zpid	10461	1941 Tenbroeck Ave, Bronx, NY 10461	40.854523	-73.8515833	0.336412913469	4	0.777714246342	0	0.582756958805	1	3	2.5	1690	675000	3	3876	1940	35	4	6	10	7	17	28	12	14	5	2	66
30790325_zpid	30790325_zpid	11235	131 Corbin Pl, Brooklyn, NY 11235	40.578656	-73.953961	0.0742754797342	8	0.390490249111	4	0.628318583151	1	4	5	1962	999000	0	1799	1930	159	40	40	51	34	46	51	26	35	20	8	127
30636542_zpid	30636542_zpid	11207	171 Sunnyside Ave, Brooklyn, NY 11207	40.6824	-73.891165	0.368659019983	3	0.273275588501	4	0.51571764371	2	4	2	2383	302000	138	3293	1910	66	28	42	43	30	54	38	34	31	14	7	94
30655587_zpid	30655587_zpid	11236	631 E 95th St, Brooklyn, NY 11236	40.652956	-73.91347	0.369901580013	6	0.592890712562	1	0.976168150687	0	3	2	1809	525000	100	3293	1945	46	4	15	23	22	33	15	7	6	9	3	66
30710614_zpid	30710614_zpid	11228	1342 84th St, Brooklyn, NY 11228	40.614403	-74.011814	0.271490529173	3	0.447584813543	1	0.952092962638	0	3	2	1492	608750	41	1742	1945	8	16	2	14	1	25	38	23	20	8	3	46
30585613_zpid	30585613_zpid	11215	231 13th St, Brooklyn, NY 11215	40.667643	-73.989558	0.124865541175	15	0.183575909259	2	0.307721109579	3	4	2	2088	1155375	31	1250	1901	90	86	32	75	32	43	70	28	40	20	17	248
29846473_zpid	29846473_zpid	10465	3144 Schley Ave, Bronx, NY 10465	40.826057	-73.815816	0.489017331427	4	0.626373601907	1	2.62902954261	0	3	2	1543	164000	165	2500	1957	11	14	7	14	1	7	17	19	14	0	4	48
30791185_zpid	30791185_zpid	11235	165 Jaffrey St, Brooklyn, NY 11235	40.578842	-73.942477	0.877339631661	0	1.32519411752	0	1.33363734995	0	4	3.5	2932	1722050	26	4000	1940	68	20	4	44	12	56	80	28	44	4	4	104
30621687_zpid	30621687_zpid	11222	186 Nassau Ave, Brooklyn, NY 11222	40.7252597	-73.9457026	0.00751994191813	13	0.300765649204	3	0.47538981441	1	8	4	4725	1509000	64	2389	1923	35	70	19	36	12	21	37	24	28	11	13	178
30608234_zpid	30608234_zpid	11216	413 Greene Ave, Brooklyn, NY 11216	40.688258	-73.954307	0.0502564481857	9	0.330337803186	6	0.296212204124	2	8	4	2520	960000	24	2000	1931	94	58	62	77	54	29	20	9	18	30	31	177
30715461_zpid	30715461_zpid	11228	1593 Independence Ave, Brooklyn, NY 11228	40.603291	-74.014433	0.468225651746	3	0.661372405295	1	1.19203660308	0	2	1	1488	499000	0	1680	1960	5	1	1	1	0	6	8	8	4	1	2	18
29778675_zpid	29778675_zpid	10454	735 E 136th St, Bronx, NY 10454	40.803322	-73.912617	0.195524051947	4	0.56670086074	2	0.257473008226	2	4	2	960	135000	48	1481	1920	49	5	13	29	14	11	11	7	12	10	7	63
30696278_zpid	30696278_zpid	11209	7717 Colonial Rd, Brooklyn, NY 11209	40.630762	-74.033626	0.447005378261	8	0.774749000658	0	0.695005503158	1	3	1.5	1478	717000	48	2200	1925	52	34	13	15	15	35	43	92	15	5	2	88
30625362_zpid	30625362_zpid	11237	1398 Willoughby Ave, Brooklyn, NY 11237	40.707201	-73.919442	0.308717580213	9	0.300294988329	5	0.242654063126	2	3	2	1224	612500	26	1800	1940	54	65	27	39	37	40	24	13	17	19	15	107
30587998_zpid	30587998_zpid	11215	567 10th St, Brooklyn, NY 11215	40.666041	-73.981052	0.144083057944	16	0.431179229288	6	0.068073612429	2	5	3.5	3705	2500000	20	1778	1901	61	68	24	49	23	27	60	40	25	9	17	171
30761792_zpid	30761792_zpid	11234	9 Harden St, Brooklyn, NY 11234	40.6224483	-73.9345674	0.111176523726	8	0.114504982914	3	1.5991752167	0	4	2	1776	443000	2	1309	1940	172	56	84	116	96	132	104	76	60	32	0	476
30791401_zpid	30791401_zpid	11235	1624 Shore Blvd, Brooklyn, NY 11235	40.580622	-73.938188	0.401762342796	1	1.20003405664	0	1.51986179198	0	2	4	3000	285000	197	2250	2003	36	28	28	56	32	52	64	12	84	8	4	148
30654973_zpid	30654973_zpid	11203	523 E 53rd St, Brooklyn, NY 11203	40.646918	-73.926623	0.444680436705	6	0.472850673607	3	1.83687204072	0	3	3	1536	376000	38	2395	1920	85	16	31	23	31	42	32	8	13	19	10	124
30570762_zpid	30570762_zpid	11231	165 Luquer St, Brooklyn, NY 11231	40.677526	-73.9989839	0.0580470185398	11	0.461280689952	2	0.356946024094	2	5	5	3600	3300000	13	2083	1900	29	34	7	22	9	17	59	15	13	6	8	137
2099051509_zpid	2099051509_zpid	11235	3042 Brighton 14 St # A, Brooklyn, NY 11235	40.57889	-73.955556	0.102799909446	9	0.260225712095	6	0.50255835564	1	8	5	4047	1300000	0	100	1931	796	212	228	272	204	224	220	112	164	120	56	728
29820767_zpid	29820767_zpid	10469	2535 Colden Ave, Bronx, NY 10469	40.863757	-73.8599629	0.255096239281	9	0.209781295662	6	0.649601760978	2	3	1	1000	458000	31	2482	1965	34	17	11	18	16	20	15	6	19	5	7	49
30659082_zpid	30659082_zpid	11203	142 E 42nd St, Brooklyn, NY 11203	40.652368	-73.93849	0.311206030308	2	0.559385592051	4	0.951466441076	0	3	2.5	2142	390000	26	2482	1940	123	15	80	62	63	66	28	10	30	31	7	125
30631832_zpid	30631832_zpid	11212	508 Thomas S Boyland St, Brooklyn, NY 11212	40.668098	-73.91358	0.441531112837	5	0.339257326643	9	0.730657685465	1	3	2	1340	10	9	2000	1987	200	28	104	140	56	116	108	28	104	36	40	460
30745333_zpid	30745333_zpid	11229	2161 Ford St, Brooklyn, NY 11229	40.599401	-73.937545	0.384943539664	6	0.359994702332	4	1.55390261674	0	6	3	1966	603750	123	2500	1950	25	8	9	11	7	8	33	12	16	2	2	67
29777118_zpid	29777118_zpid	10454	356 E 134th St, Bronx, NY 10454	40.806883	-73.926132	0.368031527399	2	0.400565827775	3	0.431460704957	2	4	4	2112	225000	39	2526	1901	94	19	39	50	28	9	12	6	16	19	11	123
30641621_zpid	30641621_zpid	11208	76 Hemlock St, Brooklyn, NY 11208	40.687964	-73.872406	0.230368978585	6	0.186729215125	5	0.220414034859	3	3	3	1290	315000	136	2027	1920	80	31	50	71	39	61	38	16	43	31	6	166
30701445_zpid	30701445_zpid	11209	9329 Lafayette Walk, Brooklyn, NY 11209	40.6172713	-74.0316079	0.144170291229	11	0.0629705219116	5	0.12590323569	2	2	2.5	1365	375000	85	1021	1925	121	37	31	34	31	75	48	31	6	13	8	179
30673257_zpid	30673257_zpid	11218	503 Beverley Rd, Brooklyn, NY 11218	40.643417	-73.975344	0.126626916155	13	0.369119005367	8	0.372609370575	2	2	1.5	5112	1125000	22	3600	2007	200	56	64	93	57	63	51	64	29	21	16	223
30598257_zpid	30598257_zpid	11233	2400 Pacific St, Brooklyn, NY 11233	40.67503	-73.905983	0.383434808384	6	0.450347457601	5	0.246165348658	8	3	2	1850	320000	26	14374.800000000001	1901	94	9	59	92	60	21	20	13	31	34	16	101
30764779_zpid	30764779_zpid	11234	1435 E 56th St, Brooklyn, NY 11234	40.62061	-73.920911	0.270565183984	11	0.623846506088	1	2.63683099944	0	3	2	952	465000	0	1800	1920	10	7	8	12	11	39	26	13	22	7	9	117
30698630_zpid	30698630_zpid	11209	587 83rd St, Brooklyn, NY 11209	40.622386	-74.022775	0.246809457812	12	0.29060847379	3	0.476285323624	1	6	2	2320	1349000	0	4787	1920	110	46	30	36	32	31	19	25	8	25	5	162
30738875_zpid	30738875_zpid	11223	2379 E 2nd St, Brooklyn, NY 11223	40.591225	-73.968169	0.0762089170007	7	0.624066904733	1	0.544214701474	2	3	2	1260	331000	185	2178	1920	47	12	17	24	10	42	36	33	14	5	3	85
30669758_zpid	30669758_zpid	11230	1323 Foster Ave, Brooklyn, NY 11230	40.633801	-73.96418	0.0129431164364	6	0.264478247165	2	0.184564133735	2	6	2	3960	1215000	11	1941	1933	41	30	35	36	31	51	35	32	20	10	5	103
30586774_zpid	30586774_zpid	11217	54 8th Ave, Brooklyn, NY 11217	40.674102	-73.972923	0.181119272967	14	0.182804721347	5	0.218659629815	2	9	6.25	5986	1960000	142	2000	1886	20	17	3	8	1	5	25	9	18	7	7	65
30713716_zpid	30713716_zpid	11228	206 Bay 10th St, Brooklyn, NY 11228	40.606751	-74.013485	0.176871457002	6	0.662112740864	2	1.00192618774	0	3	2	2280	270000	246	3867	1920	8	6	2	9	2	19	21	25	18	1	6	46
29833095_zpid	29833095_zpid	10466	958 E 229th St, Bronx, NY 10466	40.8879189	-73.851195	0.231046455488	8	0.352753658123	3	0.769781132405	0	3	1.5	1152	315000	0	1960	1955	97	14	51	42	30	86	16	4	33	24	16	96
29823246_zpid	29823246_zpid	10469	2725 Tenbroeck Ave, Bronx, NY 10469	40.866311	-73.853148	0.452497056188	6	0.459776831291	3	0.672540961901	1	2	1	2125	280000	26	1088	1950	25	11	12	13	8	44	30	15	26	9	7	81
30754904_zpid	30754904_zpid	11210	1367 E 27th St, Brooklyn, NY 11210	40.617697	-73.947793	0.642240798168	3	0.313456203962	3	0.980739064098	0	6	1.5	1339	525500	11	2000	1925	64	8	4	40	4	76	80	52	56	0	16	160
83178321_zpid	83178321_zpid	10460	790 Elsmere Pl, Bronx, NY 10460	40.843146	-73.888763	0.29726621265	5	0.268701200417	2	0.657842514593	1	9	6	3276	462500	145	3276	2003	194	12	98	79	88	15	13	5	32	29	17	142
30732201_zpid	30732201_zpid	11224	3809 Poplar Ave, Brooklyn, NY 11224	40.580202	-74.006549	0.370176448297	1	0.501368573793	1	2.15291583209	0	3	1.5	2808	550000	7	3600	1960	52	36	20	48	20	4	48	8	32	4	8	104
30788342_zpid	30788342_zpid	11234	2229 E 64th St, Brooklyn, NY 11234	40.614358	-73.909697	0.290106595616	4	0.321629307568	1	3.65578529443	0	4	3	1944	810000	21	5000	1955	2	9	5	6	4	18	9	10	14	0	2	45
30634123_zpid	30634123_zpid	11207	2730 Atlantic Ave, Brooklyn, NY 11207	40.6758837	-73.8934633	0.38113158347	7	0.396749955866	4	0.262423297939	4	2	3	1750	322500	26	2533	1920	117	24	81	102	75	80	42	36	35	41	20	239
30719295_zpid	30719295_zpid	11204	1565 W 9th St, Brooklyn, NY 11204	40.6086894	-73.9825227	0.166550955327	10	0.243366556764	7	0.359419277412	2	9	5	3444	1170000	26	2600	1928	544	96	132	164	224	240	80	104	60	40	24	420
30722713_zpid	30722713_zpid	11223	1883 W 10th St, Brooklyn, NY 11223	40.601127	-73.981959	0.089225904506	9	0.543114447163	6	0.339559391387	3	7	3	1520	740000	31	2400	1925	49	25	23	19	15	59	29	45	18	6	4	78
30578821_zpid	30578821_zpid	11220	413 57th St, Brooklyn, NY 11220	40.642439	-74.016025	0.0852318768908	8	0.120511084873	8	0.197362429446	2	6	2	2280	3000000	4	2000	1899	158	67	52	85	58	39	65	35	43	30	9	258
30631190_zpid	30631190_zpid	11207	73 Granite St, Brooklyn, NY 11207	40.683897	-73.906814	0.101681790634	3	0.255072712931	2	0.225541125286	7	4	2	1100	320000	58	2000	1931	86	19	69	96	58	17	27	18	20	34	15	155
30644954_zpid	30644954_zpid	11208	181 Fountain Ave, Brooklyn, NY 11208	40.675744	-73.875153	0.158516319355	8	0.204745607898	5	0.260470186548	2	4	2	1188	318000	28	2000	1930	157	18	84	99	69	50	49	10	45	44	13	194
29785662_zpid	29785662_zpid	10457	2102 Valentine Ave, Bronx, NY 10457	40.853033	-73.899433	0.093662458774	10	0.160574284999	9	0.357998776315	5	7	3	2024	416000	6	1655	1901	418	37	185	189	192	30	24	14	61	67	26	287
30590070_zpid	30590070_zpid	11238	428 Saint Marks Ave, Brooklyn, NY 11238	40.6766	-73.960781	0.202183022382	14	0.255504963156	6	0.335333651189	6	4	3	1848	1600000	0	2409	1915	804	800	308	392	344	200	164	184	200	144	72	932
30646565_zpid	30646565_zpid	11207	485 Hegeman Ave, Brooklyn, NY 11207	40.6592603	-73.8936411	0.719112860711	2	0.245508152936	3	0.47576995162	2	8	3.5	2036	499500	31	1500	1901	160	13	98	87	88	29	42	11	33	50	14	195
29788020_zpid	29788020_zpid	10458	2784 Valentine Ave, Bronx, NY 10458	40.86816	-73.890794	0.184198681839	9	0.221059084211	9	0.263724797031	6	2	1	2992	440000	126	2818	1920	570	73	197	217	260	34	17	2	70	58	27	302
30606212_zpid	30606212_zpid	11233	295 Bainbridge St, Brooklyn, NY 11233	40.68191	-73.92483	0.451563256565	7	0.362083731366	3	0.450556255394	2	16	9	5787	1133275	29	1807	1927	183	74	119	148	90	24	19	15	49	61	28	225
30705654_zpid	30705654_zpid	11204	1729 Bay Ridge Pkwy, Brooklyn, NY 11204	40.614524	-73.997335	0.173264799856	11	0.18753531082	7	0.299264879507	2	8	4	3312	1200000	3	3000	1931	56	44	24	136	28	156	88	56	44	16	16	248
