29781979_zpid	29781979_zpid	10453	61 E Clifford Pl, Bronx, NY 10453	40.846178	-73.91156	0.141104217917	12	0.226860865372	9	0.123843708256	4	7	2	3360	370000	26	2613	1920	419	51	168	164	164	54	17	10	44	55	13	242
29841769_zpid	29841769_zpid	10461	2863 Waterbury Ave, Bronx, NY 10461	40.837446	-73.83198	0.302024188016	3	0.963451064149	0	0.802490657945	0	3	2	1375	318000	14	2509	1920	22	20	13	16	7	40	26	20	11	4	2	73
30596139_zpid	30596139_zpid	11213	1242 Prospect Pl, Brooklyn, NY 11213	40.673233	-73.935357	0.185237398357	12	0.0684701020808	4	0.523982420336	2	5	3	1859	985000	8	2130	1910	392	61	179	192	186	39	27	12	48	77	22	289
29847751_zpid	29847751_zpid	10465	937 Quincy Ave, Bronx, NY 10465	40.829319	-73.828886	0.254318557391	2	0.544487091288	1	1.67400570449	0	5	3	3102	552000	9	3400	1960	11	13	8	9	4	11	23	15	9	2	6	50
29815871_zpid	29815871_zpid	10461	1812 Hutchinson River Pkwy, Bronx, NY 10461	40.8476401	-73.8358134	0.276040848646	8	0.546075736611	1	0.288409709313	2	3	2	1776	400000	8	1995	1950	75	12	18	13	13	24	20	11	13	11	7	67
30669044_zpid	30669044_zpid	11226	962 Ocean Ave, Brooklyn, NY 11226	40.638769	-73.959209	0.342393847131	11	0.342013181516	5	0.46273664425	2	3	3	2000	1225000	35	7200	1910	466	108	199	204	197	52	35	26	52	82	10	318
30663847_zpid	30663847_zpid	11210	655 E 31st St, Brooklyn, NY 11210	40.635001	-73.946614	0.433475061943	2	0.255686763318	2	0.256176000969	2	6	3	2130	570000	26	2003	1925	304	41	149	147	124	67	43	16	36	63	7	283
30626926_zpid	30626926_zpid	11237	265 Bleecker St, Brooklyn, NY 11237	40.699401	-73.917364	0.094482189782	12	0.319132502029	7	0.214396726474	4	4	2	1	430000	32	2000	1899	220	104	164	209	147	40	36	26	92	78	31	346
29828205_zpid	29828205_zpid	10469	1044 E 216th St, Bronx, NY 10469	40.878081	-73.854122	0.377463634535	9	0.561402165468	1	0.966376259221	0	3	2	2034	360000	23	2178	1950	93	12	43	73	58	63	11	7	31	23	15	119
30641111_zpid	30641111_zpid	11207	658 Warwick St, Brooklyn, NY 11207	40.666745	-73.88442	0.0774568513746	8	0.198447449348	3	0.0772852865174	2	1	1	2356	550000	30	2003	1905	95	9	64	58	41	25	28	10	31	38	16	137
29783105_zpid	29783105_zpid	10460	780 Elsmere Pl, Bronx, NY 10460	40.843261	-73.888999	0.274177104572	5	0.246573530189	2	0.673391939111	1	4	3	1521	400500	38	2500	1901	192	12	93	79	86	13	13	5	31	29	17	139
29833080_zpid	29833080_zpid	10466	945 E 228th St, Bronx, NY 10466	40.887775	-73.851794	0.178168646331	8	0.404743250697	3	0.71981193993	1	3	2	2200	10	139	2325	1955	95	16	51	44	29	85	17	6	29	23	18	98
30646975_zpid	30646975_zpid	11207	686 Van Siclen Ave, Brooklyn, NY 11207	40.662643	-73.8876049	0.30019529695	7	0.203182118458	7	0.336301437553	3	4	2.5	2175	509000	0	2173	1975	812	40	492	408	420	100	148	36	184	256	60	816
30694245_zpid	30694245_zpid	11209	643 73rd St, Brooklyn, NY 11209	40.629043	-74.01832	0.25742872159	12	0.394394074166	6	0.612407226961	1	3	2.5	1496	625000	24	2000	1910	40	48	28	92	20	88	116	144	64	12	12	308
30718240_zpid	30718240_zpid	11230	916 Avenue M, Brooklyn, NY 11230	40.617223	-73.965096	0.219422035641	6	0.222502724926	6	0.483398614072	1	6	2	2400	865000	17	26	1920	368	76	84	144	124	220	224	68	116	28	12	532
30600981_zpid	30600981_zpid	11233	11 Somers St, Brooklyn, NY 11233	40.6787273	-73.9130853	0.557367865753	4	0.279179079594	5	0.197060892114	4	4	2	1000	239000	17	1480	1899	294	29	196	200	139	54	43	24	73	81	33	246
30762247_zpid	30762247_zpid	11234	1426 E 51st St, Brooklyn, NY 11234	40.625625	-73.926874	0.269314120774	9	0.205198245628	1	1.92948538844	0	4	4	1915	112000	122	2000	1935	92	76	68	84	56	212	116	92	96	20	24	356
30612669_zpid	30612669_zpid	11238	398 Washington Ave, Brooklyn, NY 11238	40.686959	-73.9660207	0.0369816211752	10	0.0274795654758	4	0.167651850029	5	6	5	5330	2995000	0	2348	1905	134	62	73	98	80	31	39	8	33	24	23	148
30768841_zpid	30768841_zpid	11236	8907 Flatlands Ave, Brooklyn, NY 11236	40.640129	-73.906611	0.0218783910312	7	0.613190123507	1	0.830253072492	0	5	2	1619	665000	117	4417	1920	37	7	23	24	11	84	31	14	19	18	10	109
30692586_zpid	30692586_zpid	11220	526 Bay Ridge Ave, Brooklyn, NY 11220	40.6330916	-74.0202222	0.0517315625803	15	0.337379496363	7	0.338546354391	2	5	2	1480	560000	131	1960	1910	112	96	40	52	44	84	116	48	36	24	20	296
30650958_zpid	30650958_zpid	11212	128 E 94th St, Brooklyn, NY 11212	40.662093	-73.925691	0.131606457815	12	0.144826007931	6	0.388263426126	1	6	3	3840	500000	16	2500	1935	422	13	132	138	128	48	16	8	33	59	20	243
30614071_zpid	30614071_zpid	11238	491 Classon Ave, Brooklyn, NY 11238	40.683922	-73.958726	0.299384394796	11	0.29491794469	6	0.407434357304	4	6	4	3670	2249500	0	1794	1899	416	628	236	404	240	120	176	68	152	64	148	672
30790915_zpid	30790915_zpid	11235	267 Dover St, Brooklyn, NY 11235	40.575633	-73.9486019	0.392916152519	5	0.897545499343	0	1.09529408559	0	4	4.5	4000	2200000	11	4320	1997	13	11	3	10	3	7	25	17	16	2	2	32
30647572_zpid	30647572_zpid	11207	640 Hegeman Ave, Brooklyn, NY 11207	40.661219	-73.888055	0.242717376899	4	0.25236979296	6	0.487832606723	3	3	1	3120	450000	18	1760	1960	187	16	114	96	99	19	34	8	43	69	12	193
30714363_zpid	30714363_zpid	11214	2165 Cropsey Ave, Brooklyn, NY 11214	40.597873	-73.998991	0.173195967804	7	0.189924522098	3	0.627782614262	2	5	3	2362	237500	261	1800	1940	636	64	176	200	144	276	116	68	72	52	36	468
29851032_zpid	29851032_zpid	10464	351 Fordham Pl, Bronx, NY 10464	40.848787	-73.783849	0.283145822632	3	3.5642545143	0	3.67015212982	0	5	3	396	300000	8	3543	1920	2	23	2	4	1	2	22	10	3	1	22	36
89072713_zpid	89072713_zpid	11205	45 N Oxford St, Brooklyn, NY 11205	40.6966319	-73.9754928	0.346440810631	7	0.387270494185	3	0.898066803192	0	1	1	5200	500000	13	2200	2010	96	84	36	72	60	100	20	72	20	48	24	224
30588556_zpid	30588556_zpid	11215	375 16th St, Brooklyn, NY 11215	40.6622119	-73.983627	0.126302228021	14	0.147059949308	7	0.363838710444	2	4	2.5	2352	2080000	21	1950	1899	66	60	25	54	27	39	55	30	23	9	14	137
30791323_zpid	30791323_zpid	11235	184 Norfolk St, Brooklyn, NY 11235	40.578825	-73.939183	0.596312529023	1	1.39432863781	0	1.55223607247	0	3	2	1856	499000	28	2690	1925	8	20	0	24	0	48	48	12	32	4	4	76
30611934_zpid	30611934_zpid	11205	191 Classon Ave, Brooklyn, NY 11205	40.694533	-73.960913	0.110660946805	9	0.24390164895	8	0.634073316231	1	1	1	623	965000	21	1140	1901	55	79	30	54	28	46	25	39	30	11	23	177
30647779_zpid	30647779_zpid	11207	188 Malta St, Brooklyn, NY 11207	40.656165	-73.893502	0.573456543721	1	0.590161453853	1	0.562025861732	1	5	2	1760	245000	6	2334	1940	47	6	38	38	20	16	23	12	17	27	6	97
30787769_zpid	30787769_zpid	11234	205 Barlow Dr S, Brooklyn, NY 11234	40.608166	-73.907745	0.953947098566	0	1.01978248956	0	4.1902566812	0	4	1	2548	989000	0	3800	1960	2	4	2	7	0	10	7	14	15	3	1	26
30780344_zpid	30780344_zpid	11234	1271 E 69th St, Brooklyn, NY 11234	40.624086	-73.914159	0.517429031115	4	0.761163677274	0	2.71894860018	0	8	6	3960	918000	0	4650	1975	76	12	32	48	24	208	64	92	64	36	24	340
29831618_zpid	29831618_zpid	10466	628 E 223rd St, Bronx, NY 10466	40.886955	-73.86376	0.267678338317	4	0.265233046292	1	0.311285420141	2	7	5	3976	580000	19	2500	2006	224	11	68	95	90	46	12	5	25	46	10	130
64663945_zpid	64663945_zpid	11234	1373 E 66th St, Brooklyn, NY 11234	40.621172	-73.914437	0.242449146756	7	0.609921293547	1	3.0293935988	0	3	2	2202	640000	105	2456	2004	16	7	4	10	2	25	27	19	18	4	7	97
30630053_zpid	30630053_zpid	11207	50 Eldert St, Brooklyn, NY 11207	40.6863151	-73.9132836	0.323969778784	7	0.180944967463	3	0.275337060812	2	1	1	1218	380000	31	952	1915	82	19	75	92	60	23	21	9	21	40	17	133
30633754_zpid	30633754_zpid	11212	922 Mother Gaston Blvd, Brooklyn, NY 11212	40.655696	-73.903608	0.0188484578723	3	0.379746985748	2	0.500862854474	2	5	2	1760	495500	3	2242	1930	57	9	35	40	32	17	16	5	33	11	4	96
30739355_zpid	30739355_zpid	11223	2423 W 1st St, Brooklyn, NY 11223	40.5898407	-73.970849	0.104038149064	6	0.39720112757	2	0.288550257963	3	6	3	2688	950000	0	2000	1930	288	52	64	100	40	168	164	156	76	16	28	444
30695719_zpid	30695719_zpid	11209	47 77th St, Brooklyn, NY 11209	40.631953	-74.035627	0.429588620514	4	0.820712090264	0	0.889443676604	0	5	4	2304	1285000	11	3553	1925	41	5	10	14	10	31	35	71	13	4	1	49
29840651_zpid	29840651_zpid	10475	2050 Tillotson Ave, Bronx, NY 10475	40.879536	-73.835459	0.845349790465	0	0.493411994529	3	0.21233372772	1	7	5	3300	675000	25	4282	1990	0	0	7	11	7	11	12	3	8	4	1	37
30587943_zpid	30587943_zpid	11215	450 9th St, Brooklyn, NY 11215	40.6665599	-73.981489	0.0947599028764	16	0.422267491472	5	0.105019607712	3	7	4	3312	2100000	14	1485	1899	56	68	23	52	20	32	65	41	30	9	17	190
29833078_zpid	29833078_zpid	10466	953 E 228th St, Bronx, NY 10466	40.887676	-73.851479	0.200483105042	8	0.380233754211	3	0.746790413421	1	3	1	1474	250000	156	3637	1901	99	15	52	45	30	88	16	6	34	26	18	96
30777367_zpid	30777367_zpid	11236	1267 E 99th St, Brooklyn, NY 11236	40.638618	-73.891886	0.286487960236	8	0.190611298936	4	1.22824925004	0	4	2	1400	360000	35	4000	1955	32	10	27	25	5	35	18	15	11	11	2	72
29841172_zpid	29841172_zpid	10465	3247 Fairmount Ave, Bronx, NY 10465	40.836615	-73.819577	0.209218197534	2	0.177796481494	1	1.57642433205	0	4	2	1564	380000	21	2258	1955	5	5	7	8	7	9	24	13	10	4	3	38
30742368_zpid	30742368_zpid	11229	1930 E 27th St, Brooklyn, NY 11229	40.603964	-73.945773	0.311225250354	2	0.482571591412	2	1.00318548188	0	3	2	1600	294000	213	2400	1935	88	60	52	92	28	144	144	60	112	4	8	424
30582057_zpid	30582057_zpid	11217	36 Park Pl, Brooklyn, NY 11217	40.679009	-73.977202	0.12719977689	18	0.154338283129	6	0.269437432145	8	6	2	3500	2700000	32	2000	1901	81	125	35	43	33	38	60	63	42	13	31	173
30675761_zpid	30675761_zpid	11218	860 Mcdonald Ave, Brooklyn, NY 11218	40.6329453	-73.9778437	0.208544121279	8	0.262382628969	9	0.354234863859	2	6	3	2100	680000	20	2000	1899	50	30	41	43	36	41	13	55	13	8	5	141
30740019_zpid	30740019_zpid	11223	10 Brighton Ct, Brooklyn, NY 11223	40.587037	-73.967296	0.35735016165	6	0.389182617027	1	0.654419772659	1	3	3	2013	415000	144	2000	1930	304	28	28	36	16	60	100	84	44	4	16	176
30782562_zpid	30782562_zpid	11234	2115 E 70th St, Brooklyn, NY 11234	40.619199	-73.907594	0.314321437845	2	0.266802262971	1	3.0945593594	0	3	2	1984	195000	10	2500	1975	16	6	9	17	5	15	16	10	23	4	4	67
30613281_zpid	30613281_zpid	11238	141 Saint James Pl, Brooklyn, NY 11238	40.68529	-73.963858	0.24785041553	9	0.269624975113	4	0.312118969732	3	5	3	3408	2400000	9	20	1899	620	500	360	512	376	168	212	68	176	100	128	820
30614420_zpid	30614420_zpid	11217	134 S Oxford St, Brooklyn, NY 11217	40.6852531	-73.9734482	0.193315174949	11	0.336575759408	2	0.104540764032	10	4	3	2187	1100000	83	1250	1865	40	66	24	29	16	15	15	32	18	11	22	115
29853360_zpid	29853360_zpid	10471	5838 Tyndall Ave, Bronx, NY 10471	40.90644	-73.901003	0.127786372577	4	0.128488889279	2	1.13752523931	0	3	2.5	1632	775000	2	2994	1940	40	32	16	36	28	80	148	36	76	16	24	220
30761194_zpid	30761194_zpid	11234	1218 E 55th St, Brooklyn, NY 11234	40.627183	-73.923194	0.208552077223	6	0.46581144466	3	2.1591950914	0	5	3	3141	565000	3	2208	1965	140	56	116	96	76	232	84	96	80	80	20	384
30733479_zpid	30733479_zpid	11224	2027 Mermaid Ave, Brooklyn, NY 11224	40.576524	-73.987755	0.334934227599	2	0.223583790681	5	0.560427899264	1	6	5	4800	710000	12	1600	1930	75	14	38	45	32	15	28	9	11	27	8	84
30700834_zpid	30700834_zpid	11209	148 91st St, Brooklyn, NY 11209	40.620693	-74.036441	0.323640386277	7	0.365491186501	3	0.667951747349	2	2	3	1808	1050000	16	2613	1925	76	34	22	39	22	40	38	21	13	4	6	126
30571320_zpid	30571320_zpid	11201	118 Wyckoff St, Brooklyn, NY 11201	40.685231	-73.989468	0.0487729167313	15	0.376728347671	3	0.155560182514	4	2	2	3300	3200000	36	2000	1899	26	50	8	24	7	15	24	18	12	6	6	123
30605846_zpid	30605846_zpid	11233	522 Macdonough St, Brooklyn, NY 11233	40.682855	-73.9253839	0.417089334169	7	0.475836891972	3	0.562769349248	2	8	4	2955	715000	94	19	1901	150	74	101	120	73	17	17	13	43	44	25	202
30660333_zpid	30660333_zpid	11203	980 Schenectady Ave, Brooklyn, NY 11203	40.6491	-73.933348	0.261120502381	5	0.256136526912	3	1.38417451667	0	4	2.5	2368	499500	5	2000	1940	140	13	62	55	60	39	27	2	22	28	9	145
2099755868_zpid	2099755868_zpid	10455	713 Southern Blvd, Bronx, NY 10455	40.8139541	-73.8987406	0.0423439040709	9	0.336714506901	6	0.308233592755	3	8	5	3120	735000	0	2199	2004	197	16	71	74	51	26	16	14	41	27	13	161
30748263_zpid	30748263_zpid	11235	2466 E 27th St, Brooklyn, NY 11235	40.591852	-73.943474	0.248614517021	12	0.325677290733	2	1.05768324658	0	4	3	2900	676000	92	2200	1940	212	60	48	52	32	108	96	120	100	4	4	264
83179229_zpid	83179229_zpid	10469	1496 Hicks St, Bronx, NY 10469	40.8793141	-73.8478354	0.265142359169	6	0.287295410555	3	0.830091842269	0	5	3	3540	415000	19	935	2007	73	20	31	56	48	32	14	9	27	16	6	95
30724825_zpid	30724825_zpid	11230	1909 Avenue K, Brooklyn, NY 11230	40.623468	-73.956779	0.434640696872	5	0.411895709891	5	0.392264352341	2	5	4	2570	870000	10	4000	1905	200	17	70	89	76	28	21	11	17	39	9	155
30664454_zpid	30664454_zpid	11225	51 Maple St, Brooklyn, NY 11225	40.660532	-73.958887	0.146295921101	11	0.297053336441	7	0.30834242096	3	5	2.5	3618	2408000	15	5000	1910	448	105	193	160	177	16	44	22	61	54	14	283
30782788_zpid	30782788_zpid	11234	2207 E 70th St, Brooklyn, NY 11234	40.617674	-73.905885	0.394062088875	2	0.301886669846	1	3.24399851926	0	3	2.5	2000	710000	31	2642	1960	13	9	8	13	6	13	19	9	19	2	4	54
30683359_zpid	30683359_zpid	11219	1020 40th St, Brooklyn, NY 11219	40.643495	-73.993054	0.146296804914	5	0.170397769737	6	0.305933514513	2	6	3	2238	685000	19	1742	2013	66	11	43	60	50	37	34	50	29	21	5	114
30782646_zpid	30782646_zpid	11234	7323 Avenue V, Brooklyn, NY 11234	40.619566	-73.903833	0.612712822575	1	0.537849513383	1	3.02007221156	0	4	5	4000	940000	1	4000	1975	12	5	5	9	5	12	15	8	15	3	4	55
30593514_zpid	30593514_zpid	11225	212 Rogers Ave, Brooklyn, NY 11225	40.66855	-73.953691	0.251126080707	12	0.444325678509	5	0.264612448145	5	6	3	3300	500000	47	2000	1920	466	77	200	207	191	22	18	9	53	84	25	263
30790724_zpid	30790724_zpid	11235	132 Exeter St, Brooklyn, NY 11235	40.578949	-73.948814	0.371291875372	5	0.826879828055	0	0.993231960186	0	3	5	1560	999000	8	3000	1940	31	12	6	15	7	18	35	21	25	4	2	43
30593124_zpid	30593124_zpid	11216	294 New York Ave, Brooklyn, NY 11216	40.67028	-73.947985	0.198145483394	12	0.268316630468	6	0.242628262384	3	5	4	4028	2000000	13	1900	1901	132	42	74	66	66	11	21	3	18	28	17	118
30585775_zpid	30585775_zpid	11215	244 13th St, Brooklyn, NY 11215	40.667074	-73.989461	0.109536792798	16	0.174944899375	4	0.342201139726	3	2	1	2724	1350000	55	1500	1899	356	336	108	304	120	184	292	104	152	84	80	988
30693403_zpid	30693403_zpid	11209	563 72nd St, Brooklyn, NY 11209	40.631074	-74.019816	0.147286207555	15	0.334651151356	6	0.503381541805	2	4	3	2000	1388000	0	2320	1910	37	18	26	32	15	22	36	38	21	9	3	108
29829166_zpid	29829166_zpid	10469	1651 Tillotson Ave, Bronx, NY 10469	40.877163	-73.844244	0.11487126087	4	0.294253686484	2	0.592957075605	1	6	3	1408	202000	185	1583	1920	44	8	34	39	30	38	32	14	37	17	7	105
30782667_zpid	30782667_zpid	11234	2122 E 74th St, Brooklyn, NY 11234	40.620667	-73.905064	0.583402946072	1	0.529674591485	1	2.90557353792	0	4	2	2970	757050	16	4000	1960	44	24	24	36	20	44	52	32	56	12	16	216
30751088_zpid	30751088_zpid	11210	857 E 28th St, Brooklyn, NY 11210	40.629969	-73.949158	0.256372060362	3	0.283251601798	3	0.343892058546	1	3	3.5	1440	605000	5	2000	1925	109	25	37	36	33	50	37	21	27	8	5	143
30669897_zpid	30669897_zpid	11230	1703 Glenwood Rd, Brooklyn, NY 11230	40.632809	-73.960637	0.312788888712	6	0.286001647086	4	0.311764936037	2	10	5.5	4192	990000	18	7500	1904	392	88	316	308	332	160	120	124	92	88	16	444
30702697_zpid	30702697_zpid	11219	1428 Bay Ridge Ave, Brooklyn, NY 11219	40.6217619	-74.001148	0.183175624096	9	0.258748490061	2	0.309440138034	3	5	2	3300	985000	0	2000	1920	160	32	52	56	36	140	88	104	36	20	20	292
30726803_zpid	30726803_zpid	11229	1650 E 12th St, Brooklyn, NY 11229	40.608802	-73.9613959	0.255874334581	8	0.485682441594	5	0.302938897616	1	12	6	4221	995000	8	2700	1920	232	72	100	108	80	112	60	60	36	44	32	468
30610556_zpid	30610556_zpid	11216	253 Halsey St, Brooklyn, NY 11216	40.682801	-73.942983	0.100816788325	10	0.32556134356	9	0.367376037477	3	4	0.5	2100	1680000	3	1700	1899	141	85	92	133	77	18	39	22	42	47	26	197
30748168_zpid	30748168_zpid	11235	2417 E 23rd St, Brooklyn, NY 11235	40.592609	-73.946895	0.272453301652	13	0.526009098799	4	0.757879053294	0	5	3.5	3360	830000	3	2500	1935	76	12	10	19	11	23	27	32	27	3	1	66
30674692_zpid	30674692_zpid	11218	439 E 8th St, Brooklyn, NY 11218	40.639239	-73.970544	0.406825785508	10	0.101056643294	7	0.592568041647	2	4	2	1364	620000	40	4000	1905	223	58	83	84	47	80	40	66	32	21	11	225
30671493_zpid	30671493_zpid	11218	118 E 4th St, Brooklyn, NY 11218	40.649619	-73.977936	0.170274840198	11	0.0860718896723	2	0.18355531909	2	5	2	2500	1400000	21	3100	1910	152	120	72	120	76	136	100	128	76	24	20	372
30579803_zpid	30579803_zpid	11215	423 17th St, Brooklyn, NY 11215	40.6599938	-73.984696	0.203209594614	13	0.05962274361	6	0.415238769449	1	1	1	1000	681000	55	1277	1910	46	47	22	41	28	32	42	18	18	8	14	99
30694149_zpid	30694149_zpid	11209	421 73rd St, Brooklyn, NY 11209	40.632053	-74.023745	0.200273318947	18	0.243861689052	4	0.297349464579	2	4	0.5	2970	950000	27	2000	1905	68	39	42	49	29	38	47	50	24	17	7	167
30730047_zpid	30730047_zpid	11214	71 Bay 41st St, Brooklyn, NY 11214	40.595507	-73.986951	0.248957301297	6	0.222166473883	5	0.244786229414	2	4	3	2210	318000	199	1933	1950	60	24	40	48	24	84	100	76	64	20	8	196
29792939_zpid	29792939_zpid	10473	2113 Homer Ave, Bronx, NY 10473	40.8217088	-73.8510562	0.390979739789	3	0.325616586654	4	1.39994058145	0	3	1.5	1696	340000	25	2070	1960	320	88	108	84	48	96	60	20	72	40	20	256
30584010_zpid	30584010_zpid	11215	292 5th St, Brooklyn, NY 11215	40.67215	-73.985977	0.189248419225	14	0.355673185082	4	0.244077879285	3	1	1	2772	1000000	97	2000	1910	62	81	30	53	27	34	49	47	26	20	20	203
30788383_zpid	30788383_zpid	11234	2374 E 66th St, Brooklyn, NY 11234	40.6119739	-73.906949	0.602913350606	3	0.621959424028	1	3.88453169579	0	4	3	3083	1349000	0	6517	1960	0	12	2	4	1	6	11	8	10	0	0	37
30762652_zpid	30762652_zpid	11234	1182 E 58th St, Brooklyn, NY 11234	40.625709	-73.9201089	0.476030237463	6	0.473034561018	2	2.45770207462	0	5	3	3443	560000	25	2400	1955	84	40	96	44	56	196	72	120	72	72	36	364
79720723_zpid	79720723_zpid	10459	865 E 169th St, Bronx, NY 10459	40.8291552	-73.8966367	0.423878580627	7	0.422544110764	7	0.418913295395	2	8	6.5	2449	481300	54	1325	2008	203	84	105	139	108	25	23	6	29	49	22	195
30744224_zpid	30744224_zpid	11229	2015 Coyle St, Brooklyn, NY 11229	40.602816	-73.93714	0.263962987948	4	0.316172184349	3	1.63557505149	0	4	3	2040	580000	34	1700	1932	26	9	10	12	7	14	35	17	14	0	3	56
30697724_zpid	30697724_zpid	11209	142 80th St, Brooklyn, NY 11209	40.628732	-74.034188	0.406573533141	8	0.921155400339	0	0.741729274358	1	5	6	2549	1955000	7	3598	1920	76	116	20	40	20	112	160	184	36	12	8	244
30691990_zpid	30691990_zpid	11220	6821 Bliss Ter, Brooklyn, NY 11220	40.6379189	-74.0316	0.315616735097	7	0.422122879968	2	0.768446027034	0	3	2	1750	215000	204	2175	1929	34	13	17	19	11	21	17	21	5	4	1	56
30653979_zpid	30653979_zpid	11236	568 E 92nd St, Brooklyn, NY 11236	40.652869	-73.917889	0.144575944203	7	0.647798440793	1	0.964628209689	0	5	3	2280	565000	14	2526	1920	156	12	44	84	56	116	52	28	40	48	12	204
29832527_zpid	29832527_zpid	10466	850 E 228th St, Bronx, NY 10466	40.888218	-73.854698	0.132169567663	9	0.522767315968	4	0.475395147263	2	3	1.5	1584	320000	11	2850	1920	180	17	92	90	61	85	28	9	39	39	19	155
30749632_zpid	30749632_zpid	11235	2672 E 12th St, Brooklyn, NY 11235	40.585686	-73.958084	0.189888497014	9	0.323031721894	5	0.358426197978	1	2	2	1036	425000	8	1645	1920	448	124	96	204	132	208	188	148	124	64	60	624
