29816597_zpid	29816597_zpid	10461	1935 Mayflower Ave, Bronx, NY 10461	40.850578	-73.83417	0.355631562994	6	0.305685797305	1	0.440584618482	2	2	1	750	226000	1	2369	1920	84	19	14	14	19	38	20	16	12	6	7	74
30745859_zpid	30745859_zpid	11229	2248 E 22nd St, Brooklyn, NY 11229	40.59623	-73.949118	0.352504340254	9	0.47503936028	6	0.522410186573	2	3	2	1216	450000	26	2439	1925	82	15	30	31	41	53	49	34	32	14	6	138
30636548_zpid	30636548_zpid	11207	157 Sunnyside Ave, Brooklyn, NY 11207	40.682214	-73.891504	0.337319311966	2	0.242130072959	4	0.493693113613	2	4	2.5	2383	169000	214	3049	1910	70	28	42	43	30	56	38	34	31	14	7	94
30778413_zpid	30778413_zpid	11236	1511 E 98th St, Brooklyn, NY 11236	40.6366609	-73.890979	0.36713543468	7	0.0988643451663	4	1.44246297749	0	6	2	3258	538500	18	3300	1960	27	7	21	27	2	31	13	16	14	8	1	66
30576710_zpid	30576710_zpid	11220	261 50th St, Brooklyn, NY 11220	40.648314	-74.0152279	0.282426914179	9	0.289771132271	9	0.375042754988	2	5	2	2184	900000	2	1800	1915	52	21	42	64	32	31	44	19	26	20	5	143
30623503_zpid	30623503_zpid	11211	140 Powers St, Brooklyn, NY 11211	40.712075	-73.9452079	0.111747667055	10	0.124192515705	5	0.293816299501	5	3	3	1080	1395000	0	750	1910	26	87	21	46	27	27	43	7	19	13	14	175
30701103_zpid	30701103_zpid	11209	138 Battery Ave, Brooklyn, NY 11209	40.616087	-74.024768	0.29130743724	9	0.512044639855	3	0.546812540549	1	3	2	2016	940000	4	2666	1940	37	13	12	12	9	18	13	5	1	3	3	60
68314737_zpid	68314737_zpid	11236	1120 E 92nd St, Brooklyn, NY 11236	40.6420657	-73.906038	0.241628789452	6	0.802793275897	0	0.621302224675	1	6	4.75	2024	450000	4	2024	2005	41	7	21	20	13	65	31	7	15	16	7	107
30613619_zpid	30613619_zpid	11216	133A Quincy St, Brooklyn, NY 11216	40.686587	-73.95576	0.107300523332	12	0.180929222475	5	0.443977396612	4	5	1	1200	1200000	31	2500	1930	79	98	52	60	33	25	23	12	14	22	30	152
30789206_zpid	30789206_zpid	11235	47 Brighton 3rd Ct, Brooklyn, NY 11235	40.5802925	-73.9651559	0.360547668286	6	0.359699527104	7	0.439458902876	2	3	1	864	385000	134	1600	1925	416	200	236	356	172	240	156	96	164	88	104	932
94719789_zpid	94719789_zpid	11207	52 Schenck Ave, Brooklyn, NY 11207	40.680182	-73.8903747	0.200059616365	5	0.194098366488	4	0.287216671888	2	7	4	3524	559000	39	2500	2008	424	172	280	324	216	260	196	140	188	132	44	668
30619395_zpid	30619395_zpid	11211	156 S 4th St, Brooklyn, NY 11211	40.711289	-73.961928	0.208165465494	12	0.413008615488	4	0.473423023907	1	4	4	3040	3000000	0	2208	1899	440	828	312	536	252	100	168	140	144	112	96	1064
30702470_zpid	30702470_zpid	11209	196 Battery Ave, Brooklyn, NY 11209	40.614742	-74.025634	0.324117404807	10	0.536463513453	4	0.499721313432	1	1	1	1691	155000	263	1682	1930	33	13	8	7	9	13	15	5	2	3	3	33
30634090_zpid	30634090_zpid	11207	345 Liberty Ave, Brooklyn, NY 11207	40.6744621	-73.8971753	0.176034750073	6	0.335943519513	7	0.053703003876	9	3	2	2000	540000	1	1600	1901	66	13	58	75	49	37	39	20	19	29	11	130
29843748_zpid	29843748_zpid	10465	1481 Stadium Ave, Bronx, NY 10465	40.843552	-73.820687	0.759791652909	0	0.453653968091	1	1.06429536641	0	3	2.5	1900	535000	51	2500	1965	1	10	4	4	0	14	35	17	8	1	1	38
29842468_zpid	29842468_zpid	10461	2838 Zulette Ave, Bronx, NY 10461	40.841841	-73.8354839	0.162654515196	5	0.828185925613	0	0.235894255283	3	4	2	1777	420000	76	2375	1920	70	16	23	18	15	38	23	13	13	10	3	84
29821259_zpid	29821259_zpid	10469	2509 Tenbroeck Ave, Bronx, NY 10469	40.863245	-73.853222	0.522713540187	2	0.371713879007	3	0.523193358883	1	3	2	1564	310000	50	2091	1950	24	10	7	10	5	42	27	15	27	5	6	63
30675246_zpid	30675246_zpid	11218	521 E 8th St, Brooklyn, NY 11218	40.637233	-73.970155	0.378241154338	10	0.227434858386	9	0.666415803697	3	5	2	1588	860000	18	5000	1905	212	50	89	90	51	79	39	91	26	22	10	203
29811279_zpid	29811279_zpid	10462	1687 Castle Hill Ave, Bronx, NY 10462	40.840139	-73.853284	0.309943071531	11	0.414201769207	8	0.66488667621	2	7	5	5600	525000	29	2629	1987	189	16	28	35	27	26	17	10	26	13	3	93
29787761_zpid	29787761_zpid	10458	324 E 196th St, Bronx, NY 10458	40.8659984	-73.8897849	0.315782503272	8	0.237460949904	10	0.331932984324	5	7	3	2436	450000	34	2090	1910	602	78	218	239	292	38	19	3	81	70	30	338
30773498_zpid	30773498_zpid	11236	9030 Farragut Rd, Brooklyn, NY 11236	40.643574	-73.908275	0.0444661226747	5	0.851685952255	0	0.641921339367	1	2	2	1292	265000	39	1916	1920	42	9	28	23	16	61	37	8	17	22	8	114
30643060_zpid	30643060_zpid	11208	215 Grant Ave, Brooklyn, NY 11208	40.685692	-73.867498	0.287947457185	9	0.072404303332	6	0.59915428412	3	6	3	2320	690000	5	2000	1899	56	29	42	57	33	51	25	10	37	26	5	133
30696275_zpid	30696275_zpid	11209	7725 Colonial Rd, Brooklyn, NY 11209	40.630588	-74.033695	0.467211536421	8	0.449656793497	2	0.697881354463	1	3	2	1478	1350000	0	2600	1925	200	124	52	56	52	140	168	344	56	16	8	316
30574490_zpid	30574490_zpid	11232	212 32nd St, Brooklyn, NY 11232	40.655335	-74.000561	0.212471937515	5	0.601012083416	2	0.344182701726	2	3	2	1379	540000	99	1670	1910	22	30	11	17	11	8	30	14	14	1	9	64
30637388_zpid	30637388_zpid	11208	112 Ridgewood Ave, Brooklyn, NY 11208	40.6825789	-73.884754	0.330519464829	5	0.302340916161	4	0.293142567404	2	5	3	1850	669000	0	2000	1950	65	19	37	37	37	39	26	18	26	19	11	110
30673692_zpid	30673692_zpid	11218	364 E 2nd St, Brooklyn, NY 11218	40.642359	-73.978456	0.142703071706	12	0.0980314534362	10	0.213805271189	2	4	2.5	1495	1375000	0	2000	1930	608	180	176	264	200	264	236	264	92	80	60	828
30793403_zpid	30793403_zpid	11229	13 Opal Ct, Brooklyn, NY 11229	40.5864819	-73.924436	0.430226782531	1	1.39451252795	0	2.51282322291	0	2	1	810	210000	23	1800	1949	2	3	1	14	0	0	31	11	18	2	5	39
64616892_zpid	64616892_zpid	11211	250 S 2nd St, Brooklyn, NY 11211	40.711642	-73.9579485	0.0581245652312	16	0.111467733393	5	0.369133047511	4	3	2	1084	1400000	9	4100	2002	142	317	103	133	87	33	53	29	36	33	27	335
30605720_zpid	30605720_zpid	11233	430 Macdonough St, Brooklyn, NY 11233	40.682361	-73.92965	0.181759891727	8	0.177909320827	5	0.345835844201	1	5	4	2880	1350000	21	2000	1910	133	70	98	122	72	17	21	11	38	38	24	186
30609308_zpid	30609308_zpid	11216	139 Madison St, Brooklyn, NY 11216	40.684596	-73.95347	0.189966234234	9	0.121109485761	7	0.455738708247	5	7	7	3680	1800000	0	2000	1899	185	167	97	124	82	32	42	19	39	49	39	266
30570465_zpid	30570465_zpid	11231	32 Woodhull St, Brooklyn, NY 11231	40.68128	-74.0037059	0.101756178835	14	0.248294708139	4	0.793308185386	0	1	1	2500	1475000	26	100	1910	29	49	20	41	19	12	42	32	7	9	9	130
30717872_zpid	30717872_zpid	11230	1525 Mcdonald Ave, Brooklyn, NY 11230	40.6157139	-73.973924	0.151074388741	8	0.219306010016	2	0.0679237580703	2	6	4	2440	170000	240	2374	1911	23	7	9	19	8	41	29	21	12	5	5	51
68314617_zpid	68314617_zpid	11223	2352 W 11th St, Brooklyn, NY 11223	40.590085	-73.981379	0.207308574313	4	0.400801861123	2	0.244663488955	3	9	3	2730	825000	10	1800	2000	36	32	16	36	24	52	32	44	44	8	8	48
30719195_zpid	30719195_zpid	11204	1531 W 11th St, Brooklyn, NY 11204	40.6093339	-73.984452	0.196081928133	14	0.298259481687	7	0.357636308689	2	8	4.5	3600	1080000	28	2700	1925	360	88	140	184	208	228	80	128	80	48	16	500
30643665_zpid	30643665_zpid	11208	28 Fountain Ave, Brooklyn, NY 11208	40.679379	-73.87666	0.397073533884	11	0.365706070596	5	0.363987749942	5	6	3	1368	95000	262	2500	1910	452	92	256	328	256	196	196	80	224	112	52	816
30723312_zpid	30723312_zpid	11223	33 Lake St, Brooklyn, NY 11223	40.603372	-73.9729289	0.251259439386	9	0.1336867807	4	0.0510046957881	3	4	2	2220	699999	6	1500	1910	54	21	25	29	19	70	26	89	23	15	1	106
29783447_zpid	29783447_zpid	10459	1291 Chisholm St, Bronx, NY 10459	40.830075	-73.89586	0.447843536969	4	0.388485655931	7	0.338945149888	2	7	4	1437	325000	49	3000	1901	199	81	88	123	101	29	22	5	26	47	22	181
30775793_zpid	30775793_zpid	11236	10538 Flatlands 2nd St, Brooklyn, NY 11236	40.645285	-73.890451	0.34722707031	3	0.311716219586	3	0.963700709916	0	4	2.5	3680	555000	53	2000	1960	160	16	64	64	52	72	48	8	48	32	28	248
30727948_zpid	30727948_zpid	11229	1737 E 28th St, Brooklyn, NY 11229	40.608707	-73.945132	0.444731288554	3	0.795940730479	0	1.07187221323	0	3	1.5	1400	655000	17	2200	1930	16	7	9	22	7	28	23	31	21	3	2	79
30624730_zpid	30624730_zpid	11206	18 Fayette St, Brooklyn, NY 11206	40.700186	-73.939729	0.106470492705	11	0.146159940325	5	0.118187031048	2	5	5	3750	1375000	5	1900	1931	79	122	40	45	25	29	33	19	25	18	12	185
30790439_zpid	30790439_zpid	11235	74 Beaumont St, Brooklyn, NY 11235	40.580087	-73.951852	0.12312976923	8	0.597749790404	4	0.782581557994	0	4	3	3000	1731025	9	4320	1925	640	80	144	200	144	160	160	108	132	60	28	472
83044538_zpid	83044538_zpid	11221	227A Malcolm X Blvd # A, Brooklyn, NY 11221	40.6851646	-73.9292695	0.0620718828435	9	0.170153376671	2	0.657369144756	1	2	1	1000	995000	18	1900	2007	117	35	58	96	70	32	17	4	17	39	19	144
30790684_zpid	30790684_zpid	11235	149 Beaumont St, Brooklyn, NY 11235	40.578347	-73.9509719	0.18140854951	6	0.642289006127	2	0.874585924973	0	3	1.5	2628	1100000	14	4000	1920	97	24	24	38	23	26	43	20	27	13	3	83
30614979_zpid	30614979_zpid	11205	114 Adelphi St, Brooklyn, NY 11205	40.6942976	-73.9722713	0.14164020022	7	0.144036086641	2	0.802611203067	0	3	3	2728	235000	17	2500	1901	54	73	27	33	26	41	15	28	23	17	11	129
30612720_zpid	30612720_zpid	11238	312 Lafayette Ave, Brooklyn, NY 11238	40.688272	-73.963099	0.294466725864	13	0.305472676658	5	0.2245026934	3	2	1	900	325000	137	1900	1905	69	50	56	77	55	24	35	11	32	17	12	113
30640973_zpid	30640973_zpid	11207	535 Van Siclen Ave, Brooklyn, NY 11207	40.666391	-73.888425	0.357688289268	10	0.404161740973	8	0.0894320865873	4	4	2	1190	357500	140	1750	1930	884	80	524	496	508	128	140	48	248	292	92	980
30618656_zpid	30618656_zpid	11211	294 N 6th St, Brooklyn, NY 11211	40.7143586	-73.9539875	0.110429181016	20	0.34720090128	5	0.20062839453	4	5	2	1136	900000	20	1277	1901	380	952	168	356	168	164	192	92	84	68	84	1084
30650173_zpid	30650173_zpid	11208	702 Cozine Ave, Brooklyn, NY 11208	40.6619291	-73.8672207	0.607473094562	2	0.316056886172	3	1.47545127558	0	3	2	800	344000	9	1662	1930	18	4	5	8	2	7	20	3	5	4	1	38
30722794_zpid	30722794_zpid	11223	1827 W 9th St, Brooklyn, NY 11223	40.6024899	-73.9812821	0.162183785689	8	0.386749640222	3	0.177810787189	3	3	1	864	910000	13	3000	1925	308	104	168	84	116	268	116	184	84	40	28	388
30789001_zpid	30789001_zpid	11234	2528 E 63rd St, Brooklyn, NY 11234	40.609844	-73.910471	0.689570964748	1	0.828074112481	0	4.00317444482	0	4	3	1920	605000	5	2000	1960	2	6	2	5	2	17	8	17	21	2	1	29
64758122_zpid	64758122_zpid	11234	27 Bergen Beach Pl, Brooklyn, NY 11234	40.622162	-73.914486	0.318253726546	5	0.695829533465	1	2.92795878028	0	3	3.5	1600	510000	23	2613	2002	22	4	8	12	4	48	28	23	20	5	8	97
30605252_zpid	30605252_zpid	11233	750 Halsey St, Brooklyn, NY 11233	40.684513	-73.923963	0.344652920817	9	0.56381447045	5	0.587274999357	3	5	3	2457	989000	0	1724	1899	165	72	106	117	87	16	18	13	45	64	19	208
30785531_zpid	30785531_zpid	11234	1800 E 53rd St, Brooklyn, NY 11234	40.6143349	-73.923765	0.453785780707	7	1.08672158025	0	2.88298952444	0	3	2	1237	384400	27	2000	1960	18	5	10	12	13	35	23	21	20	7	9	104
30632264_zpid	30632264_zpid	11212	202 Tapscott St, Brooklyn, NY 11212	40.662972	-73.92005	0.0219632228349	9	0.130830516363	7	0.301312874425	2	8	4	3744	115000	294	2450	1930	467	15	170	174	155	38	38	9	43	59	20	245
30697236_zpid	30697236_zpid	11209	8025 Shore Rd, Brooklyn, NY 11209	40.629921	-74.039662	0.836286551587	0	1.22973138531	0	1.19578311056	0	3	5	4182	705000	254	5005	1930	2	2	0	2	0	3	14	3	7	0	1	22
30606188_zpid	30606188_zpid	11233	341 Bainbridge St, Brooklyn, NY 11233	40.682105	-73.923064	0.519401551589	9	0.378521758265	3	0.396933835679	3	5	3.5	2400	1250000	8	1875	1899	208	71	137	170	124	30	24	16	54	89	27	259
30582340_zpid	30582340_zpid	11217	131 Saint Johns Pl, Brooklyn, NY 11217	40.677067	-73.975055	0.210691350605	17	0.240935612547	6	0.238804016099	4	7	5.5	3484	999000	56	1742	1887	236	324	56	124	84	56	212	184	132	36	68	540
30733971_zpid	30733971_zpid	11224	4396 Beach 44th St, Brooklyn, NY 11224	40.5749009	-74.0102384	0.477937739987	1	0.756096697273	0	2.46846535352	0	6	4	3679	200000	322	16552.8	1925	40	20	12	60	12	0	48	0	12	8	0	64
30747874_zpid	30747874_zpid	11235	2437 E 16th St, Brooklyn, NY 11235	40.59138	-73.953736	0.194745865717	12	0.248959469985	4	0.446900704022	2	3	2	2024	575000	31	2200	1930	47	11	7	22	11	31	25	23	19	6	3	81
30613924_zpid	30613924_zpid	11238	81 Downing St # A, Brooklyn, NY 11238	40.683265	-73.960507	0.166908752868	11	0.241415635635	4	0.465655509349	5	2	2	3200	110000	298	2020	1931	103	165	65	113	66	37	51	21	45	15	44	197
30726089_zpid	30726089_zpid	11230	1485 E 17th St, Brooklyn, NY 11230	40.613887	-73.957014	0.442742245675	8	0.229817489312	6	0.461647671268	2	5	4	1474	820000	20	3110	1925	115	15	56	80	45	89	33	36	21	11	3	137
30793727_zpid	30793727_zpid	11229	41 Bartlett Pl, Brooklyn, NY 11229	40.58944	-73.926239	0.339664010494	2	1.15236407479	0	2.37685662892	0	4	3	2100	875000	0	3360	1940	2	6	1	15	1	1	28	11	20	1	3	35
30789086_zpid	30789086_zpid	11235	2930 Brighton 1st St, Brooklyn, NY 11235	40.5798009	-73.9666537	0.321110082703	6	0.402351550095	8	0.41861171285	3	4	6	1386	180000	305	2000	1930	332	132	224	284	172	216	136	60	164	64	68	748
30778734_zpid	30778734_zpid	11236	1332 E 105th St, Brooklyn, NY 11236	40.640217	-73.886946	0.724693414066	2	0.569964179203	1	1.44854188091	0	3	1.5	2600	385000	39	2600	1955	20	1	14	15	7	4	12	4	12	3	2	46
30706434_zpid	30706434_zpid	11228	1155 77th St, Brooklyn, NY 11228	40.621099	-74.011435	0.347776868393	5	0.437980807927	2	1.07541683357	0	6	3	3192	697000	47	2300	1930	6	12	2	21	3	37	46	23	20	2	4	60
30765868_zpid	30765868_zpid	11234	2476 Ralph Ave, Brooklyn, NY 11234	40.617671	-73.917409	0.151899095794	7	0.677502282889	1	3.06181897451	0	3	1	1276	478500	5	2100	1925	13	10	7	5	9	24	27	10	21	2	5	108
30667689_zpid	30667689_zpid	11226	387 Rugby Rd, Brooklyn, NY 11226	40.640291	-73.964896	0.149106909965	10	0.197219063927	7	0.110540912579	3	2	2.5	2835	100000	270	3233	1910	157	34	68	65	46	33	20	18	13	16	4	117
30664690_zpid	30664690_zpid	11225	217 Midwood St, Brooklyn, NY 11225	40.6601006	-73.9536218	0.315885915032	12	0.406346049484	7	0.375824503787	3	3	3	3087	1850000	2	2300	1905	403	84	179	154	150	35	44	19	40	66	17	270
30699946_zpid	30699946_zpid	11209	220 87th St, Brooklyn, NY 11209	40.622983	-74.033426	0.203216482688	11	0.369475449592	6	0.42610581737	1	5	2	2240	1399000	0	2700	1925	64	39	28	47	20	51	31	21	16	6	4	148
30704463_zpid	30704463_zpid	11204	1674 72nd St, Brooklyn, NY 11204	40.6166709	-73.997221	0.240560907894	9	0.287404801195	5	0.353264939823	3	3	2	1925	749000	0	1750	1940	116	60	60	176	56	140	88	96	64	24	24	320
30707449_zpid	30707449_zpid	11214	2046 77th St, Brooklyn, NY 11214	40.608807	-73.9919819	0.167244507329	13	0.160490197787	6	0.705169441706	1	4	2	1400	725000	14	1999	1910	75	9	25	29	17	56	39	29	16	6	6	91
30733789_zpid	30733789_zpid	11224	3729 Oceanic Ave, Brooklyn, NY 11224	40.575587	-74.004127	0.685679194392	1	0.274121161437	2	1.94646790064	0	8	3	2012	540000	6	3000	1920	47	13	14	40	12	4	17	7	17	13	1	48
30666276_zpid	30666276_zpid	11218	92 Argyle Rd, Brooklyn, NY 11218	40.6471	-73.967726	0.0679347697621	10	0.735758789831	1	0.420087751141	3	7	4	4400	2820000	5	5500	1905	69	18	34	36	35	20	9	10	16	18	2	90
30655137_zpid	30655137_zpid	11236	161 E 87th St, Brooklyn, NY 11236	40.648688	-73.918812	0.262389100371	5	0.79626370512	0	1.43640682129	0	3	1	1928	425000	16	3000	1940	60	16	44	44	32	88	76	28	40	36	16	248
62648149_zpid	62648149_zpid	11207	227 Cooper St, Brooklyn, NY 11207	40.6902479	-73.905261	0.153871129584	5	0.901958257016	0	0.194433853562	2	8	5	3375	640000	17	1875	2002	81	29	56	74	58	18	19	12	38	35	15	143
29791663_zpid	29791663_zpid	10473	446 Castle Hill Ave, Bronx, NY 10473	40.816542	-73.847033	0.316712122689	3	0.353554239398	2	2.01279381136	0	5	2	1482	549000	0	2966	1965	24	4	14	3	3	14	9	4	8	3	3	40
29853836_zpid	29853836_zpid	10471	6118 Fieldston Rd, Bronx, NY 10471	40.9101903	-73.8992623	0.521660468756	7	0.532588021442	6	1.4288351073	0	3	2	2601	625000	5	2122	1925	9	9	6	10	4	9	20	9	12	2	4	37
30714466_zpid	30714466_zpid	11228	303 Bay 8th St, Brooklyn, NY 11228	40.605673	-74.016325	0.435497297766	2	0.842973290076	0	1.25883631195	0	3	2.25	2260	730000	26	1442	1925	7	2	2	6	1	8	16	20	10	1	2	30
30631380_zpid	30631380_zpid	11207	22 Vermont St, Brooklyn, NY 11207	40.679522	-73.896167	0.249613929041	4	0.281427529103	3	0.35128762515	8	4	4	1950	50500	247	21	1925	80	30	57	60	41	56	31	35	32	24	9	132
29840967_zpid	29840967_zpid	10465	1161 Ellsworth Ave, Bronx, NY 10465	40.83632	-73.823219	0.28841387563	4	0.262600633902	1	1.38664363053	0	4	2.5	2000	435000	45	2500	1965	6	7	8	6	7	6	27	11	10	4	4	35
30618637_zpid	30618637_zpid	11211	115 Roebling St, Brooklyn, NY 11211	40.715171	-73.95591	0.107297129556	14	0.307340150886	4	0.322323974059	3	2	1	3500	899000	67	2500	1800	332	864	148	340	132	160	192	88	72	72	80	1040
29828158_zpid	29828158_zpid	10469	1050 E 215th St, Bronx, NY 10469	40.877417	-73.854389	0.342640297082	7	0.56861271798	1	1.00106052591	0	6	5	3060	591405	116	2395	2005	85	8	40	72	55	63	12	9	27	23	15	115
30653362_zpid	30653362_zpid	11212	441 Rockaway Pkwy, Brooklyn, NY 11212	40.657503	-73.915559	0.170539144563	12	0.332261425014	5	0.444469107194	1	7	4	3198	540000	16	2750	1920	387	18	202	195	151	59	31	10	35	65	26	265
2110883671_zpid	2110883671_zpid	10458	309 Bedford Park Blvd, Bronx, NY 10458	40.8701239	-73.884922	0.225038787589	8	0.320586857581	8	0.312130574016	4	21	10	7380	1690000	0	2613	1910	653	48	124	142	147	40	24	9	42	50	14	214
30636386_zpid	30636386_zpid	11207	766 Williams Ave, Brooklyn, NY 11207	40.656753	-73.896153	0.649750984611	1	0.566413812711	1	0.34086763465	2	6	4	1892	400000	36	2700	1905	52	7	33	45	23	20	22	11	14	28	7	82
30623101_zpid	30623101_zpid	11211	534 Lorimer St, Brooklyn, NY 11211	40.7129311	-73.9489721	0.14696208973	13	0.169889589646	6	0.120867795742	4	3	1.5	2350	2000000	13	2500	1901	51	134	35	73	35	33	52	15	21	13	16	201
83044717_zpid	83044717_zpid	11216	261 Tompkins Ave, Brooklyn, NY 11216	40.689302	-73.94479	0.24596007364	11	0.346733492448	4	0.5792408364	1	10	5	4125	1590000	0	4200	1910	344	96	152	244	212	48	64	20	84	96	68	400
30612760_zpid	30612760_zpid	11238	348 Classon Ave, Brooklyn, NY 11238	40.6885993	-73.9602095	0.247022655104	12	0.239620010786	5	0.0326643701134	3	3	1	2000	330000	150	2500	1955	260	292	148	240	116	56	84	48	120	44	68	376
30668374_zpid	30668374_zpid	11226	455 E 19th St, Brooklyn, NY 11226	40.639747	-73.959908	0.319381285891	9	0.312057586129	6	0.361180061123	3	8	5	3950	1799000	32	7110	1899	480	109	212	212	203	62	36	31	56	88	11	344
30784469_zpid	30784469_zpid	11234	1844 E 51st St, Brooklyn, NY 11234	40.615279	-73.92576	0.39528993456	6	0.952515136478	0	2.69035740787	0	3	2	2052	674000	0	2392	1930	15	47	5	8	10	26	27	19	17	5	8	103
2118149013_zpid	2118149013_zpid	11226	2408 Beverley Rd, Brooklyn, NY 11226	40.644575	-73.954376	0.238453682896	6	0.352594591817	5	0.461235996931	2	10	5	2633	615000	35	2500	1920	389	107	197	226	169	78	43	14	48	78	28	378
