30787517_zpid	30787517_zpid	11234	2720 E 64th St, Brooklyn, NY 11234	40.607071	-73.912841	0.961447593783	0	1.16842303188	0	3.74303271314	0	3	2	1260	560000	14	2300	1965	3	5	2	6	3	19	4	27	20	2	1	30
30675029_zpid	30675029_zpid	11218	615 E 2nd St, Brooklyn, NY 11218	40.636199	-73.976703	0.171034209143	4	0.190378522919	10	0.130427912038	2	7	2	2700	999999	0	2000	1910	560	176	284	240	224	316	148	412	100	60	28	800
30573203_zpid	30573203_zpid	11231	537 Court St, Brooklyn, NY 11231	40.6743967	-73.9994648	0.171175440093	8	0.418396729672	1	0.186326201924	1	6	2.5	3150	3850000	0	1713	1931	18	23	6	7	6	14	33	8	7	2	5	85
30610472_zpid	30610472_zpid	11216	418 Tompkins Ave, Brooklyn, NY 11216	40.6828652	-73.9440871	0.0751964286453	10	0.235422525138	9	0.426294265803	3	2	1	5000	10	122	2000	1925	166	104	103	154	93	19	41	20	54	55	26	223
29798781_zpid	29798781_zpid	10460	1516 Commonwealth Ave, Bronx, NY 10460	40.8385109	-73.868883	0.112639011663	6	0.391037587607	3	0.540588546783	1	5	3	2229	479000	17	2375	1920	284	23	101	122	125	57	24	14	42	56	22	183
30614266_zpid	30614266_zpid	11238	24 Claver Pl, Brooklyn, NY 11238	40.682429	-73.957847	0.119539947986	10	0.13311783264	5	0.23198754772	4	7	6.5	3375	861000	49	2500	1901	92	124	56	95	64	33	39	18	31	17	37	177
30792170_zpid	30792170_zpid	11235	2948 Voorhies Ave, Brooklyn, NY 11235	40.587131	-73.938819	0.267724966811	7	0.474259044542	1	1.29674040012	0	5	2.5	3438	999999	0	4800	1920	44	7	26	32	20	36	17	25	34	10	5	101
30614260_zpid	30614260_zpid	11238	82 Putnam Ave, Brooklyn, NY 11238	40.682859	-73.958106	0.171142151049	10	0.183517072856	5	0.281988205026	4	2	1	2237	1600000	2	1742	1905	368	560	216	384	256	120	164	68	136	60	144	688
30789182_zpid	30789182_zpid	11235	8 Brighton 3RD Pl, Brooklyn, NY 11235	40.5795243	-73.9647268	0.281061963607	6	0.268078937771	7	0.357670811003	2	7	1	1323	250000	36	1350	1905	528	248	308	412	260	244	160	104	192	112	104	1068
30732456_zpid	30732456_zpid	11224	3746 Maple Ave, Brooklyn, NY 11224	40.579216	-74.005484	0.442289725166	1	0.363694258137	1	2.06010296789	0	5	2.5	1976	600000	9	3000	1930	46	10	12	36	13	3	16	4	13	11	2	49
64812729_zpid	64812729_zpid	10457	317 Mount Eden Pkwy, Bronx, NY 10457	40.842859	-73.906175	0.323988249136	9	0.197832072339	5	0.475249545666	4	2	1	1200	462397	144	2100	2002	326	62	216	226	214	30	21	13	57	48	27	257
30625089_zpid	30625089_zpid	11237	215 Knickerbocker Ave, Brooklyn, NY 11237	40.703474	-73.92608	0.0333831239451	13	0.0660444556187	5	0.463335389064	4	3	1.5	4875	840000	94	2500	1931	174	122	112	166	129	49	36	8	37	68	29	336
30651461_zpid	30651461_zpid	11212	1040 Winthrop St, Brooklyn, NY 11212	40.660438	-73.924995	0.222333357266	11	0.32084079657	5	0.517833710923	2	9	6	3280	350000	34	2000	1930	492	15	186	199	158	50	20	8	40	63	28	256
30737864_zpid	30737864_zpid	11223	11 Stryker St, Brooklyn, NY 11223	40.5935563	-73.9723623	0.357296195343	3	0.530562311975	4	0.291436717723	4	5	5	3000	890000	11	1933	1920	228	40	68	132	40	188	128	160	108	24	24	496
30621543_zpid	30621543_zpid	11222	111 Eckford St, Brooklyn, NY 11222	40.723387	-73.948864	0.0937450201719	16	0.428137880946	3	0.246459332357	1	4	3	2040	1900000	9	2000	1910	40	73	19	36	11	30	31	23	19	13	12	169
30616183_zpid	30616183_zpid	11211	322 Roebling St, Brooklyn, NY 11211	40.7087514	-73.9611651	0.469786574307	13	0.349413354834	9	0.279301583694	2	3	1	2055	1800000	0	1055	1920	96	168	72	131	60	10	48	39	35	25	21	249
29852493_zpid	29852493_zpid	10463	3220 Fairfield Ave APT 4C, Bronx, NY 10463	40.8846608	-73.9133871	0.268224006967	8	0.359463440017	2	0.947088858775	0	2	2	1050	485000	108	14810.400000000001	1989	66	15	10	28	12	25	44	15	18	4	7	70
29853866_zpid	29853866_zpid	10471	6138 Tyndall Ave, Bronx, NY 10471	40.910727	-73.899945	0.497977650981	8	0.499900424172	6	1.4097405608	0	5	3	2256	779000	0	2374	1930	7	8	6	9	3	8	20	9	8	2	4	35
29791825_zpid	29791825_zpid	10473	551 Beach Ave, Bronx, NY 10473	40.816576	-73.86308	0.11947330011	2	0.662458711072	2	1.70572134613	0	3	1	1440	365000	13	2500	1925	66	16	24	34	22	41	16	19	24	15	9	102
30776034_zpid	30776034_zpid	11236	1396 E 92nd St, Brooklyn, NY 11236	40.636612	-73.899658	0.0942250518694	6	0.240256177575	3	1.1331005496	0	4	4	1854	450000	0	1862	1931	144	84	88	92	36	204	88	36	56	44	36	356
30610839_zpid	30610839_zpid	7680	408 Marcus Garvey Blvd, Brooklyn, NY 11216	null	null	null	null	null	11216	2	1	98000	89	2352	1910	106	130	88	124	62	10	40	26	34	36	32	180
30662969_zpid	30662969_zpid	11203	871 E 46th St, Brooklyn, NY 11203	40.64005	-73.932763	0.190004152789	7	1.11885493824	0	1.32183588487	0	1	2	1664	350000	59	1999	1930	148	52	56	84	52	204	112	48	100	60	24	444
29844035_zpid	29844035_zpid	10465	1604 Kennellworth Pl, Bronx, NY 10465	40.8464219	-73.821877	0.70060383208	1	0.382048140352	1	0.847345633873	0	3	2	2442	475000	36	3750	1955	1	4	2	3	0	13	27	13	8	0	0	23
30772217_zpid	30772217_zpid	11236	1462 E 86th St, Brooklyn, NY 11236	40.628893	-73.898747	0.829062297279	0	0.487282720893	1	1.99444540406	0	6	3	3312	530000	24	1785	1960	124	24	48	64	20	156	80	24	88	20	28	188
30791589_zpid	30791589_zpid	11235	1511 Emmons Ave, Brooklyn, NY 11235	40.583491	-73.9530939	0.245322013836	12	0.404651583411	7	0.389513325599	1	5	1	2680	500000	24	2040	1910	532	76	148	204	136	200	140	116	144	88	52	572
30698127_zpid	30698127_zpid	11209	8119 Ridge Blvd, Brooklyn, NY 11209	40.627152	-74.032144	0.197339511961	13	0.685817245671	1	0.589256025203	2	4	3	2401	1525000	0	3633	1930	55	38	16	23	12	42	43	44	7	7	2	103
29826619_zpid	29826619_zpid	10467	726 E 214th St, Bronx, NY 10467	40.879292	-73.863871	0.174527228776	4	0.175313436558	2	0.288259955903	3	4	2	1664	389999	0	1154	1915	216	17	82	88	72	60	26	4	34	37	17	193
30606534_zpid	30606534_zpid	11213	25 Troy Ave, Brooklyn, NY 11213	40.678602	-73.935431	0.328702831013	9	0.216399809166	4	0.405913178905	2	4	2.5	1452	418700	91	2216	1985	81	9	41	45	41	31	19	6	21	17	8	83
29828853_zpid	29828853_zpid	10469	1128 E 222nd St, Bronx, NY 10469	40.881485	-73.849604	0.1775704943	8	0.276994633104	3	1.00054965591	0	5	2.5	2612	465000	8	2145	1950	59	19	24	33	37	33	11	8	21	13	2	57
30711772_zpid	30711772_zpid	11228	44 Bay 10th St, Brooklyn, NY 11228	40.610204	-74.009912	0.103418117376	10	0.184389841186	4	0.734951816779	1	3	3	1428	618000	20	1547	1930	8	14	3	14	2	23	40	34	28	4	6	60
30781254_zpid	30781254_zpid	11234	6216 Mill Ln, Brooklyn, NY 11234	40.618621	-73.9166765	0.0798965807816	7	0.632874434138	1	3.05757567013	0	3	2	1428	499000	0	1934	1920	10	8	6	7	4	22	22	10	20	3	5	101
29842788_zpid	29842788_zpid	10461	1516 Plymouth Ave, Bronx, NY 10461	40.842812	-73.831714	0.23240394249	6	0.53976704468	1	0.405308162343	2	5	5	2080	630000	14	2500	1930	85	18	21	19	23	49	38	16	11	14	5	109
30748578_zpid	30748578_zpid	11235	2407 Brigham St, Brooklyn, NY 11235	40.594307	-73.933689	0.169293613237	8	0.601291251166	2	1.81799916695	0	5	3	1880	455000	38	2003	1960	4	9	6	1	2	1	6	5	2	2	1	32
30779294_zpid	30779294_zpid	11236	1425 E 99th St, Brooklyn, NY 11236	40.636214	-73.8892149	0.255178036422	5	0.255937688721	4	1.57788905589	0	2	1	1560	530450	110	2833	1960	20	9	17	17	1	19	10	9	15	5	1	60
30591147_zpid	30591147_zpid	11216	1360 Pacific St, Brooklyn, NY 11216	40.6772318	-73.9453309	0.102800393568	10	0.293277086507	8	0.275368681124	3	6	4	3600	1699995	0	2143	1901	283	60	130	192	154	32	27	8	57	62	28	258
30663965_zpid	30663965_zpid	11210	863 E 34th St, Brooklyn, NY 11210	40.635202	-73.9437219	0.353738869642	1	0.354500935133	2	0.423131390635	2	6	3.5	2504	475000	51	4000	1925	236	18	141	130	129	52	34	12	37	44	5	258
29846749_zpid	29846749_zpid	10465	389 Pennyfield Ave, Bronx, NY 10465	40.817638	-73.80996	0.436823440223	4	0.695750515213	1	3.66783732076	0	2	2	1100	165000	28	2500	1938	21	9	4	7	2	11	24	14	12	3	4	56
30794345_zpid	30794345_zpid	11229	6 Bevy Ct, Brooklyn, NY 11229	40.591948	-73.92537	0.157687067927	2	1.2079683892	0	2.49748494616	0	3	1	660	247000	14	1785	1930	1	7	1	10	1	1	23	7	17	2	3	26
30623958_zpid	30623958_zpid	11211	251 Withers St, Brooklyn, NY 11211	40.7178619	-73.941652	0.121556513375	7	0.46692421858	3	0.419208537305	2	4	1	1375	1600000	18	2500	1920	13	114	7	32	14	21	25	5	21	8	15	104
30774533_zpid	30774533_zpid	11236	939 E 99th St, Brooklyn, NY 11236	40.6440311	-73.8980078	0.238783792296	7	0.660798730076	2	0.436544673826	2	8	4.5	5219	550000	133	62	1920	244	28	112	80	72	220	72	36	60	76	32	392
30602342_zpid	30602342_zpid	11221	454 Kosciuszko St, Brooklyn, NY 11221	40.692149	-73.935899	0.353895849904	10	0.498040255389	6	0.563424334167	2	5	4	2070	740000	31	1742	1899	165	65	79	117	91	40	30	15	29	49	40	206
30696675_zpid	30696675_zpid	11228	7714 11th Ave, Brooklyn, NY 11228	40.621613	-74.013597	0.516054169426	3	0.608970278597	2	1.25629286183	0	3	1	1100	830000	6	2178	1930	5	11	3	18	4	37	50	22	18	2	5	47
30623509_zpid	30623509_zpid	11211	152 Powers St, Brooklyn, NY 11211	40.7122111	-73.9449331	0.0641577222891	14	0.151650515397	4	0.27235462873	5	4	1.5	1080	750000	46	750	1910	24	89	21	52	29	28	44	6	20	13	14	173
30574259_zpid	30574259_zpid	11232	195 30th St, Brooklyn, NY 11232	40.657152	-73.999616	0.288655767335	3	0.384350492468	1	0.38350127482	2	6	5.5	3420	544500	156	3000	1920	31	34	14	17	12	10	29	18	14	2	8	67
29822141_zpid	29822141_zpid	10469	2518 Eastchester Rd, Bronx, NY 10469	40.863302	-73.84304	0.163757347219	3	0.669101629707	1	0.747859001058	1	4	2	2040	450000	3	2500	1961	15	10	3	8	2	21	21	14	15	2	4	51
30737242_zpid	30737242_zpid	11223	2126 Ocean Pkwy, Brooklyn, NY 11223	40.597048	-73.965965	0.541423239149	7	0.302879114458	3	0.634364875087	1	5	6	5000	2750000	19	4060	1925	47	19	11	35	15	30	28	17	19	6	4	69
30634248_zpid	30634248_zpid	11207	212 Pennsylvania Ave, Brooklyn, NY 11207	40.6725009	-73.896398	0.0519356387685	6	0.177725213774	7	0.227566875726	7	2	1	1920	347490	34	1667	1901	89	13	80	91	79	38	38	20	26	28	17	157
30608845_zpid	30608845_zpid	11221	496 Lexington Ave, Brooklyn, NY 11221	40.688611	-73.9406769	0.276773864708	8	0.148037194566	3	0.933889418977	0	5	3	2820	720000	21	1947	1993	916	248	448	640	444	140	164	68	200	240	116	1052
29850322_zpid	29850322_zpid	10464	94 Centre St, Bronx, NY 10464	40.844102	-73.786005	0.104595458294	3	3.35510511351	0	3.59655476545	0	3	2	1728	389021	17	2478	1955	72	52	20	32	12	8	144	44	36	12	100	196
30605122_zpid	30605122_zpid	11233	274 Malcolm X Blvd, Brooklyn, NY 11233	40.683613	-73.9293936	0.123756476178	7	0.259780182455	3	0.486245140183	1	1	1	3000	640000	105	2000	1927	133	66	93	115	70	15	18	10	41	31	22	177
79724457_zpid	79724457_zpid	10472	1553 Bruckner Blvd, Bronx, NY 10472	40.824167	-73.876666	0.208175911127	6	0.309027028808	4	0.534700624913	2	8	5	3054	383000	50	1567	2005	1872	180	608	656	592	156	80	12	176	248	72	948
30699105_zpid	30699105_zpid	11209	157 85th St, Brooklyn, NY 11209	40.625371	-74.03419	0.323062187705	8	0.64298085275	1	0.57337331314	1	5	2.5	2500	2100000	6	5000	1925	25	28	10	24	8	39	32	24	12	5	1	88
30710196_zpid	30710196_zpid	11228	1518 83rd St, Brooklyn, NY 11228	40.612626	-74.007382	0.253706956587	14	0.162880177435	4	0.58049936561	2	2	2	1800	655000	30	2000	1945	7	13	2	13	1	26	35	29	21	6	3	57
30784462_zpid	30784462_zpid	11234	1828 E 51st St, Brooklyn, NY 11234	40.615644	-73.925799	0.364363474887	8	0.911767907774	0	2.65869477821	0	3	1.5	1728	415000	17	1800	1930	16	47	5	7	10	24	24	20	15	6	8	112
30705835_zpid	30705835_zpid	11228	1112 Bay Ridge Pkwy, Brooklyn, NY 11228	40.622537	-74.011677	0.433495254171	7	0.46468715908	2	1.12071940248	0	5	3	1360	1200000	3	2000	1940	12	11	3	20	3	43	49	34	16	2	4	66
30790155_zpid	30790155_zpid	11235	32 Corbin Pl, Brooklyn, NY 11235	40.581114	-73.955221	0.222912425931	11	0.385134758726	7	0.639988086561	2	3	2.5	1752	785000	3	1955	1940	1000	172	232	312	204	268	188	112	168	112	68	768
2099707583_zpid	2099707583_zpid	11234	2049 East 52nd Street, Brooklyn, NY 11234	40.611087	-73.922386	0.578859624833	3	1.29271682037	0	3.00611154577	0	3	2	1376	549000	0	2000	1935	8	6	7	10	5	32	25	14	14	4	5	84
83178868_zpid	83178868_zpid	10456	276 E 166th St, Bronx, NY 10456	40.830317	-73.9153721	0.102679951565	8	0.199980211898	7	0.463260054617	2	3	2	3705	345000	17	1557	2006	574	76	247	238	281	30	32	5	91	73	32	341
2109252188_zpid	2109252188_zpid	11228	1357 77th St, Brooklyn, NY 11228	40.618407	-74.006995	0.165834642704	10	0.365805636663	3	0.699536749887	1	3	1	2210	710000	22	2300	1925	11	14	7	25	8	51	50	43	22	3	3	77
30701448_zpid	30701448_zpid	11209	9320 Lafayette Walk, Brooklyn, NY 11209	40.6175331	-74.0317059	0.173253861636	11	0.0692534433724	5	0.156192113119	2	3	2	1000	255000	70	930	1925	123	45	32	37	32	82	48	32	6	13	8	186
30778954_zpid	30778954_zpid	11236	1643 E 92nd St, Brooklyn, NY 11236	40.632285	-73.894207	0.323396473702	7	0.16892589563	4	1.72492947913	0	3	2	1200	404250	9	2000	1925	148	40	64	60	24	152	64	64	52	32	8	236
30655603_zpid	30655603_zpid	11236	609 E 96th St, Brooklyn, NY 11236	40.653758	-73.912934	0.299447941805	7	0.503033945963	1	0.903256185662	0	2	1	1520	250000	19	2000	1955	40	3	15	22	21	32	13	6	5	9	3	63
30572176_zpid	30572176_zpid	11231	396 Sackett St, Brooklyn, NY 11231	40.681614	-73.992407	0.303259035997	13	0.380909375994	2	0.189948228758	2	4	3	3780	2005000	74	1890	1920	20	36	8	40	11	19	39	29	24	4	3	132
30606595_zpid	30606595_zpid	11233	34 Rochester Ave, Brooklyn, NY 11233	40.678008	-73.927755	0.226526987182	5	0.343545622873	3	0.292954808178	2	6	2	1680	193471	76	1372	1901	93	46	59	81	61	15	13	2	28	32	16	138
30611949_zpid	30611949_zpid	11205	189 Classon Ave, Brooklyn, NY 11205	40.694635	-73.960936	0.118775960577	9	0.248087050883	8	0.645574361771	1	3	2	1555	899000	37	1141	1901	55	74	30	54	28	45	25	38	30	11	23	173
29845229_zpid	29845229_zpid	10465	575 Logan Ave, Bronx, NY 10465	40.824966	-73.818571	0.545133687542	1	0.451289703217	2	2.58077281662	0	4	2	1798	351200	140	1800	1960	13	17	6	15	5	13	18	20	13	0	5	60
30705534_zpid	30705534_zpid	11228	1571 Bay Ridge Pkwy, Brooklyn, NY 11228	40.616753	-74.00104	0.0937360022466	10	0.300932212805	5	0.363829994625	2	4	4	2400	650000	141	2700	1915	32	12	32	44	32	120	60	120	36	8	4	208
30793635_zpid	30793635_zpid	11229	106 Ivan Ct, Brooklyn, NY 11229	40.588572	-73.925618	0.322635485848	2	1.224732621	0	2.41964184316	0	3	1	1275	378000	50	40	2009	1	3	1	17	0	1	30	11	19	1	4	36
30643529_zpid	30643529_zpid	11208	3466 Fulton St, Brooklyn, NY 11208	40.684697	-73.867773	0.368370524558	9	0.0458547520239	7	0.534374231256	3	5	2.5	3000	470000	22	1801	1920	72	28	42	68	40	49	23	10	46	31	5	145
29826722_zpid	29826722_zpid	10467	707 E 215th St, Bronx, NY 10467	40.880635	-73.863979	0.230626078343	4	0.28974517243	2	0.372283132876	3	7	4	2300	625000	94	4085	1915	960	68	376	400	356	304	112	12	160	184	76	820
29788379_zpid	29788379_zpid	10468	3099 Villa Ave, Bronx, NY 10468	40.874585	-73.8879965	0.0873361745957	9	0.131280049369	4	0.217570939202	3	6	3	1440	419000	132	730	1899	211	15	66	51	48	7	6	0	12	19	8	93
29827834_zpid	29827834_zpid	10469	954 E 220th St, Bronx, NY 10469	40.881589	-73.854721	0.444152105375	6	0.545724180416	1	0.717854882661	1	4	2	2140	475000	9	2726	1960	75	15	34	43	33	47	5	4	23	13	6	71
30579348_zpid	30579348_zpid	11220	448 58th St, Brooklyn, NY 11220	40.641053	-74.016164	0.114434791231	7	0.110964831407	8	0.149057499516	2	5	1	3000	695000	31	2003	1899	164	60	57	76	58	31	65	39	48	27	7	232
30745281_zpid	30745281_zpid	11229	2158 Ford St, Brooklyn, NY 11229	40.599396	-73.938125	0.340921434349	7	0.401642695008	4	1.50487688323	0	3	2.25	1584	420000	73	1800	1950	26	9	9	12	7	8	34	14	15	2	2	67
30672573_zpid	30672573_zpid	11218	59 Louisa St, Brooklyn, NY 11218	40.642892	-73.981559	0.123145850848	9	0.110883785132	8	0.203969171619	1	7	4	3024	1200000	15	2600	1931	348	128	136	168	148	224	236	172	56	56	40	752
30773436_zpid	30773436_zpid	11236	9717 Farragut Rd, Brooklyn, NY 11236	40.647118	-73.9036859	0.0840012065872	4	0.72390876636	1	0.163440971665	2	7	5	2320	645000	9	2278	1930	39	6	21	27	16	60	18	8	8	18	7	73
30775230_zpid	30775230_zpid	11236	1287 E 94th St, Brooklyn, NY 11236	40.639767	-73.900069	0.268615185266	6	0.368621512827	2	0.781277411602	0	7	4	2678	510000	45	3200	1925	55	17	22	21	18	45	25	10	17	18	8	95
30623173_zpid	30623173_zpid	11211	148 Devoe St, Brooklyn, NY 11211	40.713506	-73.945032	0.260602068721	14	0.100907761724	4	0.143948186446	4	3	3	1850	24000	268	1406	1901	32	92	25	63	28	36	53	8	23	13	18	215
29789307_zpid	29789307_zpid	10470	226 E 236th St, Bronx, NY 10470	40.897802	-73.8696609	0.286758006184	2	0.196232222025	1	0.629249241024	1	4	4	2800	430000	38	2482	1928	54	14	8	9	7	39	12	16	14	5	3	75
29781595_zpid	29781595_zpid	10457	1655 Topping Ave, Bronx, NY 10457	40.843198	-73.906201	0.298841383427	9	0.161876222663	5	0.447526451963	4	1	1	2994	370000	59	1900	1899	347	70	227	244	229	30	21	14	57	56	25	276
30733700_zpid	30733700_zpid	11224	4120 Manhattan Ave, Brooklyn, NY 11224	40.577435	-74.00984	0.207759268164	2	0.669851836651	1	2.41872878856	0	6	5	4580	20000	23	5025	1930	13	6	4	17	4	0	15	0	7	1	2	19
30662007_zpid	30662007_zpid	11203	521 E 43rd St, Brooklyn, NY 11203	40.642669	-73.935916	0.219157026912	5	0.844788409462	0	1.09746848476	0	5	3	2304	455000	1	2000	1925	25	5	9	15	10	37	18	7	18	8	2	73
30729622_zpid	30729622_zpid	11214	2370 85th St, Brooklyn, NY 11214	40.599925	-73.989333	0.039087842162	7	0.0478393476552	6	0.325456558269	2	3	2	1600	410500	62	1900	1925	364	64	84	152	96	276	168	104	88	48	8	444
30779359_zpid	30779359_zpid	11236	1415 E 100th St, Brooklyn, NY 11236	40.636787	-73.888623	0.320554247169	7	0.294141621986	4	1.56676498497	0	4	3	1760	519000	0	1999	1960	23	7	18	17	1	17	14	8	12	4	2	55
30738472_zpid	30738472_zpid	11223	2340 W 11th St, Brooklyn, NY 11223	40.590433	-73.981446	0.187490786329	4	0.373761936262	2	0.264267555074	3	5	5.5	1000	880000	7	2000	2014	36	36	16	40	24	60	32	48	44	8	8	68
30634339_zpid	30634339_zpid	11207	269 Pennsylvania Ave, Brooklyn, NY 11207	40.671052	-73.895331	0.179245071376	6	0.171247104255	6	0.401863011972	5	5	2	2048	336500	40	1620	1910	105	12	86	93	89	26	37	10	28	33	22	176
30634405_zpid	30634405_zpid	11207	368 Miller Ave, Brooklyn, NY 11207	40.671805	-73.891298	0.147022057242	5	0.104951880062	5	0.124846294308	4	9	3	2700	220000	17	1999	1930	118	22	91	102	83	65	39	25	48	35	22	219
29825827_zpid	29825827_zpid	10467	3367 Olinville Ave, Bronx, NY 10467	40.8751869	-73.868438	0.101008321417	7	0.198887513791	4	0.313496106875	3	5	3	1680	410000	124	4181	1915	231	30	93	98	94	35	25	8	35	31	15	179
30567468_zpid	30567468_zpid	11201	101 Willow St, Brooklyn, NY 11201	40.697945	-73.995211	0.12301451789	12	0.213362867061	2	0.1871046884	4	8	6	5300	7275000	21	2513	1838	172	344	68	80	64	24	172	80	76	24	40	492
2099160845_zpid	2099160845_zpid	11221	15 Goodwin Pl, Brooklyn, NY 11221	40.692065	-73.924152	0.151664024795	10	0.125681519064	5	0.314180756485	3	9	4	2763	1399999	0	1483	1930	218	57	93	137	107	48	40	18	61	49	32	296
30597138_zpid	30597138_zpid	11213	1206 Eastern Pkwy, Brooklyn, NY 11213	40.668195	-73.928674	0.282629027055	11	0.293484502916	8	0.368744154539	2	6	3.5	4245	1730000	2	4356	1915	1656	176	972	876	804	152	116	52	164	372	140	1196
30793548_zpid	30793548_zpid	11229	30 Melba Ct, Brooklyn, NY 11229	40.5876529	-73.9242359	0.307512685255	2	1.36536922578	0	2.53069741574	0	2	1	660	185000	146	1800	1925	2	3	1	15	0	0	32	11	24	2	5	41
30764843_zpid	30764843_zpid	11234	1360 E 58th St, Brooklyn, NY 11234	40.621239	-73.919667	0.229587023106	10	0.680980981546	1	2.69312457036	0	4	2.5	2310	450000	5	2000	1950	6	6	7	8	10	39	28	20	23	8	9	111
30707395_zpid	30707395_zpid	11214	1940 77th St, Brooklyn, NY 11214	40.610188	-73.994276	0.179051351033	15	0.134059204372	9	0.65001825645	3	6	4	2520	770000	109	2500	1920	88	10	26	33	17	45	36	26	23	9	6	109
30689646_zpid	30689646_zpid	11219	1447 66th St, Brooklyn, NY 11219	40.623499	-73.998554	0.10936085964	7	0.41496615186	2	0.238608132769	3	6	3	1800	1268000	0	2000	1920	41	7	14	17	12	44	48	41	11	6	13	106
