30626393_zpid	30626393_zpid	11221	603 Van Buren St, Brooklyn, NY 11221	40.692754	-73.925833	0.178917571886	9	0.170801454066	4	0.259982925702	3	10	5	4232	650000	76	2000	1901	194	72	84	107	105	52	42	22	48	41	26	300
30791917_zpid	30791917_zpid	11235	2725 E 27th St, Brooklyn, NY 11235	40.586544	-73.941869	0.358648965252	5	0.566819404068	1	1.03937870175	0	6	4	2706	710000	15	4200	1901	96	32	60	108	48	140	92	100	148	16	20	384
30619041_zpid	30619041_zpid	11211	402 Grand St, Brooklyn, NY 11211	40.7116691	-73.95426	0.14561408905	20	0.274182526822	6	0.316488324194	5	4	1	4425	225000	214	1950	1910	147	354	89	117	80	37	43	26	31	24	26	338
30748668_zpid	30748668_zpid	11235	5 Margaret Ct, Brooklyn, NY 11235	40.589006	-73.956743	0.179301668385	15	0.245775193553	3	0.320992099044	2	5	1	1428	390000	19	1250	1920	216	68	52	124	72	176	156	124	88	56	12	428
30661936_zpid	30661936_zpid	11203	535 E 42nd St, Brooklyn, NY 11203	40.642319	-73.936823	0.280341889838	5	0.81159025223	0	1.01324635493	0	2	2	1363	360000	16	2117	1940	128	24	36	68	52	160	72	16	76	48	8	336
30692670_zpid	30692670_zpid	11220	814 Bay Ridge Ave, Brooklyn, NY 11220	40.629906	-74.014661	0.0730969592338	9	0.273211434416	6	0.615299044472	1	7	3	3420	1250000	2	2650	1925	56	20	36	52	16	84	84	36	16	12	0	124
30663533_zpid	30663533_zpid	11203	924 E 46th St, Brooklyn, NY 11203	40.638595	-73.933169	0.33945707663	7	1.1741750958	0	1.29654941698	0	3	3	1296	385000	13	1808	1945	120	40	52	64	48	160	92	36	88	52	24	356
30753795_zpid	30753795_zpid	11230	1767 Ocean Ave, Brooklyn, NY 11230	40.618989	-73.954724	0.0818356490786	3	0.397375573138	3	0.423487698049	1	3	3.5	1296	650000	15	2189	1925	114	19	51	83	52	33	29	16	17	29	5	153
30719025_zpid	30719025_zpid	11230	1469 E 8th St, Brooklyn, NY 11230	40.613131	-73.965581	0.284509684886	7	0.240199287564	4	0.722762191461	1	7	5	5950	1600000	20	4000	1998	46	18	19	33	29	64	41	23	31	9	4	124
30791217_zpid	30791217_zpid	11235	1321 Oriental Blvd, Brooklyn, NY 11235	40.57846	-73.941011	0.659305615692	1	1.43911829166	0	1.45490510031	0	4	2.5	1745	797400	50	1785	1950	2	5	0	7	0	12	12	4	9	1	1	21
30731949_zpid	30731949_zpid	11214	2572 Cropsey Ave, Brooklyn, NY 11214	40.5903991	-73.9920277	0.120555500845	4	0.893210430715	0	0.719698754806	1	8	5	3591	1118000	6	2394	1970	12	7	9	13	5	15	27	22	19	5	3	55
30734123_zpid	30734123_zpid	11223	38 Avenue S, Brooklyn, NY 11223	40.600243	-73.984396	0.308643622533	9	0.381756143067	7	0.349535566215	3	3	3	1386	760000	14	20	1915	28	13	10	13	5	46	29	38	14	5	3	55
29779552_zpid	29779552_zpid	10456	799 E 161st St, Bronx, NY 10456	40.821101	-73.902978	0.267804015721	11	0.176559169365	7	0.19706890016	3	6	3	2000	178000	107	1925	1920	50	12	21	36	22	11	4	1	8	9	16	56
29851346_zpid	29851346_zpid	10475	3550 Ropes Ave, Bronx, NY 10475	40.8892404	-73.8187851	0.938648384706	0	0.358153413248	1	1.01937086927	0	3	1	1245	409000	0	11761.2	1950	0	0	0	1	0	2	2	1	0	0	1	1
30722041_zpid	30722041_zpid	11223	1808 E 2nd St, Brooklyn, NY 11223	40.605417	-73.971519	0.105848979213	7	0.167962512907	5	0.255032441651	2	8	6	2880	565000	26	3000	1910	84	19	31	36	29	64	28	51	29	19	4	138
29837586_zpid	29837586_zpid	10466	4103 De Reimer Ave, Bronx, NY 10466	40.893199	-73.843015	0.600638140331	2	0.413414938768	3	1.1164333415	0	3	1.1	2299	355000	29	2265	1960	45	5	14	24	8	66	46	15	35	15	7	76
30774689_zpid	30774689_zpid	11236	960 E 102nd St, Brooklyn, NY 11236	40.64485	-73.895883	0.4165184546	6	0.466689624347	1	0.542531471834	2	5	3.5	2160	535000	10	2000	1960	66	6	31	22	23	52	18	7	18	17	10	108
30628189_zpid	30628189_zpid	11221	456 Central Ave, Brooklyn, NY 11221	40.692298	-73.915407	0.277514602023	8	0.331860640665	4	0.650981760613	2	3	1	3200	630000	2	1600	1910	179	47	123	166	116	42	43	9	76	60	51	217
29781741_zpid	29781741_zpid	10457	208 Mount Hope Pl, Bronx, NY 10457	40.848133	-73.905717	0.205068549918	11	0.15552006945	6	0.256810759496	5	5	4	2215	160000	61	1382	1901	376	71	221	223	208	27	21	13	66	59	30	275
30747658_zpid	30747658_zpid	11235	1223 Doone Ct # 2, Brooklyn, NY 11235	40.590659	-73.957984	0.266438546386	13	0.456015701414	4	0.529383679183	2	8	4	3100	935000	41	3500	1985	41	14	7	22	13	36	27	26	18	8	2	69
30771244_zpid	30771244_zpid	11236	1239 E 85th St, Brooklyn, NY 11236	40.632343	-73.903057	0.592591497405	2	0.590018408851	1	1.5963525162	0	4	2	1956	525000	23	2150	1955	59	10	23	26	12	63	25	10	31	8	11	86
30639442_zpid	30639442_zpid	11208	214 Atkins Ave, Brooklyn, NY 11208	40.673836	-73.879119	0.216206385392	7	0.200821496769	2	0.14153802941	2	3	2	1800	345500	19	1800	1990	177	27	95	104	82	52	38	15	39	59	26	201
29851770_zpid	29851770_zpid	10463	3131 Fairfield Ave, Bronx, NY 10463	40.884182	-73.914162	0.346117374531	8	0.437048834088	2	0.901977925578	0	3	2	1000	650000	135	3441	1954	58	10	6	25	12	19	35	11	14	4	4	58
30778472_zpid	30778472_zpid	11236	1363 E 99th St, Brooklyn, NY 11236	40.637104	-73.890204	0.376981422586	7	0.161645926625	4	1.44841100249	0	4	2	1475	395000	7	1999	1960	24	7	21	20	2	22	14	12	16	7	2	64
30620866_zpid	30620866_zpid	11222	140 Diamond St, Brooklyn, NY 11222	40.727544	-73.947681	0.0728922388431	15	0.384455358315	4	0.443729369753	2	4	2	1800	1700000	7	100	1920	29	58	19	25	11	28	29	30	19	16	13	154
30712851_zpid	30712851_zpid	11228	130 Bay 10th St, Brooklyn, NY 11228	40.608472	-74.011683	0.186888561654	7	0.42747716313	3	0.842609400522	0	7	5	4017	1142500	54	3746	1975	28	48	8	44	8	84	132	116	96	12	20	220
30653003_zpid	30653003_zpid	11203	176 E 55th St, Brooklyn, NY 11203	40.653658	-73.9260369	0.172057472818	10	0.14664801665	4	1.19387967391	0	4	2	1440	387500	7	3998	1910	182	27	77	81	84	75	38	13	28	39	17	187
29813259_zpid	29813259_zpid	10462	1820 Victor St, Bronx, NY 10462	40.8457328	-73.8669018	0.06337221126	7	0.307489394589	1	0.368604931616	2	5	3	1449	449000	0	2375	1899	102	13	65	74	59	68	26	17	22	29	13	141
30679559_zpid	30679559_zpid	11204	2137 58th St, Brooklyn, NY 11204	40.618759	-73.978331	0.339520552236	7	0.578243300315	3	0.34238059996	3	3	2	2370	660000	12	1742	1935	18	5	3	15	10	19	22	23	15	4	4	52
30580614_zpid	30580614_zpid	11215	682 6th Ave, Brooklyn, NY 11215	40.6603489	-73.991201	0.237157911012	9	0.405773543249	4	0.581231845262	2	6	3	2148	376000	69	1574	1899	23	38	13	32	13	22	34	9	12	6	7	91
30778928_zpid	30778928_zpid	11236	1654 E 92nd St, Brooklyn, NY 11236	40.631839	-73.894451	0.356561397212	7	0.174142539781	4	1.76365835114	0	7	3	3245	615000	16	2800	1955	148	40	56	60	24	136	64	64	64	32	12	220
29793791_zpid	29793791_zpid	10473	2154 Quimby Ave, Bronx, NY 10473	40.825789	-73.850691	0.250935829638	6	0.574264618575	2	0.948490756044	0	9	3	3000	559000	9	2574	1901	40	12	12	12	10	20	14	4	9	6	5	41
29848439_zpid	29848439_zpid	10465	536 Calhoun Ave, Bronx, NY 10465	40.82277	-73.821536	0.414835420157	1	0.481813090873	2	2.62841787437	0	3	3	1600	450000	4	2178	1930	56	96	40	68	28	68	88	84	44	4	16	256
30611152_zpid	30611152_zpid	11216	172 Macdonough St, Brooklyn, NY 11216	40.681236	-73.939535	0.141497573543	9	0.177638081454	8	0.184126749511	1	4	3	2960	1480000	9	1850	1899	90	72	60	78	49	9	25	17	25	25	20	127
30642443_zpid	30642443_zpid	11208	162 Nichols Ave, Brooklyn, NY 11208	40.686785	-73.869522	0.0990598730438	7	0.232264497518	6	0.434461274155	3	6	2	2208	390000	30	2000	1945	85	34	56	77	41	70	36	13	44	35	6	169
111718190_zpid	111718190_zpid	10466	1023 E 225th St, Bronx, NY 10466	40.8848056	-73.8510143	0.195363052693	6	0.193285309271	2	0.862727962447	0	6	4	3336	552000	41	2725	2011	57	10	25	21	16	57	10	5	29	19	11	67
30598099_zpid	30598099_zpid	11233	2276 Atlantic Ave, Brooklyn, NY 11233	40.6759739	-73.910041	0.130313485029	6	0.133712484473	3	0.287012200374	6	6	4	2649	452500	13	1667	1901	213	20	131	173	114	41	33	22	57	72	30	193
29797704_zpid	29797704_zpid	10472	1337 Bronx River Ave, Bronx, NY 10472	40.8325419	-73.881213	0.324450614591	5	0.483322252304	3	0.473291696739	2	6	3	2600	585000	102	3362	1915	147	27	54	69	60	38	19	4	27	27	7	111
83046750_zpid	83046750_zpid	11238	67 Greene Ave, Brooklyn, NY 11238	40.6862345	-73.9700728	0.31728331998	9	0.328294290665	3	0.327226690729	8	6	5	4858	13002500	11	1491	2006	103	46	52	67	53	22	29	8	17	22	19	98
30706547_zpid	30706547_zpid	11228	1363 77th St, Brooklyn, NY 11228	40.618328	-74.006865	0.17808573799	10	0.372931377716	3	0.690485632386	1	3	2.5	1561	835000	14	2267	1925	12	13	7	23	8	51	49	44	22	2	3	77
30656441_zpid	30656441_zpid	11203	820 E 48th St, Brooklyn, NY 11203	40.641265	-73.931505	0.184139563255	7	0.971115529127	0	1.43534660155	0	6	3	1800	615000	3	1800	1940	124	76	44	76	56	196	124	52	104	60	16	448
30606977_zpid	30606977_zpid	11206	39 Vernon Ave, Brooklyn, NY 11206	40.694682	-73.950646	0.199068201704	8	0.399591731193	6	0.164387124929	3	7	4	7600	380000	46	3386	1910	48	17	44	67	36	26	15	17	24	19	18	109
30640239_zpid	30640239_zpid	11208	539 Shepherd Ave, Brooklyn, NY 11208	40.671315	-73.87978	0.0509674113028	8	0.426690899702	3	0.32388934852	2	5	3	1600	350000	28	2500	1901	736	116	376	464	288	216	116	44	148	228	104	760
30794506_zpid	30794506_zpid	11229	34 Fane Ct, Brooklyn, NY 11229	40.5920868	-73.9280773	0.221117447029	3	0.980727104472	0	2.27895117786	0	3	2	1300	450000	2	1785	1920	2	5	1	8	1	1	19	4	16	4	3	23
30613218_zpid	30613218_zpid	11238	476 Washington Ave, Brooklyn, NY 11238	40.68475	-73.965459	0.197585600857	7	0.264884792708	3	0.171567753612	4	1	1	3694	691000	39	25	1901	151	137	74	120	94	41	53	11	40	26	32	186
29850150_zpid	29850150_zpid	10464	78 Reynolds St, Bronx, NY 10464	40.841402	-73.785722	0.213497738078	3	3.39870025419	0	3.71246967649	0	4	4	7	475000	7	3256	1925	11	7	5	6	3	2	30	7	9	3	15	28
30572219_zpid	30572219_zpid	11231	369 Union St, Brooklyn, NY 11231	40.6816	-73.993094	0.262743238737	14	0.438664207016	2	0.142309443632	2	5	4	3840	3650000	6	1800	1920	24	39	9	42	12	20	42	28	27	5	5	132
30732625_zpid	30732625_zpid	11224	3743 Lyme Ave, Brooklyn, NY 11224	40.577618	-74.004857	0.52488681896	1	0.249819963708	1	1.99753100709	0	6	4	2200	695000	0	3130	1960	50	14	15	42	13	4	20	4	16	13	2	56
30638001_zpid	30638001_zpid	11207	125 Van Siclen Ave, Brooklyn, NY 11207	40.6773049	-73.891204	0.252086183193	6	0.276261738223	5	0.0633143979468	5	7	4	3124	540000	123	2000	2005	114	43	85	96	55	100	43	36	49	44	13	215
30626310_zpid	30626310_zpid	11237	181 Wyckoff Ave, Brooklyn, NY 11237	40.7031627	-73.9170265	0.136403825076	9	0.136240246123	6	0.138336902233	5	2	1	4275	250000	155	1864	1931	219	95	140	200	148	47	35	26	75	73	29	333
30782264_zpid	30782264_zpid	11234	2046 E 72nd St, Brooklyn, NY 11234	40.620917	-73.907801	0.447572585943	2	0.431442593601	1	2.908803388	0	3	2	1036	485000	8	2000	1925	18	3	8	11	6	20	20	7	21	3	4	67
30683492_zpid	30683492_zpid	11219	916 41st St, Brooklyn, NY 11219	40.644342	-73.995949	0.174192663946	5	0.197838300655	4	0.256825848197	2	5	3	3000	1100000	13	3005	1935	236	44	148	208	192	96	104	168	84	64	16	416
30633931_zpid	30633931_zpid	11207	2567 Atlantic Ave, Brooklyn, NY 11207	40.6758175	-73.8995802	0.194375870432	4	0.58779858679	2	0.152343557193	9	4	1	2062	31000	278	1096	1905	38	12	38	51	35	27	29	16	17	15	8	93
30761618_zpid	30761618_zpid	11210	4036 Hubbard Pl, Brooklyn, NY 11210	40.624944	-73.935733	0.261002925767	7	0.74940595495	1	1.33571181258	0	4	1.5	1784	375950	13	1783	1915	164	20	76	104	40	88	112	36	68	32	36	240
30574433_zpid	30574433_zpid	11232	201 32nd St, Brooklyn, NY 11232	40.655698	-74.000215	0.225457334617	5	0.553865041223	2	0.384684218085	2	2	1	4320	215000	218	2003	1910	92	120	48	68	44	28	112	60	52	4	36	264
30765085_zpid	30765085_zpid	11234	1733 Kimball St, Brooklyn, NY 11234	40.616021	-73.932989	0.232452176256	7	0.493632032203	3	2.23872603278	0	2	2	1270	675000	4	4000	1920	8	43	4	12	2	30	30	20	23	4	2	106
30657578_zpid	30657578_zpid	11203	665 Hawthorne St, Brooklyn, NY 11203	40.658826	-73.938267	0.530000023366	6	0.494092310809	5	1.00739532029	0	7	2	3410	793000	1	2500	1940	89	21	52	44	33	35	30	19	26	18	11	107
30671944_zpid	30671944_zpid	11218	1342 40th St, Brooklyn, NY 11218	40.639118	-73.985775	0.275512118047	4	0.148396746388	8	0.718851448635	2	6	3	2040	1200000	7	2003	1899	28	15	28	36	17	48	44	34	8	10	3	110
64904542_zpid	64904542_zpid	11234	6610 Avenue M, Brooklyn, NY 11234	40.622391	-73.915713	0.293692883638	5	0.782577831033	0	2.93749442364	0	4	2.5	2210	494000	32	2221	2002	13	5	4	8	5	48	25	21	19	6	7	96
30670107_zpid	30670107_zpid	11210	603 E 23rd St, Brooklyn, NY 11210	40.635473	-73.954986	0.28521208544	6	0.488197960134	4	0.660947256138	3	5	3	2987	1150000	19	5000	1920	77	26	50	43	60	35	17	15	19	19	6	135
30668146_zpid	30668146_zpid	11218	506 Westminster Rd, Brooklyn, NY 11218	40.6364919	-73.966644	0.258526299771	8	0.268128698724	8	0.361199912456	2	5	2.5	2443	1700000	5	4000	1899	67	24	33	35	19	51	19	23	9	7	6	94
30694213_zpid	30694213_zpid	11209	517 73rd St, Brooklyn, NY 11209	40.630906	-74.021305	0.0570213308907	14	0.2310806402	5	0.378145761387	2	5	2	2380	1450000	0	2000	1910	48	20	31	40	17	36	44	39	22	11	5	123
30619568_zpid	30619568_zpid	11222	106 Dupont St, Brooklyn, NY 11222	40.735546	-73.95575	0.197128378739	9	0.418034189131	3	0.618434355237	2	7	4	3340	2690000	0	1667	1899	75	88	58	57	34	39	27	17	22	19	9	190
30566821_zpid	30566821_zpid	11217	251 Dean St, Brooklyn, NY 11217	40.68513	-73.983786	0.172919090154	10	0.48968602765	2	0.43143979356	9	5	4	3780	3675000	2	2100	1915	55	92	12	45	14	42	59	26	28	18	18	190
30737568_zpid	30737568_zpid	11223	2261 W 7th St, Brooklyn, NY 11223	40.592822	-73.977562	0.0816943133826	7	0.0896226013487	2	0.0575750613992	5	6	3	2000	950000	5	2500	1925	144	68	44	100	40	156	92	144	84	28	28	336
30698126_zpid	30698126_zpid	11209	205 82nd St, Brooklyn, NY 11209	40.6270416	-74.0322115	0.195635702163	12	0.68583419564	1	0.582064857382	2	4	4	2904	1400000	23	4000	1935	51	38	16	24	12	41	41	41	8	7	2	100
30610839_zpid	30610839_zpid	11216	408 Marcus Garvey Blvd, Brooklyn, NY 11216	40.6828827	-73.9382722	0.209765893858	9	0.281846768035	8	0.395410173321	2	2	1	7680	98000	89	2352	1910	106	130	88	124	62	10	40	26	34	36	32	180
29834797_zpid	29834797_zpid	10466	3847 Amundson Ave, Bronx, NY 10466	40.888109	-73.835448	0.472545488577	2	0.374280287903	4	0.388878516899	1	5	3	2340	499000	78	2482	2009	38	6	16	21	3	42	22	14	26	8	3	64
30642045_zpid	30642045_zpid	11208	51 Logan St, Brooklyn, NY 11208	40.685478	-73.878261	0.194707122332	6	0.458499482028	4	0.455421873414	3	8	5	5544	22500	243	2987	1920	85	34	60	66	48	49	34	12	41	27	9	143
29822756_zpid	29822756_zpid	10467	2748 Cruger Ave, Bronx, NY 10467	40.867235	-73.866007	0.240839594564	11	0.190883512155	7	0.229819939053	2	6	3	1710	639000	0	2500	1910	377	47	165	171	170	36	31	14	47	58	33	237
30611203_zpid	30611203_zpid	11216	1501 Fulton St, Brooklyn, NY 11216	40.6801342	-73.9412763	0.17533334	8	0.266124129487	7	0.0425474182854	3	2	1	3600	700000	124	1800	1910	160	75	80	111	63	24	30	19	35	35	24	175
29783125_zpid	29783125_zpid	10460	813 Elsmere Pl, Bronx, NY 10460	40.8431167	-73.8876794	0.0520456017504	10	0.0962255099946	3	0.648864209284	2	7	4	2200	125000	13	2500	1901	248	17	114	100	106	21	17	8	34	37	18	176
30722689_zpid	30722689_zpid	11223	110 Highlawn Ave, Brooklyn, NY 11223	40.602859	-73.981945	0.218528595686	7	0.396104613466	4	0.179257161511	3	6	3	1500	550000	130	3120	1925	300	112	140	80	112	268	120	188	84	44	24	360
30770221_zpid	30770221_zpid	11236	1156 E 81st St, Brooklyn, NY 11236	40.631604	-73.907814	0.604967647631	5	0.618116163162	2	1.74946624473	0	4	2.5	1485	230000	210	50	1960	156	20	56	68	32	236	96	16	104	24	24	228
30574314_zpid	30574314_zpid	11232	202A 30th St, Brooklyn, NY 11232	40.656658	-73.999701	0.266400557087	5	0.439334616772	1	0.43786685384	2	3	2	1020	628000	77	1703	1910	23	32	12	16	11	9	29	17	13	1	8	69
29823398_zpid	29823398_zpid	10469	2718 Wilson Ave, Bronx, NY 10469	40.865931	-73.84876	0.573655501683	4	0.817045443603	0	0.447394362112	1	3	3	1925	499000	0	5641	1950	29	12	16	20	10	43	26	19	24	11	4	80
30621845_zpid	30621845_zpid	11222	33 Sutton St, Brooklyn, NY 11222	40.723996	-73.940707	0.213353539838	8	0.286578725179	1	0.894563436615	0	4	2	1700	645000	55	1700	1910	26	35	21	40	13	12	35	28	28	7	14	144
30775692_zpid	30775692_zpid	11236	10569 Flatlands 1st St, Brooklyn, NY 11236	40.646627	-73.890635	0.2092488426	2	0.176284192886	3	0.866989615616	0	4	2	2	629000	0	1999	1960	152	20	48	56	48	60	40	8	40	24	28	216
30624051_zpid	30624051_zpid	11211	179 Woodpoint Rd, Brooklyn, NY 11211	40.71651	-73.941684	0.147578115398	8	0.337872083848	4	0.294675305225	3	3	2	1200	800000	102	2460	1910	27	133	13	47	19	26	41	7	25	11	20	148
30770507_zpid	30770507_zpid	11236	1165 E 85th St, Brooklyn, NY 11236	40.633466	-73.9042879	0.585343473666	5	0.69617247744	2	1.48245441012	0	4	2	2040	390000	19	2150	1955	52	12	20	28	10	67	28	11	26	7	9	84
29784610_zpid	29784610_zpid	10457	623 E 178th St, Bronx, NY 10457	40.846832	-73.89198	0.135712668679	9	0.224480705643	3	0.652302319704	1	8	3	3720	110000	285	2430	1901	562	110	254	256	240	50	28	24	86	100	44	504
29793706_zpid	29793706_zpid	10473	2148 Hermany Ave, Bronx, NY 10473	40.824293	-73.8504109	0.408870493176	4	0.508369347843	2	1.11650059297	0	5	3	3420	499500	18	5282	1935	48	19	22	15	10	28	15	6	13	9	8	55
30567379_zpid	30567379_zpid	11201	36 Orange St, Brooklyn, NY 11201	40.699097	-73.9942962	0.0645445254348	14	0.214404812626	2	0.208319191555	5	4	3	2840	2275000	120	1298	1899	144	336	52	92	64	32	136	80	72	28	32	416
30593207_zpid	30593207_zpid	11213	741 Eastern Pkwy, Brooklyn, NY 11213	40.669919	-73.943698	0.131820851939	11	0.179069690885	8	0.127522304392	3	6	3	3024	1135000	23	2000	1905	194	41	93	96	88	39	48	13	26	43	17	222
30610752_zpid	30610752_zpid	11216	441 Tompkins Ave, Brooklyn, NY 11216	40.682275	-73.943408	0.138606479805	11	0.27098769615	9	0.339129374978	3	2	1	5200	675000	72	2000	1910	608	348	384	556	324	84	160	92	200	196	108	828
29798644_zpid	29798644_zpid	10460	1182 E Tremont Ave, Bronx, NY 10460	40.839612	-73.8745579	0.227682041401	3	0.406162582435	1	0.269537363052	2	3	2	1304	485000	100	1258	1901	113	16	33	36	48	18	9	5	20	18	14	86
30611461_zpid	30611461_zpid	11216	294 Herkimer St, Brooklyn, NY 11216	40.679084	-73.943521	0.244775001315	8	0.105837880943	7	0.243356779579	3	1	1	2400	250000	23	1504	1901	240	79	107	158	107	37	36	21	51	53	31	226
30762697_zpid	30762697_zpid	11234	1141 E 59th St, Brooklyn, NY 11234	40.625412	-73.9185927	0.277340579889	6	0.497142341435	2	2.58963737912	0	8	4	2660	570000	34	2358	1955	88	28	88	56	52	208	72	124	68	68	24	396
30581975_zpid	30581975_zpid	11217	105 6th Ave, Brooklyn, NY 11217	40.678904	-73.975223	0.137940313517	18	0.319293892708	6	0.214549690043	8	5	4	3368	2995000	0	1892	1920	65	114	21	39	26	30	57	60	40	11	30	146
30759457_zpid	30759457_zpid	11234	815 E 57th St, Brooklyn, NY 11234	40.63282	-73.921273	0.355628688708	7	0.186095721763	3	2.22765841836	0	3	3	1296	353500	13	1800	1955	26	9	8	22	11	32	12	12	11	12	1	52
30768659_zpid	30768659_zpid	11236	748 E 84th St, Brooklyn, NY 11236	40.637829	-73.911228	0.115940554795	7	0.165469631026	2	1.2619786364	0	8	5	2970	527500	9	3100	1965	38	6	24	17	11	78	33	13	27	13	11	103
29832623_zpid	29832623_zpid	10466	830 E 230th St, Bronx, NY 10466	40.88985	-73.854679	0.299130643053	6	0.448385161446	4	0.440193951527	2	6	5	3498	500000	8	2861	1930	148	16	83	68	56	90	29	6	27	33	13	151
30722890_zpid	30722890_zpid	11223	1864 W 6th St, Brooklyn, NY 11223	40.60196	-73.978886	0.197958893765	6	0.362161931558	4	0.251245005152	3	7	2	3840	767350	122	2442	1920	276	112	168	104	116	356	124	252	92	48	20	412
55540779_zpid	55540779_zpid	10454	596 E 139th St, Bronx, NY 10454	40.806781	-73.915882	0.125740122904	4	0.103071177203	4	0.220859195408	3	5	3	2280	465000	2	1999	2000	764	88	452	544	452	56	52	40	136	144	52	740
30624536_zpid	30624536_zpid	11206	244 Montrose Ave, Brooklyn, NY 11206	40.707458	-73.939058	0.0922962916479	11	0.388729193287	4	0.0737914574291	3	3	1	3600	80000	142	2500	1931	61	153	36	42	25	19	27	13	20	10	8	121
30652596_zpid	30652596_zpid	11212	421 E 92nd St, Brooklyn, NY 11212	40.655985	-73.920618	0.195966039702	10	0.27004071751	3	0.708390510516	1	6	2	1922	570000	7	2200	1950	1344	48	576	680	496	252	40	24	104	204	84	864
30746867_zpid	30746867_zpid	11229	2325 E 17th St, Brooklyn, NY 11229	40.593872	-73.953223	0.156486759993	15	0.231735012927	6	0.224121439516	2	2	2	1012	590000	14	2199	1945	340	60	92	116	116	136	92	76	88	52	16	356
30666386_zpid	30666386_zpid	11226	2111 Albemarle Ter, Brooklyn, NY 11226	40.648789	-73.959241	0.175376735257	9	0.271101234158	4	0.370490277297	3	5	2.75	2132	1245000	12	1575	1917	540	77	379	307	355	40	44	18	71	105	18	496
30589922_zpid	30589922_zpid	11238	225 Prospect Pl, Brooklyn, NY 11238	40.677891	-73.969052	0.0560439720525	18	0.0733268180304	5	0.276851433397	4	6	4	1995	2082000	1	1558	1910	106	83	40	65	40	22	40	24	30	19	12	149
30706749_zpid	30706749_zpid	11214	1763 77th St, Brooklyn, NY 11214	40.612894	-73.997853	0.10581781777	13	0.272832121718	7	0.24258122777	2	7	6	3630	1380000	5	2827	1925	49	7	12	24	8	23	30	23	17	9	6	104
89069446_zpid	89069446_zpid	10456	791 E 169TH St, Bronx, NY 10456	40.8304979	-73.8989385	0.185275074973	6	0.206483528303	9	0.599485801044	1	5	2	1441	439282	22	1244	1986	159	13	81	96	59	37	7	8	14	29	16	138
2123961718_zpid	2123961718_zpid	11218	66 Westminster Rd, Brooklyn, NY 11218	40.647608	-73.968769	0.058818365251	9	0.811526877455	0	0.521167585972	3	5	4	3200	1550000	2	2565	1931	73	17	33	37	36	21	11	16	16	18	2	96
30663689_zpid	30663689_zpid	11210	1464 New York Ave, Brooklyn, NY 11210	40.637172	-73.945518	0.601578063964	3	0.311664192654	4	0.395636812138	2	7	2	3228	565000	4	2051	1905	298	25	178	160	147	50	33	12	36	61	8	305
30747533_zpid	30747533_zpid	11229	2314 Knapp St, Brooklyn, NY 11229	40.596303	-73.933685	0.292462350683	10	0.549533331534	3	1.81911206943	0	3	1.5	1176	393000	25	2300	1925	68	64	4	28	8	36	80	28	68	12	8	180
30597005_zpid	30597005_zpid	11213	1492 Lincoln Pl, Brooklyn, NY 11213	40.669346	-73.927176	0.137575613184	11	0.391400804809	7	0.489406824651	2	1	1	950	278500	155	2000	1910	339	35	184	192	171	35	22	12	35	80	28	267
30725618_zpid	30725618_zpid	11230	1397 E 17th St, Brooklyn, NY 11230	40.616248	-73.957445	0.234093009445	7	0.28159603017	7	0.224768956685	1	3	2	1564	550000	76	2400	1930	142	22	52	87	53	75	37	32	18	14	3	157
30602414_zpid	30602414_zpid	11221	973 Lafayette Ave, Brooklyn, NY 11221	40.692188	-73.933156	0.309642304981	11	0.465182558083	6	0.388346209546	2	6	3.5	2100	474500	42	2003	1899	151	79	86	112	103	46	37	15	29	51	43	230
30585559_zpid	30585559_zpid	11215	197 13th St, Brooklyn, NY 11215	40.668379	-73.991068	0.02168585866	12	0.328872856217	2	0.248789725387	3	4	3.5	1671	1756000	33	2100	1899	77	76	33	61	29	33	61	34	35	19	15	229
30789057_zpid	30789057_zpid	11234	2336 E 63rd St, Brooklyn, NY 11234	40.612094	-73.9098099	0.489317365029	2	0.573738994708	1	3.90553465414	0	3	2	891	734400	55	5100	1950	1	6	3	5	2	12	5	14	12	1	0	27
30632212_zpid	30632212_zpid	11212	599 Thomas S Boyland St, Brooklyn, NY 11212	40.666127	-73.912406	0.376271736921	5	0.394651778609	5	0.493736166029	2	3	1.5	1148	310000	9	1799	1987	228	20	168	168	92	108	112	40	124	48	40	444
30733990_zpid	30733990_zpid	11224	4016 Atlantic Ave, Brooklyn, NY 11224	40.574102	-74.007035	0.645158469823	1	0.566671091531	1	2.2127025815	0	7	3.5	5145	1400000	21	5000	1920	13	9	7	26	4	3	13	4	7	3	0	27
30745518_zpid	30745518_zpid	11229	2246 E 14th St, Brooklyn, NY 11229	40.595274	-73.956953	0.0635597875637	13	0.19602588431	7	0.151505683301	2	3	4	2775	995000	7	2500	1920	78	18	12	21	17	35	19	17	9	5	4	89
