30659194_zpid	30659194_zpid	11203	143 E 43rd St, Brooklyn, NY 11203	40.65242	-73.936954	0.145469917975	3	0.433927221848	2	1.08028328711	0	3	1	1152	369900	0	2000	1915	588	60	352	272	272	252	100	36	136	156	40	584
30715451_zpid	30715451_zpid	11228	1585 Independence Ave, Brooklyn, NY 11228	40.603363	-74.0146539	0.472191200797	3	0.679268466364	1	1.20544977855	0	2	1.5	1488	530000	67	1723	1960	5	1	1	1	0	6	8	10	4	1	2	18
30636574_zpid	30636574_zpid	11207	237 Sunnyside Ave, Brooklyn, NY 11207	40.6831699	-73.889269	0.491414339193	6	0.435712513503	4	0.530553217255	2	5	3	3120	330000	153	1600	1901	45	29	32	34	29	37	26	15	26	10	6	79
30695654_zpid	30695654_zpid	11228	1039 76th St, Brooklyn, NY 11228	40.62323	-74.013445	0.522407773771	4	0.432150835523	3	1.13664320994	0	3	2.25	1288	730000	25	1800	1925	11	10	7	17	6	40	48	29	16	3	4	58
30719573_zpid	30719573_zpid	11204	1540 W 3rd St, Brooklyn, NY 11204	40.609936	-73.977438	0.255054283512	11	0.243835718965	7	0.397443640097	4	3	1	1568	780000	15	2613	1920	174	23	42	42	43	74	18	21	13	8	6	103
30667888_zpid	30667888_zpid	11226	263 E 23rd St, Brooklyn, NY 11226	40.643191	-73.95523	0.232802400244	11	0.255033799007	4	0.570641792766	2	5	4	1305	610000	0	2000	1930	583	127	268	303	252	83	47	26	69	105	27	462
64687067_zpid	64687067_zpid	11211	226 S 2nd St APT 1, Brooklyn, NY 11211	40.7119976	-73.9588687	0.115786415889	15	0.143742361386	4	0.4167412554	4	3	2.5	1500	1800000	33	1600	2003	512	992	332	500	284	116	208	100	136	140	116	1224
30702183_zpid	30702183_zpid	11209	439 99th St, Brooklyn, NY 11209	40.613012	-74.031856	0.140614916573	8	0.429553799358	2	0.356032346748	1	3	2	1836	710000	3	1700	1940	212	84	56	60	68	168	128	128	24	28	16	312
30668089_zpid	30668089_zpid	11226	2902 Beverley Rd, Brooklyn, NY 11226	40.64486	-73.949746	0.167712903466	7	0.253824136478	8	0.0715590644705	3	5	3	2320	605000	10	1800	1925	272	52	112	130	97	88	36	15	29	61	29	233
30783919_zpid	30783919_zpid	11234	1856 E 35th St, Brooklyn, NY 11234	40.611334	-73.934774	0.392974513561	3	0.36992256265	1	1.96956416328	0	2	1.75	1092	375000	72	1800	1925	4	60	20	24	12	48	100	104	116	12	8	176
30723049_zpid	30723049_zpid	11223	1849 W 5th St, Brooklyn, NY 11223	40.6024	-73.977313	0.263881376699	6	0.324382067773	4	0.307828928117	3	9	5	5145	1210000	5	2900	1931	82	21	45	30	31	83	35	59	24	14	5	127
30789678_zpid	30789678_zpid	11235	3017 Brighton 8th St, Brooklyn, NY 11235	40.5795048	-73.9603678	0.0228173410792	11	0.0409908960967	5	0.218774810808	1	3	1	1437	550000	125	2400	1899	916	264	316	420	272	336	224	116	212	144	104	1188
30579368_zpid	30579368_zpid	11220	471 59th St, Brooklyn, NY 11220	40.640489	-74.015818	0.183609289498	9	0.0692787662753	8	0.19952789728	2	7	3	2844	1350000	4	2003	1899	163	60	55	72	55	35	64	36	45	26	7	225
30709265_zpid	30709265_zpid	11228	8101 11th Ave, Brooklyn, NY 11228	40.619332	-74.015226	0.537253124788	1	0.796942612722	0	1.17396198704	0	2	1	2340	800000	50	1940	1935	16	8	5	8	4	21	46	17	17	3	4	40
30737629_zpid	30737629_zpid	11223	2285 W 6th St, Brooklyn, NY 11223	40.592341	-73.976376	0.190930894151	9	0.201488023833	2	0.162329283598	5	3	2	1748	439000	88	2400	1930	136	56	36	80	24	160	92	136	84	24	24	344
29851434_zpid	29851434_zpid	10475	3542 Mc Owen Ave, Bronx, NY 10475	40.888765	-73.819357	0.88983844931	0	0.387792555631	1	0.967242322063	0	5	2	1568	470000	39	5000	1955	0	0	0	1	0	2	2	4	0	0	1	3
68314018_zpid	68314018_zpid	11226	1199 Rogers Ave, Brooklyn, NY 11226	40.640519	-73.951056	0.368548229799	6	0.268033027747	5	0.23172125643	2	8	6	3795	595000	8	2360	2007	322	96	145	163	128	61	35	14	32	76	18	256
30771676_zpid	30771676_zpid	11236	8216 Avenue M, Brooklyn, NY 11236	40.629945	-73.904021	0.856699736484	0	0.740153633497	1	1.86905629642	0	6	4	3300	560000	19	2000	1960	200	24	68	92	44	236	92	28	120	20	36	264
30597138_zpid	30597138_zpid	11213	1206 Eastern Pkwy, Brooklyn, NY 11213	40.668195	-73.928674	0.282629027055	13	0.293484502916	8	0.368744154539	2	6	3.5	4245	1730000	2	4356	1915	1656	176	972	876	804	152	116	52	164	372	140	1196
30790003_zpid	30790003_zpid	11235	1014 Ocean View Ave, Brooklyn, NY 11235	40.5799623	-73.9592581	0.0857940315783	12	0.0796730895752	6	0.307482149664	1	6	3	2660	675000	9	2400	1920	976	260	308	392	240	320	232	116	208	152	96	1128
30787948_zpid	30787948_zpid	11234	2604 National Dr, Brooklyn, NY 11234	40.605623	-73.903085	1.38147400608	0	1.39926013068	0	4.52142371379	0	4	4	3780	2500000	0	4800	1965	0	0	0	2	0	0	5	1	5	2	0	7
30790023_zpid	30790023_zpid	11235	191 Brighton 10th St, Brooklyn, NY 11235	40.5807209	-73.958087	0.215588213617	13	0.171869020451	6	0.43413860044	1	5	3	1848	360000	19	2400	1930	1024	232	308	388	264	316	208	112	204	136	100	1020
30745272_zpid	30745272_zpid	11229	2138 Ford St, Brooklyn, NY 11229	40.599859	-73.938214	0.362235135241	7	0.384912578386	4	1.49860376621	0	3	2	1080	410000	23	3000	1901	26	7	9	11	6	8	33	15	15	2	2	67
30612412_zpid	30612412_zpid	11205	477 Dekalb Ave, Brooklyn, NY 11205	40.69083	-73.958033	0.0774385573604	9	0.102790132766	5	0.277529533483	3	5	3	1728	155000	222	2200	1901	532	300	136	208	120	112	132	124	104	40	96	604
30771837_zpid	30771837_zpid	11236	8524 Avenue M, Brooklyn, NY 11236	40.631546	-73.901497	0.597697737084	2	0.476475739022	1	1.68207918999	0	3	2	2000	170000	19	2000	1960	62	12	23	29	11	66	25	10	29	7	12	85
30731978_zpid	30731978_zpid	11214	218 Bay 48th St, Brooklyn, NY 11214	40.586487	-73.989147	0.425779254773	4	0.543414723761	1	0.52504730748	1	2	2	928	590000	5	1536	1945	12	7	9	20	5	15	22	14	18	6	2	35
30782213_zpid	30782213_zpid	11234	2060 E 71st St, Brooklyn, NY 11234	40.620289	-73.908264	0.367516869406	3	0.353085214426	1	2.98453770899	0	3	3	1881	689000	0	10175	1965	18	6	9	15	6	19	22	10	23	3	4	70
30718704_zpid	30718704_zpid	11230	1479 E 2nd St, Brooklyn, NY 11230	40.613601	-73.972495	0.0998562107292	8	0.376975884357	3	0.223688199098	2	7	4	3360	324000	216	2909	1925	32	9	13	29	16	48	25	24	12	8	6	85
30701996_zpid	30701996_zpid	11209	315 Marine Ave, Brooklyn, NY 11209	40.614937	-74.03391	0.135255919351	9	0.171617515631	3	0.264565508858	1	5	2	4320	1250000	0	2440	1925	197	34	28	27	30	57	46	47	8	10	5	128
29788230_zpid	29788230_zpid	10458	206 E 206th St, Bronx, NY 10458	40.8756675	-73.883667	0.141999793344	9	0.194966794464	4	0.416109800707	4	5	3	3027	222500	4	3198	1910	317	18	34	52	35	13	6	5	7	17	9	85
29830664_zpid	29830664_zpid	10469	1511 Adee Ave, Bronx, NY 10469	40.8698059	-73.84221	0.129211153233	1	0.898965868455	0	0.352745298608	1	3	3	1530	400000	0	2502	1935	50	12	33	26	14	47	27	14	23	8	7	66
30740654_zpid	30740654_zpid	11235	3030 Coney Island Ave, Brooklyn, NY 11235	40.582469	-73.9603039	0.18711006129	10	0.104874427349	6	0.54109112049	2	6	4	4040	820000	1	2525	1930	780	164	220	292	168	328	216	144	188	112	112	796
30785410_zpid	30785410_zpid	11234	1960 Hendrickson St, Brooklyn, NY 11234	40.612915	-73.927823	0.310194053777	3	0.857149059439	0	2.5781616039	0	3	1.5	936	510000	32	3492	1925	32	140	16	20	8	84	92	88	60	8	20	264
30781492_zpid	30781492_zpid	11234	1433 E 69th St, Brooklyn, NY 11234	40.621474	-73.911348	0.450224253152	6	0.499019540575	1	2.91560595312	0	3	2	2103	619000	0	2600	1975	96	12	40	64	24	184	96	88	92	20	28	324
30762805_zpid	30762805_zpid	11234	1606 E 45th St, Brooklyn, NY 11234	40.6214749	-73.932287	0.230640040025	9	0.295312738011	2	1.81176484861	0	3	1.5	1280	142000	241	2400	1920	144	72	64	108	96	152	124	80	68	32	0	612
30698036_zpid	30698036_zpid	11228	1034 80th St, Brooklyn, NY 11228	40.6207459	-74.016298	0.665565021428	2	0.72255460838	1	1.0449654605	0	3	2.5	1328	775000	22	2000	1925	15	7	6	11	5	24	50	23	19	2	4	37
30721986_zpid	30721986_zpid	11223	1725 W 1st St, Brooklyn, NY 11223	40.605799	-73.9742449	0.132937988039	8	0.358202252128	4	0.32858049988	3	3	2.5	2334	715000	14	2000	1930	100	19	39	29	26	78	24	43	28	15	2	131
30732839_zpid	30732839_zpid	11224	3730 Neptune Ave, Brooklyn, NY 11224	40.576522	-74.00438	0.611861617315	1	0.229482279952	2	1.95966018843	0	5	2	1860	1099000	0	6000	1920	200	52	60	164	52	20	84	28	76	52	8	220
29819948_zpid	29819948_zpid	10469	1482 Astor Ave, Bronx, NY 10469	40.859271	-73.843315	0.291564211039	2	0.813193608431	0	1.0234820973	0	3	2	1769	410000	8	2660	1950	12	7	2	9	2	18	21	6	13	2	2	39
30701339_zpid	30701339_zpid	11209	29 94th St, Brooklyn, NY 11209	40.61838	-74.038314	0.452962768787	8	0.414054271879	3	0.646313792467	1	3	2	1632	1400000	0	2500	1925	158	25	17	29	22	25	28	24	6	4	4	97
68310555_zpid	68310555_zpid	11208	400 Shepherd Ave, Brooklyn, NY 11208	40.674807	-73.881248	0.173061914514	9	0.370331866924	4	0.0862983087588	3	1	1	1322	348545	117	1800	2000	144	21	70	87	61	42	32	13	31	46	19	160
30573898_zpid	30573898_zpid	11232	224 21st St, Brooklyn, NY 11232	40.661505	-73.9941429	0.10061882967	8	0.377410737087	3	0.355479830987	2	1	1	1530	185000	199	1795	1910	30	19	16	21	9	16	20	23	13	7	4	70
29827916_zpid	29827916_zpid	10469	955 E 221st St, Bronx, NY 10469	40.882759	-73.854328	0.321465681722	4	0.46491643031	2	0.71596411087	1	3	2	1960	170000	1	1988	1935	64	15	28	27	26	32	4	3	18	8	2	48
30793801_zpid	30793801_zpid	11229	1 Joval Ct, Brooklyn, NY 11229	40.589773	-73.928431	0.441968011708	2	0.963409127104	0	2.19807252127	0	3	2	1467	460000	26	3570	1930	1	3	1	12	1	1	20	8	18	1	3	30
30733897_zpid	30733897_zpid	11224	4906 Surf Ave, Brooklyn, NY 11224	40.5784264	-74.011114	0.0903159397752	1	0.786069546902	0	2.52889952524	0	4	3	1992	500000	12	4704	1925	7	5	3	15	4	0	7	0	4	1	1	10
30765802_zpid	30765802_zpid	11234	1454 E 59th St, Brooklyn, NY 11234	40.618199	-73.918409	0.123487504167	9	0.767763114242	0	2.95891767871	0	3	2	1440	440000	12	2500	1925	48	40	28	20	32	120	116	36	84	12	20	440
30598293_zpid	30598293_zpid	11233	1919 Bergen St, Brooklyn, NY 11233	40.674566	-73.917591	0.232948338164	2	0.46862623748	4	0.570477633875	2	9	3	2865	498000	76	2073	1901	191	16	116	110	79	22	32	18	48	43	31	184
30721269_zpid	30721269_zpid	11223	1748 W 13th St, Brooklyn, NY 11223	40.603992	-73.985921	0.179847369472	8	0.567674344744	6	0.470651618698	3	6	2	2520	999000	11	2517	1920	28	19	8	9	8	40	19	20	9	3	2	52
30615129_zpid	30615129_zpid	11205	158 Carlton Ave, Brooklyn, NY 11205	40.692849	-73.973088	0.0523329018654	9	0.0806350331335	3	0.629556004684	1	8	4	3100	2200000	0	2000	1899	51	66	28	34	24	33	23	15	24	17	10	123
30788078_zpid	30788078_zpid	11234	138 Barlow Dr S, Brooklyn, NY 11234	40.6087	-73.905527	0.985899581232	0	1.00564886501	0	4.23642558276	0	6	5	1836	999000	0	4233	1960	2	1	1	7	0	3	9	3	8	2	1	21
30624143_zpid	30624143_zpid	11211	16 Sharon St, Brooklyn, NY 11211	40.715065	-73.938298	0.319093216822	8	0.440372686523	2	0.395083375219	2	3	2	1692	148000	190	1800	1950	24	119	12	40	17	25	31	11	23	12	17	132
30792617_zpid	30792617_zpid	11235	1126 Banner Ave, Brooklyn, NY 11235	40.5834731	-73.9581	0.189254945476	12	0.246319770055	7	0.506377605161	2	3	3	1152	555000	6	1400	1920	213	37	59	77	46	61	49	33	41	32	21	188
30581087_zpid	30581087_zpid	11232	563 41st St, Brooklyn, NY 11232	40.6493139	-74.0032389	0.192931511629	7	0.157550547355	7	0.573067865737	2	8	3	2060	1499000	0	2060	1910	284	204	104	132	124	36	140	60	48	56	24	388
30637055_zpid	30637055_zpid	11208	45 Hale Ave, Brooklyn, NY 11208	40.6841447	-73.8807055	0.291870569158	6	0.33603356355	3	0.30958109904	3	5	3	1540	380625	2	3224	1910	85	31	54	62	57	44	28	23	43	24	13	149
29853706_zpid	29853706_zpid	10471	6015 Spencer Ave, Bronx, NY 10471	40.908268	-73.89933	0.362631641837	5	0.363554228831	5	1.33317949497	0	6	4	3961	670000	130	4750	1986	12	10	7	10	5	19	32	10	16	2	5	49
30637978_zpid	30637978_zpid	11207	140 Van Siclen Ave, Brooklyn, NY 11207	40.676905	-73.891687	0.312048271018	6	0.300108495579	5	0.0975751178281	5	5	2	2352	5000	3	2500	1901	472	164	340	408	228	380	180	140	192	192	56	916
30667812_zpid	30667812_zpid	11226	342 E 22nd St, Brooklyn, NY 11226	40.643588	-73.95681	0.196510213816	10	0.263969135195	4	0.653285656742	3	1	1	2160	495000	40	2000	1910	582	117	289	292	273	66	41	27	70	100	25	469
30596096_zpid	30596096_zpid	11213	1204 Saint Marks Ave, Brooklyn, NY 11213	40.673834	-73.929802	0.0563016259829	9	0.498014427673	4	0.610187409147	2	6	3	2421	640000	11	3171	1910	243	28	135	146	126	28	21	5	32	47	17	225
30757410_zpid	30757410_zpid	11234	1727 E 32nd St, Brooklyn, NY 11234	40.612355	-73.938836	0.110956291047	2	0.16303366016	2	1.65539909775	0	3	2	1432	553000	19	2178	1920	3	10	3	9	2	14	23	19	36	4	1	59
30731471_zpid	30731471_zpid	11214	140 Bay 47th St, Brooklyn, NY 11214	40.588764	-73.98751	0.247258896595	4	0.700586470814	1	0.31670278131	1	4	2	3209	880000	9	3867	1960	13	9	9	26	6	22	23	23	27	8	5	45
30732015_zpid	30732015_zpid	11214	2063 Shore Pkwy, Brooklyn, NY 11214	40.585887	-73.9894149	0.47899552534	4	0.510871078464	1	0.579882840644	1	2	2	928	658000	0	1454	1945	8	6	8	15	5	14	22	13	13	3	2	32
68313674_zpid	68313674_zpid	11211	211 N 5th St APT PH, Brooklyn, NY 11211	40.7093358	-73.9565551	0.192346603165	18	0.287212858555	10	0.159906403989	4	1	1	1294	1665000	95	5000	2005	636	1188	432	520	328	96	236	100	168	92	92	1396
30792549_zpid	30792549_zpid	11235	2797 Ford St, Brooklyn, NY 11235	40.585472	-73.934896	0.59458190795	1	0.698734688189	1	1.63583836988	0	4	2	1900	565000	90	2650	1920	56	11	24	29	28	27	20	9	26	9	5	94
83042409_zpid	83042409_zpid	11221	222 Woodbine St, Brooklyn, NY 11221	40.6945796	-73.9145593	0.302152951748	9	0.19943359836	3	0.614565770267	3	3	1	2775	330000	28	1706	2005	110	30	86	119	79	28	36	8	52	45	29	163
30706014_zpid	30706014_zpid	11228	1420 Bay Ridge Pkwy, Brooklyn, NY 11228	40.618435	-74.004904	0.201179133742	8	0.376985751712	3	0.526285029838	2	8	4	3456	1594000	0	3598	1920	13	10	10	25	11	49	46	48	18	1	2	81
30732855_zpid	30732855_zpid	11224	3717 Nautilus Ave, Brooklyn, NY 11224	40.576302	-74.00385	0.662928921726	1	0.203321766609	2	1.91634876546	0	3	3	1744	450000	109	3000	1901	50	13	15	40	13	5	20	7	19	13	2	52
30628112_zpid	30628112_zpid	11221	1134 Bushwick Ave, Brooklyn, NY 11221	40.689279	-73.918221	0.168535145584	8	0.345229157152	5	0.343996249953	2	4	4	3000	900000	7	1500	1910	202	61	111	155	107	40	32	8	63	59	47	217
30614404_zpid	30614404_zpid	11217	162 S Portland Ave, Brooklyn, NY 11217	40.684496	-73.974402	0.204992470311	12	0.352250350391	3	0.184073320793	9	8	4	2700	2100000	1	2000	1900	48	105	29	39	19	19	23	63	26	14	26	162
30595060_zpid	30595060_zpid	11225	486 Empire Blvd, Brooklyn, NY 11225	40.663911	-73.946147	0.228598241071	7	0.149007875997	7	0.417906315323	3	7	4	5412	800000	24	2650	1922	267	53	101	117	117	34	32	15	28	45	9	208
30626872_zpid	30626872_zpid	11221	1212 Greene Ave # A, Brooklyn, NY 11221	40.695403	-73.921746	0.376742244468	11	0.171226901695	5	0.401593070547	4	5	3	1848	800000	12	1583	1901	159	52	76	103	76	37	26	14	64	25	26	194
55541056_zpid	55541056_zpid	10457	459 E 179th St, Bronx, NY 10457	40.8499656	-73.8968989	0.514002118412	6	0.18484053576	6	0.392956653907	2	5	3	2340	380000	28	2178	1998	253	38	127	128	118	33	23	20	48	54	23	262
30643347_zpid	30643347_zpid	11208	301 Hemlock St, Brooklyn, NY 11208	40.682511	-73.870561	0.184269343833	8	0.258318029468	7	0.282580553106	1	5	3	1368	6000	50	1900	1928	123	39	76	96	58	64	30	11	90	41	8	226
30639054_zpid	30639054_zpid	11208	180 Atkins Ave, Brooklyn, NY 11208	40.674649	-73.879216	0.262506810008	8	0.197878247498	4	0.141814168872	3	5	3	1026	639999	0	1026	1910	171	26	99	111	83	51	43	16	42	61	23	208
30593144_zpid	30593144_zpid	11216	569 Eastern Pkwy, Brooklyn, NY 11216	40.670229	-73.949468	0.0762660698873	11	0.21209434078	4	0.122421748285	4	3	3	3072	1523509	0	2012	1901	169	51	84	92	86	12	24	3	25	36	21	136
30604541_zpid	30604541_zpid	11221	227 Malcolm X Blvd APT 3, Brooklyn, NY 11221	40.685184	-73.9292229	0.0660980191406	10	0.169786517673	2	0.660236835927	1	4	2	1500	468000	137	1917	1910	117	35	58	96	70	32	17	4	17	39	19	144
30614246_zpid	30614246_zpid	11238	56 Putnam Ave, Brooklyn, NY 11238	40.6827309	-73.959382	0.240111660597	11	0.212326200998	4	0.353669124676	4	4	4	750	1750000	0	1600	1901	97	141	56	103	67	35	43	21	43	17	41	198
30791200_zpid	30791200_zpid	11235	142 Langham St, Brooklyn, NY 11235	40.579701	-73.941315	0.884825618955	0	1.30401187214	0	1.34903132498	0	2	1.5	1290	640000	26	3005	1935	68	24	4	56	12	52	60	20	48	4	4	108
30651300_zpid	30651300_zpid	11203	65 E 54th St, Brooklyn, NY 11203	40.657612	-73.926806	0.234866800862	12	0.557719911203	4	0.867055562637	0	4	2	1767	487600	114	2199	1930	151	18	56	59	67	62	25	12	17	26	13	121
30651970_zpid	30651970_zpid	11212	292 E 92nd St, Brooklyn, NY 11212	40.658172	-73.923779	0.20590888292	12	0.296261676906	6	0.72760417469	2	8	5	5610	400000	142	3001	1931	1624	72	656	696	500	232	72	24	124	192	100	804
30589859_zpid	30589859_zpid	11217	142 Saint Marks Ave, Brooklyn, NY 11217	40.67903	-73.971994	0.14815620643	18	0.263266212818	4	0.189731774467	5	6	4	3200	2395000	0	1742	1931	30	65	12	23	13	14	31	32	26	3	18	90
30716028_zpid	30716028_zpid	11230	1009 E 2nd St, Brooklyn, NY 11230	40.6256739	-73.974689	0.208241632136	7	0.193378941953	7	0.127654946594	3	5	1	648	380000	42	2100	1925	54	13	16	36	21	27	31	38	9	2	9	74
30699430_zpid	30699430_zpid	11209	8509 Colonial Rd, Brooklyn, NY 11209	40.625241	-74.035918	0.469771212741	8	0.681098311325	1	0.696084663564	1	5	5	3045	1900000	49	3925	1910	27	21	8	24	8	29	28	21	12	4	2	88
30707000_zpid	30707000_zpid	11228	1216 77th St, Brooklyn, NY 11228	40.62003	-74.010565	0.209031285067	5	0.40281238726	1	0.989913259116	0	2	1	884	162500	285	1298	1920	7	12	2	20	2	34	43	27	20	1	4	63
30571284_zpid	30571284_zpid	11201	273 Warren St, Brooklyn, NY 11201	40.686184	-73.992657	0.131132484679	17	0.369814522847	4	0.151582899586	4	4	3	2144	2699000	8	1325	1901	41	67	10	47	8	18	47	27	19	10	6	160
30747348_zpid	30747348_zpid	11229	2370 E 28th St, Brooklyn, NY 11229	40.593966	-73.942926	0.180122193692	11	0.164747929457	4	1.04397602344	0	5	2	2592	999000	2	2787	1940	4	7	3	14	3	14	21	17	12	0	1	42
30673843_zpid	30673843_zpid	11218	390 E 5th St, Brooklyn, NY 11218	40.642624	-73.975675	0.18734916678	14	0.329522051423	9	0.373105322592	1	5	4	2420	1499000	1	3000	1910	205	58	70	94	62	65	51	61	31	24	17	224
62647078_zpid	62647078_zpid	11233	1020 Herkimer St, Brooklyn, NY 11233	40.677763	-73.919743	0.166955194022	2	0.36018756054	2	0.184793619654	1	5	2	2700	785000	4	1960	2002	188	22	131	149	102	34	36	14	53	67	29	225
30659623_zpid	30659623_zpid	11203	304 E 38th St, Brooklyn, NY 11203	40.649699	-73.942015	0.152523953969	3	0.296284673039	1	0.651079323668	1	4	3	1768	534450	108	1999	1920	141	20	107	97	87	67	15	8	25	36	10	125
30783433_zpid	30783433_zpid	11234	6415 Strickland Ave, Brooklyn, NY 11234	40.61525	-73.910313	0.241802404124	6	0.234165836508	1	3.56824163623	0	4	4	2432	765000	127	39	1960	14	12	10	10	6	18	15	12	16	0	4	49
30783137_zpid	30783137_zpid	11234	2351 E 73rd St, Brooklyn, NY 11234	40.616688	-73.901111	0.801668892643	0	0.704063678908	1	3.3363840395	0	4	3	2200	799000	0	3000	1960	8	52	8	24	0	16	68	36	52	4	12	184
79718338_zpid	79718338_zpid	10459	859 E 169th St, Bronx, NY 10459	40.829281	-73.896809	0.40441377327	6	0.428526895748	7	0.429600627042	2	8	5	3197	700000	101	1843	2006	190	80	103	135	105	25	22	6	28	46	21	186
89067323_zpid	89067323_zpid	11238	658 Dean St, Brooklyn, NY 11238	40.680039	-73.968587	0.0300247001055	13	0.314785696002	4	0.423316424267	4	3	2.5	2700	1830000	12	2200	1931	436	408	160	256	116	116	164	112	104	56	64	620
30570593_zpid	30570593_zpid	11231	16 3rd Pl, Brooklyn, NY 11231	40.679258	-74.001041	0.283453119235	13	0.450196661987	3	0.589448936981	2	5	3.5	3400	1900000	16	1667	1899	39	49	24	44	21	18	58	29	16	12	11	179
30620786_zpid	30620786_zpid	11222	165 Diamond St, Brooklyn, NY 11222	40.727896	-73.9484669	0.130312373288	16	0.310162939188	5	0.433564587024	2	4	3.5	1764	800000	29	1800	1901	37	61	23	36	13	31	30	30	17	15	14	163
