30735254_zpid	30735254_zpid	11223	2072 W 10th St, Brooklyn, NY 11223	40.596479	-73.981646	0.396857426342	7	0.156714433925	5	0.239205718009	4	3	2	1910	765000	11	4000	1920	27	21	10	23	9	35	29	41	18	7	5	65
30639752_zpid	30639752_zpid	11208	510 Shepherd Ave, Brooklyn, NY 11208	40.6718649	-73.88051	0.0451972300404	9	0.420600290731	3	0.252962648631	2	5	3	1920	88000	205	871200	1930	688	96	336	396	316	192	92	40	140	228	100	668
30677832_zpid	30677832_zpid	11204	1755 52nd St, Brooklyn, NY 11204	40.627191	-73.98342	0.204849228508	6	0.139196713291	7	0.617560376831	2	6	2	4423	1800000	66	3628	1940	16	6	6	18	5	21	71	35	26	6	5	79
30665888_zpid	30665888_zpid	11226	46 Rugby Rd, Brooklyn, NY 11226	40.648734	-73.967083	0.146905134193	7	0.833058531284	0	0.399759809901	3	6	2.5	2573	1400000	4	5000	1899	203	38	148	122	140	16	16	9	31	45	3	190
30660105_zpid	30660105_zpid	11203	1054 New York Ave, Brooklyn, NY 11203	40.6476086	-73.9465862	0.215216447265	5	0.2407598973	5	0.343910019499	2	4	2	1400	315000	14	784	1899	91	16	87	79	72	31	12	2	20	24	13	94
30699106_zpid	30699106_zpid	11209	147 85th St, Brooklyn, NY 11209	40.625431	-74.034441	0.343695811212	8	0.655023908741	1	0.59497807787	1	6	5	4518	2900000	7	9278	1910	24	27	10	23	8	36	32	24	14	5	1	84
30793966_zpid	30793966_zpid	11229	52 Abbey Ct, Brooklyn, NY 11229	40.588519	-73.920876	0.202036676501	2	1.61694827886	0	2.81911006178	0	2	2	700	379000	0	1800	1925	2	3	1	13	0	0	28	10	23	2	5	38
68310630_zpid	68310630_zpid	11207	659 Ashford St, Brooklyn, NY 11207	40.665721	-73.882694	0.0930216420602	7	0.136603298797	5	0.107795744075	2	5	3	2532	455325	114	4000	2005	75	7	50	41	33	21	22	8	25	26	12	106
30788886_zpid	30788886_zpid	11234	2698 E 66th St, Brooklyn, NY 11234	40.60638	-73.910937	1.05422907309	0	1.21568498816	0	3.88345559781	0	5	4	3558	950000	24	4950	1960	3	4	1	6	3	17	5	27	21	2	1	26
30731050_zpid	30731050_zpid	11214	197 Bay 43rd St, Brooklyn, NY 11214	40.591321	-73.988896	0.268471911226	5	0.704219333265	1	0.51415056248	2	3	2	2156	724888	27	2134	1950	48	36	44	72	12	76	144	88	100	28	20	280
30782403_zpid	30782403_zpid	11234	2039 E 74th St, Brooklyn, NY 11234	40.622203	-73.9060329	0.649602103237	1	0.621962844278	1	2.7447145171	0	4	2	1092	400000	23	2000	1925	13	1	4	5	6	15	11	4	15	2	2	39
29834699_zpid	29834699_zpid	10466	3935 Ely Ave, Bronx, NY 10466	40.8890699	-73.845329	0.364417279641	5	0.147818741672	3	1.12028641207	0	5	2	1920	290000	6	1829	1961	33	15	12	19	9	59	24	4	30	12	8	62
29778667_zpid	29778667_zpid	10454	742 E 137th St, Bronx, NY 10454	40.803605	-73.91254	0.227688526773	4	0.547481337837	2	0.233526381902	3	4	1	1000	125000	37	1500	1920	67	6	19	34	20	12	10	7	13	12	7	70
30644933_zpid	30644933_zpid	11208	180 Fountain Ave, Brooklyn, NY 11208	40.67572	-73.875736	0.202177259807	9	0.170830186453	5	0.308836159469	3	3	1	1065	103000	244	2000	1920	644	84	324	364	264	212	208	40	168	176	60	748
30602171_zpid	30602171_zpid	11221	1036 Dekalb Ave, Brooklyn, NY 11221	40.693182	-73.933408	0.261920539352	11	0.453724678402	3	0.388159291106	3	6	4.5	3500	1375000	6	2000	1920	548	324	308	416	360	176	128	72	112	204	156	908
30612596_zpid	30612596_zpid	11205	457 Lafayette Ave, Brooklyn, NY 11205	40.689473	-73.956575	0.184660096239	9	0.184042456743	6	0.302475432841	2	11	4	3200	1519000	0	1600	1905	126	51	29	48	26	24	27	29	22	10	18	125
30735949_zpid	30735949_zpid	11223	2110 E 2nd St, Brooklyn, NY 11223	40.5979529	-73.97005	0.574826426	3	0.518817402229	4	0.349850727408	2	3	4.5	3816	2300000	5	2800	1925	29	16	10	20	4	30	28	63	24	5	5	86
30769706_zpid	30769706_zpid	11236	19 Paerdegat 3rd St, Brooklyn, NY 11236	40.631818	-73.911377	0.382780029848	5	0.415895543934	4	1.83717673075	0	7	6	3328	240000	254	2983	1965	100	16	48	44	20	168	72	12	76	12	4	216
29788212_zpid	29788212_zpid	10458	192 E 205th St, Bronx, NY 10458	40.8748455	-73.8844744	0.0372255571871	11	0.111568511884	5	0.391355774021	4	3	2	2411	240000	12	2408	1910	402	22	39	64	39	20	10	8	9	21	9	104
31554096_zpid	31554096_zpid	10463	52 Adrian Ave, Bronx, NY 10463	40.8770234	-73.91075	0.128140426113	8	0.215765002573	4	0.284818631124	3	8	3	3906	720000	5	2475	1925	232	32	82	73	80	15	29	15	42	25	9	167
30662052_zpid	30662052_zpid	11203	752 E 45th St, Brooklyn, NY 11203	40.642861	-73.93456	0.133075201544	7	0.860064286189	0	1.21352778767	0	5	1.5	1600	425000	11	2000	1930	96	36	40	64	32	156	92	32	72	40	8	324
30574479_zpid	30574479_zpid	11232	192 32nd St, Brooklyn, NY 11232	40.65573	-74.001217	0.143766669234	4	0.579692199174	2	0.3085581011	2	2	1	3072	700000	132	2003	1910	96	120	52	68	44	32	136	60	60	4	36	276
30779366_zpid	30779366_zpid	11236	1406 E 101st St, Brooklyn, NY 11236	40.637132	-73.888534	0.333121087732	7	0.302301968787	4	1.54554467985	0	4	2	2000	455000	10	2000	1960	92	28	72	68	4	68	52	32	48	16	8	216
30585603_zpid	30585603_zpid	11215	257 13th St, Brooklyn, NY 11215	40.667171	-73.988586	0.0349085739388	17	0.100327221164	4	0.374116672853	4	2	1	700	1600000	28	2500	1901	88	89	28	74	32	45	71	28	40	23	21	244
30788799_zpid	30788799_zpid	11234	2682 E 64th St, Brooklyn, NY 11234	40.607536	-73.912035	0.913947188106	0	1.10266346668	0	3.82141721302	0	4	3	2576	800000	2	3875	1960	12	24	4	28	12	76	16	108	84	8	4	124
30654429_zpid	30654429_zpid	11203	447 E 53rd St, Brooklyn, NY 11203	40.6488999	-73.9269328	0.399385673005	7	0.326129267873	3	1.65981394227	0	6	4	2942	626223	28	2090880	2009	129	17	50	44	49	42	37	7	18	23	9	136
30689935_zpid	30689935_zpid	11220	834 67th St, Brooklyn, NY 11220	40.630757	-74.013057	0.226421257157	9	0.202648375278	6	0.467764599357	2	4	2	1905	950000	9	2000	1935	14	4	11	16	6	23	30	9	4	5	1	44
30777098_zpid	30777098_zpid	11236	1443 E 93rd St, Brooklyn, NY 11236	40.63636	-73.897497	0.0803325317376	6	0.123201190925	3	1.20346928402	0	3	1	2920	570000	129	2850	1960	34	22	23	27	9	57	21	11	15	13	6	89
30586650_zpid	30586650_zpid	11217	198 Saint Johns Pl, Brooklyn, NY 11217	40.675927	-73.973433	0.126087477012	13	0.159732403808	6	0.18605851174	3	6	4	4296	2950000	33	2100	1899	39	42	7	19	7	10	37	17	25	8	7	93
29843511_zpid	29843511_zpid	10465	3260 Spencer Dr, Bronx, NY 10465	40.841934	-73.8187669	0.801914405748	0	0.672744577991	1	1.2827978926	0	4	4	3432	600000	87	3736	2007	1	10	5	3	0	10	26	13	5	1	1	32
30574148_zpid	30574148_zpid	11232	231 27th St, Brooklyn, NY 11232	40.658751	-73.99772	0.34861625264	5	0.20090615616	1	0.185891004422	2	6	3	2193	690000	39	1703	1910	35	42	17	23	12	13	34	28	19	4	8	76
30665148_zpid	30665148_zpid	11225	207 Fenimore St, Brooklyn, NY 11225	40.6585527	-73.9555403	0.286747162698	13	0.408740135853	10	0.492009977023	4	4	2.5	1972	760000	62	3100	1910	1796	396	864	648	700	124	168	84	240	268	56	1140
30656335_zpid	30656335_zpid	11203	641 E 53rd St, Brooklyn, NY 11203	40.643759	-73.926273	0.24453158305	5	0.778222932299	0	1.91702173226	0	4	3	1504	323000	141	1999	1935	102	22	22	15	19	31	33	10	9	10	7	100
30789154_zpid	30789154_zpid	11235	38 Brighton 2nd Pl, Brooklyn, NY 11235	40.5801302	-73.9660273	0.344878411953	6	0.389168210449	7	0.473711462245	3	4	2	4000	410100	147	435	1938	340	160	240	332	168	228	136	80	164	72	72	792
30665976_zpid	30665976_zpid	11226	28 Lenox Rd, Brooklyn, NY 11226	40.653304	-73.958477	0.0309618143663	13	0.12276068489	9	0.33754773325	2	2	2	3811	990000	18	3816	1920	566	111	327	303	303	48	44	26	76	87	24	434
30737489_zpid	30737489_zpid	11223	2240A W 7th St, Brooklyn, NY 11223	40.593212	-73.978121	0.401377018229	5	0.0465738775672	2	0.0554290311018	5	3	2	952	450000	74	728	1925	144	72	44	100	44	160	84	144	96	36	20	304
29785299_zpid	29785299_zpid	10458	2321 Prospect Ave, Bronx, NY 10458	40.852205	-73.883721	0.198453640004	10	0.262157243129	2	1.18010215815	0	3	1	2664	481000	36	1584	2012	300	65	95	128	124	13	18	8	34	52	15	200
29854593_zpid	29854593_zpid	10471	5439 Arlington Ave, Bronx, NY 10471	40.9034819	-73.908105	0.492555808509	4	0.380906527945	3	0.509623351527	1	5	2.5	2544	1340000	7	2712	1960	7	7	3	6	3	4	30	5	11	0	3	23
30667808_zpid	30667808_zpid	11226	2141 Cortelyou Rd, Brooklyn, NY 11226	40.6441744	-73.9572697	0.102066085687	10	0.313358109096	4	0.610574377212	3	1	1	3630	590000	123	2356	1930	564	119	311	311	307	61	41	29	72	107	24	482
29781317_zpid	29781317_zpid	10474	650 Coster St, Bronx, NY 10474	40.8135509	-73.886882	0.123373689451	5	0.205852914516	3	0.853542616386	0	4	1	3272	335000	4	1999	1910	129	18	95	83	70	26	15	3	32	18	12	149
68310301_zpid	68310301_zpid	10469	1052 E 215th St, Bronx, NY 10469	40.877387	-73.854304	0.334953298171	7	0.561081700881	1	1.00845701874	0	6	6	3060	589000	116	2375	2005	85	8	40	72	55	63	12	9	27	23	15	118
30720334_zpid	30720334_zpid	11223	1614 W 10th St, Brooklyn, NY 11223	40.607197	-73.983687	0.242041387649	9	0.435348339059	6	0.460680475512	2	5	2.5	1480	610000	124	2000	1930	53	16	24	12	19	40	14	16	10	4	3	60
30785921_zpid	30785921_zpid	11234	2011 E 37th St, Brooklyn, NY 11234	40.610106	-73.9300839	0.075459200639	2	0.770528228659	0	2.34897717028	0	3	3	1008	649000	0	1998	1925	2	9	4	3	2	15	27	25	23	0	2	57
30601353_zpid	30601353_zpid	11233	1385 Herkimer St, Brooklyn, NY 11233	40.677556	-73.907513	0.277531746455	4	0.261925069658	3	0.294183544488	8	5	3.5	1950	895000	2	1667	1899	177	19	121	160	107	35	32	16	50	69	25	171
30665464_zpid	30665464_zpid	11225	26 Winthrop St, Brooklyn, NY 11225	40.656276	-73.959114	0.108796760218	12	0.187612802848	6	0.228978313885	3	6	2	2930	1782500	11	2716	1905	1108	268	540	416	400	56	108	48	156	140	28	616
29781769_zpid	29781769_zpid	10457	245 Mount Hope Pl, Bronx, NY 10457	40.848287	-73.904372	0.114030568286	11	0.107736085291	9	0.247054386357	5	9	3	3504	592250	100	2000	1899	383	73	207	208	208	28	22	13	71	61	29	277
30720456_zpid	30720456_zpid	11223	1658 W 7th St, Brooklyn, NY 11223	40.606552	-73.980637	0.181995078325	12	0.241647686588	6	0.293641559384	3	6	2	1456	610000	17	1466	1930	312	80	144	80	116	300	68	136	56	44	16	356
29840923_zpid	29840923_zpid	10465	1127 Ellsworth Ave, Bronx, NY 10465	40.835261	-73.822808	0.206311725142	4	0.195258598627	1	1.48736828479	0	5	2.5	1890	450000	82	2470	1965	7	7	9	8	8	9	30	11	12	4	3	37
30749300_zpid	30749300_zpid	11235	2549 E 22nd St, Brooklyn, NY 11235	40.589646	-73.947256	0.208436372676	11	0.4182250789	4	0.658678482249	1	7	3	21600	700000	49	2500	1930	57	14	12	35	10	50	30	36	43	6	2	123
30619168_zpid	30619168_zpid	11249	67 S 3rd St, Brooklyn, NY 11249	40.7134612	-73.9647666	0.113632381995	9	0.403027607407	4	0.779228345597	0	5	4	3220	1530000	46	1900	1910	96	368	32	128	32	92	84	64	76	12	32	380
30636949_zpid	30636949_zpid	11208	159 Ridgewood Ave, Brooklyn, NY 11208	40.683289	-73.882975	0.258544270782	7	0.327970653793	3	0.324316665915	2	5	3	1992	359000	123	2000	1910	78	31	47	54	48	37	29	22	34	19	12	137
30718286_zpid	30718286_zpid	11230	1323 E 9th St, Brooklyn, NY 11230	40.616773	-73.965335	0.273007420148	7	0.262261927036	6	0.510335628661	1	3	1.5	1456	615000	93	2000	1925	372	76	92	148	136	232	212	88	116	32	12	520
30740642_zpid	30740642_zpid	11235	2 Brighton 8th Ct, Brooklyn, NY 11235	40.582377	-73.960639	0.157258317281	12	0.113066622363	6	0.527324945538	2	3	2	3024	740000	14	2183	1920	728	164	220	296	164	328	220	148	176	100	112	804
30781503_zpid	30781503_zpid	11234	1402 E 70th St, Brooklyn, NY 11234	40.622217	-73.911702	0.499264474577	6	0.58696598177	1	2.8447843704	0	5	3	2002	10000	79	4158	1975	29	3	10	14	5	48	25	22	24	5	9	83
30695070_zpid	30695070_zpid	11209	529 Bay Ridge Pkwy, Brooklyn, NY 11209	40.629208	-74.021598	0.117273430253	14	0.11685063733	4	0.33580637111	2	1	1	3300	730000	46	2285	1899	54	25	34	38	27	39	47	49	27	13	6	128
30664424_zpid	30664424_zpid	11226	7 Parkside Ct, Brooklyn, NY 11226	40.6558149	-73.961087	0.0942285487796	11	0.0411466279294	4	0.067642526371	3	5	3	3672	1400000	20	1943	1910	1212	224	676	684	636	72	116	88	148	192	48	848
30650668_zpid	30650668_zpid	11203	135 E 49th St, Brooklyn, NY 11203	40.658997	-73.9319359	0.153574231132	5	0.455454973042	3	1.00803577512	0	3	2	1338	362000	16	1203	1945	103	15	57	55	53	48	27	12	15	28	8	109
30781678_zpid	30781678_zpid	11234	2014 E 60th St, Brooklyn, NY 11234	40.6156699	-73.9170163	0.123863208677	6	0.665939545468	1	3.21671844372	0	3	3	1760	535000	0	2575	1950	12	8	11	7	13	28	20	11	21	5	5	90
62649189_zpid	62649189_zpid	11236	606 E 88th St, Brooklyn, NY 11236	40.6419517	-73.9106969	0.299963723782	5	0.619819671129	1	0.912361884218	0	5	2.5	2520	592000	116	1877	2002	42	7	27	17	11	56	31	6	23	17	5	112
30571290_zpid	30571290_zpid	11201	261 Warren St, Brooklyn, NY 11201	40.6863389	-73.993047	0.097074299672	17	0.354088217339	4	0.185700159274	4	3	3.5	3780	2700000	2	2083	1899	42	66	10	50	8	28	48	29	19	10	6	170
30660605_zpid	30660605_zpid	11203	335 E 35th St, Brooklyn, NY 11203	40.646912	-73.944032	0.40771284105	5	0.0578745499733	2	0.462557422713	2	2	1	3090	191000	199	2000	1899	90	20	92	71	73	38	15	4	23	21	13	103
30740150_zpid	30740150_zpid	11235	2539 Hubbard St, Brooklyn, NY 11235	40.5882159	-73.9629874	0.205346365301	9	0.774231553961	0	0.760987686777	0	5	5.5	2760	799888	11	2500	1908	34	12	10	16	11	41	42	25	15	8	4	64
30639395_zpid	30639395_zpid	11208	459 Shepherd Ave, Brooklyn, NY 11208	40.673262	-73.8803442	0.198482658549	8	0.320867992662	3	0.102519620208	2	6	2	2200	100000	163	2000	1901	170	26	89	101	79	51	36	11	34	63	24	190
30724109_zpid	30724109_zpid	11230	829 E 14th St, Brooklyn, NY 11230	40.629098	-73.9627749	0.0930593285899	7	0.43258141855	6	0.0978577035719	3	8	4	3269	780000	127	3200	1901	86	27	63	60	71	61	40	52	23	17	8	143
30569128_zpid	30569128_zpid	11231	482 Henry St, Brooklyn, NY 11231	40.685014	-73.999273	0.0863399672694	15	0.0473405077981	4	0.632857476859	2	4	4	4038	3450000	0	2037	1900	76	176	64	184	36	68	140	92	84	8	36	516
30761270_zpid	30761270_zpid	11234	1185 E 56th St, Brooklyn, NY 11234	40.626847	-73.921562	0.300625006013	6	0.401570236562	3	2.30199749279	0	5	2	2396	415000	29	2400	1960	108	44	112	88	84	212	76	104	68	84	28	336
30788555_zpid	30788555_zpid	11234	2536 E 64th St, Brooklyn, NY 11234	40.60931	-73.909818	0.764383406341	0	0.883331886266	0	4.05330675762	0	4	3	2444	899000	0	4092	1960	2	5	2	5	2	18	9	22	21	2	1	32
30658571_zpid	30658571_zpid	11203	309 E 45th St, Brooklyn, NY 11203	40.654264	-73.935211	0.330705473431	7	0.415810951281	3	1.27148499294	0	3	1	1248	450000	112	2365	1920	480	60	248	200	244	208	140	24	116	128	32	548
30665706_zpid	30665706_zpid	11226	37 Saint Pauls Pl, Brooklyn, NY 11226	40.653013	-73.963301	0.22166768294	11	0.259956059014	5	0.278048582498	2	1	1	3140	225000	215	2991	1899	412	73	233	239	218	25	38	27	49	73	14	343
30771940_zpid	30771940_zpid	11236	8601 Avenue N, Brooklyn, NY 11236	40.630397	-73.89987	0.680915682398	2	0.414771901492	1	1.81743354382	0	5	3	2400	370000	151	2000	1955	47	10	21	22	10	49	24	9	27	7	10	67
30624131_zpid	30624131_zpid	11211	67 Olive St, Brooklyn, NY 11211	40.714906	-73.938883	0.272268106304	10	0.395347264077	3	0.358334064712	2	1	1	1300	105000	313	842	1930	26	131	13	41	19	27	34	10	23	12	19	154
30586351_zpid	30586351_zpid	11215	169 Prospect Ave, Brooklyn, NY 11215	40.6660018	-73.9932877	0.110311068879	11	0.517500010707	1	0.074253912008	4	4	3	1800	998400	16	1225	1899	51	51	15	35	17	22	48	10	22	13	8	145
29825303_zpid	29825303_zpid	10467	3305 Cruger Ave, Bronx, NY 10467	40.873753	-73.866392	0.163515510775	8	0.0776812671463	3	0.274631880646	3	10	3	3072	510000	88	2168	1901	225	31	82	92	82	37	29	7	32	33	17	184
30609663_zpid	30609663_zpid	11221	471 Putnam Ave, Brooklyn, NY 11221	40.68512	-73.942374	0.103928910757	11	0.268245173891	8	0.592730634978	1	4	4	3760	1230000	6	2000	1931	109	27	69	80	63	13	18	9	31	37	9	129
30608629_zpid	30608629_zpid	11216	220 Lexington Ave, Brooklyn, NY 11216	40.687208	-73.952817	0.16536892297	10	0.26487978069	5	0.322121819036	3	3	2	3000	270000	167	2000	1931	528	468	320	436	296	132	124	60	108	176	144	924
30626950_zpid	30626950_zpid	11237	194 Wyckoff Ave, Brooklyn, NY 11237	40.701546	-73.915269	0.089228664162	11	0.336156473949	6	0.363863138592	5	8	6	4500	2300000	0	2500	1931	744	332	580	712	496	192	164	108	332	272	120	1224
30566304_zpid	30566304_zpid	11201	142 Lawrence St, Brooklyn, NY 11201	40.6919018	-73.9864621	0.259180080439	15	0.34903668796	5	0.0782428325752	10	1	1	3860	495000	311	1150	1905	43	86	7	46	11	8	75	37	31	2	10	256
30782187_zpid	30782187_zpid	11234	6908 Avenue T, Brooklyn, NY 11234	40.62037	-73.910066	0.324629194104	5	0.352891981103	1	3.0071192856	0	3	1.5	1296	460000	57	2400	1965	18	3	8	14	6	26	24	13	23	3	5	64
30633969_zpid	30633969_zpid	11207	135 Vermont St, Brooklyn, NY 11207	40.676791	-73.894846	0.247503050729	5	0.341889265014	4	0.288663409563	7	8	4	2620	455000	20	3463	1901	106	20	66	87	53	82	42	49	33	35	14	193
30760267_zpid	30760267_zpid	11234	1247 E 53rd St, Brooklyn, NY 11234	40.628695	-73.924653	0.0903673458171	5	0.497901998543	3	1.99613116707	0	3	2.5	1773	452000	6	1817	1940	44	14	29	25	15	61	22	32	20	19	4	101
30651121_zpid	30651121_zpid	11212	116 Rockaway Pkwy, Brooklyn, NY 11212	40.663482	-73.923285	0.140917022952	10	0.149479937535	8	0.149868425619	2	7	4	2500	600000	5	2500	1930	453	20	154	146	140	38	27	11	42	66	22	267
30747359_zpid	30747359_zpid	11229	2345 E 27th St, Brooklyn, NY 11229	40.594505	-73.943387	0.205489971476	11	0.20852527881	4	0.998647276326	0	5	4	2376	869000	15	2633	1950	16	36	12	56	12	60	84	76	52	4	4	204
30791915_zpid	30791915_zpid	11235	2729 E 27th St, Brooklyn, NY 11235	40.58632	-73.941806	0.380791242444	4	0.588712909862	1	1.04593474542	0	5	4	2500	689000	117	4000	1901	24	8	15	26	12	35	22	25	35	4	5	96
30724178_zpid	30724178_zpid	11230	859 E 17th St, Brooklyn, NY 11230	40.629543	-73.959961	0.0939685962101	7	0.498485470254	5	0.144985791258	3	5	2.5	2476	1200000	5	3998	1910	560	80	324	320	392	180	116	152	68	76	20	528
30616067_zpid	30616067_zpid	11238	350 Clermont Ave, Brooklyn, NY 11238	40.687281	-73.969997	0.297780340274	9	0.310735789694	3	0.357803017289	7	4	2	3600	1145000	135	1848	1899	94	29	41	55	47	22	26	6	12	20	15	84
30793471_zpid	30793471_zpid	11229	9 Opal Ct, Brooklyn, NY 11229	40.5862719	-73.9247662	0.463466340965	1	1.37824735459	0	2.48546082039	0	3	1	1334	165000	190	1800	1920	2	3	1	14	0	0	30	11	17	2	5	36
30628156_zpid	30628156_zpid	11221	1181 Putnam Ave, Brooklyn, NY 11221	40.690464	-73.916747	0.20411213621	8	0.441748475408	5	0.462678548579	2	4	1	4000	300000	33	2000	1901	196	55	122	151	114	50	42	8	72	53	50	220
29829922_zpid	29829922_zpid	10469	3344 Mickle Ave, Bronx, NY 10469	40.876255	-73.844606	0.170831671309	5	0.265358846568	2	0.670624246616	1	4	3	3840	269000	249	3199	1987	53	11	42	48	31	42	31	13	39	18	9	114
30619457_zpid	30619457_zpid	11211	149 Broadway, Brooklyn, NY 11211	40.7104217	-73.9631268	0.265573165178	8	0.435148967702	5	0.498711510265	1	9	3	5743	200000	57	1805	1890	91	151	65	123	57	11	35	36	34	27	19	215
30779594_zpid	30779594_zpid	11236	1423 E 104th St, Brooklyn, NY 11236	40.638532	-73.885549	0.584507568815	1	0.582060464489	2	1.64722324069	0	3	1.5	1445	417000	8	2200	1960	64	16	52	48	12	16	32	16	52	8	8	132
30770184_zpid	30770184_zpid	11236	1149 E 80th St, Brooklyn, NY 11236	40.6315389	-73.908199	0.584932493068	5	0.598910121333	2	1.76601057966	0	6	4	3480	300000	306	4000	1960	140	20	56	72	32	216	96	20	108	20	20	228
30698623_zpid	30698623_zpid	11209	522 82nd St, Brooklyn, NY 11209	40.623727	-74.024268	0.0741583777114	15	0.0985316573775	4	0.367657021866	2	2	1	2267	930000	27	2267	1920	127	54	38	47	36	41	33	30	10	28	5	196
29831844_zpid	29831844_zpid	10466	688 E 230th St, Bronx, NY 10466	40.891348	-73.859243	0.216600146023	5	0.225034718908	3	0.253708681242	3	7	2	2228	305000	0	2178	1901	314	25	130	125	158	92	33	5	40	70	18	242
30718038_zpid	30718038_zpid	11230	1399 E 4th St, Brooklyn, NY 11230	40.616416	-73.971057	0.321334358089	6	0.0941631707936	2	0.300963979422	2	3	3	1248	667500	7	1975	1930	176	32	64	96	80	188	168	96	88	20	20	284
30787484_zpid	30787484_zpid	11234	2763 E 63rd St, Brooklyn, NY 11234	40.606554	-73.914176	1.05308833387	0	1.25576037391	0	3.62009218725	0	3	2.5	610	545000	2	2352	1965	3	4	2	5	3	17	4	26	20	2	1	24
30791405_zpid	30791405_zpid	11235	122 Oxford St, Brooklyn, NY 11235	40.580249	-73.938308	0.441314171623	1	1.24038559966	0	1.53049901272	0	4	4.5	2151	1425000	61	2500	2011	36	28	20	56	32	48	60	12	80	8	4	144
30732264_zpid	30732264_zpid	11224	3749 Polar St, Brooklyn, NY 11224	40.580291	-74.005761	0.436756709176	1	0.45818735479	1	2.08899086555	0	4	2	1520	390000	77	2000	1980	25	7	5	14	6	1	13	2	8	2	2	29
30654378_zpid	30654378_zpid	11203	5223 Tilden Ave, Brooklyn, NY 11203	40.648584	-73.92728	0.433057890566	6	0.314484123163	3	1.70525372364	0	4	2	3072	415000	26	1800	1920	131	17	49	43	49	44	40	8	16	24	9	144
