30610436_zpid	30610436_zpid	11216	107A Halsey St, Brooklyn, NY 11216	40.682078	-73.949293	0.174080891374	10	0.161295834483	8	0.170889070616	4	6	4	2914	1745000	13	1850	1900	241	156	121	156	114	29	61	28	59	72	38	293
55677302_zpid	55677302_zpid	11207	468 Hegeman Ave, Brooklyn, NY 11207	40.658625	-73.89408	0.512998602065	1	0.31855915334	3	0.435239383632	2	3	2	1334	439000	0	1815	2000	128	11	79	81	69	28	43	15	25	45	11	164
29842394_zpid	29842394_zpid	10461	2891 Dudley Ave, Bronx, NY 10461	40.840965	-73.833079	0.34972508709	5	0.741091986731	1	0.422683008515	2	4	2	1598	425000	43	2908	1920	69	18	19	18	16	53	34	25	14	10	3	101
30786431_zpid	30786431_zpid	11234	2119 E 35th St, Brooklyn, NY 11234	40.607376	-73.929593	0.382159314169	3	0.780152687843	0	2.38947926806	0	2	1.5	1592	435000	12	1600	1950	0	28	12	8	8	60	60	72	60	0	8	152
29843594_zpid	29843594_zpid	10465	1436 Stadium Ave, Bronx, NY 10465	40.842147	-73.820124	0.814518884389	0	0.5614837219	1	1.16952318296	0	3	2.5	1823	229000	245	5793	1940	4	44	20	12	0	36	104	56	16	4	4	156
30605714_zpid	30605714_zpid	11233	418 Macdonough St, Brooklyn, NY 11233	40.682314	-73.930081	0.145061196757	8	0.14116720714	5	0.332917610224	1	7	3	2904	570000	16	1999	1910	136	68	93	116	73	18	23	10	37	34	22	180
30729474_zpid	30729474_zpid	11214	2371 84th St, Brooklyn, NY 11214	40.600805	-73.9883909	0.16521855498	8	0.167960401103	6	0.369584147308	2	8	5	3366	786000	118	3000	1925	90	13	24	37	26	66	42	24	16	8	6	111
30757073_zpid	30757073_zpid	11234	1645 E 36th St, Brooklyn, NY 11234	40.615577	-73.937428	0.300971836003	3	0.219148002052	3	1.87041569581	0	3	3	1084	175000	270	1800	1920	11	16	11	21	5	41	27	21	39	8	3	100
30700623_zpid	30700623_zpid	11228	647 90th St, Brooklyn, NY 11228	40.616867	-74.023285	0.27732811312	6	0.461473333751	3	0.676426625421	1	3	2	2175	700000	2	1200	1925	8	0	3	7	1	8	20	9	6	0	1	21
29793707_zpid	29793707_zpid	10473	2152 Hermany Ave, Bronx, NY 10473	40.8243129	-73.850281	0.405382974629	4	0.505646553166	2	1.11541353119	0	3	1	1762	320000	7	5122	1935	192	76	88	60	40	112	60	24	52	36	32	224
30572897_zpid	30572897_zpid	11231	20 2nd St, Brooklyn, NY 11231	40.67892	-73.994915	0.0928632056062	11	0.684959804895	3	0.207947141299	2	2	2	2280	2550000	28	1800	1901	30	43	12	39	15	17	59	36	24	7	4	153
30626663_zpid	30626663_zpid	11237	1305 Greene Ave, Brooklyn, NY 11237	40.698408	-73.919411	0.174505990799	12	0.403260659747	7	0.0381206057395	5	4	2	984	150000	32	827640	1920	197	82	130	185	131	21	26	17	78	79	26	271
30596754_zpid	30596754_zpid	11213	1167 Lincoln Pl, Brooklyn, NY 11213	40.670331	-73.93786	0.263718992691	12	0.323302078349	6	0.402638496827	2	3	3	3351	950000	0	2375	1901	444	59	186	189	197	44	52	20	42	75	43	331
29813766_zpid	29813766_zpid	10461	1546 Lurting Ave, Bronx, NY 10461	40.8448183	-73.8502372	0.228399895982	7	0.506273989663	3	0.819096183629	0	4	3	2607	500000	4	3724	1925	103	15	30	42	18	39	31	22	21	10	5	112
30636665_zpid	30636665_zpid	11207	34 Hendrix St, Brooklyn, NY 11207	40.6814419	-73.892113	0.237845385523	4	0.143185344949	4	0.409801171944	3	3	2	2100	475000	19	1200	1910	88	35	54	58	42	61	41	36	36	25	9	133
30585545_zpid	30585545_zpid	11215	176 12th St, Brooklyn, NY 11215	40.668995	-73.991672	0.106362739179	11	0.403335185931	3	0.22170831586	3	5	2	1920	1872000	15	1900	1905	78	68	31	58	29	35	56	29	33	18	13	212
30738096_zpid	30738096_zpid	11223	2298 E 4th St, Brooklyn, NY 11223	40.594065	-73.967409	0.100737395318	6	0.611973853836	1	0.549771659368	1	3	2	2000	470000	138	2310	1960	216	48	44	108	44	148	168	140	72	16	20	296
30719189_zpid	30719189_zpid	11204	1551 W 11th St, Brooklyn, NY 11204	40.608887	-73.984367	0.218900249509	14	0.321018899575	7	0.394332002786	2	8	5	3600	990000	13	2692	1925	308	88	100	148	168	192	76	120	68	40	12	416
30633943_zpid	30633943_zpid	11207	131 New Jersey Ave, Brooklyn, NY 11207	40.676711	-73.895795	0.168409547751	5	0.394819019354	4	0.243388009334	8	3	2	1568	475000	2	2500	1901	97	21	68	82	52	60	40	35	25	33	13	167
30747085_zpid	30747085_zpid	11229	2305 E 22nd St, Brooklyn, NY 11229	40.594909	-73.948282	0.246573837019	12	0.547039404923	7	0.582676468416	1	8	4	3600	1100000	16	3000	1926	68	13	24	26	29	40	34	28	27	12	5	90
30766170_zpid	30766170_zpid	11236	8511 Coventry Rd, Brooklyn, NY 11236	40.646591	-73.919811	0.308219183109	3	0.90536884544	0	1.51705109657	0	3	2	1720	260000	144	2112	1920	9	2	9	11	7	16	13	3	5	6	4	37
30707400_zpid	30707400_zpid	11214	1956 77th St, Brooklyn, NY 11214	40.609975	-73.993922	0.153096987647	15	0.105765580696	9	0.688110877375	3	4	2	2520	850000	28	2500	1920	80	9	26	31	16	50	37	24	20	9	6	102
30740642_zpid	30740642_zpid	11235	2 Brighton 8th Ct, Brooklyn, NY 11235	40.582377	-73.960639	0.157258317281	11	0.113066622363	6	0.527324945538	2	3	2	3024	740000	14	2183	1920	728	164	220	296	164	328	220	148	176	100	112	804
30595539_zpid	30595539_zpid	11225	439 Lincoln Rd, Brooklyn, NY 11225	40.661942	-73.948131	0.213350675054	8	0.240564598406	6	0.246266263585	3	6	3	2520	525000	31	1900	1920	367	68	153	160	154	45	38	20	39	69	12	271
30714912_zpid	30714912_zpid	11214	291 Bay 13th St, Brooklyn, NY 11214	40.603565	-74.01223	0.359228791389	3	0.473298849775	1	1.01256754605	0	3	2	2060	215000	249	2060	1940	12	6	8	18	6	20	12	28	12	1	1	49
30752913_zpid	30752913_zpid	11210	3720 Avenue J, Brooklyn, NY 11210	40.627187	-73.93958	0.428383603659	4	0.657690023587	2	0.927012669589	0	3	1	1175	379900	0	1650	1920	90	11	46	49	38	65	44	23	27	16	15	110
30762516_zpid	30762516_zpid	11234	1315 E 55th St, Brooklyn, NY 11234	40.624821	-73.922362	0.12025764985	9	0.40819433229	2	2.3146601493	0	3	2.5	1288	655000	0	4000	1955	16	12	21	10	11	44	24	28	21	12	9	90
30668231_zpid	30668231_zpid	11226	447 Rugby Rd, Brooklyn, NY 11226	40.63881	-73.964608	0.287694128993	10	0.32078230324	8	0.24332169681	3	6	2.5	2510	2010000	5	4363	1905	704	152	296	272	212	108	72	72	76	60	12	532
30613770_zpid	30613770_zpid	11238	181 Saint James Pl, Brooklyn, NY 11238	40.684072	-73.963609	0.13108224774	8	0.13244340824	4	0.274655774629	4	5	3	3200	2530000	10	1667	1899	560	624	364	560	408	184	220	64	192	120	140	876
30615896_zpid	30615896_zpid	11217	111 S Elliott Pl, Brooklyn, NY 11217	40.686011	-73.975052	0.0472556746199	10	0.18135995905	2	0.0940484824748	10	1	1	580	1500000	127	2100	1899	59	69	25	38	12	15	23	32	22	11	17	151
30782905_zpid	30782905_zpid	11234	7421 Avenue W, Brooklyn, NY 11234	40.6180603	-73.9015331	0.763949583813	0	0.671958712509	1	3.183148709	0	3	2	1696	969000	0	4800	1920	2	7	2	7	2	6	19	6	14	1	3	40
29791034_zpid	29791034_zpid	10473	2236 Norton Ave, Bronx, NY 10473	40.8148573	-73.8454888	0.460164171082	3	0.472425030744	2	2.22398263847	0	5	5	2000	307000	163	4385	2007	11	3	5	3	2	10	6	3	4	3	3	28
30650137_zpid	30650137_zpid	11208	693 Cozine Ave, Brooklyn, NY 11208	40.662346	-73.867542	0.554119109689	2	0.271861105481	3	1.43494896103	0	2	2	848	325000	16	3598	1920	19	4	6	8	2	7	21	3	5	4	1	43
30612101_zpid	30612101_zpid	11205	219 Washington Ave, Brooklyn, NY 11205	40.692252	-73.966351	0.155871800175	11	0.280684262416	5	0.42619570999	2	5	3.5	4500	1655000	77	2100	1890	59	86	34	37	33	45	24	13	30	21	14	159
30785813_zpid	30785813_zpid	11234	2072 E 36th St, Brooklyn, NY 11234	40.608279	-73.930096	0.278481536941	1	0.852130057882	0	2.34299075382	0	5	2.5	2256	485000	10	3117	1935	2	9	3	2	2	16	18	20	17	0	2	38
29850726_zpid	29850726_zpid	10464	173 Rochelle St, Bronx, NY 10464	40.839399	-73.782031	0.516796735599	1	3.72168022799	0	4.08252926161	0	3	2	2100	640000	107	12196.800000000001	1920	40	16	8	4	4	4	44	12	28	4	20	60
30758170_zpid	30758170_zpid	11234	1089 E 51st St, Brooklyn, NY 11234	40.634433	-73.927222	0.152391346773	5	0.701446615814	1	1.73420057682	0	2	2	1714	315525	3	2150	1940	19	8	8	9	2	24	21	8	14	10	2	52
30764920_zpid	30764920_zpid	11234	1348 E 59th St, Brooklyn, NY 11234	40.6206559	-73.918662	0.128868055611	10	0.785564109529	0	2.79881511564	0	5	2	2496	600000	6	4000	1955	20	24	8	24	28	140	112	72	84	16	28	380
30589556_zpid	30589556_zpid	11238	734 Dean St, Brooklyn, NY 11238	40.679492	-73.965926	0.202741086709	13	0.379811397214	4	0.462363831171	3	4	2	2140	1300000	19	2200	1984	428	660	152	292	160	164	188	168	160	60	52	756
30665622_zpid	30665622_zpid	11226	27 Clarkson Ave, Brooklyn, NY 11226	40.655132	-73.958782	0.188056421637	12	0.191826634668	7	0.229809116495	2	5	3	2580	1100000	21	2408	1901	458	87	238	233	216	39	34	24	57	55	18	305
29813402_zpid	29813402_zpid	10462	1822 Wallace Ave, Bronx, NY 10462	40.846519	-73.863441	0.120999281916	8	0.0496203297151	2	0.494447036819	1	5	2	1752	212000	198	2375	1899	108	23	67	84	57	85	39	21	29	30	17	163
30669316_zpid	30669316_zpid	11210	703 E 21st St, Brooklyn, NY 11210	40.636571	-73.957096	0.358476670767	10	0.440734257969	6	0.509006563228	1	7	4	3150	995100	11	5000	1910	40	14	29	26	29	23	7	9	6	7	4	71
30780062_zpid	30780062_zpid	11234	1138 Bergen Ave, Brooklyn, NY 11234	40.627906	-73.9148	0.693999527364	2	0.414291654318	2	2.3563445535	0	7	5	4576	620000	17	2200	1970	23	3	15	8	7	47	5	19	11	8	5	64
30668078_zpid	30668078_zpid	11226	253 E 28th St, Brooklyn, NY 11226	40.643731	-73.950445	0.154593414823	9	0.200174969227	7	0.197258846173	2	5	2	3192	411500	0	2178	1901	332	70	144	171	134	81	42	13	38	70	29	284
30577049_zpid	30577049_zpid	11220	440 50th St, Brooklyn, NY 11220	40.645649	-74.011698	0.14814196426	10	0.152585949277	11	0.207603902549	3	4	3	3012	999000	0	2003	1901	141	60	64	110	61	32	68	33	38	37	13	279
29853865_zpid	29853865_zpid	10471	6136 Tyndall Ave, Bronx, NY 10471	40.910658	-73.899964	0.505245769025	8	0.50746705514	6	1.40430797139	0	5	2	2056	749000	0	2374	1930	8	8	6	10	4	8	20	9	9	2	4	37
30602739_zpid	30602739_zpid	11221	793 Greene Ave, Brooklyn, NY 11221	40.690295	-73.936276	0.308977216349	9	0.412385466411	5	0.715360600265	1	6	2	2400	985000	23	1600	1899	206	55	109	149	98	36	32	17	39	58	41	228
64804594_zpid	64804594_zpid	11212	24 Tapscott St, Brooklyn, NY 11212	40.667265	-73.921154	0.138365041875	7	0.0863957811638	5	0.308886072331	1	7	5	4524	372433	132	2200	2002	119	13	40	57	38	27	21	7	26	14	4	102
30664160_zpid	30664160_zpid	11210	832 E 38th St, Brooklyn, NY 11210	40.63502	-73.940425	0.409856372094	1	0.452242371791	1	0.656370329276	1	4	2	1762	525000	20	2937	1930	220	32	224	224	276	172	96	56	108	92	16	544
68310637_zpid	68310637_zpid	11208	448 Atkins Ave, Brooklyn, NY 11208	40.667529	-73.87715	0.223006746338	8	0.422508398614	5	0.570988110634	1	2	1	4020	600000	137	3150	2005	97	14	77	87	63	35	38	9	29	43	18	156
30788771_zpid	30788771_zpid	11234	2629 E 63rd St, Brooklyn, NY 11234	40.608561	-73.911072	0.813760916711	0	0.976180783118	0	3.92883713101	0	3	2	2384	491000	53	1992	1960	2	6	2	6	3	19	7	27	21	2	1	31
29780023_zpid	29780023_zpid	10455	872 E 156th St, Bronx, NY 10455	40.816956	-73.901645	0.210121799419	10	0.206242159961	8	0.292848340032	5	7	3	2602	470000	112	3484	1901	230	17	77	103	63	22	28	9	32	32	20	194
83043316_zpid	83043316_zpid	11206	886 Myrtle Ave APT 4A, Brooklyn, NY 11206	40.695399	-73.946824	0.120617417386	7	0.460898814685	4	0.185697542778	4	1	2	827	320000	101	2000	2006	112	38	76	111	57	55	23	42	30	35	30	165
30790995_zpid	30790995_zpid	11235	821 Hampton Ave, Brooklyn, NY 11235	40.58023	-73.946141	0.599833099708	4	1.00008232612	0	1.00483065383	0	5	4	4600	2000000	5	5800	2004	68	20	12	36	12	28	96	56	76	0	4	128
30670741_zpid	30670741_zpid	11218	89 Seeley St, Brooklyn, NY 11218	40.653671	-73.979259	0.260739386455	8	0.373375113001	2	0.522605438915	1	3	2	1400	2599000	0	2500	1925	8	64	32	44	16	80	60	100	52	0	8	168
30673019_zpid	30673019_zpid	11218	153 E 8th St, Brooklyn, NY 11218	40.646508	-73.971852	0.129779770034	12	0.673044379155	3	0.493313820038	3	5	3	1704	899000	0	1528	1920	134	37	48	68	53	34	30	27	27	23	8	156
30662349_zpid	30662349_zpid	11203	690 E 37th St, Brooklyn, NY 11203	40.640142	-73.941928	0.368198534808	4	0.525017855837	2	0.547972081559	1	6	3	2520	569000	29	2600	1925	110	7	64	60	60	37	18	6	21	23	6	100
30719209_zpid	30719209_zpid	11204	1540 W 9th St, Brooklyn, NY 11204	40.609282	-73.983131	0.116989135948	14	0.214683986562	7	0.308184329833	2	3	2.5	1440	877000	7	2700	1925	572	104	152	200	256	292	84	136	76	48	28	504
30731572_zpid	30731572_zpid	11214	139 Bay 47th St, Brooklyn, NY 11214	40.588478	-73.987087	0.206194153247	4	0.659793732079	1	0.28372106688	1	4	2	1520	580000	94	1940	1945	13	9	8	26	6	22	20	22	26	9	5	45
30580286_zpid	30580286_zpid	11218	594 17th St, Brooklyn, NY 11218	40.656154	-73.979253	0.290814707292	8	0.159478086853	4	0.501504413849	1	1	1	2440	838000	21	2003	1931	2	9	9	7	5	16	11	13	9	0	2	25
83047375_zpid	83047375_zpid	11214	2574 W 17th St, Brooklyn, NY 11214	40.584829	-73.9860788	0.397678005772	3	0.247228114267	1	0.487570635508	1	4	2	2640	820000	5	1200	2006	28	24	32	56	20	48	56	40	36	12	8	88
30702548_zpid	30702548_zpid	11209	265 Battery Ave, Brooklyn, NY 11209	40.613127	-74.025837	0.472467059494	8	0.642714035577	1	0.568753927483	1	3	2	2160	1150000	0	2860	1935	22	4	7	6	6	10	10	3	2	1	2	20
30698464_zpid	30698464_zpid	11209	8220 Colonial Rd, Brooklyn, NY 11209	40.6271924	-74.035663	0.474920601283	6	0.539591271086	1	0.792664735106	0	4	4	2208	1600000	120	4600	1910	68	60	16	52	20	104	132	84	40	16	8	248
30626181_zpid	30626181_zpid	11221	30 Kossuth Pl, Brooklyn, NY 11221	40.693463	-73.926761	0.185382463802	9	0.0939118066429	4	0.173803089875	3	4	2	2100	160000	56	2000	1915	209	91	83	115	113	51	41	21	45	41	33	296
30665407_zpid	30665407_zpid	11225	244 Hawthorne St, Brooklyn, NY 11225	40.657489	-73.952156	0.140429824044	10	0.153899750247	7	0.18522101999	2	3	3	1926	1450000	7	4240	1920	964	132	424	368	296	152	112	36	104	160	28	616
29814990_zpid	29814990_zpid	10462	1819 Radcliff Ave, Bronx, NY 10462	40.848146	-73.857769	0.173382739512	6	0.192310116588	2	0.729251102817	1	3	2.5	1404	375000	16	2500	1925	35	21	26	33	12	43	29	23	21	12	6	66
30608534_zpid	30608534_zpid	11221	475 Lexington Ave, Brooklyn, NY 11221	40.688799	-73.943094	0.254415179754	10	0.202715624126	4	0.729237073745	1	2	1	1680	35000	252	1400	1899	704	192	348	456	344	100	120	40	128	184	88	752
30567474_zpid	30567474_zpid	11201	154 Hicks St, Brooklyn, NY 11201	40.697017	-73.995267	0.168691059805	12	0.223229511482	4	0.190738724141	5	10	8	5280	4799000	0	1543	1899	50	101	22	24	20	8	54	26	21	8	12	143
30750654_zpid	30750654_zpid	11210	729 E 32nd St, Brooklyn, NY 11210	40.633419	-73.945475	0.240691382927	2	0.196508155376	3	0.194231056096	1	6	3	2034	750000	1	4098	1910	136	34	62	64	79	64	37	13	23	29	6	186
29845694_zpid	29845694_zpid	10465	1037 Vincent Ave, Bronx, NY 10465	40.834401	-73.820712	0.0520423600057	4	0.088211162975	1	1.68456595735	0	3	1.5	1636	360000	9	1707	1955	20	20	28	40	28	56	116	100	56	20	16	176
30653741_zpid	30653741_zpid	11203	5717 Kings Hwy, Brooklyn, NY 11203	40.651014	-73.922893	0.310880223145	8	0.392496721233	2	1.28758143852	0	3	3	1728	430000	70	2639	1935	98	11	34	45	35	37	27	6	13	17	7	95
30599399_zpid	30599399_zpid	11233	785 Macdonough St, Brooklyn, NY 11233	40.684496	-73.915026	0.235562523822	7	0.168510242533	3	0.239269244711	2	8	3	2700	845000	8	1742	1910	164	35	118	123	96	11	32	6	38	77	9	187
30781868_zpid	30781868_zpid	11234	6312 Avenue T, Brooklyn, NY 11234	40.617667	-73.914255	0.309876530888	6	0.412044932618	1	3.28764911309	0	3	1	1072	390000	11	1920	1930	20	10	10	12	5	24	22	9	21	2	5	85
30606506_zpid	30606506_zpid	11233	889 Herkimer St, Brooklyn, NY 11233	40.678449	-73.923818	0.471825233707	3	0.0336906770182	1	0.197162340863	2	12	7	1200	1200000	0	2500	1899	127	30	83	101	65	23	27	9	33	50	20	182
30628128_zpid	30628128_zpid	11221	1097 Putnam Ave, Brooklyn, NY 11221	40.68836	-73.918874	0.0673448236955	8	0.294129811077	4	0.301144280974	2	9	4	4000	720000	85	2000	1910	178	53	91	135	85	42	31	7	51	52	40	194
2099175113_zpid	2099175113_zpid	11236	1103 E 95th Street, Brooklyn, NY 11236	40.643846	-73.903373	0.284103526362	5	0.896093292843	0	0.338020043825	1	6	3	2348	675000	0	2415	1925	53	10	20	21	16	59	23	9	8	18	8	99
30641904_zpid	30641904_zpid	11208	102 Grant Ave, Brooklyn, NY 11208	40.688558	-73.868796	0.125709031827	6	0.391509304926	6	0.338186760444	3	3	1.5	1326	370000	21	2500	1899	51	26	35	46	30	43	28	10	26	19	3	106
30672938_zpid	30672938_zpid	11218	108 E 8th St, Brooklyn, NY 11218	40.647273	-73.9729629	0.057581425662	13	0.674734656882	1	0.367409558112	2	2	2	1148	910000	33	1500	1901	428	136	192	260	216	148	128	108	112	88	36	536
29854605_zpid	29854605_zpid	10471	1 Hudson River Rd, Bronx, NY 10471	40.9037677	-73.9096671	0.57445022995	4	0.458968226867	3	0.375905993333	1	4	3.5	3200	1200000	128	7630	1935	7	7	3	6	3	3	27	4	8	0	2	19
30594729_zpid	30594729_zpid	11225	284 Sullivan Pl, Brooklyn, NY 11225	40.6644	-73.951716	0.30016073769	8	0.150163140813	5	0.198526253683	3	4	3	1800	423330	28	1999	1920	488	98	195	190	190	27	33	16	46	83	21	306
30639530_zpid	30639530_zpid	11207	362 Van Siclen Ave, Brooklyn, NY 11207	40.6708724	-73.8900288	0.188271340974	6	0.397550466165	3	0.217135180945	4	9	3	800	490000	32	1710	1901	440	96	372	368	360	220	160	72	208	188	96	928
30669942_zpid	30669942_zpid	11230	667 E 18th St, Brooklyn, NY 11230	40.634487	-73.959967	0.2326044464	8	0.228888118731	4	0.247751891457	2	5	3	3000	900000	54	5000	1906	72	15	66	58	67	27	21	11	17	17	3	78
30740594_zpid	30740594_zpid	11235	2821 Brighton 7th St, Brooklyn, NY 11235	40.582666	-73.961859	0.112423518506	12	0.213820056696	5	0.558902077378	1	9	4	2538	795000	0	2300	1920	404	136	140	240	100	280	212	128	124	72	88	656
30614724_zpid	30614724_zpid	11238	579 Classon Ave, Brooklyn, NY 11238	40.6809909	-73.9582899	0.129304335551	10	0.14551634902	5	0.20047275364	4	2	1	3300	1995000	16	2083	1910	436	608	260	348	272	172	164	116	132	84	136	808
30599859_zpid	30599859_zpid	11233	617 Bainbridge St, Brooklyn, NY 11233	40.683298	-73.91258	0.103933655178	5	0.160936448686	4	0.184882005866	4	9	6	2430	960000	18	1800	1901	144	29	118	103	85	13	27	6	37	53	10	155
30791166_zpid	30791166_zpid	11235	120 Kensington St, Brooklyn, NY 11235	40.580159	-73.942351	0.800125824898	0	1.2364976219	0	1.2483281428	0	6	2.5	1940	995000	203	2100	1910	68	28	4	56	12	56	96	20	48	4	4	120
83050179_zpid	83050179_zpid	11233	324 Ralph Ave, Brooklyn, NY 11233	40.6778675	-73.921909	0.300236863954	3	0.187931440618	1	0.10254402932	1	6	2	2750	420000	28	1365	2007	157	32	101	125	84	30	31	9	45	57	29	194
30698464_zpid	30698464_zpid	11209	8220 Colonial Rd, Brooklyn, NY 11209	40.6271924	-74.035663	0.474920601283	6	0.873215203796	0	0.792664735106	0	4	4	2208	1600000	120	4600	1910	68	60	16	52	20	104	132	84	40	16	8	248
30781664_zpid	30781664_zpid	11234	2025 E 59th St, Brooklyn, NY 11234	40.615273	-73.917136	0.112625001791	6	0.688453505649	1	3.23510294614	0	4	3.5	1245	509000	0	3009	1945	48	32	44	28	52	112	76	40	72	20	20	344
30579886_zpid	30579886_zpid	11215	505 17th St, Brooklyn, NY 11215	40.658108	-73.981558	0.0790788075225	13	0.153198998717	6	0.31615052482	1	4	3	2090	2175000	23	1673	1920	39	32	17	24	16	22	23	14	18	2	7	66
30766168_zpid	30766168_zpid	11236	8515 Coventry Rd, Brooklyn, NY 11236	40.646542	-73.919545	0.320481165935	3	0.924655001142	0	1.49462035434	0	2	2	2112	305000	74	958320	1920	9	2	9	11	7	16	13	3	5	6	4	38
29839638_zpid	29839638_zpid	10466	2018 Camp St, Bronx, NY 10466	40.900815	-73.845921	0.454259063444	3	0.519956172081	2	0.471636331094	1	4	2.5	1292	375000	75	1973	1920	59	7	31	30	17	23	38	12	18	9	3	67
30602519_zpid	30602519_zpid	11221	900 Lafayette Ave, Brooklyn, NY 11221	40.691363	-73.936416	0.289432662615	8	0.479178270211	5	0.653697637928	2	5	4	2116	950000	31	1800	1899	185	54	92	133	103	37	31	13	36	50	40	225
30699582_zpid	30699582_zpid	11228	701 86th St, Brooklyn, NY 11228	40.6191061	-74.0217662	0.335079844085	7	0.359782231537	3	0.687676958237	1	6	2.5	3135	1500000	12	1900	1923	15	2	9	9	6	15	30	12	16	2	1	31
30719272_zpid	30719272_zpid	11204	1544 W 8th St, Brooklyn, NY 11204	40.609273	-73.982179	0.103374101011	14	0.172245033682	7	0.291374054346	2	10	5	3600	960000	47	2783	1926	150	29	37	44	60	70	22	31	16	11	7	123
30773714_zpid	30773714_zpid	11236	9606 Farragut Rd, Brooklyn, NY 11236	40.646109	-73.904307	0.0489181995323	5	0.783441896204	0	0.216212019575	2	5	2.5	3960	575000	115	6000	1906	40	7	22	32	18	61	20	8	9	21	8	84
30734447_zpid	30734447_zpid	11223	1923 W 9th St, Brooklyn, NY 11223	40.6002321	-73.9809081	0.0922839136037	8	0.473525972836	5	0.34168075834	3	3	1	1649	660000	7	1600	1925	144	76	72	100	68	264	120	188	76	28	24	304
30781330_zpid	30781330_zpid	11234	1427 E 64th St, Brooklyn, NY 11234	40.61928	-73.915037	0.15793849868	6	0.52685755825	1	3.141002977	0	3	1.5	1280	520000	39	2809	1920	13	10	8	13	3	23	28	6	20	3	6	94
30625287_zpid	30625287_zpid	11221	906 Willoughby Ave, Brooklyn, NY 11221	40.696339	-73.932265	0.122403236685	12	0.34291445072	5	0.302148833002	3	5	2	1980	140000	23	1646	1940	82	83	35	57	52	33	26	16	21	31	25	162
29781013_zpid	29781013_zpid	10459	1186 Vyse Ave, Bronx, NY 10459	40.828473	-73.889615	0.239362909872	4	0.25963093288	7	0.263619798687	3	5	2.5	2100	400000	52	2160	1992	227	33	71	111	90	33	29	10	33	30	25	190
30642341_zpid	30642341_zpid	11208	142 Autumn Ave, Brooklyn, NY 11208	40.68689	-73.871228	0.154705861361	6	0.322080790285	5	0.357497871923	3	7	5	3940	610000	23	3940	1899	91	37	63	82	46	74	39	16	56	41	7	197
29784889_zpid	29784889_zpid	10457	642 E 182nd St, Bronx, NY 10457	40.85112	-73.888903	0.34719465074	7	0.415362313774	3	1.01197841036	0	5	3	2400	326000	83	1818	1997	184	37	95	125	94	23	13	8	39	45	22	171
30602605_zpid	30602605_zpid	11221	473 Van Buren St, Brooklyn, NY 11221	40.69186	-73.929624	0.119433990414	9	0.210589094304	3	0.178580642417	3	3	3	1920	825000	1	1598	1899	175	79	93	121	124	46	40	15	38	54	36	284
30730442_zpid	30730442_zpid	11214	8707 25th Ave, Brooklyn, NY 11214	40.595562	-73.989234	0.320403771098	6	0.280846636639	5	0.313339142603	1	4	1.75	1856	780000	17	1740	1950	27	11	15	14	9	33	33	20	18	8	3	76
30692149_zpid	30692149_zpid	11220	369 Bay Ridge Ave, Brooklyn, NY 11220	40.635091	-74.024021	0.103861634606	14	0.0951633635702	4	0.056127301643	2	6	3	3800	199000	272	2400	1915	46	33	28	31	20	23	30	21	10	14	6	89
30598711_zpid	30598711_zpid	11233	1662 Eastern Pkwy, Brooklyn, NY 11233	40.6720288	-73.9131642	0.310940654966	4	0.438472376988	5	0.747283293286	1	8	4	5670	550000	121	3244	1899	144	13	72	95	49	15	13	16	24	30	19	113
30575768_zpid	30575768_zpid	11220	741 46th St, Brooklyn, NY 11220	40.6441332	-74.0022925	0.186870582681	8	0.139939766901	8	0.714671664309	1	9	4	3432	1310000	3	1999	1925	79	29	37	56	40	64	48	18	25	12	5	140
30792677_zpid	30792677_zpid	11235	8 Webers Ct, Brooklyn, NY 11235	40.5834959	-73.938957	0.0761627911807	3	0.875730104173	0	1.33943546247	0	3	1.5	1260	329600	131	1150	1925	36	8	20	29	13	28	23	13	28	8	3	74
30573551_zpid	30573551_zpid	11231	383 Van Brunt St, Brooklyn, NY 11231	40.676061	-74.0141388	0.496632880436	2	0.326481021507	3	1.43323943203	0	3	1	4092	1095000	122	1980	1925	22	46	6	17	1	5	27	4	7	5	2	56
30726803_zpid	30726803_zpid	11229	1650 E 12th St, Brooklyn, NY 11229	40.608802	-73.9613959	0.255874334581	8	0.485682441594	6	0.302938897616	1	12	6	4221	995000	8	2700	1920	232	72	100	108	80	112	60	60	36	44	32	468
29791024_zpid	29791024_zpid	10473	313 Stephens Ave, Bronx, NY 10473	40.81209	-73.85412	0.41086250792	1	1.04975723466	0	2.4195185205	0	5	3	1800	400000	97	2785	1920	35	4	19	23	12	20	11	20	10	20	2	70
30576399_zpid	30576399_zpid	11220	814 47th St, Brooklyn, NY 11220	40.64238	-74.001712	0.2038056097	8	0.13170330733	6	0.647150997001	1	10	5	1200	1470000	23	1999	1920	68	24	27	42	22	65	49	19	23	7	4	133
30624723_zpid	30624723_zpid	11206	29 Fayette St, Brooklyn, NY 11206	40.700704	-73.939915	0.157124083705	11	0.115188289753	5	0.113525833815	3	3	1	2700	999000	15	1571	1920	64	126	36	40	23	26	32	16	25	16	10	169
30696158_zpid	30696158_zpid	11228	7614 11th Ave, Brooklyn, NY 11228	40.6221729	-74.012965	0.522113933227	5	0.555325771197	2	1.21064976777	0	3	2	1380	595000	17	1152	1930	9	12	1	18	4	36	51	26	20	2	4	55
30746244_zpid	30746244_zpid	11229	2202 E 28th St, Brooklyn, NY 11229	40.597943	-73.943664	0.168637681498	6	0.232647932656	3	1.01711534022	0	4	2.5	2061	686000	22	1800	1940	68	64	36	52	36	72	144	100	88	12	20	420
30572994_zpid	30572994_zpid	11231	123 3rd St, Brooklyn, NY 11231	40.6770349	-73.991517	0.230850164241	8	0.331100766122	2	0.475774368403	4	6	3	2380	505000	128	1574	1899	48	68	0	64	32	44	108	108	56	4	0	256
30781969_zpid	30781969_zpid	11234	2013 E 64th St, Brooklyn, NY 11234	40.617856	-73.913616	0.263236089469	6	0.361862625901	1	3.3234781263	0	3	1	1325	502500	6	2200	1930	20	10	11	12	5	24	22	10	17	2	6	82
30773939_zpid	30773939_zpid	11236	109 Conklin Ave, Brooklyn, NY 11236	40.642985	-73.9038549	0.37715155854	5	0.848588952603	0	0.442146360535	1	3	3	1500	355000	16	1508	2005	56	10	19	23	16	63	28	9	15	19	8	106
30604694_zpid	30604694_zpid	11233	417A Halsey St, Brooklyn, NY 11233	40.6835186	-73.9360215	0.173116983765	10	0.378801191499	6	0.571914824366	2	4	3	2219	999999	30	100	1899	48	19	40	51	21	5	20	3	13	13	7	74
29835043_zpid	29835043_zpid	10466	3709 Rombouts Ave, Bronx, NY 10466	40.886789	-73.8305	0.239055415413	2	0.242248666208	2	0.170536175737	1	3	2	1349	325000	0	1807	1910	18	8	11	14	1	17	20	13	15	5	1	56
30606197_zpid	30606197_zpid	11233	325 Bainbridge St, Brooklyn, NY 11233	40.6820359	-73.923691	0.541104420331	7	0.3657454877	3	0.410492857956	2	4	2.5	1500	475000	0	2000	1899	191	77	117	152	100	28	26	17	53	71	30	242
