64919560_zpid	64919560_zpid	11217	173 S Portland Ave, Brooklyn, NY 11217	40.684238	-73.973719	0.269336304164	14	0.406981641831	3	0.209601783522	9	2	1	3200	450959	146	4162	2002	48	98	29	39	21	18	21	62	24	14	23	141
30716605_zpid	30716605_zpid	11230	1017 E 10th St, Brooklyn, NY 11230	40.62418	-73.96578	0.133601582055	5	0.325805908477	5	0.439463168904	2	5	2.5	2230	1150000	1	3000	1930	98	19	40	49	49	37	46	30	19	16	6	139
30599233_zpid	30599233_zpid	11233	834 Halsey St, Brooklyn, NY 11233	40.684887	-73.920779	0.179761501338	6	0.411721619933	4	0.390929255914	3	10	4	2900	1100000	12	1800	1909	162	51	112	119	105	11	28	14	49	75	17	218
30606355_zpid	30606355_zpid	11233	258 Bainbridge St, Brooklyn, NY 11233	40.681215	-73.926614	0.283852188352	6	0.362517792912	3	0.403901580251	2	6	3	1744	150000	11	1601	1899	151	69	113	142	89	20	19	13	48	50	27	205
30794636_zpid	30794636_zpid	11229	82 Aster Ct, Brooklyn, NY 11229	40.5952259	-73.9283899	0.296450070219	2	0.82141113161	0	2.26290110496	0	3	1	1026	300000	6	3536	1945	3	15	1	7	2	7	11	6	12	3	2	25
30707813_zpid	30707813_zpid	11228	1420 78th St, Brooklyn, NY 11228	40.616759	-74.006653	0.282827010621	10	0.545356538221	4	0.626337264843	2	6	3	2280	1099000	0	2299	1925	8	12	5	20	5	37	39	43	19	5	4	69
30742992_zpid	30742992_zpid	11229	1311 Avenue U, Brooklyn, NY 11229	40.598911	-73.957862	0.0869687551366	9	0.0687167174497	7	0.169023832023	2	3	3	2995	1516000	16	2000	1925	80	27	16	26	25	57	25	18	11	5	3	107
30726705_zpid	30726705_zpid	11210	1551 E 23rd St, Brooklyn, NY 11210	40.612639	-73.950694	0.524504121283	2	0.322106995204	3	0.746265537742	1	3	2	1280	550000	19	1950	1925	23	1	2	4	5	22	12	9	5	1	8	30
30740523_zpid	30740523_zpid	11235	2 Brighton 4th Rd, Brooklyn, NY 11235	40.5823253	-73.9639382	0.1564171538	8	0.364437622817	6	0.565495619291	1	3	2.5	1120	589000	0	1500	1930	252	140	172	236	92	244	176	124	132	80	80	640
30754107_zpid	30754107_zpid	11210	2701 Avenue M, Brooklyn, NY 11210	40.619521	-73.948241	0.599055517284	3	0.207351011319	2	0.96633689242	0	6	3	4340	800000	63	3700	1915	14	3	4	16	4	24	25	7	22	2	1	48
30666333_zpid	30666333_zpid	11226	150 E 18th St, Brooklyn, NY 11226	40.6474977	-73.9627909	0.327756902223	9	0.485406061888	2	0.337606169968	3	1	1	550	1650000	315	14810.400000000001	1937	475	58	322	289	328	36	35	15	70	88	13	414
29847892_zpid	29847892_zpid	10465	907 Brinsmade Ave, Bronx, NY 10465	40.827803	-73.82983	0.439091381975	2	0.570360725807	1	1.74211195534	0	3	2	1638	406000	118	1799	1940	8	10	6	8	3	10	19	14	7	2	5	46
30619660_zpid	30619660_zpid	11222	212 Eagle St, Brooklyn, NY 11222	40.735219	-73.951846	0.257610855436	7	0.458781625485	2	0.59447505786	1	6	3	1350	335000	145	2500	1899	67	60	49	50	30	30	27	18	16	20	9	152
30793686_zpid	30793686_zpid	11229	16 Bartlett Pl, Brooklyn, NY 11229	40.58885	-73.926739	0.397102229224	2	1.12524265419	0	2.32785202357	0	2	2	1260	345000	137	1700	1925	2	6	1	15	1	1	28	11	19	1	3	35
29815875_zpid	29815875_zpid	10461	1824 Hutchinson River Pkwy, Bronx, NY 10461	40.848828	-73.835257	0.289282087896	8	0.438383348483	1	0.318902262482	2	2	2	1260	50000	262	2375	1950	70	13	19	14	15	26	18	12	10	12	7	76
30626776_zpid	30626776_zpid	11221	1090 Greene Ave, Brooklyn, NY 11221	40.692167	-73.924459	0.142007067997	10	0.139589793936	5	0.337488090145	3	6	5	5328	1600000	0	4264	1901	211	61	88	124	103	49	38	18	59	48	32	290
30710808_zpid	30710808_zpid	11214	1666 84th St, Brooklyn, NY 11214	40.610155	-74.004501	0.156133373368	10	0.317157319493	7	0.338576453018	2	8	5	5292	710000	194	7409	1989	50	11	22	24	9	22	32	29	22	6	7	106
30760498_zpid	30760498_zpid	11210	1880 Albany Ave, Brooklyn, NY 11210	40.6271429	-73.936792	0.422421899085	1	0.819171499521	0	1.11440027756	0	3	2	1470	385000	26	2000	1920	69	7	35	39	26	39	34	16	18	13	9	84
30694782_zpid	30694782_zpid	11209	21 Bay Ridge Pkwy, Brooklyn, NY 11209	40.6335475	-74.0360454	0.370428104357	3	0.775051948861	0	0.985720577619	0	3	2	3402	880000	153	1888	1930	57	5	12	17	11	33	28	73	13	2	2	51
30647707_zpid	30647707_zpid	11207	794 Hegeman Ave, Brooklyn, NY 11207	40.663486	-73.8828769	0.308654321995	7	0.139880784251	5	0.32132523176	2	1	1.5	1600	175000	170	1168	1960	452	32	292	252	180	84	88	36	112	160	48	468
30659711_zpid	30659711_zpid	11203	3905 Snyder Ave, Brooklyn, NY 11203	40.6496321	-73.9405323	0.188338882208	5	0.369332328014	1	0.77553410674	0	3	2	1200	420000	0	1200	1920	101	19	70	66	63	56	14	7	24	27	6	106
29781731_zpid	29781731_zpid	10457	234 E 176th St, Bronx, NY 10457	40.847264	-73.905277	0.162281399572	11	0.227475439927	7	0.35023642577	5	6	4	3300	408000	125	1607	1899	410	76	240	251	240	29	23	14	71	66	30	307
30645561_zpid	30645561_zpid	11208	709 Conduit Blvd, Brooklyn, NY 11208	40.675758	-73.8639029	0.401624093989	3	0.359121709626	9	0.172837023936	3	3	2	1360	340000	70	2923	1960	54	14	28	25	17	32	24	6	46	13	7	122
68314206_zpid	68314206_zpid	11209	6917 Shore Rd APT 3A, Brooklyn, NY 11209	40.6382469	-74.0358352	0.531127074183	3	0.760457851532	0	1.11394788903	0	2	2	1271	819691	120	7595	2007	112	12	16	32	20	76	56	176	20	4	4	128
94716689_zpid	94716689_zpid	10460	1820 Mohegan Ave APT 3, Bronx, NY 10460	40.8403924	-73.8881781	0.326446776253	11	0.315779952921	4	0.347598297845	2	8	7	4293	460000	22	1750	2007	700	96	388	384	380	64	72	12	108	108	52	680
29779023_zpid	29779023_zpid	10456	786 Cauldwell Ave, Bronx, NY 10456	40.819735	-73.9080309	0.181348552453	8	0.273394700419	10	0.361723886827	2	8	3	2938	482000	19	2048	1901	73	11	24	35	20	16	4	1	10	9	13	63
2101168476_zpid	2101168476_zpid	11234	1921 East 51st Street, Brooklyn, NY 11234	40.613338	-73.924957	0.525379820529	5	1.09601445138	0	2.82488093987	0	3	2	1638	470000	0	2000	1960	14	7	9	10	9	32	30	21	19	6	8	106
29795594_zpid	29795594_zpid	10472	1225 Virginia Ave, Bronx, NY 10472	40.831244	-73.861136	0.178104278151	10	0.130398751841	5	0.222275406183	2	4	2	1200	395000	47	2559	1930	118	152	71	61	61	50	28	14	56	30	17	128
30655808_zpid	30655808_zpid	11203	631 E 51st St, Brooklyn, NY 11203	40.64594	-73.928469	0.391275457334	8	0.480025847078	3	1.73320603701	0	3	2.5	21	400000	12	2100	1930	82	23	22	20	26	39	34	10	13	15	8	117
30701192_zpid	30701192_zpid	11209	60 Oliver St, Brooklyn, NY 11209	40.619574	-74.038053	0.432937374503	7	0.479998997302	3	0.689002814302	1	3	1.75	1472	750000	26	2500	1925	163	24	16	28	18	26	33	22	11	4	4	96
30567467_zpid	30567467_zpid	11201	113 Willow St, Brooklyn, NY 11201	40.6976579	-73.99535	0.151907380447	13	0.221380687438	2	0.192267988215	5	7	6	5000	10995000	0	2680	1829	172	368	68	80	64	24	192	88	80	24	40	524
30570497_zpid	30570497_zpid	11231	16 2nd Pl, Brooklyn, NY 11231	40.6801109	-74.000748	0.316857241878	13	0.425824903112	3	0.54574234102	2	7	4	5984	5500000	0	3400	1899	144	188	100	196	68	60	228	128	88	44	52	708
30695997_zpid	30695997_zpid	11209	635 77th St, Brooklyn, NY 11209	40.626132	-74.019788	0.327528531802	12	0.44076840522	3	0.628649074191	1	3	2	1700	980000	8	2099	1920	51	18	15	27	18	15	33	31	15	21	2	88
30791177_zpid	30791177_zpid	11235	182 Kensington St, Brooklyn, NY 11235	40.578622	-73.942039	0.909582738509	0	1.36888987738	0	1.37753279955	0	3	3	2000	930000	20	3000	1930	68	20	4	44	12	56	76	28	44	4	4	104
30656990_zpid	30656990_zpid	11225	3 Miami Ct, Brooklyn, NY 11225	40.6609028	-73.9468968	0.333456614751	5	0.347886911637	7	0.391605772026	2	4	2	1250	550500	2	1159	1930	299	53	116	124	120	40	32	15	29	49	12	212
30761810_zpid	30761810_zpid	11234	4009 Flatlands Ave # 1, Brooklyn, NY 11234	40.622597	-73.933688	0.187300665629	10	0.18832963124	2	1.63982088575	0	5	3.5	2292	559000	17	27	1955	164	60	72	112	92	124	108	76	64	24	0	492
30608532_zpid	30608532_zpid	11221	481A Lexington Ave, Brooklyn, NY 11221	40.688836	-73.9427879	0.229133329541	10	0.189934780553	4	0.753997303762	0	3	2	1395	599000	25	1033	1899	740	204	372	528	372	104	120	40	144	200	100	812
29850336_zpid	29850336_zpid	10464	50 Schofield St, Bronx, NY 10464	40.844402	-73.787999	0.254001737651	3	2.92290861008	0	3.42593298658	0	3	2	2208	265000	117	2500	1920	18	14	5	8	3	1	35	11	9	3	21	46
64530962_zpid	64530962_zpid	11224	3809 Highland Ave, Brooklyn, NY 11224	40.5755022	-74.0078007	0.47774630677	2	0.539951965673	1	2.25648060899	0	6	5	2150	625000	139	2160	2004	26	6	7	31	5	2	17	2	11	4	1	32
29845879_zpid	29845879_zpid	10465	3265 Barkley Ave # A, Bronx, NY 10465	40.8343	-73.817998	0.207874078098	3	0.231608104317	1	1.85612082225	0	1	1	570	179250	35	827	1940	4	3	5	9	6	12	21	23	12	4	3	33
30717953_zpid	30717953_zpid	11230	1458 E 4th St, Brooklyn, NY 11230	40.6150639	-73.971384	0.170991897241	8	0.215564412709	3	0.237856712517	3	8	3	3792	990000	117	4007	1920	160	40	56	104	80	200	148	88	92	20	24	336
30740576_zpid	30740576_zpid	11235	2848 Brighton 7th St, Brooklyn, NY 11235	40.582008	-73.962292	0.0335098783156	10	0.221006022085	5	0.491041100739	1	2	1.5	25000	683000	118	2375	2009	416	136	148	256	104	336	216	128	144	76	92	712
30641874_zpid	30641874_zpid	11208	14 Grant Ave, Brooklyn, NY 11208	40.690526	-73.869268	0.234905401673	5	0.261370045251	5	0.200459462652	2	7	4	2136	699000	0	2178	1899	38	16	23	38	22	31	16	8	18	11	1	75
30656247_zpid	30656247_zpid	11203	654 E 53rd St, Brooklyn, NY 11203	40.643388	-73.926868	0.179822321076	5	0.794157293885	0	1.85913693852	0	2	2	1408	520000	112	24	1925	105	21	25	19	21	35	33	11	11	11	7	110
30765287_zpid	30765287_zpid	11234	1756 E 48th St, Brooklyn, NY 11234	40.617643	-73.928968	0.18860881212	7	0.703626787901	2	2.31295287655	0	4	3	1472	416000	23	2000	1920	14	55	3	9	4	38	33	19	13	6	2	127
30763261_zpid	30763261_zpid	11234	1443 E 53rd St, Brooklyn, NY 11234	40.623317	-73.924074	0.158236508976	13	0.252299323364	1	2.25557492043	0	3	2	868	429000	0	1800	1960	8	16	8	9	10	41	28	17	22	8	7	107
30633882_zpid	30633882_zpid	11207	51 Bradford St, Brooklyn, NY 11207	40.678432	-73.89337	0.116792079646	6	0.122690536893	5	0.164875778828	4	1	1	1304	175000	94	2500	1901	112	38	82	92	63	77	48	37	44	34	13	176
30754489_zpid	30754489_zpid	11210	1312 E 35th St, Brooklyn, NY 11210	40.621919	-73.941438	0.327774929413	2	0.428056921853	2	1.32349326189	0	3	2	1220	505000	46	2800	1925	268	28	112	132	88	184	148	40	64	36	12	272
30784490_zpid	30784490_zpid	11234	1857 E 51st St, Brooklyn, NY 11234	40.614994	-73.925139	0.437692439045	6	0.990999551903	0	2.74951353882	0	3	2	1200	429000	20	2600	1925	17	41	7	11	10	31	29	20	20	5	8	101
30791246_zpid	30791246_zpid	11235	124 Mackenzie St, Brooklyn, NY 11235	40.580135	-73.940457	0.881017375393	0	1.24988862183	0	1.3811462344	0	3	4	2900	1575000	0	3223	2016	9	7	5	14	8	12	13	5	18	2	1	31
30789618_zpid	30789618_zpid	11235	3065 Brighton 6th St, Brooklyn, NY 11235	40.578108	-73.9613509	0.165999222915	13	0.150128337244	5	0.0497319378102	2	6	2	1800	700000	3	2500	1932	800	276	280	388	228	296	200	88	164	128	100	1104
29793012_zpid	29793012_zpid	10473	2249 Seward Ave, Bronx, NY 10473	40.821589	-73.846546	0.263947510299	2	0.185410000689	2	1.47740595272	0	3	1.5	1296	415000	0	2500	1965	24	7	12	2	4	14	9	0	10	2	2	46
30768212_zpid	30768212_zpid	11236	682 E 87TH St, Brooklyn, NY 11236	40.640329	-73.910229	0.29660071111	6	0.455288662253	3	0.998326458707	0	6	2	2280	669000	0	3008	1996	172	32	96	84	44	316	128	56	80	60	36	476
30792584_zpid	30792584_zpid	11235	2842 Brigham St, Brooklyn, NY 11235	40.584741	-73.932476	0.797367468031	0	0.899522608183	0	1.84836809647	0	3	2	3496	725000	54	3000	1970	52	12	22	29	28	24	15	5	20	9	1	71
29779610_zpid	29779610_zpid	10456	768 E 169th St, Bronx, NY 10456	40.830347	-73.899654	0.13753000642	6	0.163329267165	9	0.65883351458	1	4	2	1489	287000	150	1742	1987	267	15	111	128	77	41	7	8	18	41	21	179
30744583_zpid	30744583_zpid	11229	2126 E 19th St, Brooklyn, NY 11229	40.598498	-73.952771	0.341557225686	11	0.150996098192	5	0.281458658289	2	6	3	3528	920000	33	4007	1930	468	140	136	132	212	304	152	104	100	68	32	644
30713509_zpid	30713509_zpid	11214	164 Bay 32nd St, Brooklyn, NY 11214	40.597969	-73.995836	0.26929821786	6	0.328709019808	7	0.471736362226	1	5	2.5	3300	490000	156	2613	1965	113	13	34	45	31	87	36	20	21	13	4	109
29783543_zpid	29783543_zpid	10459	1259 Chisholm St, Bronx, NY 10459	40.82938	-73.895097	0.53177601929	4	0.33313282594	7	0.287363553538	2	5	3	2280	430000	6	1900	1991	216	93	103	139	113	32	28	6	32	50	25	207
30670876_zpid	30670876_zpid	11218	415 Vanderbilt St, Brooklyn, NY 11218	40.653156	-73.9777307	0.119956307919	7	0.308290617891	2	0.40936198804	1	2	1	1000	210000	320	1800	1910	10	21	13	20	12	21	22	27	17	1	4	53
30600863_zpid	30600863_zpid	11233	284 Macdougal St, Brooklyn, NY 11233	40.680285	-73.90899	0.211085641305	5	0.252741038615	4	0.249939296231	8	2	1	2100	350000	120	20	1899	177	18	141	157	108	33	31	13	43	68	23	165
30579340_zpid	30579340_zpid	11220	428 58th St, Brooklyn, NY 11220	40.641329	-74.016627	0.0715790348265	8	0.0616380824548	7	0.105988304929	2	9	3	1000	515000	159	1999	1899	163	61	57	75	57	32	64	39	51	26	7	228
30613166_zpid	30613166_zpid	11238	407 Vanderbilt Ave, Brooklyn, NY 11238	40.6859899	-73.968108	0.169685313586	10	0.189964185099	3	0.288830890925	4	4	7.5	6592	4600000	16	2475	2002	121	63	58	79	61	32	35	10	24	23	23	123
30636682_zpid	30636682_zpid	11207	1 Van Siclen Ct, Brooklyn, NY 11207	40.681151	-73.892173	0.206202188483	4	0.111103933453	4	0.378198464554	3	4	2	2340	346000	16	1400	1910	356	140	220	240	172	252	168	144	152	112	44	556
30751967_zpid	30751967_zpid	11210	1748 Flatbush Ave, Brooklyn, NY 11210	40.6275525	-73.9424454	0.325089843682	5	0.418398058044	2	0.733943322365	1	4	1	2376	575000	109	1674	1920	152	23	79	62	61	79	40	24	31	21	12	162
30706548_zpid	30706548_zpid	11228	1359 77th St, Brooklyn, NY 11228	40.618367	-74.00693	0.171934293673	10	0.369373765608	3	0.69500121135	1	3	1.5	1561	800000	11	2250	1925	11	13	7	25	8	51	50	44	22	3	3	77
30680008_zpid	30680008_zpid	11204	1770 59th St, Brooklyn, NY 11204	40.622723	-73.987353	0.559224357883	3	0.215039019769	4	0.345068429724	2	4	2	2200	975000	14	2003	1940	20	12	20	22	5	48	54	84	24	8	7	106
30679801_zpid	30679801_zpid	11204	2036 58th St, Brooklyn, NY 11204	40.619787	-73.980979	0.184994942383	4	0.757870019142	0	0.432384109935	3	3	2.5	1320	1150000	0	2504	1930	13	9	6	17	7	29	26	32	20	5	5	66
29816610_zpid	29816610_zpid	10461	1966 Mulford Ave, Bronx, NY 10461	40.851672	-73.834404	0.368328231827	6	0.350584671143	1	0.562860017186	2	3	1	1836	162000	227	2178	1950	68	16	15	16	17	32	20	17	11	5	6	53
30659712_zpid	30659712_zpid	11203	3901 Snyder Ave, Brooklyn, NY 11203	40.6496247	-73.9406728	0.182890543093	5	0.360117178152	1	0.763996981879	0	4	3	1200	360400	137	20	1920	101	19	73	69	63	58	14	7	24	29	6	107
30619767_zpid	30619767_zpid	11222	103 Huron St, Brooklyn, NY 11222	40.73294	-73.957485	0.0898785054659	12	0.245886133972	4	0.425884468724	1	5	3	2865	985000	46	2482	1899	87	125	56	65	42	46	38	23	25	19	14	226
30745277_zpid	30745277_zpid	11229	2150 Ford St, Brooklyn, NY 11229	40.599595	-73.938163	0.349308773612	7	0.393676492196	4	1.50198388724	0	3	2	1584	400000	73	1800	1952	26	7	9	11	7	8	33	15	15	2	2	64
30586349_zpid	30586349_zpid	11215	173 Prospect Ave, Brooklyn, NY 11215	40.6659383	-73.9931778	0.101440088547	11	0.510744039218	2	0.0638215613902	4	6	4	1800	1675000	0	1372	1899	51	51	15	35	17	22	49	10	23	13	8	145
30634140_zpid	30634140_zpid	11207	471 Liberty Ave, Brooklyn, NY 11207	40.675242	-73.8924119	0.367819630572	7	0.347411852881	7	0.290388707878	4	2	1	1040	350000	6	2500	1901	119	22	86	115	84	81	45	31	40	48	23	231
30614260_zpid	30614260_zpid	11238	82 Putnam Ave, Brooklyn, NY 11238	40.682859	-73.958106	0.171142151049	10	0.183517072856	4	0.281988205026	4	2	1	2237	1600000	2	1742	1905	368	560	216	384	256	120	164	68	136	60	144	688
29793704_zpid	29793704_zpid	10473	2142 Hermany Ave, Bronx, NY 10473	40.824259	-73.850661	0.415874087595	4	0.514676171031	2	1.11842550749	0	3	2	1624	320000	19	3619	1930	57	20	25	20	14	28	15	6	13	9	8	58
62635941_zpid	62635941_zpid	10464	190 Fordham St, Bronx, NY 10464	40.8470889	-73.7843989	0.164491712403	3	3.31635161448	0	3.65315256956	0	1	1	790	235000	19	4356	1897	15	19	5	6	3	2	35	10	6	2	28	43
30594874_zpid	30594874_zpid	11225	567 Empire Blvd, Brooklyn, NY 11225	40.6643365	-73.9434045	0.0120514298779	12	0.0961459230227	8	0.558301026611	3	1	1	3696	485000	66	1804	1910	167	8	57	75	73	18	21	11	19	21	4	112
30664501_zpid	30664501_zpid	11225	258 Lincoln Rd, Brooklyn, NY 11225	40.661103	-73.954194	0.309687179335	10	0.364771322549	6	0.336194325299	3	3	2	2580	1450000	32	2100	1910	466	91	190	167	174	35	45	21	44	66	20	302
83050228_zpid	83050228_zpid	11215	918 President St, Brooklyn, NY 11215	40.672268	-73.972504	0.326015957068	13	0.352661953233	4	0.36249493671	3	6	8.5	4540	4973000	10	2000	1920	64	96	8	76	32	40	140	88	52	16	16	424
29816891_zpid	29816891_zpid	10461	2890 E 195th St, Bronx, NY 10461	40.852897	-73.831511	0.171529156333	6	0.279407975179	1	0.372308154359	2	3	1	3550	557500	11	2500	1965	61	15	14	17	22	31	23	19	12	6	5	55
30716970_zpid	30716970_zpid	11230	1307 E 4th St, Brooklyn, NY 11230	40.618704	-73.971489	0.238507800996	7	0.197580787661	3	0.393176250366	2	3	1.5	1261	810000	15	2000	1920	156	40	44	76	56	112	144	76	88	16	20	212
30674687_zpid	30674687_zpid	11218	374 E 9th St, Brooklyn, NY 11218	40.639472	-73.970221	0.380046328002	10	0.118158732963	7	0.558693849997	2	5	2	1293	525000	37	2000	1920	856	220	320	336	188	316	156	264	120	84	44	876
30697268_zpid	30697268_zpid	11209	62 79th St, Brooklyn, NY 11209	40.630223	-74.036449	0.617972745165	6	0.63610567744	2	0.925717849772	0	4	1.5	1802	1170000	26	3807	1935	12	8	2	4	4	18	27	21	9	2	1	38
30639796_zpid	30639796_zpid	11208	258 Atkins Ave, Brooklyn, NY 11208	40.672552	-73.8787679	0.17879097698	7	0.26501453302	3	0.242615021161	2	6	2	1838	335000	3	2000	1899	169	29	88	104	77	52	38	9	35	58	24	191
2099058490_zpid	2099058490_zpid	10457	612 E 181st St, Bronx, NY 10457	40.849997	-73.890606	0.262262832686	13	0.549570790978	4	0.829888260099	0	3	3	1352	359000	0	1868	1901	238	56	138	148	120	30	17	12	51	57	27	227
30773854_zpid	30773854_zpid	11236	1114 E 92nd St, Brooklyn, NY 11236	40.642148	-73.906281	0.24638451525	7	0.797206031365	0	0.625846477653	1	4	2	2152	165000	192	2628	2001	168	28	84	80	52	260	140	24	72	64	28	460
29822394_zpid	29822394_zpid	10469	2413 Tiemann Ave, Bronx, NY 10469	40.861136	-73.838319	0.378901791476	2	0.349052224012	1	1.15467752682	0	3	1.5	1944	505000	7	2500	1950	7	10	2	5	0	9	30	11	11	1	3	48
29776752_zpid	29776752_zpid	10454	418 E 136th St, Bronx, NY 10454	40.8073	-73.923232	0.308124402846	4	0.222076177882	4	0.331284072252	2	5	3.5	2828	410000	96	1500	1901	184	26	99	115	95	12	13	11	28	37	18	185
30704688_zpid	30704688_zpid	11204	2031 73rd St, Brooklyn, NY 11204	40.611659	-73.989554	0.104266061841	13	0.0689701342056	8	0.649723322316	2	3	2.5	1992	770000	12	2000	1930	268	56	96	160	136	196	112	88	88	40	8	416
29849251_zpid	29849251_zpid	10465	2831 Collis Pl, Bronx, NY 10465	40.815083	-73.817802	0.47448076656	3	0.486404356823	1	3.42663398245	0	4	2	2614	518500	103	1524	1940	9	11	7	4	4	10	13	8	11	4	8	49
30618446_zpid	30618446_zpid	11211	149 N 7th St, Brooklyn, NY 11211	40.7180135	-73.958114	0.134890483822	12	0.319585245304	4	0.055793184566	2	1	1	2628	800000	27	1700	1910	172	536	64	232	76	124	156	68	52	56	48	644
30654958_zpid	30654958_zpid	11203	454 E 54th St, Brooklyn, NY 11203	40.6475004	-73.9262496	0.462222416087	6	0.453592110195	3	1.76483652378	0	2	2	1008	150000	2	2783	1925	95	16	40	32	41	46	33	7	14	21	10	133
94716166_zpid	94716166_zpid	11231	82 Lorraine St, Brooklyn, NY 11231	40.674012	-74.006456	0.285880523143	4	0.181998700091	3	0.777982044782	0	2	1.5	3373	3000000	94	15681.599999999999	2008	11	26	5	14	10	12	13	3	5	6	2	49
30566248_zpid	30566248_zpid	11201	204 Front St, Brooklyn, NY 11201	40.702104	-73.984209	0.242287367265	6	0.687724727894	1	0.228507947142	2	1	1	1250	1500000	66	2500	1950	6	38	3	11	0	23	28	9	11	2	3	56
30601693_zpid	30601693_zpid	11233	1354 Herkimer St, Brooklyn, NY 11233	40.677181	-73.908725	0.169714121156	5	0.155041069159	3	0.226172802185	8	8	3	2565	500000	16	1537	1910	203	24	138	170	115	41	34	21	54	73	28	198
30625153_zpid	30625153_zpid	11237	105 Wilson Ave, Brooklyn, NY 11237	40.701638	-73.926832	0.0260548991559	15	0.204405179242	5	0.423591398703	5	3	2	4500	620000	52	2500	1931	165	104	105	151	122	32	24	6	35	62	26	282
30607183_zpid	30607183_zpid	11206	591 Willoughby Ave, Brooklyn, NY 11206	40.694505	-73.945662	0.0268890669701	9	0.398504430451	2	0.304152233056	4	2	1	900	1195000	19	2000	1901	118	39	81	115	59	51	25	41	29	40	27	165
30749499_zpid	30749499_zpid	11235	2802 Avenue Y, Brooklyn, NY 11235	40.591231	-73.941958	0.188043172694	12	0.196531094562	3	1.13841963359	0	4	3	2070	995000	0	3049	1940	54	19	16	15	8	26	25	29	24	2	4	78
29777926_zpid	29777926_zpid	10456	1055 Clay Ave, Bronx, NY 10456	40.828908	-73.91283	0.178621066072	8	0.207227656601	8	0.404510558581	2	12	3.5	3761	390000	33	2500	1899	337	23	144	159	177	29	24	6	67	63	21	228
30766035_zpid	30766035_zpid	11203	311 E 59th St, Brooklyn, NY 11203	40.646365	-73.92083	0.234711878612	3	0.869524859105	0	1.60342788707	0	4	2	1540	450000	112	1600	1940	18	3	5	5	3	9	20	5	4	4	4	34
30691859_zpid	30691859_zpid	11220	613 68th St, Brooklyn, NY 11220	40.633059	-74.017614	0.271984279599	9	0.249856935013	9	0.531164989119	2	6	2	2400	849000	61	2764	1920	37	23	14	16	10	24	37	19	7	7	5	84
30763421_zpid	30763421_zpid	11234	1361 E 55th St, Brooklyn, NY 11234	40.623437	-73.922206	0.100235559519	10	0.406555118844	1	2.39016297456	0	3	1.75	1056	350000	23	1800	1920	11	13	17	13	10	38	28	22	21	9	7	105
30652339_zpid	30652339_zpid	11203	868 Lenox Rd, Brooklyn, NY 11203	40.655289	-73.927305	0.221979549117	11	0.301359849079	4	1.1229483037	0	3	2	2304	210000	2	1899	1930	184	25	78	80	86	69	39	9	27	35	16	179
29785186_zpid	29785186_zpid	10457	2145 Prospect Ave, Bronx, NY 10457	40.848598	-73.885857	0.200210851836	12	0.534525261624	3	1.04571760576	0	5	2	2464	485000	0	2687	1910	155	32	76	95	70	23	8	4	29	41	20	132
