30785837_zpid	30785837_zpid	11234	2043 E 36th St, Brooklyn, NY 11234	40.609108	-73.930173	0.186105311009	1	0.826838554426	0	2.33655273352	0	3	2.5	2360	695000	0	2000	1935	8	36	16	8	8	60	96	88	88	0	12	180
30754759_zpid	30754759_zpid	11210	2320 Avenue M, Brooklyn, NY 11210	40.618704	-73.951346	0.338479549538	3	0.485032019786	3	0.691123841113	1	7	3	2990	1200000	9	4000	1910	2	1	2	8	0	15	21	12	18	1	4	27
94715632_zpid	94715632_zpid	10466	3648 Palmer Ave, Bronx, NY 10466	40.8842202	-73.8381207	0.863580642065	0	0.461088010754	2	0.514353878445	1	5	2	1854	569000	0	2509	2009	10	7	5	3	1	11	6	7	7	3	1	24
30624348_zpid	30624348_zpid	11206	243 Scholes St, Brooklyn, NY 11206	40.709411	-73.9389209	0.205910292319	7	0.381372111209	4	0.201964701297	4	9	4	3725	985000	64	2500	1920	54	71	22	33	19	14	20	13	10	6	9	95
59997183_zpid	59997183_zpid	11234	2361 E 69th St, Brooklyn, NY 11234	40.61459	-73.903689	0.66218755337	1	0.566379953203	1	3.5727278458	0	3	3.5	2448	390000	172	2592	2001	0	12	3	7	1	7	19	8	14	1	3	45
30783042_zpid	30783042_zpid	11234	2374 E 71st St, Brooklyn, NY 11234	40.615068	-73.902546	0.726846984119	1	0.628465290567	1	3.51662905381	0	3	3	1665	697000	10	2717	1970	2	12	2	8	0	4	19	9	12	1	3	48
30631232_zpid	30631232_zpid	11207	33 Aberdeen St, Brooklyn, NY 11207	40.681892	-73.906445	0.133115109307	4	0.24815049689	3	0.119674210661	7	5	3.5	3000	965000	19	2050	1920	63	19	49	64	48	12	20	14	13	24	8	119
30717627_zpid	30717627_zpid	11204	2347 63rd St, Brooklyn, NY 11204	40.613085	-73.976592	0.207114298141	11	0.161234282694	7	0.305437771516	3	7	4	3320	1500000	8	2500	1926	165	22	31	43	46	68	26	15	12	8	7	111
30592783_zpid	30592783_zpid	11216	878 Saint Johns Pl, Brooklyn, NY 11216	40.671287	-73.949205	0.0753528554724	11	0.11609444712	4	0.216488556825	3	7	4	3380	1100000	14	2555	1901	237	56	113	128	129	15	26	4	34	47	26	182
29787912_zpid	29787912_zpid	10458	2675 Bainbridge Ave, Bronx, NY 10458	40.865741	-73.8915457	0.436791384884	9	0.113444692017	10	0.215125231975	5	9	2	2640	440600	31	2003	1915	541	74	209	222	268	33	17	3	80	62	28	350
30670726_zpid	30670726_zpid	11218	25 Seeley St, Brooklyn, NY 11218	40.653147	-73.980625	0.360671454847	7	0.380464116678	3	0.554388442136	1	6	4	2160	1425000	28	4283	1960	1	15	8	9	5	17	13	20	10	0	2	34
29844938_zpid	29844938_zpid	10465	3669 E Tremont Ave, Bronx, NY 10465	40.827759	-73.823051	0.512272321355	2	0.0730253000018	1	2.11258954356	0	3	1.5	3896	300000	134	4912	1925	10	17	4	15	1	13	26	35	17	3	5	67
30619818_zpid	30619818_zpid	11222	138 Huron St, Brooklyn, NY 11222	40.732672	-73.955869	0.0540081331796	12	0.120433014889	4	0.3209807057	1	9	6	6000	3199000	0	1999	2007	99	130	66	75	48	57	43	28	30	21	15	261
30651313_zpid	30651313_zpid	11203	21 E 55th St, Brooklyn, NY 11203	40.6578329	-73.925922	0.312607261233	13	0.591517995291	5	0.816957672318	0	5	2.5	2592	400000	116	2178	1935	142	18	56	59	67	52	21	10	16	24	13	110
30606890_zpid	30606890_zpid	11205	707 Myrtle Ave, Brooklyn, NY 11205	40.6949278	-73.9547834	0.146548852148	6	0.070414763284	7	0.490483910665	3	3	2	3600	307400	132	2155	1931	122	52	27	54	29	33	47	38	22	11	19	157
30623743_zpid	30623743_zpid	11222	46 N Henry St, Brooklyn, NY 11222	40.7206649	-73.942468	0.165950090576	12	0.280337789825	2	0.692081090152	1	3	1	3700	2115000	14	3050	1980	116	140	56	164	36	48	112	72	104	24	36	460
30745680_zpid	30745680_zpid	11229	1617 Avenue W, Brooklyn, NY 11229	40.594729	-73.95402	0.0401633913407	14	0.115278494827	6	0.112312855798	2	3	2	1617	625000	117	2200	1935	111	23	28	25	36	47	25	23	25	15	4	114
30786203_zpid	30786203_zpid	11234	2025 Hendrickson St, Brooklyn, NY 11234	40.612151	-73.926229	0.367239947705	3	1.00188826574	0	2.69720843447	0	2	2	1208	440000	137	3000	1925	12	10	4	6	4	28	24	22	17	4	7	91
30566975_zpid	30566975_zpid	11217	173 Bergen St, Brooklyn, NY 11217	40.685497	-73.986787	0.173707056343	14	0.395330879334	2	0.351465505442	7	6	1	3100	3750000	0	1942	1910	28	60	5	31	11	33	42	16	15	14	12	106
30635143_zpid	30635143_zpid	11207	581 New Jersey Ave, Brooklyn, NY 11207	40.6650599	-73.892808	0.319801594166	4	0.173778901755	8	0.18246287489	3	1	1	2310	4000	96	2108	1930	257	21	146	145	170	27	51	10	55	72	17	283
30747683_zpid	30747683_zpid	11235	1215 Doone Ct, Brooklyn, NY 11235	40.590632	-73.958222	0.284761961778	13	0.465390653913	4	0.539599643632	2	2	1.5	1024	750000	0	2000	1920	41	14	7	21	13	37	27	26	18	7	2	67
2100891995_zpid	2100891995_zpid	11221	447 Central Ave, Brooklyn, NY 11221	40.692268	-73.914454	0.261893054528	7	0.371469945617	4	0.686279216786	2	10	3	3816	1599000	0	2160	1920	174	45	120	147	113	40	37	10	71	63	46	201
30755873_zpid	30755873_zpid	11229	1512 E 29th St, Brooklyn, NY 11229	40.613987	-73.945776	0.218866890054	2	0.611220342419	4	1.17678146881	0	4	2.5	1590	678000	2	2000	1930	43	4	20	16	9	14	24	9	14	3	2	63
29833906_zpid	29833906_zpid	10469	3384 Ely Ave, Bronx, NY 10469	40.8779825	-73.8396806	0.469317188996	3	0.322709877259	2	0.23008312306	1	3	1	1088	280000	23	1899	1901	14	4	15	18	12	27	26	14	27	8	7	57
30773793_zpid	30773793_zpid	11236	641 E 104th St, Brooklyn, NY 11236	40.649355	-73.897637	0.222097176856	4	0.333072931499	3	0.206747712934	2	7	3	200	460000	119	2178	1925	88	24	60	64	4	84	28	12	36	16	12	236
30658472_zpid	30658472_zpid	11203	61 E 42nd St, Brooklyn, NY 11203	40.6544542	-73.9381959	0.48271210614	3	0.622734039169	1	1.0417133094	0	6	3	1774	575000	27	2071	1925	376	56	232	184	164	216	120	40	112	128	28	416
30782348_zpid	30782348_zpid	11234	2045 E 73rd St, Brooklyn, NY 11234	40.621662	-73.906637	0.570919564692	1	0.545316659991	1	2.81133425534	0	3	1	1064	450000	9	2000	1925	72	8	28	28	24	72	64	20	76	8	8	204
30675169_zpid	30675169_zpid	11218	595 E 5th St, Brooklyn, NY 11218	40.637657	-73.974177	0.164669469587	7	0.104663668029	10	0.384064615517	1	6	4	2218	860000	8	2250	1915	192	65	79	77	45	99	45	103	35	18	7	233
30701095_zpid	30701095_zpid	11228	629 92nd St, Brooklyn, NY 11228	40.616053	-74.025113	0.265968771713	10	0.512413591225	4	0.51775076866	1	5	3	2300	875000	10	1991	1935	2	0	3	5	1	5	14	5	5	0	1	15
30591070_zpid	30591070_zpid	11216	1173 Dean St, Brooklyn, NY 11216	40.677147	-73.950749	0.0991886294436	10	0.276034013307	8	0.253819810256	5	4	2	3240	30000	1	1742	1910	315	100	157	221	193	42	41	18	60	62	45	299
30767169_zpid	30767169_zpid	11236	580 E 88th St, Brooklyn, NY 11236	40.642497	-73.9114309	0.308015131088	5	0.54613783141	2	0.932219835919	0	7	4	2137	585000	37	1950	1960	40	5	24	19	8	55	24	5	23	18	5	97
30606813_zpid	30606813_zpid	11206	154 Ellery St, Brooklyn, NY 11206	40.6984039	-73.947092	0.218665348429	8	0.492911948705	6	0.296578758761	4	6	8	3015	550000	43	1793	1992	84	25	38	70	33	36	18	37	20	17	20	141
29782870_zpid	29782870_zpid	10456	602 E 170th St, Bronx, NY 10456	40.8340729	-73.900918	0.296135289717	5	0.179528024446	5	0.88127042325	0	4	2	2106	475000	108	2356	1901	215	21	84	110	56	22	10	10	13	29	17	159
30743190_zpid	30743190_zpid	11229	2074 E 19th St, Brooklyn, NY 11229	40.599671	-73.953003	0.341238717249	8	0.108899684672	5	0.250737046503	2	4	1.75	1272	630000	9	2000	1930	480	136	140	136	228	332	176	96	96	60	28	660
30707092_zpid	30707092_zpid	11228	7702 14th Ave, Brooklyn, NY 11228	40.617876	-74.006749	0.20247318575	11	0.421897567605	4	0.693018182329	2	4	2	2660	355000	187	2000	1930	9	12	6	23	6	42	41	45	20	3	3	71
30625128_zpid	30625128_zpid	11221	1207 Myrtle Ave, Brooklyn, NY 11221	40.6975326	-73.9317946	0.0356736360316	14	0.367600221192	5	0.327989490752	3	6	3	3126	1150000	9	1677	1910	73	74	29	47	44	34	25	15	20	25	21	147
30671423_zpid	30671423_zpid	11218	95 E 2nd St, Brooklyn, NY 11218	40.649584	-73.979245	0.133439229015	9	0.141022051686	2	0.294013845502	2	5	2	2040	350000	190	2000	1925	164	112	76	100	100	112	96	116	64	20	20	348
29843209_zpid	29843209_zpid	10465	3151 Valhalla Dr, Bronx, NY 10465	40.840711	-73.822652	0.682201637392	3	0.523292305707	2	1.07629504278	0	3	2	1406	448000	26	2250	1925	4	44	28	12	4	24	120	56	24	8	8	124
30598751_zpid	30598751_zpid	11233	1576 Eastern Pkwy, Brooklyn, NY 11233	40.670902	-73.915713	0.41274504745	8	0.514335409218	5	0.904603916454	0	3	2	4400	10000	22	1883	1920	138	6	82	92	50	9	10	8	21	35	17	108
29812445_zpid	29812445_zpid	10460	1611 Van Buren St, Bronx, NY 10460	40.840241	-73.869418	0.159116787743	3	0.502776810338	3	0.389029965422	1	4	2	1408	427450	11	2500	1925	280	28	90	116	118	54	27	15	39	56	28	177
30723093_zpid	30723093_zpid	11223	1885 W 4th St, Brooklyn, NY 11223	40.6016672	-73.9763166	0.307851116587	7	0.362783971361	4	0.376211689876	4	5	2.5	2121	849000	8	1600	1945	61	26	40	30	29	85	28	75	23	11	5	118
30772300_zpid	30772300_zpid	11236	1443 E 86th St, Brooklyn, NY 11236	40.6294449	-73.898627	0.777972391165	0	0.428487753015	1	1.93495805638	0	5	4	2160	610100	3	1800	1960	132	24	64	76	24	168	88	32	92	32	24	196
30719474_zpid	30719474_zpid	11204	1575 W 6th St, Brooklyn, NY 11204	40.60884	-73.979495	0.278140904621	12	0.264414890349	6	0.393501163655	3	3	1.5	1248	775000	9	2000	1925	692	108	188	196	232	308	76	88	52	48	28	476
30774535_zpid	30774535_zpid	11236	919 E 99th St, Brooklyn, NY 11236	40.64443	-73.8983669	0.270011705311	6	0.657884832384	1	0.384506108996	2	8	3	3712	275000	314	4000	1970	64	10	25	19	17	57	19	7	14	17	10	99
30698453_zpid	30698453_zpid	11209	116 82nd St, Brooklyn, NY 11209	40.6275376	-74.035585	0.479414749068	6	0.907575205244	0	0.81258285086	0	4	4	2160	2175000	2	4266	1910	44	44	12	40	12	104	124	92	44	8	8	224
30670871_zpid	30670871_zpid	11218	102 Seeley St, Brooklyn, NY 11218	40.653539	-73.978323	0.182210159713	8	0.351668706077	3	0.469428633628	1	5	2.5	3080	855000	43	1700	1910	5	16	12	15	6	21	18	25	14	0	3	46
30660729_zpid	30660729_zpid	11203	1198 New York Ave, Brooklyn, NY 11203	40.643863	-73.946235	0.281546537655	5	0.216627420158	3	0.268028358898	2	5	3	2100	270000	16	1742	1910	112	5	92	70	77	27	13	6	23	19	14	84
29778536_zpid	29778536_zpid	10452	1008 Dr Martin L King Jr Blvd, Bronx, NY 10452	40.833661	-73.930561	0.266680285498	2	0.352369690729	4	0.637167216716	1	3	1	2100	480000	39	2075	1930	1348	160	628	648	640	136	52	12	272	256	100	1052
30782130_zpid	30782130_zpid	11234	2075 E 67th St, Brooklyn, NY 11234	40.618128	-73.910252	0.0765626849567	5	0.121806232299	1	3.25386308657	0	3	2	1787	525000	67	2000	1960	16	12	10	15	7	19	21	13	22	2	6	70
30696305_zpid	30696305_zpid	11209	7708 Ridge Blvd, Brooklyn, NY 11209	40.6304749	-74.031437	0.292040512428	13	0.306572851002	5	0.507337372637	1	5	3	3045	1648000	2	3900	1925	65	39	20	22	18	48	41	97	17	10	6	104
29791691_zpid	29791691_zpid	10473	416 Turneur Ave, Bronx, NY 10473	40.815551	-73.845811	0.43911235985	3	0.403991149241	2	2.14255831461	0	5	3	3200	325000	166	7500	1950	12	3	5	3	2	11	6	3	4	3	3	28
2099673675_zpid	2099673675_zpid	11234	126 Barlow Drive South #1, Brooklyn, NY 11234	40.608857	-73.905342	0.975436819173	0	0.99444266024	0	4.21787356202	0	4	3	2450	999000	0	4200	1960	2	1	1	7	0	3	9	2	7	2	1	21
29794114_zpid	29794114_zpid	10473	2316 Turnbull Ave, Bronx, NY 10473	40.824262	-73.84541	0.549961759935	3	0.493826341598	2	1.23410923471	0	7	3	4000	480000	64	3900	1986	18	7	12	4	3	18	9	2	9	3	4	38
29850120_zpid	29850120_zpid	10464	70 Buckley St, Bronx, NY 10464	40.839557	-73.7853607	0.416668920763	1	3.45733127067	0	3.81642756351	0	3	2	1346	465000	70	2800	1915	11	5	4	3	3	1	16	3	8	3	10	22
29795691_zpid	29795691_zpid	10472	1250 Bronx River Ave, Bronx, NY 10472	40.829977	-73.882035	0.295622026617	9	0.206025327767	2	0.287871235684	3	7	3	1760	139000	244	2238	1920	207	27	95	104	99	39	23	7	40	32	6	169
30625979_zpid	30625979_zpid	11221	634 Kosciuszko St, Brooklyn, NY 11221	40.693504	-73.927871	0.116119002954	9	0.0407566766579	5	0.0816099051131	3	1	1	3759	910000	25	2345	1901	202	87	78	116	101	49	44	19	43	43	37	302
30630542_zpid	30630542_zpid	11207	611 Wilson Ave # A, Brooklyn, NY 11207	40.690266	-73.90697	0.147669488836	6	0.804481233318	0	0.298113633743	2	6	3	3120	800000	24	1481	1925	91	31	74	89	67	21	21	14	40	38	20	163
30581430_zpid	30581430_zpid	11217	399 Dean St, Brooklyn, NY 11217	40.682836	-73.9779522	0.141503812221	12	0.386422056906	2	0.117390016097	8	7	5	4500	2442750	8	1600	2005	70	131	36	46	28	46	49	70	43	20	31	230
30656497_zpid	30656497_zpid	11203	820 E 49th St, Brooklyn, NY 11203	40.641342	-73.930584	0.197575923538	6	0.959082445666	0	1.51361074359	0	3	3	1280	450000	6	2400	1925	77	18	16	24	17	47	37	13	24	16	6	118
30746263_zpid	30746263_zpid	11229	2270 E 28th St, Brooklyn, NY 11229	40.596382	-73.943369	0.224685226052	8	0.405309046189	3	1.00473228045	0	3	2	1848	775000	4	2199	1950	32	48	16	68	20	72	132	88	80	12	12	312
30699070_zpid	30699070_zpid	11228	1041 84th St, Brooklyn, NY 11228	40.618783	-74.018103	0.62462856027	1	0.657174556185	2	0.972400306442	0	5	2	2676	850000	68	3000	1925	17	8	9	8	6	19	40	14	18	3	3	31
30771867_zpid	30771867_zpid	11236	8509 Avenue N, Brooklyn, NY 11236	40.630082	-73.900364	0.723136389866	2	0.469281912677	1	1.84905236889	0	5	3	1800	540000	16	2400	1960	196	28	76	92	40	212	92	40	104	28	36	276
30789599_zpid	30789599_zpid	11235	3014 Brighton 6th St, Brooklyn, NY 11235	40.579143	-73.962343	0.194501376713	9	0.187072610597	5	0.187622807293	2	5	2	1000	350000	145	2000	1925	740	280	312	400	216	300	212	124	208	128	116	1152
83048800_zpid	83048800_zpid	11207	448 Ashford St, Brooklyn, NY 11207	40.6711729	-73.8845442	0.32137059708	9	0.520280004157	3	0.45932697494	4	8	5	2970	721000	111	1800	2006	52	12	36	39	32	27	25	6	26	25	11	100
30698878_zpid	30698878_zpid	11209	339 84th St, Brooklyn, NY 11209	40.624889	-74.029021	0.109758345247	16	0.358209705815	6	0.250713597107	2	3	1	1630	865000	8	2100	1920	84	77	34	41	23	55	35	31	19	17	5	200
30727937_zpid	30727937_zpid	11229	1769 E 28th St, Brooklyn, NY 11229	40.607952	-73.94499	0.367306910916	2	0.829143458268	0	1.08685445187	0	3	2.5	2500	950000	10	2500	1930	16	9	8	21	8	22	24	32	22	3	2	77
30606353_zpid	30606353_zpid	11233	254 Bainbridge St, Brooklyn, NY 11233	40.6812029	-73.926733	0.275077163631	6	0.368166885608	3	0.394593999937	2	5	2.5	2200	650000	33	2003	1899	154	69	115	141	89	19	18	12	48	50	28	205
30782883_zpid	30782883_zpid	11234	2249 E 73rd St, Brooklyn, NY 11234	40.618349	-73.902966	0.647429036695	1	0.558469783849	1	3.15230838677	0	5	3	2400	650000	73	4000	1960	11	7	6	11	5	14	20	9	17	2	4	47
30624149_zpid	30624149_zpid	11211	32 Sharon St, Brooklyn, NY 11211	40.715048	-73.937882	0.343877824896	9	0.462911778996	2	0.410885618886	2	2	1	1386	499999	82	2000	1955	24	115	12	37	17	25	31	11	21	12	17	129
30739737_zpid	30739737_zpid	11235	723 Desmond Ct, Brooklyn, NY 11235	40.590868	-73.9619422	0.353570813852	9	0.808027230365	0	0.752393188454	0	3	2.5	1800	400000	182	1800	1945	34	10	9	12	11	32	27	19	14	4	2	45
30791904_zpid	30791904_zpid	11235	2738 E 28th St, Brooklyn, NY 11235	40.586136	-73.9414029	0.298557711837	5	0.598825201106	1	1.08136111924	0	7	7	3698	938000	7	2501	1935	96	32	60	88	48	136	88	92	144	16	20	356
30692067_zpid	30692067_zpid	11220	6808 Madeline Ct, Brooklyn, NY 11220	40.637043	-74.027686	0.0694549634337	10	0.132945024045	3	0.43117109255	1	3	2	1192	890000	3	1400	1925	200	68	116	116	100	112	100	116	44	52	12	268
30693200_zpid	30693200_zpid	11209	7116 Colonial Rd, Brooklyn, NY 11209	40.635124	-74.032486	0.0829092886255	9	0.437924170066	3	0.769702796708	0	2	1	1000	787000	129	2379	1925	464	32	64	96	84	156	116	368	80	20	8	336
29782906_zpid	29782906_zpid	10456	666 Jefferson Pl, Bronx, NY 10456	40.832825	-73.899027	0.263210730471	4	0.251456764743	6	0.675312704229	1	5	3	3216	380000	36	5009	1901	216	13	82	114	61	26	10	5	13	29	16	155
30754931_zpid	30754931_zpid	11210	1328 E 28th St, Brooklyn, NY 11210	40.618622	-73.947594	0.65441078681	4	0.21929271082	2	1.0037498582	0	3	2	1326	625000	11	2000	1925	6	1	1	11	0	19	24	5	14	0	1	36
30786170_zpid	30786170_zpid	11234	2028 Hendrickson St, Brooklyn, NY 11234	40.6118189	-73.926618	0.322593586465	2	0.976506894011	0	2.65956805533	0	4	2	1856	889000	0	3000	1930	44	40	16	28	12	112	96	92	60	12	28	352
30672505_zpid	30672505_zpid	11218	64 Louisa St, Brooklyn, NY 11218	40.643247	-73.981911	0.172389611457	9	0.151424517314	9	0.20829665594	1	6	3	1872	215000	242	2200	1920	87	31	34	46	39	55	58	41	14	14	9	186
30589458_zpid	30589458_zpid	11238	600 Franklin Ave APT 1, Brooklyn, NY 11238	40.677887	-73.955627	0.131085594421	11	0.421030716231	5	0.302036797531	5	1	1	4000	250000	148	1600	1910	368	424	168	248	232	124	76	72	108	76	72	608
30775473_zpid	30775473_zpid	11236	1029 E 101st St, Brooklyn, NY 11236	40.643558	-73.894917	0.398009412862	6	0.535653048784	2	0.679484972144	1	6	2.5	2235	615000	113	1999	1960	284	28	136	100	104	172	92	40	72	72	40	376
30601582_zpid	30601582_zpid	11233	1242 Herkimer St, Brooklyn, NY 11233	40.677377	-73.912384	0.464007339075	4	0.156935511974	3	0.184196638252	4	2	2	2800	860000	20	1655	1901	257	27	176	182	131	56	39	24	63	74	34	228
29812061_zpid	29812061_zpid	10461	1653 Hubbell St, Bronx, NY 10461	40.840182	-73.8498259	0.278929068824	10	0.371590455271	7	0.473608852784	3	4	2.5	1944	337888	10	1776	1961	118	14	40	31	27	27	20	12	21	8	6	121
30612883_zpid	30612883_zpid	11238	66 Clifton Pl, Brooklyn, NY 11238	40.687654	-73.961932	0.383772903721	12	0.377560801044	6	0.207646152967	3	4	2.5	2880	2699000	5	1800	1899	91	93	57	93	58	26	39	16	41	17	22	138
30701246_zpid	30701246_zpid	11209	238 92nd St, Brooklyn, NY 11209	40.619438	-74.034277	0.11432814033	11	0.172403522406	3	0.444776424329	2	5	3	1584	1125000	20	4000	1899	752	176	96	164	140	268	164	120	44	32	24	680
29820448_zpid	29820448_zpid	10467	2449 Olinville Ave, Bronx, NY 10467	40.8628223	-73.868699	0.253099087391	7	0.370695557137	4	0.312525492191	2	1	1	3296	390000	73	2500	1910	319	24	111	119	121	21	18	12	33	41	23	230
30749454_zpid	30749454_zpid	11235	2537 E 27th St, Brooklyn, NY 11235	40.590396	-73.942612	0.235800911501	11	0.272726295791	2	1.05070797541	0	4	2.5	2580	670000	73	2003	1955	240	68	72	80	44	140	112	164	124	20	16	400
30625152_zpid	30625152_zpid	11237	107 Wilson Ave, Brooklyn, NY 11237	40.701596	-73.926761	0.0329005940118	14	0.204909291028	5	0.419670259771	5	3	3	5500	2105000	18	2482	1931	169	107	107	156	126	32	24	6	43	64	26	289
30601634_zpid	30601634_zpid	11233	1306 Herkimer St, Brooklyn, NY 11233	40.677265	-73.910221	0.0502953336161	7	0.0334041453246	3	0.144276794212	8	3	2	1224	323000	22	1280	1901	924	104	652	768	536	200	160	108	240	332	120	888
30793735_zpid	30793735_zpid	11229	60 Gotham Ave, Brooklyn, NY 11229	40.590179	-73.926332	0.342750923661	2	1.13227441508	0	2.38027373415	0	2	2	1158	675000	93	1680	1920	1	6	1	15	1	1	26	11	19	1	3	34
30665042_zpid	30665042_zpid	11225	96 Rutland Rd, Brooklyn, NY 11225	40.6587419	-73.957435	0.247285749734	12	0.311980725213	8	0.514824373684	4	5	3	3250	2300000	0	1800	1920	436	113	201	161	180	25	50	21	58	55	14	267
30784759_zpid	30784759_zpid	11234	1632 E 56th St, Brooklyn, NY 11234	40.615677	-73.921012	0.207053228764	7	0.995565162999	0	2.9514542159	0	3	2	1440	225000	164	2200	1925	19	6	14	13	14	42	15	16	22	7	7	102
30601324_zpid	30601324_zpid	11233	1315 Herkimer St, Brooklyn, NY 11233	40.677684	-73.909839	0.104856099573	6	0.0882719876164	3	0.119540022982	8	8	3	2922	105000	287	2000	1905	241	27	166	195	141	48	41	26	62	85	30	224
30665387_zpid	30665387_zpid	11225	159 Winthrop St, Brooklyn, NY 11225	40.65703	-73.954815	0.1342776703	13	0.270524583785	7	0.40708674718	3	2	1	1938	1325000	14	5300	1901	976	216	520	416	324	108	132	64	176	168	24	660
29840722_zpid	29840722_zpid	10475	3412 Hunter Ave, Bronx, NY 10475	40.880747	-73.833979	0.756655607421	0	0.348617602461	3	0.360131929312	1	4	2.5	2376	343000	46	5000	1933	0	0	8	12	7	11	12	5	7	4	2	44
30587498_zpid	30587498_zpid	11215	495 4th St, Brooklyn, NY 11215	40.669431	-73.977549	0.109004145651	17	0.652449834565	2	0.421774289974	1	5	3	3458	3400000	21	1900	1899	156	192	60	120	52	60	280	168	120	32	56	716
30693143_zpid	30693143_zpid	11209	7106 Narrows Ave, Brooklyn, NY 11209	40.63596	-74.035119	0.316753694413	5	0.652496966452	1	0.998067342925	0	4	3	3212	1318000	6	2000	1925	40	6	7	13	7	30	16	70	10	2	1	43
30713919_zpid	30713919_zpid	11214	1657 Cropsey Ave, Brooklyn, NY 11214	40.604365	-74.01022	0.189464941861	6	0.307631058124	3	0.820812201273	0	4	3	1762	1220000	0	1916	1960	14	18	10	25	6	32	18	39	17	2	3	69
30651673_zpid	30651673_zpid	11203	703 Schenectady Ave, Brooklyn, NY 11203	40.656276	-73.933482	0.244696265575	7	0.552431559821	4	1.31021040589	0	4	2	1571	174000	158	3558	1940	103	13	66	50	61	66	36	11	29	30	12	141
29779614_zpid	29779614_zpid	10456	776 E 169th St, Bronx, NY 10456	40.830232	-73.89941	0.161742012616	5	0.187411090242	9	0.637962771511	1	3	1.5	1188	275000	5	1738	1987	756	52	392	436	276	164	28	32	68	144	80	636
30760390_zpid	30760390_zpid	11210	1149 E 38th St, Brooklyn, NY 11210	40.627014	-73.939022	0.398685083444	4	0.701045966015	2	0.974877156643	0	3	2	2000280	350000	25	2003	1920	360	44	184	184	148	240	176	92	104	64	60	420
29791029_zpid	29791029_zpid	10473	324 Stephens Ave, Bronx, NY 10473	40.812511	-73.853636	0.348742371507	1	0.988693783145	0	2.3839856668	0	3	1	1200	187500	161	2243	1920	136	20	72	80	48	84	48	76	44	76	12	264
30623221_zpid	30623221_zpid	11211	267 Ainslie St, Brooklyn, NY 11211	40.713377	-73.943201	0.171137250454	10	0.115236674654	4	0.150524169307	5	4	4	1800	1900000	10	2500	1920	38	93	24	58	32	35	50	6	26	13	15	197
30737642_zpid	30737642_zpid	11223	2249 W 6th St, Brooklyn, NY 11223	40.59317	-73.976534	0.394296091278	6	0.175326079658	2	0.151827071084	4	4	3	2000	405600	100	2000	1930	36	15	12	21	10	46	24	37	26	6	7	99
30786907_zpid	30786907_zpid	11234	2078 E 53rd Pl, Brooklyn, NY 11234	40.610769	-73.921557	0.574763204132	3	1.25385611518	0	3.07301506427	0	4	2	1840	608000	0	1983	1940	8	6	5	10	5	29	22	12	12	4	4	82
30784617_zpid	30784617_zpid	11234	1733 E 53rd St, Brooklyn, NY 11234	40.616089	-73.923328	0.366858429231	9	0.910948983264	0	2.77410809924	0	3	2	1184	469000	0	2942	1925	52	76	32	36	44	152	96	72	88	20	28	460
2099423052_zpid	2099423052_zpid	11218	141 East 8th Street, Brooklyn, NY 11218	40.6468052	-73.9720366	0.147657521896	12	0.727245916352	1	0.458453607737	3	4	3	2000	1250000	0	3750	1900	128	37	48	68	53	33	32	27	27	22	9	153
30640240_zpid	30640240_zpid	11208	537 Shepherd Ave, Brooklyn, NY 11208	40.671384	-73.879797	0.0473463295565	8	0.421252770443	3	0.316095455133	2	3	1	1932	137500	280	2500	1930	716	108	380	452	288	220	120	44	152	232	104	744
29813159_zpid	29813159_zpid	10462	830 Kinsella St, Bronx, NY 10462	40.845342	-73.86109	0.174164619133	9	0.202423689819	4	0.731738944149	1	3	1.5	1432	183000	197	875	1970	167	26	54	72	44	71	38	22	28	26	11	139
29790814_zpid	29790814_zpid	10473	351 Thieriot Ave, Bronx, NY 10473	40.812392	-73.860198	0.589489815371	1	0.968217442611	0	2.21799280145	0	3	2	1025	330000	0	2600	1925	43	13	19	35	9	33	14	15	11	19	6	95
66654742_zpid	66654742_zpid	10451	587 Walton Ave, Bronx, NY 10451	40.8199471	-73.9282027	0.160465772461	4	0.558287300958	1	0.189142876123	4	6	4	3312	439900	99	1573	1918	203	23	70	58	59	6	9	4	19	17	12	132
