30661411_zpid	30661411_zpid	11203	506 E 35th St, Brooklyn, NY 11203	40.642665	-73.944158	0.152498902888	4	0.358816624887	4	0.468255906658	2	3	1	2000	164000	241	2000	1920	564	32	408	340	360	176	76	28	84	108	48	464
30794051_zpid	30794051_zpid	11229	62 Canton Ct, Brooklyn, NY 11229	40.5888289	-73.9222659	0.12867373549	2	1.49502363824	0	2.70438348083	0	2	1	650	230000	3	1800	1920	2	3	1	15	0	1	32	11	24	2	5	40
30675645_zpid	30675645_zpid	11218	577 E 8th St, Brooklyn, NY 11218	40.635739	-73.969871	0.387188654423	7	0.32672487654	9	0.6023838947	2	8	5	3648	1350000	2	3500	1930	572	136	228	208	128	292	136	244	64	56	40	636
30671406_zpid	30671406_zpid	11218	137 E 2nd St, Brooklyn, NY 11218	40.648632	-73.979102	0.0272562441072	10	0.452210079997	4	0.309249938528	2	4	3	1508	900000	19	1684	1925	212	104	68	104	92	88	124	108	76	24	24	404
29824284_zpid	29824284_zpid	10469	2939 Tenbroeck Ave, Bronx, NY 10469	40.868753	-73.853054	0.40474518545	7	0.597758936513	2	0.568039232305	1	3	1.5	3000	289000	149	2500	1930	30	12	26	19	10	53	25	15	30	12	3	86
30738899_zpid	30738899_zpid	11223	2354 E 4th St, Brooklyn, NY 11223	40.5926	-73.967116	0.249163606646	7	0.731938700483	1	0.653385888284	2	4	2.5	2280	857500	11	2492	1950	200	40	56	100	48	160	156	116	56	20	12	272
30787896_zpid	30787896_zpid	11234	261 Arkansas Dr, Brooklyn, NY 11234	40.607297	-73.903412	1.20101243458	0	1.21734533777	0	4.38318832814	0	4	2	2506	1250000	0	4200	1960	0	1	0	5	0	0	7	1	7	2	0	9
30636706_zpid	30636706_zpid	11207	162 Sunnyside Ave, Brooklyn, NY 11207	40.681823	-73.891102	0.316323737395	3	0.221640489576	4	0.45216679193	2	6	2	2252	425000	81	1650	1950	83	31	53	54	44	62	40	34	35	22	7	118
30660043_zpid	30660043_zpid	11226	102 E 32nd St, Brooklyn, NY 11226	40.6483009	-73.947688	0.128389016403	6	0.34778382164	6	0.324778036459	2	6	5.5	2440	305500	165	2500	1920	207	34	78	71	67	75	21	13	26	29	20	168
30652580_zpid	30652580_zpid	11212	9218 Kings Hwy, Brooklyn, NY 11212	40.6565272	-73.9208519	0.193764001664	11	0.213664409548	4	0.668345399952	1	3	1	2212	495000	126	3776	1950	344	15	156	183	131	67	11	7	27	51	21	232
30599913_zpid	30599913_zpid	11233	398 Bainbridge St, Brooklyn, NY 11233	40.6819636	-73.9209063	0.347746165439	6	0.433311242955	3	0.362652377246	2	2	2	2175	670000	122	1725	1901	226	58	140	170	136	24	35	12	63	92	27	265
29792990_zpid	29792990_zpid	10473	786 Olmstead Ave, Bronx, NY 10473	40.822552	-73.851695	0.494970655047	4	0.423511147915	4	1.30503181088	0	3	2	2480	531000	109	2934	1930	340	88	116	88	56	100	72	20	72	40	20	268
30766089_zpid	30766089_zpid	11236	243 Dorset St, Brooklyn, NY 11236	40.646537	-73.918755	0.372054964055	3	0.972001566385	0	1.42790223448	0	2	1	1188	251750	136	1440	1940	36	8	36	44	28	64	56	12	24	24	16	168
30639402_zpid	30639402_zpid	11208	439 Shepherd Ave, Brooklyn, NY 11208	40.673744	-73.880402	0.191130738492	7	0.307293242721	3	0.0520538710851	2	3	2	1152	349000	0	2500	1920	664	104	336	396	280	204	148	48	132	248	96	720
30776502_zpid	30776502_zpid	11236	1114 E 101st St, Brooklyn, NY 11236	40.6418869	-73.893811	0.456966927086	6	0.567608175171	3	0.861788633107	0	3	2.5	2052	390000	79	1672	1955	67	8	27	25	22	35	17	11	14	16	8	83
30623604_zpid	30623604_zpid	11211	580 Grand St, Brooklyn, NY 11211	40.710921	-73.948588	0.00629264971932	13	0.0574054698842	6	0.346784017897	6	3	2	3400	859000	119	2000	1920	80	153	66	74	57	28	38	13	19	17	9	213
30789678_zpid	30789678_zpid	11235	3017 Brighton 8th St, Brooklyn, NY 11235	40.5795048	-73.9603678	0.0228173410792	10	0.0409908960967	5	0.218774810808	1	3	1	1437	550000	125	2400	1899	916	264	316	420	272	336	224	116	212	144	104	1188
29793958_zpid	29793958_zpid	10473	2215 Turnbull Ave, Bronx, NY 10473	40.8243124	-73.848297	0.422045942187	3	0.460729667789	2	1.14546502572	0	2	1	1500	442000	113	3110	1955	21	13	14	8	6	27	11	4	10	4	6	54
30637445_zpid	30637445_zpid	11208	100 Essex St, Brooklyn, NY 11208	40.682056	-73.883554	0.215375018177	7	0.224461108859	3	0.252007703271	2	6	3	2982	160000	242	2000	1910	292	132	188	212	184	188	128	84	124	76	56	548
55540897_zpid	55540897_zpid	10454	699 E 142nd St, Bronx, NY 10454	40.808359	-73.9114139	0.481212788468	7	0.485714402978	3	0.319073537889	4	5	2.5	2280	440000	7	2278	1999	436	72	216	248	164	36	44	24	72	76	24	368
29845480_zpid	29845480_zpid	10465	251 Throggs Neck Blvd, Bronx, NY 10465	40.818439	-73.813689	0.309834583442	4	0.369289561105	1	3.41234874039	0	3	1	1150	345000	49	3554	1955	6	10	1	9	5	16	23	11	10	5	10	62
30613964_zpid	30613964_zpid	11238	17 Irving Pl, Brooklyn, NY 11238	40.684512	-73.959799	0.292014692654	12	0.347561848244	5	0.486002964213	5	2	1	3000	2000000	29	2000	1899	126	183	81	119	69	29	50	19	51	21	42	202
30720383_zpid	30720383_zpid	11223	1659 W 10th St, Brooklyn, NY 11223	40.60622	-73.982909	0.174187412701	7	0.397256498127	4	0.334735768185	2	5	2	2904	990000	18	2000	1925	69	17	35	18	29	58	20	24	14	8	3	74
30574272_zpid	30574272_zpid	11232	140 30th St, Brooklyn, NY 11232	40.658153	-74.00214	0.223662093513	3	0.408263826568	2	0.423453670491	2	2	1	2500	1299000	0	2504	1910	23	31	13	17	12	11	32	19	13	1	9	79
83044161_zpid	83044161_zpid	11221	851 Madison St, Brooklyn, NY 11221	40.6882205	-73.9220414	0.166070620587	11	0.3505369476	4	0.158086863155	2	8	3	3875	920000	0	2500	2005	192	54	91	133	96	29	28	8	44	55	34	226
30599202_zpid	30599202_zpid	11233	813 Halsey St, Brooklyn, NY 11233	40.685459	-73.91997	0.137015093934	8	0.323618524233	3	0.304224542452	2	5	2.5	2499	855000	6	1850	1899	141	45	100	103	94	6	23	6	39	68	12	211
112080019_zpid	112080019_zpid	11249	162 N 12th St APT 2D, Brooklyn, NY 11249	40.7208641	-73.9555615	0.0890540249152	12	0.21295604998	3	0.379124914178	2	1	1	676	450000	56	5000	2011	232	220	24	48	8	104	60	48	36	152	4	292
30671262_zpid	30671262_zpid	11218	664 Vanderbilt St, Brooklyn, NY 11218	40.654002	-73.974239	0.127417100966	5	0.415063078208	1	0.486333063235	1	5	3	2048	1395500	27	2700	1899	10	12	9	15	7	18	15	15	11	1	3	39
29852630_zpid	29852630_zpid	10471	4500 Fieldston Rd, Bronx, NY 10471	40.891878	-73.905281	0.502328177556	6	0.790882459141	0	0.629818005032	1	6	3.5	4140	2150000	3	11325.6	1905	11	6	2	1	0	1	20	3	4	0	1	15
30587779_zpid	30587779_zpid	11215	459 8th St, Brooklyn, NY 11215	40.667149	-73.97982	0.09814734934	19	0.508167768122	4	0.105971176579	2	4	3.5	2700	3525000	3	1733	1901	35	63	17	41	16	22	67	39	29	7	17	183
30696806_zpid	30696806_zpid	11209	240 78th St, Brooklyn, NY 11209	40.629412	-74.030208	0.226904487261	16	0.610951630725	3	0.398603566326	1	5	6.5	5001	1200000	133	5466	1920	65	42	31	22	22	50	43	65	11	12	5	111
30591794_zpid	30591794_zpid	11216	815 Prospect Pl, Brooklyn, NY 11216	40.674571	-73.94946	0.0999169893943	11	0.0392563625678	6	0.436748058261	4	8	3.5	4150	1300000	5	3140	1910	1428	368	744	948	820	152	144	44	236	312	156	1176
112498825_zpid	112498825_zpid	11217	99 Saint Marks Pl, Brooklyn, NY 11217	40.681577	-73.97877	0.091306110071	12	0.237640391394	3	0.232570930525	9	1	1	4224	1560000	95	2000	1910	72	225	37	41	31	53	53	65	40	15	27	223
29821823_zpid	29821823_zpid	10469	2420 Morgan Ave, Bronx, NY 10469	40.861605	-73.845141	0.205731693335	2	0.862055815217	0	0.887949105351	0	3	2.5	2448	173500	276	5000	1915	17	10	3	13	2	27	20	9	22	3	3	57
30695084_zpid	30695084_zpid	11209	610 74th St, Brooklyn, NY 11209	40.628396	-74.019769	0.257266197741	12	0.287919741009	6	0.507644542852	1	5	2	2865	980000	8	20	1925	47	21	17	36	18	32	43	41	21	19	5	107
94719838_zpid	94719838_zpid	11213	1741 Pacific St, Brooklyn, NY 11213	40.676938	-73.932494	0.0726063525645	7	0.123023045339	5	0.308441001848	1	4	2	2050	300000	6	3049	1923	384	48	156	224	196	136	92	24	76	48	24	500
30660471_zpid	30660471_zpid	11226	195 E 32nd St, Brooklyn, NY 11226	40.645981	-73.946834	0.286274826388	5	0.303779100618	4	0.204639245909	3	5	2.5	2184	430000	35	2000	1910	219	41	80	93	71	72	25	11	20	40	22	161
30581110_zpid	30581110_zpid	11232	660 40th St, Brooklyn, NY 11232	40.648271	-74.00094	0.337822540215	8	0.376280386423	6	0.600657888041	1	6	3	2200	900000	4	2003	1910	76	53	27	35	33	46	22	11	10	11	7	86
55541178_zpid	55541178_zpid	10472	1144 Rosedale Ave, Bronx, NY 10472	40.8289169	-73.868267	0.558174226901	4	0.319229119936	4	0.293683694308	2	6	4	2772	600000	5	2224	1998	167	155	56	74	61	49	20	8	38	37	13	163
30631200_zpid	30631200_zpid	11207	1505 Bushwick Ave, Brooklyn, NY 11207	40.6831109	-73.906326	0.00556268675382	3	0.255114665116	2	0.133430663861	7	5	3	3783	611659	130	1625	2004	308	84	264	336	212	52	92	60	56	120	48	572
30763604_zpid	30763604_zpid	11234	1218 E 59th St, Brooklyn, NY 11234	40.623569	-73.91897	0.208461039526	7	0.678553022419	2	2.63289476406	0	3	1.5	1408	438000	19	2000	1925	56	32	44	40	28	140	80	84	76	40	40	428
30626804_zpid	30626804_zpid	11221	23 Goodwin Pl, Brooklyn, NY 11221	40.691998	-73.923896	0.164191640518	10	0.12006020313	6	0.297192969249	3	6	3	2040	245000	11	2070	1901	872	228	372	540	424	188	164	68	248	192	128	1144
29781315_zpid	29781315_zpid	10474	644 Coster St, Bronx, NY 10474	40.813386	-73.886839	0.140754638912	4	0.223513119501	3	0.863222074781	0	7	2	2134	285000	2	1999	1910	127	17	93	81	68	25	15	3	30	17	12	147
30592696_zpid	30592696_zpid	11216	16 Saint Charles Pl, Brooklyn, NY 11216	40.6716388	-73.9560208	0.117426545273	13	0.501151812293	5	0.207576989704	6	1	1	3200	1200000	29	1742	1910	592	152	360	396	332	68	80	24	92	136	80	588
30615514_zpid	30615514_zpid	11217	67 S Elliott Pl, Brooklyn, NY 11217	40.687688	-73.975398	0.0457806888309	8	0.0989588953005	2	0.0700506507579	8	6	2	3040	1995000	23	2000	1905	59	65	23	33	12	11	26	22	20	11	11	139
30727442_zpid	30727442_zpid	11229	1753 E 17th St, Brooklyn, NY 11229	40.607202	-73.955736	0.174991576241	5	0.316084803942	3	0.240317978236	1	6	3	2400	874900	43	3000	1930	176	40	60	60	65	75	61	42	24	21	7	210
30623953_zpid	30623953_zpid	11211	267 Withers St, Brooklyn, NY 11211	40.717873	-73.940917	0.180243985445	8	0.49905801868	3	0.453449826131	2	4	2	2100	1550000	2	2079	1920	52	464	28	120	56	88	84	20	80	32	72	384
30737967_zpid	30737967_zpid	11223	2249 West St, Brooklyn, NY 11223	40.5939531	-73.9706163	0.21241343904	6	0.682816945624	1	0.329900615422	3	6	4	3020	1200000	1	2000	1935	192	32	68	128	44	184	132	152	112	24	24	468
30586988_zpid	30586988_zpid	11215	10 Polhemus Pl, Brooklyn, NY 11215	40.672627	-73.976015	0.0329107387869	16	0.0800507128572	4	0.526694046646	2	4	4.5	3905	3297000	32	1760	1899	35	45	10	26	13	15	51	32	27	7	10	166
30788665_zpid	30788665_zpid	11234	2244 E 57th Pl, Brooklyn, NY 11234	40.608932	-73.912605	0.755222452787	0	0.963317647528	0	3.81535511501	0	5	3	2552	830000	39	3800	1965	2	6	2	6	3	19	6	27	19	2	1	30
30646090_zpid	30646090_zpid	11208	679 Hemlock St, Brooklyn, NY 11208	40.672286	-73.86798	0.134044936595	7	0.16110874694	6	0.48963801611	2	5	3	3780	233600	75	2500	1910	110	12	70	62	38	46	31	7	33	35	12	152
29846106_zpid	29846106_zpid	10465	805 Wilcox Ave, Bronx, NY 10465	40.8310612	-73.8177082	0.474685700489	5	0.514575305568	2	2.11859937038	0	3	3	1800	520000	9	1951	1965	4	2	5	15	1	13	18	22	16	3	3	34
30794692_zpid	30794692_zpid	11229	2532 Gerritsen Ave, Brooklyn, NY 11229	40.595992	-73.929023	0.395729820568	2	0.720931588502	1	2.21093299766	0	3	5	1360	430000	65	1456	1955	3	17	0	5	2	7	15	7	13	3	2	26
30759070_zpid	30759070_zpid	11234	1237 E 49th St, Brooklyn, NY 11234	40.631004	-73.9288739	0.121132041988	6	0.819236888699	0	1.59861554046	0	3	2	2310	420000	38	2500	1935	34	16	18	28	12	45	28	14	20	14	4	81
30747670_zpid	30747670_zpid	11235	2471 E 12th St, Brooklyn, NY 11235	40.5900899	-73.958376	0.286958160954	12	0.42764014477	4	0.503723043868	2	4	2.75	3000	740000	36	2613	1960	44	16	9	26	14	43	30	27	22	8	2	82
30592392_zpid	30592392_zpid	11216	686 Sterling Pl, Brooklyn, NY 11216	40.6728877	-73.9559735	0.137044493766	14	0.503136488142	4	0.251827477148	6	5	3.5	2750	910000	118	2620	1910	191	40	101	110	94	20	24	9	26	41	25	152
30671015_zpid	30671015_zpid	11218	165 Mcdonald Ave, Brooklyn, NY 11218	40.6506339	-73.980497	0.275240206115	6	0.216038687006	3	0.409723688237	2	4	3	2040	1110000	11	2548	1915	10	16	10	16	10	18	20	20	12	2	3	45
30579980_zpid	30579980_zpid	11215	286 17th St, Brooklyn, NY 11215	40.662484	-73.989701	0.184928041181	16	0.297278059339	5	0.421996061975	2	2	1.5	800	900000	16	1903	1920	54	66	16	52	20	43	55	17	25	13	15	154
30659710_zpid	30659710_zpid	11203	3909 Snyder Ave, Brooklyn, NY 11203	40.6496386	-73.9403908	0.194493992737	3	0.378693840281	2	0.787182169909	0	3	2.5	2040	300000	28	1785	1920	101	19	71	64	65	50	14	7	26	29	5	108
30775833_zpid	30775833_zpid	11236	10525 Avenue K, Brooklyn, NY 11236	40.644871	-73.890529	0.387562147724	2	0.351730592776	3	0.97659716715	0	3	3	2328	270000	167	2000	1965	40	4	17	16	13	19	12	3	13	9	7	65
60023201_zpid	60023201_zpid	10475	3406 Wright Ave, Bronx, NY 10475	40.880919	-73.833079	0.680984243423	1	0.313723868169	4	0.43784262397	1	8	6	3300	550000	78	2017	2000	2	1	8	15	7	13	15	8	7	4	2	55
30707290_zpid	30707290_zpid	11214	1734 77th St, Brooklyn, NY 11214	40.6129589	-73.998879	0.112243559866	12	0.196321162239	7	0.158237026331	3	3	3	2420	800000	18	2000	1930	53	6	16	26	9	23	31	26	17	9	7	104
30688169_zpid	30688169_zpid	11219	1144 58th St, Brooklyn, NY 11219	40.631787	-74.000814	0.40384760001	6	0.387524326972	6	0.385884300698	4	6	3	2400	1615000	15	4007	1910	51	11	25	32	20	51	62	45	19	8	8	122
30758316_zpid	30758316_zpid	11234	958 E 54th St, Brooklyn, NY 11234	40.634675	-73.924926	0.19849646289	4	0.52178052477	2	1.92991339655	0	4	2.5	2440	480000	20	2003	1950	26	7	6	12	3	29	21	11	17	6	1	55
29846197_zpid	29846197_zpid	10465	716 Vincent Ave, Bronx, NY 10465	40.829279	-73.816689	0.524443686399	5	0.593438154172	2	2.31729422403	0	8	7	3656	850000	123	3750	2004	24	12	12	40	0	48	52	128	56	4	16	168
30621701_zpid	30621701_zpid	11222	641 Humboldt St, Brooklyn, NY 11222	40.724455	-73.9455459	0.0885062921962	14	0.220686896464	2	0.483913678999	1	2	3	1852	835000	39	1617	1901	140	288	88	180	52	80	148	84	108	44	60	756
30574692_zpid	30574692_zpid	11232	433 37th St, Brooklyn, NY 11232	40.653344	-74.003878	0.198033360057	5	0.32359837819	4	0.136023130133	2	4	2	1830	999999	19	1799	1901	64	51	26	29	31	10	41	15	19	10	7	114
30753021_zpid	30753021_zpid	11210	1124 E 23rd St, Brooklyn, NY 11210	40.6230199	-73.953248	0.538718894925	4	0.697788444043	4	0.683236226934	1	5	3.5	1864	1150000	5	3000	1915	6	1	3	3	0	12	11	3	19	1	0	22
30715602_zpid	30715602_zpid	11230	783 E 10th St, Brooklyn, NY 11230	40.630011	-73.96689	0.407994514191	8	0.395530071021	8	0.451230276274	3	8	6	3120	999999	9	2542	1931	77	38	50	47	46	62	52	55	29	16	12	152
30650411_zpid	30650411_zpid	11212	20 E 92nd St, Brooklyn, NY 11212	40.663434	-73.929678	0.262977730346	10	0.134138040958	6	0.605111063729	2	2	3	1680	345700	112	1600	1940	444	20	204	212	160	104	32	16	60	76	32	452
30607100_zpid	30607100_zpid	11206	507 Willoughby Ave, Brooklyn, NY 11206	40.694061	-73.949506	0.0816948860578	8	0.497374331833	6	0.164861502053	3	7	4.5	3600	1350000	3	1999	1899	71	24	56	89	42	29	15	17	28	23	21	126
30672538_zpid	30672538_zpid	11218	127 Chester Ave, Brooklyn, NY 11218	40.642379	-73.982711	0.184541396278	10	0.209027766156	9	0.316010075217	1	3	2	1640	724994	116	2000	1920	84	32	42	49	40	57	67	53	14	13	8	192
30789182_zpid	30789182_zpid	11235	8 Brighton 3RD Pl, Brooklyn, NY 11235	40.5795243	-73.9647268	0.199817439467	7	0.268078937771	7	0.357670811003	2	7	1	1323	250000	36	1350	1905	528	248	308	412	260	244	160	104	192	112	104	1068
30788164_zpid	30788164_zpid	11234	1 Gaylord Dr N, Brooklyn, NY 11234	40.610563	-73.906533	0.761827170795	0	0.781972287013	0	4.03706580134	0	4	3.5	4096	1000000	183	5965	1960	2	9	2	5	1	7	8	11	14	0	1	32
29782001_zpid	29782001_zpid	10453	23 Mount Hope Pl, Bronx, NY 10453	40.8494979	-73.910146	0.1405410333	11	0.152808729086	10	0.179156905958	5	9	6	3420	699000	0	3125	1901	683	67	277	266	264	73	31	13	83	85	26	426
30598203_zpid	30598203_zpid	11233	2256 Pacific St, Brooklyn, NY 11233	40.675178	-73.909385	0.1875667266	6	0.236708192534	5	0.387035047166	6	6	3	3456	17000	23	2134	2003	176	15	100	150	97	36	30	18	47	57	28	157
30606929_zpid	30606929_zpid	11206	877 Myrtle Ave, Brooklyn, NY 11206	40.695793	-73.947594	0.1962032686	8	0.520163840578	6	0.12486927324	4	2	1	1800	168300	5	2000	1920	102	36	70	105	49	54	20	44	29	29	30	158
30789908_zpid	30789908_zpid	11235	10 Brighton 10th Ct, Brooklyn, NY 11235	40.581429	-73.9590937	0.227628549612	13	0.0580774598475	5	0.457882615332	2	3	3	1988	140000	271	1800	1920	236	53	69	93	51	84	53	31	50	31	27	247
29778868_zpid	29778868_zpid	10455	643 Eagle Ave, Bronx, NY 10455	40.816772	-73.910998	0.362364390683	9	0.234461065073	9	0.270659424566	2	6	3	1840	390000	55	2764	1901	190	30	52	77	57	22	26	7	33	28	17	185
30715182_zpid	30715182_zpid	11214	8858 19th Ave, Brooklyn, NY 11214	40.600951	-74.006016	0.297934843008	5	0.32746432729	4	0.775250026705	0	3	2	1687	699000	17	2127	1940	111	23	33	32	22	39	36	39	12	9	10	119
30603021_zpid	30603021_zpid	11221	779 Lexington Ave, Brooklyn, NY 11221	40.690345	-73.929705	0.231377627859	9	0.350895351771	3	0.341995830848	2	2	1	2100	499000	8	1667	1899	768	256	400	548	444	212	144	72	152	244	148	1152
30748315_zpid	30748315_zpid	11235	2458 E 28th St, Brooklyn, NY 11235	40.59214	-73.942575	0.166240674595	13	0.254826106815	3	1.11866511784	0	5	4	1652	813000	9	2000	1940	52	15	16	12	8	22	23	27	20	2	1	62
30701453_zpid	30701453_zpid	11209	9330 Lafayette Walk, Brooklyn, NY 11209	40.6173823	-74.0318341	0.157065653048	11	0.0795223172899	5	0.143452299367	2	3	2	1365	205000	190	930	1925	120	36	31	34	31	76	48	32	6	13	8	179
29815876_zpid	29815876_zpid	10461	1826 Hutchinson River Pkwy, Bronx, NY 10461	40.8487719	-73.835264	0.28585183455	8	0.44159659655	1	0.314958872592	2	2	2	1620	425000	0	1900	1950	70	13	19	14	15	25	18	12	10	12	7	75
30761529_zpid	30761529_zpid	11210	1867 Flatbush Ave, Brooklyn, NY 11210	40.624521	-73.938468	0.117380154817	3	0.779260917876	0	1.207272823	0	3	2.5	2560	580000	3	1800	1931	260	32	108	136	92	156	144	60	84	44	36	292
30620647_zpid	30620647_zpid	11222	1030 Lorimer St, Brooklyn, NY 11222	40.726407	-73.953022	0.112891578485	12	0.172011920717	4	0.246135040813	2	3	2	5000	1710000	24	2500	1899	53	87	22	51	22	36	40	29	20	17	13	193
30788923_zpid	30788923_zpid	11234	2246 E 59th Pl, Brooklyn, NY 11234	40.610368	-73.9118079	0.604273448436	1	0.7912425352	0	3.89262762063	0	5	3.5	2800	250000	139	2100	1960	2	6	2	6	3	18	7	20	20	2	1	29
30789618_zpid	30789618_zpid	11235	3065 Brighton 6th St, Brooklyn, NY 11235	40.578108	-73.9613509	0.168007255209	11	0.150128337244	6	0.0497319378102	2	6	2	1800	700000	3	2500	1932	800	276	280	388	228	296	200	88	164	128	100	1104
