30620672_zpid	30620672_zpid	11222	101 Norman Ave, Brooklyn, NY 11222	40.725817	-73.95132	0.0450033826798	12	0.279457607629	5	0.131629634823	2	6	3	3465	2525000	3	2374	1900	47	84	21	46	17	33	35	30	20	17	12	201
30639049_zpid	30639049_zpid	11208	168 Atkins Ave, Brooklyn, NY 11208	40.67496	-73.87938	0.294238052151	9	0.217878845803	4	0.148038427676	4	3	1	2000	495000	65	2178	1910	163	22	96	109	82	51	43	14	42	60	18	203
30694047_zpid	30694047_zpid	11209	324 72nd St, Brooklyn, NY 11209	40.633111	-74.026231	0.0827642033865	16	0.196603805042	4	0.317517659807	2	5	3	3120	901000	17	2000	1910	125	35	45	51	35	39	44	62	23	18	7	167
30664486_zpid	30664486_zpid	11225	220 Lincoln Rd, Brooklyn, NY 11225	40.661043	-73.955287	0.400927644124	10	0.446978348888	6	0.419705182556	3	3	1	2919	400000	154	2100	1910	548	118	212	179	179	33	44	20	51	69	24	304
30779363_zpid	30779363_zpid	11236	1405 E 100th St, Brooklyn, NY 11236	40.636953	-73.888807	0.347290676904	4	0.27829532377	3	1.54272755857	0	4	3	1560	489300	8	2000	1960	23	8	18	18	1	18	14	8	12	4	2	59
29813530_zpid	29813530_zpid	10462	1834 Delancey Pl, Bronx, NY 10462	40.84745	-73.860658	0.150158587651	7	0.267783956327	2	0.674408986174	1	2	2	1280	355000	12	1799	1950	71	29	37	54	24	79	37	31	27	21	14	111
30653334_zpid	30653334_zpid	11212	471 E 96th St, Brooklyn, NY 11212	40.656337	-73.915815	0.0606802251935	9	0.439607347213	5	0.571149421051	1	7	3	3400	575000	2	2425	1925	373	17	188	179	149	56	21	10	34	57	24	232
30708731_zpid	30708731_zpid	11214	2272 79th St, Brooklyn, NY 11214	40.604608	-73.988031	0.236816312072	11	0.454867368682	6	0.573397758835	2	6	4	26	953000	97	4000	1920	408	24	116	184	144	236	120	116	72	32	32	332
30764946_zpid	30764946_zpid	11234	1337 E 59th St, Brooklyn, NY 11234	40.620942	-73.918119	0.147868041795	10	0.814040552234	0	2.82395966259	0	2	1	1237	285000	156	1900	1925	20	28	12	28	32	140	108	76	80	24	28	404
30699084_zpid	30699084_zpid	11209	114 84th St, Brooklyn, NY 11209	40.625939	-74.035351	0.421279719172	8	0.733023502051	1	0.690049076261	1	3	2	1352	870000	50	2630	1925	24	20	9	19	8	28	28	22	12	5	1	84
30765878_zpid	30765878_zpid	11203	427 E 57th St, Brooklyn, NY 11203	40.645297	-73.922597	0.0811052123222	4	0.847662704272	0	1.75886395335	0	4	3	3000	539000	0	2633	1950	80	13	18	8	17	14	26	5	7	5	5	59
30599375_zpid	30599375_zpid	11233	687 Macdonough St, Brooklyn, NY 11233	40.684104	-73.91871	0.185720272387	8	0.331184417545	3	0.306136863643	4	6	5	3000	650000	35	1700	1910	197	48	138	153	121	20	35	8	56	86	20	246
30633399_zpid	30633399_zpid	11212	804 Mother Gaston Blvd, Brooklyn, NY 11212	40.658907	-73.904416	0.311645440695	4	0.382958742194	4	0.438202997835	4	2	1.5	1800	250000	27	1800	1986	86	14	64	59	43	26	30	7	38	18	9	144
30637176_zpid	30637176_zpid	11207	141 Arlington Ave, Brooklyn, NY 11207	40.68031	-73.8896479	0.182810199092	6	0.181626453791	4	0.327026538912	2	7	2.5	3460	423000	16	47	1920	96	40	62	70	53	62	46	33	44	29	9	153
30694380_zpid	30694380_zpid	11228	1063 73rd St, Brooklyn, NY 11228	40.624622	-74.011033	0.389679680414	7	0.386961696415	5	0.892975550505	0	5	3	3240	1200000	2	2000	1910	44	28	20	80	20	192	136	124	48	12	8	264
30569813_zpid	30569813_zpid	11231	551 Henry St APT 3, Brooklyn, NY 11231	40.682829	-73.99978	0.0380437346578	12	0.200066993794	2	0.515266927954	1	3	1	800	1200000	125	1240	1900	80	212	68	208	44	68	196	152	84	20	44	684
30654572_zpid	30654572_zpid	11203	262 E 58th St, Brooklyn, NY 11203	40.648837	-73.922595	0.469497642088	6	0.562193211268	2	1.50085441784	0	3	2	1598	359000	7	1866	1945	70	9	27	30	27	30	24	6	10	16	8	86
30771754_zpid	30771754_zpid	11236	1376 E 84th St, Brooklyn, NY 11236	40.629318	-73.901743	0.83627323017	0	0.61329817577	1	1.92985585931	0	5	3	1248	551350	15	2400	1960	184	28	72	80	36	188	84	40	96	24	32	244
30740021_zpid	30740021_zpid	11223	14 Brighton Ct, Brooklyn, NY 11223	40.5870914	-73.9671367	0.37158471883	6	0.403592233165	1	0.663953027809	1	4	3	2070	799000	0	2000	1960	304	28	28	44	16	60	96	84	44	4	16	180
30702995_zpid	30702995_zpid	11204	2130 Bay Ridge Ave, Brooklyn, NY 11204	40.612269	-73.985421	0.125888501332	12	0.200260008235	6	0.30309865169	2	9	3	3960	999000	51	2467	1930	504	84	168	224	244	276	132	112	108	56	12	608
29794618_zpid	29794618_zpid	10472	1156 Wheeler Ave, Bronx, NY 10472	40.827689	-73.879593	0.139071164043	7	0.158251007654	3	0.106483524292	3	7	4	3440	275000	131	2500	1929	647	72	223	257	232	69	33	8	78	93	23	374
30662384_zpid	30662384_zpid	11203	598 E 38th St, Brooklyn, NY 11203	40.640792	-73.941066	0.319814369387	3	0.613135344433	2	0.627196954857	1	3	1	1248	386900	97	20	2007	110	7	65	63	61	38	21	6	21	25	8	107
30653736_zpid	30653736_zpid	11203	5729 Kings Hwy, Brooklyn, NY 11203	40.651295	-73.922854	0.281927804693	8	0.382608384537	2	1.25797491622	0	4	2.5	2562	639000	0	1860	1935	96	13	35	48	35	38	25	6	14	18	7	95
30706955_zpid	30706955_zpid	11228	1164 77th St, Brooklyn, NY 11228	40.620638	-74.011587	0.317473170243	4	0.460511226376	1	1.08136945159	0	3	1.5	1312	710000	30	2003	1920	6	13	2	19	2	35	43	23	19	1	4	56
30580822_zpid	30580822_zpid	11215	284 22nd St, Brooklyn, NY 11215	40.659605	-73.992526	0.194017753714	7	0.505751580447	4	0.478139541739	2	3	1	750	615000	5	1670	1901	17	31	11	26	12	14	24	6	8	4	6	75
30631514_zpid	30631514_zpid	11212	77 Tapscott St, Brooklyn, NY 11212	40.6660576	-73.9202653	0.210360915603	10	0.235098653968	7	0.25320396761	2	7	4	25	460000	19	2500	1930	266	17	90	90	87	32	31	11	40	41	12	169
29851769_zpid	29851769_zpid	10463	3135 Fairfield Ave, Bronx, NY 10463	40.884255	-73.914121	0.340188856104	8	0.431236033876	1	0.91028534824	0	5	5	4039	1500000	0	3057	2009	58	10	6	26	12	19	35	12	14	4	4	57
30730401_zpid	30730401_zpid	11214	8762 25th Ave, Brooklyn, NY 11214	40.594862	-73.990746	0.392461451425	8	0.42529587346	5	0.457941575541	1	4	4	2880	950000	19	1940	1965	34	7	16	23	10	43	38	21	26	11	3	81
30595713_zpid	30595713_zpid	11213	1542 Pacific St, Brooklyn, NY 11213	40.676774	-73.938277	0.270976598879	7	0.366512549499	6	0.412557721065	2	7	5	3250	1649000	8	2143	1910	166	38	73	78	70	35	26	8	31	35	12	169
30714560_zpid	30714560_zpid	11228	299 Bay 10th St, Brooklyn, NY 11228	40.60484	-74.014774	0.360000008504	3	0.695921725092	1	1.15512921472	0	4	2.5	1998	695000	39	2880	1955	7	2	2	6	1	9	15	21	10	1	2	30
30634189_zpid	30634189_zpid	11207	239 Vermont St, Brooklyn, NY 11207	40.673971	-73.8941	0.237846333981	8	0.178295519318	7	0.216232649247	4	7	3	2816	580000	13	2014	1901	95	18	81	98	75	67	38	33	28	37	23	217
30664414_zpid	30664414_zpid	11226	4 Parkside Ct, Brooklyn, NY 11226	40.655874	-73.96057	0.114665767317	13	0.0716054555659	5	0.101488054459	3	6	3	3672	975000	35	1700	1910	1368	248	796	752	656	72	112	88	168	192	52	964
30769323_zpid	30769323_zpid	11236	970 E 85th St, Brooklyn, NY 11236	40.636432	-73.908419	0.160026859856	6	0.306564118293	2	1.26598721912	0	6	2	1760	405000	9	3000	1930	42	7	16	19	8	80	30	13	30	11	10	94
29815929_zpid	29815929_zpid	10461	1810 Mulford Ave, Bronx, NY 10461	40.84763	-73.834867	0.19791522929	8	0.484260411292	1	0.213959824282	2	3	2.5	1260	164500	195	2374	1920	90	14	19	14	16	36	24	14	13	13	8	93
30752565_zpid	30752565_zpid	11210	3109 Avenue K, Brooklyn, NY 11210	40.624753	-73.945106	0.144987640096	3	0.390940227224	2	0.924952378071	0	3	1	1417	421500	49	2000	1925	120	14	54	47	39	77	47	21	36	15	5	123
30654251_zpid	30654251_zpid	11203	553 E 49th St, Brooklyn, NY 11203	40.648339	-73.930742	0.363965227057	7	0.181026675607	3	1.58038807879	0	3	2	1540	360000	1	1598	1940	145	15	50	38	51	43	25	4	14	26	11	150
30746384_zpid	30746384_zpid	11229	2243 E 28th St, Brooklyn, NY 11229	40.597059	-73.942913	0.143307533752	7	0.332444558366	3	1.05476992438	0	2	2.5	1088	463000	34	1598	1940	9	14	7	9	9	18	32	22	21	3	3	84
30731145_zpid	30731145_zpid	11214	64 Bay 46th St, Brooklyn, NY 11214	40.5911285	-73.9861363	0.217798022539	6	0.670578181802	2	0.324077096993	3	7	3	3087	1330000	0	2301	1950	13	7	6	16	2	18	26	22	24	7	5	50
30691591_zpid	30691591_zpid	11220	187 68th St, Brooklyn, NY 11220	40.637817	-74.028706	0.13860262071	9	0.243438816341	3	0.550734074447	1	4	1.5	2000	790000	73	2000	1910	38	15	25	25	17	28	21	30	10	11	2	56
29812779_zpid	29812779_zpid	10460	1714 Garfield St, Bronx, NY 10460	40.842963	-73.8681749	0.409982756935	5	0.539459876312	3	0.462993887514	2	5	2	2440	3900000	8	2500	1920	133	16	37	40	43	42	14	10	24	27	23	97
30735785_zpid	30735785_zpid	11223	1952 E 1st St, Brooklyn, NY 11223	40.600601	-73.971494	0.544604009545	5	0.200759993424	3	0.300289864165	3	3	2	2166	1500000	15	3000	1925	33	17	16	27	12	48	28	70	26	8	4	107
30709604_zpid	30709604_zpid	11214	1983 82nd St, Brooklyn, NY 11214	40.607137	-73.9958319	0.0916409576697	11	0.268376653079	9	0.348612087145	3	9	5	3460	1750000	1	4000	1920	133	21	43	50	34	75	55	32	32	15	13	178
30619369_zpid	30619369_zpid	11249	55 S 5th St, Brooklyn, NY 11249	40.7122537	-73.9662451	0.123436643328	7	0.220323494789	2	0.828641722947	0	4	4	3200	3295000	0	1473	1910	92	320	28	104	36	84	80	128	72	12	28	340
30571245_zpid	30571245_zpid	11201	10 Wyckoff St, Brooklyn, NY 11201	40.686791	-73.99327	0.0778629096583	16	0.306610879756	4	0.215610642982	4	5	4	2100	2800000	27	1349	1899	37	78	10	52	5	31	54	31	21	11	7	186
30664780_zpid	30664780_zpid	11225	589 Flatbush Ave, Brooklyn, NY 11225	40.659134	-73.9603062	0.0803898442165	13	0.190867596826	5	0.321533956532	2	6	2	3240	1200000	5	1442	1950	317	95	159	128	144	12	39	17	50	42	12	222
30614856_zpid	30614856_zpid	11216	12 Brevoort Pl, Brooklyn, NY 11216	40.679783	-73.9548949	0.0983754758786	11	0.253219171421	7	0.119927321376	5	8	4	3144	1225000	2	1520	1899	616	468	272	344	248	48	148	76	84	112	144	648
30692491_zpid	30692491_zpid	11209	21 Bay Ridge Pl, Brooklyn, NY 11209	40.635701	-74.027862	0.0554513206805	11	0.0435997062421	3	0.387589795942	2	4	2	2100	899000	6	1963	1920	119	19	31	43	29	30	24	82	17	13	3	121
30721303_zpid	30721303_zpid	11223	1719 Stillwell Ave, Brooklyn, NY 11223	40.604576	-73.986403	0.188418482507	10	0.588328964707	5	0.516464953729	2	4	3	1989	1049000	0	1883	1955	26	14	6	8	7	36	14	19	8	3	1	39
30656344_zpid	30656344_zpid	11203	5402 Clarendon Rd, Brooklyn, NY 11203	40.644419	-73.925531	0.270240225561	4	0.747442854177	1	1.98029088173	0	5	3	3300	485000	45	2000	1940	107	22	25	17	24	26	37	9	10	10	6	98
30612499_zpid	30612499_zpid	11205	305 Vanderbilt Ave, Brooklyn, NY 11205	40.688913	-73.968699	0.236682352749	10	0.28921614245	3	0.254334181599	5	1	1	860	2395000	28	1600	1899	48	50	20	31	19	32	21	8	19	15	10	105
30579946_zpid	30579946_zpid	11218	603 17th St, Brooklyn, NY 11218	40.656292	-73.978553	0.262926681058	8	0.10006013973	4	0.495872753246	1	4	3	2400	1400000	34	1803	1960	2	8	10	9	5	16	12	12	9	0	2	30
29834449_zpid	29834449_zpid	10466	1118 E 225th St, Bronx, NY 10466	40.883659	-73.848578	0.0497210305079	7	0.0487148442763	3	0.999825374215	0	7	4	3400	630000	4	2178	1988	39	8	21	12	15	48	8	2	27	11	9	44
89067246_zpid	89067246_zpid	11221	656 Knickerbocker Ave, Brooklyn, NY 11221	40.6951775	-73.9120009	0.109430861398	11	0.407667427255	4	0.499722954442	3	6	5	3593	635000	71	963	2008	80	15	67	81	62	17	23	5	32	36	18	124
29779871_zpid	29779871_zpid	10459	821 E 168th St, Bronx, NY 10459	40.828874	-73.898405	0.32482166764	4	0.353275445113	7	0.570926586812	2	8	4	3090	230000	185	2526	1899	161	66	96	115	97	19	15	5	21	42	21	143
30731204_zpid	30731204_zpid	11214	73 Bay 47th St, Brooklyn, NY 11214	40.589778	-73.985733	0.193699872035	5	0.7018738967	1	0.196359946575	2	5	3	2000	1450000	13	8000	1920	12	5	7	23	3	20	21	20	23	7	4	40
30642333_zpid	30642333_zpid	11208	145 Hemlock St, Brooklyn, NY 11208	40.686435	-73.871498	0.203968837522	6	0.266593925501	5	0.400260669218	3	6	3	3027	415000	51	1900	1910	95	40	67	89	50	78	41	16	58	45	8	197
30726296_zpid	30726296_zpid	11230	1524 E 14th St, Brooklyn, NY 11230	40.612177	-73.960151	0.350229241784	6	0.239188177654	7	0.436997381585	2	3	2.5	1580	470000	145	2500	1920	49	18	20	34	24	72	23	34	23	6	2	96
30791448_zpid	30791448_zpid	11235	181 Oxford St, Brooklyn, NY 11235	40.578841	-73.93768	0.604488478841	1	1.40182423247	0	1.6565229409	0	4	3	2376	750000	24	2918	1940	2	5	0	6	0	12	11	3	5	1	1	19
30792941_zpid	30792941_zpid	11229	3133 Avenue W, Brooklyn, NY 11229	40.597033	-73.932819	0.4012794708	8	0.478633118246	1	1.89894108182	0	3	3	1064	440000	8	1620	1925	68	68	4	28	8	40	88	32	68	12	8	184
30595040_zpid	30595040_zpid	11225	233 Sterling St, Brooklyn, NY 11225	40.6632109	-73.953214	0.265518848297	9	0.212795404357	6	0.206332538956	3	4	1	1700	140000	212	2000	1910	480	86	183	166	177	26	34	17	44	76	17	287
30609624_zpid	30609624_zpid	11221	364 Madison St, Brooklyn, NY 11221	40.6852609	-73.943567	0.0988542966343	11	0.298509819247	9	0.636906790924	2	5	3	2280	1200000	8	2000	1910	83	23	61	65	55	13	17	7	27	36	7	113
89073820_zpid	89073820_zpid	11207	266 Van Siclen Ave, Brooklyn, NY 11207	40.67342	-73.890776	0.122675768181	9	0.106275083293	7	0.0734228505646	3	9	3	3060	325000	0	2500	2007	492	108	380	444	376	268	152	100	180	160	80	932
30791492_zpid	30791492_zpid	11235	115 Pembroke St, Brooklyn, NY 11235	40.580452	-73.936807	0.454057632069	1	1.23607242985	0	1.63267105687	0	5	4	2103	730000	16	2700	1945	11	6	6	13	8	14	16	3	18	4	1	37
30744220_zpid	30744220_zpid	11229	2023 Coyle St, Brooklyn, NY 11229	40.6026219	-73.937109	0.254550136681	4	0.30239934798	3	1.63309357465	0	5	4	2091	670000	20	1767	1930	26	8	10	11	7	14	36	17	15	0	3	55
83049201_zpid	83049201_zpid	11221	120 Stockholm St, Brooklyn, NY 11221	40.6979309	-73.923958	0.218199077253	15	0.177356388665	7	0.290360582404	3	3	1	4375	750000	102	1900	2007	122	54	60	81	55	49	16	19	42	32	22	163
30792072_zpid	30792072_zpid	11235	2797 E 27th St, Brooklyn, NY 11235	40.584759	-73.941457	0.218539848865	4	0.749179147389	1	1.09952690765	0	4	4	1950	979000	0	2900	2015	76	16	44	60	44	116	76	64	132	12	12	300
30740362_zpid	30740362_zpid	11235	2615 Hubbard St, Brooklyn, NY 11235	40.5865916	-73.9626877	0.22564651101	9	0.605872002218	2	0.722136731761	1	2	1	1604	535000	19	1600	1930	124	64	64	96	44	160	172	112	76	28	24	316
30628392_zpid	30628392_zpid	11221	1224 Putnam Ave, Brooklyn, NY 11221	40.6913937	-73.9153948	0.183252984828	7	0.42755576856	4	0.574133449854	2	3	1.5	2040	435000	33	1700	1910	181	47	120	163	114	48	41	8	76	63	52	215
30589970_zpid	30589970_zpid	11238	248 Saint Marks Ave, Brooklyn, NY 11238	40.678032	-73.967862	0.10599522401	16	0.150875989069	5	0.378352480141	4	5	4	2200	1200000	14	2096	1910	126	101	46	72	48	31	44	38	34	23	13	175
30583915_zpid	30583915_zpid	11215	375 5th St, Brooklyn, NY 11215	40.671089	-73.98272	0.0878115834469	16	0.320637517465	5	0.472068158281	4	6	8.5	4400	1985000	14	2100	1899	244	324	108	200	108	104	248	160	116	60	92	964
30749080_zpid	30749080_zpid	11235	4582 Bedford Ave, Brooklyn, NY 11235	40.589846	-73.945064	0.078217048899	12	0.488116328026	3	0.835742313893	0	2	2	1653	625000	13	2175	1930	92	14	17	32	8	46	33	35	41	5	1	117
30790154_zpid	30790154_zpid	11235	30 Corbin Pl, Brooklyn, NY 11235	40.581156	-73.955239	0.217999708169	10	0.382949885655	7	0.64159232957	2	3	2.5	1752	200000	30	2000	1940	1000	172	232	312	204	268	184	112	168	112	68	768
29845699_zpid	29845699_zpid	10465	1027 Vincent Ave, Bronx, NY 10465	40.834161	-73.820611	0.0745923807895	4	0.113407793139	1	1.70798174284	0	3	3	1636	310000	166	1555	1955	20	24	28	48	28	56	116	104	56	20	16	176
30598107_zpid	30598107_zpid	11233	2298 Atlantic Ave, Brooklyn, NY 11233	40.675924	-73.909261	0.173916022712	7	0.171492674461	4	0.313022112438	6	6	3	2320	585000	86	1667	1930	198	21	121	164	111	38	30	21	52	70	31	185
30713344_zpid	30713344_zpid	11214	95 Bay 25th St, Brooklyn, NY 11214	40.602057	-73.999321	0.185178006459	8	0.276695084343	9	0.294761737144	3	7	4	2700	220000	313	2900	2004	171	20	46	54	43	84	46	39	19	19	10	180
30567336_zpid	30567336_zpid	11201	18 Cranberry St, Brooklyn, NY 11201	40.7000531	-73.9947942	0.178967378874	12	0.325731321565	2	0.293970259008	3	5	2	750	1775000	40	1675	1845	27	68	12	25	16	8	31	21	17	7	6	87
30607407_zpid	30607407_zpid	11206	163 Tompkins Ave, Brooklyn, NY 11206	40.693809	-73.94569	0.0818659960302	7	0.359798655253	2	0.338029497379	2	4	2	3390	95000	280	1742	1930	456	148	316	448	236	168	92	160	120	160	96	636
30592101_zpid	30592101_zpid	11216	680 Park Pl, Brooklyn, NY 11216	40.673586	-73.955417	0.192670052157	15	0.478577822019	4	0.228364353773	4	6	4	3444	1360000	28	2587	1901	222	57	125	130	113	20	26	10	32	45	28	184
79715475_zpid	79715475_zpid	11234	2441 E 69th St, Brooklyn, NY 11234	40.6132399	-73.9023991	0.834128301811	0	0.741158677995	1	3.71992986643	0	3	2.25	2030	640000	5	2334	2006	0	48	8	20	0	16	68	24	36	4	8	128
30694379_zpid	30694379_zpid	11228	1065 73rd St, Brooklyn, NY 11228	40.624586	-74.010975	0.389094366999	6	0.393266517643	5	0.89374260771	0	5	3	2080	1030000	15	2000	1910	11	7	5	20	5	48	33	31	12	3	2	65
30774348_zpid	30774348_zpid	11236	1170 E 95th St, Brooklyn, NY 11236	40.642201	-73.902256	0.257226496537	7	0.693819006668	1	0.496890473696	1	5	3	1760	530000	0	2016	1935	55	10	21	24	22	62	27	9	17	18	7	103
29852679_zpid	29852679_zpid	10471	4545 Delafield Ave, Bronx, NY 10471	40.892766	-73.907266	0.583079617354	3	0.832858948375	0	0.821283461188	0	5	4	4200	1950000	0	7082	1925	18	5	2	3	1	2	28	3	5	0	1	18
112079812_zpid	112079812_zpid	11238	823 Classon Ave APT 3E, Brooklyn, NY 11238	40.672466	-73.96061	0.248274542482	11	0.158742920556	4	0.262934890598	4	1	1	311	503000	32	6500	2008	197	146	113	113	99	12	24	18	33	35	13	177
29785784_zpid	29785784_zpid	10458	2347 Valentine Ave, Bronx, NY 10458	40.858204	-73.897921	0.134737958357	10	0.190124236524	11	0.334061024904	5	6	2	2280	479000	114	2356	1992	378	18	187	169	201	16	15	10	35	67	19	264
29793038_zpid	29793038_zpid	10473	2246 Homer Ave, Bronx, NY 10473	40.821869	-73.846611	0.291897388921	3	0.209633249459	2	1.44600829395	0	3	2	1785	350000	34	2482	1965	25	8	12	2	4	15	9	1	10	2	2	48
29788387_zpid	29788387_zpid	10468	3120 Jerome Ave, Bronx, NY 10468	40.875376	-73.888085	0.0667227760532	9	0.12263211059	4	0.274861048403	3	8	3	3150	425000	92	2482	1930	190	13	62	44	43	6	6	0	10	17	8	88
30716832_zpid	30716832_zpid	11230	1113 E 10th St, Brooklyn, NY 11230	40.621879	-73.965342	0.132198722934	4	0.073919736614	6	0.538877174711	2	3	2	1054	335000	6	1700	1904	100	14	34	46	43	37	50	25	23	14	5	131
30715146_zpid	30715146_zpid	11214	285 Bay 20th St, Brooklyn, NY 11214	40.600596	-74.006834	0.375976199559	6	0.363027249043	3	0.854862846072	0	3	2	1320	558000	64	1536	1940	93	9	30	24	18	35	33	38	10	8	8	101
29846872_zpid	29846872_zpid	10465	512 Reynolds Ave, Bronx, NY 10465	40.8219554	-73.8093779	0.0776852068	2	0.767204279117	0	3.3313176303	0	3	1	1836	449000	0	2421	1960	18	9	3	5	2	7	8	8	10	3	2	29
63397688_zpid	63397688_zpid	11212	485 Osborn St, Brooklyn, NY 11212	40.660127	-73.906082	0.180769846251	4	0.215203312103	5	0.362013117331	4	3	3.5	1890	105000	147	2000	2003	101	16	87	73	55	29	40	9	41	20	14	153
30567686_zpid	30567686_zpid	11201	89 Joralemon St, Brooklyn, NY 11201	40.6935519	-73.996022	0.179176202459	13	0.388359286603	4	0.499408335397	5	6	5	5000	5500000	7	1995	1899	264	428	104	152	88	56	252	140	152	44	56	804
