29831867_zpid	29831867_zpid	10466	630 E 230th St, Bronx, NY 10466	40.891883	-73.861049	0.288688516478	2	0.299364338635	3	0.334395853428	3	6	3	2860	590000	105	2874	1901	287	20	122	118	150	71	21	5	39	69	15	232
29796645_zpid	29796645_zpid	10472	2049 Watson Ave, Bronx, NY 10472	40.829393	-73.854774	0.143815246233	12	0.447604255812	5	0.602089684964	2	5	2.5	2250	450000	21	2575	1950	87	18	57	60	42	47	31	7	53	21	9	101
30736970_zpid	30736970_zpid	11223	26 Village Rd E, Brooklyn, NY 11223	40.595725	-73.972052	0.425385345401	4	0.395388914633	5	0.116548182016	4	2	1.5	1536	555000	5	2796	1930	46	8	14	29	8	50	22	58	28	5	5	104
29847136_zpid	29847136_zpid	10465	143 Prentiss Ave, Bronx, NY 10465	40.816057	-73.807984	0.603909653229	1	0.914070471769	0	3.90878020486	0	6	4.5	2380	743322	122	2750	2006	3	7	3	4	1	6	19	10	10	3	4	40
30731485_zpid	30731485_zpid	11214	207 Bay 46th St, Brooklyn, NY 11214	40.5881995	-73.9886213	0.334173993651	4	0.678218815296	1	0.416697845985	1	3	2	1360	550000	22	1916	1930	13	10	8	24	6	22	22	22	27	8	5	48
30748453_zpid	30748453_zpid	11235	2483 Coyle St, Brooklyn, NY 11235	40.592365	-73.935203	0.203619378996	6	0.39169443079	3	1.71387896568	0	5	2.5	2280	629000	0	2000	1955	6	13	9	3	5	4	7	14	6	2	3	58
30644455_zpid	30644455_zpid	11208	431 Grant Ave, Brooklyn, NY 11208	40.680127	-73.866299	0.309994245363	9	0.169503983968	9	0.35903087598	4	5	5	2168	610000	111	2002	1910	105	22	47	67	42	51	31	11	75	23	5	181
29791922_zpid	29791922_zpid	10473	1871 Lacombe Ave, Bronx, NY 10473	40.815587	-73.859183	0.460946775699	2	0.671058534264	1	1.90955149797	0	1	1	1410	190000	149	1411	1920	50	16	12	37	13	41	12	19	21	17	9	105
30637757_zpid	30637757_zpid	11207	113 Hendrix St, Brooklyn, NY 11207	40.6795422	-73.890997	0.187053070088	4	0.155416161037	4	0.203030000375	4	6	2	1200	356000	48	2482	1901	116	46	75	90	58	68	52	36	49	36	12	183
30750116_zpid	30750116_zpid	11235	2649 E 27th St, Brooklyn, NY 11235	40.588031	-73.942153	0.262128010868	8	0.42585792351	2	1.02245619196	0	3	2	2000	950000	21	4007	1905	72	44	40	88	20	144	112	136	116	8	20	388
30623746_zpid	30623746_zpid	11222	149 Kingsland Ave, Brooklyn, NY 11222	40.721547	-73.94127	0.149764934841	10	0.266846586391	1	0.811926983678	0	6	3	1976	1525000	9	1829	1910	27	41	16	41	11	11	35	23	28	6	12	125
55677690_zpid	55677690_zpid	11234	51 Bergen Beach Pl, Brooklyn, NY 11234	40.621571	-73.91382	0.310825758992	5	0.609350189699	1	2.96969231868	0	4	2.5	1444	525000	128	2455	1997	18	4	5	10	2	44	27	23	20	3	7	97
30756159_zpid	30756159_zpid	11234	1509 E 32nd St, Brooklyn, NY 11234	40.615983	-73.942873	0.370902684182	2	0.280241396923	3	1.40826547264	0	4	2	1600	636000	11	2500	1930	13	5	11	12	3	21	16	12	21	4	3	62
30618626_zpid	30618626_zpid	11211	224 N 6th St, Brooklyn, NY 11211	40.715784	-73.9563919	0.186706498057	12	0.27024253667	4	0.243449454489	3	4	3	1358	2300000	2	2500	1899	328	856	120	328	112	148	196	84	80	72	80	940
30683290_zpid	30683290_zpid	11218	1153 40th St, Brooklyn, NY 11218	40.641888	-73.9894946	0.402609710792	4	0.261287811214	5	0.419993627654	2	5	4	2300	1350000	0	1900	1920	22	12	24	32	18	50	34	47	1	8	0	93
30692106_zpid	30692106_zpid	11220	6821 Madeline Ct, Brooklyn, NY 11220	40.636642	-74.02735	0.0621573996749	11	0.0861150401677	3	0.38394188679	1	4	2.5	1192	240000	190	1411	1925	54	21	31	33	25	29	27	29	11	14	4	80
29853332_zpid	29853332_zpid	10471	5824 Spencer Ave, Bronx, NY 10471	40.9063779	-73.899311	0.192167628266	4	0.193195549967	3	1.27469325469	0	2	1.5	800	335000	37	1785	1930	12	7	5	12	8	19	31	11	18	1	7	49
30744250_zpid	30744250_zpid	11229	2077 Bragg St, Brooklyn, NY 11229	40.601466	-73.936002	0.160659849884	4	0.168305666407	3	1.70142587337	0	3	2.5	1782	610000	6	1440	1935	15	7	5	7	4	12	33	16	12	0	3	50
79714954_zpid	79714954_zpid	10467	3705 Olinville Ave, Bronx, NY 10467	40.88229	-73.866334	0.303470284637	2	0.450683916347	3	0.3501139924	3	8	5	3696	500000	0	1846	2005	179	10	74	71	81	45	19	5	35	29	14	151
30719523_zpid	30719523_zpid	11204	1576 W 4th St, Brooklyn, NY 11204	40.608932	-73.978179	0.333359738102	13	0.338204704006	7	0.440751122834	3	3	2	1430	710000	18	2000	1920	152	26	35	40	47	70	18	21	13	9	6	98
30667414_zpid	30667414_zpid	11226	301 Rugby Rd, Brooklyn, NY 11226	40.642394	-73.965287	0.176953246178	8	0.207107215032	4	0.201428831622	2	6	4	2376	955000	75	5000	1920	249	45	115	111	98	27	20	20	27	30	3	168
79718762_zpid	79718762_zpid	10455	420 E 153rd St, Bronx, NY 10455	40.818472	-73.9157	0.444650118242	4	0.120809999397	9	0.315000467948	2	8	3	3900	379000	20	1667	2006	66	28	35	48	43	18	21	3	12	11	12	157
30728810_zpid	30728810_zpid	11229	1814 E 28th St, Brooklyn, NY 11229	40.606719	-73.945338	0.290397591652	2	0.761104394705	0	1.07671219938	0	5	2.5	3340	935000	5	4000	1925	9	11	4	19	5	31	32	31	19	2	1	87
30669549_zpid	30669549_zpid	11210	2520 Foster Ave, Brooklyn, NY 11210	40.6382471	-73.952778	0.0780812484358	4	0.205658530224	4	0.415615584715	2	3	2	1608	10000	20	2037	1925	152	25	87	76	59	24	21	10	17	39	6	165
30739849_zpid	30739849_zpid	11223	2530 W 2nd St, Brooklyn, NY 11223	40.587447	-73.971818	0.102514651055	4	0.122353462893	1	0.317462374389	1	3	1	2812	625000	146	2000	1965	82	12	12	18	7	23	39	27	14	4	6	86
29850380_zpid	29850380_zpid	10464	45 Schofield St, Bronx, NY 10464	40.844736	-73.788436	0.304541531895	3	3.14960212883	0	3.38035886212	0	3	2	1927	449000	9	3567	1927	72	56	20	32	12	4	140	44	28	8	88	176
30772172_zpid	30772172_zpid	11236	1427 E 84th St, Brooklyn, NY 11236	40.62879	-73.900416	0.865068227779	0	0.574910297698	1	1.99229744008	0	6	3.5	2760	370000	6	1999	1960	152	24	68	68	36	156	80	36	92	20	32	216
83048524_zpid	83048524_zpid	11210	1474 New York Ave, Brooklyn, NY 11210	40.636892	-73.945486	0.57118624163	2	0.3369169371	4	0.422166759751	2	8	6	3240	735000	116	2039	2005	308	26	179	165	148	54	35	13	37	62	8	310
30779550_zpid	30779550_zpid	11236	1426 E 104th St, Brooklyn, NY 11236	40.638207	-73.885944	0.537399077451	2	0.53967166702	2	1.63991339277	0	3	3	1174	255000	70	2133	1960	72	16	56	52	12	28	36	16	52	8	8	140
30623888_zpid	30623888_zpid	11222	138 Beadel St, Brooklyn, NY 11222	40.72204	-73.935398	0.475634550748	2	0.717947748139	1	1.10709598035	0	1	1	1200	790000	41	2000	1910	14	16	7	14	6	5	19	18	14	3	6	59
30666588_zpid	30666588_zpid	11226	2402 Snyder Ave, Brooklyn, NY 11226	40.648477	-73.954687	0.423119381158	10	0.261781830736	6	0.505748303943	3	3	2	1326	351000	125	2657	1910	339	50	188	157	163	85	40	17	51	57	24	281
29816902_zpid	29816902_zpid	10461	2881 E 194th St, Bronx, NY 10461	40.852632	-73.831734	0.168337285748	6	0.258055702599	1	0.392496235655	2	3	2	1204	343500	21	2482	1920	63	15	14	17	22	36	23	20	12	6	5	55
30738383_zpid	30738383_zpid	11223	2359 Stillwell Ave, Brooklyn, NY 11223	40.589722	-73.983572	0.134140821719	5	0.556856434589	1	0.0994203135165	2	4	3	1224	565000	16	3999	1899	8	7	4	6	3	8	3	3	5	2	0	5
30761595_zpid	30761595_zpid	11210	1223 E 40th St, Brooklyn, NY 11210	40.625312	-73.936745	0.235133870998	2	0.841078661934	0	1.24462185804	0	3	1.5	1800	599000	0	3367	1935	244	28	112	132	80	140	136	36	76	44	36	284
29815601_zpid	29815601_zpid	10461	2952 Roberts Ave, Bronx, NY 10461	40.845083	-73.831575	0.187652534894	7	0.484638699132	2	0.209680854143	2	4	2	2340	440000	4	2500	1920	196	19	41	60	44	49	37	22	19	28	14	154
30745550_zpid	30745550_zpid	11229	2213 E 13th St, Brooklyn, NY 11229	40.596129	-73.957474	0.166054751706	13	0.242272649096	6	0.218830057999	2	2	1	876	775000	0	2500	1920	81	34	14	22	25	51	23	17	11	3	4	106
83179129_zpid	83179129_zpid	10460	778 E 178TH St, Bronx, NY 10460	40.8448283	-73.8875476	0.185307584981	11	0.10603854483	2	0.808359155382	0	7	4.5	3247	507000	15	2691	2013	856	48	416	392	416	60	48	36	144	128	84	652
30612692_zpid	30612692_zpid	11238	274 Lafayette Ave, Brooklyn, NY 11238	40.688026	-73.965086	0.126108576184	12	0.152223314488	4	0.0732161371428	3	5	3	3600	2400000	34	2000	1899	108	43	62	86	71	25	34	10	33	20	16	127
29790014_zpid	29790014_zpid	10473	602 Harding Park, Bronx, NY 10473	40.80648	-73.858007	1.10949950897	0	1.68602281194	0	2.90147615637	0	5	2.5	1916	175000	34	2064	1990	44	24	40	36	24	20	36	28	16	16	8	132
30700106_zpid	30700106_zpid	11228	39 Dahlgren Pl, Brooklyn, NY 11228	40.6185199	-74.02338	0.296556113947	5	0.298000819399	4	0.628457950418	2	3	2	1102	649000	0	959	1925	8	0	3	7	1	10	23	11	7	0	1	23
30629878_zpid	30629878_zpid	11207	1283 Bushwick Ave, Brooklyn, NY 11207	40.686948	-73.913201	0.34647978832	7	0.250635291239	3	0.291090782024	2	12	6	4000	1650000	0	1600	1925	82	19	69	88	54	26	21	11	24	38	19	131
30746211_zpid	30746211_zpid	11229	2235 E 26th St, Brooklyn, NY 11229	40.597033	-73.944804	0.283324409622	8	0.353502318235	3	0.897758641635	0	3	2	1600	385000	51	1658	1950	13	18	7	23	9	24	36	24	27	4	5	102
30653417_zpid	30653417_zpid	11203	4822 Church Ave, Brooklyn, NY 11203	40.6514654	-73.9315844	0.0108480757086	6	0.0333950414242	3	1.52101066155	0	4	4	3360	590000	13	2030	1931	195	20	77	74	89	70	35	7	37	36	15	183
30649580_zpid	30649580_zpid	11208	1015 Hegeman Ave, Brooklyn, NY 11208	40.6670749	-73.875677	0.3475728481	9	0.472095101555	5	0.684212962199	1	5	3	2480	470000	7	2750	1920	83	13	68	71	57	30	39	8	20	34	17	135
30694887_zpid	30694887_zpid	11209	245 Bay Ridge Pkwy, Brooklyn, NY 11209	40.631963	-74.02889	0.0803061546743	17	0.400193958426	4	0.377713558104	2	9	6	4361	2399000	0	5700	1930	115	46	46	48	37	53	52	112	23	20	5	151
30793696_zpid	30793696_zpid	11229	32 Florence Ave, Brooklyn, NY 11229	40.5901082	-73.9273154	0.370857233685	2	1.05074105214	0	2.29692305502	0	4	2	1368	420000	4	3570	1920	4	20	4	52	4	4	96	44	76	4	12	136
30735188_zpid	30735188_zpid	11223	2066 W 11th St, Brooklyn, NY 11223	40.596596	-73.982614	0.33734739216	8	0.238945525863	5	0.309685845716	3	5	2	1976	950000	12	2178	1925	104	84	40	88	32	128	108	160	52	28	12	228
30794307_zpid	30794307_zpid	11229	84 Gotham Ave, Brooklyn, NY 11229	40.5907729	-73.9254168	0.278864150679	2	1.20385054081	0	2.46744303609	0	3	2	1560	335000	59	1680	1988	1	7	1	14	1	1	28	11	20	1	3	35
30588669_zpid	30588669_zpid	11215	50 Prospect Park SW, Brooklyn, NY 11215	40.659252	-73.9768689	0.130400641144	11	0.282952361365	4	0.295308640954	1	4	2	2225	985000	146	2125	1901	32	28	13	18	15	12	12	6	11	2	5	51
30615272_zpid	30615272_zpid	11205	246 Carlton Ave, Brooklyn, NY 11205	40.690343	-73.97259	0.103118743706	13	0.357916341151	3	0.380389355234	7	4	2	4112	1815000	98	2142	1930	51	60	22	38	20	28	19	10	26	14	7	111
30659956_zpid	30659956_zpid	11203	920 Schenectady Ave, Brooklyn, NY 11203	40.650684	-73.933521	0.107034028371	5	0.155433998783	3	1.35599586598	0	3	3	1400	265000	35	2000	1940	156	11	72	57	70	42	27	5	32	30	11	159
30591999_zpid	30591999_zpid	11213	946 Prospect Pl, Brooklyn, NY 11213	40.67378	-73.945366	0.378961866706	14	0.394076669632	7	0.557232597507	3	3	3	4368	456300	152	3711	2002	225	51	99	106	93	22	20	7	29	40	18	200
83047910_zpid	83047910_zpid	11206	119 Mckibben St, Brooklyn, NY 11206	40.7052693	-73.9433069	0.0905283431489	12	0.202043133287	4	0.379574057611	4	4	2.5	2515	495000	43	1666	1930	312	684	156	240	144	52	164	52	96	60	24	708
29842903_zpid	29842903_zpid	10461	2997 Zulette Ave, Bronx, NY 10461	40.842492	-73.829283	0.194203099183	6	0.383719092896	1	0.554639058937	2	3	1	1512	348000	32	2500	1930	220	52	68	60	64	164	144	56	24	44	16	356
30722509_zpid	30722509_zpid	11223	1825 Stillwell Ave, Brooklyn, NY 11223	40.602019	-73.98591	0.410353256371	9	0.406077120902	6	0.486583472165	3	6	3	2551	770000	59	2500	1955	84	52	28	32	16	124	72	144	40	24	12	200
30735045_zpid	30735045_zpid	11223	1953 E 9th St, Brooklyn, NY 11223	40.6015182	-73.9625201	0.365793059909	8	0.15107123629	7	0.609360650277	1	4	3.5	2142	428000	166	1975	1899	34	16	15	28	11	25	19	9	16	7	4	62
30705128_zpid	30705128_zpid	11204	1856 73rd St, Brooklyn, NY 11204	40.613492	-73.993442	0.192744679374	16	0.190168747886	6	0.605730003362	1	6	3	2112	870000	3	2000	1925	49	13	20	42	18	44	24	19	18	9	4	97
30596720_zpid	30596720_zpid	11233	1631 Saint Johns Pl, Brooklyn, NY 11233	40.670436	-73.923169	0.231376041103	9	0.150174279899	3	0.632898757719	1	8	4	4104	1325000	19	19	1925	193	24	96	84	87	15	14	5	23	33	10	128
29844222_zpid	29844222_zpid	10465	1538 Stadium Ave, Bronx, NY 10465	40.845425	-73.81999	0.826021359603	0	0.498136182193	1	1.02757914994	0	3	2.5	1836	525000	123	2500	1975	1	4	4	4	0	15	31	15	9	1	0	34
30601865_zpid	30601865_zpid	11206	344 Vernon Ave, Brooklyn, NY 11206	40.695789	-73.937211	0.0911980398601	10	0.118956207808	4	0.205229356783	2	7	4	2434	230000	60	1306	1899	83	49	31	44	30	34	27	14	23	24	12	150
30711623_zpid	30711623_zpid	11228	35 Bay 7th St, Brooklyn, NY 11228	40.611429	-74.011507	0.0766387488269	6	0.266846185679	1	0.911861238159	0	6	2	2960	855000	12	2320	1930	9	15	3	18	2	26	42	37	27	6	6	67
30602987_zpid	30602987_zpid	11221	97 Malcolm X Blvd, Brooklyn, NY 11221	40.6903379	-73.930259	0.268707825924	9	0.375392643873	3	0.355962067912	2	6	3	3300	930000	7	1600	1899	200	69	108	138	118	56	33	18	37	62	41	292
30682871_zpid	30682871_zpid	11219	1555 Bay Ridge Ave, Brooklyn, NY 11219	40.620349	-73.997902	0.206839899527	9	0.142129574943	6	0.117324255724	4	5	2	4009	810000	36	4000	1923	22	5	7	10	6	23	14	19	8	3	3	45
30789180_zpid	30789180_zpid	11235	10 Brighton 3RD Pl, Brooklyn, NY 11235	40.5793478	-73.9645121	0.224108440219	7	0.241673567147	7	0.331542318639	2	8	3.5	1500	468888	17	1350	1915	540	268	320	416	260	248	180	104	200	116	108	1104
30567850_zpid	30567850_zpid	11201	12 Garden Pl, Brooklyn, NY 11201	40.692948	-73.996317	0.198557689034	13	0.341732515519	4	0.523948961074	4	4	3.5	4000	5650000	14	1728	1901	252	420	104	176	88	96	264	160	124	40	56	824
30667994_zpid	30667994_zpid	11226	2525 Cortelyou Rd, Brooklyn, NY 11226	40.644449	-73.9530769	0.177824616108	7	0.434551023356	5	0.355242675694	2	3	2	1580	425000	107	1920	1980	351	59	165	182	136	86	44	13	42	74	31	335
30771182_zpid	30771182_zpid	11236	1221 E 84th St, Brooklyn, NY 11236	40.632125	-73.904166	0.673566834902	2	0.685590309064	1	1.62915008525	0	7	3.5	2820	614500	2	2000	1960	220	32	72	108	48	260	112	32	112	28	36	304
30760219_zpid	30760219_zpid	11234	1254 E 53rd St, Brooklyn, NY 11234	40.628501	-73.925278	0.1474056534	6	0.544786837338	3	1.95002932888	0	4	3	1732	455000	8	1808	1940	168	52	112	104	64	228	104	120	80	68	16	384
29825724_zpid	29825724_zpid	10469	3228 Tenbroeck Ave, Bronx, NY 10469	40.872014	-73.8523869	0.120200487414	6	0.657492938151	1	0.576238820636	1	3	2.5	1620	334750	133	1800	1950	42	12	28	36	21	43	24	14	30	18	7	104
30610005_zpid	30610005_zpid	11221	352 Marcus Garvey Blvd, Brooklyn, NY 11221	40.684966	-73.938747	0.253977251566	10	0.229859291094	6	0.58920223787	1	3	1	1100	302420	141	1900	1900	584	116	320	348	236	60	96	32	140	160	48	596
112499989_zpid	112499989_zpid	11209	9511 Shore Rd, Brooklyn, NY 11209	40.6163349	-74.0378277	0.359436900881	7	0.314659408057	3	0.557119097736	1	2	1	910	425880	50	30491.999999999996	1950	169	25	21	22	23	47	24	37	6	6	4	96
30676036_zpid	30676036_zpid	11230	61 Lawrence Ave, Brooklyn, NY 11230	40.6294929	-73.976379	0.195952878627	8	0.111198800709	8	0.0563390495319	2	4	3.5	2316	875000	15	3306	1925	28	33	19	32	31	31	18	40	10	5	7	68
79726728_zpid	79726728_zpid	11226	2905 Albemarle Rd, Brooklyn, NY 11226	40.6482623	-73.9500182	0.0874631733213	4	0.284051143997	7	0.289710614592	2	3	2	3342	580000	7	2059	2007	372	54	133	145	120	83	30	15	40	61	28	240
30614103_zpid	30614103_zpid	11238	60 Monroe St, Brooklyn, NY 11238	40.68447	-73.956926	0.249986079956	10	0.205871475061	6	0.401417570589	4	3	2	2261	1600000	0	2000	1899	89	114	56	94	54	23	32	16	30	15	37	146
30784394_zpid	30784394_zpid	11234	1810 E 49th St, Brooklyn, NY 11234	40.6162845	-73.9277722	0.209911072446	6	0.8374128187	0	2.49263568851	0	4	2.5	1980	615000	11	4000	1950	14	54	6	5	7	29	28	18	14	7	5	133
30621112_zpid	30621112_zpid	11222	99 Mcguinness Blvd, Brooklyn, NY 11222	40.725768	-73.949228	0.166261466846	14	0.404672885507	4	0.213981664013	2	1	1	3675	700000	141	2500	1901	164	348	84	164	60	144	156	140	76	68	52	816
30637245_zpid	30637245_zpid	11207	138 Warwick St, Brooklyn, NY 11207	40.680726	-73.888002	0.231808043287	7	0.203479784769	5	0.296853166724	3	5	2	2148	145000	268	4000	1960	68	35	53	65	46	45	37	16	36	22	5	121
30664415_zpid	30664415_zpid	11226	6 Parkside Ct, Brooklyn, NY 11226	40.655927	-73.960583	0.119334233153	11	0.0747573108077	4	0.104540894482	3	6	3	3840	1100000	21	1700	1910	1288	240	736	716	612	72	112	84	156	188	48	900
30771660_zpid	30771660_zpid	11236	1347 E 80th St, Brooklyn, NY 11236	40.629285	-73.903408	0.894670182977	0	0.730041599909	1	1.93798227092	0	6	4	3679	460500	22	3548	1960	168	20	64	68	36	188	92	28	108	20	32	220
29795598_zpid	29795598_zpid	10472	1207 Virginia Ave, Bronx, NY 10472	40.830913	-73.86098	0.212499452206	10	0.165522863847	5	0.257852242663	2	6	2.5	2270	490000	16	2559	1930	119	153	72	62	61	53	32	14	59	31	18	129
30732367_zpid	30732367_zpid	11224	3833 Cypress Ave, Brooklyn, NY 11224	40.578735	-74.007245	0.297516818878	2	0.474681460265	1	2.20415067988	0	6	4	4884	700000	21	6000	1927	29	9	7	23	7	1	20	2	14	2	2	34
30665762_zpid	30665762_zpid	11226	161 Lenox Rd, Brooklyn, NY 11226	40.654249	-73.954246	0.207674591834	11	0.124099685301	8	0.485437756211	3	6	2.5	2462	425000	33	8400	1910	517	85	262	272	265	60	40	9	70	87	21	368
30599685_zpid	30599685_zpid	11233	383 Bainbridge St, Brooklyn, NY 11233	40.682299	-73.921398	0.377321764746	8	0.444136725781	2	0.39646287408	2	5	3.5	2289	539000	66	1775	1899	207	58	130	160	121	20	29	12	61	86	25	253
29834749_zpid	29834749_zpid	10466	1159 Grenada Pl, Bronx, NY 10466	40.888349	-73.844078	0.495003076875	4	0.134565770308	3	1.10078108001	0	3	2	1584	389000	5	2003	1940	27	11	10	13	6	52	19	3	28	10	7	55
30708384_zpid	30708384_zpid	11228	1366 79th St, Brooklyn, NY 11228	40.616839	-74.008282	0.205366286631	9	0.561149659803	3	0.747243025711	1	5	2.5	2450	630000	14	2000	1910	8	15	4	21	2	31	41	46	20	4	4	69
30620476_zpid	30620476_zpid	11222	196 Guernsey St, Brooklyn, NY 11222	40.727378	-73.954607	0.051390670605	15	0.145091069375	4	0.311603344166	2	3	1	1600	1499000	0	1498	1865	62	83	22	46	26	46	34	26	20	13	11	183
30699800_zpid	30699800_zpid	11209	338 86th St, Brooklyn, NY 11209	40.622906	-74.0299409	0.0921407192255	14	0.400605534756	6	0.132623970055	1	3	1	1710	600000	39	1917	1925	84	66	32	43	19	61	32	26	14	13	5	225
30631410_zpid	30631410_zpid	11207	60 Sunnyside Ave, Brooklyn, NY 11207	40.680446	-73.894011	0.127535408019	3	0.11552792155	3	0.359092264238	3	3	2	2295	354000	46	2200	1920	376	136	216	236	180	228	144	148	132	112	40	540
30767332_zpid	30767332_zpid	11234	894 E 54th St, Brooklyn, NY 11234	40.63636	-73.925104	0.189240831443	5	0.622721358046	1	1.94395706653	0	3	2.5	2155	420000	32	2047	1950	20	7	1	8	3	17	15	6	11	4	1	36
30623445_zpid	30623445_zpid	11211	537 Grand St, Brooklyn, NY 11211	40.711295	-73.9499079	0.0222690063262	16	0.114361127513	7	0.305032197518	5	2	2	1800	2700000	0	2252	1920	87	205	69	79	62	30	36	17	18	19	13	212
30791435_zpid	30791435_zpid	11235	172 Pembroke St, Brooklyn, NY 11235	40.579127	-73.9373279	0.579692456316	1	1.37412843785	0	1.66486863807	0	5	2	2100	860000	55	2700	1940	2	5	0	6	0	12	10	3	5	1	1	19
30770277_zpid	30770277_zpid	11236	1144 E 82nd St, Brooklyn, NY 11236	40.632244	-73.907447	0.588725613782	5	0.599411112896	2	1.67233680305	0	3	1	1680	310654	54	1600	1965	42	6	16	22	9	64	27	5	28	8	9	65
30701516_zpid	30701516_zpid	11209	9308 Fort Hamilton Pkwy, Brooklyn, NY 11209	40.6163839	-74.028412	0.0827740626014	10	0.240480560906	5	0.239922201742	2	5	2	2040	990000	7	2906	1915	324	104	80	100	88	208	116	80	16	28	20	532
29837030_zpid	29837030_zpid	10466	1789 Edenwald Ave, Bronx, NY 10466	40.892154	-73.848376	0.194944595318	5	0.447627631753	3	0.774205706646	0	2	1	2592	570000	99	2500	1930	55	10	27	23	21	76	33	11	35	19	8	85
79715388_zpid	79715388_zpid	11233	2317 Dean St, Brooklyn, NY 11233	40.674861	-73.9107499	0.152225387451	8	0.17805293601	5	0.404194167844	5	7	3.5	3300	685000	7	1050	2005	211	17	126	161	101	41	34	20	50	69	28	182
30573591_zpid	30573591_zpid	11215	149 17th St, Brooklyn, NY 11215	40.665898	-73.994413	0.154942552103	11	0.61202645874	2	0.140833594024	3	7	4	3000	1100000	0	2121	1899	35	37	11	24	17	17	42	8	21	10	6	120
30693999_zpid	30693999_zpid	11209	63 73rd St, Brooklyn, NY 11209	40.6348429	-74.034769	0.247632922668	7	0.633248370374	2	0.962467357514	0	2	1	1400	60000	10	2000	1920	69	8	12	20	14	33	22	91	19	3	2	61
29827108_zpid	29827108_zpid	10467	845 E 215th St, Bronx, NY 10467	40.879463	-73.859658	0.467532063863	4	0.507142845482	1	0.550926572243	2	4	2	1152	29000	284	6000	1935	156	13	70	78	57	51	10	2	23	41	11	144
30753237_zpid	30753237_zpid	11210	1176 E 28th St, Brooklyn, NY 11210	40.622318	-73.948291	0.302251011048	3	0.315491041605	2	1.07456247594	0	3	3	1300	795500	5	2700	1925	62	4	32	25	23	38	30	8	33	6	1	80
30763845_zpid	30763845_zpid	11234	1633 E 38th St, Brooklyn, NY 11234	40.616704	-73.936221	0.461840710911	2	0.369656153998	2	1.96118190916	0	3	4	1305	510000	3	2000	1930	48	128	36	76	16	172	116	80	136	28	4	456
30628091_zpid	30628091_zpid	11221	649 Knickerbocker Ave, Brooklyn, NY 11221	40.695512	-73.91211	0.138262308478	13	0.386896395903	4	0.463107973243	4	3	2	3000	440000	65	1825	1950	78	14	59	76	61	17	23	5	28	34	17	120
29832316_zpid	29832316_zpid	10466	838 E 223rd St, Bronx, NY 10466	40.884803	-73.857102	0.175325793928	6	0.369337280625	2	0.450234052477	2	6	3	1700	320000	149	2800	1925	388	48	192	260	152	184	56	40	104	104	44	344
30605955_zpid	30605955_zpid	11233	57 Bainbridge St, Brooklyn, NY 11233	40.680698	-73.93545	0.182164212944	8	0.198035575332	3	0.425315728633	2	7	4	3024	656250	11	1750	1899	54	22	45	54	38	5	20	3	19	16	9	88
