30622197_zpid	30622197_zpid	11222	103 Monitor St, Brooklyn, NY 11222	40.7227675	-73.9424152	0.259586508018	12	0.12053108022	1	0.775991879467	0	1	1	900	70000	265	1800	1910	29	49	18	49	13	16	39	25	27	8	14	155
30789183_zpid	30789183_zpid	11235	6 Brighton 3RD Pl, Brooklyn, NY 11235	40.5796706	-73.9646428	0.298533932219	6	0.27801400913	7	0.361722457735	2	3	1	846	60000	39	1800	1905	131	62	77	99	64	63	45	26	48	28	28	271
30753433_zpid	30753433_zpid	11210	1139 E 32nd St, Brooklyn, NY 11210	40.62362	-73.944032	0.269442030573	3	0.420219347768	3	1.07029637468	0	3	1.5	1352	600000	9	2000	1925	117	12	54	48	42	77	50	15	33	13	5	119
30620265_zpid	30620265_zpid	11222	1093 Lorimer St, Brooklyn, NY 11222	40.7279089	-73.954426	0.0380867873262	16	0.115098764886	4	0.250930723695	2	3	1.5	2500	2100000	5	1275	1899	65	86	23	49	27	46	36	28	21	14	14	190
30573185_zpid	30573185_zpid	11231	194 W 9th St, Brooklyn, NY 11231	40.674762	-73.998557	0.126858399351	8	0.477274058972	1	0.109994926263	1	10	2	2160	90500	321	1875	1901	20	25	6	10	6	14	37	8	11	3	6	89
29784442_zpid	29784442_zpid	10458	2394 Lorillard Pl, Bronx, NY 10458	40.856087	-73.889131	0.11378110251	10	0.132848664598	3	0.61044462666	1	3	3	1581	220000	164	1650	1901	449	79	164	199	192	25	38	16	55	70	29	318
30603999_zpid	30603999_zpid	11221	731 Putnam Ave, Brooklyn, NY 11221	40.68629	-73.932222	0.22355119088	7	0.184475961484	3	0.781232238373	0	5	5.5	3768	1550000	15	1883	1905	170	30	87	140	82	43	25	11	29	49	31	204
30737674_zpid	30737674_zpid	11223	14 Corso Ct, Brooklyn, NY 11223	40.5946447	-73.9747595	0.292635987068	4	0.318544468956	3	0.197437527038	4	4	1	2244	317100	24	435	1926	168	48	44	144	44	232	100	148	112	28	36	420
2105859696_zpid	2105859696_zpid	11209	476 73rd St, Brooklyn, NY 11209	40.630987	-74.0225899	0.098865600816	17	0.194557595261	6	0.282964089858	2	6	4	2560	1530000	0	1842	1910	232	140	140	200	88	164	200	180	100	64	28	588
30739122_zpid	30739122_zpid	11223	88 Lancaster Ave, Brooklyn, NY 11223	40.592711	-73.96153	0.299369971865	14	0.629929898544	3	0.607843047621	1	2	1.5	1350	630000	12	2613	1930	64	40	12	52	28	72	100	52	28	8	4	128
30791913_zpid	30791913_zpid	11235	2741 E 27th St, Brooklyn, NY 11235	40.586069	-73.941742	0.313808038956	5	0.613737509019	1	1.05341041461	0	3	3	2898	610000	46	1110780.0	1935	96	32	56	88	48	136	80	92	136	16	20	360
83045386_zpid	83045386_zpid	11207	86 Van Siclen Ave, Brooklyn, NY 11207	40.678269	-73.8920021	0.168563178037	6	0.149719423102	6	0.063436081787	5	8	4	2680	675000	105	1700	2006	119	43	85	98	62	100	50	48	47	37	15	197
30612560_zpid	30612560_zpid	11205	14 Saint James Pl, Brooklyn, NY 11205	40.6892885	-73.9652238	0.214281313085	11	0.267568548557	3	0.103224598719	3	4	2	2764	2144000	16	1106	1899	176	164	76	116	76	88	72	24	56	56	36	372
30576548_zpid	30576548_zpid	11220	540 48th St, Brooklyn, NY 11220	40.645447	-74.008294	0.157007614598	11	0.115227419484	10	0.414750585265	2	6	3	2852	950000	6	2000	1899	137	62	68	105	58	51	75	22	27	32	11	262
30766521_zpid	30766521_zpid	11203	5393 Kings Hwy, Brooklyn, NY 11203	40.640248	-73.92532	0.336621154316	7	0.952384216506	0	1.95076981986	0	3	2	2070	425000	35	2523	1940	77	12	16	15	13	19	27	9	11	7	3	69
29784125_zpid	29784125_zpid	10457	4445 Park Ave, Bronx, NY 10457	40.853757	-73.896343	0.243178657276	9	0.287219021818	7	0.452490804834	1	4	2	1497	209000	0	1694	1899	371	29	148	186	162	26	16	12	42	58	22	270
30713977_zpid	30713977_zpid	11214	8791 17th Ave, Brooklyn, NY 11214	40.60469	-74.008536	0.111529428979	7	0.185100259806	6	0.679921428125	1	4	3	1470	810000	0	1837	1920	23	20	14	32	6	38	21	48	19	2	3	90
30640045_zpid	30640045_zpid	11207	515 Warwick St, Brooklyn, NY 11207	40.670766	-73.884908	0.375951812966	8	0.496836501872	2	0.507077971119	4	3	3	1134	390000	10	2800	1990	73	15	43	47	43	29	27	6	27	30	14	116
30788999_zpid	30788999_zpid	11234	2522 E 63rd St, Brooklyn, NY 11234	40.6099699	-73.910373	0.679101329464	1	0.813273413075	0	4.01192750355	0	5	3	1920	640000	2	3049	1960	2	6	3	5	3	17	8	15	21	2	1	30
29854125_zpid	29854125_zpid	10471	625 W 246TH St, Bronx, NY 10471	40.8926801	-73.9106664	0.654450842926	3	0.815433011025	0	1.08866860001	0	3	2	1260	975100	5	13503.6	1940	72	20	8	12	0	8	144	12	28	0	4	72
30793701_zpid	30793701_zpid	11229	20 Florence Ave, Brooklyn, NY 11229	40.589732	-73.927885	0.426622859668	2	1.00963322878	0	2.24310068319	0	3	1	1320	429000	0	3570	1920	1	3	1	13	1	1	23	9	19	1	3	32
83046087_zpid	83046087_zpid	11216	27 Macdonough St APT 1, Brooklyn, NY 11216	40.6810574	-73.9452975	0.181769174856	13	0.129597444019	7	0.377189447726	3	9	7	3900	1440000	14	2500	2005	273	117	124	183	131	43	47	18	62	74	32	283
30782838_zpid	30782838_zpid	11234	2258 E 72nd St, Brooklyn, NY 11234	40.617478	-73.903959	0.556193261042	1	0.461493304505	1	3.25274082982	0	4	3	1620	305000	184	2667	1930	11	14	6	11	5	13	22	11	18	2	4	61
30662159_zpid	30662159_zpid	11203	725 E 45th St, Brooklyn, NY 11203	40.64351	-73.934043	0.175717762411	6	0.776524601679	0	1.27223092195	0	4	1.5	1568	371000	16	2000	1930	88	40	40	52	36	132	84	28	72	44	12	324
30667794_zpid	30667794_zpid	11226	447 E 21st St, Brooklyn, NY 11226	40.643249	-73.958395	0.0584886793887	8	0.264923000266	4	0.526917613423	2	8	2	3600	745000	21	1920	1965	564	119	306	322	323	62	43	28	75	105	17	494
30745388_zpid	30745388_zpid	11229	2290 E 12th St, Brooklyn, NY 11229	40.5941016	-73.9597092	0.102474986147	10	0.457830762751	6	0.405009547251	2	5	3	2400	825000	10	1381	1930	168	48	32	52	36	100	28	36	20	8	12	168
29828001_zpid	29828001_zpid	10469	1029 E 211th St, Bronx, NY 10469	40.87551	-73.856898	0.14522552438	6	0.786088351678	0	0.830710358049	0	4	2	1848	482000	124	2482	1945	60	4	31	51	30	49	21	8	33	24	16	85
30570817_zpid	30570817_zpid	11231	490 Court St, Brooklyn, NY 11231	40.6770994	-73.9986894	0.0760064163969	10	0.468541637095	1	0.30347856114	2	6	4	4000	3250000	8	1470	1931	30	32	7	22	9	17	52	16	15	6	8	132
30697737_zpid	30697737_zpid	11209	190 80th St, Brooklyn, NY 11209	40.62835	-74.03256	0.263159696777	10	0.78188459362	0	0.61544580285	2	4	3	1708	1549000	0	3644	1920	29	37	13	15	9	39	44	44	10	6	3	80
30621591_zpid	30621591_zpid	11222	45 Mcguinness Blvd, Brooklyn, NY 11222	40.724027	-73.948235	0.0471394797018	14	0.390786998385	4	0.26541103522	1	1	1	2112	139000	309	2500	2010	160	324	76	156	48	120	140	112	80	52	56	720
30698436_zpid	30698436_zpid	11209	8220 Narrows Ave, Brooklyn, NY 11209	40.627996	-74.038342	0.716902016544	4	1.04811495662	0	1.02720620367	0	6	3.5	5746	10999000	0	20037.600000000002	1917	20	20	0	20	0	24	88	64	32	4	4	140
29842772_zpid	29842772_zpid	10461	1527 Gillespie Ave, Bronx, NY 10461	40.84296	-73.8313469	0.19860597246	6	0.504853061691	1	0.430859069511	2	3	2	1092	430000	9	2500	1920	80	14	21	18	21	46	37	15	10	14	5	108
30730413_zpid	30730413_zpid	11214	2509 Bath Ave, Brooklyn, NY 11214	40.594302	-73.990385	0.344575417654	8	0.451130531572	4	0.483494613263	1	5	3	1540	700000	17	2000	1955	21	9	14	20	7	39	37	24	24	8	2	77
29798653_zpid	29798653_zpid	10460	1173 E 178th St, Bronx, NY 10460	40.839426	-73.874831	0.24930504361	3	0.391567096641	1	0.297106765757	2	6	3	1792	220299	29	1485	1901	112	16	32	36	47	17	9	5	20	16	12	78
30602608_zpid	30602608_zpid	11221	467 Van Buren St, Brooklyn, NY 11221	40.6918409	-73.929781	0.130066930305	9	0.22189353899	4	0.185969519242	3	3	3	2160	1150000	19	1833	1899	176	78	94	121	123	45	38	15	37	55	37	282
30779176_zpid	30779176_zpid	11236	1607 E 96th St, Brooklyn, NY 11236	40.6343279	-73.891262	0.174469133755	6	0.281194386722	4	1.63788239723	0	3	2.5	1280	399000	0	2000	1930	32	9	15	20	3	38	14	17	11	7	1	52
29846662_zpid	29846662_zpid	10465	3014 Lawton Ave, Bronx, NY 10465	40.817869	-73.812212	0.448429774631	4	0.507649513582	1	3.53513040278	0	3	2	1683	364000	6	1768	1950	5	10	2	7	2	10	22	12	13	3	9	62
30655601_zpid	30655601_zpid	11236	615 E 96th St, Brooklyn, NY 11236	40.653673	-73.912841	0.310228349044	7	0.502082456406	1	0.914731891843	0	3	2	1961	387000	74	2000	1955	40	3	15	22	21	32	14	6	5	9	3	64
83047450_zpid	83047450_zpid	11212	128 Osborn St, Brooklyn, NY 11212	40.669307	-73.9089578	0.0919998331502	6	0.020784851994	8	0.58962332122	2	3	1	938	350000	25	1877	2007	80	11	25	38	31	21	25	7	13	14	14	114
30596475_zpid	30596475_zpid	11213	1397 Sterling Pl, Brooklyn, NY 11213	40.67183	-73.932336	0.12847879794	9	0.195083547009	4	0.330484905764	1	5	3	2904	4703475	100	2570	1901	455	44	244	238	228	36	35	12	53	87	33	337
29796778_zpid	29796778_zpid	10472	1000 Olmstead Ave, Bronx, NY 10472	40.8273269	-73.85283	0.265901969128	9	0.422844470145	1	0.779346873946	0	3	1	2290	525000	9	2970	1987	216	56	76	128	108	112	100	20	100	44	32	260
30612690_zpid	30612690_zpid	11238	353 Washington Ave, Brooklyn, NY 11238	40.688002	-73.965405	0.100311444824	12	0.132891689652	4	0.0577516563805	3	3	1.5	1100	65000	256	3751	1920	112	46	62	83	70	29	34	8	33	21	18	126
29789829_zpid	29789829_zpid	10470	432 E 238th St, Bronx, NY 10470	40.899825	-73.8638579	0.183479695862	3	0.405243046103	1	0.50321075619	1	4	3.5	2060	186969	12	2500	1920	67	18	12	24	11	29	12	18	16	6	4	73
29818242_zpid	29818242_zpid	10462	2091 Muliner Ave, Bronx, NY 10462	40.853551	-73.862295	0.312284811749	8	0.291400809876	3	0.176524936348	3	6	4	3280	525000	94	2058	1960	486	40	93	70	88	33	37	17	40	33	29	220
29812417_zpid	29812417_zpid	10460	1707 Van Buren St, Bronx, NY 10460	40.841237	-73.870567	0.233718536747	4	0.644514450319	2	0.256635571033	1	3	2	2892	480000	15	2343	1920	232	24	68	85	95	47	22	13	32	41	28	152
30634450_zpid	30634450_zpid	11207	302 Pennsylvania Ave, Brooklyn, NY 11207	40.670046	-73.8957609	0.125104458181	5	0.114591011836	10	0.504885079658	4	6	2	1933	590000	115	3100	1910	109	16	87	96	94	22	33	8	32	29	22	171
30709781_zpid	30709781_zpid	11228	1253 83rd St, Brooklyn, NY 11228	40.61647	-74.012805	0.404706387822	4	0.68201434053	1	1.08221445201	0	6	3	2940	999000	26	3000	1940	6	14	0	13	0	19	32	18	15	4	1	42
30636543_zpid	30636543_zpid	11207	169 Sunnyside Ave, Brooklyn, NY 11207	40.682369	-73.891222	0.363365492855	3	0.267993442773	4	0.511940699052	2	3	3	1962	550000	3	3253	1910	69	28	42	43	30	54	38	34	31	14	7	93
30645276_zpid	30645276_zpid	11208	224 Fountain Ave, Brooklyn, NY 11208	40.6745001	-73.8753765	0.170287793253	8	0.127523834354	4	0.292865314015	2	4	3	3800	200000	33	2000	2002	748	88	408	468	364	240	192	28	140	244	84	792
30598267_zpid	30598267_zpid	11233	2420 Pacific St, Brooklyn, NY 11233	40.675035	-73.905187	0.44552655793	6	0.508917087161	4	0.179794340132	9	4	2	2322	87000	77	876	1927	79	8	51	83	56	21	18	12	27	32	14	85
30673133_zpid	30673133_zpid	11218	311 E 2nd St, Brooklyn, NY 11218	40.643907	-73.978136	0.0318525591447	11	0.190324629171	8	0.131098089501	2	4	3	1432	658000	112	1775	1920	564	156	176	284	196	240	236	140	84	72	64	844
30742490_zpid	30742490_zpid	11229	1949 E 27th St, Brooklyn, NY 11229	40.603641	-73.945122	0.284647323532	3	0.428401592396	2	1.03335819249	0	3	3	2394	749000	0	1799	1940	88	64	40	92	32	136	168	60	108	4	12	408
30646684_zpid	30646684_zpid	11207	720 New Jersey Ave, Brooklyn, NY 11207	40.661467	-73.8920179	0.151872789068	4	0.135642361357	5	0.428243903452	3	7	2	2904	520000	16	1900	1907	261	18	151	140	140	29	48	12	46	81	17	271
30772767_zpid	30772767_zpid	11236	737 E 94th St, Brooklyn, NY 11236	40.650532	-73.9120779	0.342858057921	4	0.729570377141	1	0.965712365645	0	4	2.75	2052	491000	6	1900	1950	37	3	17	22	24	44	22	10	5	7	4	95
30712467_zpid	30712467_zpid	11214	73 Bay 26th St, Brooklyn, NY 11214	40.602081	-73.99812	0.217078309894	8	0.28845973871	10	0.275545605628	3	3	1	3528	998000	68	3867	1901	165	19	43	55	43	102	45	44	22	18	8	177
30767591_zpid	30767591_zpid	11236	684 E 77th St, Brooklyn, NY 11236	40.635673	-73.917591	0.296632256828	6	0.312562110218	3	1.80615421545	0	7	4.5	3450	255000	310	2000	1990	18	7	18	9	8	18	22	8	10	5	5	56
30633739_zpid	30633739_zpid	11212	655 Watkins St, Brooklyn, NY 11212	40.65612	-73.904081	0.0734886832441	3	0.33412016986	2	0.502289524926	2	3	1	3280	490000	156	2500	1930	63	10	40	48	37	19	18	6	34	13	5	106
30672334_zpid	30672334_zpid	11218	14 Tehama St, Brooklyn, NY 11218	40.645026	-73.981503	0.160842730977	10	0.120492921871	7	0.189169391882	2	6	3	4200	820000	120	2534	1935	63	29	37	43	32	36	39	34	13	15	10	158
30762473_zpid	30762473_zpid	11234	1325 E 54th St, Brooklyn, NY 11234	40.62542	-73.9233859	0.229044440695	9	0.355252134608	2	2.20930878634	0	3	2	1540	479000	12	2225	1940	19	15	21	12	10	56	27	25	21	13	10	81
30691469_zpid	30691469_zpid	11220	125 Senator St, Brooklyn, NY 11220	40.638984	-74.0299579	0.29937080777	8	0.408737385554	3	0.713449064776	1	6	3	2500	1350000	0	2500	1920	45	14	23	24	15	26	19	28	6	10	1	68
30642882_zpid	30642882_zpid	11208	217 Hemlock St, Brooklyn, NY 11208	40.684631	-73.871086	0.163072737442	5	0.140379975262	5	0.278386531764	2	8	3	3120	699000	0	1999	1910	118	41	67	99	54	75	39	11	65	46	8	207
30641756_zpid	30641756_zpid	11208	89 Autumn Ave, Brooklyn, NY 11208	40.688275	-73.870988	0.127841660641	8	0.298707726184	6	0.227548531488	3	5	3	1904	340000	36	1740	1920	75	31	53	66	37	56	36	15	39	32	5	139
30763762_zpid	30763762_zpid	11234	1571 Kimball St, Brooklyn, NY 11234	40.618599	-73.935892	0.542801008574	3	0.396315253865	2	1.8701110435	0	3	2	4	600000	72	4000	1960	31	23	15	18	12	46	33	22	23	9	2	121
30664600_zpid	30664600_zpid	11225	50 Maple St, Brooklyn, NY 11225	40.660084	-73.958844	0.141859720585	12	0.333210499966	5	0.334237129401	3	6	4	3170	1500000	0	6000	1925	420	107	184	158	172	17	45	22	55	51	14	268
30726856_zpid	30726856_zpid	11229	1616 E 14th St, Brooklyn, NY 11229	40.6098489	-73.9597019	0.19624548346	8	0.39965739663	4	0.206175070393	1	3	1	1378	589500	23	2000	1920	75	21	31	34	26	29	15	16	10	11	6	135
29832352_zpid	29832352_zpid	10466	839 E 223rd St, Bronx, NY 10466	40.885231	-73.856886	0.140516804072	7	0.358717087174	2	0.425529346322	2	5	2.5	2912	415000	0	5710	1925	464	48	220	300	192	200	68	40	112	120	48	416
83178191_zpid	83178191_zpid	10460	885 Elsmere Pl, Bronx, NY 10460	40.8421838	-73.8861884	0.135681729118	11	0.497284253732	3	0.558153063249	2	8	3	3600	375000	26	1481	2006	303	20	138	126	137	27	21	8	40	43	23	214
64514062_zpid	64514062_zpid	11221	233 Central Ave, Brooklyn, NY 11221	40.697237	-73.923142	0.221111211417	15	0.266664493082	7	0.330279001196	3	2	2	1442	540000	134	1800	1931	130	47	66	82	63	44	19	18	45	25	24	165
30599496_zpid	30599496_zpid	11233	656 Macdonough St, Brooklyn, NY 11233	40.683503	-73.919842	0.24310472828	7	0.443206569916	3	0.41846676502	3	4	1	5250	450000	134	2500	1910	222	56	145	160	131	22	32	11	60	87	24	259
30722918_zpid	30722918_zpid	11223	1841 W 7th St, Brooklyn, NY 11223	40.602349	-73.9794152	0.190919095512	7	0.327850381432	3	0.192310211375	3	4	2	1756	905000	16	4000	1930	296	112	168	104	132	388	128	248	92	44	28	416
62649301_zpid	62649301_zpid	11235	2943 Brighton 4th St, Brooklyn, NY 11235	40.5802503	-73.9642624	0.22606985839	7	0.322631382537	7	0.38282330357	2	1	2	18163	370000	12	9600	2001	117	54	66	96	43	64	43	24	40	24	26	245
30611360_zpid	30611360_zpid	11216	335 Herkimer St, Brooklyn, NY 11216	40.679445	-73.942209	0.260475298776	9	0.187728660627	7	0.125760601703	3	5	2	2100	484000	54	2003	1962	177	78	82	131	74	26	34	21	40	42	28	197
29826789_zpid	29826789_zpid	10467	747 E 217th St, Bronx, NY 10467	40.88181	-73.861768	0.151666385866	4	0.500949605808	2	0.239552201914	3	4	2	1350	400000	112	1431	1920	217	15	101	114	97	81	18	3	42	61	16	199
30588670_zpid	30588670_zpid	11215	52 Prospect Park SW, Brooklyn, NY 11215	40.659215	-73.976791	0.134019302924	11	0.280336082293	4	0.303069672945	1	8	5	3450	775000	158	2125	1910	32	28	12	18	15	12	12	6	10	2	5	51
30659708_zpid	30659708_zpid	11203	3915 Snyder Ave, Brooklyn, NY 11203	40.649713	-73.940168	0.19984147125	3	0.398328440603	2	0.804393744875	0	2	1	2676	463000	20	2000	1920	103	19	70	64	66	48	14	7	25	28	5	111
29846808_zpid	29846808_zpid	10465	3068 Harding Ave, Bronx, NY 10465	40.816508	-73.8092099	0.551766219374	2	0.799280107929	0	3.80630653341	0	2	2	960	370000	107	1947	1960	5	7	3	5	2	8	19	12	13	3	4	50
29832484_zpid	29832484_zpid	10466	820 E 227th St, Bronx, NY 10466	40.887825	-73.856077	0.202681294476	8	0.398960418716	3	0.359513148877	3	9	3	3006	515000	0	2628	1920	188	16	95	98	74	76	26	11	36	45	17	153
30765397_zpid	30765397_zpid	11234	1761 E 51st St, Brooklyn, NY 11234	40.617439	-73.925406	0.164582764526	10	0.718985677912	1	2.54309418779	0	3	1.5	1092	455000	10	3000	1920	64	192	20	28	40	116	108	96	72	20	24	572
30782184_zpid	30782184_zpid	11234	2021 E 69th St, Brooklyn, NY 11234	40.6202169	-73.909955	0.309088049109	5	0.334654451211	1	3.02156611971	0	3	2.5	1765	598000	2	2730	1970	72	12	32	56	24	100	96	52	92	12	20	256
29793877_zpid	29793877_zpid	10473	2220 Turnbull Ave, Bronx, NY 10473	40.823914	-73.848005	0.471797149141	3	0.414623877719	2	1.19462447513	0	3	2	1550	349000	16	3001	1930	80	52	56	32	24	108	44	20	40	16	24	220
30613294_zpid	30613294_zpid	11238	103 Saint James Pl, Brooklyn, NY 11238	40.6863332	-73.9641326	0.195922048072	8	0.201311116519	3	0.272335692783	3	5	2	3008	1075000	55	2000	1899	153	104	85	121	94	37	47	14	43	26	23	177
30772639_zpid	30772639_zpid	11236	767 Remsen Ave, Brooklyn, NY 11236	40.648977	-73.915297	0.0882798098603	4	0.712950293818	1	1.16481725546	0	6	4	3450	590000	11	2000	1955	24	4	14	17	10	31	22	7	10	11	5	73
30627235_zpid	30627235_zpid	11221	432 Evergreen Ave, Brooklyn, NY 11221	40.692725	-73.921517	0.355085295824	11	0.269507314004	5	0.350347211478	3	3	1.5	4858	675000	45	2395	1931	193	65	77	127	78	44	35	14	61	39	37	247
30626250_zpid	30626250_zpid	11221	81 Himrod St, Brooklyn, NY 11221	40.6959096	-73.9242124	0.376435326397	14	0.298933724261	6	0.345306177231	4	7	3	2700	568000	52	1508	1920	177	71	78	110	80	49	22	20	54	33	30	233
29793914_zpid	29793914_zpid	10473	2225 Lafayette Ave, Bronx, NY 10473	40.823639	-73.847952	0.477796482568	3	0.383831127049	2	1.22534939169	0	3	3	1552	280000	16	2500	1930	20	13	14	7	5	25	11	5	10	4	6	54
30738807_zpid	30738807_zpid	11223	2326 E 2nd St, Brooklyn, NY 11223	40.592418	-73.968985	0.179139692765	6	0.716659533193	1	0.543230118469	2	3	3	1272	900000	7	2667	1920	200	44	64	92	40	176	152	148	64	24	16	384
30591787_zpid	30591787_zpid	11216	835 Prospect Pl, Brooklyn, NY 11216	40.674489	-73.948811	0.125101411146	11	0.092875898981	7	0.436008454084	4	4	4	3008	1150000	28	1583	1905	341	89	176	221	198	40	33	8	55	77	36	286
30782135_zpid	30782135_zpid	11234	2063 E 67th St, Brooklyn, NY 11234	40.6183539	-73.910503	0.0977584216478	6	0.15462420653	1	3.23405296468	0	3	1	1260	449440	107	2000	1935	16	12	10	15	7	19	20	13	21	2	6	73
30660144_zpid	30660144_zpid	11226	109 E 32nd St, Brooklyn, NY 11226	40.648131	-73.9471	0.171694377517	6	0.294781012018	5	0.367204079156	2	2	2	3000	540000	113	2050	1910	170	19	55	54	47	68	19	13	20	24	16	128
68310730_zpid	68310730_zpid	11229	38 Noel Ave, Brooklyn, NY 11229	40.58751	-73.922878	0.279998719253	2	1.47975090274	0	2.64497433979	0	3	2	2100	460000	107	1800	2004	8	12	4	56	0	0	124	44	96	8	20	156
30599585_zpid	30599585_zpid	11233	701 Decatur St, Brooklyn, NY 11233	40.68375	-73.915225	0.172574676093	7	0.212007491707	3	0.306051533882	3	5	3	4860	825000	15	2000	1899	792	144	548	600	488	80	140	44	188	336	48	852
30771035_zpid	30771035_zpid	11236	1259 E 82nd St, Brooklyn, NY 11236	40.630513	-73.904819	0.844541557662	0	0.77891482865	0	1.81422690953	0	5	2.5	2850	565000	14	2183	1955	50	6	14	24	11	65	22	7	29	6	8	56
30699360_zpid	30699360_zpid	11228	1048 84th St, Brooklyn, NY 11228	40.618282	-74.018229	0.335072517745	2	0.667959158137	2	0.989315236974	0	5	4	4000	2898000	0	6000	1899	17	7	9	8	6	19	38	14	14	3	2	31
30741948_zpid	30741948_zpid	11229	1956 E 19th St, Brooklyn, NY 11229	40.602563	-73.953538	0.512296016973	7	0.366322411254	4	0.415667911118	1	3	2	1480	450000	38	2800	1920	456	156	136	156	200	336	204	92	72	44	16	612
30671446_zpid	30671446_zpid	11218	130 E 3rd St, Brooklyn, NY 11218	40.649018	-73.978761	0.0768240723806	9	0.167280530935	5	0.266517736122	2	5	2	1592	752500	34	1817	1925	52	28	19	28	24	29	31	28	19	5	6	103
30574718_zpid	30574718_zpid	11232	444 37th St, Brooklyn, NY 11232	40.652854	-74.003997	0.154816829589	5	0.268262779465	4	0.185302850859	2	4	2	1950	999000	35	1870	1901	71	48	27	33	32	12	46	18	16	12	8	120
29837701_zpid	29837701_zpid	10466	2063 Edenwald Ave, Bronx, NY 10466	40.893595	-73.841504	0.733320471903	1	0.488434080542	3	1.07409379354	0	2	2	1440	305000	79	2613	1970	35	4	11	17	7	64	42	12	35	12	5	67
30784180_zpid	30784180_zpid	11234	1851 E 38th St, Brooklyn, NY 11234	40.613104	-73.9321949	0.309661248584	3	0.487571617776	1	2.22055243993	0	3	3.5	1280	560000	17	2000	1930	16	168	8	20	4	72	132	100	112	4	8	228
64634730_zpid	64634730_zpid	11234	1312 E 69th St, Brooklyn, NY 11234	40.623134	-73.913974	0.43190261929	5	0.761083749663	0	2.81143188699	0	3	2.5	1836	579000	128	2700	2005	19	4	9	10	4	49	23	22	17	6	6	93
30634885_zpid	30634885_zpid	11207	399 Pennsylvania Ave, Brooklyn, NY 11207	40.667595	-73.894415	0.147230028923	6	0.191779494373	11	0.331989011313	5	7	3	3000	545000	5	2000	1901	163	18	109	121	116	22	43	10	41	39	15	191
30606068_zpid	30606068_zpid	11233	187 Bainbridge St, Brooklyn, NY 11233	40.681335	-73.9298249	0.190149752766	8	0.181365892915	5	0.232306772945	1	4	2	2924	1050000	1	1700	1899	528	264	348	496	276	60	96	44	136	152	100	728
30737673_zpid	30737673_zpid	11223	10 Corso Ct, Brooklyn, NY 11223	40.5946512	-73.9749307	0.283256262932	7	0.360247871049	2	0.205898347131	4	5	2	1870	490000	28	1180	1925	156	48	40	136	48	224	100	148	100	24	36	408
30778546_zpid	30778546_zpid	11236	1329 E 100th St, Brooklyn, NY 11236	40.638211	-73.890205	0.418230732671	7	0.215671652865	3	1.36047222037	0	5	3	2200	562000	10	2000	1955	27	5	25	22	3	25	19	13	14	7	2	66
30712414_zpid	30712414_zpid	11214	16 Bay 25th St, Brooklyn, NY 11214	40.603889	-73.9981449	0.208988324377	10	0.139905932117	10	0.074275763122	3	6	2	4392	2600000	11	4834	1930	149	26	44	47	30	86	43	40	26	15	7	178
30784504_zpid	30784504_zpid	11234	1815 E 51st St, Brooklyn, NY 11234	40.615988	-73.925247	0.326665166797	10	0.880339836895	0	2.66418003632	0	3	3	958	398500	123	2299	1925	15	44	6	7	10	27	30	18	18	6	7	115
