89072251_zpid	89072251_zpid	10456	789 E 169th St, Bronx, NY 10456	40.8305299	-73.8989875	0.180263335271	6	0.2012663151	9	0.603848957219	1	5	2	2540	397500	19	1161	2013	162	13	81	97	59	37	7	8	15	29	15	138
30595727_zpid	30595727_zpid	11213	1509 Dean St, Brooklyn, NY 11213	40.67643	-73.93802	0.287717959384	8	0.34996744084	6	0.456537956961	2	8	3.5	2520	1099000	0	1600	1910	174	40	75	83	75	35	27	8	32	36	12	173
30602966_zpid	30602966_zpid	11221	104 Malcolm X Blvd, Brooklyn, NY 11221	40.690163	-73.930807	0.317958109708	9	0.405009152133	4	0.391832142038	2	6	3.5	2520	835000	28	2000	1899	207	66	114	143	127	56	33	20	38	61	42	287
30767921_zpid	30767921_zpid	11236	638 E 82nd St, Brooklyn, NY 11236	40.638801	-73.9147629	0.333741156425	6	0.413767663556	2	1.39781497012	0	5	3.5	2250	567000	20	1800	1960	33	8	23	16	9	52	27	12	29	11	9	95
29838183_zpid	29838183_zpid	10466	4388 Richardson Ave, Bronx, NY 10466	40.898441	-73.85538	0.380792632693	3	0.23952636176	2	0.0847612810016	4	5	3	2241	220000	245	2625	1920	132	10	52	46	68	47	15	2	25	25	5	121
30715617_zpid	30715617_zpid	11230	727 E 10th St, Brooklyn, NY 11230	40.631281	-73.967155	0.351821567107	8	0.252954084602	6	0.51699188433	2	4	1.5	1378	855000	13	1720	1920	352	156	264	196	212	248	204	220	124	68	52	636
30731863_zpid	30731863_zpid	11214	1705 Shore Pkwy, Brooklyn, NY 11214	40.594463	-73.996356	0.403063030319	4	0.614666698019	1	0.857382816942	0	6	3	3100	920000	3	2300	1960	26	4	15	20	9	36	24	9	12	9	2	57
29850469_zpid	29850469_zpid	10464	72 Hawkins St, Bronx, NY 10464	40.845886	-73.787815	0.211580309103	3	3.20437759582	0	3.39890311634	0	3	1.5	2223	528000	9	2513	2007	17	20	5	7	3	1	36	9	7	2	31	46
29831287_zpid	29831287_zpid	10469	2906 Tiemann Ave, Bronx, NY 10469	40.868927	-73.838928	0.806287666223	0	0.723556370792	1	0.631180816476	1	7	3	2900	565000	7	2000	1965	38	13	26	26	14	36	24	15	23	5	11	67
29793600_zpid	29793600_zpid	10473	2025 Turnbull Ave, Bronx, NY 10473	40.823541	-73.854223	0.44055556077	4	0.384704836317	3	1.21275260801	0	3	2	2009	260000	61	2060	1940	77	23	24	24	17	16	17	5	13	8	5	74
30640059_zpid	30640059_zpid	11207	541 Warwick St, Brooklyn, NY 11207	40.6701804	-73.8847981	0.402927623997	8	0.435858180899	2	0.441361420789	4	3	1.5	1116	307970	20	1800	1989	72	15	40	46	37	25	27	6	29	26	14	111
30665740_zpid	30665740_zpid	11226	16 Clarkson Ave, Brooklyn, NY 11226	40.654639	-73.959066	0.171325005386	13	0.132266397594	5	0.217633065736	2	2	1	3246	400000	44	2320	1905	503	100	267	250	235	45	38	24	64	67	18	347
30719154_zpid	30719154_zpid	11204	1514 W 10th St, Brooklyn, NY 11204	40.609778	-73.984174	0.154990208258	12	0.254522838749	7	0.304347492469	2	8	3	3600	1398800	0	2000	1965	388	96	144	200	232	244	84	128	84	48	24	532
30605609_zpid	30605609_zpid	11233	529 Macdonough St, Brooklyn, NY 11233	40.683396	-73.924845	0.433464436734	10	0.524417652807	3	0.589808119471	3	3	1.5	900	10	138	1800	2011	156	72	103	120	79	17	17	14	44	48	24	201
30768445_zpid	30768445_zpid	11236	707 E 79th St, Brooklyn, NY 11236	40.63642	-73.915218	0.219504194691	6	0.205733947126	2	1.60403611314	0	5	2.5	2223	15000	16	1975	1960	32	9	26	17	11	50	32	14	28	10	8	89
30724240_zpid	30724240_zpid	11230	928 E 12th St, Brooklyn, NY 11230	40.626484	-73.96476	0.319078489407	5	0.284407833353	4	0.363086395056	2	4	1.5	2511	624000	128	3000	1915	444	100	228	228	248	220	108	152	96	76	40	620
2129012051_zpid	2129012051_zpid	11219	1558 Bay Ridge Ave, Brooklyn, NY 11219	40.6200551	-73.9981934	0.167564139829	10	0.108233452296	5	0.0768303571124	4	1	3.5	2800	735000	17	1100	1950	84	20	24	40	24	88	48	72	32	12	12	156
30761367_zpid	30761367_zpid	11234	1120 E 58th St, Brooklyn, NY 11234	40.627362	-73.920316	0.338456200504	5	0.301468213004	3	2.38766730245	0	5	3	2288	629000	0	2200	1960	27	10	24	14	17	41	17	24	18	17	6	87
83178984_zpid	83178984_zpid	10467	835 E 221st St, Bronx, NY 10467	40.883828	-73.857726	0.282250358143	6	0.409777667381	2	0.419800968661	2	3	2	3799	555000	127	2500	2003	89	5	46	61	44	49	9	1	20	31	4	89
30707415_zpid	30707415_zpid	11214	1961 78th St, Brooklyn, NY 11214	40.6096689	-73.993993	0.170026913905	13	0.0724480299903	9	0.669660899052	3	8	4	3750	1392000	3	2500	1924	340	40	104	124	72	200	144	96	84	40	24	416
30600780_zpid	30600780_zpid	11233	1939 Fulton St, Brooklyn, NY 11233	40.678939	-73.918473	0.285639021469	2	0.450663523567	3	0.257694525674	2	8	3	3000	270000	52	1992	1899	225	30	139	159	121	35	38	14	58	75	31	231
30715429_zpid	30715429_zpid	11214	1615 Shore Pkwy, Brooklyn, NY 11214	40.596463	-73.99866	0.228368220573	7	0.348638765064	1	0.732461016673	1	4	3	2724	525000	43	2280	1905	400	48	100	160	104	232	88	52	56	40	28	308
30783003_zpid	30783003_zpid	11234	2369 E 70th St, Brooklyn, NY 11234	40.614977	-73.902919	0.701602398261	1	0.603648213373	1	3.52742382099	0	3	2.5	1998	680000	9	2550	1956	8	48	8	32	0	20	76	36	52	4	12	192
30582528_zpid	30582528_zpid	11217	140 Saint Johns Pl, Brooklyn, NY 11217	40.677029	-73.976231	0.235919448043	16	0.264660936753	6	0.337932670029	4	6	3	4128	3780000	20	2023	1901	64	87	17	32	20	24	57	45	33	12	16	142
29829847_zpid	29829847_zpid	10469	3343 Mickle Ave, Bronx, NY 10469	40.876129	-73.845124	0.150342198143	5	0.226603181581	2	0.714781913283	2	4	2	1440	479000	1	1520	1940	52	13	40	54	34	36	30	12	34	16	9	116
30786734_zpid	30786734_zpid	11234	2133 Kimball St, Brooklyn, NY 11234	40.609477	-73.925698	0.405702741753	1	1.13228486528	0	2.71570058631	0	3	2.5	936	436000	31	2500	1920	6	9	1	6	2	21	22	16	16	0	6	72
30688413_zpid	30688413_zpid	11219	933 60th St, Brooklyn, NY 11219	40.6337849	-74.0063601	0.10783369201	7	0.426858202113	6	0.280321436061	2	6	2	2325	990000	10	2003	1905	40	15	18	28	10	48	36	30	14	7	6	86
30670923_zpid	30670923_zpid	11218	220 Seeley St, Brooklyn, NY 11218	40.654916	-73.974582	0.0849922575624	3	0.32369105865	2	0.57929130868	1	3	2.5	2140	990000	72	2550	1905	9	10	8	13	5	19	14	14	11	1	2	40
30663698_zpid	30663698_zpid	11210	3315 Farragut Rd, Brooklyn, NY 11210	40.636702	-73.944643	0.531385346276	2	0.400711090204	3	0.483128918902	2	5	3	2020	535000	11	2075	1910	303	24	172	163	146	57	33	12	36	60	7	303
30661687_zpid	30661687_zpid	11203	541 E 38th St, Brooklyn, NY 11203	40.642258	-73.940645	0.211368911165	4	0.627786025453	3	0.703823002334	1	3	2	1536	489000	0	2000	1920	360	28	228	208	224	176	84	24	92	112	32	428
30702821_zpid	30702821_zpid	11204	1778 Bay Ridge Ave, Brooklyn, NY 11204	40.6170453	-73.9930256	0.0646288348176	11	0.201678064565	6	0.45999909873	3	6	2.5	3780	1075000	30	3781	1930	240	88	120	260	84	244	176	192	88	52	36	524
30710231_zpid	30710231_zpid	11228	1549 84th St, Brooklyn, NY 11228	40.611989	-74.006834	0.255054136086	13	0.145989818518	5	0.552237944221	2	3	1.5	1344	210500	253	1860	1920	5	14	2	12	1	26	29	27	19	5	3	49
30606590_zpid	30606590_zpid	11233	24 Rochester Ave, Brooklyn, NY 11233	40.678247	-73.927689	0.208870208751	6	0.332629567182	3	0.285178763465	2	3	2	1560	590000	83	784080	1901	99	50	66	88	61	15	12	2	28	35	17	140
30735233_zpid	30735233_zpid	11223	2018 W 10th St, Brooklyn, NY 11223	40.5978009	-73.9819009	0.33483521853	6	0.259123894724	5	0.236452182033	5	2	2	980	660000	13	1908	1925	32	22	10	23	9	39	31	44	19	8	5	77
30724021_zpid	30724021_zpid	11230	821 E 12th St, Brooklyn, NY 11230	40.629073	-73.964663	0.231110073583	9	0.486655908819	5	0.256421514597	3	5	4	2946	1247000	0	2500	1930	304	92	168	156	200	244	176	184	100	52	36	544
30738867_zpid	30738867_zpid	11223	2374 E 3rd St, Brooklyn, NY 11223	40.592037	-73.967963	0.157275637354	2	0.711898947375	1	0.595687365235	2	4	2.5	2784	665000	20	2000	1920	51	8	16	21	11	39	35	29	14	4	3	76
29788392_zpid	29788392_zpid	10468	3185 Villa Ave, Bronx, NY 10468	40.876712	-73.8871	0.170797064656	9	0.174526727892	2	0.395881661566	4	2	1	2100	450000	43	5000	2014	216	7	59	41	34	6	6	0	17	15	7	72
30623199_zpid	30623199_zpid	11211	184 Devoe St, Brooklyn, NY 11211	40.713628	-73.943489	0.205149285183	11	0.0782874927973	4	0.114649505591	5	4	3	2304	837500	81	2000	1920	35	94	24	58	32	35	53	7	27	13	15	194
30785168_zpid	30785168_zpid	11234	1922 E 38th St, Brooklyn, NY 11234	40.611755	-73.931456	0.152922586159	3	0.585377207888	1	2.2538207919	0	3	2	2128	600000	27	2000	1930	16	64	16	12	8	52	104	120	108	8	12	224
30774827_zpid	30774827_zpid	11236	941 E 104th St, Brooklyn, NY 11236	40.646399	-73.894307	0.268863491821	4	0.251930145966	2	0.637735276182	2	2	2.5	1600	381444	142	2500	1930	160	32	88	64	52	148	48	20	64	36	36	332
30789229_zpid	30789229_zpid	11235	2926 Brighton 5th St, Brooklyn, NY 11235	40.5804145	-73.9636818	0.186601871563	8	0.302065881761	7	0.367474272149	2	2	1	1600	300000	35	1600	1940	472	232	276	388	172	292	204	108	172	100	104	1012
30731177_zpid	30731177_zpid	11214	73 Bay 46th St, Brooklyn, NY 11214	40.590738	-73.9859	0.198018335293	5	0.666794546151	1	0.277790560515	2	6	2.5	2008	392000	145	2900	1925	52	28	28	64	8	76	100	84	96	28	20	168
29794448_zpid	29794448_zpid	10472	1038 Metcalf Ave, Bronx, NY 10472	40.825867	-73.871534	0.251081066302	8	0.398784135827	4	0.483266036486	3	4	2	1800	525000	97	1511	1930	166	42	79	93	89	31	17	2	33	30	16	139
30782582_zpid	30782582_zpid	11234	2157 E 70th St, Brooklyn, NY 11234	40.6184579	-73.906774	0.336560752273	2	0.260909396829	1	3.1662205668	0	4	2.5	2000	540000	47	2500	1975	14	8	8	13	6	16	13	10	21	3	4	54
30780377_zpid	30780377_zpid	11234	1250 E 70th St, Brooklyn, NY 11234	40.624875	-73.914326	0.593249250731	4	0.680248653775	1	2.64359830837	0	7	5	3980	730000	17	4624	1977	20	4	13	12	9	52	13	22	16	9	6	84
30651114_zpid	30651114_zpid	11212	115 E 95th St, Brooklyn, NY 11212	40.662982	-73.92462	0.0421881946896	11	0.0562053601522	6	0.254367468178	2	9	5	3198	350000	139	3267	1930	448	20	150	151	138	48	18	10	38	61	24	266
30621258_zpid	30621258_zpid	11222	40 Jewel St, Brooklyn, NY 11222	40.726738	-73.946233	0.123125225672	14	0.466708771168	3	0.485671167789	1	6	4	3200	547000	142	1700	1890	33	54	17	31	10	23	31	19	17	10	11	142
29853681_zpid	29853681_zpid	10471	6013 Huxley Ave, Bronx, NY 10471	40.908091	-73.898401	0.384812148875	5	0.385808378557	5	1.39987726341	0	4	2	1800	500000	114	2625	1975	12	9	5	10	5	17	29	10	16	2	4	50
30615965_zpid	30615965_zpid	11238	306 Cumberland St, Brooklyn, NY 11238	40.686647	-73.972852	0.193834585033	9	0.309487706778	2	0.109825574212	10	6	4.5	3100	3775000	9	2000	1857	58	24	31	40	33	9	12	4	8	14	15	46
30655649_zpid	30655649_zpid	11203	648 E 48th St, Brooklyn, NY 11203	40.645688	-73.931967	0.431020890717	8	0.49045159514	2	1.4367189581	0	6	3	1556	576000	18	2500	1950	53	18	16	18	18	40	21	6	11	13	8	102
29811755_zpid	29811755_zpid	10461	2418 Glebe Ave, Bronx, NY 10461	40.838834	-73.848461	0.157251158971	10	0.251125376801	6	0.287411918442	3	3	1	1514	349000	0	3554	1920	106	12	33	24	25	22	18	6	16	6	6	114
29795296_zpid	29795296_zpid	10472	1233 Rosedale Ave, Bronx, NY 10472	40.830633	-73.869304	0.229512581408	7	0.263152558511	4	0.172267637333	2	7	3	2863	470000	15	2861	1960	273	161	88	120	76	50	24	10	44	57	16	200
30639525_zpid	30639525_zpid	11207	352 Van Siclen Ave, Brooklyn, NY 11207	40.6711101	-73.8900907	0.162410406098	6	0.382287323035	3	0.190167158381	3	7	5	2100	467000	42	2003	1901	468	96	388	380	368	228	148	80	216	196	96	940
29781112_zpid	29781112_zpid	10474	881 Faile St, Bronx, NY 10474	40.819232	-73.887994	0.144445657625	8	0.308414460736	5	0.28778232436	2	6	2	300	138000	181	2500	1958	141	11	89	83	75	13	17	11	30	24	13	128
62646729_zpid	62646729_zpid	11238	46 Underhill Ave, Brooklyn, NY 11238	40.679492	-73.965367	0.221857080949	14	0.387885462948	4	0.472201973082	3	2	1	3528	275000	164	2002	2001	96	168	38	80	48	41	45	42	41	17	14	202
29795947_zpid	29795947_zpid	10472	1234 Manor Ave, Bronx, NY 10472	40.830148	-73.876339	0.260337289175	5	0.37445419159	2	0.161544420655	2	6	2.5	1392	245200	137	1999	1920	391	55	202	217	198	51	27	9	73	75	20	310
30637317_zpid	30637317_zpid	11207	217 Arlington Ave, Brooklyn, NY 11207	40.680756	-73.886634	0.294005137804	7	0.256058675567	5	0.190984156607	3	6	2	3708	630000	93	20	1925	184	120	124	176	104	144	124	48	128	72	12	340
30721340_zpid	30721340_zpid	11223	1798 W 12th St, Brooklyn, NY 11223	40.602966	-73.984678	0.173404885928	8	0.554208640252	6	0.380745174524	2	7	4	2621	1349888	0	1485	1920	53	24	23	15	16	49	22	36	13	8	4	71
30685603_zpid	30685603_zpid	11219	982 50th St, Brooklyn, NY 11219	40.638391	-73.999662	0.0866644079661	7	0.489063574103	9	0.474958995112	2	4	5	3217	1700000	0	2003	1901	63	9	36	49	42	30	52	55	27	14	5	118
30788031_zpid	30788031_zpid	11234	2335 E 66th St, Brooklyn, NY 11234	40.613027	-73.906591	0.511957002346	3	0.525983274616	1	3.76470838729	0	4	2.5	2300	685000	47	4007	1960	0	14	4	7	1	6	14	9	11	1	2	47
30587171_zpid	30587171_zpid	11215	178 8th Ave, Brooklyn, NY 11215	40.671059	-73.975146	0.202988005627	13	0.263498502442	4	0.593188961839	3	5	5	4668	8500000	0	1856	1901	25	37	6	25	14	14	59	34	22	6	12	163
30754611_zpid	30754611_zpid	11234	1435 E 37th St, Brooklyn, NY 11234	40.6209879	-73.938714	0.282765210097	2	0.395553033205	2	1.51938770232	0	3	2.5	2650	619000	18	2317	1935	46	10	26	21	21	30	22	14	12	9	2	83
29841177_zpid	29841177_zpid	10465	3237 Fairmount Ave, Bronx, NY 10465	40.836529	-73.819897	0.19292249811	2	0.158764958883	1	1.56482970248	0	3	2	1925	470000	3	1685	1960	5	5	7	8	7	9	25	13	10	4	3	39
30603064_zpid	30603064_zpid	11221	582 Lexington Ave, Brooklyn, NY 11221	40.689051	-73.9367819	0.336153835625	7	0.271508402526	4	0.824913093493	0	5	5	3000	1195000	1	18	1899	812	180	480	636	360	160	140	56	168	264	160	984
30695664_zpid	30695664_zpid	11228	1017 76th St, Brooklyn, NY 11228	40.623542	-74.01396	0.49435946145	6	0.392381816276	3	1.13644022726	0	3	1.5	1176	639800	24	1800	1925	9	9	6	15	6	42	43	27	17	3	4	58
83046990_zpid	83046990_zpid	11214	1650 84th St APT 2A, Brooklyn, NY 11214	40.610338	-74.004947	0.173030664784	10	0.309354827501	7	0.379561460031	2	2	2	1117	450000	37	6159	2006	30	10	16	19	6	20	31	30	19	4	6	92
30601265_zpid	30601265_zpid	11233	1209 Herkimer St, Brooklyn, NY 11233	40.677867	-73.913284	0.503851432566	4	0.231418656314	4	0.223203788032	3	8	4	2238	645000	21	2166	1915	276	26	182	183	127	54	38	25	71	71	33	231
30727894_zpid	30727894_zpid	11229	1725 E 27th St, Brooklyn, NY 11229	40.608911	-73.946108	0.467542809858	2	0.710546595237	2	0.989731845911	0	3	1	2546	805000	5	2500	1925	216	28	64	84	32	136	100	132	92	16	8	356
29812540_zpid	29812540_zpid	10460	1729 Garfield St, Bronx, NY 10460	40.843023	-73.868945	0.157936809367	8	0.586575460822	3	0.402700107765	2	6	3	2312	515000	11	2613	1920	140	16	36	43	49	40	15	10	21	28	23	101
29785250_zpid	29785250_zpid	10460	1022 Old Kingsbridge Rd, Bronx, NY 10460	40.8501569	-73.8833737	0.106194970852	9	0.471369790135	2	1.13296025221	0	4	3	1756	330000	19	2178	1901	103	13	46	48	69	11	5	3	11	20	10	85
30608532_zpid	30608532_zpid	11221	481A Lexington Ave, Brooklyn, NY 11221	40.688836	-73.9427879	0.270599907038	10	0.189934780553	4	0.753997303762	0	3	2	1395	599000	25	1033	1899	740	204	372	528	372	104	120	40	144	200	100	812
30601286_zpid	30601286_zpid	11233	1277 Herkimer St, Brooklyn, NY 11233	40.6777299	-73.911233	0.0895911595521	7	0.0895272412434	3	0.0933346421583	8	3	1	1200	350000	35	1611	1920	1036	116	752	812	576	220	184	100	252	376	112	992
30749412_zpid	30749412_zpid	11235	2554 E 28th St, Brooklyn, NY 11235	40.590096	-73.942185	0.232508616407	10	0.256340009797	2	1.07276908945	0	5	3	1674	240000	215	2667	1940	63	16	18	20	11	35	28	41	33	3	4	103
30785040_zpid	30785040_zpid	11234	1972 E 36th St, Brooklyn, NY 11234	40.609913	-73.931934	0.176761598101	3	0.654571107613	1	2.19155825044	0	3	2	1064	490000	27	1800	1925	2	10	4	3	2	11	26	25	26	1	2	42
30585105_zpid	30585105_zpid	11215	392 10th St, Brooklyn, NY 11215	40.668095	-73.986332	0.0844562612063	19	0.124205465293	2	0.348594711322	4	8	4	2166	100000	17	1675	1920	364	404	124	292	92	152	264	128	140	88	116	1100
30752380_zpid	30752380_zpid	11210	1019 E 27th St, Brooklyn, NY 11210	40.625934	-73.9493449	0.248167596091	2	0.266363508267	2	0.781680738133	0	4	3.5	2500	910000	18	26	1925	264	40	148	100	100	232	116	76	132	28	16	368
83178735_zpid	83178735_zpid	10458	469 E 184th St # B, Bronx, NY 10458	40.8560503	-73.8927908	0.160295163233	12	0.412334425921	7	0.631870765374	3	5	3	2845	549000	0	871	2006	370	46	170	172	185	18	28	13	39	58	29	275
68314734_zpid	68314734_zpid	11236	1138 E 89th St, Brooklyn, NY 11236	40.6356403	-73.902472	0.341432239287	7	0.501260059002	2	1.22716472422	0	4	2.5	2610	525000	138	5720	1998	42	18	22	26	11	58	19	7	20	9	10	97
30634030_zpid	30634030_zpid	11207	2752 Fulton St, Brooklyn, NY 11207	40.67759	-73.89301	0.210432786408	6	0.208316513793	4	0.119528206378	4	3	1.5	2500	425000	111	2500	1968	122	44	90	104	71	93	48	50	46	41	15	206
30715320_zpid	30715320_zpid	11214	1963 20th Dr, Brooklyn, NY 11214	40.599709	-74.004289	0.264182877719	5	0.439033497821	3	0.747510870417	1	2	1	900	558000	43	1960	1945	116	11	32	21	21	47	34	34	11	9	10	105
30749774_zpid	30749774_zpid	11235	2019 Voorhies Ave, Brooklyn, NY 11235	40.5864904	-73.9482064	0.164228421438	7	0.473377065685	3	0.504908689966	1	5	3	1800	335000	6	1980	1930	69	17	14	42	9	47	32	26	35	12	5	141
79720905_zpid	79720905_zpid	10458	370 E 201st St, Bronx, NY 10458	40.869258	-73.8825972	0.219468291658	12	0.315374214186	7	0.303965485905	3	10	4	3460	615000	80	1184	2006	464	33	77	81	85	31	19	9	24	33	7	123
2099173696_zpid	2099173696_zpid	11223	16 Manhattan Court, Brooklyn, NY 11223	40.58775	-73.967211	0.368962704781	5	0.41889544919	2	0.630410093135	1	2	1	1400	649000	0	2000	2003	208	40	40	60	16	64	108	92	48	4	20	236
30750483_zpid	30750483_zpid	11210	875 E 21st St, Brooklyn, NY 11210	40.6322339	-73.956255	0.463605684556	9	0.615122479868	3	0.561919684456	3	6	2	1975	910000	33	4000	1920	35	13	23	30	31	23	13	12	17	7	3	60
30605781_zpid	30605781_zpid	11233	470 Macdonough St, Brooklyn, NY 11233	40.682599	-73.927603	0.292673312133	7	0.352718033201	3	0.446459032994	2	6	3	2508	1410000	15	1800	1899	140	71	102	130	73	16	14	12	49	46	24	193
30643057_zpid	30643057_zpid	11208	223 Grant Ave, Brooklyn, NY 11208	40.6855518	-73.8675149	0.299131301036	9	0.0580841063031	6	0.590794334415	3	5	3	2320	659000	0	1999	1899	59	28	42	56	33	50	25	10	37	27	5	139
29835047_zpid	29835047_zpid	10466	3712 Dyre Ave, Bronx, NY 10466	40.887016	-73.830891	0.224039297632	2	0.21206858151	2	0.143014697462	1	2	1.5	1308	246000	63	1785	1925	29	8	12	14	1	17	20	14	17	5	1	57
30647282_zpid	30647282_zpid	11208	840 New Lots Ave, Brooklyn, NY 11208	40.667446	-73.879592	0.0199406320017	7	0.219688682822	2	0.370778181764	1	7	4	3280	495000	16	2375	1930	396	40	324	344	224	128	120	48	100	172	88	588
30587751_zpid	30587751_zpid	11215	518 7th St, Brooklyn, NY 11215	40.667102	-73.979063	0.155567960375	16	0.569139181668	4	0.139840661317	2	4	3	2700	2525000	20	2000	1901	32	55	17	32	15	17	63	36	24	6	14	163
30694613_zpid	30694613_zpid	11209	562 73rd St, Brooklyn, NY 11209	40.630011	-74.020459	0.178317680718	14	0.228555370386	6	0.427777599549	2	6	3	2400	1085000	8	1942	1910	48	18	30	33	15	30	44	43	23	11	4	117
83178259_zpid	83178259_zpid	10460	818 Elsmere Pl, Bronx, NY 10460	40.842726	-73.8879	0.0876451692673	10	0.143518143002	3	0.605516797982	2	2	1	3300	593600	100	1666	2007	213	15	102	84	95	20	16	8	32	29	17	157
30727441_zpid	30727441_zpid	11229	1755 E 17th St, Brooklyn, NY 11229	40.6071219	-73.955725	0.18121689757	4	0.324637991607	3	0.247150663527	1	3	1.5	1440	710000	30	2657	1930	708	160	244	240	264	300	240	172	96	84	28	844
30569813_zpid	30569813_zpid	11231	551 Henry St APT 3, Brooklyn, NY 11231	40.682829	-73.99978	0.0380437346578	13	0.200066993794	2	0.515266927954	1	3	1	800	1200000	125	1240	1900	80	212	68	208	44	68	196	152	84	20	44	684
59997192_zpid	59997192_zpid	11234	2331 E 69th St, Brooklyn, NY 11234	40.615079	-73.904233	0.596115625112	1	0.499298530931	1	3.5206737225	0	3	4	2448	585000	142	2592	2001	0	48	20	40	8	36	76	40	60	4	12	188
29850399_zpid	29850399_zpid	10464	104 Carroll St, Bronx, NY 10464	40.845527	-73.786344	0.239192783657	3	3.3268848473	0	3.52867288124	0	3	2.5	1970	310000	181	2500	1999	68	68	24	32	12	4	148	36	28	8	116	168
30637721_zpid	30637721_zpid	11207	78 Van Siclen Ave, Brooklyn, NY 11207	40.678482	-73.892097	0.145060328367	6	0.125087759547	5	0.0880574494966	5	6	3	2010	510000	36	2395	1915	468	172	332	376	256	404	208	192	192	148	52	804
30752655_zpid	30752655_zpid	11210	1027 E 32nd St, Brooklyn, NY 11210	40.62629	-73.944522	0.255914018184	4	0.295201174603	3	0.774906519041	0	4	2.5	2597	355000	165	2000	1925	143	24	74	61	58	84	48	24	35	16	9	158
29778270_zpid	29778270_zpid	10452	1075 Grand Concourse, Bronx, NY 10452	40.83195	-73.920667	0.0782508770709	9	0.318292650822	6	0.276181006582	3	1	1	118218	78000	18	27442.8	1928	332	40	163	161	195	7	14	8	37	47	18	230
30642172_zpid	30642172_zpid	11208	371 Ridgewood Ave, Brooklyn, NY 11208	40.685043	-73.875189	0.0979827395164	8	0.233607136589	5	0.237513443695	3	5	2	2080	400000	30	2232	1901	90	39	58	74	52	55	37	17	61	37	10	185
30656420_zpid	30656420_zpid	11203	547 E 55th St, Brooklyn, NY 11203	40.644157	-73.924429	0.183061274302	3	0.826322278356	0	1.92726888657	0	3	2.5	1929	10	113	1800	1940	99	20	19	16	17	20	35	4	8	9	5	81
30634886_zpid	30634886_zpid	11207	395 Pennsylvania Ave, Brooklyn, NY 11207	40.66765	-73.894429	0.14694429211	6	0.186072948615	11	0.337926924117	5	6	3	2000	480000	38	2003	1899	162	18	109	121	116	22	43	10	40	39	15	190
