30727197_zpid	30727197_zpid	11229	2949 Quentin Rd, Brooklyn, NY 11229	40.610803	-73.943215	0.219377522637	3	0.547913482387	1	1.25639445397	0	3	3	1692	645500	26	2225	1930	27	4	13	24	8	14	20	14	10	2	2	60
30651248_zpid	30651248_zpid	11203	68 E 54th St, Brooklyn, NY 11203	40.6575149	-73.92734	0.190334949244	12	0.548924560211	4	0.895651615705	0	5	4	1740	635000	0	2400	1935	154	19	57	59	70	63	26	12	17	26	14	126
30783085_zpid	30783085_zpid	11234	2368 E 72nd St, Brooklyn, NY 11234	40.615626	-73.901925	0.7566470832	0	0.657599902129	1	3.45402697197	0	3	1.25	1729	545000	18	2558	1965	8	52	8	24	0	16	72	36	44	4	12	188
30584492_zpid	30584492_zpid	11215	337 8th St, Brooklyn, NY 11215	40.669113	-73.98388	0.0875331948135	20	0.122757049767	2	0.420309445982	3	5	3	2766	2675000	5	1825	1899	320	372	128	240	88	104	252	168	140	72	104	1044
30574479_zpid	30574479_zpid	11232	192 32nd St, Brooklyn, NY 11232	40.65573	-74.001217	0.143766669234	5	0.579692199174	2	0.3085581011	2	2	1	3072	700000	132	2003	1910	96	120	52	68	44	32	136	60	60	4	36	276
30614621_zpid	30614621_zpid	11238	306 Saint James Pl, Brooklyn, NY 11238	40.681255	-73.963626	0.139425623801	14	0.185046342582	5	0.373505557731	3	1	1	3420	750000	85	1710	1930	110	167	56	107	71	49	55	35	40	21	30	229
29853829_zpid	29853829_zpid	10471	6117 Huxley Ave, Bronx, NY 10471	40.910117	-73.897892	0.492093868891	10	0.444722060737	4	1.52708348485	0	8	3	2964	600000	71	2905	1950	9	8	6	9	4	10	18	9	10	2	4	36
30621239_zpid	30621239_zpid	11222	697 Humboldt St, Brooklyn, NY 11222	40.725994	-73.9457285	0.0852140265571	12	0.373623029058	3	0.491928170457	1	2	1	1995	660400	76	1045	1899	31	56	17	31	12	24	39	23	27	12	13	156
30758975_zpid	30758975_zpid	11234	1725 Schenectady Ave, Brooklyn, NY 11234	40.63046	-73.930732	0.253216864959	5	0.80742290508	0	1.45286363306	0	3	1.5	1584	135000	282	1350	1935	29	11	18	23	12	43	23	16	18	13	2	77
30659249_zpid	30659249_zpid	11203	362 E 46th St, Brooklyn, NY 11203	40.652923	-73.93471	0.204854557934	7	0.283240113048	3	1.27661302281	0	7	4	2320	585000	19	2500	1910	548	56	288	236	252	208	164	24	140	132	44	644
30780740_zpid	30780740_zpid	11234	19 Georgetown Ln, Brooklyn, NY 11234	40.622721	-73.914044	0.390532314537	5	0.724996214213	1	2.85642504051	0	3	4	1442	594000	7	2455	1996	80	12	36	40	16	200	104	92	84	24	28	416
30724425_zpid	30724425_zpid	11230	974 E 17th St, Brooklyn, NY 11230	40.626666	-73.960049	0.18494389991	4	0.200630912021	4	0.168215982105	2	7	5	1744	340000	231	4617	1899	712	88	336	308	380	184	116	144	92	84	40	596
30597991_zpid	30597991_zpid	11203	693 E New York Ave, Brooklyn, NY 11203	40.662462	-73.939732	0.111179674391	6	0.293012859129	5	0.794234965825	0	2	1	3116	855000	8	2250	1923	144	19	102	82	64	32	18	17	23	23	10	107
30747764_zpid	30747764_zpid	11235	2481 E 13th St, Brooklyn, NY 11235	40.5900645	-73.956399	0.120351310799	13	0.333116676289	4	0.400492558383	2	4	4	1600	775000	118	3397	1930	176	60	36	112	56	156	132	104	84	32	8	360
30611428_zpid	30611428_zpid	11216	162 Herkimer St, Brooklyn, NY 11216	40.679331	-73.948014	0.139401285081	11	0.0878549080349	7	0.107283770115	5	7	3	2872	625159	28	1710	1901	357	132	161	233	180	38	51	17	77	87	29	336
30568521_zpid	30568521_zpid	11201	148 Warren St, Brooklyn, NY 11201	40.6881569	-73.9984362	0.0898091277602	14	0.404067795483	4	0.677441291825	1	3	2.5	1696	3000000	0	702	1899	26	20	8	31	4	17	45	16	15	6	2	110
29789292_zpid	29789292_zpid	10470	215 E 234th St, Bronx, NY 10470	40.896795	-73.869987	0.220412403133	1	0.226372462372	1	0.616039677669	1	3	2	1254	427000	2	5158	1920	216	48	40	36	28	156	44	56	56	20	8	288
30790003_zpid	30790003_zpid	11235	1014 Ocean View Ave, Brooklyn, NY 11235	40.5799623	-73.9592581	0.0857940315783	11	0.0796730895752	7	0.307482149664	1	6	3	2660	675000	9	2400	1920	976	260	308	392	240	320	232	116	208	152	96	1128
29791338_zpid	29791338_zpid	10473	420 Soundview Ave, Bronx, NY 10473	40.81417	-73.858115	0.600447584719	2	0.830898674799	0	2.0895915921	0	4	4	4900	319024	16	4900	1931	39	9	15	36	10	36	11	18	15	20	8	93
30642393_zpid	30642393_zpid	11208	127 Autumn Ave, Brooklyn, NY 11208	40.687213	-73.870759	0.102100186936	7	0.33735937655	5	0.339228456997	3	4	3	1352	435000	11	2188	1910	86	36	58	81	42	71	39	16	46	37	6	179
30792410_zpid	30792410_zpid	11235	2796 Batchelder St, Brooklyn, NY 11235	40.585352	-73.936299	0.262058835739	2	0.724466305792	1	1.51928619316	0	2	1	1240	275000	22	1125	1920	59	12	23	34	28	30	22	17	28	9	5	99
30628333_zpid	30628333_zpid	11221	1110 Putnam Ave, Brooklyn, NY 11221	40.688364	-73.918133	0.0747852411354	8	0.253790076526	4	0.264980138422	2	2	2	2950	664350	110	2000	1905	177	55	97	141	90	37	28	8	54	51	43	195
29795880_zpid	29795880_zpid	10472	1257 Ward Ave, Bronx, NY 10472	40.830726	-73.878021	0.224627402555	9	0.396739822732	3	0.256625109816	2	7	4	3244	490100	27	2500	1930	349	61	177	195	180	49	26	9	69	65	16	273
30710171_zpid	30710171_zpid	11228	1447 84th St, Brooklyn, NY 11228	40.613326	-74.009061	0.222526889785	9	0.226831188871	2	0.714415155199	1	3	3	1960	770000	33	2375	1930	32	56	8	56	4	116	160	128	100	28	20	268
30792342_zpid	30792342_zpid	11235	2726 Batchelder St, Brooklyn, NY 11235	40.586911	-73.936712	0.359774942576	4	0.552169358215	1	1.47460167439	0	4	3	2160	570000	20	1900	1955	59	12	27	31	27	33	17	24	28	10	5	109
30661819_zpid	30661819_zpid	11203	535 E 40th St, Brooklyn, NY 11203	40.642524	-73.938789	0.33966725619	3	0.683627491962	2	0.861168008864	0	4	1	1715	570000	0	3000	1920	61	7	15	20	16	38	20	6	19	13	3	76
30644942_zpid	30644942_zpid	11208	202 Fountain Ave, Brooklyn, NY 11208	40.675177	-73.8756049	0.22533178815	8	0.134593159977	4	0.29623749541	2	3	1	400	388000	0	1999	1920	672	80	360	412	300	220	204	32	164	200	68	764
30699103_zpid	30699103_zpid	11209	171 85th St, Brooklyn, NY 11209	40.625287	-74.033837	0.294432480168	8	0.49405977637	2	0.543097543741	1	5	4	4500	2150000	25	5000	1925	30	30	16	29	11	41	31	22	13	6	2	94
83043843_zpid	83043843_zpid	11212	189 Newport St, Brooklyn, NY 11212	40.659661	-73.908348	0.092062435044	6	0.0623814697442	4	0.327840051537	3	3	2	4320	590000	138	2000	1930	133	16	117	99	70	32	35	12	43	27	12	182
30695535_zpid	30695535_zpid	11228	7515 Fort Hamilton Pkwy, Brooklyn, NY 11228	40.625283	-74.016722	0.439053619282	9	0.28433144007	4	0.893112396014	0	5	2	3540	715000	46	1801	1899	13	7	10	17	7	27	29	20	13	3	4	51
29817957_zpid	29817957_zpid	10461	1923 Tenbroeck Ave, Bronx, NY 10461	40.854037	-73.851244	0.377906799635	5	0.742355499715	1	0.643612377095	1	3	3	1520	499000	0	2474	1940	40	3	6	11	7	13	28	9	14	4	2	65
30648056_zpid	30648056_zpid	11207	964 Ashford St, Brooklyn, NY 11207	40.658799	-73.878277	0.250726570076	4	0.511259274628	3	0.953122151571	0	4	3.5	1836	490000	14	2550	1960	12	3	8	12	7	7	13	4	0	2	1	23
30636713_zpid	30636713_zpid	11207	182 Sunnyside Ave, Brooklyn, NY 11207	40.682075	-73.890527	0.367637323047	3	0.27405582029	4	0.486894582432	2	7	3	2128	165000	238	2000	1910	74	31	48	49	37	59	39	34	33	19	7	109
30602344_zpid	30602344_zpid	11221	458 Kosciuszko St, Brooklyn, NY 11221	40.692163	-73.935777	0.364074581094	11	0.497314659026	6	0.561586850284	2	2	1	2070	915000	18	1725	1899	164	66	80	117	92	39	32	15	29	51	40	213
29834989_zpid	29834989_zpid	10466	3708 Harper Ave, Bronx, NY 10466	40.887281	-73.833056	0.318469986995	2	0.243460419373	2	0.218712180228	1	2	2	1138	390000	0	2374	1935	34	9	15	18	3	30	19	13	18	9	3	66
30597984_zpid	30597984_zpid	11203	713 E New York Ave, Brooklyn, NY 11203	40.662505	-73.939105	0.145265567735	8	0.180245630168	6	0.806517486291	0	1	1	3116	315000	37	2250	1923	144	20	102	82	65	33	18	18	22	22	10	108
29842900_zpid	29842900_zpid	10461	2992 Merry Ave, Bronx, NY 10461	40.842747	-73.829521	0.163568072856	6	0.381872306455	1	0.520048100306	2	3	1.1	2080	400500	27	2482	1930	55	13	17	15	15	43	37	15	6	11	4	87
30765083_zpid	30765083_zpid	11234	1739 Kimball St, Brooklyn, NY 11234	40.615859	-73.932811	0.220443443764	6	0.497210473145	3	2.25521682822	0	3	1.5	936	565000	47	3000	1920	7	43	2	12	2	29	30	17	22	3	2	94
30585601_zpid	30585601_zpid	11215	261 13th St, Brooklyn, NY 11215	40.6670441	-73.9885535	0.0378966105543	17	0.101372399534	4	0.388453068067	4	4	2	1915	1549000	0	946	1901	89	90	30	75	30	45	71	28	39	22	21	246
30657823_zpid	30657823_zpid	11203	159 E 45th St, Brooklyn, NY 11203	40.6582549	-73.935632	0.372119636994	5	0.469832137842	3	1.20625297195	0	3	2	1720	365000	26	2000	1945	256	64	156	160	112	164	144	68	84	80	20	428
30763933_zpid	30763933_zpid	11234	1673 Kimball St, Brooklyn, NY 11234	40.6167429	-73.9341945	0.337124102561	6	0.46704102379	3	2.12139081773	0	7	3.25	4077	610000	86	4000	2011	13	48	7	15	5	42	27	23	26	8	1	129
30735272_zpid	30735272_zpid	11223	2023 W 11th St, Brooklyn, NY 11223	40.597631	-73.982231	0.346875095967	6	0.265413043031	5	0.262110489952	4	7	3	3420	930000	12	2300	1935	128	88	40	88	36	152	124	176	72	32	16	292
30601408_zpid	30601408_zpid	11233	1058 Herkimer St, Brooklyn, NY 11233	40.677712	-73.918426	0.152467889711	2	0.468662248609	3	0.284645656491	2	10	4	3600	240000	9	1896	1910	229	20	141	169	119	35	38	17	57	76	38	227
30740293_zpid	30740293_zpid	11235	2731 Brighton 6th St, Brooklyn, NY 11235	40.5838802	-73.9630927	0.251542342097	7	0.378825058508	5	0.708722009124	1	5	2	2000	759000	0	2375	1950	276	132	112	192	68	196	200	124	104	60	64	588
30671482_zpid	30671482_zpid	11218	314 Greenwood Ave, Brooklyn, NY 11218	40.65022	-73.978196	0.218728972108	11	0.0276996107921	3	0.209999459317	2	4	2	1280	1100000	24	2500	1899	30	27	17	26	20	32	25	31	16	5	4	85
30604959_zpid	30604959_zpid	11233	713 Halsey St, Brooklyn, NY 11233	40.684987	-73.924004	0.316310207088	9	0.541267381975	5	0.537181930978	3	5	3	3012	999000	25	2000	1899	141	57	95	104	79	13	18	13	41	59	18	188
30721271_zpid	30721271_zpid	11223	1754 W 13th St, Brooklyn, NY 11223	40.603847	-73.985893	0.165556125436	8	0.558323190024	6	0.468299405454	3	5	2	2520	1230000	1	2900	1920	33	20	9	9	8	42	19	20	9	3	3	52
29785443_zpid	29785443_zpid	10460	781 E 183rd St, Bronx, NY 10460	40.851445	-73.882874	0.254928617943	10	0.372806502831	2	1.24844376327	0	4	3.5	2352	440000	44	2500	1970	75	12	34	32	53	7	4	3	5	16	7	55
30619050_zpid	30619050_zpid	11211	430 Grand St, Brooklyn, NY 11211	40.711326	-73.953574	0.0909585594968	18	0.342058103406	7	0.313431744254	5	3	2	4000	375000	91	2100	1910	147	355	96	115	83	38	45	21	33	23	25	321
30788064_zpid	30788064_zpid	11234	186 Barlow Dr S, Brooklyn, NY 11234	40.608408	-73.907064	0.959699953368	0	1.00288760203	0	4.25255009984	0	4	3	1836	890000	12	4300	1960	2	4	1	7	0	8	9	12	13	3	1	25
29818155_zpid	29818155_zpid	10462	2019 Muliner Ave, Bronx, NY 10462	40.851503	-73.8623719	0.271674088086	11	0.436369736465	5	0.355539623346	3	3	1	1159	318000	67	5009	1950	365	30	72	55	67	61	46	18	27	24	24	170
30765450_zpid	30765450_zpid	11234	1723 E 52nd St, Brooklyn, NY 11234	40.617449	-73.924464	0.187690694343	11	0.73694726315	1	2.60171088359	0	3	2	1132	425000	76	3000	1930	13	31	7	7	10	32	27	19	21	5	6	121
29852021_zpid	29852021_zpid	10463	3442 Corlear Ave, Bronx, NY 10463	40.883579	-73.903745	0.208559075171	13	0.219309476242	5	0.270583819029	2	3	1.5	1920	515000	17	1882	1945	226	41	70	63	58	45	52	13	41	28	16	158
30603506_zpid	30603506_zpid	11221	697 Monroe St, Brooklyn, NY 11221	40.688184	-73.928927	0.223189740047	10	0.204017001765	4	0.574265147078	2	6	2	2700	885000	4	2000	1899	203	48	107	151	116	56	38	12	35	58	32	261
30768888_zpid	30768888_zpid	11236	926 E 77th St, Brooklyn, NY 11236	40.63338	-73.915073	0.0897356344502	6	0.254084117065	3	1.85231370443	0	4	2.5	2200	503500	77	2199	1960	76	28	64	40	16	96	88	28	76	20	16	200
29791002_zpid	29791002_zpid	10473	314 Newman Ave, Bronx, NY 10473	40.812106	-73.8545369	0.433233583854	1	1.06663741162	0	2.40983515166	0	3	2	1400	410000	0	2783	1920	36	4	19	24	13	22	11	20	10	20	4	73
30595049_zpid	30595049_zpid	11225	448 Empire Blvd, Brooklyn, NY 11225	40.663846	-73.947189	0.31667834521	7	0.234208111105	7	0.332673428463	4	4	2	3567	550000	28	2500	1924	356	63	137	145	141	37	36	17	36	55	14	240
30743165_zpid	30743165_zpid	11229	2033 E 17th St, Brooklyn, NY 11229	40.600411	-73.9544729	0.41550090264	8	0.1243634213	5	0.174477890599	2	4	3	1780	800000	142	4800	1920	110	33	31	36	48	82	46	20	22	13	4	158
30717840_zpid	30717840_zpid	11230	1392 E 2nd St, Brooklyn, NY 11230	40.615749	-73.973523	0.155122267071	8	0.191453822397	2	0.0885425236897	2	7	4	3198	1599000	0	3079	1925	27	7	12	22	13	41	32	21	14	5	6	58
30658100_zpid	30658100_zpid	11203	623 Lenox Rd, Brooklyn, NY 11203	40.655189	-73.937167	0.569586286863	3	0.604622688817	1	1.10627299306	0	2	2.5	860	310000	14	2440	1940	87	10	58	46	43	48	30	9	29	30	7	108
30610435_zpid	30610435_zpid	11216	109 Halsey St, Brooklyn, NY 11216	40.682086	-73.949228	0.175480986439	10	0.162081530345	8	0.172995785201	5	1	1	3332	1400000	22	1850	1901	239	154	121	151	118	28	61	27	57	73	38	291
30626137_zpid	30626137_zpid	11237	155 Saint Nicholas Ave, Brooklyn, NY 11237	40.704866	-73.916678	0.0580450985795	12	0.213453944306	5	0.188488343256	5	4	2.5	2046	1035000	8	2250	1920	112	61	82	94	84	43	28	17	48	43	16	173
30698793_zpid	30698793_zpid	11209	161 84th St, Brooklyn, NY 11209	40.626035	-74.0338249	0.294410602936	8	0.708483624368	1	0.590886980623	1	6	4.5	3469	2275000	4	4000	1905	31	41	11	21	10	36	30	25	12	7	1	90
29827912_zpid	29827912_zpid	10469	963 E 221st St, Bronx, NY 10469	40.882672	-73.854052	0.337196515692	5	0.445635380808	2	0.740511907412	1	3	2	1960	352000	7	1986	1935	64	16	28	27	26	32	5	3	18	8	3	48
30715640_zpid	30715640_zpid	11230	312 Foster Ave, Brooklyn, NY 11230	40.628414	-73.9743529	0.136844772291	8	0.27120983955	8	0.265391203548	2	9	3	2088	949000	0	2000	1920	63	36	25	38	36	38	31	56	16	7	9	86
30776897_zpid	30776897_zpid	11236	10519 Flatlands 4th St, Brooklyn, NY 11236	40.64369	-73.889411	0.545189955348	2	0.5097654505	3	1.10124598065	0	4	2.5	2507	550000	81	2530	1960	40	3	12	16	12	17	11	3	13	9	7	48
30773357_zpid	30773357_zpid	11236	9507 Farragut Rd, Brooklyn, NY 11236	40.645981	-73.905694	0.162235882108	5	0.90144631876	0	0.333207633936	2	8	3	1968	550000	19	2848	1925	42	7	25	33	18	61	23	9	7	20	8	102
30789978_zpid	30789978_zpid	11235	3099 Coney Island Ave, Brooklyn, NY 11235	40.5806254	-73.9596227	0.128189743681	12	0.0989816547361	5	0.358020493421	1	4	2	6020	120000	19	1620	1920	1012	248	316	404	252	340	212	124	216	148	112	1108
30612505_zpid	30612505_zpid	11205	254 Dekalb Ave, Brooklyn, NY 11205	40.689239	-73.968756	0.263912222525	10	0.319492662066	3	0.268620271939	5	1	1	800	155000	215	1363	1905	49	58	22	35	19	38	21	8	21	16	11	118
30641745_zpid	30641745_zpid	11208	359 Etna St, Brooklyn, NY 11208	40.687774	-73.8706909	0.0840597170739	7	0.33202958067	6	0.28777963626	3	5	2.5	1710	360000	44	1710	1910	78	34	56	73	38	59	36	16	42	33	5	162
29828112_zpid	29828112_zpid	10469	1048 E 214th St, Bronx, NY 10469	40.876818	-73.854775	0.335049274412	8	0.596092308598	1	0.981334266736	0	3	2	1710	415000	100	1710	1945	77	7	38	71	46	56	12	11	26	26	15	113
30584523_zpid	30584523_zpid	11215	420 7th St, Brooklyn, NY 11215	40.668599	-73.982164	0.146917000437	20	0.270509930507	4	0.302982424619	3	3	1.5	1552	2179000	32	1667	1899	72	89	29	65	25	29	61	42	32	13	26	263
30768632_zpid	30768632_zpid	11236	737 E 83rd St, Brooklyn, NY 11236	40.637841	-73.911716	0.108711954886	7	0.154192486936	2	1.28723399102	0	7	3.5	1792	425000	15	3000	1935	38	7	28	21	11	85	33	15	32	13	11	107
30789936_zpid	30789936_zpid	11235	8 Brighton 10th Path, Brooklyn, NY 11235	40.58108	-73.9593325	0.184094886854	13	0.0702060891587	5	0.41419943448	1	3	1.5	1694	535000	110	1282	1960	968	216	308	392	224	340	208	124	208	132	112	1044
30586008_zpid	30586008_zpid	11215	181 15th St, Brooklyn, NY 11215	40.6661811	-73.9902597	0.129616132574	16	0.272497627052	5	0.236530956771	3	2	1	1675	1775000	25	2500	1850	348	292	116	276	112	168	252	64	136	84	68	844
29791366_zpid	29791366_zpid	10473	407 Bolton Ave, Bronx, NY 10473	40.813747	-73.857552	0.570670264085	2	0.882638678591	0	2.15141185691	0	3	2	1500	207500	69	1116	1925	36	9	17	34	10	34	10	15	14	19	6	86
30625839_zpid	30625839_zpid	11221	1158 Dekalb Ave APT 2L, Brooklyn, NY 11221	40.694687	-73.928486	0.184481067166	13	0.18162529908	6	0.152262599198	3	3	1	8320	2000	273	3564	1931	844	428	332	472	396	228	168	92	168	196	148	1180
30773805_zpid	30773805_zpid	11236	654 E 105th St, Brooklyn, NY 11236	40.649311	-73.897115	0.263366964607	4	0.302684391704	3	0.244546095672	2	3	2	1020	379000	0	2500	1925	88	24	60	56	4	72	36	8	40	16	16	248
30664419_zpid	30664419_zpid	11226	14 Parkside Ct, Brooklyn, NY 11226	40.656148	-73.960635	0.0990993793019	12	0.0911423677853	4	0.119812008166	3	3	1	3672	355000	139	1700	1910	1052	200	524	616	476	72	96	80	148	156	48	744
30643064_zpid	30643064_zpid	11208	205 Grant Ave, Brooklyn, NY 11208	40.685906	-73.867547	0.267391275764	8	0.0929821217872	6	0.604111449463	3	7	4	2320	650000	17	2000	1899	59	29	42	57	32	53	24	11	38	24	5	126
30613979_zpid	30613979_zpid	11238	464 Classon Ave, Brooklyn, NY 11238	40.6841168	-73.9593001	0.300003806403	13	0.263148403325	6	0.454072016154	5	2	1	1050	972500	121	2000	1931	115	166	65	115	66	32	47	18	49	18	44	190
30740286_zpid	30740286_zpid	11235	2750 Brighton 7th St, Brooklyn, NY 11235	40.583503	-73.962581	0.201556159314	9	0.318628671022	5	0.659191661529	1	7	3	2916	655000	7	2328	1930	324	144	116	208	76	220	208	124	100	72	80	636
30786695_zpid	30786695_zpid	11234	2120 Kimball St, Brooklyn, NY 11234	40.60942	-73.926384	0.354830798926	1	1.08240471936	0	2.65755409425	0	2	1.75	980	550000	4	2500	1925	5	9	2	5	1	21	22	17	17	0	4	74
29851404_zpid	29851404_zpid	10475	3449 Mc Owen Ave, Bronx, NY 10475	40.887053	-73.818287	0.895163226708	0	0.597565865787	1	1.06500214934	0	2	2	750	389875	0	4499	1950	0	0	0	1	0	2	2	4	0	0	1	4
30664249_zpid	30664249_zpid	11210	845 E 39th St, Brooklyn, NY 11210	40.636286	-73.939047	0.592406639286	2	0.634855783283	1	0.821401408349	0	4	3	4100	450000	18	4100	1920	31	7	41	44	53	20	13	6	20	15	3	98
30581456_zpid	30581456_zpid	11217	414 Dean St, Brooklyn, NY 11217	40.682249	-73.977636	0.100249526502	10	0.330793518277	3	0.186289195777	10	4	4.5	2988	1525000	29	2178	1910	320	552	148	192	128	184	192	280	160	80	124	864
30726515_zpid	30726515_zpid	11230	1591 E 17th St, Brooklyn, NY 11230	40.6111999	-73.956501	0.143591695428	5	0.187039099601	5	0.302248559472	1	6	2	2860	950000	14	4000	1925	66	8	36	45	27	45	12	26	13	5	3	64
30635871_zpid	30635871_zpid	11207	551 Alabama Ave, Brooklyn, NY 11207	40.662441	-73.89606	0.414542764365	2	0.232582402778	9	0.263302459242	5	8	2	2320	330000	124	2809	1910	210	14	111	106	120	27	48	12	33	52	13	215
30770636_zpid	30770636_zpid	11236	1154 E 88th St, Brooklyn, NY 11236	40.634821	-73.902876	0.405804521704	7	0.572745610946	2	1.32009150913	0	3	2.5	1000	400000	8	2800	1930	53	16	24	25	11	63	21	9	22	9	9	91
30582011_zpid	30582011_zpid	11217	101 Park Pl, Brooklyn, NY 11217	40.678638	-73.97502	0.136809450716	16	0.34269428871	6	0.243989876426	8	5	4	3600	2600000	21	2000	1899	264	440	88	148	104	112	232	224	156	48	108	608
30705091_zpid	30705091_zpid	11204	1763 74th St, Brooklyn, NY 11204	40.614662	-73.995999	0.119051415058	15	0.0742341899883	7	0.410522344241	2	4	2	2354	777000	3	1700	1910	84	56	36	160	32	172	108	88	48	20	20	280
30761540_zpid	30761540_zpid	11210	3924 Avenue K, Brooklyn, NY 11210	40.625451	-73.937566	0.223666419451	1	0.870210340778	0	1.18342660263	0	4	3	1640	599000	0	2373	1930	65	9	28	34	24	37	37	15	22	12	10	80
30738783_zpid	30738783_zpid	11223	2363 West St, Brooklyn, NY 11223	40.591101	-73.970043	0.0529660111697	7	0.753270985363	0	0.391989496132	3	4	4	2600	950000	23	4000	1963	38	11	16	27	8	46	41	39	17	4	4	102
29850345_zpid	29850345_zpid	10464	25 Centre St, Bronx, NY 10464	40.843928	-73.788844	0.301783498614	3	3.11659736873	0	3.37293941014	0	4	3.5	3934	800000	68	5000	1940	16	12	5	6	3	1	35	10	5	3	21	39
83178241_zpid	83178241_zpid	10473	335 Newman Ave, Bronx, NY 10473	40.81263	-73.855345	0.447941688061	1	1.04338957225	0	2.33859850841	0	2	2	1000	499900	145	3752	2007	39	5	20	24	13	22	10	19	11	23	4	77
30787760_zpid	30787760_zpid	11234	2357 56th Dr, Brooklyn, NY 11234	40.605426	-73.909542	1.18337676993	0	1.31507458967	0	3.97943584465	0	6	10	4742	3100000	0	10001	2000	3	4	1	7	2	10	5	21	14	2	1	22
30762710_zpid	30762710_zpid	11234	1101 E 59th St, Brooklyn, NY 11234	40.626219	-73.9186859	0.329245665785	5	0.406994562176	1	2.55482821	0	7	4.5	2800	510000	45	3397	1955	22	7	22	12	12	54	15	33	16	18	6	95
29842640_zpid	29842640_zpid	10461	2936 Harrington Ave, Bronx, NY 10461	40.840603	-73.831062	0.41859759133	4	0.637530307399	1	0.57264228482	2	3	3	1504	442000	2	2227	1925	52	22	12	16	15	54	43	24	10	6	1	83
