30635259_zpid	30635259_zpid	11207	570 Miller Ave, Brooklyn, NY 11207	40.6665459	-73.889949	0.280905509055	7	0.399620925713	9	0.163046942109	4	6	3	3620	520000	34	2500	1910	224	25	147	143	149	28	47	13	65	74	19	275
30667940_zpid	30667940_zpid	11226	2463 Bedford Ave, Brooklyn, NY 11226	40.6435389	-73.954292	0.289222707159	7	0.332191671008	4	0.482734262402	2	6	2	2000	665000	26	2000	1901	512	118	235	264	230	81	44	19	65	100	26	418
30651900_zpid	30651900_zpid	11203	947 Lenox Rd, Brooklyn, NY 11203	40.655951	-73.924229	0.11204942388	11	0.430343226975	3	0.905773495538	0	4	2	1672	477000	12	1600	1950	128	20	51	57	57	52	19	7	17	21	13	111
29777794_zpid	29777794_zpid	10451	302 E 151st St, Bronx, NY 10451	40.8182663	-73.9206339	0.28238960246	5	0.160872962451	8	0.34119552532	3	8	2	2112	50000	10	2962	1910	106	12	39	50	33	4	14	7	13	19	25	121
30758140_zpid	30758140_zpid	11234	1130 E 51st St, Brooklyn, NY 11234	40.633483	-73.927705	0.196396939619	5	0.72781580019	1	1.68581212164	0	2	1	1695	437500	9	2150	1940	29	9	15	22	12	26	21	6	15	14	2	67
30666176_zpid	30666176_zpid	11226	144 Martense St, Brooklyn, NY 11226	40.651193	-73.954126	0.439997179249	12	0.218081441799	8	0.386334186402	1	3	1	3282	780000	20	2400	1915	489	82	231	226	225	79	36	21	64	73	23	367
30614906_zpid	30614906_zpid	11205	123 Park Ave, Brooklyn, NY 11205	40.6963858	-73.9748025	0.338002379137	6	0.340645612338	2	0.908471135167	0	3	1	3135	310000	82	1929	1920	27	29	12	21	17	33	5	23	9	12	6	65
68311707_zpid	68311707_zpid	10467	718 E 214th St, Bronx, NY 10467	40.879347	-73.864166	0.150358726317	4	0.1613065221	2	0.274929040496	3	4	3	3747	550000	131	1858	2004	216	17	82	88	72	56	24	4	34	37	17	193
30699460_zpid	30699460_zpid	11209	111 86th St, Brooklyn, NY 11209	40.624892	-74.035832	0.465670058056	8	0.643234542606	1	0.674368821057	1	6	4.25	3608	2416000	7	5183	1901	116	116	36	100	32	116	120	84	52	16	8	360
29781309_zpid	29781309_zpid	10474	628 Coster St, Bronx, NY 10474	40.812955	-73.886724	0.187494096341	4	0.270324555891	3	0.890085302027	0	8	3.5	3272	551000	9	2000	1910	127	17	90	76	66	24	17	2	27	16	12	144
30630630_zpid	30630630_zpid	11207	23 Cooper St, Brooklyn, NY 11207	40.684214	-73.911235	0.0571643351759	10	0.162298583515	3	0.161086873557	4	6	5	3916	420000	19	1958	1910	412	112	356	480	292	80	128	48	104	184	64	656
30723128_zpid	30723128_zpid	11223	20 Lloyd Ct, Brooklyn, NY 11223	40.6023799	-73.975117	0.225914245036	6	0.253584087657	4	0.250880213187	5	3	1.5	1196	515000	65	3349	1920	63	25	31	27	24	83	27	90	26	12	5	119
30581455_zpid	30581455_zpid	11217	412 Dean St, Brooklyn, NY 11217	40.682274	-73.977701	0.104685415395	11	0.331652857798	3	0.181041269197	10	5	4.5	3200	2350000	24	2000	1910	78	137	37	46	30	46	49	69	40	20	31	217
30659823_zpid	30659823_zpid	11203	226 E 43rd St, Brooklyn, NY 11203	40.6503101	-73.9372727	0.386428926766	2	0.464635061113	3	1.04071623173	0	3	2	2000	425000	9	2000	1925	130	12	74	61	66	44	16	3	28	26	9	111
83049572_zpid	83049572_zpid	11238	608 Sterling Pl, Brooklyn, NY 11238	40.673268	-73.958451	0.162215974971	13	0.354040456495	5	0.181400323961	4	8	3	3300	1445000	21	2620	2003	198	146	103	104	79	22	22	15	31	32	17	164
30714103_zpid	30714103_zpid	11214	8794 19th Ave, Brooklyn, NY 11214	40.602191	-74.004756	0.186020784146	7	0.244335285785	7	0.615904674065	2	8	4	3105	1168000	3	2631	1901	123	23	33	43	26	62	45	52	16	12	10	137
29784362_zpid	29784362_zpid	10457	2186 Washington Ave, Bronx, NY 10457	40.8539541	-73.893975	0.172584432521	15	0.430675778511	8	0.617442193973	1	8	3	2640	460000	35	1505	1901	220	18	77	110	81	15	9	12	25	26	15	196
29792405_zpid	29792405_zpid	10473	609 Beach Ave, Bronx, NY 10473	40.817267	-73.863225	0.132416328096	3	0.597249928231	2	1.62802709453	0	4	1	2695	340000	0	2500	1935	65	16	22	29	22	36	17	16	23	15	9	107
30644328_zpid	30644328_zpid	11208	98 Forbell St, Brooklyn, NY 11208	40.680941	-73.864989	0.261970242763	8	0.201957636001	10	0.433842620405	2	3	1	1130	258100	10	1775	1920	85	19	42	56	35	45	18	8	59	19	3	145
30583563_zpid	30583563_zpid	11215	344 1st St, Brooklyn, NY 11215	40.673242	-73.981227	0.138043722883	15	0.32739087245	5	0.480572004208	2	4	3	2670	2992500	20	1800	1901	276	336	104	192	104	104	200	172	108	64	100	876
30631246_zpid	30631246_zpid	11207	35 De Sales Pl, Brooklyn, NY 11207	40.681489	-73.905672	0.184319387072	4	0.324570173212	3	0.102379203214	8	3	2	3000	580000	35	2000	2004	196	72	176	200	148	40	64	56	48	76	24	420
29834990_zpid	29834990_zpid	10466	3710 Harper Ave, Bronx, NY 10466	40.887352	-73.833049	0.313591785169	2	0.237221074224	2	0.214206386248	1	3	2	1520	360000	8	2374	1940	34	9	15	18	3	30	19	13	18	9	3	66
30659939_zpid	30659939_zpid	11203	4511 Snyder Ave, Brooklyn, NY 11203	40.650052	-73.934608	0.184448384969	5	0.270903592812	3	1.2671441759	0	3	2	1808	147000	199	2000	1920	133	9	73	59	67	36	27	5	31	31	8	141
83049912_zpid	83049912_zpid	11221	19 Kossuth Pl, Brooklyn, NY 11221	40.69345	-73.927489	0.133749895786	9	0.0421258816329	5	0.112478998901	3	3	1	4216	800000	111	2066	2007	201	88	79	117	103	50	43	19	42	42	36	303
30782530_zpid	30782530_zpid	11234	2140 E 70th St, Brooklyn, NY 11234	40.618528	-73.9075512	0.278463688411	2	0.212822943218	1	3.16780094122	0	7	6	3430	750000	25	3005	1975	14	8	8	14	7	14	14	10	22	3	4	51
30665980_zpid	30665980_zpid	11226	100 Lenox Rd, Brooklyn, NY 11226	40.6534973	-73.9563986	0.130241217323	11	0.161748337502	10	0.47451356029	4	4	1	3536	2600000	6	5500	1899	598	94	297	288	291	53	45	18	73	90	24	410
30712852_zpid	30712852_zpid	11228	140 Bay 10th St, Brooklyn, NY 11228	40.6082818	-74.0118379	0.168349975662	7	0.452048886431	3	0.854505512902	0	2	2	2754	1488000	0	4485	1920	7	12	2	11	2	22	33	29	23	3	5	54
30620808_zpid	30620808_zpid	11222	142 Newell St, Brooklyn, NY 11222	40.727218	-73.948476	0.0765675469819	15	0.369009175523	4	0.372176475442	2	5	4	3000	1270000	29	1481	1899	39	71	22	43	14	33	33	33	18	16	13	182
30633970_zpid	30633970_zpid	11207	131 Vermont St, Brooklyn, NY 11207	40.676859	-73.894863	0.245811117573	5	0.336069426366	5	0.292626238636	7	1	1	1258	409500	39	1882	1901	105	20	66	88	53	83	44	49	33	35	13	193
30567068_zpid	30567068_zpid	11217	262 Dean St, Brooklyn, NY 11217	40.684432	-73.983229	0.263256375238	12	0.477216301741	3	0.382653229826	9	9	5	3960	1250000	108	22	1920	56	107	14	48	16	48	60	36	33	18	18	221
29824422_zpid	29824422_zpid	10469	2701 Dewitt Pl, Bronx, NY 10469	40.8666871	-73.8482934	0.490670672332	4	0.867796105687	0	0.354553273384	1	4	1	1764	5000	200	6534	1950	30	15	18	22	12	44	21	21	24	14	4	82
30694722_zpid	30694722_zpid	11228	1018 73rd St, Brooklyn, NY 11228	40.62495	-74.012504	0.329562860342	5	0.279438421526	4	0.937292474941	0	6	2.5	2080	730000	45	3136	1905	10	7	4	21	4	48	37	33	9	3	2	67
30657031_zpid	30657031_zpid	11225	16 Tampa Ct, Brooklyn, NY 11225	40.6606712	-73.9460182	0.32522432435	5	0.297717763903	7	0.468631687647	2	3	2	960	442000	18	1300	1930	265	49	103	106	111	38	25	12	25	37	9	171
29782123_zpid	29782123_zpid	10453	1919 Harrison Ave, Bronx, NY 10453	40.8536384	-73.9108571	0.116703963152	12	0.283393344056	8	0.267971893525	4	4	2	3323	390000	65	3310	1920	591	40	225	245	232	94	30	23	102	74	28	351
30791201_zpid	30791201_zpid	11235	146 Langham St, Brooklyn, NY 11235	40.57962	-73.941291	0.54367372224	1	1.31275814144	0	1.35603153836	0	3	4	3000	499000	38	3000	1935	68	24	4	56	12	52	60	20	48	4	4	108
30739736_zpid	30739736_zpid	11235	725 Desmond Ct, Brooklyn, NY 11235	40.5908895	-73.9619057	0.35487060703	9	0.806647441303	0	0.748492240109	1	3	2.25	1863	635000	30	1800	1945	34	10	9	12	11	32	27	19	14	4	2	45
30604691_zpid	30604691_zpid	11233	421 Halsey St # A, Brooklyn, NY 11233	40.683634	-73.935882	0.159088553036	9	0.390477131197	5	0.589317999352	2	5	3.5	2140	1500000	2	2003	1899	50	19	41	51	22	5	20	3	13	13	9	74
62648203_zpid	62648203_zpid	11207	367 Ashford St, Brooklyn, NY 11207	40.673264	-73.884725	0.180123650938	7	0.49116423928	4	0.349174589558	3	3	1	4485	360000	165	1796	2001	32	13	27	31	22	39	24	13	24	20	8	113
30705850_zpid	30705850_zpid	11228	1152 Bay Ridge Pkwy, Brooklyn, NY 11228	40.621997	-74.01078	0.342449322493	7	0.380263363202	2	1.04191937057	0	3	3	1092	695000	21	1333	1915	9	13	2	22	3	41	46	37	19	2	4	69
30740045_zpid	30740045_zpid	11223	33 Manhattan Ct, Brooklyn, NY 11223	40.588226	-73.966727	0.340734461376	6	0.477813606346	1	0.654620795463	1	3	2	1400	895000	47	4568	1930	51	10	10	15	6	18	30	27	10	1	5	63
30595960_zpid	30595960_zpid	11233	1748 Bergen St, Brooklyn, NY 11233	40.67445	-73.924251	0.498884091561	7	0.480315632401	2	0.530385651516	1	4	3	1432	605000	109	1698	1920	145	29	93	89	68	18	22	3	28	40	14	151
29815286_zpid	29815286_zpid	10461	1830 Haight Ave, Bronx, NY 10461	40.850535	-73.853522	0.189904764153	7	0.308927908013	1	0.725543897637	1	4	2	1850	525000	0	2500	1940	55	11	10	25	12	32	28	15	17	6	2	84
29785071_zpid	29785071_zpid	10457	2005 Prospect Ave, Bronx, NY 10457	40.845472	-73.88843	0.249406503702	11	0.197048515536	2	0.911192130063	0	6	3	2400	449000	0	2016	1989	220	40	103	109	96	20	13	4	31	45	12	187
30769723_zpid	30769723_zpid	11236	24 Paerdegat 3rd St, Brooklyn, NY 11236	40.631683	-73.910798	0.429566473346	5	0.450847339153	4	1.82996049073	0	6	3.5	3430	585000	11	3049	1965	104	16	56	52	20	184	72	12	76	12	4	212
29844120_zpid	29844120_zpid	10465	1490 Stadium Ave, Bronx, NY 10465	40.844011	-73.820078	0.8078220901	0	0.491862390623	1	1.09705288776	0	3	2	2900	600000	33	3208	1965	1	11	4	4	0	15	34	18	9	1	0	36
30589981_zpid	30589981_zpid	11238	98 Underhill Ave, Brooklyn, NY 11238	40.677639	-73.966026	0.224516262316	13	0.247239412425	5	0.48453452823	4	1	1.5	1185	750000	147	1520	1910	159	154	63	84	79	31	49	40	47	34	14	224
30614772_zpid	30614772_zpid	11216	39 Brevoort Pl, Brooklyn, NY 11216	40.680333	-73.9540339	0.173263295135	11	0.267350053144	7	0.154178510024	5	3	3	3400	10	139	1494	1910	716	564	288	380	288	56	164	76	120	140	148	772
29843050_zpid	29843050_zpid	10465	3131 Waterbury Ave, Bronx, NY 10465	40.8389095	-73.824258	0.558131943705	3	0.52281098215	2	1.12398687282	0	4	2	1662	442900	66	1960	1920	1	4	3	2	3	3	17	9	6	2	3	25
79709198_zpid	79709198_zpid	11234	38 Harbor Dr, Brooklyn, NY 11234	40.6100484	-73.9151226	0.662819529107	2	0.934702138145	0	3.61118473703	0	4	5	4313	1069162	9	5060	2007	4	7	4	5	6	23	5	21	20	4	1	28
30614856_zpid	30614856_zpid	11216	12 Brevoort Pl, Brooklyn, NY 11216	40.679783	-73.9548949	0.0983754758786	11	0.253219171421	6	0.119927321376	5	8	4	3144	1225000	2	1520	1899	616	468	272	344	248	48	148	76	84	112	144	648
30636578_zpid	30636578_zpid	11207	223 Sunnyside Ave, Brooklyn, NY 11207	40.682996	-73.889634	0.475012795963	6	0.400974137759	4	0.541301781827	2	3	1	1600	565000	113	1600	1901	52	29	34	35	29	40	28	19	28	10	6	83
29825218_zpid	29825218_zpid	10467	3208 Olinville Ave, Bronx, NY 10467	40.871744	-73.86794	0.0498835969152	8	0.151926543756	3	0.0783100606076	4	7	5.5	3000	615000	7	3049	1925	224	31	84	84	86	39	26	8	36	37	19	168
30698078_zpid	30698078_zpid	11209	8120 Colonial Rd, Brooklyn, NY 11209	40.6278984	-74.0353747	0.477447495372	7	0.940797073293	0	0.82705114039	0	4	3.5	3133	2150000	11	5467	1920	36	48	12	32	12	104	124	92	44	12	8	232
29791662_zpid	29791662_zpid	10473	444 Castle Hill Ave, Bronx, NY 10473	40.816469	-73.847016	0.324961341669	3	0.359058784725	2	2.02104338537	0	5	2.5	1482	420000	6	1481	1960	96	16	56	12	12	56	36	16	32	12	12	160
30705125_zpid	30705125_zpid	11204	1850 73rd St, Brooklyn, NY 11204	40.613593	-73.993615	0.175595242741	16	0.172569033306	6	0.591198140451	1	3	2	2112	829000	0	1999	1925	50	13	20	44	18	48	25	19	18	8	4	97
30612811_zpid	30612811_zpid	11238	109 Clifton Pl, Brooklyn, NY 11238	40.688319	-73.959596	0.26281288192	10	0.257709053826	5	0.0735127415288	3	3	2.5	1400	2050000	13	1000	1915	260	296	152	236	124	48	76	52	116	40	72	376
29845877_zpid	29845877_zpid	10465	3271 Barkley Ave # A, Bronx, NY 10465	40.83411	-73.8177082	0.237672337785	3	0.262803094094	1	1.88813125157	0	1	1	593	55000	245	845	1925	4	3	5	8	6	12	21	23	12	4	3	36
30792198_zpid	30792198_zpid	11235	3002 Voorhies Ave, Brooklyn, NY 11235	40.587218	-73.938083	0.280018015758	7	0.477926721116	1	1.35916841184	0	7	3	1744	2300000	0	9900	1920	42	6	26	31	19	32	16	24	29	10	5	106
30763282_zpid	30763282_zpid	11234	1422 E 54th St, Brooklyn, NY 11234	40.622938	-73.923672	0.146025601342	12	0.296221148412	1	2.30548096991	0	3	2.5	868	449500	0	1800	1925	8	16	8	10	10	42	30	16	22	8	7	113
30780733_zpid	30780733_zpid	11234	33 Georgetown Ln, Brooklyn, NY 11234	40.622363	-73.9136429	0.381284908116	5	0.673190138513	1	2.88174363474	0	3	2	1600	625000	88	2659	1998	21	3	9	13	3	47	29	23	21	4	8	98
30609150_zpid	30609150_zpid	11216	326 Tompkins Ave, Brooklyn, NY 11216	40.686512	-73.9448029	0.0402444679728	10	0.297187043873	6	0.689617602507	1	6	3	3600	450000	6	1742	1899	480	140	228	420	300	64	104	56	148	152	72	608
29826878_zpid	29826878_zpid	10467	719 E 219th St, Bronx, NY 10467	40.883522	-73.861984	0.0978718049182	5	0.381641690612	2	0.0708846876058	2	6	2	2080	439900	22	2627	1915	172	13	88	110	99	76	19	4	30	50	11	178
83178182_zpid	83178182_zpid	10460	881 Elsmere Pl, Bronx, NY 10460	40.8423238	-73.8862207	0.121320236969	11	0.485272940836	3	0.566701954136	2	8	3	2700	599000	0	1498	2006	302	20	136	126	136	27	21	8	40	43	23	213
2099051509_zpid	2099051509_zpid	11235	3042 Brighton 14 St # A, Brooklyn, NY 11235	40.57889	-73.955556	0.102799909446	10	0.260225712095	6	0.50255835564	1	8	5	4047	1300000	0	100	1931	796	212	228	272	204	224	220	112	164	120	56	728
30667652_zpid	30667652_zpid	11226	432 Rugby Rd, Brooklyn, NY 11226	40.6391459	-73.965275	0.273230650163	10	0.31483240179	7	0.230171485743	3	9	3	3387	1849000	0	4000	1920	436	108	188	168	144	96	60	44	48	48	12	364
30638000_zpid	30638000_zpid	11207	113 Van Siclen Ave, Brooklyn, NY 11207	40.677658	-73.891296	0.23533893621	6	0.238657738178	5	0.0302697700964	5	5	2	3968	224000	273	2900	1933	460	172	332	388	220	404	172	144	208	164	52	872
30602775_zpid	30602775_zpid	11221	460 Van Buren St, Brooklyn, NY 11221	40.691339	-73.929915	0.180296293918	10	0.269228308382	3	0.241563376387	2	5	4	2500	1250000	0	2000	1899	190	85	96	127	126	51	36	17	41	53	38	282
30659771_zpid	30659771_zpid	11203	269 E 40th St, Brooklyn, NY 11203	40.650637	-73.9396469	0.182917347675	2	0.501103455898	2	0.838816095295	0	2	1	1750	338000	155	2178	1925	103	19	70	59	56	62	17	6	27	22	4	109
30702794_zpid	30702794_zpid	11204	1621 70th St, Brooklyn, NY 11204	40.618921	-73.997017	0.15644004179	9	0.228523940575	5	0.172876843773	4	3	3	2198	1100000	0	3000	1930	41	16	19	49	18	31	20	34	17	8	6	73
30760720_zpid	30760720_zpid	11234	1415 E 45th St, Brooklyn, NY 11234	40.626347	-73.932213	0.295264825131	9	0.525065382672	1	1.49027688896	0	3	2	1728	499000	11	2500	1930	128	52	64	76	60	152	100	64	60	8	4	296
30778210_zpid	30778210_zpid	11236	1538 E 94th St, Brooklyn, NY 11236	40.63464	-73.895109	0.350106155476	7	0.223144847189	4	1.45356486426	0	3	2	924	400000	5	3250	1910	34	16	18	25	4	55	20	15	16	11	0	78
30729927_zpid	30729927_zpid	11214	8682 25th Ave, Brooklyn, NY 11214	40.59649	-73.989058	0.216033921057	5	0.199643917031	5	0.231863182913	2	5	2	1664	860000	11	2014	1930	29	14	12	15	9	45	29	18	16	6	3	82
29777857_zpid	29777857_zpid	10451	296 E 163rd St, Bronx, NY 10451	40.826674	-73.916617	0.168170472967	9	0.295818420223	6	0.154790535113	1	5	2	2472	460000	0	2874	1901	696	116	264	284	244	36	68	64	88	68	96	628
30760720_zpid	30760720_zpid	11234	1415 E 45th St, Brooklyn, NY 11234	40.626347	-73.932213	0.295264825131	8	0.525065382672	1	1.49027688896	0	3	2	1728	499000	11	2500	1930	128	52	64	76	60	152	100	64	60	8	4	296
30642338_zpid	30642338_zpid	11208	133 Hemlock St, Brooklyn, NY 11208	40.686705	-73.8715579	0.189310950081	5	0.293146732128	5	0.369835726601	3	5	2	3027	227000	158	1983	1910	94	40	64	85	47	77	39	16	56	43	7	198
30730222_zpid	30730222_zpid	11214	171 Bay 35th St, Brooklyn, NY 11214	40.5962109	-73.9933889	0.466845800435	7	0.498558360498	6	0.578855091309	2	5	2.5	2280	848000	14	2739	1955	76	12	30	42	26	64	37	23	23	12	2	108
30715937_zpid	30715937_zpid	11230	1022 E 2nd St, Brooklyn, NY 11230	40.625416	-73.975241	0.167901981883	7	0.178334993117	7	0.0755856168541	3	8	3	3300	935000	17	3300	1920	212	48	56	132	80	108	116	152	36	8	28	276
79708598_zpid	79708598_zpid	11233	12 Columbus Pl, Brooklyn, NY 11233	40.677734	-73.923035	0.377327039129	2	0.130616790223	1	0.170278111063	2	8	5	4032	755000	98	1890	2007	122	27	79	89	63	22	28	8	36	39	26	174
29847062_zpid	29847062_zpid	10465	198 Longstreet Ave, Bronx, NY 10465	40.819361	-73.805586	0.353193213371	1	1.0343176897	0	3.76053253388	0	3	3	2210	600000	134	2178	1998	17	10	4	4	2	7	17	10	10	3	2	36
29788170_zpid	29788170_zpid	10458	208 E Mosholu Pkwy S, Bronx, NY 10458	40.87363	-73.883538	0.12222352704	11	0.0474159310354	5	0.369507625445	4	8	4	2715	150000	273	2844	1910	597	27	66	91	59	25	14	12	12	29	11	142
30587444_zpid	30587444_zpid	11215	599 3rd St, Brooklyn, NY 11215	40.669126	-73.975074	0.317810283057	13	0.644354266462	1	0.544144566125	1	5	4.5	3840	3950000	10	1726	1901	28	32	11	25	11	12	55	33	23	5	10	140
30667835_zpid	30667835_zpid	11226	2204 Beverley Rd, Brooklyn, NY 11226	40.644436	-73.956391	0.29688720146	10	0.289808111887	4	0.632055167455	3	5	2	2080	490000	12	1500	1910	555	118	289	300	298	61	41	22	65	105	27	478
30604751_zpid	30604751_zpid	11233	503 Halsey St, Brooklyn, NY 11233	40.683993	-73.932778	0.0447861252356	9	0.229461577797	4	0.543554658998	1	4	3	2544	975000	7	1750	1899	90	55	66	96	47	9	22	6	25	25	17	129
29849334_zpid	29849334_zpid	10465	242 Brinsmade Ave, Bronx, NY 10465	40.815885	-73.8202869	0.501223558353	2	0.44652343827	1	3.21514796004	0	3	1.5	1080	367500	76	1785	1955	19	12	12	6	7	21	18	10	14	8	7	48
30670867_zpid	30670867_zpid	11218	647 19th St, Brooklyn, NY 11218	40.653345	-73.978154	0.160613712847	6	0.383882444626	2	0.443701070018	1	3	2	1554	995000	0	1366	1910	9	19	13	17	11	21	21	25	15	1	4	50
30771836_zpid	30771836_zpid	11236	8522 Avenue M, Brooklyn, NY 11236	40.63151	-73.901558	0.603486833852	2	0.482571993576	1	1.68600280694	0	3	2	1540	435000	6	2000	1960	248	48	92	116	44	264	100	40	116	28	48	336
30740284_zpid	30740284_zpid	11235	2746 Brighton 7th St, Brooklyn, NY 11235	40.5836309	-73.962603	0.215914869117	8	0.329464101059	5	0.673540165453	1	9	3	2916	657000	34	2090	1930	79	36	29	52	18	54	51	31	23	18	19	155
30731151_zpid	30731151_zpid	11214	86 Bay 46th St, Brooklyn, NY 11214	40.590825	-73.986535	0.250764617837	5	0.713439411945	2	0.321884190857	2	3	1	1200	90000	215	1933	1925	13	8	7	16	2	20	27	22	24	7	5	52
30683339_zpid	30683339_zpid	11219	931 41st St, Brooklyn, NY 11219	40.644525	-73.995323	0.118668798502	5	0.198760103162	4	0.214036083438	2	4	2	1300	4150000	0	5998	1899	240	44	160	220	184	96	100	168	80	68	20	404
30664360_zpid	30664360_zpid	11225	492 Flatbush Ave, Brooklyn, NY 11225	40.662059	-73.962005	0.180819799176	9	0.214860431799	5	0.05291522036	1	4	4	2550	1100000	16	1190	1925	255	66	95	92	118	7	29	12	34	25	10	168
30789630_zpid	30789630_zpid	11235	622 Ocean View Ave, Brooklyn, NY 11235	40.579498	-73.961453	0.114423540884	10	0.113774559425	5	0.204613322701	2	7	4	2520	285000	188	3000	1925	832	272	292	408	244	312	224	124	200	128	120	1188
29778850_zpid	29778850_zpid	10455	719 Eagle Ave, Bronx, NY 10455	40.818692	-73.910177	0.141726477324	7	0.278254685815	12	0.316151563531	3	8	3	2970	445000	36	1785	1920	112	18	30	50	32	17	19	4	19	26	13	122
29852676_zpid	29852676_zpid	10471	474 W 246th St, Bronx, NY 10471	40.8933419	-73.907251	0.647050819865	3	0.896005288871	0	0.846611032024	0	6	5	5000	1762500	59	11325.6	1925	18	5	2	3	1	2	30	3	5	0	1	19
30575678_zpid	30575678_zpid	11220	622 45th St, Brooklyn, NY 11220	40.645964	-74.0047249	0.341670098447	9	0.298426785053	9	0.555552220987	1	5	2	2832	1200000	10	1999	1910	356	184	184	276	156	184	240	88	84	68	32	724
30665379_zpid	30665379_zpid	11225	195 Winthrop St, Brooklyn, NY 11225	40.657099	-73.953765	0.0668665661427	11	0.276909029395	9	0.318189345607	3	3	2	3600	2125000	1	2685	1910	964	164	524	416	284	144	132	52	164	156	24	652
30640308_zpid	30640308_zpid	11208	311 Atkins Ave, Brooklyn, NY 11208	40.671169	-73.8778449	0.213772623334	9	0.374899705419	3	0.41086268427	3	8	4	2500	420000	3	2500	1930	159	31	87	101	74	58	38	10	30	55	27	190
30755710_zpid	30755710_zpid	11210	1418 E 28th St, Brooklyn, NY 11210	40.616489	-73.947182	0.507680550361	2	0.418870738917	3	1.0399602394	0	4	4	2184	1499000	0	3005	1940	68	8	4	40	16	72	68	52	44	0	16	144
30755210_zpid	30755210_zpid	11234	1463 E 35th St, Brooklyn, NY 11234	40.618356	-73.94015	0.569083064312	3	0.0787239310664	4	1.62859368764	0	3	3	2134	545000	49	1742	1940	96	52	68	76	40	128	72	76	92	24	12	336
30690324_zpid	30690324_zpid	11219	965 Bay Ridge Ave, Brooklyn, NY 11219	40.628193	-74.010838	0.171761942916	4	0.142504214248	6	0.5841500038	2	2	1	1520	785000	29	2200	1915	22	12	8	14	5	20	13	26	8	3	1	57
30607697_zpid	30607697_zpid	11206	649 Marcy Ave, Brooklyn, NY 11206	40.692236	-73.948323	0.172459676958	9	0.53535970952	5	0.367590710018	2	2	1	4860	925000	15	1620	1899	69	24	56	87	39	27	12	16	26	24	20	119
30596097_zpid	30596097_zpid	11213	1206 Saint Marks Ave, Brooklyn, NY 11213	40.67383	-73.929725	0.0615779658772	8	0.502204300251	4	0.612640875545	2	5	2.5	2407	835000	16	2246	1910	241	28	134	146	125	29	21	4	32	49	18	228
30658041_zpid	30658041_zpid	11203	45 E 40th St, Brooklyn, NY 11203	40.6549155	-73.9401854	0.449577048552	3	0.793405625392	0	0.866502467487	0	3	2	1790	435000	8	1387	1940	268	56	164	108	92	232	112	44	88	80	12	332
29851392_zpid	29851392_zpid	10475	3434 Huguenot Ave, Bronx, NY 10475	40.8868055	-73.8185733	0.858588106883	0	0.615626495947	1	1.04515050574	0	5	3	2602	515000	16	5000	1925	0	0	0	1	0	3	2	6	0	0	1	4
29813562_zpid	29813562_zpid	10462	1867 Bronxdale Ave, Bronx, NY 10462	40.848145	-73.860894	0.225552809753	7	0.304524376748	2	0.641377865784	2	7	3	2790	480000	97	2483	1930	69	27	36	49	22	72	40	30	24	18	15	107
30763637_zpid	30763637_zpid	11234	1261 E 59th St, Brooklyn, NY 11234	40.622608	-73.9182809	0.305661753083	7	0.747905737147	1	2.72943817842	0	3	2	884	194000	169	1298	1920	36	28	28	40	24	136	92	84	76	36	28	452
30613494_zpid	30613494_zpid	11238	408 Classon Ave, Brooklyn, NY 11238	40.686162	-73.959733	0.420632790105	11	0.415681156322	7	0.303124859129	5	7	3	2930	650000	63	1296	1899	123	136	77	100	61	28	45	16	45	17	36	156
