30722050_zpid	30722050_zpid	11223	1836 E 2nd St, Brooklyn, NY 11223	40.604697	-73.971395	0.162499461249	8	0.13352754715	5	0.18387251059	2	9	6	3516	1260000	2	2286	1988	73	23	23	33	21	66	32	56	31	17	3	133
79722150_zpid	79722150_zpid	10462	1867 Muliner Ave, Bronx, NY 10462	40.848159	-73.861703	0.267380732187	7	0.265903473419	3	0.573587320297	2	5	2	2981	609500	113	1784	2004	81	27	46	59	32	80	43	28	29	24	14	119
30700715_zpid	30700715_zpid	11209	22 Colonial Gdns, Brooklyn, NY 11209	40.6224329	-74.0394026	0.14774077263	3	0.669945525628	1	0.930243630965	0	3	2	1800	655000	104	2100	1925	49	18	12	26	10	20	24	11	11	2	2	54
30652374_zpid	30652374_zpid	11203	167 E 54th St, Brooklyn, NY 11203	40.654874	-73.9265269	0.275994338016	11	0.2582217109	4	1.13062467772	0	8	7	4160	695000	14	2000	2007	185	25	81	82	86	70	35	9	28	33	16	180
30609678_zpid	30609678_zpid	11221	435 Putnam Ave, Brooklyn, NY 11221	40.684972	-73.943663	0.122058782637	11	0.329568596748	9	0.610100590338	2	4	2	2610	1300000	23	1900	1900	81	22	57	58	54	12	17	6	27	36	6	102
29784240_zpid	29784240_zpid	10458	444 E 186th St, Bronx, NY 10458	40.857303	-73.893002	0.184787719598	12	0.36462724946	8	0.507562057364	3	6	2	2060	261000	137	2178	1901	452	46	219	198	225	23	32	14	44	73	31	330
83048154_zpid	83048154_zpid	11209	474 Bay Ridge Pkwy, Brooklyn, NY 11209	40.6295968	-74.0232581	0.0555734527218	19	0.0438724545396	4	0.190935296408	2	2	1	3240	900000	26	2178	1910	60	37	35	41	22	43	57	69	28	15	7	156
30789964_zpid	30789964_zpid	11235	5 Brighton 10th Ln, Brooklyn, NY 11235	40.5806087	-73.9593388	0.136009989208	10	0.111128300893	5	0.366397407598	1	3	2	1136	412000	13	1665	1920	1044	248	328	404	256	336	220	124	216	152	108	1124
30694568_zpid	30694568_zpid	11209	463 74th St, Brooklyn, NY 11209	40.630837	-74.022893	0.110694893467	18	0.17521208974	5	0.252468763498	2	3	2	1332	875000	4	1717	1925	58	42	35	50	23	41	50	62	25	16	7	155
30664435_zpid	30664435_zpid	11225	98 Lincoln Rd, Brooklyn, NY 11225	40.660792	-73.959297	0.107390001591	12	0.260894590857	6	0.265453730544	3	4	3.75	2294	850000	81	5250	1915	375	105	174	141	170	16	43	20	59	46	12	261
30642795_zpid	30642795_zpid	11208	428 Ridgewood Ave, Brooklyn, NY 11208	40.685097	-73.872912	0.184940888374	5	0.101637548851	4	0.224293294259	3	8	3	3300	610000	2	2000	1901	110	41	69	97	61	77	41	19	70	45	9	214
30792906_zpid	30792906_zpid	11229	2383 Stuart St, Brooklyn, NY 11229	40.599163	-73.930576	0.437281009025	4	0.372185763534	1	2.12330704931	0	3	1.5	1380	330000	2	1200	1971	15	16	1	8	2	8	21	6	13	2	2	38
30585792_zpid	30585792_zpid	11215	229 14th St, Brooklyn, NY 11215	40.666736	-73.989435	0.119518528329	15	0.183116033734	5	0.325394162989	3	3	2	1943	1410000	2	2000	1899	360	328	112	300	120	176	276	100	148	80	80	960
30641588_zpid	30641588_zpid	11208	2 Cypress Ct, Brooklyn, NY 11208	40.6875467	-73.8732297	0.297749737195	5	0.14908845025	5	0.272637326905	3	6	5	2400	499000	98	1932	1935	86	35	58	73	43	64	38	15	46	39	7	170
30597000_zpid	30597000_zpid	11213	1171 Eastern Pkwy, Brooklyn, NY 11213	40.6691689	-73.929556	0.135981261203	15	0.22171170153	8	0.287492473358	1	3	1	4692	750000	39	3366	1920	490	46	276	266	241	43	31	15	49	99	38	346
30748454_zpid	30748454_zpid	11235	2481 Coyle St, Brooklyn, NY 11235	40.592418	-73.935213	0.197669492732	6	0.392638544766	3	1.7151937975	0	5	3	1520	605000	11	1999	1955	6	13	9	3	5	4	7	14	6	2	3	58
29783818_zpid	29783818_zpid	10459	1224 Bryant Ave, Bronx, NY 10459	40.829548	-73.888691	0.409761323942	4	0.392648643375	7	0.273073861246	3	4	2	1640	280000	17	2003	1910	176	30	58	90	76	30	23	8	25	25	20	150
79714966_zpid	79714966_zpid	11233	342 Thomas S Boyland St, Brooklyn, NY 11233	40.672701	-73.914314	0.36870621958	4	0.395112705608	5	0.710629315376	1	3	5	3876	900000	7	1520	2005	648	56	400	428	272	80	88	56	132	144	96	552
30784544_zpid	30784544_zpid	11234	1819 E 52nd St, Brooklyn, NY 11234	40.615018	-73.924186	0.448958232954	8	1.00429776523	0	2.80390614845	0	5	2	2182	565000	110	1968	1930	17	16	10	12	12	35	26	21	21	7	8	108
30777802_zpid	30777802_zpid	11236	10817 Flatlands 7th St, Brooklyn, NY 11236	40.6422577	-73.8843186	0.679605344011	1	0.519019770164	1	1.55957315011	0	3	2.5	2252	392500	21	2700	1965	24	4	16	24	16	8	44	8	32	8	4	84
30641607_zpid	30641607_zpid	11208	38 Hemlock St, Brooklyn, NY 11208	40.688985	-73.872658	0.289361727246	7	0.167425630308	5	0.106811165172	3	6	4	1200	526000	11	2152	1935	292	84	176	244	124	220	128	52	124	100	16	488
30664400_zpid	30664400_zpid	11225	25 Chester Ct, Brooklyn, NY 11225	40.658087	-73.961248	0.0828855104503	12	0.0844114834498	5	0.311836406606	2	3	3.5	2720	928500	38	1632	1910	295	92	150	119	137	12	32	16	48	39	11	193
30657908_zpid	30657908_zpid	11203	109 E 46th St, Brooklyn, NY 11203	40.659477	-73.934823	0.357801086893	10	0.329264885842	4	1.06059031888	0	3	2.5	1740	382000	29	2000	1945	137	22	93	75	63	46	32	20	25	34	8	144
29832882_zpid	29832882_zpid	10466	945 E 224th St, Bronx, NY 10466	40.884932	-73.853314	0.178948491663	7	0.377457090296	3	0.684143336382	1	3	2	1690	168000	277	1690	1960	292	48	148	140	76	240	60	32	116	84	52	304
112504755_zpid	112504755_zpid	10469	938 E 219th St, Bronx, NY 10469	40.881079	-73.855819	0.500602251112	7	0.654061323271	1	0.656654725694	1	6	5	2000	519307	53	2714	2011	77	8	35	41	31	45	5	4	25	11	6	71
30645249_zpid	30645249_zpid	11208	213 Milford St, Brooklyn, NY 11208	40.674261	-73.876703	0.105385107596	7	0.0267574302312	4	0.341990414725	2	5	2	2000	500000	21	2003	1930	168	22	97	110	85	69	48	9	29	57	21	209
30654004_zpid	30654004_zpid	11236	577 E 92nd St, Brooklyn, NY 11236	40.65297	-73.917254	0.178833883591	7	0.656120221128	1	0.947562582494	0	6	3	3480	550000	24	2400	1920	41	3	11	22	14	35	14	7	10	10	4	57
30689802_zpid	30689802_zpid	11219	1258 66th St, Brooklyn, NY 11219	40.625638	-74.0030589	0.323518891854	5	0.431816155438	3	0.528990858599	3	4	3	1782	700000	21	3789	1920	55	13	14	18	9	51	53	51	13	6	16	109
30651641_zpid	30651641_zpid	11212	213 E 95th St, Brooklyn, NY 11212	40.661074	-73.922514	0.107042453228	10	0.264452502745	7	0.410767708355	2	8	4	3198	432500	16	3250	1931	574	23	204	214	184	55	26	10	45	78	31	306
30665303_zpid	30665303_zpid	11225	340 Fenimore St, Brooklyn, NY 11225	40.658442	-73.951228	0.130276350654	6	0.180273924008	6	0.173985330231	2	3	4	1680	1365000	0	1724	1920	254	41	107	97	93	39	30	8	31	46	9	175
29812755_zpid	29812755_zpid	10460	645 Mead St, Bronx, NY 10460	40.842897	-73.8661149	0.327320814164	10	0.428126843573	5	0.630880463507	2	3	2.5	1468	360000	0	1110	1925	128	14	38	48	45	43	14	10	23	31	22	91
30774338_zpid	30774338_zpid	11236	1207 E 94th St, Brooklyn, NY 11236	40.641303	-73.901791	0.234679274367	8	0.592754978007	1	0.595691441334	1	2	1	1036	390000	123	2000	1920	56	12	22	21	20	53	28	10	15	17	9	94
30668294_zpid	30668294_zpid	11226	444 E 17th St, Brooklyn, NY 11226	40.639772	-73.962566	0.196310476662	12	0.195807470605	7	0.170464581032	3	9	6	3900	800000	136	8762	1910	1424	256	624	688	656	188	136	84	192	244	40	1044
29850458_zpid	29850458_zpid	10464	53 Carroll St, Bronx, NY 10464	40.8454819	-73.788459	0.275888022814	3	3.14870937457	0	3.35700254179	0	3	2	1600	545000	96	2750	1915	17	17	5	7	3	1	36	9	7	2	29	41
29783382_zpid	29783382_zpid	10460	885 E 172nd St, Bronx, NY 10460	40.834737	-73.8910822	0.25917146545	6	0.211934157395	4	0.400203696944	2	4	2	2420	380000	15	6499	1987	160	23	66	89	70	22	13	3	22	31	11	148
30668372_zpid	30668372_zpid	11226	463 E 19th St, Brooklyn, NY 11226	40.639416	-73.959852	0.344695745025	10	0.329098326439	5	0.380387771723	3	9	3	4663	1450000	126	10449	1898	463	105	198	197	196	58	37	29	52	85	11	333
30601879_zpid	30601879_zpid	11206	829 Willoughby Ave, Brooklyn, NY 11206	40.6957	-73.935242	0.215908383067	11	0.135876893983	7	0.17137594582	4	2	1	3375	900000	23	2500	1899	304	140	120	160	108	88	80	48	100	76	44	532
30625732_zpid	30625732_zpid	11237	176 Wilson Ave, Brooklyn, NY 11237	40.699549	-73.924225	0.176995662496	14	0.212345941103	6	0.327327810576	3	2	1	1842	500000	103	2200	2008	181	92	123	175	141	24	16	7	54	76	28	279
30633104_zpid	30633104_zpid	11212	862 Thomas S Boyland St, Brooklyn, NY 11212	40.659309	-73.911306	0.287482499515	5	0.245899836359	5	0.416446409607	2	4	1	1600	155000	63	1600	1983	880	60	552	496	368	136	160	60	208	132	68	792
30672674_zpid	30672674_zpid	11218	55 Kermit Pl, Brooklyn, NY 11218	40.648732	-73.973177	0.144197495834	14	0.744842035823	1	0.249079576491	1	3	2	1152	1325000	5	842	1905	101	31	39	53	46	32	24	30	28	20	6	119
30637549_zpid	30637549_zpid	11208	105 Shepherd Ave, Brooklyn, NY 11208	40.6823229	-73.88208	0.12843002766	7	0.198708747023	3	0.20003430103	3	5	2.5	1712	539000	7	1706	1910	308	136	196	212	212	196	128	96	140	88	56	616
29836525_zpid	29836525_zpid	10466	637 E 233rd St, Bronx, NY 10466	40.8943294	-73.8594199	0.390786660277	2	0.191097548199	2	0.206986463227	4	7	5	3150	579000	0	2861	1940	234	24	94	81	123	60	19	4	40	47	16	200
29823909_zpid	29823909_zpid	10467	725 Arnow Ave, Bronx, NY 10467	40.868101	-73.866113	0.323026312412	11	0.261931161997	7	0.314213239944	2	1	1	2680	436800	144	2500	1957	380	47	168	200	184	40	31	12	47	67	40	294
30779705_zpid	30779705_zpid	11236	10541 Seaview Ave, Brooklyn, NY 11236	40.638566	-73.882909	0.715512810832	1	0.797977442535	0	1.83584538953	0	5	3	2300	675000	6	4356	1965	8	2	9	5	2	3	7	2	10	2	2	25
30664401_zpid	30664401_zpid	11225	23 Chester Ct, Brooklyn, NY 11225	40.658094	-73.961184	0.0774352917609	12	0.0823187421993	5	0.313020993718	2	4	2	2040	550000	91	1642	1910	295	92	150	119	137	12	32	16	48	39	11	193
89070804_zpid	89070804_zpid	10452	1525 Plimpton Ave, Bronx, NY 10452	40.845599	-73.9210368	0.189026554942	5	0.528651446931	6	0.550389395344	2	16	7	4500	1100000	0	2448	2010	204	32	79	81	75	23	18	14	29	20	5	103
30613743_zpid	30613743_zpid	11238	200 Saint James Pl, Brooklyn, NY 11238	40.684214	-73.964251	0.12376556861	8	0.165628072722	4	0.226074566478	3	1	1	3008	1100000	55	682585.2	1899	572	560	300	508	356	188	236	64	180	96	128	820
30711805_zpid	30711805_zpid	11228	63 Bay 10th St, Brooklyn, NY 11228	40.6095789	-74.009826	0.170893689423	10	0.234311003103	5	0.707214135491	1	3	1	1400	638000	31	1916	1930	7	12	3	11	2	21	40	32	27	4	6	60
30732327_zpid	30732327_zpid	11224	3725 Maple Ave, Brooklyn, NY 11224	40.579707	-74.004791	0.504297438746	1	0.354385944965	1	2.00797673177	0	3	2	1935	448000	66	2613	1960	45	10	12	33	13	3	15	3	13	11	2	45
30670879_zpid	30670879_zpid	11218	409 Vanderbilt St, Brooklyn, NY 11218	40.653053	-73.977921	0.132845635724	7	0.414137141372	1	0.405818250251	1	2	1	2040	900000	121	1800	1910	40	84	48	80	40	84	88	108	68	4	16	208
29851452_zpid	29851452_zpid	10475	3529 Ropes Ave, Bronx, NY 10475	40.888633	-73.818749	0.941336366066	0	0.420135039142	1	1.0176993139	0	3	1	2200	360000	25	3005	1965	0	0	0	1	0	2	2	4	0	0	1	3
30756667_zpid	30756667_zpid	11229	1640 Madison Pl, Brooklyn, NY 11229	40.612034	-73.943107	0.0961565041335	2	0.473516570677	2	1.29800452263	0	5	3	2450	735000	51	3749	1930	33	4	14	21	7	13	23	16	9	4	1	59
29780207_zpid	29780207_zpid	10455	905 E 156th St, Bronx, NY 10455	40.817244	-73.901056	0.19384094729	10	0.196642653552	8	0.26745079722	5	5	2	2092	275000	11	2242	1910	215	14	71	91	52	22	22	9	29	30	17	182
30615538_zpid	30615538_zpid	11217	11A S Elliott Pl, Brooklyn, NY 11217	40.689229	-73.975674	0.214946827014	7	0.227949290343	2	0.226356852742	8	1	1	3400	2775000	36	1667	1900	34	48	20	22	9	8	22	19	15	9	8	90
30623562_zpid	30623562_zpid	11211	224 Powers St, Brooklyn, NY 11211	40.712393	-73.941973	0.0804224034583	11	0.0391266834932	4	0.137917795936	4	4	3	1560	1350000	0	1044	1901	33	75	18	45	27	31	40	8	20	13	15	156
30789203_zpid	30789203_zpid	11235	44 Brighton 3rd Ct, Brooklyn, NY 11235	40.5801352	-73.9651007	0.155037542171	7	0.342339143882	7	0.42443769191	2	2	2	1312	545000	16	1200	1910	448	200	280	372	196	240	148	96	168	88	104	960
30636252_zpid	30636252_zpid	11212	845 Mother Gaston Blvd, Brooklyn, NY 11212	40.657911	-73.903509	0.264866499043	3	0.420703943432	3	0.372594644735	4	2	2	1116	10	10	18	1986	65	12	42	48	31	18	23	6	33	16	7	111
30765564_zpid	30765564_zpid	11234	1603 E 54th St, Brooklyn, NY 11234	40.618446	-73.922566	0.258855871467	11	0.702290240558	1	2.65607478872	0	3	1.25	1316	440000	11	2798	1920	13	22	6	7	11	38	31	12	22	5	7	134
30664428_zpid	30664428_zpid	11225	209 Ocean Ave, Brooklyn, NY 11225	40.657884	-73.961938	0.141165634302	12	0.114422001571	5	0.290955346269	2	6	2.5	2994	2400000	11	2750	1901	286	92	148	118	136	6	31	16	46	37	10	187
30782175_zpid	30782175_zpid	11234	2058 E 68th St, Brooklyn, NY 11234	40.61871	-73.91043	0.137667026567	5	0.184983488005	1	3.19404498332	0	4	2.5	1820	575000	23	2342	1980	16	11	9	15	6	19	24	11	21	2	6	71
30750688_zpid	30750688_zpid	11210	1617 New York Ave, Brooklyn, NY 11210	40.633199	-73.944475	0.163723253385	2	0.135446893188	3	0.27058232048	1	5	2	2024	749000	9	4000	1901	126	24	60	58	66	65	35	12	22	25	5	167
30633742_zpid	30633742_zpid	11212	647 Watkins St APT 1R, Brooklyn, NY 11212	40.656323	-73.904133	0.0957734007699	3	0.32897675676	2	0.493228364698	1	7	4	3280	460000	42	2550	1930	64	10	43	50	37	20	18	6	35	13	5	110
30740029_zpid	30740029_zpid	11223	28 Manhattan Ct, Brooklyn, NY 11223	40.587789	-73.966855	0.377657105688	5	0.448498937877	2	0.657532871524	1	3	1	1831	650000	19	1800	1960	204	40	36	60	16	64	104	96	44	4	20	228
30674694_zpid	30674694_zpid	11218	433 E 8th St, Brooklyn, NY 11218	40.639435	-73.97058	0.385273708908	10	0.107941876704	7	0.588930756918	3	4	1.5	1340	755000	5	1999	1905	888	228	332	336	188	308	156	264	124	84	44	900
29827394_zpid	29827394_zpid	10467	836 E 222nd St, Bronx, NY 10467	40.884105	-73.857479	0.246160708473	6	0.398839827183	2	0.441575476701	2	8	3	3774	519000	0	2238	1920	344	16	184	240	172	184	36	4	76	120	16	340
30670714_zpid	30670714_zpid	11218	608 20th St, Brooklyn, NY 11218	40.653675	-73.980071	0.325865496451	8	0.40457209494	3	0.564417144792	1	3	3.5	2790	1750000	7	2100	1899	1	13	8	10	4	19	14	23	12	0	2	37
30770409_zpid	30770409_zpid	11236	1120 E 84th St, Brooklyn, NY 11236	40.633502	-73.906419	0.519936595708	7	0.579568604864	2	1.51408994728	0	7	5	2900	625000	31	1871	2013	49	8	17	27	10	78	27	11	27	9	9	79
29792528_zpid	29792528_zpid	10473	2254 Seward Ave, Bronx, NY 10473	40.821135	-73.8462739	0.227301331189	2	0.162516977509	2	1.53246465467	0	3	2	3617	380000	9	3615	1950	22	6	11	2	4	13	7	0	10	1	2	45
83050183_zpid	83050183_zpid	11233	148A Macdougal St, Brooklyn, NY 11233	40.6797119	-73.9148933	0.410633312092	3	0.466742893681	5	0.373509117247	4	5	4	1920	1150000	0	1600	1910	284	33	179	208	137	48	50	19	74	93	34	260
29843183_zpid	29843183_zpid	10465	3182 Country Club Rd, Bronx, NY 10465	40.841176	-73.8230109	0.654551871116	3	0.463353572284	2	1.02040612659	0	9	4.5	3400	450000	142	4538	1925	1	11	7	2	0	6	32	12	4	1	1	25
30579512_zpid	30579512_zpid	11220	657 59th St, Brooklyn, NY 11220	40.638024	-74.011737	0.278344177786	7	0.305187758323	11	0.389420319288	2	11	6	3162	988000	4	2003	1935	136	46	50	54	26	54	71	42	25	24	7	241
30626770_zpid	30626770_zpid	11221	16 Goodwin Pl, Brooklyn, NY 11221	40.69171	-73.924543	0.101104916675	11	0.0925093384823	6	0.300702477433	3	8	4	3000	985000	21	2199	1901	884	228	384	552	432	192	160	68	256	200	136	1224
2101913659_zpid	2101913659_zpid	11207	399 Pennsylvania Ave., Brooklyn, NY 11207	40.667595	-73.894415	0.147230028923	6	0.191779494373	11	0.331989011313	5	7	3.5	3000	545000	6	2000	1901	163	18	109	121	116	22	43	10	41	39	15	191
30649979_zpid	30649979_zpid	11208	2480 Linden Blvd, Brooklyn, NY 11208	40.666186	-73.872038	0.183322220065	4	0.214528967628	4	0.986132511941	0	4	1	999	367000	3	1260	1910	47	8	45	41	23	24	30	7	14	13	3	105
30707808_zpid	30707808_zpid	11228	7801 14th Ave, Brooklyn, NY 11228	40.617064	-74.00693	0.242115198162	13	0.513344081901	4	0.665230140305	2	3	3	1248	690000	24	1001	1920	8	12	5	21	4	37	40	46	19	5	4	71
30585906_zpid	30585906_zpid	11215	363A 14th St, Brooklyn, NY 11215	40.6642381	-73.9845381	0.075515709408	16	0.317271034702	7	0.423054572497	3	4	2	1920	1700000	10	1250	1899	73	77	23	56	21	37	61	26	24	13	14	183
30644949_zpid	30644949_zpid	11208	193 Fountain Ave, Brooklyn, NY 11208	40.675418	-73.875073	0.176832805288	9	0.186718361582	4	0.250534381306	2	4	2	1200	285000	51	2000	1930	164	18	88	101	72	54	49	8	44	50	16	194
2115340950_zpid	2115340950_zpid	10465	569 Hollywood Ave, Bronx, NY 10465	40.82505	-73.817746	0.357552020141	5	0.507352006716	2	2.61414055045	0	8	5	5105	680000	28	5000	1986	13	16	5	17	5	12	20	20	15	0	4	55
30728841_zpid	30728841_zpid	11229	1863 E 27th St, Brooklyn, NY 11229	40.605595	-73.945475	0.25429827062	2	0.643928515478	2	1.09780695976	0	3	2	1991	737000	13	3001	1925	40	40	16	64	16	120	128	112	88	4	8	324
30690783_zpid	30690783_zpid	11220	246 61st St, Brooklyn, NY 11220	40.642016	-74.0223929	0.370195590781	8	0.376489636848	5	0.388006830983	1	5	2	3264	895000	0	2000	1899	300	100	136	132	140	88	164	108	132	68	16	436
30697905_zpid	30697905_zpid	11209	560 80th St, Brooklyn, NY 11209	40.62465	-74.022769	0.137441896819	15	0.173211451982	4	0.523402662746	2	2	1	1998	840000	15	2300	1920	116	37	28	34	30	34	34	38	13	25	3	179
30789226_zpid	30789226_zpid	11235	44 Brighton 4th Ct, Brooklyn, NY 11235	40.5805372	-73.9639648	0.193217066666	9	0.328426651998	7	0.392286088737	2	4	1	1350	110000	9	2240	1940	456	204	260	376	164	268	172	100	160	88	104	972
30696709_zpid	30696709_zpid	11209	7801 Narrows Ave, Brooklyn, NY 11209	40.630991	-74.036472	0.555320047873	3	0.939567353836	0	0.936484674526	0	4	4	3415	1570000	80	4000	2000	13	7	3	4	5	13	26	38	9	2	1	37
30651598_zpid	30651598_zpid	11212	1100 Winthrop St, Brooklyn, NY 11212	40.661631	-73.923136	0.188287408054	11	0.232760488938	7	0.350058535019	2	7	5	3280	550000	2	2600	1931	548	17	192	212	171	51	23	9	43	72	29	298
83048752_zpid	83048752_zpid	11234	1482 Royce St, Brooklyn, NY 11234	40.6230232	-73.9071677	0.680106635559	1	0.671213508996	1	2.66865057558	0	5	5	3750	825000	81	4181	2007	15	1	7	9	4	25	13	8	13	3	3	44
30595589_zpid	30595589_zpid	11225	461 E New York Ave, Brooklyn, NY 11225	40.661976	-73.947429	0.272750255985	7	0.29266948843	6	0.301201043226	3	3	2	1000	200000	142	1800	1935	1228	224	536	560	532	172	156	76	140	192	44	956
30614759_zpid	30614759_zpid	11216	1158 Fulton St, Brooklyn, NY 11216	40.680676	-73.954749	0.105876255856	10	0.195942468281	7	0.0914390944161	5	4	2	4800	1000000	23	2000	1930	142	137	55	69	58	12	38	18	23	28	34	167
30668361_zpid	30668361_zpid	11226	870 Ocean Ave, Brooklyn, NY 11226	40.641095	-73.959672	0.212799719257	9	0.24614779896	5	0.356868537582	3	6	7.5	5361	1650000	16	15245.999999999998	1920	540	107	258	264	241	67	41	35	65	97	12	413
30607203_zpid	30607203_zpid	11206	256 Vernon Ave, Brooklyn, NY 11206	40.695291	-73.941368	0.0887125827367	10	0.0920946306607	4	0.527089434309	3	6	3	2160	715000	15	1611	1899	500	160	236	344	208	160	84	120	92	144	84	704
30722828_zpid	30722828_zpid	11223	1894 W 7th St, Brooklyn, NY 11223	40.601133	-73.9796261	0.108549095784	6	0.463545686225	3	0.316599488811	4	4	3	1930	835000	18	1271	1965	208	64	104	88	72	344	96	244	92	32	24	364
30599632_zpid	30599632_zpid	11233	217 Ralph Ave, Brooklyn, NY 11233	40.682225	-73.9222939	0.453033867731	8	0.407181044015	2	0.393649216968	2	2	1	5720	320000	187	2158	1910	201	53	126	155	120	26	25	15	56	86	26	252
89068479_zpid	89068479_zpid	10463	664 W 232nd St, Bronx, NY 10463	40.8843869	-73.9153539	0.436369479254	6	0.527570275452	2	0.855070134661	0	6	4.5	3666	1220000	69	2490	2009	41	10	6	21	12	18	34	11	9	4	3	41
30603193_zpid	30603193_zpid	11221	124 Malcolm X Blvd, Brooklyn, NY 11221	40.689437	-73.930632	0.357717998484	9	0.322887361619	4	0.460991666335	2	5	4	2598	999000	24	1540	1900	220	59	109	162	131	60	36	18	38	68	39	279
30641682_zpid	30641682_zpid	11208	25 Hemlock St, Brooklyn, NY 11208	40.6893109	-73.872184	0.278165902652	6	0.218471861488	6	0.0766443844658	3	6	3.5	1000	457500	61	20	1925	70	20	44	61	31	53	31	13	31	25	3	113
30602341_zpid	30602341_zpid	11221	452 Kosciuszko St, Brooklyn, NY 11221	40.692141	-73.935963	0.348535377309	11	0.498580353272	6	0.564535629684	2	5	2.5	2070	637500	38	1725	1899	171	69	82	119	95	40	29	15	31	49	39	213
