83047045_zpid	83047045_zpid	11212	130 Osborn St, Brooklyn, NY 11212	40.6692759	-73.9087322	0.0994360299249	6	0.024378495325	8	0.570627442248	2	3	1	2814	350000	25	1877	2007	82	12	26	37	31	20	25	7	14	15	14	115
30594983_zpid	30594983_zpid	11225	169 Sterling St, Brooklyn, NY 11225	40.663071	-73.955404	0.342925253636	9	0.376233069948	5	0.38628943837	3	4	2	2052	577000	130	2000	1910	468	83	188	157	176	17	37	18	51	68	23	290
30692604_zpid	30692604_zpid	11220	570 Bay Ridge Ave, Brooklyn, NY 11220	40.632399	-74.019233	0.157930839752	13	0.401732288771	7	0.451970939337	2	2	2	992	819000	0	1962	1920	120	96	44	60	40	76	136	52	28	24	20	292
30709351_zpid	30709351_zpid	11228	1215 82nd St, Brooklyn, NY 11228	40.617559	-74.013103	0.371037569271	3	0.733244627765	1	1.14827399065	0	5	2	2686	1745000	29	6000	1925	5	11	0	12	1	21	39	19	15	4	1	46
30633978_zpid	30633978_zpid	11207	94 Wyona St, Brooklyn, NY 11207	40.676974	-73.894513	0.275438100531	5	0.310573211734	4	0.260470610125	6	2	1	1722	313635	142	2500	1901	103	32	68	91	48	82	51	51	35	35	14	197
30581581_zpid	30581581_zpid	11217	121 Saint Marks Pl, Brooklyn, NY 11217	40.6813069	-73.978063	0.0677640718007	12	0.21990203093	4	0.255893762301	9	2	1	3360	2325000	35	2000	1910	62	144	30	40	27	47	52	68	43	13	25	209
83178276_zpid	83178276_zpid	10457	1787 Monroe Ave, Bronx, NY 10457	40.846526	-73.906811	0.144505599517	11	0.222103130434	8	0.288538436145	5	9	6	4400	470000	0	2374	2007	406	84	245	268	238	28	20	13	69	64	30	294
30598106_zpid	30598106_zpid	11233	2296 Atlantic Ave, Brooklyn, NY 11233	40.675928	-73.9093199	0.170099712494	7	0.168009971117	4	0.310619885745	6	9	3	2160	820000	0	1667	1901	199	21	122	164	112	38	30	21	53	70	31	187
30714532_zpid	30714532_zpid	11228	284 Bay 10th St, Brooklyn, NY 11228	40.605432	-74.0149	0.333573651713	3	0.719627377982	1	1.14740889423	0	4	5.5	2007	1135000	91	3866	1925	7	2	2	6	1	9	18	22	10	1	2	31
30745014_zpid	30745014_zpid	11229	2179 E 27th St, Brooklyn, NY 11229	40.598241	-73.944086	0.207149206314	6	0.20678232467	3	0.99372218528	0	2	1	2852	442050	33	1600	1940	76	64	44	52	40	84	148	112	92	12	20	440
30589893_zpid	30589893_zpid	11238	180 Saint Marks Ave, Brooklyn, NY 11238	40.678669	-73.970495	0.176989673674	18	0.183826844248	5	0.209574603809	4	5	2.5	3600	2249000	105	2000	1931	93	51	29	49	23	18	37	18	20	14	8	112
30731039_zpid	30731039_zpid	11214	194 Bay 43rd St, Brooklyn, NY 11214	40.591639	-73.989319	0.232776968709	5	0.678664589055	1	0.563424280612	2	5	2.5	2301	888500	7	2062	1955	52	40	48	68	12	76	132	92	104	28	20	272
30698929_zpid	30698929_zpid	11209	443 84th St, Brooklyn, NY 11209	40.623748	-74.026402	0.11444875158	16	0.158989505363	5	0.205892387653	2	5	3	2204	745000	33	2330	1925	136	68	46	56	40	53	38	29	13	30	5	242
30768200_zpid	30768200_zpid	11236	616D E 87th St, Brooklyn, NY 11236	40.6411852	-73.9110302	0.384166681247	6	0.530903864485	3	0.985843825201	0	6	2.5	2869	510000	8	1506	2000	168	28	104	64	32	260	108	40	92	48	32	452
30723940_zpid	30723940_zpid	11230	769 E 19th St, Brooklyn, NY 11230	40.631917	-73.958414	0.298433175272	7	0.49842674578	2	0.401321927003	2	8	4	2208	2495000	0	6000	1901	84	13	65	61	72	32	27	27	11	17	2	91
30592497_zpid	30592497_zpid	11216	797 Saint Johns Pl, Brooklyn, NY 11216	40.671947	-73.951733	0.103935216585	13	0.137508736038	2	0.25796518224	5	6	3	2359	695000	32	19	1920	284	73	146	175	165	21	35	9	41	58	32	245
29785179_zpid	29785179_zpid	10457	2169 Prospect Ave, Bronx, NY 10457	40.84908	-73.885443	0.155608615156	11	0.54723930861	3	1.07828630067	0	3	2	1320	300000	5	1306	1986	592	124	304	376	252	88	28	12	120	160	68	508
29851409_zpid	29851409_zpid	10475	3432 Mc Owen Ave, Bronx, NY 10475	40.887195	-73.817683	0.939932554142	0	0.603162694399	1	1.11356098912	0	4	3	2258	490000	2	5000	1925	0	0	0	1	0	2	2	4	0	0	1	4
29797101_zpid	29797101_zpid	10472	2248 Chatterton Ave, Bronx, NY 10472	40.8283569	-73.848029	0.154572538289	7	0.842209362646	0	0.72771120783	1	3	2	1636	388000	18	2813	1930	28	9	8	16	10	17	14	2	7	8	5	34
30661054_zpid	30661054_zpid	11203	438 E 42nd St, Brooklyn, NY 11203	40.64473	-73.937642	0.447087497274	3	0.593130051376	2	0.95676646288	0	4	2	2112	354000	66	2150	1945	15	5	4	6	8	24	12	3	13	6	0	51
30618448_zpid	30618448_zpid	11249	136 N 8th St, Brooklyn, NY 11249	40.7188589	-73.9582007	0.0517683162877	14	0.332106491498	4	0.131450336568	1	11	4	3600	3525000	5	1000	1910	260	444	24	92	12	120	80	104	64	152	8	476
29783426_zpid	29783426_zpid	10459	1344 Prospect Ave, Bronx, NY 10459	40.829694	-73.897092	0.362727922472	5	0.385435522315	7	0.445424350875	2	8	3.5	3168	480000	57	2500	1901	184	81	96	127	101	25	20	6	23	46	21	175
30714556_zpid	30714556_zpid	11228	307 Bay 10th St, Brooklyn, NY 11228	40.6046679	-74.014955	0.38384180257	3	0.708327890036	1	1.17555140038	0	3	2.5	1860	685000	76	1933	1955	7	2	2	6	1	8	12	15	8	1	2	30
30778954_zpid	30778954_zpid	11236	1643 E 92nd St, Brooklyn, NY 11236	40.632285	-73.894207	0.323396473702	6	0.16892589563	4	1.72492947913	0	3	2	1200	404250	9	2000	1925	148	40	64	60	24	152	64	64	52	32	8	236
29827459_zpid	29827459_zpid	10469	938 E 212th St, Bronx, NY 10469	40.876331	-73.858414	0.224156753445	6	0.633687606444	1	0.685111979618	1	5	4	800	495000	0	2811	1935	45	4	24	36	23	43	11	5	24	22	15	61
30585283_zpid	30585283_zpid	11215	192 11th St, Brooklyn, NY 11215	40.669747	-73.9914919	0.17346024962	11	0.435624008009	3	0.159434280971	4	5	3	1620	1500000	24	1875	1899	55	64	23	48	22	34	56	32	29	19	13	194
30758369_zpid	30758369_zpid	11234	910 E 55th St, Brooklyn, NY 11234	40.635008	-73.924033	0.116585817946	4	0.466924898724	2	2.00906200147	0	1	1	2087	580000	10	1999	1957	104	32	12	48	12	96	76	36	68	24	4	164
29842406_zpid	29842406_zpid	10461	2871 Dudley Ave, Bronx, NY 10461	40.840538	-73.8339079	0.297680664058	4	0.825544269679	0	0.42229565856	2	3	2	1428	375100	2	2374	1920	67	19	20	18	15	46	30	23	12	9	3	93
30673779_zpid	30673779_zpid	11218	395 E 2nd St, Brooklyn, NY 11218	40.6417209	-73.977749	0.216146133132	12	0.177669407395	11	0.305374044492	2	7	3	4018	1355000	1	3433	1930	652	176	252	348	236	260	224	260	116	100	68	808
29829800_zpid	29829800_zpid	10469	3305 Eastchester Rd, Bronx, NY 10469	40.874844	-73.845539	0.269102439504	6	0.277912551113	2	0.596254875145	1	4	3	1633	315000	62	1742	1950	48	13	41	53	35	29	27	8	33	17	12	114
29779834_zpid	29779834_zpid	10459	828 E 165th St, Bronx, NY 10459	40.824024	-73.900642	0.102394344409	6	0.109703829203	5	0.383751145332	3	4	3	2532	389000	0	1999	1901	560	84	340	384	328	68	52	20	104	176	92	644
30629955_zpid	30629955_zpid	11207	1164 Halsey St, Brooklyn, NY 11207	40.690397	-73.910272	0.15305701242	9	0.674292929657	2	0.55607870518	2	8	3.5	3240	700000	16	1800	1925	115	31	85	109	81	22	24	17	40	57	21	193
29826782_zpid	29826782_zpid	10467	769 E 217th St, Bronx, NY 10467	40.8815118	-73.8610115	0.218255240763	4	0.51953322116	2	0.296107309506	3	3	1.5	836	282500	142	2500	1925	200	13	87	105	87	79	15	3	41	56	12	183
29791741_zpid	29791741_zpid	10473	2278 Lacombe Ave, Bronx, NY 10473	40.817027	-73.8447039	0.355694666908	3	0.223456365834	2	2.00842669228	0	3	1	1888	325000	71	2744	1960	12	3	12	1	2	10	5	3	6	3	3	38
29791384_zpid	29791384_zpid	10473	436 Bolton Ave, Bronx, NY 10473	40.814479	-73.857241	0.531991845121	2	0.80598222043	0	2.08760250524	0	6	2	2650	499000	0	1742	1970	34	8	14	32	10	35	12	16	17	18	8	83
30761341_zpid	30761341_zpid	11234	1031 E 57th St, Brooklyn, NY 11234	40.6277959	-73.920721	0.284265270229	5	0.27428466237	3	2.34255789792	0	5	3	1	260000	223	2400	1920	116	40	108	96	84	172	72	92	68	92	24	380
30761595_zpid	30761595_zpid	11210	1223 E 40th St, Brooklyn, NY 11210	40.625312	-73.936745	0.235133870998	1	0.841078661934	0	1.24462185804	0	3	1.5	1800	599000	0	3367	1935	244	28	112	132	80	140	136	36	76	44	36	284
30641077_zpid	30641077_zpid	11207	845 Livonia Ave, Brooklyn, NY 11207	40.6661549	-73.885548	0.113361659863	8	0.303481941573	3	0.155565477202	2	6	2	1320	370000	33	801	1901	166	16	106	98	86	27	30	11	43	64	21	188
30625937_zpid	30625937_zpid	11237	351 Stockholm St, Brooklyn, NY 11237	40.7042829	-73.9183819	0.132886817413	12	0.0801349098878	5	0.0526574344386	3	2	1	1000	140000	243	2000	1931	193	113	129	171	135	50	34	19	68	72	28	284
30794488_zpid	30794488_zpid	11229	48 Ebony Ct, Brooklyn, NY 11229	40.592781	-73.928225	0.197048740978	3	0.977901689998	0	2.28778389677	0	3	1	1500	480000	66	3570	1920	2	5	1	8	1	3	19	4	18	4	4	24
30570466_zpid	30570466_zpid	11231	34 Woodhull St, Brooklyn, NY 11231	40.681273	-74.003639	0.103594704426	15	0.248073241791	4	0.787617639461	0	5	4	2106	1400000	19	1875	1910	29	49	20	42	19	11	42	31	7	9	9	131
30721681_zpid	30721681_zpid	11223	1782 W 7th St, Brooklyn, NY 11223	40.6038815	-73.9801634	0.174557188115	8	0.208183151066	2	0.01667701591	3	3	2	1280	520000	41	22	1930	352	108	176	104	132	396	116	240	92	52	24	440
30605728_zpid	30605728_zpid	11233	308 Malcolm X Blvd, Brooklyn, NY 11233	40.68229	-73.929225	0.217047079546	8	0.212394744261	4	0.349592087188	1	3	1	1100	920000	40	1376	1927	136	70	99	124	72	16	20	11	41	39	24	190
30687794_zpid	30687794_zpid	11219	933 58th St, Brooklyn, NY 11219	40.634979	-74.00516	0.113582577133	6	0.349375528411	7	0.400296269853	2	5	3	2033	1660000	5	2400	1925	41	15	16	32	10	51	41	43	17	8	8	82
30773244_zpid	30773244_zpid	11236	966 E 94th St, Brooklyn, NY 11236	40.6458439	-73.907579	0.218379957756	4	0.928640338089	0	0.492221073598	1	3	1	1140	348000	14	2000	1925	42	7	25	34	18	52	32	8	8	21	7	99
30748347_zpid	30748347_zpid	11235	2429 E 27th St, Brooklyn, NY 11235	40.5927239	-73.943059	0.19804698476	12	0.231759556976	2	1.06080182791	0	3	2	1811	657000	7	2183	1940	184	52	40	44	28	72	84	100	72	4	4	220
30771636_zpid	30771636_zpid	11236	32 Paerdegat 13th St, Brooklyn, NY 11236	40.628012	-73.902475	0.993882992382	0	0.756429140425	0	2.07588944896	0	6	3	3000	499500	17	2000	1965	160	16	52	56	24	160	68	24	88	16	32	180
30624587_zpid	30624587_zpid	11206	264 Boerum St, Brooklyn, NY 11206	40.706235	-73.936961	0.313371818549	8	0.414966207129	2	0.295745638405	3	5	2	1780	865000	31	2187	1930	45	113	28	25	17	19	31	10	16	10	8	104
30773402_zpid	30773402_zpid	11236	1324 Rockaway Pkwy, Brooklyn, NY 11236	40.647062	-73.904871	0.115789117882	5	0.823971093873	0	0.259171658549	2	6	2	1224	437750	14	2500	1920	38	7	21	32	16	54	21	10	8	18	6	80
30708886_zpid	30708886_zpid	11228	8009 14th Ave, Brooklyn, NY 11228	40.615773	-74.008236	0.321920568155	10	0.491237059745	3	0.692276144412	1	2	1	1728	680000	12	1197	1920	6	18	4	21	0	30	46	44	24	6	3	67
30695824_zpid	30695824_zpid	11209	339 77th St, Brooklyn, NY 11209	40.62993	-74.027033	0.196637487731	20	0.350413857367	5	0.130359938656	2	5	1	1685	960000	5	3280	1905	356	208	184	144	100	204	248	224	72	72	28	740
30791401_zpid	30791401_zpid	11235	1624 Shore Blvd, Brooklyn, NY 11235	40.580622	-73.938188	0.962126171803	0	1.20003405664	0	1.51986179198	0	2	4	3000	285000	197	2250	2003	36	28	28	56	32	52	64	12	84	8	4	148
30717874_zpid	30717874_zpid	11230	1521 Mcdonald Ave, Brooklyn, NY 11230	40.615823	-73.973945	0.163340256238	8	0.213269868931	2	0.0789569654565	2	8	4.5	2440	560000	82	2221	1911	23	7	9	19	8	41	31	20	12	5	5	50
30596101_zpid	30596101_zpid	11213	1218 Saint Marks Ave, Brooklyn, NY 11213	40.673811	-73.929379	0.0873397974157	8	0.518956843953	4	0.624286304356	2	4	3	2500	770000	1	2555	1910	245	27	136	151	129	29	18	3	31	50	19	229
30606052_zpid	30606052_zpid	11233	326 Malcolm X Blvd, Brooklyn, NY 11233	40.681649	-73.929076	0.220513263694	8	0.229191978951	5	0.290128674505	2	4	4	2160	387500	14	1500	1901	128	72	94	130	72	16	20	11	37	40	27	193
29830009_zpid	29830009_zpid	10469	3211 Mickle Ave, Bronx, NY 10469	40.873633	-73.843776	0.447217170632	6	0.477529854964	1	0.507165994244	1	3	1	1348	150000	0	2578	1940	45	10	35	29	19	41	28	9	31	18	10	92
30603019_zpid	30603019_zpid	11221	787 Lexington Ave, Brooklyn, NY 11221	40.690379	-73.929405	0.21033236674	9	0.336513902866	3	0.333590423354	2	5	1.5	2100	865000	7	1667	1899	784	252	424	548	468	224	140	68	156	240	152	1172
30665158_zpid	30665158_zpid	11225	181 Fenimore St, Brooklyn, NY 11225	40.6584987	-73.9563253	0.329804801439	12	0.388462209499	9	0.553824133939	4	4	3.5	2952	1545000	19	2000	1910	441	108	204	160	177	29	44	21	55	63	13	278
30603280_zpid	30603280_zpid	11221	804 Lexington Ave, Brooklyn, NY 11221	40.690212	-73.926672	0.145018656	11	0.228094467068	3	0.377169666559	2	5	2	2142	500000	19	1700	1899	224	70	108	146	133	52	33	13	39	57	39	297
29846622_zpid	29846622_zpid	10465	278 Throggs Neck Blvd, Bronx, NY 10465	40.8194625	-73.8133361	0.324057643076	4	0.381372490213	1	3.33561738113	0	5	3	2090	440000	51	2395	1960	20	44	4	28	20	60	88	36	40	20	40	224
30769131_zpid	30769131_zpid	11236	967 E 80th St, Brooklyn, NY 11236	40.634419	-73.911555	0.167611911448	6	0.17649036143	3	1.58967786588	0	4	2.5	2760	500604	24	2000	1960	36	7	18	18	8	69	28	11	24	12	8	86
30608725_zpid	30608725_zpid	11216	298 Tompkins Ave, Brooklyn, NY 11216	40.6877988	-73.9450197	0.124988401043	10	0.299804470998	5	0.60478950944	1	3	1	1000	290000	64	2200	1899	396	124	188	340	288	64	84	28	116	144	80	484
30597130_zpid	30597130_zpid	11213	1152 Eastern Pkwy, Brooklyn, NY 11213	40.668289	-73.930215	0.0421736410674	14	0.20913354692	9	0.239995390404	2	2	2	1245	671500	61	2371	1901	2260	240	1092	1004	972	180	136	56	216	408	180	1460
30767379_zpid	30767379_zpid	11234	862 E 55th St, Brooklyn, NY 11234	40.636366	-73.924169	0.120080762223	4	0.560739667078	1	2.02151141146	0	5	2.5	2700	515000	8	1983	1955	19	9	1	7	3	18	17	7	12	3	1	36
30634317_zpid	30634317_zpid	11207	306 Miller Ave, Brooklyn, NY 11207	40.673415	-73.891712	0.182473597953	8	0.147389288446	7	0.119785457874	4	8	2.5	2700	550000	12	3000	1997	114	20	86	101	94	66	36	25	39	43	21	225
29778099_zpid	29778099_zpid	10456	284 E 169th St, Bronx, NY 10456	40.8348579	-73.912388	0.350241847152	6	0.26453852837	9	0.502442156987	3	9	3	2142	540000	103	1995	2009	582	103	255	252	285	43	30	7	89	88	41	358
29792507_zpid	29792507_zpid	10473	2233 Cincinnatus Ave, Bronx, NY 10473	40.820744	-73.8471129	0.159886899159	3	0.0813471831051	2	1.55502302395	0	4	3	1900	250000	0	2500	1935	29	12	14	2	5	15	8	2	11	3	4	46
79714165_zpid	79714165_zpid	10473	1782 Randall Ave, Bronx, NY 10473	40.816736	-73.863514	0.0849565934385	2	0.632779632977	2	1.68046771422	0	3	1	2196	156450	52	2178	1925	65	16	22	34	22	39	16	19	23	15	9	103
30571641_zpid	30571641_zpid	11217	208 Hoyt St, Brooklyn, NY 11217	40.683919	-73.989772	0.12736244992	14	0.259319331988	2	0.264328461374	3	5	3.5	3200	1720000	19	1400	1931	24	104	0	76	4	100	92	28	32	12	4	152
94716435_zpid	94716435_zpid	11203	1017 Schenectady Ave, Brooklyn, NY 11203	40.6483224	-73.9329415	0.341895742644	7	0.272916222868	3	1.39968592469	0	5	3	2243	397488	53	1347	2010	134	11	50	44	50	37	26	1	15	23	9	126
30778566_zpid	30778566_zpid	11236	1360 E 101st St, Brooklyn, NY 11236	40.637797	-73.889274	0.428337977879	5	0.258268728357	3	1.44932220841	0	3	1	4	475000	116	4094	1955	26	7	22	21	1	19	15	11	13	6	2	60
30752895_zpid	30752895_zpid	11210	1255 E 37th St, Brooklyn, NY 11210	40.62598	-73.939872	0.0899162379592	5	0.666695505064	1	1.00667945746	0	1	3	1600	590000	5	4000	1931	89	10	45	47	36	68	45	20	29	16	12	107
29833163_zpid	29833163_zpid	10466	963 E 230th St, Bronx, NY 10466	40.889024	-73.850505	0.199023484787	7	0.304567159776	3	0.747807382362	1	5	2	2032	293550	130	2130	1940	85	10	40	32	29	94	19	4	29	17	13	85
30741648_zpid	30741648_zpid	11229	1925 E 12th St, Brooklyn, NY 11229	40.6024148	-73.9602709	0.45298191715	9	0.287265378903	6	0.504877764301	2	5	2	1860	1100000	33	3948	1935	78	23	21	29	28	48	22	13	9	7	5	76
30629850_zpid	30629850_zpid	11207	1010 Halsey St, Brooklyn, NY 11207	40.686479	-73.914112	0.296401745641	7	0.192557298241	3	0.206263698042	2	2	1	900	630000	40	1800	1915	69	18	57	80	48	17	19	9	18	33	15	116
30775712_zpid	30775712_zpid	11236	10519 Flatlands 1st St, Brooklyn, NY 11236	40.645854	-73.891837	0.255618477678	2	0.220203036479	3	0.83259598965	0	4	2.5	2507	425000	43	2530	1960	39	6	18	14	12	23	10	2	13	9	7	73
30788283_zpid	30788283_zpid	11234	2265 E 66th St, Brooklyn, NY 11234	40.614685	-73.907344	0.411745552533	2	0.333703510419	1	3.58891323409	0	4	2	1500	1200000	28	12632.4	1960	8	15	7	8	6	13	15	13	12	1	1	54
29853557_zpid	29853557_zpid	10471	301 W 259th St, Bronx, NY 10471	40.906796	-73.899581	0.209877352104	4	0.210878711311	3	1.26321932795	0	6	4	1601	679000	0	1999	1901	10	8	4	10	6	18	30	11	15	2	7	51
30596128_zpid	30596128_zpid	11233	1370 Saint Marks Ave, Brooklyn, NY 11233	40.673512	-73.923156	0.445020948209	5	0.435959340067	3	0.598109236088	1	6	3	2430	710000	2	1875	1910	171	28	107	90	83	20	19	4	34	33	14	156
30791909_zpid	30791909_zpid	11235	2754 E 28th St, Brooklyn, NY 11235	40.585794	-73.941298	0.433241784154	3	0.633744315157	1	1.09381823296	0	4	2	1440	625000	11	1820	1930	92	28	56	88	48	132	80	76	136	16	20	336
30663935_zpid	30663935_zpid	11210	3314 Farragut Rd, Brooklyn, NY 11210	40.636255	-73.944567	0.481439273317	2	0.441269350183	3	0.460801210982	2	3	2.5	1404	438000	21	2003	1920	309	25	171	162	150	56	37	12	39	61	7	317
30670143_zpid	30670143_zpid	11210	625 E 24th St, Brooklyn, NY 11210	40.6354339	-73.954022	0.252246429209	4	0.413324844102	4	0.61165897608	3	6	3	2776	975000	31	5000	1915	81	28	56	52	68	39	24	19	22	23	6	154
30595333_zpid	30595333_zpid	11225	538 Empire Blvd, Brooklyn, NY 11225	40.663868	-73.944398	0.0883656124307	8	0.0660009949012	6	0.559050404182	3	3	2	1032	257000	20	1785	1899	186	40	69	80	79	24	25	13	21	25	5	127
29846112_zpid	29846112_zpid	10465	824 Vincent Ave, Bronx, NY 10465	40.831245	-73.818355	0.43369723143	3	0.473160176391	2	2.06463862834	0	3	1.5	1096	360000	8	2500	1930	20	12	20	60	4	56	84	104	68	12	12	144
30602722_zpid	30602722_zpid	11221	829 Greene Ave, Brooklyn, NY 11221	40.690468	-73.935036	0.407709217066	10	0.485846398511	6	0.614947528136	1	7	4	3024	890000	14	1799	1899	185	39	105	142	98	41	30	15	37	51	42	235
30595735_zpid	30595735_zpid	11213	1698 Pacific St, Brooklyn, NY 11213	40.676454	-73.9323579	0.0369701716968	9	0.148100315531	5	0.351920179178	1	4	2	1920	525000	132	2143	1920	85	14	38	60	45	33	23	9	19	12	7	132
79720201_zpid	79720201_zpid	11234	1657 E 46th St, Brooklyn, NY 11234	40.620001	-73.9306469	0.27430175179	9	0.479955345568	2	2.02563555596	0	3	1	1650	515000	0	1799	2006	11	57	1	19	8	43	33	18	14	7	0	144
83178927_zpid	83178927_zpid	10457	679 E 179th St, Bronx, NY 10457	40.8470292	-73.8901431	0.180606319651	11	0.224198885297	1	0.806131911755	0	8	5	3920	570000	1	2500	2007	1000	204	504	564	472	104	56	24	184	196	96	900
30689760_zpid	30689760_zpid	11219	1171 67th St, Brooklyn, NY 11219	40.626571	-74.005165	0.227624390037	7	0.301054972217	4	0.536233648614	2	3	1.5	1180	458000	21	2000	1910	43	11	15	17	10	41	47	49	15	6	15	105
30641671_zpid	30641671_zpid	11208	57 Hemlock St, Brooklyn, NY 11208	40.6885466	-73.8720592	0.221632400164	7	0.207764519149	5	0.160657158233	3	3	2.5	1459	135000	259	2500	1925	72	30	50	63	35	58	33	15	39	30	5	136
30714263_zpid	30714263_zpid	11214	202 Bay 26th St, Brooklyn, NY 11214	40.599798	-74.001201	0.165296145234	7	0.179474820327	6	0.588430955905	2	4	3	2640	1219000	0	2328	1950	180	18	45	47	35	71	46	28	13	15	10	126
30785489_zpid	30785489_zpid	11234	1846 E 52nd St, Brooklyn, NY 11234	40.614174	-73.924701	0.523680416735	6	1.08721466442	0	2.84128475049	0	2	1	1800	400000	46	2200	1955	16	5	10	12	12	35	29	22	20	7	9	101
30592037_zpid	30592037_zpid	11213	1120 Prospect Pl, Brooklyn, NY 11213	40.673504	-73.939587	0.26224291948	12	0.309227106736	4	0.526242237818	2	3	2	2208	585000	35	1611	1901	242	72	113	115	114	38	34	11	35	63	19	268
30793171_zpid	30793171_zpid	11229	2316 Plumb 1st St, Brooklyn, NY 11229	40.596416	-73.932613	0.361254287717	8	0.549458519972	1	1.91035906083	0	3	1	1250	326000	71	1800	1930	17	17	1	7	2	8	19	8	17	3	2	44
30631511_zpid	30631511_zpid	11212	76 Tapscott St, Brooklyn, NY 11212	40.665978	-73.920826	0.165349216397	10	0.217102485007	7	0.21018723117	2	6	4	2400	495000	123	2700	1920	277	17	88	89	89	31	28	10	38	41	12	165
30787530_zpid	30787530_zpid	11234	2752 E 64th St, Brooklyn, NY 11234	40.606488	-73.913725	1.07357916006	0	1.25109058658	0	3.65564579553	0	6	4	2120	743000	0	2500	1965	3	4	2	5	3	17	4	27	20	2	1	27
30770513_zpid	30770513_zpid	11236	1151 E 85th St, Brooklyn, NY 11236	40.6337562	-73.9046142	0.591377312945	6	0.697264760789	2	1.4546387265	0	6	3	1976	330000	142	2150	1955	50	12	21	30	10	69	30	11	26	10	10	81
29812037_zpid	29812037_zpid	10461	2411 Saint Raymonds Ave, Bronx, NY 10461	40.839388	-73.849678	0.269720491143	12	0.347211228585	7	0.392080948156	3	3	2	1482	379000	0	2395	1910	117	13	40	28	27	24	16	11	18	7	6	116
30722593_zpid	30722593_zpid	11223	1882 W 11th St, Brooklyn, NY 11223	40.6010319	-73.983464	0.216151485962	9	0.499382359411	6	0.41558905897	3	4	2	2268	1349000	5	3000	1925	124	88	52	64	36	208	116	168	60	24	16	268
79713096_zpid	79713096_zpid	10457	1796 Prospect Ave, Bronx, NY 10457	40.8415369	-73.8914279	0.290042732305	4	0.396951850348	4	0.56612235435	1	6	3	2953	460000	22	1256	2006	456	44	144	184	144	8	32	4	52	72	12	340
29799063_zpid	29799063_zpid	10462	1971 Benedict Ave, Bronx, NY 10462	40.834476	-73.85811	0.19777609828	13	0.238771392594	11	0.267034081606	2	10	3.5	2552	600000	8	2501	1920	120	20	28	35	39	23	28	15	14	16	6	177
30784076_zpid	30784076_zpid	11234	1850 E 37th St, Brooklyn, NY 11234	40.612404	-73.933426	0.32843089446	3	0.404130209794	1	2.10248482951	0	2	1	994	270000	160	1800	1940	3	20	3	7	3	18	30	26	33	1	2	52
30761845_zpid	30761845_zpid	11234	2036 E 41st St, Brooklyn, NY 11234	40.623691	-73.934436	0.201377779503	8	0.225292764811	2	1.51036168497	0	5	2.5	1890	310000	28	1833	1925	156	40	72	88	84	100	100	80	56	16	0	316
30668262_zpid	30668262_zpid	11226	459 Rugby Rd, Brooklyn, NY 11226	40.638439	-73.964545	0.32564047563	10	0.357513076545	8	0.282418808875	3	5	3	2104	2150000	0	4000	1905	100	30	42	44	38	26	19	12	18	15	2	102
30691967_zpid	30691967_zpid	11220	113 Bay Ridge Ave, Brooklyn, NY 11220	40.637577	-74.0316351	0.302780512362	9	0.405442115342	3	0.755695104964	0	2	3	2580	340000	317	1900	1931	136	52	68	76	44	84	64	84	20	16	4	184
30754489_zpid	30754489_zpid	11210	1312 E 35th St, Brooklyn, NY 11210	40.621919	-73.941438	0.327774929413	3	0.428056921853	2	1.32349326189	0	3	2	1220	505000	46	2800	1925	268	28	112	132	88	184	148	40	64	36	12	272
30777684_zpid	30777684_zpid	11236	1239 E 105th St, Brooklyn, NY 11236	40.641999	-73.8881059	0.749933259808	1	0.639862759242	3	1.27130690589	0	4	4	5000	238000	254	5000	1970	80	8	44	40	32	44	44	12	52	28	20	176
