30643678_zpid	30643678_zpid	11208	64 Fountain Ave, Brooklyn, NY 11208	40.6786109	-73.8764659	0.332634784102	12	0.430082640105	6	0.433681200934	5	7	2.5	1800	464449	10	1800	1899	448	84	244	332	224	196	184	80	200	104	40	800
30725108_zpid	30725108_zpid	11230	1176 E 18th St, Brooklyn, NY 11230	40.621877	-73.958163	0.407430834721	8	0.407695812333	6	0.436528579339	2	5	3	2204	1198000	0	3000	1920	179	21	78	95	82	34	34	14	19	41	9	183
30788825_zpid	30788825_zpid	11234	2603 E 64th St, Brooklyn, NY 11234	40.608535	-73.909849	0.844461554041	0	0.969641387844	0	4.02793146328	0	3	3	2154	919000	0	4200	1960	2	5	2	5	2	18	6	27	21	2	1	30
30669047_zpid	30669047_zpid	11226	986 Ocean Ave, Brooklyn, NY 11226	40.638374	-73.9591559	0.351329720898	11	0.375550344536	5	0.478220780588	2	5	3	3096	895000	58	5972	1910	443	101	192	196	186	48	33	26	52	78	10	296
30745749_zpid	30745749_zpid	11229	1809 Avenue W, Brooklyn, NY 11229	40.594942	-73.952448	0.16151998959	15	0.204013250308	6	0.23180768904	2	5	3	2600	949000	0	1825	1965	352	76	96	120	136	188	116	80	96	52	20	444
30769739_zpid	30769739_zpid	11236	59 Paerdegat 4th St, Brooklyn, NY 11236	40.632259	-73.909958	0.422527783737	5	0.438205688313	2	1.74267358735	0	3	2	2090	445200	145	2558	1960	156	20	44	64	24	224	88	16	108	24	8	256
30628196_zpid	30628196_zpid	11221	1239A Putnam Ave, Brooklyn, NY 11221	40.691822	-73.915418	0.227742383091	7	0.381451543182	4	0.620873614316	2	2	1	18	1195000	0	17	1910	183	47	125	168	115	47	43	9	77	63	53	218
30729374_zpid	30729374_zpid	11214	2383 82nd St, Brooklyn, NY 11214	40.601768	-73.986982	0.0835090689867	9	0.324093067206	5	0.452587200853	3	3	2.5	1890	928000	10	3000	1925	75	13	20	35	28	54	28	26	16	8	4	96
30781884_zpid	30781884_zpid	11234	2044 E 64th St, Brooklyn, NY 11234	40.617006	-73.913431	0.249734669846	6	0.340646117659	1	3.38530015285	0	4	2.5	1512	415000	5	2100	1925	19	8	10	10	6	22	22	9	18	2	4	71
29846584_zpid	29846584_zpid	10465	259 Kearney Ave, Bronx, NY 10465	40.819058	-73.812744	0.374675133877	4	0.433479581142	1	3.40126578311	0	5	3.5	2914	510000	109	2625	1960	5	11	1	8	2	15	23	10	12	4	9	57
30667477_zpid	30667477_zpid	11226	1608 Beverley Rd, Brooklyn, NY 11226	40.64419	-73.96369	0.291821823028	9	0.305802198633	4	0.0683869981827	3	3	1	650	330000	32	2300	1938	442	73	268	257	265	28	23	19	62	76	10	343
29778671_zpid	29778671_zpid	10454	750 E 137th St, Bronx, NY 10454	40.803523	-73.912348	0.222662768247	4	0.565219528498	2	0.250115482102	2	2	3	1872	250000	16	1500	1920	49	5	15	33	18	11	10	7	12	10	7	68
30579804_zpid	30579804_zpid	11215	421 17th St, Brooklyn, NY 11215	40.660009	-73.984702	0.201464993107	13	0.0612201153559	6	0.41545017325	1	2	1	972	1275000	4	1202	1910	46	48	22	41	28	32	42	18	18	8	14	99
30794293_zpid	30794293_zpid	11229	103 Bartlett Pl, Brooklyn, NY 11229	40.59087	-73.92405	0.178776396051	2	1.31876304769	0	2.58311195409	0	2	2	1548	375000	22	1750	1920	4	24	4	60	0	4	116	44	80	4	16	136
29846602_zpid	29846602_zpid	10465	238B Throggs Neck Blvd, Bronx, NY 10465	40.8183599	-73.8129132	0.374824692409	4	0.434367215121	1	3.45650939187	0	5	3	3024	210000	171	2052	2001	24	40	4	28	20	48	84	48	44	24	36	252
29790990_zpid	29790990_zpid	10473	321 Newman Ave, Bronx, NY 10473	40.812171	-73.855163	0.466808972902	1	1.08988342334	0	2.39171900916	0	8	3	2325	371000	32	2786	1920	38	7	20	23	13	22	11	23	11	23	4	81
30607380_zpid	30607380_zpid	11206	542 Willoughby Ave, Brooklyn, NY 11206	40.693798	-73.947738	0.0743447667275	8	0.51686755224	5	0.217772327247	3	4	2	2332	84000	47	1767	1910	97	30	69	102	53	38	19	40	29	29	25	146
30776767_zpid	30776767_zpid	11236	1122 E 105th St, Brooklyn, NY 11236	40.6436599	-73.890765	0.511511202157	4	0.475526348368	3	0.993845357312	0	4	2	1960	480000	27	1568	1960	45	5	18	21	12	25	14	5	13	10	7	64
30666017_zpid	30666017_zpid	11226	208 Lenox Rd, Brooklyn, NY 11226	40.6537239	-73.952376	0.236173035313	8	0.0511930730525	5	0.398508886184	2	5	2	2685	690000	11	2537	1910	510	78	260	259	261	72	36	10	73	81	23	372
29825828_zpid	29825828_zpid	10467	3363 Olinville Ave, Bronx, NY 10467	40.875054	-73.86844	0.100378733666	7	0.186151368416	4	0.326055108114	3	6	2	2370	275000	24	4698	1910	231	30	93	99	94	35	24	8	36	31	16	179
29843735_zpid	29843735_zpid	10465	3175 Spencer Dr, Bronx, NY 10465	40.843198	-73.821672	0.682681597331	1	0.390861663137	1	1.00187451552	0	4	2	2132	10	66	13068.0	1954	2	11	4	3	0	12	30	15	6	0	1	31
30612612_zpid	30612612_zpid	11205	512 Dekalb Ave, Brooklyn, NY 11205	40.690592	-73.956003	0.112007214578	10	0.0504608482983	6	0.378540036177	2	3	2	1680	1400000	0	1668	1901	544	256	136	228	124	108	140	124	96	40	72	584
30667368_zpid	30667368_zpid	11226	1320 Beverley Rd, Brooklyn, NY 11226	40.643945	-73.96608	0.314584211525	9	0.369733378112	3	0.137316648829	2	6	5	3684	1815000	10	5000	1930	888	164	436	436	488	88	40	40	112	132	16	648
29850698_zpid	29850698_zpid	10464	650 City Island Ave, Bronx, NY 10464	40.855823	-73.791203	0.096693965607	1	3.1662613306	0	3.03870351505	0	5	3	2100	420000	9	8764	1910	0	32	0	8	0	8	24	76	16	4	8	40
30665840_zpid	30665840_zpid	11218	19 E 10th St, Brooklyn, NY 11218	40.647988	-73.970293	0.191094913759	9	0.855348465697	0	0.504626542624	3	5	2.5	2100	1300000	13	2000	1925	93	24	37	47	45	25	19	19	22	18	4	109
30581424_zpid	30581424_zpid	11217	415 Dean St, Brooklyn, NY 11217	40.682637	-73.9774283	0.139171825395	11	0.377363187158	2	0.163479867092	9	3	3	1968	3400000	0	2000	1910	316	516	152	188	120	192	188	276	160	80	128	900
30787826_zpid	30787826_zpid	11234	346 Whitman Dr, Brooklyn, NY 11234	40.606982	-73.90731	1.08780483785	0	1.15554190649	0	4.19720704797	0	4	2	2288	950000	0	4000	1960	2	4	1	4	0	7	7	14	12	3	1	23
30673317_zpid	30673317_zpid	11218	295 E 7th St, Brooklyn, NY 11218	40.644829	-73.972644	0.0932532587021	13	0.57031841158	7	0.600570972223	3	5	3	3120	1199000	7	2410	1901	115	37	40	65	41	51	32	32	27	15	8	184
79717999_zpid	79717999_zpid	10468	159 W 195th St, Bronx, NY 10468	40.870686	-73.902223	0.25720795347	6	0.172178206422	6	0.535482690183	1	5	3	1600	490000	0	1000	2006	425	28	136	134	144	36	14	9	49	45	16	223
30782083_zpid	30782083_zpid	11234	1571 E 66th St, Brooklyn, NY 11234	40.617775	-73.911096	0.0574816313495	7	0.154343096347	1	3.30832959854	0	3	2	1244	435000	35	1999	1930	17	12	12	15	7	21	21	11	22	2	6	70
30670803_zpid	30670803_zpid	11218	644 20th St, Brooklyn, NY 11218	40.6527632	-73.9793736	0.253464092572	7	0.471241809565	1	0.449258433321	1	5	3	2024	1950000	0	1667	1899	5	17	10	14	5	21	20	25	14	1	3	45
29821260_zpid	29821260_zpid	10469	2507 Tenbroeck Ave, Bronx, NY 10469	40.863187	-73.853223	0.526118469173	2	0.370375078235	3	0.517144330712	1	2	1.5	1400	250000	42	1698	1950	24	10	7	10	5	42	26	15	27	5	6	63
29791507_zpid	29791507_zpid	10473	450 Olmstead Ave, Bronx, NY 10473	40.815996	-73.8501299	0.140716757758	3	0.508577381569	2	2.0391251837	0	6	3	1100	330000	144	2238	1965	27	3	7	8	3	13	11	7	9	5	4	37
30790128_zpid	30790128_zpid	11235	2926 Brighton 12th St, Brooklyn, NY 11235	40.581341	-73.95593	0.18932147499	11	0.322458680693	8	0.609783996855	2	1	1	1831	485000	38	2200	1940	972	192	236	332	216	280	192	116	164	112	80	824
30669224_zpid	30669224_zpid	11226	1273 Rogers Ave, Brooklyn, NY 11226	40.638769	-73.950869	0.227933604596	5	0.24556907736	5	0.246771366132	3	9	5	2200	350000	1	2050	2003	240	80	108	103	92	42	26	12	19	48	7	169
29788267_zpid	29788267_zpid	10468	2732 Creston Ave, Bronx, NY 10468	40.8689449	-73.893304	0.23952515569	11	0.211860439619	8	0.219633337218	4	2	2	1148	304200	48	2178	1910	415	35	151	151	164	19	13	5	43	45	15	203
30791363_zpid	30791363_zpid	11235	168 Oxford St, Brooklyn, NY 11235	40.5790719	-73.938246	1.08727810132	0	1.37137168701	0	1.60237836005	0	3	3	2880	680000	105	2482	1935	8	20	0	24	0	48	44	12	32	4	4	72
30605706_zpid	30605706_zpid	11233	382 Macdonough St, Brooklyn, NY 11233	40.682168	-73.931399	0.0336868080737	9	0.028988241514	5	0.317223014295	1	6	4	3200	680000	46	1785	1901	120	63	87	121	66	13	24	8	35	28	21	164
30622037_zpid	30622037_zpid	11222	29 Van Dam St, Brooklyn, NY 11222	40.72575	-73.937212	0.38966693552	3	0.637849369276	1	1.19304263995	0	8	3	2651	191000	229	1950	1910	18	11	14	20	10	8	24	15	18	4	9	78
30755848_zpid	30755848_zpid	11229	1551 E 28th St, Brooklyn, NY 11229	40.613312	-73.946009	0.198563427702	2	0.677655601851	3	1.12335304835	0	5	1	1980	796500	12	4000	1915	43	5	20	16	9	21	27	11	17	3	2	68
30571030_zpid	30571030_zpid	11201	106 Bergen St, Brooklyn, NY 11201	40.686104	-73.989687	0.0699228201885	15	0.454277420295	3	0.0992898842759	7	4	4	2520	2700000	2	1808	1899	33	70	9	43	8	18	30	21	16	6	7	142
30732902_zpid	30732902_zpid	11224	2845 W 37th St, Brooklyn, NY 11224	40.575811	-74.002696	0.671287329139	1	0.187604581592	2	1.82356324018	0	9	3	2904	421000	5	2378	1920	49	18	16	42	14	4	18	8	16	14	1	62
30589817_zpid	30589817_zpid	11238	644 Franklin Ave, Brooklyn, NY 11238	40.676332	-73.956192	0.307973430935	13	0.563193307673	5	0.211597752647	7	3	1	3246	825000	30	1770	1930	129	111	50	63	61	33	19	19	31	21	19	143
30656958_zpid	30656958_zpid	11225	19 Palm Ct, Brooklyn, NY 11225	40.6605598	-73.9462922	0.350645231616	6	0.323701275992	6	0.45512797734	2	3	1.75	960	294640	49	1300	1930	268	49	105	111	111	39	25	13	25	38	10	176
30572828_zpid	30572828_zpid	11231	50 1st St, Brooklyn, NY 11231	40.678103	-73.991467	0.244013281755	9	0.419630292868	2	0.380207280437	3	3	2	2400	1425000	33	1728	1901	52	76	4	76	36	48	124	112	80	4	12	316
79727829_zpid	79727829_zpid	11236	9001 Farragut Rd, Brooklyn, NY 11236	40.643455	-73.909181	0.0910216267696	5	0.813449583635	0	0.714308769247	1	4	2.5	2080	190000	0	3362	1999	36	6	27	21	15	59	37	6	18	20	6	113
29781176_zpid	29781176_zpid	10474	1209 Gilbert Pl, Bronx, NY 10474	40.81807	-73.8881229	0.0230546834769	6	0.203528734316	4	0.380018742893	2	6	2	2548	649000	0	2500	1901	148	12	91	89	79	14	18	10	33	25	13	144
30618637_zpid	30618637_zpid	11211	115 Roebling St, Brooklyn, NY 11211	40.715171	-73.95591	0.107297129556	15	0.307340150886	4	0.322323974059	3	2	1	3500	899000	67	2500	1800	332	864	148	340	132	160	192	88	72	72	80	1040
30605385_zpid	30605385_zpid	11233	410 Macon St, Brooklyn, NY 11233	40.682588	-73.934422	0.207175781631	10	0.234079262385	5	0.475393893931	2	6	2.5	2560	1400000	26	2000	1899	82	49	63	79	50	5	21	4	24	20	16	114
30630658_zpid	30630658_zpid	11207	87 Cooper St, Brooklyn, NY 11207	40.6860519	-73.909408	0.311906353796	11	0.342157664864	3	0.362604563052	4	6	3	2880	558500	41	1611	1928	139	34	125	159	91	30	39	17	41	67	28	224
30591816_zpid	30591816_zpid	11213	926 Saint Marks Ave, Brooklyn, NY 11213	40.674498	-73.941466	0.101024902476	8	0.419818993146	7	0.58466209225	3	5	4.5	4008	1700000	10	2100	1901	281	70	124	138	122	35	25	9	43	59	22	263
29792124_zpid	29792124_zpid	10473	2060 Cicero Ave, Bronx, NY 10473	40.816901	-73.8514749	0.22763527402	3	0.48261729351	2	1.93418952954	0	5	2	2325	549000	0	2000	1987	42	9	12	13	10	15	11	7	12	9	6	53
29833280_zpid	29833280_zpid	10466	922 E 233rd St, Bronx, NY 10466	40.89107	-73.85084	0.0346909512047	5	0.447724840948	4	0.606145147185	1	6	3	2950	150000	154	1681	1931	79	7	41	29	29	86	32	8	25	15	15	99
30658865_zpid	30658865_zpid	11203	141 E 35th St, Brooklyn, NY 11203	40.651924	-73.944566	0.25744369943	4	0.500400848979	6	0.439825769748	2	2	1	800	555000	17	2000	1910	484	80	304	344	256	272	80	32	92	140	24	488
30668373_zpid	30668373_zpid	11226	459 E 19th St, Brooklyn, NY 11226	40.6395849	-73.959876	0.331253074811	9	0.319659644897	6	0.370599187413	3	5	2.5	3606	1815000	7	7110	1899	474	108	204	204	197	60	37	29	52	86	10	341
30601721_zpid	30601721_zpid	11233	17 Sherlock Pl, Brooklyn, NY 11233	40.676584	-73.906772	0.337255460735	5	0.325013075297	3	0.304018715651	8	4	2	1360	575000	0	1825	1910	145	17	97	128	82	32	28	16	43	57	20	145
29794353_zpid	29794353_zpid	10472	1039 Ward Ave, Bronx, NY 10472	40.825069	-73.876678	0.110840699998	7	0.37704221588	4	0.44359441426	2	5	3.5	3520	507000	11	2500	1930	510	50	169	185	162	40	22	5	51	66	19	270
30611399_zpid	30611399_zpid	11216	34 Herkimer St, Brooklyn, NY 11216	40.679538	-73.952084	0.242944121089	10	0.270317208145	9	0.230654705171	5	5	5	3200	1575000	8	1860	1899	288	166	124	168	142	26	50	24	52	60	46	267
30766984_zpid	30766984_zpid	11236	520 E 85th St, Brooklyn, NY 11236	40.64238	-73.915061	0.594333046729	5	0.807515129326	0	1.21306918563	0	4	2	1120	450000	0	2500	1925	28	3	17	11	7	34	28	7	22	5	5	75
30762985_zpid	30762985_zpid	11234	1587 E 48th St, Brooklyn, NY 11234	40.621911	-73.928855	0.171470095474	8	0.261044988678	2	1.99961207487	0	5	2	1980	390000	21	1800	1899	12	37	2	17	9	38	40	20	19	7	3	140
30614569_zpid	30614569_zpid	11238	856 Fulton St, Brooklyn, NY 11238	40.6833575	-73.9670996	0.218788030524	10	0.322536341362	4	0.0363332872715	4	4	3	2700	3200000	0	1584	1930	544	440	244	388	308	168	216	64	124	104	104	720
30574399_zpid	30574399_zpid	11232	123 32nd St, Brooklyn, NY 11232	40.65747	-74.0032504	0.145672795396	4	0.528984439338	2	0.348770128591	2	3	2	1251	494000	119	2504	1910	24	33	13	16	12	11	44	18	14	1	9	69
30789612_zpid	30789612_zpid	11235	3052 Brighton 6th St, Brooklyn, NY 11235	40.578313	-73.962031	0.153562038462	10	0.11716510112	5	0.0962904912889	2	10	6	2400	215000	311	2450	1925	736	276	256	368	212	288	208	100	168	128	104	1112
30601175_zpid	30601175_zpid	11233	148 Somers St, Brooklyn, NY 11233	40.67915	-73.905805	0.415026932758	6	0.461194062246	3	0.115827127862	9	6	3	1420	148600	8	1500	1899	504	48	404	476	324	44	112	40	140	208	72	484
29850955_zpid	29850955_zpid	10464	187 Fordham St, Bronx, NY 10464	40.847841	-73.784774	0.17630786561	3	3.32206445347	0	3.60795947258	0	2	2	504	324450	4	2461	1945	3	23	4	6	1	2	32	10	5	3	25	43
30661916_zpid	30661916_zpid	11203	506 E 43rd St, Brooklyn, NY 11203	40.643002	-73.936536	0.28159380716	5	0.779408115915	0	1.05844187235	0	2	2	1509	350000	21	2200	1940	24	5	8	14	11	35	16	3	18	7	2	67
30664332_zpid	30664332_zpid	11210	1534 Albany Ave, Brooklyn, NY 11210	40.635848	-73.93773	0.631800593929	2	0.682283766266	1	0.901983802913	0	3	2.5	1600	447000	4	2100	1920	21	5	32	32	42	11	13	6	16	13	3	82
29846690_zpid	29846690_zpid	10465	208 Throggs Neck Blvd, Bronx, NY 10465	40.817524	-73.812402	0.449251777423	4	0.507677942095	1	3.55755001053	0	2	2	960	345050	37	2265	1950	20	30	6	26	12	38	88	50	44	14	36	240
30779391_zpid	30779391_zpid	11236	1472 E 101st St, Brooklyn, NY 11236	40.635988	-73.887263	0.26647187683	6	0.421478691614	2	1.71113078149	0	3	2	1560	462000	5	3000	1960	18	9	13	10	0	12	11	9	14	4	2	47
30761717_zpid	30761717_zpid	11234	3837 Avenue M, Brooklyn, NY 11234	40.620788	-73.936802	0.322211542043	2	0.461882508261	1	1.62404838381	0	6	2	3384	850000	0	2900	1930	46	12	25	29	23	32	25	19	15	9	2	105
30778480_zpid	30778480_zpid	11236	1345 E 99th St, Brooklyn, NY 11236	40.637468	-73.890609	0.385364332605	7	0.140339944164	4	1.3954359182	0	5	3	1600	499999	28	2000	1960	26	10	24	22	2	26	16	13	17	7	2	67
29852904_zpid	29852904_zpid	10471	5041 Fieldston Rd, Bronx, NY 10471	40.8978059	-73.9018911	0.749837314353	1	0.835572467921	0	0.925892937811	0	4	3.5	2725	452500	237	6529	1925	64	4	24	28	24	20	60	12	28	0	16	60
29813730_zpid	29813730_zpid	10461	1067 Sackett Ave, Bronx, NY 10461	40.844685	-73.850655	0.204823332619	7	0.527640212792	3	0.836336566673	0	4	3	2400	528042	98	50	1931	102	11	30	42	17	36	30	22	20	10	5	107
30614071_zpid	30614071_zpid	11238	491 Classon Ave, Brooklyn, NY 11238	40.683922	-73.958726	0.299384394796	12	0.29491794469	6	0.407434357304	4	6	4	3670	2249500	0	1794	1899	416	628	236	404	240	120	176	68	152	64	148	672
30658509_zpid	30658509_zpid	11203	61 E 43rd St, Brooklyn, NY 11203	40.654553	-73.937182	0.371126559707	3	0.559194228693	1	1.12143791192	0	4	2.5	1683	410000	17	1800	1945	102	15	56	48	42	47	29	9	29	33	7	103
30710765_zpid	30710765_zpid	11228	1578 84th St, Brooklyn, NY 11228	40.611233	-74.006478	0.294651863937	10	0.158888774778	5	0.542063799426	2	4	2.5	1824	780000	28	19	1955	6	13	2	8	1	19	24	24	20	5	3	40
30784570_zpid	30784570_zpid	11234	1714 E 53rd St, Brooklyn, NY 11234	40.616527	-73.924003	0.296617943774	10	0.846505398209	0	2.69910434025	0	3	1	3000	440000	114	3000	1930	13	19	7	7	11	29	28	18	18	6	6	114
30709680_zpid	30709680_zpid	11214	2236 81st St, Brooklyn, NY 11214	40.604014	-73.99008	0.339310037504	10	0.351760544726	7	0.392636900176	2	5	3.5	2240	690000	47	3500	1920	436	68	128	208	156	272	180	152	80	44	32	600
30646574_zpid	30646574_zpid	11207	633 Alabama Ave, Brooklyn, NY 11207	40.660559	-73.894954	0.397073884455	1	0.150988601905	4	0.414521347342	4	9	5	3927	585100	15	3662	1924	208	15	123	115	115	30	45	13	37	56	16	226
30653254_zpid	30653254_zpid	11212	496 E 95th St APT 1, Brooklyn, NY 11212	40.655319	-73.916926	0.158895454191	9	0.444782483244	3	0.684704830827	1	7	4	3200	499000	57	3000	1930	1360	60	568	520	440	212	60	32	120	216	80	820
30610677_zpid	30610677_zpid	11216	22 Arlington Pl, Brooklyn, NY 11216	40.680992	-73.951588	0.30813588498	12	0.203595446777	9	0.164267034586	4	5	3.5	3724	2250000	22	1592	1899	238	164	109	152	113	30	51	22	58	62	42	266
29828149_zpid	29828149_zpid	10469	1028 E 215th St, Bronx, NY 10469	40.8776579	-73.855154	0.410289900903	5	0.636258429279	1	0.937235408463	0	5	3	2375	495000	8	2352	1899	76	7	41	70	48	60	13	9	27	25	15	107
30605989_zpid	30605989_zpid	11233	135 Bainbridge St, Brooklyn, NY 11233	40.6809779	-73.9322454	0.142459206901	9	0.13149397611	4	0.220601429226	2	7	4	3600	825000	38	2000	1910	111	57	79	103	58	13	25	6	30	28	20	154
30732444_zpid	30732444_zpid	11224	2705 W 36th St, Brooklyn, NY 11224	40.5796319	-74.002268	0.715952017127	1	0.251406888255	2	1.79541826356	0	3	2	1280	355000	107	2875	1984	42	13	11	30	12	3	13	4	14	12	2	42
83042101_zpid	83042101_zpid	11221	10 Stockholm St, Brooklyn, NY 11221	40.694868	-73.926964	0.285171344551	11	0.203813939378	6	0.230734089958	4	9	4	4375	499000	135	1698	2004	211	96	81	110	97	57	45	25	48	41	38	290
29853029_zpid	29853029_zpid	10471	244 W 256th St, Bronx, NY 10471	40.903541	-73.898644	0.283513437766	4	0.283636988897	3	1.30352090586	0	4	2.5	2200	605000	35	2250	1963	12	3	4	5	5	20	15	6	16	1	2	29
30567367_zpid	30567367_zpid	11201	13 Pineapple St, Brooklyn, NY 11201	40.6989517	-73.9954732	0.13155222801	14	0.277343653991	2	0.260661733604	3	7	3.5	3264	925000	305	2550	1830	39	81	15	23	16	7	37	20	17	6	9	105
30602388_zpid	30602388_zpid	11221	548 Kosciuszko St, Brooklyn, NY 11221	40.692604	-73.931914	0.206735563651	12	0.353174690289	4	0.274246735983	3	5	3	2584	905000	20	1667	1899	151	90	86	106	103	52	35	15	33	49	41	253
30788135_zpid	30788135_zpid	11234	260 Whitman Dr, Brooklyn, NY 11234	40.607441	-73.904603	1.14497644248	0	1.16395037949	0	4.37136357746	0	3	2.5	2422	860000	38	4283	1960	1	1	0	5	0	1	8	1	7	2	1	14
29795647_zpid	29795647_zpid	10472	1265 Evergreen Ave, Bronx, NY 10472	40.830475	-73.881822	0.309168332417	7	0.256269630263	2	0.30777442993	3	7	2	2592	440000	33	2613	1930	193	28	89	97	90	40	20	7	38	32	6	166
30603231_zpid	30603231_zpid	11221	740 Lexington Ave, Brooklyn, NY 11221	40.689888	-73.929533	0.25855707207	9	0.372303324123	3	0.389257427626	2	5	2.5	2142	711040	3	1700	1901	784	244	420	592	468	212	144	64	156	260	152	1140
30633647_zpid	30633647_zpid	11212	610 Osborn St, Brooklyn, NY 11212	40.656827	-73.905807	0.230269248611	4	0.195873146428	3	0.594407468619	2	4	1	3239	400000	70	2500	1930	82	13	60	60	47	28	25	8	41	16	8	137
30674398_zpid	30674398_zpid	11218	125 Cortelyou Rd, Brooklyn, NY 11218	40.638242	-73.977645	0.325755756001	6	0.0589527308215	12	0.242319548614	2	5	2.5	1900	527000	120	1440	1925	131	52	60	67	54	85	44	108	25	14	5	204
30602996_zpid	30602996_zpid	11221	950 Greene Ave, Brooklyn, NY 11221	40.6906109	-73.929838	0.222223900748	9	0.330633719244	3	0.31607169422	2	5	3	2565	990000	8	1900	1899	208	71	108	137	125	57	35	18	40	63	40	298
30746101_zpid	30746101_zpid	11229	2266 E 26th St, Brooklyn, NY 11229	40.596285	-73.945252	0.354127006764	8	0.444724176719	3	0.845526609898	0	4	2	1771	749000	0	2200	1940	26	21	12	25	17	27	34	24	23	7	5	93
30719083_zpid	30719083_zpid	11230	1487 E 9th St, Brooklyn, NY 11230	40.612774	-73.964568	0.250427723368	7	0.157293764013	3	0.693944616301	2	9	6	2207	1500000	22	4000	1915	196	68	80	140	112	248	144	84	120	28	8	484
30748166_zpid	30748166_zpid	11235	2423 E 23rd St, Brooklyn, NY 11235	40.59247	-73.946868	0.278433541894	12	0.528896034435	4	0.76609405813	0	5	4	3360	1090000	11	2500	1935	76	12	10	19	11	24	27	32	27	3	1	67
30593020_zpid	30593020_zpid	11216	616 Lincoln Pl, Brooklyn, NY 11216	40.671022	-73.95613	0.155466174907	10	0.442373981866	5	0.173136139286	6	4	5.5	2480	1900000	3	1240	1910	560	144	328	360	328	44	84	16	80	128	68	532
30730002_zpid	30730002_zpid	11214	53 Bay 40th St, Brooklyn, NY 11214	40.596245	-73.987353	0.182838103209	8	0.141185288649	6	0.168346079405	2	3	1.5	1674	660000	22	1775	1950	17	11	10	11	7	24	26	20	15	5	3	54
30740356_zpid	30740356_zpid	11235	2629 Hubbard St, Brooklyn, NY 11235	40.586291	-73.9626286	0.244420289143	8	0.57341377279	3	0.719505607943	1	3	2.5	1600	530000	5	1600	1930	132	72	80	112	40	172	176	124	72	32	28	348
30626131_zpid	30626131_zpid	11237	126 Wyckoff Ave, Brooklyn, NY 11237	40.7033764	-73.9180774	0.164236095342	12	0.0453253123563	6	0.0565779499479	5	2	1	4725	1890000	13	2441	1931	872	420	556	792	576	204	140	96	300	312	128	1304
30757606_zpid	30757606_zpid	11234	1715 E 35th St, Brooklyn, NY 11234	40.613939	-73.936914	0.596596196531	3	0.0911728881049	2	1.86098237963	0	3	1.5	1100	522000	6	1800	1935	16	56	28	44	12	108	104	88	148	20	8	272
30598370_zpid	30598370_zpid	11233	2416 Dean St, Brooklyn, NY 11233	40.674314	-73.907313	0.24933751871	6	0.414618254333	5	0.373990066675	7	4	2	824	530000	117	1790	1925	408	36	268	404	248	92	84	52	120	152	56	424
30599797_zpid	30599797_zpid	11233	543 Bainbridge St, Brooklyn, NY 11233	40.682992	-73.915311	0.145327494915	6	0.269492658285	3	0.383828639837	4	2	1	2700	455000	132	2000	1910	210	39	153	172	130	27	38	16	49	89	16	233
30778733_zpid	30778733_zpid	11236	1328 E 105th St, Brooklyn, NY 11236	40.640273	-73.887008	0.729795401124	2	0.570042970072	1	1.44090912451	0	4	1.5	1620	399000	7	2600	1955	20	1	14	15	7	4	12	4	12	3	2	47
29787589_zpid	29787589_zpid	10458	360 E 194th St, Bronx, NY 10458	40.863597	-73.890808	0.402530338046	10	0.124556093436	8	0.238294735099	5	4	1	2640	170000	258	4450	1930	529	66	212	225	278	29	19	4	71	75	26	378
30574487_zpid	30574487_zpid	11232	206A 32nd St, Brooklyn, NY 11232	40.655459	-74.000767	0.190739385878	4	0.593496526913	2	0.33178437755	2	7	2	2800	565000	87	2000	1925	24	30	13	18	11	8	32	14	14	1	9	66
30667283_zpid	30667283_zpid	11218	235 Stratford Rd, Brooklyn, NY 11218	40.642938	-73.968251	0.140267262792	10	0.30582634428	4	0.348062740933	2	5	3	2700	2500000	8	5000	1930	111	38	47	48	27	36	20	23	22	11	8	155
30772093_zpid	30772093_zpid	11236	8902 Avenue M, Brooklyn, NY 11236	40.633076	-73.899142	0.376879796664	5	0.259347556795	3	1.52870730852	0	6	3	2500	683000	6	2500	1930	45	17	25	29	10	56	22	13	24	9	8	88
29828765_zpid	29828765_zpid	10469	1135 E 219th St, Bronx, NY 10469	40.879913	-73.851339	0.392834804053	7	0.468235713973	2	1.05243398625	0	4	2	2125	257500	2	2501	1950	84	22	39	66	57	56	14	9	31	19	7	97
30698450_zpid	30698450_zpid	11209	102 82nd St, Brooklyn, NY 11209	40.627603	-74.036071	0.520682636068	6	0.927844663053	0	0.848386719188	0	5	3	1800	1125000	9	4000	1925	28	40	8	36	12	100	124	96	40	12	8	192
30775247_zpid	30775247_zpid	11236	1250 E 95th St, Brooklyn, NY 11236	40.640462	-73.900373	0.206090270808	7	0.443276334319	1	0.700489435719	1	3	1	1872	209000	237	4642	1925	56	17	25	22	20	48	26	9	17	17	8	96
30626071_zpid	30626071_zpid	11221	232 Central Ave, Brooklyn, NY 11221	40.697325	-73.92433	0.238177535574	14	0.17413528986	8	0.265537492181	3	9	3	2100	638600	98	2055	1998	528	228	252	368	252	208	88	76	172	140	96	728
30682921_zpid	30682921_zpid	11204	1649 Bay Ridge Ave, Brooklyn, NY 11204	40.619181	-73.995974	0.248862306955	9	0.301737589961	6	0.248384639043	4	4	2.5	2332	521344	19	3497	1930	160	68	80	208	72	148	104	148	72	40	24	360
30575521_zpid	30575521_zpid	11220	242 45th St, Brooklyn, NY 11220	40.6511126	-74.0130499	0.114828626178	7	0.290529273443	8	0.353041423189	2	4	2	2400	695000	20	1736	1910	29	15	25	37	14	12	26	7	15	8	4	66
30719634_zpid	30719634_zpid	11204	1566 W 2nd St, Brooklyn, NY 11204	40.609142	-73.976327	0.178995550672	12	0.35632703474	7	0.286178541681	5	3	5	1316	620000	29	2000	1920	564	72	108	112	124	236	52	80	40	24	24	328
