30716603_zpid	30716603_zpid	11230	1025 E 10th St, Brooklyn, NY 11230	40.624013	-73.965749	0.115412377028	5	0.307154761956	5	0.442418822538	2	7	3	3187	996800	36	3000	1930	98	19	40	47	49	34	47	30	21	16	6	139
30727470_zpid	30727470_zpid	11229	1760 E 19th St, Brooklyn, NY 11229	40.607228	-73.954388	0.273587249393	4	0.310597045263	3	0.331400251424	1	4	2.5	2694	1050000	16	4000	1930	179	37	53	53	65	76	62	43	19	19	3	194
30581445_zpid	30581445_zpid	11217	392 Dean St, Brooklyn, NY 11217	40.682519	-73.978345	0.0968946042606	12	0.345716105181	3	0.133581126631	9	2	1	2040	1833000	30	2000	1910	69	130	37	44	28	45	50	67	41	20	29	224
30794066_zpid	30794066_zpid	11229	54 Dare Ct, Brooklyn, NY 11229	40.5885534	-73.9224712	0.16010305461	2	1.48410184147	0	2.68480715555	0	2	1	720	150000	28	1800	2013	8	12	4	60	0	4	128	44	96	8	20	160
30737871_zpid	30737871_zpid	11223	2242 West St, Brooklyn, NY 11223	40.593949	-73.971157	0.255455306572	6	0.637630522549	1	0.299936080615	3	4	3	3120	988000	2	2000	1920	240	52	68	124	36	188	124	152	116	24	24	472
30566605_zpid	30566605_zpid	11217	355 Pacific St, Brooklyn, NY 11217	40.686985	-73.986485	0.139703913833	14	0.562400766309	3	0.227866695451	9	5	3	3440	4545000	10	2000	1901	26	61	6	30	11	26	40	14	19	14	12	93
30730231_zpid	30730231_zpid	11214	133 Bay 35th St, Brooklyn, NY 11214	40.596889	-73.992676	0.377369975815	9	0.402292641571	6	0.502476727294	2	2	1	858	500000	10	1289	1925	91	12	40	45	32	71	42	25	26	13	2	121
30666359_zpid	30666359_zpid	11226	608 Ocean Ave, Brooklyn, NY 11226	40.647986	-73.9610809	0.256070209605	8	0.355504161595	2	0.325257950242	2	1	1	5808	3381737	11	5700	1920	516	74	352	298	350	39	41	16	76	100	14	457
30716639_zpid	30716639_zpid	11230	1165 Ocean Pkwy, Brooklyn, NY 11230	40.6201172	-73.9690622	0.394043887855	5	0.383462935527	4	0.529025752007	2	3	1	1274	750000	16	3005	1930	41	13	12	22	17	35	54	21	25	4	3	78
30745789_zpid	30745789_zpid	11229	2231 E 19th St, Brooklyn, NY 11229	40.596375	-73.951772	0.267979318188	12	0.259507789204	5	0.312819200667	2	3	3	2086	710000	20	3222	1945	100	23	30	33	46	56	43	34	27	14	6	142
29777072_zpid	29777072_zpid	10455	461 Brook Ave, Bronx, NY 10455	40.812742	-73.916531	0.596648428433	2	0.0753143163113	8	0.388784649282	2	5	3	3000	281500	28	2000	1991	27	12	21	31	17	10	13	3	13	7	5	101
30690545_zpid	30690545_zpid	11219	1417 Bay Ridge Ave, Brooklyn, NY 11219	40.6222179	-74.001043	0.211624522734	8	0.298078772384	2	0.345747214659	3	4	3	2484	998000	7	1441	1920	172	32	52	60	36	148	112	108	40	24	28	308
30788344_zpid	30788344_zpid	11234	2217 E 64th St, Brooklyn, NY 11234	40.614569	-73.9099279	0.267174553425	5	0.300421445904	1	3.63629909494	0	1	1	4320	144547	146	5000	1955	8	48	20	28	16	72	40	32	44	0	12	164
64787257_zpid	64787257_zpid	10469	961 E 212th St, Bronx, NY 10469	40.876446	-73.857314	0.233087811631	6	0.717533915142	1	0.773984466925	0	7	5	3552	495000	17	1920	2002	69	5	31	54	30	56	14	8	28	26	15	83
29789006_zpid	29789006_zpid	10470	15 E 235th St, Bronx, NY 10470	40.897067	-73.875744	0.275694009158	1	0.702613636627	1	1.09600427961	0	3	2.5	2210	470000	32	3000	1925	11	3	4	6	1	12	5	6	1	3	0	21
30760454_zpid	30760454_zpid	11210	1170 E 40th St, Brooklyn, NY 11210	40.626652	-73.937684	0.264247713143	2	0.804225470789	0	1.0870451412	0	9	2.25	1536	450000	69	2500	1910	316	40	148	160	116	176	164	72	80	60	44	360
30646795_zpid	30646795_zpid	11207	731 New Jersey Ave, Brooklyn, NY 11207	40.661427	-73.891357	0.138926454279	4	0.191499798844	5	0.465601288201	3	15	3	2988	415500	131	2000	1920	246	17	148	136	134	27	47	11	49	82	16	258
30608452_zpid	30608452_zpid	11216	225 Lexington Ave, Brooklyn, NY 11216	40.687618	-73.953383	0.104431527843	10	0.292065624384	5	0.300144519567	2	3	2	2100	460000	140	1667	1899	468	464	284	404	260	128	108	52	100	160	140	828
30567659_zpid	30567659_zpid	11201	36 Grace Ct, Brooklyn, NY 11201	40.6940761	-73.9976094	0.0914286490518	14	0.507127854526	4	0.53680148414	4	1	1	4210	3325000	94	1889	1915	47	81	21	25	15	11	49	32	22	8	12	137
29853702_zpid	29853702_zpid	10471	6045 Spencer Ave, Bronx, NY 10471	40.909037	-73.899105	0.448857026066	5	0.449761031969	6	1.38342719757	0	6	4	2295	590000	21	4500	1925	12	10	7	10	5	17	27	10	16	2	4	43
30673087_zpid	30673087_zpid	11218	312 E 2nd St, Brooklyn, NY 11218	40.64382	-73.978782	0.0516998751294	11	0.148980606638	8	0.0795798403836	2	3	3	1377	1100000	14	2218	1910	548	140	172	264	196	224	224	144	80	72	60	812
29847347_zpid	29847347_zpid	10465	3176 Giegerich Pl, Bronx, NY 10465	40.81414	-73.802818	0.954657061847	0	1.39866485151	0	4.3487952718	0	3	1.25	1750	420000	6	4000	1950	0	4	1	2	0	3	11	6	5	0	1	17
30759602_zpid	30759602_zpid	11210	1085 E 40th St, Brooklyn, NY 11210	40.6287809	-73.937327	0.46475454386	3	0.67280204865	1	0.981416852481	0	3	1.5	1770	424000	56	4000	1955	70	7	32	38	24	36	30	17	18	15	11	87
30765344_zpid	30765344_zpid	11234	1781 E 48th St, Brooklyn, NY 11234	40.617076	-73.928337	0.185911270724	6	0.755278967703	0	2.39548135746	0	3	1	1728	419000	0	1850	1930	17	54	6	10	7	36	37	22	13	6	4	135
30730478_zpid	30730478_zpid	11214	150 Bay 40th St, Brooklyn, NY 11214	40.594673	-73.989693	0.407927300175	8	0.383169310805	4	0.415270658633	1	3	1	1764	639000	27	1740	1965	22	7	14	20	7	34	33	25	22	8	3	74
30626812_zpid	30626812_zpid	11221	1120 Greene Ave, Brooklyn, NY 11221	40.693225	-73.923871	0.26735901712	9	0.255850069702	5	0.417410426737	4	4	4	3060	200000	16	1700	1901	205	68	86	116	94	48	40	19	62	43	30	271
30663105_zpid	30663105_zpid	11210	733 E 38th St, Brooklyn, NY 11210	40.637533	-73.9401369	0.666353491144	4	0.692475300322	2	0.749616901727	1	2	2	1216	399000	14	1600	1940	480	32	388	352	352	124	40	12	112	108	20	612
29843533_zpid	29843533_zpid	10465	1364 Stadium Ave, Bronx, NY 10465	40.840507	-73.8196169	0.634828113063	2	0.598029493045	2	1.29692224304	0	5	3	3000	700000	126	8000	1950	4	11	8	2	2	4	30	14	7	2	2	35
30771661_zpid	30771661_zpid	11236	1341 E 80th St, Brooklyn, NY 11236	40.629374	-73.903555	0.891669902447	0	0.735420250282	1	1.92898521616	0	8	4	3920	630000	32	49	1960	176	20	64	76	36	196	92	28	108	20	32	224
30782352_zpid	30782352_zpid	11234	2035 E 73rd St, Brooklyn, NY 11234	40.621829	-73.906829	0.577216154005	1	0.55558848698	1	2.79533303749	0	3	2	924	310000	49	2003	1925	72	8	32	28	24	104	64	36	68	8	8	196
29776964_zpid	29776964_zpid	10454	439 E 143rd St, Bronx, NY 10454	40.8118709	-73.919047	0.471488257299	4	0.22533908589	7	0.459568526569	3	5	3	2500	260000	9	4499	1910	168	24	64	88	69	9	11	10	25	21	13	157
29780403_zpid	29780403_zpid	10455	756 Kelly St, Bronx, NY 10455	40.8172039	-73.898712	0.230311964943	10	0.133285629357	7	0.227575650372	4	11	4	3591	420000	34	2482	1910	187	11	58	84	48	19	16	6	26	28	15	154
30731829_zpid	30731829_zpid	11214	2867 Cropsey Ave # 3B, Brooklyn, NY 11214	40.5849172	-73.9867958	0.410999676775	3	0.284030983634	1	0.506397296973	1	2	1	990	154000	196	18295.2	1989	7	6	8	14	5	12	14	11	9	3	2	22
29840705_zpid	29840705_zpid	10475	2134 Reeds Mill Ln, Bronx, NY 10475	40.881254	-73.83186	0.580392749544	1	0.283226806994	3	0.547005248811	1	3	2	788	269000	17	7263	1915	4	3	8	16	8	13	15	10	7	4	2	54
30789540_zpid	30789540_zpid	11235	3032 Brighton 4th St, Brooklyn, NY 11235	40.578373	-73.964013	0.180427959344	9	0.129894141963	7	0.244400199038	2	7	3	2808	460000	19	2500	1925	143	61	84	105	66	67	47	22	50	28	26	277
29820101_zpid	29820101_zpid	10469	1627 Pelham Pkwy N, Bronx, NY 10469	40.857808	-73.838902	0.553034551562	2	0.671455751615	1	1.13300749547	0	3	3	2300	695000	0	4051	1950	4	1	1	1	0	4	22	4	4	0	1	17
30722828_zpid	30722828_zpid	11223	1894 W 7th St, Brooklyn, NY 11223	40.601133	-73.9796261	0.108549095784	6	0.463545686225	4	0.316599488811	4	4	3	1930	835000	18	1271	1965	208	64	104	88	72	344	96	244	92	32	24	364
30713957_zpid	30713957_zpid	11214	1715 Cropsey Ave, Brooklyn, NY 11214	40.603778	-74.0091	0.159966028124	6	0.207838212659	5	0.776814120608	0	3	3	1292	629000	0	1698	1920	15	19	12	26	6	37	19	45	17	2	3	75
30789440_zpid	30789440_zpid	11235	45 Brighton 1st Ln, Brooklyn, NY 11235	40.5773384	-73.9659784	0.0534141712433	7	0.208566468961	8	0.241964616731	2	6	4	1530	665000	88	1800	1910	384	156	240	316	232	184	128	48	172	76	72	872
30673972_zpid	30673972_zpid	11218	405 E 7th St, Brooklyn, NY 11218	40.6419659	-73.972103	0.188186254549	14	0.291476635359	7	0.680261365723	3	4	4	1825	800000	28	3354	1925	169	59	63	81	54	59	41	63	31	20	12	206
30637128_zpid	30637128_zpid	11207	79 Hendrix St, Brooklyn, NY 11207	40.680423	-73.891075	0.208970424351	4	0.136650415126	4	0.297758684598	3	4	2	2350	365000	37	1667	1901	104	43	70	79	57	67	48	36	46	33	12	168
30705988_zpid	30705988_zpid	11228	1361 76th St, Brooklyn, NY 11228	40.61889	-74.006262	0.228200093521	7	0.307350090489	3	0.629935828103	1	3	1	1478	720000	24	2267	1920	44	40	36	108	44	192	212	192	80	8	12	312
30650162_zpid	30650162_zpid	11208	1013 Hemlock St, Brooklyn, NY 11208	40.6636447	-73.8659411	0.507051822507	1	0.159875092176	4	1.40594125609	0	5	3	1602	539000	24	2600	1920	20	3	6	10	3	8	18	3	5	6	1	45
30764838_zpid	30764838_zpid	11234	1348 E 58th St, Brooklyn, NY 11234	40.621518	-73.919662	0.254495580114	10	0.669046680297	1	2.67874371816	0	4	3	1680	629000	0	1600	1950	6	6	8	8	10	40	27	21	20	8	9	113
30722810_zpid	30722810_zpid	11223	1842 W 7th St, Brooklyn, NY 11223	40.60227	-73.9798327	0.162336663849	8	0.346969337352	4	0.189192645678	3	3	1.5	1254	755000	8	1409	1930	276	104	152	96	116	364	120	248	96	48	28	384
30773703_zpid	30773703_zpid	11236	1053 E 96th St, Brooklyn, NY 11236	40.645023	-73.903144	0.161493670661	5	0.992147134625	0	0.211920780212	2	3	3	1284	323000	25	3493	1920	55	10	23	33	20	64	22	10	9	20	8	92
30788484_zpid	30788484_zpid	11234	2406 E 65th St, Brooklyn, NY 11234	40.611638	-73.907867	0.633543284022	2	0.637023406407	1	3.93097095669	0	3	2.5	2560	850000	13	6200	1965	1	14	2	5	1	10	7	10	10	1	0	31
30756481_zpid	30756481_zpid	11234	1521 E 36th St, Brooklyn, NY 11234	40.617655	-73.939787	0.488284316753	3	0.0538299010265	4	1.6572071909	0	4	3.5	1472	445000	141	2100	1925	24	14	18	22	11	34	22	20	26	6	3	97
30719083_zpid	30719083_zpid	11230	1487 E 9th St, Brooklyn, NY 11230	40.612774	-73.964568	0.250427723368	6	0.157293764013	3	0.693944616301	2	9	6	2207	1500000	22	4000	1915	196	68	80	140	112	248	144	84	120	28	8	484
30692530_zpid	30692530_zpid	11209	6916 4th Ave, Brooklyn, NY 11209	40.6343087	-74.023927	0.018707457126	14	0.00771693642561	4	0.0867697591907	2	6	2	3623	870000	130	1476	1935	97	28	39	43	31	18	31	35	21	15	6	136
30608529_zpid	30608529_zpid	11221	487 Lexington Ave, Brooklyn, NY 11221	40.688858	-73.942589	0.281732763966	9	0.182965042159	3	0.770171794275	0	6	3	3200	680000	34	2000	1899	756	204	384	548	380	108	120	40	148	208	104	852
30776888_zpid	30776888_zpid	11236	10545 Flatlands 4th St, Brooklyn, NY 11236	40.644082	-73.888811	0.530565533179	2	0.496229796361	3	1.13793827369	0	5	3	2750	220000	262	2230	1960	27	3	10	10	12	14	10	2	11	6	6	41
30567315_zpid	30567315_zpid	11201	72 Middagh St, Brooklyn, NY 11201	40.700004	-73.992374	0.107760841659	13	0.271362962559	2	0.103510333363	4	3	1	3300	3175000	34	2519	1899	26	73	11	28	13	11	37	22	19	8	7	98
30774663_zpid	30774663_zpid	11236	10106 Flatlands Ave, Brooklyn, NY 11236	40.645565	-73.897195	0.390508433757	6	0.24154266663	2	0.411441493872	2	3	2	880	330000	64	2000	1960	62	7	27	23	18	51	20	7	16	16	9	105
30720576_zpid	30720576_zpid	11223	1615 W 6th St, Brooklyn, NY 11223	40.60768	-73.979277	0.347809212085	12	0.286440243691	6	0.42799966932	3	3	1.5	2100	750000	13	2150	1925	356	76	164	96	120	248	56	128	64	52	12	320
30623103_zpid	30623103_zpid	11211	60 Devoe St, Brooklyn, NY 11211	40.7131624	-73.9490422	0.121062656199	14	0.19630268618	6	0.0944522272775	4	4	2	1800	899000	36	1013	1901	50	134	31	69	28	34	50	16	20	13	15	202
30769420_zpid	30769420_zpid	11236	964 E 87th St, Brooklyn, NY 11236	40.637417	-73.906977	0.237207165963	9	0.440876644674	2	1.11573496984	0	3	3	1152	439900	128	3400	1935	45	6	17	16	9	79	29	13	26	9	8	105
30681544_zpid	30681544_zpid	11204	1658 64th St, Brooklyn, NY 11204	40.621508	-73.992968	0.305837195884	5	0.374437702569	4	0.235055817839	4	7	4	3280	1150000	5	2700	1931	42	17	23	43	11	42	43	92	20	9	7	111
30676170_zpid	30676170_zpid	11230	251 Parkville Ave, Brooklyn, NY 11230	40.631754	-73.970111	0.326683808572	8	0.310926416075	4	0.618305347835	2	5	1	1600	300000	32	3405	1915	79	34	50	42	42	57	38	46	23	17	13	149
30757193_zpid	30757193_zpid	11229	1719 Burnett St, Brooklyn, NY 11229	40.6106	-73.9419999	0.280773970346	3	0.483399852759	1	1.35361823974	0	3	4	1374	585000	31	3100	1920	23	4	12	18	8	10	15	14	9	2	2	55
30732236_zpid	30732236_zpid	11224	3712 Bayview Ave, Brooklyn, NY 11224	40.580708	-74.004467	0.554994249947	1	0.427724326791	1	1.97047263791	0	4	2	1520	460000	105	2000	1985	32	8	4	17	8	2	10	2	9	5	2	32
29788204_zpid	29788204_zpid	10468	3191 Grand Concourse, Bronx, NY 10468	40.876669	-73.886086	0.19543289344	9	0.172292379611	4	0.3635096557	4	6	2	3190	370000	24	1961	1910	216	7	59	41	34	6	6	0	17	15	7	71
30613437_zpid	30613437_zpid	11238	328 Greene Ave, Brooklyn, NY 11238	40.68741	-73.957828	0.278678833173	13	0.363504696252	7	0.249676095967	4	5	4	3008	2720000	15	1297	1901	78	76	50	60	35	14	22	13	29	12	20	101
30698091_zpid	30698091_zpid	11209	8117 Colonial Rd, Brooklyn, NY 11209	40.627842	-74.034796	0.43044120258	7	0.921556753639	0	0.788363503959	0	3	1.5	1888	1175000	0	2291	1935	52	112	12	44	12	116	144	100	44	16	8	308
30641924_zpid	30641924_zpid	11208	97 Grant Ave, Brooklyn, NY 11208	40.688694	-73.868199	0.171243065765	6	0.356213437986	6	0.306136749701	2	4	2.5	1186	449000	10	2000	1910	47	24	33	46	29	39	22	9	23	18	3	100
30733252_zpid	30733252_zpid	11224	2860 W 27th St, Brooklyn, NY 11224	40.576594	-73.993725	0.435693922228	1	0.195364322593	5	1.06022228413	0	3	1.5	1344	398500	23	1652	1989	260	68	164	168	100	16	76	12	84	76	24	416
55541129_zpid	55541129_zpid	10458	705 E 183rd St, Bronx, NY 10458	40.85213	-73.8851572	0.215030461739	12	0.213054644137	2	1.13386294919	0	6	3	2000	465000	0	1725	2000	312	66	106	132	131	14	21	8	40	51	16	209
30570621_zpid	30570621_zpid	11231	37 4th Pl, Brooklyn, NY 11231	40.678806	-74.000479	0.215647988585	12	0.439986019298	3	0.541413178979	2	3	2.5	2520	2745000	0	2000	1899	152	180	88	164	60	72	232	108	48	44	44	688
29780118_zpid	29780118_zpid	10459	850 E 167th St, Bronx, NY 10459	40.825967	-73.898059	0.230256106086	5	0.227722164942	5	0.428601762672	3	5	3	1680	480000	4	2299	1993	150	35	97	125	103	18	16	6	27	44	22	196
29842449_zpid	29842449_zpid	10461	2829 Maitland Ave, Bronx, NY 10461	40.840882	-73.835987	0.265586778486	3	0.79871817449	0	0.333040466259	3	2	2	1197	349900	77	2613	1933	67	17	19	17	13	41	22	19	11	8	3	82
30612811_zpid	30612811_zpid	11238	109 Clifton Pl, Brooklyn, NY 11238	40.688319	-73.959596	0.26281288192	10	0.257709053826	6	0.0735127415288	3	3	2.5	1400	2050000	13	1000	1915	260	296	152	236	124	48	76	52	116	40	72	376
30665387_zpid	30665387_zpid	11225	159 Winthrop St, Brooklyn, NY 11225	40.65703	-73.954815	0.1342776703	12	0.270524583785	8	0.40708674718	3	2	1	1938	1325000	14	5300	1901	976	216	520	416	324	108	132	64	176	168	24	660
30748321_zpid	30748321_zpid	11235	2472 E 28th St, Brooklyn, NY 11235	40.591808	-73.942509	0.177051906298	13	0.24808873921	3	1.12615493524	0	3	2.5	2548	655000	29	2025	1946	55	16	16	12	8	24	24	29	22	2	1	67
30717203_zpid	30717203_zpid	11230	1244 E 10th St, Brooklyn, NY 11230	40.61875	-73.965343	0.0985704922924	6	0.24321536107	6	0.517827019289	1	4	3	2016	700000	34	2233	1920	111	7	33	52	45	46	60	18	30	12	4	133
30775755_zpid	30775755_zpid	11236	10571 Flatlands 2nd St, Brooklyn, NY 11236	40.6459799	-73.89012	0.293151242357	3	0.259647717884	3	0.941843277791	0	6	2.5	2142	418700	135	30	1960	38	5	14	15	12	13	12	2	10	6	7	56
30786975_zpid	30786975_zpid	11234	2065 E 54th St, Brooklyn, NY 11234	40.61175	-73.920669	0.444192106656	2	1.13064402944	0	3.15779176286	0	7	3	3220	680000	109	2748	1965	9	5	8	9	6	28	18	14	14	4	6	91
30621073_zpid	30621073_zpid	11222	175 Eckford St, Brooklyn, NY 11222	40.7253619	-73.9499699	0.161710879604	14	0.388853245025	4	0.136775511839	2	3	2	1553	2380000	11	1667	1901	42	86	21	41	15	36	34	32	19	17	13	199
30666889_zpid	30666889_zpid	11226	115 Veronica Pl, Brooklyn, NY 11226	40.647414	-73.9524239	0.223173131323	5	0.344531587208	7	0.390021633989	2	2	2	1640	150000	215	2651	1920	323	44	133	136	90	86	38	18	30	60	30	253
79723967_zpid	79723967_zpid	11233	52 Mother Gaston Blvd, Brooklyn, NY 11233	40.680109	-73.908678	0.229176483167	5	0.275678630683	4	0.252289335634	8	4	2	2932	470000	34	1000	2005	176	18	139	157	108	33	33	12	45	66	22	164
30716324_zpid	30716324_zpid	11230	1310 Coney Island Ave, Brooklyn, NY 11230	40.6256818	-73.9656238	0.293773620649	7	0.327122913454	4	0.412201525548	2	2	1	2600	370000	310	2000	1934	137	24	57	59	60	37	40	38	23	19	8	146
30664441_zpid	30664441_zpid	11225	140 Lincoln Rd, Brooklyn, NY 11225	40.660871	-73.958026	0.214487402563	11	0.292137929728	8	0.365894085909	3	6	4	3646	1265000	68	5250	1915	440	105	193	168	179	20	46	23	66	58	16	307
30702145_zpid	30702145_zpid	11209	335 99th St, Brooklyn, NY 11209	40.613979	-74.033806	0.0563535215975	8	0.278615101127	3	0.326937023042	1	3	1.5	1737	720000	42	1742	1955	158	29	21	21	25	50	37	38	7	10	5	102
30760429_zpid	30760429_zpid	11210	1237 E 39th St, Brooklyn, NY 11210	40.626569	-73.938035	0.342591153506	1	0.791788575212	0	1.0702609135	0	3	1.5	1344	559000	0	2200	1920	316	40	148	160	116	196	164	76	92	64	48	376
30705515_zpid	30705515_zpid	11228	1528 74th St, Brooklyn, NY 11228	40.617606	-74.001852	0.0727523841553	11	0.320872098282	4	0.335373624797	2	5	3	3024	1228000	0	2000	1925	8	4	9	18	10	35	23	35	12	2	1	60
29778576_zpid	29778576_zpid	10452	1198 Dr Martin L King Jr Blvd, Bronx, NY 10452	40.837837	-73.927275	0.119782853122	4	0.223411533314	5	0.55712063638	1	4	4	3055	335000	20	2834	1924	1312	160	580	604	632	148	80	32	276	220	96	948
30639066_zpid	30639066_zpid	11208	163 Atkins Ave, Brooklyn, NY 11208	40.675209	-73.87886	0.281424096488	9	0.186494390902	6	0.199722491458	4	7	2	1292	590000	12	3188	1950	174	21	95	112	83	52	46	15	44	62	18	213
30619648_zpid	30619648_zpid	11222	203 Freeman St, Brooklyn, NY 11222	40.734796	-73.953367	0.183679160639	11	0.355478744933	3	0.520963495085	1	4	3	1200	130000	194	2500	1899	74	81	55	58	37	40	34	23	22	20	11	197
30620478_zpid	30620478_zpid	11222	200 Guernsey St, Brooklyn, NY 11222	40.72748	-73.9546639	0.0390656433425	15	0.144924660669	4	0.301191624028	2	4	2	1680	765000	79	1500	1901	63	83	21	46	26	46	34	26	20	13	11	181
30702916_zpid	30702916_zpid	11204	1934 Bay Ridge Ave, Brooklyn, NY 11204	40.614852	-73.989711	0.163982097358	10	0.311895859792	8	0.487661069239	3	7	3	3300	1525000	0	3001	1915	240	68	120	212	104	236	152	128	100	40	32	604
30652846_zpid	30652846_zpid	11203	355 E 48th St, Brooklyn, NY 11203	40.653177	-73.932199	0.189365838117	6	0.193565588637	3	1.4903285853	0	2	1	3280	9000000	6	3000	1930	185	21	79	70	85	66	40	7	41	37	15	185
99340396_zpid	99340396_zpid	11236	556 E 86th St, Brooklyn, NY 11236	40.6423211	-73.913521	0.47424847536	5	0.787892079852	0	1.09747065057	0	6	3	4048	475000	0	2570	2009	38	5	25	16	10	47	28	5	22	12	6	90
30631950_zpid	30631950_zpid	11212	113 Osborn St, Brooklyn, NY 11212	40.6696894	-73.9086494	0.0612038383884	6	0.0677140977045	8	0.564686093462	1	2	2.5	3600	480000	0	1250	1940	83	11	26	37	31	11	24	7	14	14	15	116
30654176_zpid	30654176_zpid	11203	558 E 48th St, Brooklyn, NY 11203	40.648156	-73.93221	0.361520908094	8	0.24547817878	3	1.45504714599	0	2	4	971	305824	2	1760	1940	128	13	48	44	52	35	26	1	15	26	9	133
30636808_zpid	30636808_zpid	11207	37 Ridgewood Ave, Brooklyn, NY 11207	40.6825476	-73.8876836	0.433989485351	7	0.407773233236	5	0.387129117296	3	4	3	1502	142500	6	871200	1901	38	28	32	34	24	35	27	14	26	10	4	66
30752710_zpid	30752710_zpid	11210	1931 New York Ave, Brooklyn, NY 11210	40.625499	-73.943423	0.297663952978	4	0.4221769922	3	0.891141309049	0	3	1	1446	498500	14	1900	1935	134	14	67	57	52	82	53	22	33	17	10	143
30740081_zpid	30740081_zpid	11235	2566 Hubbard St, Brooklyn, NY 11235	40.5874949	-73.96334	0.23478770427	8	0.720281766882	2	0.779337337629	0	3	2	2038	670000	37	2090	1955	20	12	9	14	8	38	42	20	14	7	4	66
30713705_zpid	30713705_zpid	11228	178 Bay 10th St, Brooklyn, NY 11228	40.607495	-74.01275	0.137833667301	7	0.568718061187	2	0.932215726446	0	4	3	1635	697000	40	2134	1955	7	6	3	10	2	23	27	27	22	2	5	50
30747684_zpid	30747684_zpid	11235	1217 Doone Ct, Brooklyn, NY 11235	40.59064	-73.95815	0.279183814925	13	0.462465124571	4	0.536433705318	2	1	1	480	600000	18	3998	1920	164	56	28	84	52	148	108	104	68	28	8	264
30759016_zpid	30759016_zpid	11234	4811 Avenue I, Brooklyn, NY 11234	40.630654	-73.929639	0.164303398511	5	0.796698299498	0	1.54019525118	0	3	1.5	1656	420000	14	2500	1935	34	14	18	27	12	43	28	20	21	14	4	79
30762698_zpid	30762698_zpid	11234	1139 E 59th St, Brooklyn, NY 11234	40.625383	-73.918593	0.275581828324	6	0.500362541337	2	2.59064592229	0	6	4	2525	670000	122	2356	1955	88	28	88	56	52	208	76	124	68	68	24	396
30615118_zpid	30615118_zpid	11205	158 Washington Park, Brooklyn, NY 11205	40.692914	-73.97346	0.0804670374549	9	0.0626345612555	3	0.630589109388	2	4	2.5	2660	1307700	122	2130	1867	204	240	112	128	92	132	72	64	92	64	40	472
30688296_zpid	30688296_zpid	11219	1368 58th St, Brooklyn, NY 11219	40.628775	-73.995854	0.361341875174	3	0.432819792804	4	0.271035576119	3	4	2.5	2475	900000	32	2100	1940	50	6	20	20	25	36	71	42	14	7	7	118
30610740_zpid	30610740_zpid	11216	101 Macon St, Brooklyn, NY 11216	40.681557	-73.947264	0.122070141617	10	0.0979957723387	7	0.234294217489	5	6	4	3600	1500000	18	2000	1899	1092	400	556	800	568	188	224	92	264	324	124	1208
29792023_zpid	29792023_zpid	10473	538 Bolton Ave, Bronx, NY 10473	40.816647	-73.857766	0.567226464692	2	0.560633829417	1	1.85091606978	0	3	2	1800	340000	79	26136.0	1925	33	9	7	30	9	28	13	16	16	10	7	70
