30607938_zpid	30607938_zpid	11216	188 Kosciuszko St, Brooklyn, NY 11216	40.690854	-73.9472229	0.27174784651	11	0.467788879567	4	0.382820714059	2	6	2.5	2139	999000	0	1875	1899	84	36	39	56	51	15	17	6	20	26	16	104
30670732_zpid	30670732_zpid	11218	64 Terrace Pl, Brooklyn, NY 11218	40.653949	-73.979359	0.28084782136	8	0.348693404398	2	0.553033601178	2	3	2	1930	1412500	11	2033	1930	4	56	32	44	16	80	60	96	52	0	8	156
30671105_zpid	30671105_zpid	11218	68 E 4th St, Brooklyn, NY 11218	40.650996	-73.978169	0.254916044471	9	0.644062557112	2	0.242645810961	1	4	3	1971	999000	19	1908	1920	112	92	64	112	64	132	108	120	68	12	16	272
30734258_zpid	30734258_zpid	11223	1950 W 10th St, Brooklyn, NY 11223	40.599472	-73.9822159	0.208647312533	7	0.429007041557	6	0.342408105561	3	7	2	2300	998000	4	2300	1925	33	17	12	21	9	47	31	44	15	8	4	69
30729302_zpid	30729302_zpid	11214	2327 80th St, Brooklyn, NY 11214	40.603668	-73.987078	0.297042402412	8	0.474134025412	6	0.569084539278	3	4	4	2544	1450000	9	3500	1925	80	7	21	36	29	50	26	25	15	8	5	64
30634061_zpid	30634061_zpid	11207	82 Williams Ave, Brooklyn, NY 11207	40.674317	-73.900663	0.377081225567	5	0.579071265536	5	0.235210611724	8	3	3	1402	300000	28	1559	1901	26	6	28	38	25	10	22	10	12	8	5	61
30788759_zpid	30788759_zpid	11234	2655 E 63rd St, Brooklyn, NY 11234	40.608078	-73.911756	0.856763526661	0	1.03887760281	0	3.85913250622	0	3	2	1152	549000	0	2100	1960	3	6	2	7	3	19	4	27	21	2	1	31
30662214_zpid	30662214_zpid	11203	747 E 46th St, Brooklyn, NY 11203	40.643077	-73.933065	0.125959177319	5	0.795211730732	0	1.34169934281	0	3	2	1368	299000	12	1800	1930	29	14	11	14	10	33	22	7	18	11	3	92
30694623_zpid	30694623_zpid	11209	7314 6th Ave, Brooklyn, NY 11209	40.629596	-74.019963	0.232541653454	14	0.257473474819	6	0.468915439937	2	5	3	2100	980000	2	1785	1915	31	16	22	29	11	30	44	42	22	8	4	103
30766658_zpid	30766658_zpid	11234	631 E 59th St, Brooklyn, NY 11234	40.63842	-73.919977	0.395469088842	5	0.595626082864	2	1.78453990863	0	3	4	3375	649000	0	2000	1925	60	8	4	16	8	20	32	8	40	8	4	88
30647304_zpid	30647304_zpid	11208	726 Shepherd Ave, Brooklyn, NY 11208	40.66648	-73.8784686	0.146052836617	6	0.307288363749	3	0.443506829499	1	5	3	2192	585000	0	2500	1930	94	9	79	77	56	24	37	10	24	34	16	148
30588249_zpid	30588249_zpid	11215	586 11th St, Brooklyn, NY 11215	40.664094	-73.97983	0.0518632670363	13	0.271411916658	7	0.245639176232	2	4	3	2521	1895000	45	1858	1899	53	56	24	40	17	20	49	34	21	6	9	122
29814921_zpid	29814921_zpid	10461	1718 Tenbroeck Ave, Bronx, NY 10461	40.850582	-73.84788	0.547558769014	3	0.693572281718	1	1.12091743854	0	4	3	1800	390000	33	2500	1927	42	12	5	19	8	27	27	8	21	3	2	66
30604753_zpid	30604753_zpid	11233	499 Halsey St, Brooklyn, NY 11233	40.683979	-73.932906	0.051354110971	9	0.232440898901	4	0.54562152351	1	4	4	2544	1320000	15	2000	1899	85	54	67	96	44	9	23	6	23	22	17	126
30731856_zpid	30731856_zpid	11214	1725 Shore Pkwy, Brooklyn, NY 11214	40.594157	-73.996022	0.441046777953	3	0.656995407502	1	0.871620077433	0	6	2.5	3430	810000	72	1001880	1960	25	5	15	20	9	33	25	11	13	9	2	58
29790417_zpid	29790417_zpid	10473	1026A Harding Park, Bronx, NY 10473	40.807671	-73.856645	0.936421679832	0	1.56327368737	0	2.81003463686	0	2	1	1300	125000	236	4434	1945	76	36	76	60	36	44	56	44	24	52	12	220
30662524_zpid	30662524_zpid	11203	648 E 40th St, Brooklyn, NY 11203	40.639767	-73.939102	0.50328210762	3	0.855897564397	0	0.786658148405	0	3	2	1280	440000	119	2000	1930	83	9	35	34	33	36	23	6	16	21	4	95
30629956_zpid	30629956_zpid	11207	1166 Halsey St, Brooklyn, NY 11207	40.690437	-73.9102319	0.148469839437	8	0.679748700843	2	0.554360862795	2	7	3.5	3240	660000	12	1800	1925	115	31	85	108	81	22	24	17	39	57	21	193
30759721_zpid	30759721_zpid	11210	1063 E 42nd St, Brooklyn, NY 11210	40.628983	-73.935398	0.159315147269	9	0.805261853133	0	1.11980393969	0	4	3	1568	511500	11	2000	1901	19	1	13	20	7	26	14	13	13	5	7	50
2144155349_zpid	2144155349_zpid	11225	220 Rogers Ave, Brooklyn, NY 11225	40.6683606	-73.9536025	0.237018284026	12	0.44714531807	5	0.25217762344	5	8	3	3807	2299000	0	1269	1930	461	76	188	203	186	23	20	9	51	84	25	256
30783164_zpid	30783164_zpid	11234	2375 E 74th St, Brooklyn, NY 11234	40.616608	-73.899906	0.903857942534	0	0.806275655062	0	3.34873507899	0	3	2	2400	725000	2	5000	1960	8	44	8	24	0	12	60	32	36	4	12	140
30674001_zpid	30674001_zpid	11218	214 E 9th St, Brooklyn, NY 11218	40.643245	-73.970932	0.0712260974998	12	0.348800596763	5	0.554388131063	3	1	1	650	780000	9	2000	1910	608	208	224	296	184	184	144	108	116	72	40	752
30608000_zpid	30608000_zpid	11205	522 Lafayette Ave, Brooklyn, NY 11205	40.689309	-73.954111	0.166446503854	10	0.235569564574	6	0.223736961394	2	5	2	2880	700000	37	2003	1901	112	42	21	36	21	21	22	21	13	10	13	98
30788094_zpid	30788094_zpid	11234	113 Barlow Dr S, Brooklyn, NY 11234	40.608904	-73.904636	0.994881980643	0	1.01181610682	0	4.20889764689	0	3	2	2450	1139000	0	4800	1955	0	1	1	5	0	3	9	3	7	2	1	19
30692845_zpid	30692845_zpid	11209	7012 Narrows Ave, Brooklyn, NY 11209	40.637259	-74.034574	0.3788016085	4	0.625798861476	1	0.979685528943	0	2	1	2790	660000	117	2078	1925	34	3	6	12	6	25	15	66	9	3	1	37
30729998_zpid	30729998_zpid	11214	63 Bay 40th St, Brooklyn, NY 11214	40.596089	-73.987517	0.204726609066	8	0.160798946886	6	0.18895249174	2	3	1	1746	537000	53	1740	1950	60	44	40	44	24	100	108	80	60	20	12	220
30746244_zpid	30746244_zpid	11229	2202 E 28th St, Brooklyn, NY 11229	40.597943	-73.943664	0.168637681498	6	0.232647932656	2	1.01711534022	0	4	2.5	2061	686000	22	1800	1940	68	64	36	52	36	72	144	100	88	12	20	420
30631328_zpid	30631328_zpid	11207	1581 Bushwick Ave, Brooklyn, NY 11207	40.681658	-73.9038099	0.261408258504	4	0.470184084608	1	0.134264784364	9	5	3	2515	245000	163	1564	1920	40	15	38	45	30	9	14	13	9	13	5	88
30738839_zpid	30738839_zpid	11223	2349 E 1st St, Brooklyn, NY 11223	40.591561	-73.969182	0.0871996936145	6	0.691062293713	1	0.47981997613	2	5	2	2928	625000	35	2000	1920	42	11	17	23	10	42	41	39	15	5	5	97
2099815688_zpid	2099815688_zpid	11210	1223 East 40th Street, Brooklyn, NY 11210	40.625312	-73.936745	0.235133870998	1	0.841078661934	0	1.24462185804	0	3	3	1800	599000	0	3367	1935	61	7	28	33	20	35	34	9	19	11	9	71
30782871_zpid	30782871_zpid	11234	2246 E 73rd St, Brooklyn, NY 11234	40.6181089	-73.903446	0.603661560599	1	0.513287628107	1	3.18048525259	0	5	4	2450	775000	4	4000	1970	44	40	24	44	20	56	88	40	72	8	16	248
30624545_zpid	30624545_zpid	11206	106 Manhattan Ave, Brooklyn, NY 11206	40.70606	-73.9444199	0.101193728433	12	0.324738930325	7	0.35081835611	5	3	1.5	4440	308750	134	2475	1930	79	184	38	57	38	12	38	13	24	14	7	167
29798851_zpid	29798851_zpid	10460	1799 Mansion St, Bronx, NY 10460	40.838198	-73.8675839	0.126062584121	9	0.277679585794	5	0.645380636517	2	6	2.5	2024	405000	80	1250	1901	242	20	89	110	113	53	23	12	40	52	19	165
30676355_zpid	30676355_zpid	11230	238 Parkville Ave, Brooklyn, NY 11230	40.631369	-73.969906	0.305587482582	8	0.328196634693	6	0.620832282761	3	5	3	3500	1099900	0	2003	1925	78	36	49	44	45	63	40	49	24	17	13	156
30793486_zpid	30793486_zpid	11229	24 Cyrus Ave, Brooklyn, NY 11229	40.588137	-73.925336	0.329857793114	2	1.26067522711	0	2.44019916959	0	3	1.5	1256	370000	115	1799	1930	2	3	2	15	0	1	31	10	20	1	4	36
30791289_zpid	30791289_zpid	11235	131 Langham St, Brooklyn, NY 11235	40.5799949	-73.940823	0.87732368635	0	1.26753034454	0	1.36402976117	0	2	2	1980	90000	270	2000	1935	36	28	16	56	32	48	52	20	64	4	4	104
72670726_zpid	72670726_zpid	11236	661 E 104th St, Brooklyn, NY 11236	40.6489057	-73.8974557	0.228034416679	4	0.285542478667	3	0.252633630941	2	4	2	1760	365200	4	1598	2005	96	24	68	68	4	100	40	16	36	28	16	252
29791557_zpid	29791557_zpid	10473	418 Torry Ave, Bronx, NY 10473	40.8152029	-73.848916	0.174798354387	3	0.564277543666	2	2.13602409007	0	3	2	1944	325000	28	1949	1965	15	4	6	5	3	13	9	7	8	4	3	32
30618638_zpid	30618638_zpid	11211	111 Roebling St, Brooklyn, NY 11211	40.715277	-73.955795	0.113828932224	14	0.316478073038	4	0.316000989469	3	2	1	1100	200000	174	2500	1910	83	211	35	84	33	40	49	22	19	15	20	255
29824487_zpid	29824487_zpid	10469	2903 Dewitt Pl, Bronx, NY 10469	40.868061	-73.847066	0.323464527994	2	0.96708633044	0	0.172893461408	1	2	1	1520	240000	36	1524	1950	35	16	18	22	15	38	23	11	23	16	5	74
29780132_zpid	29780132_zpid	10459	855 E 167th St, Bronx, NY 10459	40.826439	-73.897651	0.28773823183	6	0.28447056214	5	0.467620039805	3	4	2	2520	410000	125	2461	1901	160	39	96	115	96	23	14	8	23	43	22	196
30670692_zpid	30670692_zpid	11215	1511 11th Ave, Brooklyn, NY 11215	40.65828	-73.97517	0.257554369971	9	0.262132737471	3	0.474476702626	1	7	3	3560	2350000	19	1757	1920	36	52	20	12	12	44	24	12	20	4	4	68
29850220_zpid	29850220_zpid	10464	30 Earley St, Bronx, NY 10464	40.842343	-73.787699	0.224095097354	3	3.22285639232	0	3.52025229488	0	3	3	2619	625000	136	5662	2014	64	40	20	24	12	8	124	40	36	12	76	132
30606203_zpid	30606203_zpid	11233	313 Bainbridge St, Brooklyn, NY 11233	40.681989	-73.924121	0.507006137681	7	0.361379699958	3	0.423508595029	2	6	3	2048	939000	10	1999	1899	192	79	117	154	101	27	27	17	54	68	27	236
30793758_zpid	30793758_zpid	11229	6 Gotham Ave, Brooklyn, NY 11229	40.589009	-73.928111	0.504294019889	2	1.00854652633	0	2.214208894	0	3	1	2700	230000	206	1680	1920	1	3	1	13	1	1	23	9	18	1	3	31
30664487_zpid	30664487_zpid	11225	222 Lincoln Rd, Brooklyn, NY 11225	40.661047	-73.955214	0.39481516008	10	0.441360793822	6	0.414008362987	3	3	1	2910	60000	228	2100	1910	538	110	212	176	176	33	45	20	52	69	24	297
29812343_zpid	29812343_zpid	10460	1125 E Tremont Ave, Bronx, NY 10460	40.840193	-73.876124	0.369307283585	3	0.261607245928	1	0.291781382227	2	9	3	3150	1375000	0	2726	1800	108	16	29	38	43	14	8	4	17	13	10	79
30690623_zpid	30690623_zpid	11220	426 60th St, Brooklyn, NY 11220	40.640201	-74.017872	0.109507265599	9	0.139868176544	5	0.12924416472	3	9	11	2900	1750000	0	2000	1910	556	200	208	252	208	104	216	148	184	92	16	680
30789322_zpid	30789322_zpid	11235	29 Brighton 7th Ct, Brooklyn, NY 11235	40.5810897	-73.9613385	0.104961281934	9	0.149421722052	5	0.381293695038	1	3	1	1408	386000	97	1435	1910	192	56	60	83	46	84	56	32	45	32	26	247
30584770_zpid	30584770_zpid	11215	230 9th St, Brooklyn, NY 11215	40.6705759	-73.989767	0.13295974247	12	0.410744084071	3	0.0198759213079	3	3	1	2220	800000	45	1568	1899	63	81	29	55	25	35	59	38	30	20	19	217
30667356_zpid	30667356_zpid	11218	341 Westminster Rd, Brooklyn, NY 11218	40.640853	-73.966905	0.27111533288	8	0.218906817839	6	0.254725733494	3	6	3.5	2506	915000	46	5650	1899	77	35	36	37	16	39	21	26	15	7	5	126
30701290_zpid	30701290_zpid	11209	356 92nd St, Brooklyn, NY 11209	40.618584	-74.031251	0.161358727092	12	0.131020854579	5	0.268092980202	2	3	3.5	2658	780000	43	3185	1910	127	52	36	41	36	80	42	27	8	10	9	187
29854643_zpid	29854643_zpid	10471	670 W 261st St, Bronx, NY 10471	40.910965	-73.906392	0.520530185675	4	0.485837656954	2	1.01381178487	0	6	2.5	2244	835000	17	10149	1940	4	5	3	7	5	5	13	3	3	3	2	27
30634878_zpid	30634878_zpid	11207	415 Pennsylvania Ave, Brooklyn, NY 11207	40.667165	-73.894304	0.158049991185	6	0.237378494798	10	0.28602526554	5	3	1	3000	510000	46	2000	1901	175	20	113	123	131	21	46	10	45	42	16	196
30707143_zpid	30707143_zpid	11228	1466 77th St, Brooklyn, NY 11228	40.616664	-74.004955	0.234304000381	10	0.4622648785	4	0.508710363919	2	6	4	2098	999000	0	2667	1925	6	10	5	17	5	37	33	39	16	3	2	66
29822549_zpid	29822549_zpid	10469	2563 Tiemann Ave, Bronx, NY 10469	40.864301	-73.838218	0.466874878057	3	0.294409200872	1	0.900491537265	0	3	3	1946	4250000	29	2178	1950	10	10	3	5	1	13	22	13	14	2	2	45
30773325_zpid	30773325_zpid	11236	9514 Foster Ave, Brooklyn, NY 11236	40.647252	-73.906919	0.277543094759	3	0.997190163418	0	0.433283723679	2	6	3	2160	500000	15	2387	1925	31	6	19	30	16	41	25	6	7	16	6	78
30638422_zpid	30638422_zpid	11207	176 Van Siclen Ave, Brooklyn, NY 11207	40.6758138	-73.8912265	0.379995915155	7	0.417390868532	4	0.221328016034	5	9	3	3000	610000	7	1999	1900	464	100	352	448	316	356	164	120	172	208	76	964
30793220_zpid	30793220_zpid	11229	2323 Plumb 1st St, Brooklyn, NY 11229	40.596243	-73.932021	0.386859077908	7	0.580909007714	1	1.95910278347	0	2	2	1100	357500	50	1800	1925	36	60	0	20	8	28	76	28	72	12	8	156
30694667_zpid	30694667_zpid	11209	638 73rd St, Brooklyn, NY 11209	40.62877	-74.018787	0.305949151385	12	0.358420243072	6	0.578205072383	1	3	2	2000	650000	16	20	1901	17	13	10	27	15	23	33	39	18	3	3	84
29794311_zpid	29794311_zpid	10472	1036 Wheeler Ave, Bronx, NY 10472	40.824668	-73.878913	0.211197162267	6	0.443496444773	3	0.436621559617	3	4	2	1740	210000	5	1999	1949	483	42	153	163	146	42	26	6	47	61	16	264
30581456_zpid	30581456_zpid	11217	414 Dean St, Brooklyn, NY 11217	40.682249	-73.977636	0.100249526502	12	0.330793518277	3	0.186289195777	10	4	4.5	2988	1525000	29	2178	1910	320	552	148	192	128	184	192	280	160	80	124	864
30779574_zpid	30779574_zpid	11236	1481 E 104th St, Brooklyn, NY 11236	40.637536	-73.884439	0.543906629983	5	0.650943463519	2	1.78693806766	0	3	2	1440	354100	12	2125	1960	60	12	48	40	8	16	24	16	48	8	8	120
29833129_zpid	29833129_zpid	10466	925 E 229th St, Bronx, NY 10466	40.888663	-73.851968	0.220018480921	8	0.418069833336	4	0.684767335433	2	7	5	2562	285000	167	43560	1920	104	15	46	42	31	93	19	6	28	19	15	91
30666010_zpid	30666010_zpid	11226	735 Rogers Ave, Brooklyn, NY 11226	40.653309	-73.952344	0.253284282315	8	0.0679659861579	5	0.360620990164	2	2	1.5	3684	450000	38	2981	1931	512	76	258	254	264	74	35	10	73	82	23	379
30766202_zpid	30766202_zpid	11236	8616 Avenue B, Brooklyn, NY 11236	40.647695	-73.918561	0.306041096148	5	0.894134473805	0	1.41619400828	0	3	2	1767	346000	8	3079	1945	13	3	10	10	8	19	18	6	8	6	4	48
30656763_zpid	30656763_zpid	11203	967 E 49th St, Brooklyn, NY 11203	40.637829	-73.9296169	0.319613372379	7	1.03181772559	0	1.60532521079	0	7	2	1408	620000	2	2000	1910	29	9	7	15	12	34	24	10	17	8	5	77
30733512_zpid	30733512_zpid	11224	2845 W 20th St, Brooklyn, NY 11224	40.577594	-73.98678	0.274751429863	2	0.362252894653	4	0.469390231508	1	6	4	2886	789000	0	2134	1848	240	52	120	148	108	64	120	48	40	76	16	304
30636566_zpid	30636566_zpid	11207	32 Sunnyside Ct, Brooklyn, NY 11207	40.6831729	-73.889739	0.495710963485	4	0.41089522324	4	0.560639420933	2	5	3	2000	595000	18	1600	1901	52	26	34	33	28	38	27	19	27	10	6	74
30650413_zpid	30650413_zpid	11212	24 E 92nd St, Brooklyn, NY 11212	40.663367	-73.929603	0.253386070501	11	0.126582761085	6	0.600853799694	2	3	1.5	1540	285000	28	1600	1955	444	20	204	212	160	104	32	16	60	80	32	452
30666181_zpid	30666181_zpid	11226	156 Martense St, Brooklyn, NY 11226	40.651211	-73.953765	0.453839657225	10	0.190516533975	7	0.356238685015	2	8	3	3282	1200000	0	2400	1915	504	82	238	238	240	88	34	23	67	76	22	380
30655533_zpid	30655533_zpid	11236	656 E 95th St, Brooklyn, NY 11236	40.652234	-73.913494	0.359137563035	6	0.648124719298	1	1.05377266189	0	5	3	2585	535000	16	2000	1940	47	4	15	24	23	35	17	8	6	10	3	74
30624144_zpid	30624144_zpid	11211	18 Sharon St, Brooklyn, NY 11211	40.715062	-73.93823	0.322996093685	8	0.443926560998	2	0.397475203358	2	3	1.5	1700	1490000	15	1800	1950	24	119	12	38	17	25	31	11	22	12	17	133
30663601_zpid	30663601_zpid	11203	1406 Schenectady Ave, Brooklyn, NY 11203	40.6383129	-73.932208	0.387747121912	7	1.22045848647	0	1.38103319152	0	4	2	1440	385000	49	2000	1930	33	10	12	17	13	38	26	9	20	14	6	95
30623387_zpid	30623387_zpid	11211	321 Humboldt St # A, Brooklyn, NY 11211	40.71293	-73.94268	0.115257890722	10	0.12272622048	4	0.215749952096	4	3	2.5	1360	625000	42	875	1910	37	86	18	56	29	32	44	6	24	14	18	176
30765147_zpid	30765147_zpid	11234	1724 Hendrickson St, Brooklyn, NY 11234	40.6168367	-73.9321361	0.171371954434	8	0.604342505823	3	2.21098130653	0	4	2.25	2248	419210	110	2000	1920	28	168	8	40	12	132	128	84	72	24	4	472
79721378_zpid	79721378_zpid	10467	723 E 211th St, Bronx, NY 10467	40.87766	-73.8647079	0.199216652056	7	0.0959399343287	2	0.142581616233	4	5	4	2787	425000	39	958	2006	212	16	77	73	69	46	26	3	36	34	17	156
30760892_zpid	30760892_zpid	11234	1421 E 48th St, Brooklyn, NY 11234	40.626405	-73.929338	0.23839378633	9	0.352538646141	1	1.70407089859	0	3	2	1400	475000	7	2500	1920	25	16	10	17	7	46	28	17	23	2	3	81
29832279_zpid	29832279_zpid	10466	774 E 233rd St, Bronx, NY 10466	40.892266	-73.855015	0.0454154752369	6	0.256211141024	2	0.231154460001	4	5	2.75	2736	332000	65	1644	1901	230	21	120	89	130	91	27	7	42	52	17	210
30634451_zpid	30634451_zpid	11207	314 Pennsylvania Ave, Brooklyn, NY 11207	40.6697318	-73.8956581	0.107348767473	5	0.0795454942088	9	0.534902953938	4	5	3	2400	407000	19	5000	1910	460	64	412	432	428	84	136	36	128	136	80	740
30758985_zpid	30758985_zpid	11234	1691 Schenectady Ave, Brooklyn, NY 11234	40.631193	-73.930769	0.273065771757	5	0.884224476437	0	1.43713714912	0	3	1	886	380000	118	5000	1920	29	10	18	23	12	36	23	17	17	13	3	71
29820383_zpid	29820383_zpid	10469	2321 Vance St, Bronx, NY 10469	40.859966	-73.831727	0.916281388155	0	0.450407868755	1	0.874882421607	0	3	1.5	1500	400000	4	2800	1950	1	3	1	0	0	1	7	1	2	0	2	11
30614201_zpid	30614201_zpid	11216	102 Madison St, Brooklyn, NY 11216	40.683937	-73.955034	0.230538042876	10	0.142121363368	7	0.341145591619	5	5	2	1716	425000	11	1667	1905	147	119	67	81	58	25	35	15	22	33	45	196
30786794_zpid	30786794_zpid	11234	2130 Hendrickson St, Brooklyn, NY 11234	40.610186	-73.924786	0.460731756415	1	1.17482380928	0	2.79635551166	0	3	4	2916	850000	6	4000	1960	24	36	12	28	16	116	92	68	56	16	28	312
30730060_zpid	30730060_zpid	11214	35 Bay 41st St, Brooklyn, NY 11214	40.596148	-73.986275	0.172149918352	9	0.166003073938	6	0.179431244967	2	15	19	7683	465000	205	4283	2013	11	11	6	11	6	20	22	14	14	5	2	42
29846203_zpid	29846203_zpid	10465	732 Vincent Ave, Bronx, NY 10465	40.829675	-73.817031	0.531348002412	5	0.587414593599	2	2.26588154894	0	5	2	2024	560000	29	5000	1920	24	12	12	48	0	48	52	128	60	4	16	160
29840960_zpid	29840960_zpid	10465	1179 Ellsworth Ave, Bronx, NY 10465	40.836784	-73.82324	0.32244315796	4	0.292575123079	1	1.35454675288	0	3	1.5	1776	490000	79	2375	1965	6	7	8	5	7	6	26	11	9	4	4	35
29844573_zpid	29844573_zpid	10465	1031 Hollywood Ave, Bronx, NY 10465	40.833136	-73.824413	0.305474561246	4	0.40075015506	2	1.5594483766	0	5	2	2084	478000	9	4191	1920	6	14	7	11	7	17	26	26	11	3	4	45
