30647425_zpid	30647425_zpid	11207	508 Hegeman Ave, Brooklyn, NY 11207	40.6592775	-73.8926373	0.397304920572	3	0.25745126606	5	0.560191810143	2	3	1	3116	395000	29	2423	1930	128	16	81	73	75	29	43	12	30	44	10	171
30788883_zpid	30788883_zpid	11234	2684 E 66th St, Brooklyn, NY 11234	40.606603	-73.910593	1.03537496332	0	1.18820832561	0	3.916999816	0	4	3	2116	730000	3	3950	1960	3	5	1	6	3	17	5	28	21	2	1	29
30702378_zpid	30702378_zpid	11209	1 Jackson Ct, Brooklyn, NY 11209	40.611601	-74.032706	0.236013277794	6	0.554958508531	2	0.524144839565	1	3	3	1782	885000	6	1318	1940	38	13	12	11	10	30	25	25	5	6	4	46
29831791_zpid	29831791_zpid	10466	645 E 227th St, Bronx, NY 10466	40.890072	-73.861644	0.166478353184	4	0.375390560305	2	0.253182816006	4	7	3	2860	460000	14	2854	1950	319	19	129	135	153	72	20	6	41	72	15	219
29833454_zpid	29833454_zpid	10466	1050 E 226th St, Bronx, NY 10466	40.884962	-73.849767	0.143907042619	6	0.130191486126	3	0.952858822638	0	9	3	1919	245000	12	2725	1930	53	9	23	17	15	57	10	4	28	16	11	63
30735331_zpid	30735331_zpid	11223	2033 W 10th St, Brooklyn, NY 11223	40.597494	-73.981258	0.301605199577	6	0.198459935874	5	0.179292504997	5	3	2	1024	660000	5	2000	1930	132	84	40	96	36	176	120	168	72	28	16	308
29828304_zpid	29828304_zpid	10469	1046 E 218th St, Bronx, NY 10469	40.879494	-73.853402	0.480248198065	8	0.570195334826	2	0.92101180419	0	4	1.5	992	354000	7	1742	1930	106	20	55	75	61	66	11	8	34	22	11	106
30642498_zpid	30642498_zpid	11208	143 Grant Ave, Brooklyn, NY 11208	40.687547	-73.867894	0.153479779018	8	0.271276618867	6	0.42525597023	3	8	5	2800	260000	163	2160	1899	55	28	39	55	32	50	25	10	29	22	3	118
30625445_zpid	30625445_zpid	11221	165 Central Ave, Brooklyn, NY 11221	40.699017	-73.926322	0.0150935483267	17	0.0925603698867	5	0.157816612322	3	2	1	4125	550000	107	2700	1931	102	47	46	68	41	37	18	14	31	29	18	147
30789120_zpid	30789120_zpid	11235	52 Brighton 2nd Ln, Brooklyn, NY 11235	40.5794107	-73.9654199	0.261480316965	6	0.295649110917	7	0.400590942487	2	3	2	1450	314000	52	1800	1930	488	220	304	404	252	224	156	88	200	96	92	1000
30595008_zpid	30595008_zpid	11225	397 Rogers Ave, Brooklyn, NY 11225	40.6632006	-73.9536048	0.292421586944	11	0.245813937834	5	0.2381568697	3	6	4	3000	1399000	0	1800	1925	492	88	186	165	178	24	34	17	49	74	18	288
30783098_zpid	30783098_zpid	11234	2365 E 72nd St, Brooklyn, NY 11234	40.615951	-73.901528	0.780315620685	0	0.681410704895	1	3.4179505819	0	6	3.5	1870	723000	40	4000	1965	2	13	2	6	0	4	17	9	11	1	3	45
30672695_zpid	30672695_zpid	11218	68 Kermit Pl, Brooklyn, NY 11218	40.6484184	-73.9723948	0.145676224112	13	0.778872119384	0	0.323799280387	1	7	3	2404	570000	49	1611	1920	102	30	44	53	51	26	24	28	28	20	7	119
30635566_zpid	30635566_zpid	11207	635 New Jersey Ave, Brooklyn, NY 11207	40.663671	-73.892444	0.15580603418	6	0.21763671327	7	0.233130544075	3	7	4	3360	600000	4	2334	1930	1228	88	744	692	724	128	192	48	204	336	84	1272
29795686_zpid	29795686_zpid	10472	1240 Colgate Ave, Bronx, NY 10472	40.829649	-73.881988	0.277837862867	9	0.170001454875	2	0.266439205108	3	4	2	2476	370000	0	1999	1920	204	28	88	101	92	40	23	7	39	28	7	165
30607376_zpid	30607376_zpid	11206	536 Willoughby Ave, Brooklyn, NY 11206	40.6937659	-73.948019	0.0505585891817	8	0.538072179193	5	0.210276075827	3	6	4	3140	675000	110	2000	1910	88	27	67	95	51	38	18	38	29	26	23	140
30727469_zpid	30727469_zpid	11229	1756 E 19th St, Brooklyn, NY 11229	40.607339	-73.9544109	0.267384409513	4	0.298090122686	4	0.32385400641	1	6	5	4000	785000	35	4000	1930	704	148	212	212	256	292	252	172	80	76	12	776
30639068_zpid	30639068_zpid	11208	159 Atkins Ave, Brooklyn, NY 11208	40.675312	-73.878887	0.291583074646	9	0.193895671367	6	0.205067417062	4	7	3	1292	675000	0	19	1901	171	21	94	111	81	52	46	15	41	62	18	211
30790439_zpid	30790439_zpid	11235	74 Beaumont St, Brooklyn, NY 11235	40.580087	-73.951852	0.12312976923	9	0.597749790404	4	0.782581557994	0	4	3	3000	1731025	9	4320	1925	640	80	144	200	144	160	160	108	132	60	28	472
83050115_zpid	83050115_zpid	11217	149 Bergen St, Brooklyn, NY 11217	40.685796	-73.9875409	0.160345869196	13	0.417920629152	2	0.28302286583	7	5	6	4220	700000	136	2000	1920	24	57	5	32	10	27	39	12	13	9	9	88
79725136_zpid	79725136_zpid	11234	16 Harbor Dr, Brooklyn, NY 11234	40.6099896	-73.9146158	0.687860868774	2	0.919067965857	0	3.65370988743	0	4	5	4313	1100000	0	5060	2007	2	5	2	5	4	19	3	23	18	2	0	22
30628837_zpid	30628837_zpid	11221	1319 Jefferson Ave, Brooklyn, NY 11221	40.693299	-73.911654	0.170380829475	11	0.479564370114	3	0.688439735913	3	7	3	2565	555000	19	1900	1905	108	20	83	102	76	28	30	7	41	46	28	145
30764029_zpid	30764029_zpid	11234	1661 Hendrickson St, Brooklyn, NY 11234	40.618063	-73.932783	0.293099797167	8	0.496648715806	3	2.06895114704	0	3	2	1320	420000	83	2000	1920	36	184	24	44	24	160	136	112	56	40	4	520
30769680_zpid	30769680_zpid	11236	54 Paerdegat 2nd St, Brooklyn, NY 11236	40.632625	-73.911178	0.326037163919	5	0.344029937387	4	1.74922173758	0	3	2	1440	465000	116	2600	1965	28	4	12	13	6	58	26	3	21	8	2	68
30734726_zpid	30734726_zpid	11223	1939 W 4th St, Brooklyn, NY 11223	40.6004038	-73.976082	0.245076951067	6	0.398521473066	4	0.41607560029	4	3	2	1280	593000	86	2500	1925	188	116	84	132	64	304	120	340	104	36	24	468
83178888_zpid	83178888_zpid	10460	820 E 178th St, Bronx, NY 10460	40.8442481	-73.8866019	0.122891166358	11	0.0643855936514	3	0.705824773134	1	5	4	3000	469000	0	1250	2007	1124	68	500	476	544	96	56	40	176	168	88	796
30702995_zpid	30702995_zpid	11204	2130 Bay Ridge Ave, Brooklyn, NY 11204	40.612269	-73.985421	0.125888501332	11	0.200260008235	6	0.30309865169	2	9	3	3960	999000	51	2467	1930	504	84	168	224	244	276	132	112	108	56	12	608
29781745_zpid	29781745_zpid	10457	250 Mount Hope Pl, Bronx, NY 10457	40.8478489	-73.904416	0.0911225014671	11	0.155613116068	8	0.293165255787	5	6	2	1898	340000	19	3555	1899	387	72	229	232	214	29	23	14	70	64	28	297
83048971_zpid	83048971_zpid	11216	707 Dekalb Ave, Brooklyn, NY 11216	40.692025	-73.94773	0.185854349156	11	0.485773506588	5	0.399977190022	2	2	1	1000	400000	60	2000	2005	208	88	84	124	128	44	44	16	48	72	48	236
83178884_zpid	83178884_zpid	10466	630 E 226th St, Bronx, NY 10466	40.8892807	-73.8625339	0.227404831679	5	0.320767582186	2	0.23171069428	4	6	3.5	1300	400000	8	1298	2006	287	18	93	114	118	64	16	6	37	60	13	182
30671593_zpid	30671593_zpid	11218	204 Prospect Park SW, Brooklyn, NY 11218	40.6522467	-73.9728434	0.305332520872	7	0.478844613607	2	0.368770495118	1	3	3.5	2000	1675500	15	990	1920	19	13	9	19	10	22	15	18	16	4	3	38
30731155_zpid	30731155_zpid	11214	110 Bay 46th St, Brooklyn, NY 11214	40.590394	-73.986987	0.294923557685	4	0.766340225684	0	0.322603897548	1	4	4	1764	899000	0	3866	1925	13	7	7	17	3	19	27	22	24	7	4	51
30791677_zpid	30791677_zpid	11235	2739 E 21st St, Brooklyn, NY 11235	40.585425	-73.947423	0.171288763404	7	0.568569068021	3	0.592207304229	1	3	3.5	1068	533000	19	1700	1920	63	16	11	37	8	45	24	26	23	6	5	114
30691142_zpid	30691142_zpid	11220	467 64th St, Brooklyn, NY 11220	40.637702	-74.018843	0.0830010544256	10	0.235013859223	8	0.415454135732	2	3	1	1100	900000	7	1900	1901	111	42	37	43	38	27	51	32	25	15	7	152
30719730_zpid	30719730_zpid	11230	1582 E 2nd St, Brooklyn, NY 11230	40.611025	-73.972658	0.19868619895	9	0.340215954143	4	0.24543465525	2	3	3	1654	1100000	61	4960	1930	22	4	7	23	10	39	18	15	3	7	4	67
30585617_zpid	30585617_zpid	11215	213 13th St, Brooklyn, NY 11215	40.6679338	-73.990271	0.0618893432782	14	0.249528495652	2	0.27732778441	3	3	2.5	1785	2025000	10	884	1901	90	82	33	67	32	34	62	33	38	20	16	238
83047551_zpid	83047551_zpid	11233	524 Ralph Ave, Brooklyn, NY 11233	40.6714709	-73.922627	0.314285536272	6	0.207252290518	2	0.74705860298	1	9	4.5	3360	735000	110	1900	2003	206	24	104	94	88	15	16	7	25	34	10	136
30719404_zpid	30719404_zpid	11204	1566 W 6th St, Brooklyn, NY 11204	40.608961	-73.980217	0.221723093094	11	0.219815196923	6	0.353733001749	3	4	3	2883	1250000	9	4000	1935	704	116	192	200	268	280	88	92	60	44	28	516
30573391_zpid	30573391_zpid	11231	380 Van Brunt St, Brooklyn, NY 11231	40.6770939	-74.013519	0.410962609246	2	0.278539041016	3	1.39951737169	0	3	3	2160	660000	50	1500	1899	22	46	6	17	1	6	28	6	8	5	2	53
30643216_zpid	30643216_zpid	11208	202 Pine St, Brooklyn, NY 11208	40.681659	-73.872896	0.210682159231	11	0.284236590723	7	0.186629230451	3	6	2	2500	575000	24	2415	1910	134	34	80	95	67	53	39	14	86	37	10	222
30775102_zpid	30775102_zpid	11236	9103 Avenue K, Brooklyn, NY 11236	40.637725	-73.901567	0.291318920041	8	0.386420814243	2	0.994259137989	0	5	3.5	1872	575000	93	2127	1930	48	21	25	24	14	49	22	8	17	10	10	97
30765422_zpid	30765422_zpid	11234	1690 E 52nd St, Brooklyn, NY 11234	40.618162	-73.925121	0.0916486705633	11	0.645579582111	1	2.5077733296	0	2	2	864	408100	114	2000	1920	13	50	5	6	10	31	28	22	18	6	7	139
29854177_zpid	29854177_zpid	10471	680 W 246th St APT 6, Bronx, NY 10471	40.8918675	-73.9135783	0.68709138411	3	0.80377948465	0	1.30810721153	0	6	5	4100	1836000	15	5289	1987	9	5	2	3	0	1	34	2	6	0	1	12
30691279_zpid	30691279_zpid	11220	529 66th St, Brooklyn, NY 11220	40.635799	-74.018772	0.19506646126	11	0.41064668655	10	0.399889676875	3	5	3	2130	1160000	4	1606	1920	352	152	116	144	132	120	216	104	80	60	24	540
29831700_zpid	29831700_zpid	10466	670 E 225th St, Bronx, NY 10466	40.8879	-73.86157	0.226151275115	6	0.147305545348	2	0.104316218071	3	3	1	2275	555000	113	3049	1915	289	22	98	124	111	71	21	9	39	62	13	184
30760921_zpid	30760921_zpid	11234	1378 E 49th St, Brooklyn, NY 11234	40.627391	-73.929086	0.153368248433	8	0.438642582063	1	1.68077749448	0	3	3	2778	675000	0	2700	1930	33	18	19	23	14	54	31	21	21	8	3	82
30619228_zpid	30619228_zpid	11211	270 S 2nd St, Brooklyn, NY 11211	40.711261	-73.957211	0.0441055087074	19	0.140244403617	7	0.33187932748	5	3	1	2300	1510000	14	1560	1910	157	315	111	130	91	31	52	31	35	29	27	335
29795992_zpid	29795992_zpid	10472	1250 Metcalf Ave, Bronx, NY 10472	40.830891	-73.872612	0.0731151533477	6	0.170490324753	1	0.225313182013	3	7	3	2764	416580	139	2000	1960	367	50	145	181	152	49	20	10	60	78	20	268
55677154_zpid	55677154_zpid	11207	511 Alabama Ave, Brooklyn, NY 11207	40.663499	-73.896357	0.448550982212	4	0.178700334687	9	0.176726660247	5	3	2	1296	450000	0	1800	2000	208	13	108	111	118	29	40	13	35	42	13	212
30747633_zpid	30747633_zpid	11235	2448 E 12th St, Brooklyn, NY 11235	40.590537	-73.959016	0.326985305982	11	0.500996045826	5	0.57718501906	2	4	2	2560	275000	115	2700	1930	164	52	28	88	52	152	92	104	76	24	8	264
29852946_zpid	29852946_zpid	10471	5251 Fieldston Rd, Bronx, NY 10471	40.899885	-73.901902	0.518560184264	2	0.605251420989	2	1.12505164455	0	3	3	4032	1495000	0	14374.800000000001	1980	11	1	3	6	2	7	17	7	11	0	1	22
30631359_zpid	30631359_zpid	11207	2 Marginal St W, Brooklyn, NY 11207	40.6793313	-73.8981511	0.272471813709	3	0.449050592749	2	0.263847938534	9	5	4	2040	420000	23	1140	1910	220	52	156	140	100	124	116	112	80	68	24	428
30573440_zpid	30573440_zpid	11231	38 Dikeman St, Brooklyn, NY 11231	40.675349	-74.0110289	0.505104785535	2	0.23291841333	4	1.1643897766	0	5	3	3000	1560000	15	2178	1931	25	54	6	21	1	11	30	4	10	7	2	60
30766654_zpid	30766654_zpid	11234	641 E 59th St, Brooklyn, NY 11234	40.638202	-73.919953	0.378773540885	5	0.571295061594	2	1.79540052623	0	6	3	3375	575000	131	2000	1960	15	2	1	5	2	5	8	2	10	2	1	24
30689694_zpid	30689694_zpid	11219	1060 66th St, Brooklyn, NY 11219	40.628274	-74.007422	0.134449389103	8	0.242406473836	6	0.388103536692	1	4	4	1910	999990	34	4000	1915	39	16	11	18	7	32	36	36	13	4	13	93
30727295_zpid	30727295_zpid	11229	1783 E 14th St, Brooklyn, NY 11229	40.606171	-73.958457	0.236923730561	6	0.51627683066	4	0.283939397112	1	5	3	2080	802000	25	2000	1901	139	33	50	52	47	64	42	25	22	17	9	176
30769198_zpid	30769198_zpid	11236	923 E 82nd St, Brooklyn, NY 11236	40.636103	-73.910989	0.106233343463	6	0.0987244431478	2	1.40550913277	0	6	4.5	2400	572000	21	2000	1960	136	24	84	76	36	320	108	48	104	44	36	380
30601535_zpid	30601535_zpid	11233	225 Thomas S Boyland St, Brooklyn, NY 11233	40.67682	-73.913373	0.453750637987	2	0.133418279468	3	0.287860995807	3	6	3	2040	715000	89	2419	1899	892	108	524	620	424	220	148	108	244	264	136	852
30596322_zpid	30596322_zpid	11233	506 Ralph Ave, Brooklyn, NY 11233	40.672146	-73.922573	0.360733273512	5	0.276143996284	3	0.739310955998	1	7	5	3120	420000	124	2000	2004	223	26	123	101	101	17	18	5	34	38	13	159
30638595_zpid	30638595_zpid	11207	525 Glenmore Ave, Brooklyn, NY 11207	40.674151	-73.891009	0.201657314177	9	0.340875856175	6	0.157140760549	4	7	4	3045	116500	32	2500	1910	118	21	85	105	89	73	41	26	40	45	19	240
30574532_zpid	30574532_zpid	11232	218 32nd St, Brooklyn, NY 11232	40.6552663	-74.0003157	0.234408600349	4	0.602422411756	2	0.362205398523	2	3	1	1440	1050000	0	936	1925	88	120	40	68	44	28	108	56	52	4	36	252
30625092_zpid	30625092_zpid	11237	205 Knickerbocker Ave, Brooklyn, NY 11237	40.7036	-73.926298	0.0107760008673	12	0.0891577978851	5	0.467741553216	4	1	1	4500	535000	163	2500	1931	161	121	100	153	116	48	36	7	30	64	25	318
29781171_zpid	29781171_zpid	10474	855 Faile St, Bronx, NY 10474	40.818139	-73.887591	0.067488964537	6	0.185533632912	5	0.399844771356	1	6	3	3	300000	0	2500	1930	148	12	91	89	79	14	19	10	33	25	13	143
30670910_zpid	30670910_zpid	11218	182 Seeley St, Brooklyn, NY 11218	40.654514	-73.975615	0.180741098482	7	0.298581404726	3	0.525890197954	1	3	2	1146	899000	37	1875	1901	10	17	13	17	10	21	18	18	14	1	4	46
30790393_zpid	30790393_zpid	11235	227 Corbin Pl, Brooklyn, NY 11235	40.5760455	-73.9534809	0.160367114888	7	0.504242502891	3	0.683362586895	1	5	5	5200	620000	190	5998	1950	114	32	18	38	22	24	33	15	21	13	3	78
30783545_zpid	30783545_zpid	11229	1843 Madison Pl, Brooklyn, NY 11229	40.6089879	-73.938946	0.479181991232	3	0.525530286757	1	1.5950271554	0	4	3	1795	775000	46	3100	1925	12	20	20	56	24	36	48	24	20	4	8	120
30572827_zpid	30572827_zpid	11231	48 1st St, Brooklyn, NY 11231	40.678131	-73.99153	0.240006921298	8	0.425202679162	2	0.374422418725	3	4	3	2400	3456000	5	1720	1910	52	80	4	76	36	48	128	112	80	8	12	316
30778445_zpid	30778445_zpid	11236	1336 E 99th St, Brooklyn, NY 11236	40.637353	-73.891235	0.334963078143	7	0.0880074886208	4	1.36966027648	0	3	3	1635	244000	187	2000	1955	27	10	23	26	3	35	15	14	16	8	1	68
30643675_zpid	30643675_zpid	11208	58 Fountain Ave, Brooklyn, NY 11208	40.678756	-73.876503	0.346159007957	12	0.417262992159	6	0.419993311544	5	4	2	1512	600000	14	1785	1899	440	84	244	328	224	188	180	76	200	104	40	788
30778559_zpid	30778559_zpid	11236	1324 E 101st St, Brooklyn, NY 11236	40.6384169	-73.889962	0.441164250983	5	0.246287400677	3	1.35982451786	0	3	2	1320	185000	258	1807740.0	1955	27	5	26	22	3	22	17	14	14	8	2	67
30748495_zpid	30748495_zpid	11235	2428 Brigham St, Brooklyn, NY 11235	40.593775	-73.93419	0.133123246423	8	0.534055447077	2	1.78019730925	0	5	3	2265	540000	29	2000	1955	6	11	9	2	5	2	6	6	4	2	1	38
30740413_zpid	30740413_zpid	11224	2739 Stillwell Ave, Brooklyn, NY 11224	40.580663	-73.981835	0.447907674881	2	0.354537818998	2	0.364359004314	3	2	1	1360	283000	42	2500	1930	47	6	17	26	19	12	22	12	7	15	4	56
30748637_zpid	30748637_zpid	11235	2573 E 11th St, Brooklyn, NY 11235	40.587658	-73.959179	0.110684483909	9	0.363592210984	4	0.433105729003	1	6	4	3520	975000	9	4000	1925	420	72	80	160	104	220	140	124	116	48	36	456
30673564_zpid	30673564_zpid	11218	1426 35th St, Brooklyn, NY 11218	40.640895	-73.981177	0.142414989365	9	0.210011406109	9	0.372397392007	2	8	5	3000	710000	22	2003	1910	312	112	160	200	132	260	260	224	68	52	28	776
30663856_zpid	30663856_zpid	11210	3104 Farragut Rd, Brooklyn, NY 11210	40.636104	-73.946841	0.5431717813	2	0.307905371088	4	0.370031763375	2	10	3	2954	111500	250	3500	1920	344	35	187	180	182	73	42	14	41	69	9	352
29844729_zpid	29844729_zpid	10465	3060 Barkley Ave, Bronx, NY 10465	40.832549	-73.822781	0.320863050073	4	0.35023081665	2	1.69906426195	0	2	2	1070	148000	2	30	1930	4	13	4	11	6	21	31	26	14	4	4	57
30760889_zpid	30760889_zpid	11234	1431 E 48th St, Brooklyn, NY 11234	40.626201	-73.929315	0.254586567854	9	0.332839912515	1	1.71549088204	0	3	1.75	1408	535000	8	2500	1920	136	60	60	96	52	180	112	68	92	12	12	336
30768102_zpid	30768102_zpid	11236	610 E 85th St, Brooklyn, NY 11236	40.640668	-73.913169	0.440100884834	7	0.60388876264	1	1.1653818265	0	4	3	1786	257000	8	1992	1960	42	6	27	14	11	63	34	11	25	10	10	103
30590567_zpid	30590567_zpid	11238	760 Washington Ave, Brooklyn, NY 11238	40.67521	-73.96353	0.137573714901	14	0.11482252802	4	0.384107167683	5	2	1	850	450000	65	1110	1901	225	172	91	116	109	28	40	44	45	47	13	230
30614853_zpid	30614853_zpid	11216	6 Brevoort Pl APT 4, Brooklyn, NY 11216	40.679758	-73.955101	0.0980499729613	11	0.245154289712	6	0.111618013496	5	2	1	2760	395000	147	1900	1930	604	424	264	328	248	40	140	76	76	112	140	624
30569347_zpid	30569347_zpid	11231	108 Degraw St, Brooklyn, NY 11231	40.685618	-74.00297	0.192252723832	9	0.23948370756	2	0.909175026048	0	6	3	2295	1200000	32	1783	1931	15	32	9	33	6	11	26	22	10	1	7	105
30618295_zpid	30618295_zpid	11206	727 Flushing Ave, Brooklyn, NY 11206	40.700663	-73.9436044	0.299986643914	10	0.308534819853	6	0.213920359741	4	2	2	900	1400000	5	1215	1931	69	115	27	44	24	34	30	18	25	16	16	151
30729135_zpid	30729135_zpid	11229	1822 Stuart St, Brooklyn, NY 11229	40.608178	-73.941271	0.342441725674	3	0.671141754715	1	1.39926042843	0	3	3	1890	560000	20	1800	1930	60	24	36	72	32	64	92	68	64	8	12	204
30739991_zpid	30739991_zpid	11223	24 Manhattan Ct, Brooklyn, NY 11223	40.587776	-73.966981	0.374239941706	5	0.438041161144	1	0.647871562067	1	3	3	2030	799999	0	1800	1960	208	40	36	60	16	64	104	96	48	4	20	232
29842310_zpid	29842310_zpid	10461	2880 Harrington Ave, Bronx, NY 10461	40.839815	-73.832741	0.295217079007	3	0.799690428986	0	0.542223883154	1	2	1.5	1600	380000	2	2252	1920	64	21	19	22	15	49	39	22	12	7	2	91
30791461_zpid	30791461_zpid	11235	139 Oxford St, Brooklyn, NY 11235	40.579868	-73.937734	1.04893765584	0	1.28779094724	0	1.59354519986	0	3	2	1790	799000	0	2700	1940	36	24	16	36	32	48	48	12	48	8	4	124
30637465_zpid	30637465_zpid	11208	295 Arlington Ave, Brooklyn, NY 11208	40.681194	-73.883674	0.176881402319	7	0.129451876344	3	0.160954250808	2	3	3	1875	65000	274	1873	1910	71	29	41	52	46	45	30	21	30	23	12	138
30778804_zpid	30778804_zpid	11236	10557 Flatlands 8th St, Brooklyn, NY 11236	40.640939	-73.884967	0.836009662862	0	0.668935670132	1	1.56151901556	0	3	2	2030	335000	49	4000	1960	13	0	11	11	4	3	11	2	11	3	2	28
