94718507_zpid	94718507_zpid	11239	607 Vandalia Ave, Brooklyn, NY 11239	40.6571227	-73.8704997	0.419229351889	2	0.289419132629	2	1.51311704033	0	2	1	2467	419656	60	1900	2010	1	0	0	0	0	0	1	2	2	0	0	12
30636928_zpid	30636928_zpid	11208	18 Shepherd Ave, Brooklyn, NY 11208	40.684377	-73.88319	0.367950146063	5	0.43433031349	2	0.424078664516	2	4	2	2000	355670	142	2000	1901	264	96	140	172	176	120	80	68	112	64	40	428
30605160_zpid	30605160_zpid	11233	638 Halsey St, Brooklyn, NY 11233	40.684001	-73.928501	0.126671805746	7	0.31489358797	3	0.549387069922	1	1	1	2466	725000	95	1742	1899	122	65	84	110	58	14	11	12	37	32	21	163
30637548_zpid	30637548_zpid	11208	107 Shepherd Ave, Brooklyn, NY 11208	40.6822779	-73.882069	0.124351547706	7	0.194720204241	3	0.196727135319	3	5	3	1712	335000	166	1698	1910	77	34	48	53	53	49	32	24	35	22	14	153
30566282_zpid	30566282_zpid	11201	45 Duffield St, Brooklyn, NY 11201	40.69689	-73.983787	0.076194983081	6	0.30773736242	3	0.560620284741	8	4	3	2175	142500	233	2175	1899	28	208	20	72	16	8	100	80	52	12	8	336
30636358_zpid	30636358_zpid	11207	708 Hinsdale St, Brooklyn, NY 11207	40.657193	-73.89724	0.574121744337	1	0.56520993954	1	0.240181782713	1	5	3	2420	370000	2	2292	1910	220	24	156	208	116	84	80	40	56	116	32	340
30757678_zpid	30757678_zpid	11234	1711 E 36th St, Brooklyn, NY 11234	40.614519	-73.936233	0.294441953852	4	0.172686332507	2	1.93640914396	0	3	3	1064	659000	0	2200	1925	5	18	7	14	3	32	25	23	37	5	2	78
30631362_zpid	30631362_zpid	11207	22 Marginal St W, Brooklyn, NY 11207	40.6790785	-73.8981998	0.245113995205	3	0.454897475947	2	0.235412000745	9	5	3	2260	448000	125	24	1910	204	52	116	116	76	124	124	112	80	76	20	412
30624483_zpid	30624483_zpid	11206	220 Bushwick Ave, Brooklyn, NY 11206	40.7082545	-73.940175	0.0538209564874	10	0.440749830911	6	0.063601873407	3	2	1	5000	495000	159	2000	1920	62	105	32	44	27	16	27	13	19	9	10	118
30764908_zpid	30764908_zpid	11234	1318 E 59th St, Brooklyn, NY 11234	40.621346	-73.9187369	0.202561721011	10	0.748754552854	1	2.75679806543	0	3	1	1260	416000	5	1899	1920	28	28	12	24	24	144	108	80	84	20	36	428
30740484_zpid	30740484_zpid	11235	2866 Brighton 4th St, Brooklyn, NY 11235	40.5812791	-73.9648171	0.217682963438	7	0.42259714018	7	0.501466774647	2	9	4	2500	407000	167	2475	1930	260	168	184	284	104	236	156	96	124	68	88	704
30599804_zpid	30599804_zpid	11233	529 Bainbridge St, Brooklyn, NY 11233	40.682935	-73.915807	0.103894634842	6	0.304679663792	3	0.380893723302	4	7	3	2700	370000	34	2000	1910	210	41	151	164	127	30	40	16	50	90	16	240
30668553_zpid	30668553_zpid	11226	330 E 25th St, Brooklyn, NY 11226	40.642124	-73.953749	0.217142181153	6	0.259707298601	4	0.510848578658	2	4	2	1936	465000	85	2000	1905	488	131	217	252	219	78	53	20	58	97	25	399
30768052_zpid	30768052_zpid	11236	646 E 84th St, Brooklyn, NY 11236	40.639556	-73.913131	0.321609650902	7	0.480251707495	1	1.2378608294	0	11	5.5	5424	75000	235	5423	1997	160	24	112	72	44	288	136	60	116	52	40	412
30572828_zpid	30572828_zpid	11231	50 1st St, Brooklyn, NY 11231	40.678103	-73.991467	0.244013281755	8	0.419630292868	2	0.380207280437	3	3	2	2400	1425000	33	1728	1901	52	76	4	76	36	48	124	112	80	4	12	316
30778704_zpid	30778704_zpid	11236	1381 E 104th St, Brooklyn, NY 11236	40.639159	-73.8862429	0.626328517543	1	0.554405210288	1	1.56013300216	0	3	2	1152	485000	108	2178	1955	68	16	60	52	12	16	40	16	52	12	8	140
30613564_zpid	30613564_zpid	11238	84 Lexington Ave, Brooklyn, NY 11238	40.68654	-73.958631	0.332742661786	13	0.366319391384	7	0.286710080917	5	8	4	2880	2075000	25	3500	1901	420	416	272	348	216	80	136	60	152	60	116	516
30733727_zpid	30733727_zpid	11224	3822 Nautilus Ave, Brooklyn, NY 11224	40.57562	-74.0063179	0.543305411616	1	0.420955974513	1	2.13042777932	0	5	3	2	564000	68	5000	1930	144	52	40	124	36	16	76	16	40	16	8	160
30753780_zpid	30753780_zpid	11210	1266 E 38th St, Brooklyn, NY 11210	40.623343	-73.938793	0.0560745715696	2	0.645286560401	2	1.29447515372	0	3	2	1800	425000	18	1800	1930	244	28	108	128	80	184	140	44	88	44	32	272
30794330_zpid	30794330_zpid	11229	2 Aster Ct, Brooklyn, NY 11229	40.5920666	-73.924829	0.167323969166	2	1.25440668892	0	2.54501594383	0	2	1.5	992	370000	8	1890	1930	1	7	1	11	1	1	21	7	17	2	3	24
30626399_zpid	30626399_zpid	11221	591 Van Buren St, Brooklyn, NY 11221	40.692511	-73.926078	0.157362329767	8	0.160754865794	5	0.248768822169	3	8	4	2460	270000	30	1750	1901	796	284	344	448	444	200	172	76	184	172	116	1228
29776954_zpid	29776954_zpid	10454	467 E 143rd St, Bronx, NY 10454	40.8115764	-73.9183024	0.439228652866	4	0.170714892561	7	0.435061998606	3	5	2	1492	100500	146	2500	1899	184	31	93	109	97	9	12	10	26	23	12	172
30674475_zpid	30674475_zpid	11218	515 E 3rd St, Brooklyn, NY 11218	40.6395229	-73.97638	0.406536695571	9	0.194152551052	10	0.410912171279	2	5	2	1711	915000	5	3000	1925	900	268	312	364	212	328	160	300	140	80	40	964
30579341_zpid	30579341_zpid	11220	430 58th St, Brooklyn, NY 11220	40.641295	-74.016569	0.0764310765708	7	0.0677377501571	7	0.111074567165	2	2	1	2850	1100000	26	2003	1899	164	61	57	75	57	32	64	38	51	27	7	229
30623360_zpid	30623360_zpid	11211	230 Ainslie St, Brooklyn, NY 11211	40.7127913	-73.9450297	0.189927896702	11	0.165401235982	4	0.213956004618	5	6	3	3080	2315000	17	2800	1901	104	352	92	228	116	120	200	28	84	52	60	780
30608152_zpid	30608152_zpid	11221	133 Van Buren St, Brooklyn, NY 11221	40.690579	-73.940692	0.0883108079411	10	0.212284454276	4	0.851460366655	0	5	3	2520	11500	323	2000	1920	190	52	97	138	94	31	31	12	38	54	31	219
30591290_zpid	30591290_zpid	11216	1136 Dean St, Brooklyn, NY 11216	40.67673	-73.952052	0.213827810454	11	0.287242990897	7	0.372017090608	5	8	4.5	5300	2199900	0	2286	1915	1328	400	656	864	808	128	184	76	212	256	192	1180
30729930_zpid	30729930_zpid	11214	8683 25th Ave, Brooklyn, NY 11214	40.596169	-73.988623	0.249523806582	6	0.195909664511	6	0.228457338525	1	3	2	1540	642000	38	1933	1960	25	11	11	13	7	32	30	20	16	6	3	70
30573854_zpid	30573854_zpid	11232	226 20th St, Brooklyn, NY 11232	40.661983	-73.993422	0.0288440209055	11	0.452680416782	3	0.384750464327	2	6	3	2100	760000	109	2500	1910	108	68	56	80	36	64	68	72	44	28	16	248
30588037_zpid	30588037_zpid	11215	564 9th St, Brooklyn, NY 11215	40.6647729	-73.977796	0.132370209038	12	0.447253613704	2	0.269619801317	2	4	3	3120	2785000	3	1600	1910	41	38	17	26	11	9	40	25	16	5	4	100
30664895_zpid	30664895_zpid	11225	186 Midwood St, Brooklyn, NY 11225	40.659655	-73.9545459	0.355587907388	11	0.457901981677	8	0.46421502617	3	4	3	2700	1600000	0	2000	1901	410	65	204	164	158	35	44	22	57	66	17	267
30606594_zpid	30606594_zpid	11233	32 Rochester Ave, Brooklyn, NY 11233	40.678047	-73.927751	0.223181282875	5	0.342196802563	3	0.291033215791	2	5	2	2520	270000	22	1372	1901	93	45	59	82	61	15	13	2	28	32	16	137
30585044_zpid	30585044_zpid	11215	332 10th St, Brooklyn, NY 11215	40.668973	-73.988127	0.102998071651	15	0.190915167387	4	0.209135348777	4	4	3	2104	1690000	15	1733	1899	90	108	32	72	29	39	59	38	37	24	22	260
30755176_zpid	30755176_zpid	11234	3424 Kings Hwy, Brooklyn, NY 11234	40.619425	-73.940948	0.510468851563	2	0.199260666356	3	1.57200066811	0	4	3	2821	718000	7	1827	1945	23	8	17	16	8	28	18	17	18	5	3	79
30714259_zpid	30714259_zpid	11214	184 Bay 26th St, Brooklyn, NY 11214	40.600121	-74.000873	0.127333794433	7	0.161810389302	7	0.544068165781	2	7	3.75	3140	1190000	4	2900	1925	181	20	50	46	35	75	44	30	17	15	10	126
30704636_zpid	30704636_zpid	11204	1949 73rd St, Brooklyn, NY 11204	40.612717	-73.991298	0.131158799801	12	0.119845349656	8	0.744194709789	1	8	3	2400	1410000	6	2400	1930	56	12	22	39	25	50	31	23	22	11	3	115
30737637_zpid	30737637_zpid	11223	2261 W 6th St, Brooklyn, NY 11223	40.592856	-73.9764749	0.429548161905	6	0.18001308239	2	0.149119224328	4	6	5	3300	794540	86	2420	2007	140	56	36	84	36	176	92	144	96	24	28	376
30668227_zpid	30668227_zpid	11218	465 Argyle Rd, Brooklyn, NY 11218	40.637895	-73.965368	0.289934575859	9	0.354154430648	7	0.359842332403	3	6	3	2770	1499000	22	4000	1905	48	20	24	21	10	48	17	22	10	4	6	85
30696167_zpid	30696167_zpid	11209	7739 Shore Rd, Brooklyn, NY 11209	40.631412	-74.038403	0.653523883093	1	1.05396719769	0	1.10499006567	0	4	2.5	1144	1265000	0	1851	1920	4	5	1	3	2	6	21	9	8	0	1	24
30643075_zpid	30643075_zpid	11208	584 Ridgewood Ave, Brooklyn, NY 11208	40.686444	-73.867595	0.224019863773	8	0.150441559638	6	0.544601012132	3	6	2	3570	609500	112	1864	1899	60	29	43	58	34	54	24	11	32	24	5	126
30690321_zpid	30690321_zpid	11219	973 Bay Ridge Ave, Brooklyn, NY 11219	40.628086	-74.010662	0.184669911724	5	0.159578639923	6	0.579893423524	2	7	3	1400	638000	104	20	1915	88	48	32	56	20	80	56	104	32	12	4	236
2104129713_zpid	2104129713_zpid	11211	20 Bayard St APT 7B, Brooklyn, NY 11211	40.7186655	-73.951627	0.104182933994	19	0.232887849849	1	0.506259724884	4	1	1	657	875000	4	12632.4	2007	17	95	9	45	9	18	25	15	11	4	11	104
30588466_zpid	30588466_zpid	11215	459 14th St, Brooklyn, NY 11215	40.662436	-73.980592	0.100766284261	13	0.111851698063	6	0.209877126179	2	5	3	2750	2995000	0	1999	1901	55	51	24	41	26	32	44	27	27	8	12	130
30673069_zpid	30673069_zpid	11218	89 Church Ave, Brooklyn, NY 11218	40.6427615	-73.9799591	0.0907749822245	9	0.0274061540922	10	0.144398756821	1	2	1	3135	995000	33	2560	1931	95	30	38	45	36	57	54	41	15	14	11	169
30723968_zpid	30723968_zpid	11230	878 E 12th St, Brooklyn, NY 11230	40.627731	-73.964996	0.333324453763	8	0.38421998148	5	0.33134594465	2	8	4.5	3916	725000	34	2000	1950	77	25	39	39	47	57	35	48	20	16	9	133
29847666_zpid	29847666_zpid	10465	1001 Calhoun Ave, Bronx, NY 10465	40.830184	-73.828465	0.157793265724	2	0.565701174817	1	1.63371257642	0	6	3	2964	460000	15	2452	1965	11	14	8	9	4	12	26	15	9	2	6	48
30666061_zpid	30666061_zpid	11226	92 Linden Blvd, Brooklyn, NY 11226	40.652007	-73.955298	0.315713012589	12	0.34216438293	8	0.500412470243	4	7	3	3559	2000000	11	6400	1899	562	92	278	273	268	65	42	18	74	84	26	405
30614860_zpid	30614860_zpid	11216	20 Brevoort Pl, Brooklyn, NY 11216	40.6798069	-73.954666	0.101928934395	11	0.263591859229	7	0.131615267663	5	7	3	4000	600000	32	1520	1879	688	496	280	360	276	52	152	80	96	124	148	692
29842669_zpid	29842669_zpid	10461	2938 Dudley Ave, Bronx, NY 10461	40.841238	-73.8315096	0.36564575567	5	0.617097685566	1	0.49963466433	2	3	2.5	1533	370000	27	1040	1945	64	22	12	13	18	51	41	24	12	6	2	86
30688699_zpid	30688699_zpid	11219	1234 60th St, Brooklyn, NY 11219	40.629443	-74.000067	0.517712753057	6	0.40607183088	4	0.425677651426	4	3	2	1600	780000	2	1999	1901	33	9	15	20	14	45	72	50	12	5	13	114
30625148_zpid	30625148_zpid	11221	1003 Willoughby Ave, Brooklyn, NY 11221	40.699035	-73.929097	0.247449419046	15	0.117649369816	5	0.194374161596	3	4	2	1810	950000	14	2198	1910	260	184	148	240	152	148	92	56	112	112	76	564
30788259_zpid	30788259_zpid	11234	166 Whitman Dr, Brooklyn, NY 11234	40.609449	-73.903166	1.00340509512	0	1.01516295093	0	4.14313377142	0	4	2.5	2320	930000	5	5392	1965	0	7	0	5	0	0	7	4	7	2	0	22
30725577_zpid	30725577_zpid	11230	1601 Avenue N, Brooklyn, NY 11230	40.615965	-73.958513	0.191991590232	7	0.272087311553	8	0.198658552464	1	6	3	4170	725000	26	4000	1920	624	128	216	344	224	308	164	160	96	60	12	700
30776416_zpid	30776416_zpid	11236	1145 E 99th St, Brooklyn, NY 11236	40.640628	-73.894114	0.317213985858	5	0.434461324267	2	0.936462563352	0	3	3	1642	439900	59	2000	1955	55	9	27	25	18	30	21	10	14	16	4	80
29847758_zpid	29847758_zpid	10465	907 Quincy Ave, Bronx, NY 10465	40.8287331	-73.8282878	0.288935735077	2	0.471365142447	1	1.75577870763	0	5	3.5	2500	348000	24	2800	1955	9	14	6	9	3	12	23	16	9	2	5	50
30784733_zpid	30784733_zpid	11234	1661 E 55th St, Brooklyn, NY 11234	40.616033	-73.921428	0.249820990773	9	0.982769848505	0	2.89901688183	0	3	1.5	1633	420000	123	1800	1955	20	6	14	12	14	40	19	18	22	7	6	115
30606069_zpid	30606069_zpid	11233	185 Bainbridge St, Brooklyn, NY 11233	40.681328	-73.929888	0.188549999341	8	0.177039139333	5	0.229870250643	1	3	1	2220	675000	102	1800	1899	133	65	88	123	69	15	24	10	35	38	24	181
30645279_zpid	30645279_zpid	11208	232 Fountain Ave, Brooklyn, NY 11208	40.674279	-73.87539	0.151215292217	8	0.127845378617	4	0.303005030771	2	4	2	2640	335000	135	2000	1930	764	88	404	448	356	244	180	32	128	244	92	808
30666683_zpid	30666683_zpid	11218	1216 Albemarle Rd, Brooklyn, NY 11218	40.6462296	-73.9676968	0.161298370112	11	0.653793005758	2	0.350132587593	3	4	4	3000	2625000	5	4000	1960	69	23	34	39	35	22	11	10	16	17	3	100
30651523_zpid	30651523_zpid	11212	254 E 94th St, Brooklyn, NY 11212	40.65973	-73.92306	0.0456687926094	13	0.277455376567	6	0.560680794803	2	9	5	3600	699000	6	2700	1930	547	19	202	217	172	59	18	9	45	77	29	277
30761575_zpid	30761575_zpid	11210	36 Hubbard Pl, Brooklyn, NY 11210	40.624746	-73.93728	0.158048801258	1	0.830220545139	0	1.25595533265	0	3	1	1899	400000	13	4000	1915	248	28	108	136	76	136	136	56	84	44	36	276
30645539_zpid	30645539_zpid	11208	2900 Pitkin Ave, Brooklyn, NY 11208	40.676182	-73.864832	0.383824349457	6	0.286782609274	8	0.0977064581636	3	5	2	2100	420000	141	2151	1920	88	17	41	50	32	37	30	7	58	20	9	171
30794622_zpid	30794622_zpid	11229	2572 Gerritsen Ave, Brooklyn, NY 11229	40.595273	-73.928194	0.289366051762	2	0.826925907168	0	2.27946015729	0	3	1	1360	433000	29	1485	1965	8	60	4	28	4	24	44	20	48	12	8	96
30608629_zpid	30608629_zpid	11216	220 Lexington Ave, Brooklyn, NY 11216	40.687208	-73.952817	0.16536892297	10	0.26487978069	6	0.322121819036	3	3	2	3000	270000	167	2000	1931	528	468	320	436	296	132	124	60	108	176	144	924
30764603_zpid	30764603_zpid	11234	1554 E 54th St, Brooklyn, NY 11234	40.61971	-73.9233239	0.209317040864	12	0.549494836388	1	2.521194732	0	6	4	2250	610000	32	4000	1960	13	24	5	8	11	42	28	15	21	4	9	132
30735458_zpid	30735458_zpid	11223	2006 W 6th St, Brooklyn, NY 11223	40.59851	-73.97821	0.0456222933395	6	0.308022614588	4	0.139518270474	6	8	5	4222	1175000	0	2080	1930	128	92	52	108	36	220	104	176	88	32	28	384
30606683_zpid	30606683_zpid	11233	27 Kane Pl, Brooklyn, NY 11233	40.677377	-73.92346	0.397854229036	4	0.155763997685	1	0.223527356398	2	3	3	1716	567000	17	1535	1901	112	27	70	77	54	16	26	6	33	37	20	153
30767172_zpid	30767172_zpid	11236	588 E 88th St, Brooklyn, NY 11236	40.642375	-73.911295	0.306034898705	5	0.55887236943	2	0.929161959438	0	6	3	2580	550000	22	1960	1960	40	5	24	19	9	53	26	5	23	19	5	100
30698453_zpid	30698453_zpid	11209	116 82nd St, Brooklyn, NY 11209	40.6275376	-74.035585	0.479414749068	6	0.526487970917	1	0.81258285086	0	4	4	2160	2175000	2	4266	1910	44	44	12	40	12	104	124	92	44	8	8	224
30770869_zpid	30770869_zpid	11236	9 Paerdegat 10th St, Brooklyn, NY 11236	40.629018	-73.905741	0.929463546496	0	0.916138381594	0	1.9905551373	0	6	3	2980	400000	88	2200	1965	168	8	40	76	32	204	68	20	84	12	24	156
30670787_zpid	30670787_zpid	11218	18 Seeley St, Brooklyn, NY 11218	40.652601	-73.980565	0.354924551077	7	0.330015780965	2	0.511378358734	1	3	2	2200	990000	62	4050	1901	1	16	8	11	5	17	16	21	12	1	2	37
30601514_zpid	30601514_zpid	11233	28 Radde Pl, Brooklyn, NY 11233	40.6768212	-73.9148822	0.344848693361	3	0.237522271719	2	0.393710389597	2	4	2	1408	220000	51	1408	1899	1024	100	580	680	440	224	140	92	224	272	144	884
30602829_zpid	30602829_zpid	11221	933 Greene Ave, Brooklyn, NY 11221	40.691029	-73.930116	0.218372987143	10	0.30644315919	3	0.279953493205	2	5	3	2160	380000	143	1800	1899	205	81	103	135	126	58	35	18	39	59	41	286
30594675_zpid	30594675_zpid	11225	124 Sullivan Pl, Brooklyn, NY 11225	40.664087	-73.956706	0.232180600041	8	0.288203298066	5	0.516659528144	5	5	2	2640	775000	21	2550	1925	481	60	186	160	181	16	33	17	52	66	21	284
30639534_zpid	30639534_zpid	11207	372 Van Siclen Ave, Brooklyn, NY 11207	40.6706425	-73.8899156	0.213414096442	7	0.417439451788	4	0.244193331147	4	5	2	2700	443000	10	1711	1901	452	92	376	372	368	220	160	76	200	188	88	916
30787292_zpid	30787292_zpid	11234	2354 National Dr, Brooklyn, NY 11234	40.60395	-73.912574	1.37209930842	0	1.5032849452	0	3.70072967069	0	5	4	2052	1199000	0	2744	1965	3	1	2	5	3	7	4	14	12	1	1	20
29797370_zpid	29797370_zpid	10462	2227 Ellis Ave # 1, Bronx, NY 10462	40.833	-73.85017	0.0742225970414	11	0.305267622914	4	0.191617098717	2	3	2	2540	552000	21	2472	1935	195	19	51	42	34	54	30	14	19	19	11	137
30666281_zpid	30666281_zpid	11226	1305 Albemarle Rd, Brooklyn, NY 11226	40.646799	-73.9670809	0.126567238167	11	0.679260830889	2	0.359772937892	3	10	5	7200	900000	7	13068.0	1905	187	30	119	114	149	13	15	6	37	35	4	179
29789819_zpid	29789819_zpid	10470	405 E 237th St, Bronx, NY 10470	40.899369	-73.864834	0.240270487067	4	0.310962005501	1	0.474460590563	1	4	3	2532	690000	93	5000	1901	70	18	12	23	12	36	13	18	18	6	5	81
30695372_zpid	30695372_zpid	11209	339 76th St, Brooklyn, NY 11209	40.630664	-74.026729	0.153585282461	20	0.353044486973	5	0.145396885382	2	5	2.5	2650	1075000	6	2143	1905	102	54	46	50	37	51	61	61	22	19	8	202
30763943_zpid	30763943_zpid	11234	1641 Kimball St, Brooklyn, NY 11234	40.61746	-73.9346039	0.347038774393	8	0.492336734307	3	2.03549400862	0	3	2	2000	538000	22	2000	1920	12	48	9	15	6	41	32	22	25	7	1	135
30658926_zpid	30658926_zpid	11203	198 E 38th St, Brooklyn, NY 11203	40.652425	-73.942323	0.160376843657	2	0.57290554219	3	0.637293248342	1	4	2	1312	289000	0	1999	1920	480	76	296	332	240	288	88	40	96	144	24	508
30612515_zpid	30612515_zpid	11205	320 Clinton Ave, Brooklyn, NY 11205	40.688601	-73.9682308	0.184208922387	9	0.236842346478	3	0.210221415241	5	6	7	1600	332500	235	1710	1905	47	39	19	30	19	28	20	7	17	15	8	94
