30766792_zpid	30766792_zpid	11236	568 E 81st St, Brooklyn, NY 11236	40.639713	-73.91701	0.546093505581	7	0.586179985796	1	1.49557689015	0	7	5	2900	660000	119	2200	1965	25	6	17	15	8	36	25	10	24	7	8	59
30790881_zpid	30790881_zpid	11235	254 Dover St, Brooklyn, NY 11235	40.57592	-73.94919	0.333955778936	5	0.83995763458	0	1.040253504	0	3	4	4500	1600000	32	4000	1930	24	13	6	13	4	9	29	17	17	3	2	36
29780149_zpid	29780149_zpid	10459	1308 Prospect Ave, Bronx, NY 10459	40.828372	-73.8976349	0.41002631194	4	0.438237351442	7	0.526571728533	3	8	3	2988	229000	285	2013	1991	178	70	102	127	104	26	21	5	26	43	25	160
29836902_zpid	29836902_zpid	10466	4235 Digney Ave, Bronx, NY 10466	40.894245	-73.852102	0.342020867895	4	0.357840144248	2	0.466890833745	2	4	2	1674	529999	0	2356	1955	137	11	63	56	71	77	35	8	36	24	7	161
30782197_zpid	30782197_zpid	11234	2014 E 71st St, Brooklyn, NY 11234	40.6210049	-73.909134	0.41041496876	4	0.419861730275	1	2.92079976214	0	3	2.5	1072	406850	91	2000	1925	18	3	8	14	6	29	23	12	23	3	3	64
29813882_zpid	29813882_zpid	10461	1526 Lurting Ave, Bronx, NY 10461	40.8436809	-73.849836	0.112440791595	10	0.414857937047	3	0.713613126113	1	5	2	3120	477500	12	2800	1925	116	14	33	42	19	39	31	24	23	10	7	117
30702077_zpid	30702077_zpid	11209	169 99th St, Brooklyn, NY 11209	40.614718	-74.035152	0.196724173805	8	0.214177867224	3	0.368404130185	1	4	2	1256	762500	23	2050	1925	188	31	26	26	27	52	43	43	7	10	5	116
29830133_zpid	29830133_zpid	10469	3320 Tiemann Ave, Bronx, NY 10469	40.876224	-73.842625	0.286377923183	4	0.430437805778	2	0.542353170278	1	3	1.5	1188	372000	123	6800	1950	33	7	32	31	19	34	36	14	36	10	7	84
30639379_zpid	30639379_zpid	11208	438 Shepherd Ave, Brooklyn, NY 11208	40.673662	-73.880974	0.142737405014	7	0.356323642011	3	0.0554239325261	1	3	2	1552	375000	2	2500	1920	620	96	316	364	272	172	120	44	120	224	92	692
30623856_zpid	30623856_zpid	11222	111 Beadel St, Brooklyn, NY 11222	40.722217	-73.93647	0.404533252426	2	0.625648597533	1	1.06532857474	0	5	3	1880	1225000	0	1755	1910	19	23	15	25	10	5	24	20	23	4	8	81
30719629_zpid	30719629_zpid	11204	1550 W 2nd St, Brooklyn, NY 11204	40.609524	-73.9764019	0.171075597884	12	0.314899662373	7	0.300452774451	4	3	2	1530	800000	12	2000	1920	576	72	112	116	128	260	56	84	44	24	24	344
29850399_zpid	29850399_zpid	10464	104 Carroll St, Bronx, NY 10464	40.845527	-73.786344	0.239192783657	3	3.09813580095	0	3.52867288124	0	3	2.5	1970	310000	181	2500	1999	68	68	24	32	12	4	148	36	28	8	116	168
30747072_zpid	30747072_zpid	11229	2351 E 22nd St, Brooklyn, NY 11229	40.59384	-73.948084	0.182754027169	14	0.592467077443	3	0.618345254977	1	7	4	3600	875000	41	3000	1927	62	9	21	25	26	32	31	25	24	12	4	71
30691357_zpid	30691357_zpid	11220	6659 Bergen Pl, Brooklyn, NY 11220	40.639159	-74.028094	0.283757608537	8	0.370936501756	3	0.613628514074	1	3	2	1155	780000	0	2000	1925	38	15	25	26	16	24	23	31	7	10	2	56
30615515_zpid	30615515_zpid	11217	65 S Elliott Pl, Brooklyn, NY 11217	40.687742	-73.975407	0.0512348021105	8	0.101325584938	2	0.0742332999341	8	1	1	3000	869000	61	2000	1890	59	65	23	33	12	11	27	21	20	11	11	139
30665725_zpid	30665725_zpid	11226	154 Woodruff Ave, Brooklyn, NY 11226	40.65415	-73.960939	0.0805704156628	13	0.0886529717675	5	0.135521451923	2	4	3	3185	970000	32	1914	1905	485	75	286	271	251	32	35	26	61	79	15	387
30637555_zpid	30637555_zpid	11208	93 Shepherd Ave, Brooklyn, NY 11208	40.682643	-73.88216	0.159234039236	7	0.228454600487	3	0.225606949621	3	5	2	1992	100000	191	2038	1910	320	136	196	212	212	192	124	92	140	84	56	604
30671092_zpid	30671092_zpid	11218	28 E 4th St, Brooklyn, NY 11218	40.651936	-73.978354	0.194994798112	7	0.541596203583	1	0.323192026537	1	6	3.75	3000	1900000	8	2500	1899	68	96	48	84	52	92	104	108	72	8	20	224
29844930_zpid	29844930_zpid	10465	3703 E Tremont Ave, Bronx, NY 10465	40.82706	-73.822173	0.619594490935	1	0.0800877764045	1	2.21785140179	0	3	1.5	1200	400000	150	3050	1950	9	19	3	14	2	13	26	36	19	1	6	73
30619100_zpid	30619100_zpid	11249	132 S 1st St, Brooklyn, NY 11249	40.713848	-73.962117	0.0452661501912	10	0.274351219563	4	0.586482564797	2	3	2	2300	995000	36	1296	1925	23	85	7	25	6	29	18	15	22	3	6	100
29787994_zpid	29787994_zpid	10458	315 E 201st St, Bronx, NY 10458	40.8709303	-73.8831405	0.325502369967	12	0.340455411132	7	0.389496205966	4	8	3	2371	370000	33	2482	1901	588	30	87	104	105	31	18	10	28	42	11	159
30606694_zpid	30606694_zpid	11233	916 Herkimer St, Brooklyn, NY 11233	40.677946	-73.923126	0.394140201279	2	0.106447549835	1	0.162188524685	2	5	3	2415	365000	28	2254	1901	516	112	328	388	260	92	116	32	156	168	108	720
30587319_zpid	30587319_zpid	11215	552 1st St, Brooklyn, NY 11215	40.669884	-73.974288	0.351919574714	11	0.561296512193	1	0.647978571078	2	4	3.5	4920	4875000	20	2100	1910	120	124	28	84	36	40	216	108	68	20	32	548
2099245786_zpid	2099245786_zpid	10453	2132 Harrison Ave, Bronx, NY 10453	40.856164	-73.908166	0.433781685211	11	0.351465228152	11	0.304503726842	4	5	3	2100	549000	0	4037	1993	670	35	219	250	244	53	28	20	96	73	26	336
30580570_zpid	30580570_zpid	11218	581 20th St, Brooklyn, NY 11218	40.654908	-73.980793	0.434234676218	8	0.343404703662	3	0.642579686707	2	4	3	1728	1499000	0	1828	1930	1	10	8	7	4	13	12	15	7	0	2	27
30727610_zpid	30727610_zpid	11229	1762 E 23rd St, Brooklyn, NY 11229	40.607522	-73.950284	0.545487376348	5	0.455397333316	3	0.649278802092	1	5	2.5	4608	1825000	20	5000	1930	127	19	39	34	46	65	66	33	24	11	1	129
30602964_zpid	30602964_zpid	11221	100 Malcolm X Blvd, Brooklyn, NY 11221	40.690273	-73.930829	0.31304911278	9	0.409691319897	4	0.381633041633	2	14	4	4400	750000	111	2000	1931	203	67	113	144	127	56	32	20	38	63	42	290
30667383_zpid	30667383_zpid	11218	279 Argyle Rd, Brooklyn, NY 11218	40.642459	-73.966258	0.247171321546	8	0.284032179404	3	0.246835313167	2	5	3	2973	1750000	22	5000	1925	33	26	25	23	17	28	14	15	8	4	6	103
30759039_zpid	30759039_zpid	11234	1191 E 48th St, Brooklyn, NY 11234	40.632048	-73.929943	0.266201389723	6	0.923317772782	0	1.49779414773	0	3	2	2160	490000	15	2400	1940	30	11	18	22	12	26	24	10	17	13	2	69
29834796_zpid	29834796_zpid	10466	3849 Amundson Ave, Bronx, NY 10466	40.8881749	-73.8354729	0.473311327408	2	0.374639319333	4	0.390640430888	1	9	3	2299	293000	5	2500	1910	38	6	16	21	3	44	22	15	26	8	3	64
30601589_zpid	30601589_zpid	11233	1258 Herkimer St, Brooklyn, NY 11233	40.677352	-73.911909	0.106476771873	6	0.117138531307	3	0.159119441445	5	6	3	2565	395000	38	1653	1901	255	25	177	189	132	54	40	24	63	88	32	237
30735387_zpid	30735387_zpid	11223	2041 W 9th St, Brooklyn, NY 11223	40.5974151	-73.9803795	0.247500148961	5	0.157656345845	3	0.105219818539	5	4	2	1325	690000	8	1968	1925	132	72	44	124	40	188	120	168	84	28	24	320
30772513_zpid	30772513_zpid	11236	29 Paerdegat 15th St, Brooklyn, NY 11236	40.627538	-73.901314	1.01704830117	0	0.731374157165	1	2.12846504122	0	7	6	2133	605000	19	2100	1960	132	16	48	48	20	132	60	24	76	16	28	144
30776097_zpid	30776097_zpid	11236	1362 E 93rd St, Brooklyn, NY 11236	40.637669	-73.899711	0.16713617766	6	0.229882526748	3	1.01639351148	0	7	3	2080	468650	12	2256	1920	41	21	23	24	13	53	22	9	15	13	8	86
30574316_zpid	30574316_zpid	11232	206 30th St, Brooklyn, NY 11232	40.656587	-73.999583	0.274866867643	5	0.444654062145	1	0.4424465106	2	4	2	1530	665000	77	2203	1910	23	31	12	16	11	9	29	17	13	1	8	65
30579347_zpid	30579347_zpid	11220	446 58th St, Brooklyn, NY 11220	40.641088	-74.016223	0.108665181281	7	0.104670854784	8	0.143333492416	2	6	3	3074	1200000	18	2003	1899	164	61	57	75	58	31	66	37	47	27	7	235
30786589_zpid	30786589_zpid	11234	2181 E 38th St, Brooklyn, NY 11234	40.607667	-73.926147	0.486131327126	1	0.978506348972	0	2.67867262335	0	7	5	3213	825000	2	4720	1965	4	24	12	12	4	60	84	48	60	0	8	228
29832679_zpid	29832679_zpid	10466	852 E 231st St, Bronx, NY 10466	40.890281	-73.853399	0.209309018686	6	0.488035217883	4	0.471822527154	2	3	1	1624	152500	271	2256	1965	128	11	77	66	51	83	32	8	30	29	16	143
29841095_zpid	29841095_zpid	10465	1159 Vincent Ave, Bronx, NY 10465	40.8366339	-73.821563	0.22365422809	3	0.185678648385	1	1.46366897489	0	3	2.5	2900	610000	5	4791	1920	24	28	28	28	28	32	120	48	44	16	16	160
30640571_zpid	30640571_zpid	11207	535 Jerome St, Brooklyn, NY 11207	40.668238	-73.885166	0.254725050506	8	0.303103171504	4	0.247920338537	3	4	2	1500	511000	120	2003	1901	92	18	61	55	44	24	31	9	32	34	13	135
30664084_zpid	30664084_zpid	11210	3622 Farragut Rd, Brooklyn, NY 11210	40.6364469	-73.9414819	0.513273906039	1	0.537557824833	3	0.657558151848	2	3	2	1280	397000	15	1900	1935	143	8	109	103	103	42	20	7	32	28	6	183
94717694_zpid	94717694_zpid	11208	196 Chestnut St, Brooklyn, NY 11208	40.683207	-73.875793	0.0424068280416	8	0.287548647375	7	0.169514326328	2	9	7	3500	769000	0	3750	2009	95	37	59	82	53	54	42	16	67	37	11	202
30650081_zpid	30650081_zpid	11208	968 Hemlock St, Brooklyn, NY 11208	40.664723	-73.866682	0.379055638417	1	0.0374793541654	4	1.27134683928	0	3	2	2120	335000	40	3000	2005	21	4	7	11	6	13	21	5	7	6	1	53
30790951_zpid	30790951_zpid	11235	237 Exeter St, Brooklyn, NY 11235	40.576401	-73.947783	0.42597155857	5	0.938893447505	0	1.14956023796	0	4	3.5	2660	1850000	6	4000	1930	1	8	4	7	3	7	26	15	20	1	1	27
30566995_zpid	30566995_zpid	11217	149 Bond St, Brooklyn, NY 11217	40.685093	-73.98585	0.154596755623	12	0.381287166399	1	0.41833504167	8	1	1	2376	235000	251	1072	1910	54	72	7	39	14	36	43	20	19	15	13	134
30615736_zpid	30615736_zpid	11205	322 Carlton Ave, Brooklyn, NY 11205	40.687956	-73.972132	0.166362912032	10	0.370703552538	3	0.228950189239	9	4	3	4075	3480000	23	1900	1899	24	30	5	20	3	15	19	5	13	5	4	61
30771695_zpid	30771695_zpid	11236	1354 E 83rd St, Brooklyn, NY 11236	40.6292029	-73.902887	0.883745127042	0	0.698370690524	1	1.94462160663	0	5	3.5	2496	210000	7	2400	1960	172	24	68	72	32	184	88	32	92	20	32	232
29842243_zpid	29842243_zpid	10461	2826 Dudley Ave, Bronx, NY 10461	40.839498	-73.835058	0.155632211711	3	0.884268788382	0	0.49743275101	2	3	2	237402	468650	66	2375	1925	52	20	21	18	14	38	27	20	11	7	2	87
30794160_zpid	30794160_zpid	11229	2854 Gerritsen Ave, Brooklyn, NY 11229	40.590433	-73.922886	0.0711850739265	2	1.41974052001	0	2.67252034627	0	3	3	1216	435000	105	1440	1955	1	6	1	15	0	1	31	12	22	1	4	39
30794222_zpid	30794222_zpid	11229	118 Noel Ave, Brooklyn, NY 11229	40.589643	-73.925279	0.255897108926	2	1.22852952425	0	2.4601556446	0	4	2	1200	360000	30	1800	1925	2	6	1	17	1	1	30	11	21	1	4	36
30595461_zpid	30595461_zpid	11225	207 Lincoln Rd, Brooklyn, NY 11225	40.661479	-73.955663	0.39680838908	8	0.39747907961	8	0.430056303406	3	4	2	2820	2100000	1	2050	1905	526	112	203	161	167	27	40	19	52	64	22	298
30763519_zpid	30763519_zpid	11234	5713 Avenue M, Brooklyn, NY 11234	40.622011	-73.919891	0.259386895979	10	0.631933448862	1	2.63614308822	0	4	1.5	1536	435000	15	1896	1930	8	7	9	8	6	38	27	23	21	7	9	118
30696903_zpid	30696903_zpid	11209	432 78th St, Brooklyn, NY 11209	40.627963	-74.025215	0.174492422328	16	0.238057350576	3	0.199599509556	2	6	3	2440	940000	14	2000	1925	101	55	42	41	30	43	57	55	21	26	7	163
30770806_zpid	30770806_zpid	11236	5 Paerdegat 9th St, Brooklyn, NY 11236	40.629291	-73.906631	0.85610109664	0	0.871982269584	0	1.97458388857	0	7	3	2500	565000	43	2150	1965	148	8	32	72	28	208	64	16	68	16	24	148
30782063_zpid	30782063_zpid	11234	2044 E 67th St, Brooklyn, NY 11234	40.618421	-73.911345	0.125199338528	7	0.209775507707	1	3.24363186034	0	3	1	1260	425000	77	2000	1930	17	9	11	14	6	23	26	11	22	3	5	73
29786351_zpid	29786351_zpid	10468	2352 Aqueduct Ave, Bronx, NY 10468	40.8611942	-73.9050085	0.200227176496	5	0.119900301561	10	0.324515613538	5	4	1	1480	150000	68	2178	1901	534	73	229	292	291	36	33	18	81	86	47	384
30642586_zpid	30642586_zpid	11208	146 Logan St, Brooklyn, NY 11208	40.68314	-73.878626	0.257228664565	7	0.264407597521	4	0.226531033685	3	3	2.5	1396	360000	8	4615	1920	98	32	54	68	53	51	33	22	50	32	12	176
30768992_zpid	30768992_zpid	11236	977 E 77th St, Brooklyn, NY 11236	40.63271	-73.9135529	0.187198562096	5	0.282742237284	4	1.84029882011	0	4	3	2024	625000	102	2733	1960	20	3	14	9	6	23	23	3	19	5	3	47
30598517_zpid	30598517_zpid	11233	1685 Prospect Pl, Brooklyn, NY 11233	40.672972	-73.920615	0.406932466534	3	0.366080871776	3	0.646406317819	1	4	2	1976	600000	1	2426	1920	238	30	139	129	104	21	23	8	42	48	24	194
29822615_zpid	29822615_zpid	10469	2558 Tiemann Ave, Bronx, NY 10469	40.8641099	-73.837654	0.49503755294	2	0.242448189207	1	0.950588635121	0	3	3	1890	437500	7	2600	1950	11	12	4	5	0	12	18	13	15	2	1	45
29847859_zpid	29847859_zpid	10465	1001 Brinsmade Ave, Bronx, NY 10465	40.828999	-73.83085	0.396343272384	2	0.684244709032	1	1.58849269528	0	4	2	1634	369000	85	3100	1955	8	10	6	7	3	9	15	14	5	1	5	32
30583922_zpid	30583922_zpid	11215	363 5th St, Brooklyn, NY 11215	40.671296	-73.98314	0.127653986106	15	0.315826770498	5	0.438693460988	4	5	3	2600	2900000	0	2000	1899	61	76	26	48	26	27	63	43	32	15	21	237
30602913_zpid	30602913_zpid	11221	806 Greene Ave, Brooklyn, NY 11221	40.689921	-73.935866	0.354522414902	9	0.39514406175	5	0.706629118228	1	6	4	2709	699000	128	1800	1899	202	47	115	163	99	39	34	17	38	60	39	236
64869743_zpid	64869743_zpid	11234	1328 E 69th St, Brooklyn, NY 11234	40.622883	-73.913693	0.422687365591	5	0.724993246241	1	2.82899006971	0	3	3	1836	656000	10	2703	2005	84	16	36	44	16	192	96	88	88	20	32	364
30619848_zpid	30619848_zpid	11222	83 India St # 1, Brooklyn, NY 11222	40.732287	-73.9571	0.0607594129956	13	0.187443427609	4	0.351545665913	1	6	4	2640	960000	49	1667	1901	368	456	228	276	160	204	164	92	100	84	56	956
30780863_zpid	30780863_zpid	11234	7248 Bergen Ct, Brooklyn, NY 11234	40.625312	-73.910182	0.820837344006	0	0.898949239196	0	2.47785107437	0	3	1.5	3013	285000	198	2117	1965	72	8	28	20	8	148	52	52	44	12	16	232
30721272_zpid	30721272_zpid	11223	1758 W 13th St, Brooklyn, NY 11223	40.603782	-73.98588	0.159290817182	8	0.554264121541	6	0.467388116993	3	3	3	2133	655000	31	1899	1925	33	20	10	10	9	42	20	20	9	5	3	52
30619848_zpid	30619848_zpid	11222	83 India St # 1, Brooklyn, NY 11222	40.732287	-73.9571	0.0607594129956	12	0.187443427609	4	0.351545665913	1	6	4	2640	960000	49	1667	1901	368	456	228	276	160	204	164	92	100	84	56	956
30603234_zpid	30603234_zpid	11221	746 Lexington Ave, Brooklyn, NY 11221	40.689908	-73.929356	0.247826260266	9	0.376605774397	3	0.384998817092	2	7	3	2150	459000	74	1698	1901	205	62	107	150	118	54	36	15	40	65	38	288
79712264_zpid	79712264_zpid	10459	857 E 169th St, Bronx, NY 10459	40.8292842	-73.8968746	0.399391951041	6	0.423609301481	7	0.434910761158	2	8	5	3569	525000	19	1306	2009	189	80	103	135	105	25	21	6	28	46	21	183
30783783_zpid	30783783_zpid	11234	3301 Fillmore Ave, Brooklyn, NY 11234	40.610222	-73.935411	0.446277683427	2	0.436011062996	1	1.90119189503	0	3	2	2800	799000	0	2000	1930	1	8	4	6	2	11	17	23	24	3	2	39
30599694_zpid	30599694_zpid	11233	365 Bainbridge St, Brooklyn, NY 11233	40.6822299	-73.921982	0.427135865284	8	0.41669156055	2	0.390652709878	2	2	1	2409	445000	145	1867	1899	199	55	125	154	115	23	27	14	55	84	24	246
30601510_zpid	30601510_zpid	11233	15 Roosevelt Pl, Brooklyn, NY 11233	40.677212	-73.91518	0.329215434014	3	0.280208712513	4	0.398495585033	3	5	3	2185	406850	68	2185	1900	243	23	143	171	103	55	35	17	59	67	39	213
29853540_zpid	29853540_zpid	10471	259 W 259th St, Bronx, NY 10471	40.9066194	-73.8987391	0.246670626691	4	0.247697277282	3	1.32746800517	0	5	3	2174	800000	7	4220	1945	10	8	6	10	6	18	28	9	16	2	6	44
30649533_zpid	30649533_zpid	11208	466 Atkins Ave, Brooklyn, NY 11208	40.667134	-73.876853	0.248079416069	8	0.441958667399	5	0.586839849016	1	6	4	2750	725000	0	4000	1930	94	14	76	85	61	32	39	10	26	40	18	151
30705641_zpid	30705641_zpid	11204	1775 Bay Ridge Pkwy, Brooklyn, NY 11204	40.613848	-73.996235	0.0930830101128	15	0.128976229567	7	0.371719252614	2	3	2.5	2538	830000	50	3600	1991	16	11	7	36	8	36	21	19	9	5	4	62
30713055_zpid	30713055_zpid	11214	142 Bay 14th St, Brooklyn, NY 11214	40.60644	-74.00883	0.0711938882249	10	0.34211666235	6	0.622771222376	1	5	2	2000	825000	13	2160	1930	16	20	13	27	6	32	18	34	20	1	2	79
30783510_zpid	30783510_zpid	11229	1816 Madison Pl, Brooklyn, NY 11229	40.609194	-73.939952	0.458413589186	3	0.524294887148	1	1.51073255728	0	3	2.5	1352	454000	71	2000	1930	15	6	8	16	7	6	11	9	10	2	3	41
30605656_zpid	30605656_zpid	11233	330 Macdonough St, Brooklyn, NY 11233	40.681919	-73.933559	0.152501963756	9	0.1558132073	5	0.371446255747	2	6	3	2565	2200000	0	1900	1910	93	51	68	85	55	10	21	5	27	26	18	129
30730396_zpid	30730396_zpid	11214	8750 25th Ave, Brooklyn, NY 11214	40.59508	-73.990519	0.401769929499	8	0.394684503326	5	0.427324896576	1	5	3.5	2052	898000	7	20	1960	28	6	16	18	9	43	38	21	22	9	3	79
30781606_zpid	30781606_zpid	11234	2072 Pearson St, Brooklyn, NY 11234	40.612743	-73.918839	0.298066270188	3	0.940833568378	0	3.30539871842	0	7	3	3696	620000	74	2130	1970	10	3	11	9	7	29	20	10	13	4	5	74
30763658_zpid	30763658_zpid	11234	1217 E 59th St, Brooklyn, NY 11234	40.623616	-73.918397	0.25442119439	7	0.697728919579	2	2.67548955503	0	3	2	1296	410000	18	2000	1960	60	28	40	36	28	140	96	84	72	40	28	436
30784476_zpid	30784476_zpid	11234	1860 E 51st St, Brooklyn, NY 11234	40.614899	-73.925719	0.412215195399	6	0.994942102203	0	2.72360129076	0	3	2	1650	445000	3	1833	1930	17	46	5	8	10	28	27	19	17	5	8	103
30748000_zpid	30748000_zpid	11235	2472 E 21st St, Brooklyn, NY 11235	40.591999	-73.949256	0.143484203307	12	0.375423559581	4	0.616277715084	2	6	2.75	3060	648000	79	2625	1930	32	11	4	22	7	23	33	23	30	4	1	76
29786630_zpid	29786630_zpid	10453	1917 Hennessy Pl, Bronx, NY 10453	40.854799	-73.9154299	0.0798549160631	6	0.13083042206	4	0.354949067674	2	6	4	2444	355000	4	2134	1910	1476	88	448	616	620	308	108	32	300	176	68	780
30614198_zpid	30614198_zpid	11216	96 Madison St, Brooklyn, NY 11216	40.6840161	-73.9552372	0.224253680347	10	0.13841760021	7	0.346498230785	5	7	4	2520	460000	74	1875	1905	552	460	260	304	216	100	132	60	88	128	180	764
30629324_zpid	30629324_zpid	11221	1238 Bushwick Ave, Brooklyn, NY 11221	40.687438	-73.915019	0.211786094363	8	0.155696884609	3	0.179874297447	3	5	3	2400	940000	3	1500	1911	141	35	79	88	74	29	16	5	36	34	36	123
30722702_zpid	30722702_zpid	11223	1858 W 9th St, Brooklyn, NY 11223	40.601757	-73.981707	0.102831072433	10	0.473362223787	5	0.266896688989	3	6	4	20	950000	106	6000	1925	264	100	128	76	84	240	104	180	76	32	16	364
30781656_zpid	30781656_zpid	11234	2045 E 59th St, Brooklyn, NY 11234	40.614859	-73.916672	0.163618206451	6	0.668295913649	1	3.2942217524	0	4	2	880	515000	116	2000	1955	8	9	9	6	6	29	18	9	16	4	4	59
62648025_zpid	62648025_zpid	11206	585 Flushing Ave, Brooklyn, NY 11206	40.6997798	-73.9513104	0.35819705302	5	0.17822066186	10	0.0971617030518	4	1	1	3503	606000	217	2500	1934	40	19	20	39	19	19	19	25	16	6	10	104
30574137_zpid	30574137_zpid	11232	212 26th St, Brooklyn, NY 11232	40.6594093	-73.9980961	0.339619370278	5	0.121953098027	1	0.109951104527	1	4	2.5	2592	1150000	1	2504	1915	40	41	20	28	16	15	37	29	19	5	8	86
30786554_zpid	30786554_zpid	11234	2113 E 37th St, Brooklyn, NY 11234	40.608422	-73.92822	0.31043231845	1	0.939173143926	0	2.50127474932	0	3	2.5	1120	730000	2	2225	1920	1	8	2	2	1	15	21	20	19	0	3	57
30722510_zpid	30722510_zpid	11223	1821 Stillwell Ave, Brooklyn, NY 11223	40.602086	-73.985923	0.414303402984	9	0.410486145723	6	0.49377606493	3	2	1	2660	367000	168	2500	1955	30	15	10	8	6	30	19	35	11	6	3	51
83042415_zpid	83042415_zpid	11208	725 Fountain Ave # 1, Brooklyn, NY 11208	40.662672	-73.868439	0.494302968581	3	0.21188822335	3	1.35176848275	0	4	4	3036	314400	31	1870	2006	72	16	24	40	12	32	88	8	24	20	4	160
30614887_zpid	30614887_zpid	11205	14 N Portland Ave, Brooklyn, NY 11205	40.6976159	-73.97696	0.450745868912	3	0.542575635717	2	0.927344666588	0	5	2.5	2340	740000	46	20	1997	14	8	4	11	13	21	4	18	0	8	5	42
30793587_zpid	30793587_zpid	11229	11 Seba Ave, Brooklyn, NY 11229	40.5866939	-73.9248664	0.426380525955	2	1.35183951291	0	2.47611326548	0	2	2	1704	419000	0	1800	1925	8	12	4	56	0	0	120	44	76	8	20	152
30591197_zpid	30591197_zpid	11213	1488 Pacific St, Brooklyn, NY 11213	40.6769654	-73.9404055	0.114024929927	9	0.441037134729	7	0.331226179295	2	4	3	3000	1198855	24	2143	1910	180	38	91	98	88	24	18	7	28	39	19	177
30603988_zpid	30603988_zpid	11221	753 Putnam Ave, Brooklyn, NY 11221	40.686374	-73.931486	0.162041463955	8	0.121666377105	3	0.782961817769	0	3	3	2205	1250000	9	2000	1899	166	31	82	127	81	44	25	7	28	47	28	190
30571797_zpid	30571797_zpid	11231	297 Court St APT 1, Brooklyn, NY 11231	40.6838849	-73.994772	0.0722362464489	15	0.401915237705	5	0.352493296141	2	2	1	1300	1400000	59	20	1931	15	35	15	41	13	16	36	19	23	3	6	123
30723745_zpid	30723745_zpid	11230	716 Rugby Rd, Brooklyn, NY 11230	40.631777	-73.963882	0.213232428781	6	0.245958597392	5	0.337332300465	2	5	2.5	2344	1025000	35	4000	1910	61	34	52	46	36	66	38	38	25	11	8	129
30601454_zpid	30601454_zpid	11233	19 Louis Pl # A, Brooklyn, NY 11233	40.677199	-73.917059	0.1813505687	3	0.423674817281	3	0.413313870451	2	5	2	2040	140000	6	2888	1901	207	16	119	134	97	44	35	17	55	63	32	184
30619254_zpid	30619254_zpid	11249	66 S 3rd St, Brooklyn, NY 11249	40.713253	-73.965362	0.101969813667	8	0.351072570105	4	0.833123070077	0	6	3	2100	1600000	26	1162	1920	25	90	8	33	8	23	21	38	20	3	8	97
30748457_zpid	30748457_zpid	11235	2475 Coyle St, Brooklyn, NY 11235	40.592581	-73.935246	0.179335961682	6	0.395912500038	3	1.70934373125	0	5	3	2440	440000	50	2000	1955	6	13	9	2	5	4	7	14	6	2	2	58
