30695848_zpid	30695848_zpid	11209	454 76th St, Brooklyn, NY 11209	40.629108	-74.024133	0.137853731802	19	0.099029460703	4	0.136069513648	2	4	2	2380	935000	11	2000	1910	66	52	36	38	22	42	66	70	28	19	8	171
30786034_zpid	30786034_zpid	11234	2059 Ryder St, Brooklyn, NY 11234	40.610154	-73.927705	0.220575001847	2	0.946687050952	0	2.54992961486	0	2	2	1614	699000	0	2500	1925	5	9	2	6	1	22	27	21	19	0	5	73
29795724_zpid	29795724_zpid	10472	1266 Evergreen Ave, Bronx, NY 10472	40.830709	-73.881263	0.291136743199	8	0.279242365277	2	0.295655722573	3	7	4	2604	420000	47	2467	1930	242	35	119	132	131	41	21	7	46	44	8	202
30702678_zpid	30702678_zpid	11228	1369 70th St, Brooklyn, NY 11228	40.622233	-74.002532	0.121175642669	10	0.325126384324	2	0.427416806604	3	7	4	4219	1449000	0	4000	1930	48	12	32	72	28	124	96	80	36	8	8	224
30646226_zpid	30646226_zpid	11208	667 Drew St, Brooklyn, NY 11208	40.673678	-73.86163	0.630209803339	2	0.40463191598	7	0.473044203119	2	2	2	1750	417000	98	40	1910	43	6	35	23	17	20	10	6	16	7	5	68
30765972_zpid	30765972_zpid	11203	332 E 59th St, Brooklyn, NY 11203	40.645863	-73.92136	0.163633536232	5	0.88971609202	0	1.65022750716	0	3	1.5	1440	360400	23	2200	1940	152	24	40	28	28	48	84	20	24	16	20	156
30624194_zpid	30624194_zpid	11211	237 Devoe St, Brooklyn, NY 11211	40.714138	-73.940386	0.130501753009	10	0.254931609707	3	0.247193071965	3	6	3	1700	1545000	27	2500	1910	31	86	16	47	22	32	40	9	27	15	19	178
30701447_zpid	30701447_zpid	11209	9318 Lafayette Walk, Brooklyn, NY 11209	40.6175623	-74.03168	0.176477701917	11	0.067678739136	5	0.158809989803	2	2	2	910	450000	80	929	1925	122	45	32	37	31	82	48	32	6	12	8	184
30618385_zpid	30618385_zpid	11211	186 N 9th St, Brooklyn, NY 11211	40.71837	-73.956093	0.0925055404596	11	0.178467349414	4	0.135994137994	2	4	2	1500	999000	34	2000	1910	168	472	60	220	72	104	144	56	44	44	56	572
30630876_zpid	30630876_zpid	11207	112 Cooper St, Brooklyn, NY 11207	40.686596	-73.908152	0.422229352052	9	0.460303626902	3	0.422339048835	4	9	3	2700	550000	24	2500	1925	146	37	121	166	108	29	34	23	45	65	29	249
2103579395_zpid	2103579395_zpid	11234	2240 East 70, Brooklyn, NY 11234	40.616875	-73.905759	0.409600283675	2	0.311278327308	1	3.33139165555	0	4	3	1225	640000	0	2500	1965	11	14	8	13	6	12	22	11	20	2	5	62
30613409_zpid	30613409_zpid	11238	43 Lexington Ave, Brooklyn, NY 11238	40.686789	-73.960521	0.446347516336	10	0.44001605509	6	0.235092612856	3	2	1	2400	1750000	18	2000	1930	117	112	68	92	61	25	44	14	45	18	29	140
30765168_zpid	30765168_zpid	11234	1783 Hendrickson St, Brooklyn, NY 11234	40.6160087	-73.9306772	0.0452151406669	5	0.666284177785	1	2.3586968895	0	3	2	1584	480000	128	2000	1920	32	208	8	40	12	120	124	80	72	20	8	420
30670710_zpid	30670710_zpid	11218	12 Terrace Pl, Brooklyn, NY 11218	40.653333	-73.9809609	0.391299640098	8	0.478572138779	3	0.589313904232	1	4	3	2452	1025000	41	2000	1948	1	12	8	8	5	15	12	18	8	0	2	32
30636553_zpid	30636553_zpid	11207	147 Sunnyside Ave, Brooklyn, NY 11207	40.682025	-73.891772	0.308844617279	2	0.214037387868	4	0.472744669506	2	5	2.5	2408	536850	10	2400	1910	76	30	43	45	35	54	39	34	32	18	6	101
29832053_zpid	29832053_zpid	10466	765 E 226th St, Bronx, NY 10466	40.887976	-73.857657	0.246836548829	7	0.281816243679	2	0.225934049913	3	6	2	2352	550000	92	2874	1920	254	26	104	108	92	92	25	12	40	63	19	187
64505236_zpid	64505236_zpid	11210	4011 Hubbard Pl, Brooklyn, NY 11210	40.6253432	-73.9365133	0.24853332461	1	0.822641834178	0	1.25686252947	0	4	2	2081	606900	125	1742	2004	244	28	108	132	80	136	128	36	76	44	36	280
30782095_zpid	30782095_zpid	11234	1543 E 66th St, Brooklyn, NY 11234	40.618281	-73.911658	0.130122187104	7	0.222463338696	1	3.26534443879	0	4	2	1250	467500	24	2000	1930	17	9	11	14	6	22	25	10	18	3	5	70
30702126_zpid	30702126_zpid	11209	328 Marine Ave, Brooklyn, NY 11209	40.614336	-74.033856	0.0831736177392	9	0.23865470948	3	0.301466893973	1	5	2	2600	900000	23	2100	1925	166	31	23	24	25	53	42	43	7	10	5	112
30739122_zpid	30739122_zpid	11223	88 Lancaster Ave, Brooklyn, NY 11223	40.592711	-73.96153	0.299369971865	11	0.629929898544	3	0.607843047621	1	2	1.5	1350	630000	12	2613	1930	64	40	12	52	28	72	100	52	28	8	4	128
30734938_zpid	30734938_zpid	11223	1936 E 9th St, Brooklyn, NY 11223	40.601918	-73.963092	0.484025603741	7	0.0863710384058	5	0.671916291922	1	6	5	2800	999999	3	2000	1920	45	17	18	31	13	28	20	10	17	7	4	68
30788300_zpid	30788300_zpid	11234	2278 E 66th St, Brooklyn, NY 11234	40.614128	-73.90785	0.35313531883	3	0.370607916087	1	3.65608789503	0	3	2.5	2480	825000	5	5367	1960	1	15	5	6	2	12	11	10	9	1	1	50
30722792_zpid	30722792_zpid	11223	1835 W 9th St, Brooklyn, NY 11223	40.602305	-73.981222	0.141008147313	7	0.399929786316	3	0.194513997119	3	2	1	1932	275000	129	3000	1925	75	30	36	20	24	67	29	48	21	10	6	96
79715457_zpid	79715457_zpid	11233	14 Columbus Pl, Brooklyn, NY 11233	40.677687	-73.923039	0.37560527844	2	0.13501681556	1	0.174008814518	2	8	5	4032	825000	96	1890	2007	122	28	79	89	63	22	28	8	36	39	26	174
122026948_zpid	122026948_zpid	11203	491 Rutland Rd, Brooklyn, NY 11203	40.659988	-73.944367	0.314260462489	4	0.27278989621	7	0.568669443709	2	9	7	150	1550000	12	2000	1800	91	19	54	50	35	24	27	16	11	14	13	67
29777707_zpid	29777707_zpid	10455	388 E 155th St, Bronx, NY 10455	40.820107	-73.916471	0.256110643752	5	0.144933578719	11	0.458052052089	2	4	3	3162	579000	92	2500	1899	39	20	14	29	19	12	15	1	6	4	8	110
30602162_zpid	30602162_zpid	11221	473 Kosciuszko St, Brooklyn, NY 11221	40.692587	-73.9362	0.351918732858	10	0.448160657476	6	0.516334019122	2	4	4	2430	1250000	4	1800	1931	148	64	73	105	89	39	28	15	26	49	38	196
30781433_zpid	30781433_zpid	11234	1493 E 68th St, Brooklyn, NY 11234	40.62034	-73.911466	0.328234347971	5	0.386389439732	1	3.03981713085	0	5	3	2552	813600	12	3600	1986	68	20	36	60	28	104	96	52	84	8	24	280
30637443_zpid	30637443_zpid	11208	96 Essex St, Brooklyn, NY 11208	40.682162	-73.883581	0.225080069933	7	0.236327466832	3	0.262250509544	2	4	2	2970	245000	8	1999	1910	72	33	46	48	45	47	32	21	32	19	14	136
2103615700_zpid	2103615700_zpid	11223	2128 E 8th St, Brooklyn, NY 11223	40.597304	-73.963196	0.310442042789	7	0.115338435107	5	0.653187862318	2	7	5	1560	1588000	0	3240	1925	42	20	11	25	13	28	30	17	12	5	4	65
30646961_zpid	30646961_zpid	11207	540 New Lots Ave, Brooklyn, NY 11207	40.663635	-73.888345	0.261018454092	7	0.157052771006	7	0.217848980513	3	8	4	3312	270000	34	2447	1930	225	12	140	134	129	27	46	12	50	71	16	237
30608020_zpid	30608020_zpid	11205	578 Lafayette Ave, Brooklyn, NY 11205	40.6895669	-73.951832	0.300054612158	10	0.369282103833	6	0.0469968049397	3	7	4	2048	1764000	9	1600	1899	100	28	17	29	18	11	16	17	10	9	11	78
30641923_zpid	30641923_zpid	11208	99 Grant Ave, Brooklyn, NY 11208	40.68864	-73.868185	0.168177581337	6	0.361292145894	6	0.311553557232	2	3	1	1106	266000	57	4000	1925	48	24	33	46	30	39	22	9	23	18	3	101
30788941_zpid	30788941_zpid	11234	2239 E 59th Pl, Brooklyn, NY 11234	40.6108059	-73.911741	0.557559900375	3	0.742705402113	1	3.90074579783	0	5	3	2184	260000	262	3967	1955	8	24	12	12	12	72	28	68	76	4	4	116
30567541_zpid	30567541_zpid	11201	3 Monroe Pl, Brooklyn, NY 11201	40.697092	-73.99243	0.0459984823915	16	0.0600167124202	3	0.0692725214591	8	7	4	4360	2475000	48	1700	1849	47	108	17	22	17	7	53	24	25	6	10	158
30658508_zpid	30658508_zpid	11203	63 E 43rd St, Brooklyn, NY 11203	40.654503	-73.9371759	0.515923436171	3	0.555361924568	1	1.12340336779	0	3	1	1683	242500	2	1800	1945	102	14	56	48	42	51	29	9	29	33	7	103
29848443_zpid	29848443_zpid	10465	2874 Schley Ave, Bronx, NY 10465	40.823865	-73.821163	0.492825424687	1	0.396649535614	2	2.56351542266	0	3	2	1188	420000	99	2193	1960	13	19	8	18	7	14	22	21	12	1	3	57
30702512_zpid	30702512_zpid	11209	210 Battery Ave, Brooklyn, NY 11209	40.614465	-74.025797	0.34144352787	10	0.543319778434	4	0.49765471456	1	6	5	3327	1175000	2	2468	1965	168	48	28	28	36	52	60	16	8	12	12	128
30790023_zpid	30790023_zpid	11235	191 Brighton 10th St, Brooklyn, NY 11235	40.5807209	-73.958087	0.215588213617	12	0.171869020451	5	0.43413860044	1	5	3	1848	360000	19	2400	1930	1024	232	308	388	264	316	208	112	204	136	100	1020
30761143_zpid	30761143_zpid	11234	1218 E 54th St, Brooklyn, NY 11234	40.627968	-73.924223	0.126063523221	6	0.491956722714	3	2.05138322892	0	9	3	4042	556500	135	2100	1990	45	14	30	24	18	61	24	30	22	18	5	95
29783195_zpid	29783195_zpid	10460	1819 Trafalgar Pl, Bronx, NY 10460	40.8400524	-73.8873421	0.351460042807	11	0.284118608907	4	0.309496528212	2	5	3	2535	200000	5	1625	1931	860	108	444	444	392	72	80	12	120	124	68	744
30591506_zpid	30591506_zpid	11216	1004 Bergen St, Brooklyn, NY 11216	40.676115	-73.9537299	0.272203948554	12	0.360483461079	5	0.361160303362	6	1	1	1485	740000	103	2142	1930	265	86	146	190	167	30	39	14	41	52	46	222
30595953_zpid	30595953_zpid	11213	1249 Saint Marks Ave, Brooklyn, NY 11213	40.6741839	-73.927562	0.246115014399	8	0.599261000223	5	0.635616861332	3	5	3	2304	1100000	0	1504	1910	696	68	416	460	368	100	52	12	104	132	60	692
29790722_zpid	29790722_zpid	10473	1997 Gildersleeve Ave, Bronx, NY 10473	40.810117	-73.851451	0.533553482677	1	1.15518293729	0	2.68937014736	0	2	1	630	250000	13	2500	1930	13	8	13	10	8	14	10	13	8	7	2	37
30765752_zpid	30765752_zpid	11234	5823 Avenue O, Brooklyn, NY 11234	40.61737	-73.9181739	0.195235225949	7	0.740572973627	1	3.02705036412	0	2	2	1600	167000	227	1780	1955	14	11	7	6	10	25	28	10	21	2	5	114
30788844_zpid	30788844_zpid	11234	2676 E 65th St, Brooklyn, NY 11234	40.606992	-73.911436	0.980243940017	0	1.15346143654	0	3.856702902	0	4	4.5	2616	1145000	24	3900	1960	3	5	1	6	3	18	4	27	21	2	1	30
30567927_zpid	30567927_zpid	11201	281 Henry St, Brooklyn, NY 11201	40.692073	-73.995276	0.172974749356	16	0.212892999199	4	0.434141890761	6	6	4	5025	7200000	3	1542	1905	220	448	92	220	76	108	276	160	128	40	52	912
30737664_zpid	30737664_zpid	11223	2232 W 5th St, Brooklyn, NY 11223	40.593615	-73.97624	0.21057202361	9	0.210591813943	2	0.195449645518	4	4	3	1408	749888	2	1900	1925	36	18	10	27	10	49	24	36	24	7	8	106
30782401_zpid	30782401_zpid	11234	2045 E 74th St, Brooklyn, NY 11234	40.622119	-73.905937	0.646892003213	1	0.617481448888	1	2.75296005484	0	3	2	1092	398500	33	2003	1925	13	2	4	6	6	15	11	4	15	2	2	41
30653139_zpid	30653139_zpid	11203	115 E 57th St, Brooklyn, NY 11203	40.653215	-73.923398	0.19025753974	9	0.316301199116	3	1.09432939983	0	5	2	1876	415000	2	2565	1945	129	16	44	61	51	39	20	7	16	25	13	118
30754907_zpid	30754907_zpid	11210	1357 E 27th St, Brooklyn, NY 11210	40.617921	-73.947835	0.636066602728	3	0.294135686645	2	0.977731002363	0	3	2	2500	570000	39	2500	1925	17	2	1	11	1	17	21	13	14	0	4	41
94718446_zpid	94718446_zpid	11207	181 Schaefer St, Brooklyn, NY 11207	40.689525	-73.908337	0.146666174268	9	0.668343186877	1	0.371973441475	1	3	2	4160	231000	11	2178	2008	119	34	86	111	82	22	26	17	43	50	23	193
29813154_zpid	29813154_zpid	10462	1706 Matthews Ave, Bronx, NY 10462	40.845045	-73.861079	0.197241498877	9	0.218899968006	4	0.750564329937	0	3	2	1366	350000	32	1263	1970	166	26	52	70	44	66	35	19	30	26	10	135
30741741_zpid	30741741_zpid	11229	1927 E 13th St, Brooklyn, NY 11229	40.602587	-73.958705	0.473266545554	11	0.419162450527	6	0.434670889042	2	4	4	3080	2400000	0	3001	1925	109	34	33	34	37	65	25	18	17	11	6	108
30774493_zpid	30774493_zpid	11236	924 E 99th St, Brooklyn, NY 11236	40.644077	-73.898741	0.224642691184	6	0.706472136821	1	0.388912718045	2	6	2	1323	494400	128	2000	1925	65	9	27	19	19	54	18	7	16	18	9	101
30698396_zpid	30698396_zpid	11228	1050 81st St, Brooklyn, NY 11228	40.619938	-74.016487	0.654619285121	2	0.761869256075	0	1.05191325712	0	3	2.5	1991	755000	27	2000	1925	16	7	8	10	6	20	49	20	20	3	5	40
30782101_zpid	30782101_zpid	11234	1527 E 66th St, Brooklyn, NY 11234	40.6185339	-73.911938	0.166715200676	7	0.257595797187	1	3.2442540858	0	3	2	1200	450000	18	2000	1930	17	8	11	14	6	23	26	10	18	3	5	75
30792650_zpid	30792650_zpid	11235	123 Neptune Ave, Brooklyn, NY 11235	40.582508	-73.958305	0.209014837554	12	0.154327654011	8	0.594818221627	2	9	3	2754	740000	11	1785	1915	876	176	252	336	184	280	196	124	176	108	104	816
30718038_zpid	30718038_zpid	11230	1399 E 4th St, Brooklyn, NY 11230	40.616416	-73.971057	0.0187943521979	7	0.0941631707936	2	0.300963979422	2	3	3	1248	667500	7	1975	1930	176	32	64	96	80	188	168	96	88	20	20	284
30742371_zpid	30742371_zpid	11229	1938 E 27th St, Brooklyn, NY 11229	40.603745	-73.945737	0.320540302239	3	0.459200160177	2	0.993426346882	0	5	4	2768	975000	15	1833	1950	88	60	52	96	32	144	148	56	116	4	12	444
29844386_zpid	29844386_zpid	10465	1633 Bayview Ave, Bronx, NY 10465	40.847273	-73.817601	1.04142409424	0	0.748383211291	1	1.01752056532	0	4	2.5	1800	192000	227	1.081559952E8	1960	1	2	0	4	0	12	16	15	5	1	0	28
2099102789_zpid	2099102789_zpid	11212	879 Mother Gaston Blvd APT 6, Brooklyn, NY 11212	40.6567165	-73.9032754	0.13582617164	3	0.403805068764	2	0.408636899459	1	7	6	4602	950000	0	2200	1930	53	9	32	43	31	17	18	5	28	11	4	96
30783538_zpid	30783538_zpid	11229	1871 Madison Pl, Brooklyn, NY 11229	40.608523	-73.938427	0.501549241663	4	0.571693346403	1	1.63859973852	0	3	3	2600	700000	18	3300	1925	12	24	20	52	24	40	52	28	24	4	8	120
30713342_zpid	30713342_zpid	11214	103 Bay 25th St, Brooklyn, NY 11214	40.601926	-73.999456	0.170485033955	8	0.263216121508	9	0.312353380982	3	7	3	2080	1399000	0	2900	1925	170	20	46	55	43	83	41	38	19	20	10	178
29842771_zpid	29842771_zpid	10461	1529 Gillespie Ave, Bronx, NY 10461	40.843029	-73.83135	0.193483474132	6	0.502116773655	1	0.428876962321	2	4	3	1800	425000	5	2500	1930	80	14	21	18	21	46	38	15	10	14	5	110
30659462_zpid	30659462_zpid	11203	971 New York Ave, Brooklyn, NY 11203	40.64956	-73.946222	0.306634713664	6	0.319571848531	4	0.317165572073	2	7	3	3330	899000	0	2000	1910	468	84	396	336	312	212	44	20	96	96	40	432
30740405_zpid	30740405_zpid	11235	2749 Brighton 7th St, Brooklyn, NY 11235	40.583575	-73.962014	0.209105360143	8	0.289934699565	6	0.660865328311	1	8	4	2808	800000	8	2583	1930	428	152	132	236	104	232	196	124	104	76	92	652
30608313_zpid	30608313_zpid	11221	76 Van Buren St, Brooklyn, NY 11221	40.6901283	-73.9425741	0.252843793125	11	0.237831901018	4	0.76202069977	0	3	2	2500	725000	19	1480	1901	165	45	84	116	88	28	29	8	31	45	25	186
30720670_zpid	30720670_zpid	11223	1665 W 4th St, Brooklyn, NY 11223	40.6066925	-73.9772757	0.201813223593	10	0.192383441946	6	0.403347272148	4	6	5	3768	1599000	0	2500	1930	86	26	43	25	31	73	25	44	27	12	4	111
29853331_zpid	29853331_zpid	10471	5822 Spencer Ave, Bronx, NY 10471	40.906299	-73.899312	0.186710170042	4	0.187736892349	3	1.27280207013	0	4	1.5	1000	560875	20	2111	1930	48	24	20	48	32	92	120	44	72	4	28	192
29812478_zpid	29812478_zpid	10460	1736 Van Buren St, Bronx, NY 10460	40.842125	-73.870778	0.103505198327	6	0.719428390576	2	0.229666641856	1	10	3	3546	200000	16	2500	1905	171	18	46	54	62	43	17	13	30	34	25	122
30732700_zpid	30732700_zpid	11224	2785 W 15th St, Brooklyn, NY 11224	40.5796252	-73.9829427	0.322660651821	2	0.390228454608	3	0.284688676821	3	5	2	2000	655000	7	3998	1930	200	24	76	108	88	60	108	48	32	64	16	276
30596988_zpid	30596988_zpid	11213	1420 Lincoln Pl, Brooklyn, NY 11213	40.6694775	-73.9295601	0.122747246466	10	0.20134971184	8	0.292768600387	1	5	3	3420	630000	8	2375	1920	479	46	270	264	244	45	33	15	49	100	37	347
30598097_zpid	30598097_zpid	11233	2270 Atlantic Ave, Brooklyn, NY 11233	40.675986	-73.910221	0.123068199518	7	0.128227248694	3	0.282804692857	6	11	3	2112	466000	134	1667	1901	227	21	140	184	117	42	36	22	59	76	31	200
30574142_zpid	30574142_zpid	11232	243 27th St, Brooklyn, NY 11232	40.65849	-73.9972839	0.339309010994	5	0.240821133373	1	0.222959198611	1	5	1	2250	850000	18	2504	1910	34	41	17	23	12	12	32	27	18	4	8	75
30663286_zpid	30663286_zpid	11203	706 E 43rd St, Brooklyn, NY 11203	40.6380399	-73.936016	0.44688356596	3	0.952923206108	0	1.06878554975	0	5	2	2040	530000	111	1758	1930	18	10	8	13	10	34	18	4	15	11	5	60
29829209_zpid	29829209_zpid	10469	1789 Tillotson Ave, Bronx, NY 10469	40.877789	-73.842205	0.256744201786	3	0.332994559701	2	0.408808188531	1	2	2	1672	287000	61	3005	1960	25	6	22	24	16	34	29	17	34	9	5	78
72690393_zpid	72690393_zpid	11235	191 Jaffrey St, Brooklyn, NY 11235	40.578291	-73.942362	0.71493377024	1	1.37027406254	0	1.38261963217	0	4	4	3676	2150000	0	3120	2006	68	20	4	44	12	56	76	28	44	4	4	104
30637530_zpid	30637530_zpid	11208	149 Shepherd Ave, Brooklyn, NY 11208	40.681348	-73.881836	0.0669887386643	7	0.130329334542	3	0.1518573545	3	4	2	2480	620000	2	2000	1910	344	148	240	292	244	200	140	104	152	104	60	708
30691644_zpid	30691644_zpid	11220	243 68th St, Brooklyn, NY 11220	40.63723	-74.026883	0.131675349215	11	0.157558050281	3	0.388818866094	1	5	3	3150	750000	41	1698	1925	55	22	31	33	25	28	27	30	11	14	4	82
30787569_zpid	30787569_zpid	11234	2739 E 64th St, Brooklyn, NY 11234	40.6063857	-73.9129929	1.10844044957	0	1.24552748543	0	3.71361291718	0	7	4	2120	735000	1	2500	1965	3	4	2	5	3	17	4	27	20	2	1	26
30737522_zpid	30737522_zpid	11223	2250 W 7th St, Brooklyn, NY 11223	40.5930209	-73.9780956	0.421478386746	5	0.0423630143666	2	0.0352648533576	5	3	2	952	599000	0	670	1925	144	72	44	100	44	156	84	136	92	36	20	320
30615862_zpid	30615862_zpid	11217	96 Fort Greene Pl, Brooklyn, NY 11217	40.6866496	-73.9766826	0.133242480268	10	0.0715583105878	1	0.182492815798	9	6	6	3528	2800000	12	1842	1899	66	78	28	44	17	17	33	34	28	17	23	183
30601586_zpid	30601586_zpid	11233	1250 Herkimer St, Brooklyn, NY 11233	40.677363	-73.912113	0.1231644463	6	0.134207189185	3	0.169154442945	4	8	3	2565	641497	8	1653	1901	257	26	174	184	131	55	39	23	64	82	34	232
30788607_zpid	30788607_zpid	11234	2514 E 66th St, Brooklyn, NY 11234	40.609388	-73.90761	0.84300253901	0	0.887138608188	0	4.1768778444	0	5	3	2310	900000	133	4000	1965	2	4	1	5	0	8	8	9	15	1	1	28
30790289_zpid	30790289_zpid	11235	3059 Brighton 14th St, Brooklyn, NY 11235	40.578336	-73.9553339	0.0547048605719	10	0.273570868248	6	0.508002532753	1	7	3	3024	750000	9	2200	1925	788	188	228	244	188	208	216	96	148	116	44	628
30567428_zpid	30567428_zpid	11201	165 Columbia Hts, Brooklyn, NY 11201	40.6975977	-73.9965796	0.242603961458	12	0.324997270785	1	0.295218002457	4	1	1	4172	9800000	5	2340	1899	43	79	19	22	18	5	43	18	18	8	12	124
30695225_zpid	30695225_zpid	11209	7626 Narrows Ave, Brooklyn, NY 11209	40.6321571	-74.0365592	0.477716426489	2	0.877493252974	0	0.971408897862	0	6	4	3838	1195000	69	3800	1925	12	5	3	6	3	20	29	55	10	0	1	35
29821417_zpid	29821417_zpid	10469	2582 Stedman Pl, Bronx, NY 10469	40.864719	-73.850989	0.640369013933	1	0.60169311697	2	0.660778478084	1	3	2.5	1584	355000	44	1786	1960	19	10	10	7	6	30	23	15	26	7	6	73
30605878_zpid	30605878_zpid	11233	580 Macdonough St, Brooklyn, NY 11233	40.683092	-73.923301	0.432931170618	10	0.485055620457	4	0.507555703433	3	5	6	3600	655000	28	1800	1899	186	78	117	149	103	22	23	16	51	76	25	229
30789815_zpid	30789815_zpid	11235	112 Brightwater Ct, Brooklyn, NY 11235	40.5753885	-73.9662761	0.188352741531	7	0.327387607055	7	0.214377690884	2	4	2.5	2000	710000	3	1586	1950	276	124	176	232	156	120	88	24	124	52	48	616
29781109_zpid	29781109_zpid	10474	889 Faile St, Bronx, NY 10474	40.819435	-73.888047	0.165833722563	8	0.301883903777	5	0.269802913112	2	7	2	2370	450000	25	2500	1899	139	10	87	83	73	13	17	11	30	24	13	126
30788434_zpid	30788434_zpid	11234	2323 E 63rd St, Brooklyn, NY 11234	40.612527	-73.909339	0.476216657346	2	0.524584249674	1	3.85132648078	0	5	6	5200	1625000	23	4900	1950	1	8	3	5	2	10	6	14	9	1	0	26
30722943_zpid	30722943_zpid	11223	1832 W 5th St, Brooklyn, NY 11223	40.602751	-73.977974	0.270822855683	7	0.274298928153	3	0.239686172997	3	5	3.5	2292	1599000	0	2400	1920	336	116	180	108	132	364	132	248	92	56	28	484
30633458_zpid	30633458_zpid	11212	945 Thomas S Boyland St, Brooklyn, NY 11212	40.657139	-73.910116	0.230553449089	6	0.19840775839	5	0.613830332528	2	7	3	2320	410000	31	2000	1930	696	72	476	424	324	116	132	44	196	112	52	776
