30636591_zpid	30636591_zpid	11207	34 Sunnyside Ct, Brooklyn, NY 11207	40.683128	-73.889701	0.490320332535	4	0.40887897836	4	0.554977420558	2	6	3	4100	593000	13	1600	1901	208	112	136	136	112	152	108	76	108	40	24	300
30676329_zpid	30676329_zpid	11230	417 Foster Ave, Brooklyn, NY 11230	40.629399	-73.973321	0.0438533488842	7	0.329173240107	6	0.308685596963	2	6	3	2226	387500	102	3010	1910	81	44	37	42	41	47	31	58	19	10	12	117
30770679_zpid	30770679_zpid	11236	5 Beach Pl, Brooklyn, NY 11236	40.6352437	-73.9022561	0.338560537718	7	0.504038692163	2	1.27065190468	0	3	2	1900	376300	56	6750	1930	160	68	88	108	48	240	80	32	80	44	40	380
30693074_zpid	30693074_zpid	11209	230 Ovington Ave, Brooklyn, NY 11209	40.635036	-74.028201	0.119983963705	12	0.115015203787	3	0.40759147525	2	6	6	3774	1480000	12	2995	1899	128	20	32	44	31	35	27	89	19	13	3	126
30642460_zpid	30642460_zpid	11208	133 Nichols Ave, Brooklyn, NY 11208	40.687484	-73.869	0.0628449823251	7	0.280629826245	6	0.405710498304	3	5	2	3372	468000	19	2500	1905	62	32	42	58	35	59	32	12	35	25	4	139
2101913659_zpid	2101913659_zpid	11207	399 Pennsylvania Ave., Brooklyn, NY 11207	40.667595	-73.894415	0.147230028923	6	0.191779494373	11	0.331989011313	5	7	3.5	3000	545000	6	2000	1901	163	18	109	121	116	22	43	10	41	39	15	191
30598746_zpid	30598746_zpid	11233	1551 Eastern Pkwy, Brooklyn, NY 11233	40.671111	-73.916689	0.378559142588	7	0.442177835038	5	0.871676925927	0	6	3	2772	3000	61	1600	1920	171	7	90	104	62	10	11	9	21	36	19	129
29790528_zpid	29790528_zpid	10473	158 Husson Ave, Bronx, NY 10473	40.809532	-73.850673	0.597464064091	1	1.18082610824	0	2.75576463818	0	3	2	2100	235000	35	2500	1925	13	8	13	9	8	12	8	13	8	7	2	36
30603766_zpid	30603766_zpid	11221	165 Malcolm X Blvd, Brooklyn, NY 11221	40.68759	-73.9296729	0.150499563705	10	0.118525303934	4	0.644400800527	2	4	2	2500	400000	42	2500	1899	193	42	105	143	114	52	30	11	34	55	34	226
30641310_zpid	30641310_zpid	11207	633 Miller Ave, Brooklyn, NY 11207	40.665018	-73.888999	0.31912872991	8	0.24388834791	9	0.0768677754691	3	11	6	3485	137000	307	2660	1925	247	19	155	148	148	30	42	11	64	81	21	272
30635119_zpid	30635119_zpid	11207	497 Pennsylvania Ave, Brooklyn, NY 11207	40.665183	-73.893805	0.319232682982	4	0.106931991002	8	0.110420006414	3	8	3	2000	990000	90	2003	1901	242	19	149	137	172	23	49	12	49	61	16	265
30574527_zpid	30574527_zpid	11232	181 33rd St, Brooklyn, NY 11232	40.655778	-74.001868	0.0919909529708	4	0.599643158617	3	0.263584368391	2	1	1	1978	206000	262	1503	1987	22	31	11	16	11	9	36	18	15	1	9	78
30619406_zpid	30619406_zpid	11211	172 S 4th St, Brooklyn, NY 11211	40.7110546	-73.9611998	0.197831862992	15	0.366455341733	5	0.411867927023	1	7	4	3362	300000	139	1449	1899	456	840	324	544	256	100	196	140	144	112	96	1100
30619406_zpid	30619406_zpid	11211	172 S 4th St, Brooklyn, NY 11211	40.7110546	-73.9611998	0.197831862992	13	0.366455341733	5	0.411867927023	1	7	4	3362	300000	139	1449	1899	456	840	324	544	256	100	196	140	144	112	96	1100
30630764_zpid	30630764_zpid	11207	891 Knickerbocker Ave, Brooklyn, NY 11207	40.6912027	-73.9045226	0.0719176087537	8	0.992112371453	0	0.274439325808	2	4	3	2450	6050000	24	2000	1910	73	27	46	65	54	13	14	11	27	32	13	129
30598123_zpid	30598123_zpid	11233	2295 Pacific St, Brooklyn, NY 11233	40.675673	-73.90965	0.175585797144	7	0.177321579338	4	0.327778776038	6	6	3	2550	949000	0	1668	1901	206	18	121	162	110	39	30	20	53	67	30	181
29778573_zpid	29778573_zpid	10452	180 W 166th St, Bronx, NY 10452	40.835763	-73.928943	0.37839345142	2	0.119718870461	5	0.635792257546	1	4	2	1656	530000	10	3484	1901	380	59	160	169	176	40	20	8	79	74	27	280
29791672_zpid	29791672_zpid	10473	447 Turneur Ave, Bronx, NY 10473	40.816335	-73.8465839	0.346826971602	3	0.350677280292	2	2.0430395339	0	3	2	1944	299000	0	1947	1960	56	16	56	12	12	52	28	16	28	12	12	160
30672515_zpid	30672515_zpid	11218	92 Louisa St, Brooklyn, NY 11218	40.642937	-73.982699	0.203963997793	9	0.206757630497	8	0.283226584993	1	7	5	3432	900000	36	3000	1931	85	32	41	48	41	52	58	47	12	14	9	191
29847796_zpid	29847796_zpid	10465	1016 Brinsmade Ave, Bronx, NY 10465	40.829545	-73.83063	0.346483247384	2	0.688277708733	1	1.55466695906	0	3	1	1908	425000	89	3049	1950	9	10	6	7	3	9	18	14	5	1	5	33
30627525_zpid	30627525_zpid	11221	365 Central Ave, Brooklyn, NY 11221	40.694109	-73.9177069	0.405155114327	10	0.130792264879	4	0.534528120647	2	2	1	3900	640000	118	2080	1931	143	47	101	126	92	31	44	11	63	36	36	191
89068421_zpid	89068421_zpid	11216	152 Madison St, Brooklyn, NY 11216	40.6842152	-73.9529963	0.235306264036	9	0.178225442482	6	0.439502347644	4	4	4	3267	1300000	6	1667	2007	186	166	90	125	83	32	44	19	40	51	44	280
30788947_zpid	30788947_zpid	11234	2213 E 59th Pl, Brooklyn, NY 11234	40.611041	-73.91255	0.698881188632	3	0.739189610427	1	3.83119788083	0	4	3.5	2592	888888	12	4000	1955	8	20	12	12	12	72	20	68	68	4	0	100
30659378_zpid	30659378_zpid	11226	3109 Snyder Ave, Brooklyn, NY 11226	40.649218	-73.948057	0.172576331392	5	0.339068191876	6	0.221720447505	2	5	3	3072	215000	193	20	1910	281	37	118	120	116	70	22	10	37	49	23	211
30672674_zpid	30672674_zpid	11218	55 Kermit Pl, Brooklyn, NY 11218	40.648732	-73.973177	0.144197495834	14	0.744842035823	1	0.249079576491	1	3	2	1152	1325000	5	842	1905	101	31	39	53	46	32	24	30	28	20	6	119
30760441_zpid	30760441_zpid	11210	3912 Avenue J, Brooklyn, NY 11210	40.627296	-73.937949	0.423732205833	2	0.736590841228	1	1.02514815256	0	3	2	1344	417000	21	2008	1920	73	9	37	41	28	48	41	20	18	16	13	94
30792410_zpid	30792410_zpid	11235	2796 Batchelder St, Brooklyn, NY 11235	40.585352	-73.936299	0.262058835739	2	0.724466305792	1	1.51928619316	0	2	1	1240	275000	22	1125	1920	59	12	23	34	28	30	22	17	28	9	5	99
29793718_zpid	29793718_zpid	10473	2167 Turnbull Ave, Bronx, NY 10473	40.824161	-73.849505	0.420688949028	4	0.465671206043	3	1.14097068043	0	5	2	1760	440000	94	25	1970	41	19	17	10	8	29	13	6	12	7	8	56
29826978_zpid	29826978_zpid	10467	764 E 222nd St, Bronx, NY 10467	40.884745	-73.859505	0.180425726214	5	0.246160628322	1	0.288267134479	2	4	3	2700	420000	17	4479	1910	108	9	53	76	66	58	10	3	25	32	5	110
30713344_zpid	30713344_zpid	11214	95 Bay 25th St, Brooklyn, NY 11214	40.602057	-73.999321	0.185178006459	8	0.276695084343	9	0.294761737144	3	7	4	2700	220000	313	2900	2004	171	20	46	54	43	84	46	39	19	19	10	180
30752190_zpid	30752190_zpid	11210	1081 E 23rd St, Brooklyn, NY 11210	40.624099	-73.952847	0.514959336049	5	0.619219107988	3	0.682341956054	1	4	3.75	2792	1220000	18	3750	1915	7	2	4	6	0	23	16	4	17	0	0	29
30711739_zpid	30711739_zpid	11228	8647 15th Ave, Brooklyn, NY 11228	40.610301	-74.010261	0.104756226862	9	0.199969686094	3	0.766359713512	0	3	1	2224	758000	13	1547	1930	8	14	3	15	2	23	40	34	28	5	6	62
30627054_zpid	30627054_zpid	11221	100 Bleecker St, Brooklyn, NY 11221	40.6949309	-73.92102	0.430576805373	9	0.0974274612794	5	0.430001470118	4	4	3	1400	769000	24	1750	1930	161	49	71	103	67	37	29	14	64	27	26	185
30787760_zpid	30787760_zpid	11234	2357 56th Dr, Brooklyn, NY 11234	40.605426	-73.909542	1.18337676993	0	1.31507458967	0	3.97943584465	0	6	10	4742	3100000	0	10001	2000	3	4	1	7	2	10	5	21	14	2	1	22
30753904_zpid	30753904_zpid	11210	1226 E 23rd St, Brooklyn, NY 11210	40.620526	-73.952759	0.320011016345	4	0.579479768978	2	0.647754161946	1	3	1	1923	775000	24	3000	1920	2	1	1	6	0	6	14	3	17	1	0	23
30778892_zpid	30778892_zpid	11236	1629 E 91st St, Brooklyn, NY 11236	40.631821	-73.8949109	0.394091733587	7	0.146476329922	4	1.75215630732	0	3	2.5	1344	350000	6	1999	1925	33	7	15	16	6	36	17	14	16	7	3	55
30793433_zpid	30793433_zpid	11229	3 Lois Ave, Brooklyn, NY 11229	40.5862511	-73.922639	0.416695403043	1	1.54488685975	0	2.66528769537	0	5	3	1116	450000	17	1800	1920	8	12	4	52	0	0	108	36	80	8	20	136
30701453_zpid	30701453_zpid	11209	9330 Lafayette Walk, Brooklyn, NY 11209	40.6173823	-74.0318341	0.157065653048	11	0.0795223172899	5	0.143452299367	2	3	2	1365	205000	190	930	1925	120	36	31	34	31	76	48	32	6	13	8	179
30608313_zpid	30608313_zpid	11221	76 Van Buren St, Brooklyn, NY 11221	40.6901283	-73.9425741	0.252843793125	11	0.237831901018	4	0.76202069977	0	3	2	2500	725000	19	1480	1901	165	45	84	116	88	28	29	8	31	45	25	186
30738432_zpid	30738432_zpid	11223	2311 W 13th St, Brooklyn, NY 11223	40.5909272	-73.9828694	0.0589196208203	4	0.42864385582	2	0.244263856082	3	8	3	3630	855000	24	2917	1965	8	8	4	8	4	13	8	7	8	2	2	16
30631328_zpid	30631328_zpid	11207	1581 Bushwick Ave, Brooklyn, NY 11207	40.681658	-73.9038099	0.261408258504	4	0.470184084608	1	0.134264784364	9	5	3	2515	245000	163	1564	1920	40	15	38	45	30	9	14	13	9	13	5	88
30693973_zpid	30693973_zpid	11209	7222 Colonial Rd, Brooklyn, NY 11209	40.634339	-74.0328	0.0824701225299	9	0.487267910182	2	0.79909875273	0	1	1	2360	400000	311	2200	1920	117	10	16	27	21	43	31	96	20	5	3	87
30631410_zpid	30631410_zpid	11207	60 Sunnyside Ave, Brooklyn, NY 11207	40.680446	-73.894011	0.127535408019	3	0.11552792155	3	0.359092264238	3	3	2	2295	354000	46	2200	1920	376	136	216	236	180	228	144	148	132	112	40	540
30765069_zpid	30765069_zpid	11234	4017 Avenue R, Brooklyn, NY 11234	40.61538	-73.931797	0.162896961208	6	0.552364819833	1	2.3219538196	0	3	1.5	1456	530000	23	2000	1920	6	42	2	9	2	24	28	17	21	3	2	91
30589142_zpid	30589142_zpid	11215	1658 10th Ave, Brooklyn, NY 11215	40.658085	-73.979382	0.118430041398	14	0.21400227376	6	0.286749598349	1	5	3	3036	1875000	25	1967	1915	36	32	15	20	16	18	17	9	15	2	7	56
30613766_zpid	30613766_zpid	11238	195 Saint James Pl, Brooklyn, NY 11238	40.683698	-73.963536	0.105369400778	8	0.0903923269324	3	0.27582709043	5	1	1	5188	45000	193	2500	2002	133	158	87	143	97	47	56	19	43	29	36	217
29841095_zpid	29841095_zpid	10465	1159 Vincent Ave, Bronx, NY 10465	40.8366339	-73.821563	0.22365422809	3	0.185678648385	1	1.46366897489	0	3	2.5	2900	610000	5	4791	1920	24	28	28	28	28	32	120	48	44	16	16	160
30769426_zpid	30769426_zpid	11236	975 E 87th St, Brooklyn, NY 11236	40.6374179	-73.906363	0.285274106459	8	0.491443129222	2	1.09655237906	0	5	4	3120	850000	0	8000	1986	38	6	18	20	9	75	31	13	24	12	9	101
30600350_zpid	30600350_zpid	11233	280 Marion St, Brooklyn, NY 11233	40.6808212	-73.9183752	0.270263117761	5	0.513070359182	4	0.352081377373	4	3	1	1000	1349000	4	2000	1899	215	45	143	162	118	34	43	17	60	85	25	254
30774535_zpid	30774535_zpid	11236	919 E 99th St, Brooklyn, NY 11236	40.64443	-73.8983669	0.270011705311	6	0.657884832384	1	0.384506108996	2	8	3	3712	275000	314	4000	1970	64	10	25	19	17	57	19	7	14	17	10	99
30570990_zpid	30570990_zpid	11201	53 Wyckoff St, Brooklyn, NY 11201	40.686559	-73.991591	0.0557586050895	17	0.340232696358	4	0.0768811015263	7	4	3	3450	1425000	135	2325	1931	43	72	10	49	8	20	46	31	20	10	6	162
29850150_zpid	29850150_zpid	10464	78 Reynolds St, Bronx, NY 10464	40.841402	-73.785722	0.213497738078	3	3.39870025419	0	3.71246967649	0	4	4	7	475000	7	3256	1925	11	7	5	6	3	2	30	7	9	3	15	28
30570368_zpid	30570368_zpid	11231	75 Woodhull St, Brooklyn, NY 11231	40.6812449	-74.002021	0.19009284861	14	0.265782741253	3	0.651224800573	1	1	1	3200	250000	292	1600	1899	31	48	26	53	18	15	52	38	13	11	13	164
30664501_zpid	30664501_zpid	11225	258 Lincoln Rd, Brooklyn, NY 11225	40.661103	-73.954194	0.309687179335	10	0.364771322549	6	0.336194325299	3	3	2	2580	1450000	32	2100	1910	466	91	190	167	174	35	45	21	44	66	20	302
30731946_zpid	30731946_zpid	11214	2566 Cropsey Ave, Brooklyn, NY 11214	40.5905259	-73.9921279	0.106532366282	4	0.88477694775	0	0.731413526487	1	9	6	3420	775000	103	2384	1970	48	28	36	52	20	60	108	88	76	20	12	224
30762473_zpid	30762473_zpid	11234	1325 E 54th St, Brooklyn, NY 11234	40.62542	-73.9233859	0.229044440695	9	0.355252134608	2	2.20930878634	0	3	2	1540	479000	12	2225	1940	19	15	21	12	10	56	27	25	21	13	10	81
29781876_zpid	29781876_zpid	10457	1554 Selwyn Ave, Bronx, NY 10457	40.842052	-73.9102319	0.272932784587	7	0.359784027199	9	0.405743919128	5	8	3	4410	510000	6	2374	1920	257	46	177	176	194	20	14	8	49	46	22	210
30670043_zpid	30670043_zpid	11210	726 E 22nd St, Brooklyn, NY 11210	40.634507	-73.956316	0.438671877675	10	0.513390442941	5	0.550893219387	2	4	2.5	2244	780000	24	4000	1933	60	18	36	39	52	24	11	13	17	14	4	97
30692067_zpid	30692067_zpid	11220	6808 Madeline Ct, Brooklyn, NY 11220	40.637043	-74.027686	0.0694549634337	10	0.132945024045	3	0.43117109255	1	3	2	1192	890000	3	1400	1925	200	68	116	116	100	112	100	116	44	52	12	268
30673560_zpid	30673560_zpid	11218	1416 35th St, Brooklyn, NY 11218	40.64103	-73.981405	0.137476248448	9	0.208709359879	10	0.365550893624	2	3	1	1000	750000	29	2003	1910	344	112	164	200	160	256	268	216	68	60	36	808
30784544_zpid	30784544_zpid	11234	1819 E 52nd St, Brooklyn, NY 11234	40.615018	-73.924186	0.448958232954	8	1.00429776523	0	2.80390614845	0	5	2	2182	565000	110	1968	1930	17	16	10	12	12	35	26	21	21	7	8	108
30591476_zpid	30591476_zpid	11213	1357 Bergen St, Brooklyn, NY 11213	40.675794	-73.939722	0.149893568453	9	0.450730285269	6	0.469319031945	1	6	3	3226	1200000	3	2036	1901	174	40	79	85	80	25	24	8	32	40	15	190
83046980_zpid	83046980_zpid	11207	596 Pennsylvania Ave, Brooklyn, NY 11207	40.662534	-73.893834	0.608115759162	1	0.120234983279	7	0.250454911751	5	4	3	3840	450000	6	2400	1930	287	17	150	145	155	35	48	14	46	79	19	282
29785182_zpid	29785182_zpid	10457	2163 Prospect Ave, Bronx, NY 10457	40.848944	-73.88556	0.166936766619	11	0.561993572122	4	1.06881618453	0	3	2	1320	354500	7	3049	1921	153	31	80	97	70	22	8	3	31	41	20	130
30572828_zpid	30572828_zpid	11231	50 1st St, Brooklyn, NY 11231	40.678103	-73.991467	0.244013281755	9	0.419630292868	2	0.380207280437	3	3	2	2400	1425000	33	1728	1901	52	76	4	76	36	48	124	112	80	4	12	316
30572828_zpid	30572828_zpid	11231	50 1st St, Brooklyn, NY 11231	40.678103	-73.991467	0.244013281755	8	0.419630292868	2	0.380207280437	3	3	2	2400	1425000	33	1728	1901	52	76	4	76	36	48	124	112	80	4	12	316
29818214_zpid	29818214_zpid	10462	2074 Matthews Ave, Bronx, NY 10462	40.853233	-73.862671	0.293715966327	8	0.281656682354	3	0.222307557933	3	5	3	2500	489000	0	1800	1969	490	41	93	72	89	37	42	18	41	33	29	229
30773797_zpid	30773797_zpid	11236	634 E 105th St, Brooklyn, NY 11236	40.64965	-73.8974889	0.245313374993	4	0.351658999912	3	0.197430441058	2	3	1	1020	325000	129	1750	1925	21	6	15	15	1	17	7	2	9	4	3	55
29833740_zpid	29833740_zpid	10466	1065 E 231st St, Bronx, NY 10466	40.888765	-73.847064	0.266147682259	5	0.0558408123125	3	1.00511352082	0	3	2	1628	220000	10	2188	1925	46	13	21	22	11	64	18	4	33	14	9	69
79722985_zpid	79722985_zpid	11234	76 Bell Point Dr, Brooklyn, NY 11234	40.6104813	-73.9150827	0.621056904908	2	0.891962202557	0	3.61690121701	0	4	5	4031	1435000	0	5060	2005	4	7	4	6	6	24	5	23	20	4	1	30
30574263_zpid	30574263_zpid	11232	122 30th St, Brooklyn, NY 11232	40.6585792	-74.002797	0.264072150074	3	0.427138241741	2	0.445958350707	2	6	3	2250	510000	136	967	1910	24	30	13	16	12	9	32	20	13	1	8	73
30653410_zpid	30653410_zpid	11203	925 Schenectady Ave, Brooklyn, NY 11203	40.650605	-73.932878	0.088957136691	5	0.12055588438	3	1.41043619381	0	3	3	1300	3885000	34	2000	1920	165	11	75	64	75	43	27	4	33	33	11	169
29854581_zpid	29854581_zpid	10471	25 Sigma Pl, Bronx, NY 10471	40.9068481	-73.9082179	0.357803977049	4	0.273218283631	3	0.590718508792	1	5	4	4568	2150000	0	10890.0	1975	8	7	2	8	5	4	22	4	7	2	4	22
30723732_zpid	30723732_zpid	11230	745 Westminster Rd, Brooklyn, NY 11230	40.630925	-73.965022	0.281716051596	9	0.349665416273	6	0.340041698469	3	7	3	4740	1395000	39	4000	1910	75	41	54	49	45	59	45	49	29	14	9	143
30783538_zpid	30783538_zpid	11229	1871 Madison Pl, Brooklyn, NY 11229	40.608523	-73.938427	0.501549241663	4	0.571693346403	1	1.63859973852	0	3	3	2600	700000	18	3300	1925	12	24	20	52	24	40	52	28	24	4	8	120
30603022_zpid	30603022_zpid	11221	777 Lexington Ave, Brooklyn, NY 11221	40.690339	-73.929766	0.235700923545	9	0.353885005584	3	0.343814186861	2	4	3	2100	710000	8	1655	1899	776	256	404	548	444	216	144	72	148	248	152	1152
30592497_zpid	30592497_zpid	11216	797 Saint Johns Pl, Brooklyn, NY 11216	40.671947	-73.951733	0.103935216585	13	0.137508736038	2	0.25796518224	5	6	3	2359	695000	32	19	1920	284	73	146	175	165	21	35	9	41	58	32	245
30742044_zpid	30742044_zpid	11229	2036 E 21st St, Brooklyn, NY 11229	40.602933	-73.95133	0.427299081881	1	0.480824379665	3	0.560939440627	1	3	3	1668	750000	22	2500	1930	109	40	33	34	43	79	61	17	21	10	6	164
30620243_zpid	30620243_zpid	11222	114 Noble St, Brooklyn, NY 11222	40.72835	-73.95609	0.120915211534	15	0.259189638128	4	0.264217617197	2	5	3	3120	845000	65	2500	1899	71	86	25	47	30	35	30	25	22	14	11	190
30769809_zpid	30769809_zpid	11236	1056 E 81st St, Brooklyn, NY 11236	40.633164	-73.909729	0.371241797181	5	0.382920569631	2	1.6425765572	0	2	1	3450	529000	68	2533	1965	132	20	52	80	24	276	100	32	108	28	24	328
29853475_zpid	29853475_zpid	10471	5622 Riverdale Ave, Bronx, NY 10471	40.904807	-73.904363	0.18364397403	4	0.154740365602	2	0.826546635134	0	3	2.5	2500	610000	14	3300	1961	11	10	3	10	6	10	31	6	16	3	4	37
30786432_zpid	30786432_zpid	11234	2117 E 35th St, Brooklyn, NY 11234	40.60741	-73.929631	0.377998290004	3	0.781938960274	0	2.38604680343	0	2	2	1088	440000	65	1600	1950	0	28	12	8	8	60	60	72	60	0	8	152
30667608_zpid	30667608_zpid	11218	386 Westminster Rd, Brooklyn, NY 11218	40.639437	-73.967223	0.359822619569	10	0.20959137046	8	0.326694888661	3	2	2.5	3628	1280000	10	5000	1910	85	34	36	45	19	49	24	26	17	8	9	133
30791010_zpid	30791010_zpid	11235	7 Hastings St, Brooklyn, NY 11235	40.580958	-73.944808	0.650917247842	2	1.02043154046	0	1.03023274257	0	5	5	4320	3195000	0	7400	1920	17	6	3	15	4	12	27	11	15	1	2	36
30723733_zpid	30723733_zpid	11230	741 Westminster Rd, Brooklyn, NY 11230	40.631034	-73.965043	0.289122751717	9	0.338587681111	6	0.348229314772	3	7	5	1150	240000	300	4000	1910	75	43	54	51	46	59	44	47	29	14	9	144
29789819_zpid	29789819_zpid	10470	405 E 237th St, Bronx, NY 10470	40.899369	-73.864834	0.240270487067	4	0.310962005501	1	0.474460590563	1	4	3	2532	690000	93	5000	1901	70	18	12	23	12	36	13	18	18	6	5	81
30698929_zpid	30698929_zpid	11209	443 84th St, Brooklyn, NY 11209	40.623748	-74.026402	0.11444875158	16	0.158989505363	5	0.205892387653	2	5	3	2204	745000	33	2330	1925	136	68	46	56	40	53	38	29	13	30	5	242
30651044_zpid	30651044_zpid	11212	151 E 94th St, Brooklyn, NY 11212	40.661909	-73.924733	0.153320037459	12	0.160225094692	6	0.359726522219	2	7	3	2400	504000	29	2500	1930	1900	56	748	812	640	208	80	32	152	260	100	1144
30771323_zpid	30771323_zpid	11236	1214 E 87th St, Brooklyn, NY 11236	40.633429	-73.902576	0.4759340356	3	0.552095889661	2	1.47347700974	0	3	1	1178	180500	212	3333	1935	53	17	23	30	9	60	22	10	21	9	7	81
30663703_zpid	30663703_zpid	11210	1467 New York Ave, Brooklyn, NY 11210	40.637081	-73.9449	0.577406476532	3	0.355958594782	4	0.437236294992	2	7	4	3170	533000	37	2003	1905	294	24	172	162	147	51	32	11	36	61	7	301
30641615_zpid	30641615_zpid	11208	62 Hemlock St, Brooklyn, NY 11208	40.688337	-73.8724979	0.247314373487	6	0.171098783373	5	0.178610610978	3	4	2.5	1660	350000	9	1659	1920	308	124	200	272	144	244	136	60	164	120	20	580
29787975_zpid	29787975_zpid	10458	282 E 201st St, Bronx, NY 10458	40.871508	-73.88433	0.222023065079	9	0.271418197758	8	0.274308205467	4	5	3	2500	267500	40	2483	1901	650	35	98	130	120	33	19	12	33	47	13	189
30646702_zpid	30646702_zpid	11207	764 New Jersey Ave, Brooklyn, NY 11207	40.660602	-73.891394	0.23061299162	3	0.211451271572	5	0.537546630052	3	5	4	2106	350000	0	1853	1925	215	18	122	123	121	27	43	9	40	68	12	225
30643758_zpid	30643758_zpid	11208	105 Glen St, Brooklyn, NY 11208	40.68097	-73.8718619	0.139242087575	6	0.299129960137	8	0.29605523974	4	4	2.5	3350	360000	31	2482	1920	140	26	80	93	62	58	32	13	96	42	11	232
30774493_zpid	30774493_zpid	11236	924 E 99th St, Brooklyn, NY 11236	40.644077	-73.898741	0.224642691184	6	0.706472136821	1	0.388912718045	2	6	2	1323	494400	128	2000	1925	65	9	27	19	19	54	18	7	16	18	9	101
30604327_zpid	30604327_zpid	11221	906 Putnam Ave, Brooklyn, NY 11221	40.686596	-73.925593	0.338414805134	11	0.377723175804	3	0.439030789029	1	4	2	1640	672000	120	2200	1899	177	53	89	137	100	31	22	6	31	58	29	217
30567474_zpid	30567474_zpid	11201	154 Hicks St, Brooklyn, NY 11201	40.697017	-73.995267	0.168691059805	12	0.223229511482	4	0.190738724141	5	10	8	5280	4799000	0	1543	1899	50	101	22	24	20	8	54	26	21	8	12	143
30623105_zpid	30623105_zpid	11211	64 Devoe St, Brooklyn, NY 11211	40.7131786	-73.9489344	0.119667277934	13	0.196422932819	5	0.095019058561	4	6	2.5	1296	1350000	10	904	1901	50	133	31	69	27	34	52	16	21	13	15	203
30605955_zpid	30605955_zpid	11233	57 Bainbridge St, Brooklyn, NY 11233	40.680698	-73.93545	0.182164212944	8	0.198035575332	3	0.425315728633	2	7	4	3024	656250	11	1750	1899	54	22	45	54	38	5	20	3	19	16	9	88
30669095_zpid	30669095_zpid	11226	415 E 23rd St, Brooklyn, NY 11226	40.6399518	-73.9559467	0.0436331987303	10	0.156792398533	4	0.636551499302	2	4	3	1960	715000	13	2038	1910	535	105	240	257	223	55	36	27	58	106	14	396
30693922_zpid	30693922_zpid	11209	7210 72nd Ct, Brooklyn, NY 11209	40.635563	-74.036879	0.438497432669	2	0.801824123153	0	1.14253765217	0	5	3	2560	440000	188	1760	1945	31	6	6	10	5	24	15	61	8	1	1	36
30745518_zpid	30745518_zpid	11229	2246 E 14th St, Brooklyn, NY 11229	40.595274	-73.956953	0.0635597875637	13	0.19602588431	7	0.151505683301	2	3	4	2775	995000	7	2500	1920	78	18	12	21	17	35	19	17	9	5	4	89
30629464_zpid	30629464_zpid	11221	1236 Hancock St, Brooklyn, NY 11221	40.692085	-73.910964	0.246760824126	9	0.596676685541	1	0.691119207704	2	6	5	3433	404250	33	2000	1910	105	23	85	104	81	33	27	7	43	51	26	142
30709803_zpid	30709803_zpid	11228	8216 14th Ave, Brooklyn, NY 11228	40.6148219	-74.009946	0.324802661048	5	0.408173860262	1	0.8025133641	0	3	1.5	2470	805000	31	2000	1945	8	17	2	18	1	30	49	32	23	6	4	60
29822767_zpid	29822767_zpid	10467	2747 Holland Ave, Bronx, NY 10467	40.867159	-73.86565	0.214817919175	11	0.208646059196	7	0.239192976494	2	4	2	2298	300000	49	2482	1925	372	47	162	170	164	35	31	14	44	58	33	233
30650668_zpid	30650668_zpid	11203	135 E 49th St, Brooklyn, NY 11203	40.658997	-73.9319359	0.153574231132	5	0.455454973042	3	1.00803577512	0	3	2	1338	362000	16	1203	1945	103	15	57	55	53	48	27	12	15	28	8	109
30639395_zpid	30639395_zpid	11208	459 Shepherd Ave, Brooklyn, NY 11208	40.673262	-73.8803442	0.198482658549	8	0.320867992662	3	0.102519620208	2	6	2	2200	100000	163	2000	1901	170	26	89	101	79	51	36	11	34	63	24	190
