30641148_zpid	30641148_zpid	11207	622 Ashford St, Brooklyn, NY 11207	40.666737	-73.883543	0.0451207629311	7	0.124709176188	3	0.0506277288885	2	4	2	1800	150000	2	1800	1901	77	9	51	40	32	22	28	9	31	26	13	122
30775374_zpid	30775374_zpid	11236	1056 E 99th St, Brooklyn, NY 11236	40.641871	-73.896277	0.249309136669	5	0.501149315224	2	0.710688266914	1	3	2.5	2000	485000	16	2000	1963	62	8	29	28	21	37	23	12	18	19	7	94
30743976_zpid	30743976_zpid	11229	2056 Batchelder St, Brooklyn, NY 11229	40.601625	-73.939497	0.447540032041	4	0.352511709527	3	1.4127609299	0	3	3	1455	635000	17	1999	1935	30	12	10	16	7	16	36	23	22	2	3	74
30793874_zpid	30793874_zpid	11229	28 Knight Ct, Brooklyn, NY 11229	40.590623	-73.929656	0.428697053847	3	0.847635829087	0	2.11219314078	0	2	1.5	1182	290000	11	3570	1945	1	4	1	7	1	1	19	4	13	2	3	17
30701467_zpid	30701467_zpid	11209	9326 Hamilton Walk, Brooklyn, NY 11209	40.6176728	-74.0322228	0.175856196979	11	0.115121104362	5	0.186277328109	2	2	1	910	635000	20	1027	1925	129	43	30	35	32	81	49	31	6	12	8	179
30756559_zpid	30756559_zpid	11234	1520 E 38th St, Brooklyn, NY 11234	40.618303	-73.938851	0.560146152819	3	0.149867174888	4	1.73795872677	0	3	2	1504	530000	20	1900	1925	104	52	68	88	40	160	108	92	112	24	12	404
30702794_zpid	30702794_zpid	11204	1621 70th St, Brooklyn, NY 11204	40.618921	-73.997017	0.15644004179	9	0.228523940575	5	0.172876843773	4	3	3	2198	1100000	0	3000	1930	41	16	19	49	18	31	20	34	17	8	6	73
29785677_zpid	29785677_zpid	10457	2232 Valentine Ave, Bronx, NY 10457	40.855823	-73.898275	0.197137806294	11	0.252661487034	10	0.209794525232	3	6	3	3125	400000	25	1742	1931	330	24	125	159	141	21	5	6	38	50	20	217
30771555_zpid	30771555_zpid	11236	20 Paerdegat 10th St, Brooklyn, NY 11236	40.6289469	-73.9050759	0.974727385121	0	0.870401216706	0	1.98989261086	0	3	2.5	1980	390000	127	1800	1965	160	4	44	72	32	192	72	20	88	20	24	156
30768840_zpid	30768840_zpid	11236	8921 Flatlands Ave, Brooklyn, NY 11236	40.640208	-73.906525	0.0332312405688	7	0.624460668779	1	0.819043358484	0	4	3	2270	450783	119	2200	1920	37	7	23	24	11	85	31	14	19	18	12	107
30702183_zpid	30702183_zpid	11209	439 99th St, Brooklyn, NY 11209	40.613012	-74.031856	0.140614916573	8	0.429553799358	2	0.356032346748	1	3	2	1836	710000	3	1700	1940	212	84	56	60	68	168	128	128	24	28	16	312
30720523_zpid	30720523_zpid	11223	1637 W 7th St, Brooklyn, NY 11223	40.6069964	-73.9802937	0.239099049939	13	0.256351964029	6	0.342166028514	3	3	3	1358	650000	32	1850	1930	344	80	144	88	120	292	68	132	52	44	12	348
30720523_zpid	30720523_zpid	11223	1637 W 7th St, Brooklyn, NY 11223	40.6069964	-73.9802937	0.239099049939	12	0.256351964029	6	0.342166028514	3	3	3	1358	650000	32	1850	1930	344	80	144	88	120	292	68	132	52	44	12	348
29833615_zpid	29833615_zpid	10466	1072 E 229th St, Bronx, NY 10466	40.88691	-73.848052	0.36328430764	6	0.173620124407	3	1.0415892914	0	3	2	2188	315000	143	2180	1955	51	12	30	19	16	68	15	3	30	14	10	64
30776537_zpid	30776537_zpid	11236	1169 E 101st St, Brooklyn, NY 11236	40.641209	-73.892317	0.43997311026	5	0.478520859752	3	1.00785479382	0	4	2	1760	420000	42	2000	1955	40	7	24	23	19	28	18	11	17	16	6	70
30620292_zpid	30620292_zpid	11222	99 Oak St, Brooklyn, NY 11222	40.728004	-73.95685	0.163521977273	13	0.31953958527	4	0.336113678438	2	6	3	2600	2575000	0	2000	1899	55	85	24	44	27	34	29	22	20	12	8	173
29845500_zpid	29845500_zpid	10465	260 Hollywood Ave, Bronx, NY 10465	40.8184929	-73.814262	0.26231673858	4	0.321618277577	1	3.38060808195	0	5	3	1740	470000	17	3315	1925	6	9	1	9	5	17	20	11	12	5	10	61
30734546_zpid	30734546_zpid	11223	1972 W 6th St, Brooklyn, NY 11223	40.599397	-73.978416	0.0555632730955	6	0.392531897089	5	0.222680018153	6	8	2.75	3204	990000	14	2400	1925	37	25	15	25	11	69	28	50	21	9	7	98
30614887_zpid	30614887_zpid	11205	14 N Portland Ave, Brooklyn, NY 11205	40.6976159	-73.97696	0.450745868912	3	0.542575635717	2	0.927344666588	0	5	2.5	2340	740000	46	20	1997	14	8	4	11	13	21	4	18	0	8	5	42
30659279_zpid	30659279_zpid	11203	365 E 45th St, Brooklyn, NY 11203	40.652791	-73.935064	0.177704291614	7	0.300491357823	3	1.24458024577	0	6	5	4000	495000	32	4000	1920	544	56	284	236	244	200	152	24	136	124	44	604
30728847_zpid	30728847_zpid	11229	1841 E 27th St, Brooklyn, NY 11229	40.606034	-73.945562	0.27311482239	1	0.692748948133	2	1.0764624836	0	3	1.5	1965	706000	22	3000	1925	36	40	16	60	16	120	124	104	80	8	4	344
30779574_zpid	30779574_zpid	11236	1481 E 104th St, Brooklyn, NY 11236	40.637536	-73.884439	0.543906629983	5	0.650943463519	2	1.78693806766	0	3	2	1440	354100	12	2125	1960	60	12	48	40	8	16	24	16	48	8	8	120
30791461_zpid	30791461_zpid	11235	139 Oxford St, Brooklyn, NY 11235	40.579868	-73.937734	0.491529283178	1	1.28779094724	0	1.59354519986	0	3	2	1790	799000	0	2700	1940	36	24	16	36	32	48	48	12	48	8	4	124
30791461_zpid	30791461_zpid	11235	139 Oxford St, Brooklyn, NY 11235	40.579868	-73.937734	1.04893765584	0	1.28779094724	0	1.59354519986	0	3	2	1790	799000	0	2700	1940	36	24	16	36	32	48	48	12	48	8	4	124
30658008_zpid	30658008_zpid	11203	87 E 38th St, Brooklyn, NY 11203	40.655365	-73.942047	0.480655820561	3	0.716564391145	2	0.701530200941	1	4	2	1795	433000	21	2242	1945	424	56	228	212	180	220	104	84	76	124	16	404
30763048_zpid	30763048_zpid	11234	1571 E 49th St, Brooklyn, NY 11234	40.622455	-73.927966	0.10107548773	9	0.16912826942	1	2.0245673093	0	3	1	868	300000	20	2100	1925	11	33	2	13	8	40	34	16	17	4	4	123
30790244_zpid	30790244_zpid	11235	86 Corbin Pl, Brooklyn, NY 11235	40.5798172	-73.9547697	0.134183482367	11	0.357340172129	5	0.600085022868	1	4	3	1989	600000	48	1384	1940	214	52	48	67	42	54	53	32	41	29	13	158
30676373_zpid	30676373_zpid	11230	835 Foster Ave, Brooklyn, NY 11230	40.631758	-73.968441	0.401163241126	10	0.221889479108	4	0.603805940488	2	5	3	1802	436000	41	1700	1920	86	41	59	48	53	59	43	56	30	17	13	163
30764091_zpid	30764091_zpid	11234	2055 Flatbush Ave, Brooklyn, NY 11234	40.619833	-73.933389	0.339040520838	8	0.305428335033	3	1.88290959911	0	2	2	2240	462500	34	1600	1931	32	40	12	29	21	45	32	21	15	12	0	139
30748166_zpid	30748166_zpid	11235	2423 E 23rd St, Brooklyn, NY 11235	40.59247	-73.946868	0.278433541894	12	0.528896034435	4	0.76609405813	0	5	4	3360	1090000	11	2500	1935	76	12	10	19	11	24	27	32	27	3	1	67
30751297_zpid	30751297_zpid	11210	982 E 22nd St, Brooklyn, NY 11210	40.6280349	-73.955077	0.537983302154	4	0.611032778522	3	0.571188167553	2	6	3	3162	1230000	4	3825	1925	6	5	3	9	3	16	13	9	11	3	2	19
29849338_zpid	29849338_zpid	10465	252 Brinsmade Ave, Bronx, NY 10465	40.816135	-73.820432	0.480209586951	1	0.428014841922	1	3.1867452197	0	3	2	1350	165000	222	1829	1955	19	13	12	7	7	23	19	11	15	8	8	51
55677702_zpid	55677702_zpid	11234	9 Bergen Beach Pl, Brooklyn, NY 11234	40.622599	-73.914979	0.338182107514	5	0.759816507219	0	2.89839383661	0	3	1	2100	629000	0	2455	1999	20	5	8	11	5	53	26	24	19	6	8	106
30687951_zpid	30687951_zpid	11219	1325 58th St, Brooklyn, NY 11219	40.629647	-73.996469	0.287632683827	3	0.354385437826	6	0.215996383956	4	6	4	3720	1800000	4	1753	2005	47	9	20	30	20	37	72	44	15	7	7	122
83042101_zpid	83042101_zpid	11221	10 Stockholm St, Brooklyn, NY 11221	40.694868	-73.926964	0.285171344551	11	0.203813939378	6	0.230734089958	4	9	4	4375	499000	135	1698	2004	211	96	81	110	97	57	45	25	48	41	38	290
30604952_zpid	30604952_zpid	11233	142 Ralph Ave, Brooklyn, NY 11233	40.685082	-73.923441	0.270956237128	9	0.583325077603	4	0.5158400129	3	3	1	4875	1750000	2	2500	1927	132	46	91	96	79	12	18	12	39	61	16	190
30782695_zpid	30782695_zpid	11234	2113 E 74th St, Brooklyn, NY 11234	40.621006	-73.904712	0.630083989982	1	0.57750818753	1	2.86534121007	0	6	4	3578	1500000	0	5000	1984	10	3	5	8	5	11	10	8	14	3	4	47
29793113_zpid	29793113_zpid	10473	2215 Virgil Pl, Bronx, NY 10473	40.822795	-73.848141	0.385567568338	3	0.291371926045	2	1.31263248749	0	3	2	2207	399000	9	3998	1955	37	18	16	8	5	25	10	5	12	6	8	59
30606200_zpid	30606200_zpid	11233	319 Bainbridge St, Brooklyn, NY 11233	40.682012	-73.923907	0.523913655188	7	0.363058328951	3	0.416645292189	2	1	1	2048	645000	10	2000	1899	194	79	118	153	100	27	25	17	54	70	29	241
29788127_zpid	29788127_zpid	10458	219 Bedford Park Blvd, Bronx, NY 10458	40.871778	-73.886894	0.153775137002	10	0.345142495209	7	0.0645939917894	3	7	3	2040	373000	25	2313	1903	639	31	109	137	129	36	21	11	36	45	14	218
29828995_zpid	29828995_zpid	10469	3477 Mickle Ave, Bronx, NY 10469	40.878782	-73.846569	0.151173502448	6	0.246707443415	3	0.728616147637	1	3	1	1024	349000	0	1916	1945	60	21	34	54	46	39	14	11	33	20	9	108
30789571_zpid	30789571_zpid	11235	3066 Brighton 5th St, Brooklyn, NY 11235	40.5778	-73.962822	0.0831587371874	9	0.0322853255561	5	0.131502060469	2	6	4	2700	700000	12	2600	1932	584	244	288	408	244	272	184	84	184	128	100	1084
30789571_zpid	30789571_zpid	11235	3066 Brighton 5th St, Brooklyn, NY 11235	40.5778	-73.962822	0.0831587371874	8	0.0322853255561	5	0.131502060469	2	6	4	2700	700000	12	2600	1932	584	244	288	408	244	272	184	84	184	128	100	1084
30790797_zpid	30790797_zpid	11235	224 Amherst St, Brooklyn, NY 11235	40.576272	-73.952073	0.129612232635	5	0.598496378129	2	0.793492323255	0	3	4	4592	2480000	0	4000	1925	67	26	14	34	21	24	36	16	21	10	2	68
30619163_zpid	30619163_zpid	11211	100 S 2nd St APT 2, Brooklyn, NY 11211	40.713712	-73.963892	0.155651552381	11	0.409912902636	4	0.704406099274	1	1	1	650	2100000	22	1440	1910	65	91	59	109	42	9	22	10	22	25	11	167
29833170_zpid	29833170_zpid	10466	939 E 230th St, Bronx, NY 10466	40.889183	-73.851029	0.213482539828	8	0.351877478622	4	0.702375105868	1	3	3	1920	390000	30	2526	1940	87	10	41	35	30	96	20	4	27	17	12	88
29793721_zpid	29793721_zpid	10473	2161 Turnbull Ave, Bronx, NY 10473	40.8241437	-73.8498175	0.422003647503	4	0.472898118999	3	1.13891302527	0	4	1	2650	412000	74	2607	1970	44	19	20	11	10	29	14	6	13	7	8	56
29826878_zpid	29826878_zpid	10467	719 E 219th St, Bronx, NY 10467	40.883522	-73.861984	0.0978718049182	5	0.381641690612	2	0.0708846876058	2	6	2	2080	439900	22	2627	1915	172	13	88	110	99	76	19	4	30	50	11	178
29839638_zpid	29839638_zpid	10466	2018 Camp St, Bronx, NY 10466	40.900815	-73.845921	0.454259063444	3	0.519956172081	2	0.471636331094	1	4	2.5	1292	375000	75	1973	1920	59	7	31	30	17	23	38	12	18	9	3	67
29844455_zpid	29844455_zpid	10465	1653 Bayshore Ave, Bronx, NY 10465	40.84765	-73.81663	1.08542298583	0	0.839965605474	0	1.05903758266	0	3	3	1836	437500	30	2500	1965	1	2	0	3	0	10	12	10	5	1	0	23
30763300_zpid	30763300_zpid	11234	1460 E 54th St, Brooklyn, NY 11234	40.6220489	-73.923582	0.116701282702	9	0.347152970136	1	2.36094389448	0	3	1	916	380000	9	1800	1925	10	31	6	12	8	41	29	16	20	9	9	117
30733384_zpid	30733384_zpid	11224	2845 W 23rd St, Brooklyn, NY 11224	40.577274	-73.989954	0.525801436488	3	0.330100458569	5	0.737547458307	1	3	2	1666	370100	26	1663	1991	292	48	184	184	112	32	92	36	68	104	20	344
30609618_zpid	30609618_zpid	11216	361 Tompkins Ave, Brooklyn, NY 11216	40.685257	-73.944048	0.0809259639231	11	0.324244423588	8	0.652192070333	2	11	4	3510	700000	140	2000	1900	516	256	324	460	344	72	108	72	172	196	76	744
30779355_zpid	30779355_zpid	11236	1427 E 100th St, Brooklyn, NY 11236	40.636577	-73.88839	0.30591119849	7	0.315717612573	3	1.59719231931	0	3	3	1760	425100	21	2000	1960	18	7	17	12	0	16	13	7	12	4	2	55
29785176_zpid	29785176_zpid	10457	746 E 182nd St, Bronx, NY 10457	40.849432	-73.885381	0.153183579171	11	0.508395819085	4	1.11182730081	0	5	3	1680	415000	132	2625	1910	116	28	67	82	55	22	6	3	29	38	16	114
30781605_zpid	30781605_zpid	11234	2070 Pearson St, Brooklyn, NY 11234	40.612787	-73.918888	0.293511523689	3	0.941755204442	0	3.29903549604	0	6	4.5	6390	212500	257	2130	1970	10	3	11	9	7	29	20	10	15	4	5	72
30722625_zpid	30722625_zpid	11223	1809 W 12th St, Brooklyn, NY 11223	40.602558	-73.984104	0.317465217028	9	0.561296385928	6	0.351559827284	3	4	3	2248	943000	32	4000	1925	62	24	27	17	20	58	23	39	15	8	4	79
83049941_zpid	83049941_zpid	11206	121 Maujer St, Brooklyn, NY 11206	40.710886	-73.9460129	0.0380411439078	12	0.0919113575694	5	0.441673313799	6	3	2	4160	484000	159	2000	2003	57	60	22	48	35	9	20	7	11	6	8	78
30710634_zpid	30710634_zpid	11228	8416 14th Ave, Brooklyn, NY 11228	40.6137	-74.01111	0.185827761102	4	0.349530059249	1	0.887573706057	0	3	2	2310	770000	13	2000	1930	8	14	2	13	1	29	41	28	25	7	7	60
29785745_zpid	29785745_zpid	10457	2063 Valentine Ave, Bronx, NY 10457	40.852222	-73.900402	0.0537026143288	10	0.183955103779	9	0.431862067518	5	7	2	3222	450000	18	2178	1901	443	40	197	202	203	32	21	15	67	72	26	304
30759275_zpid	30759275_zpid	11234	1085 E 53rd St, Brooklyn, NY 11234	40.632585	-73.925063	0.337077214097	5	0.506831104607	2	1.90768583902	0	2	2	1368	475000	125	1799	1955	36	11	12	24	12	45	22	13	19	13	3	73
30638151_zpid	30638151_zpid	11207	171 Ashford St, Brooklyn, NY 11207	40.678591	-73.885948	0.139378544021	9	0.217863079923	6	0.187076451921	4	6	5	3000	296500	9	2613	2007	48	18	42	52	35	38	30	4	34	20	2	94
30591197_zpid	30591197_zpid	11213	1488 Pacific St, Brooklyn, NY 11213	40.6769654	-73.9404055	0.114024929927	9	0.441037134729	7	0.331226179295	2	4	3	3000	1198855	24	2143	1910	180	38	91	98	88	24	18	7	28	39	19	177
30606970_zpid	30606970_zpid	11206	49 Vernon Ave, Brooklyn, NY 11206	40.694736	-73.950179	0.170136069336	8	0.439299203926	7	0.129263062146	3	8	4	2137	241500	77	1875	1931	66	24	49	88	40	36	16	18	25	19	19	121
30614859_zpid	30614859_zpid	11216	18 Brevoort Pl, Brooklyn, NY 11216	40.679801	-73.954724	0.100700801593	11	0.260851513062	7	0.128462317842	5	10	4	2444	458212	46	1520	1931	672	492	276	348	276	48	152	80	92	120	148	676
30579340_zpid	30579340_zpid	11220	428 58th St, Brooklyn, NY 11220	40.641329	-74.016627	0.0715790348265	8	0.0616380824548	7	0.105988304929	2	9	3	1000	515000	159	1999	1899	163	61	57	75	57	32	64	39	51	26	7	228
29783098_zpid	29783098_zpid	10460	794 Fairmount Pl, Bronx, NY 10460	40.8423848	-73.8887583	0.337236464314	7	0.340047919422	2	0.573893577655	1	6	4	3200	750000	17	1881	1899	196	12	95	82	85	15	13	5	31	29	15	139
30582703_zpid	30582703_zpid	11217	99 Berkeley Pl APT 4, Brooklyn, NY 11217	40.676073	-73.976928	0.145903011431	16	0.220887405659	6	0.419335871488	4	3	1	6830	1150000	5	2083	1920	55	56	13	25	18	13	42	23	31	12	14	124
30601438_zpid	30601438_zpid	11233	12A Louis Pl, Brooklyn, NY 11233	40.677446	-73.917602	0.161831827085	2	0.476214127667	3	0.360247097754	2	3	3	1928	360000	13	1495	1910	227	19	136	160	116	39	38	17	60	70	36	214
30755804_zpid	30755804_zpid	11229	1527 E 27th St, Brooklyn, NY 11229	40.613516	-73.947004	0.285502724105	2	0.625037717239	5	1.06073800382	0	3	2	1800	627500	143	3200	1930	172	16	80	64	36	84	104	44	68	12	8	268
30755804_zpid	30755804_zpid	11229	1527 E 27th St, Brooklyn, NY 11229	40.613516	-73.947004	0.285502724105	2	0.625037717239	5	1.06073800382	0	3	2	1800	939000	0	3200	1930	172	16	80	64	36	84	104	44	68	12	8	268
72669465_zpid	72669465_zpid	11208	731 Fountain Ave, Brooklyn, NY 11208	40.662515	-73.868366	0.512811921617	3	0.229068894589	3	1.36295682483	0	6	3	3036	579000	122	1462	2006	18	4	6	10	3	8	22	2	6	5	1	40
29846584_zpid	29846584_zpid	10465	259 Kearney Ave, Bronx, NY 10465	40.819058	-73.812744	0.374675133877	4	0.433479581142	1	3.40126578311	0	5	3.5	2914	510000	109	2625	1960	5	11	1	8	2	15	23	10	12	4	9	57
30765164_zpid	30765164_zpid	11234	1766 Hendrickson St, Brooklyn, NY 11234	40.616056	-73.931326	0.0931974361319	6	0.618565818392	1	2.3215529482	0	3	3	1280	585000	12	2000	1920	28	172	8	32	12	104	128	84	76	20	8	396
83046087_zpid	83046087_zpid	11216	27 Macdonough St APT 1, Brooklyn, NY 11216	40.6810574	-73.9452975	0.181769174856	13	0.129597444019	7	0.377189447726	3	9	7	3900	1440000	14	2500	2005	273	117	124	183	131	43	47	18	62	74	32	283
30769523_zpid	30769523_zpid	11236	8820 Flatlands Ave, Brooklyn, NY 11236	40.639429	-73.906719	0.0595723743857	7	0.557185069432	2	0.903335779293	0	4	1.5	1840	358000	32	1825	1960	34	7	26	23	11	85	33	12	22	16	10	112
30771609_zpid	30771609_zpid	11236	41 Paerdegat 13th St, Brooklyn, NY 11236	40.628576	-73.902811	0.945290201204	0	0.735432758494	1	2.01407044269	0	3	2.5	2052	429000	18	3049	1965	160	20	64	64	32	172	76	32	88	16	32	200
29832136_zpid	29832136_zpid	10466	737 E 228th St, Bronx, NY 10466	40.889676	-73.857792	0.174219289537	6	0.378934258142	2	0.28269511282	2	5	3	2820	500000	27	2860	1950	315	24	135	141	144	99	30	8	47	69	23	254
30721860_zpid	30721860_zpid	11223	249 Highlawn Ave, Brooklyn, NY 11223	40.603951	-73.976557	0.0944492835118	7	0.20874094449	3	0.320840599393	3	5	2.5	880	738000	44	2754	1925	408	128	188	120	128	352	120	208	92	60	24	548
30710171_zpid	30710171_zpid	11228	1447 84th St, Brooklyn, NY 11228	40.613326	-74.009061	0.222526889785	9	0.226831188871	2	0.714415155199	1	3	3	1960	770000	33	2375	1930	32	56	8	56	4	116	160	128	100	28	20	268
30622584_zpid	30622584_zpid	11211	204 Withers St, Brooklyn, NY 11211	40.717268	-73.943388	0.0391442172073	12	0.356325898271	4	0.306083343173	3	2	1	850	1850000	2	2500	1910	11	59	12	44	15	25	44	11	25	8	17	127
30742230_zpid	30742230_zpid	11229	1939 E 23rd St, Brooklyn, NY 11229	40.603359	-73.948925	0.425301613653	2	0.596977494699	4	0.744716592974	1	3	2.5	1548	920000	21	2500	1920	68	17	21	30	31	56	55	15	26	6	4	140
30584508_zpid	30584508_zpid	11215	291 8th St, Brooklyn, NY 11215	40.669753	-73.985175	0.0708618213137	18	0.08550526479	3	0.29075491052	3	4	3	3850	315000	182	1833	1899	336	392	164	268	124	124	216	164	148	88	108	996
30584508_zpid	30584508_zpid	11215	291 8th St, Brooklyn, NY 11215	40.669753	-73.985175	0.0708618213137	18	0.08550526479	4	0.29075491052	3	4	3	3850	315000	182	1833	1899	336	392	164	268	124	124	216	164	148	88	108	996
29792513_zpid	29792513_zpid	10473	2211 Cincinnatus Ave, Bronx, NY 10473	40.820656	-73.847763	0.145428594123	3	0.0513980362188	2	1.55190347042	0	3	1	2948	25000	36	5000	1929	42	14	19	8	9	17	8	2	13	3	4	51
30587161_zpid	30587161_zpid	11215	250 Garfield Pl, Brooklyn, NY 11215	40.6714	-73.975704	0.145567210746	13	0.207957802941	4	0.595140091047	3	5	5	4200	7665000	9	2000	1899	27	41	6	26	15	14	61	34	24	6	12	167
30652790_zpid	30652790_zpid	11212	349 Rockaway Pkwy, Brooklyn, NY 11212	40.659307	-73.917542	0.36760693163	9	0.0814270700526	4	0.259992661608	2	2	1	3198	683000	6	2750	1930	549	20	256	228	204	58	37	14	46	86	36	341
30785040_zpid	30785040_zpid	11234	1972 E 36th St, Brooklyn, NY 11234	40.609913	-73.931934	0.176761598101	3	0.654571107613	1	2.19155825044	0	3	2	1064	490000	27	1800	1925	2	10	4	3	2	11	26	25	26	1	2	42
62635775_zpid	62635775_zpid	10466	13 Harper Ct, Bronx, NY 10466	40.884604	-73.8351	0.64597175971	1	0.225988255251	3	0.546054585494	2	5	2	3000	150000	99	2165	1996	23	4	6	5	1	18	9	12	10	5	1	33
30590809_zpid	30590809_zpid	11238	594 Sterling Pl, Brooklyn, NY 11238	40.673357	-73.958868	0.19310868145	13	0.323374970627	3	0.189321410046	4	9	4	4000	600000	79	2620	1910	204	155	105	105	85	23	22	17	33	32	17	167
30619571_zpid	30619571_zpid	11222	1071 Manhattan Ave, Brooklyn, NY 11222	40.735277	-73.955403	0.161863827437	10	0.384552817281	3	0.582881244339	2	8	5	3750	2750000	12	2500	1930	76	88	58	58	35	41	28	19	25	19	10	194
30596247_zpid	30596247_zpid	11213	1357 Park Pl, Brooklyn, NY 11213	40.672716	-73.932334	0.191214042147	7	0.286899787207	4	0.4282172756	1	2	1	1920	25000	3	2044	1910	379	36	189	183	178	32	29	12	43	68	22	271
29791338_zpid	29791338_zpid	10473	420 Soundview Ave, Bronx, NY 10473	40.81417	-73.858115	0.600447584719	2	0.830898674799	0	2.0895915921	0	4	4	4900	319024	16	4900	1931	39	9	15	36	10	36	11	18	15	20	8	93
30644934_zpid	30644934_zpid	11208	184 Fountain Ave, Brooklyn, NY 11208	40.675666	-73.875722	0.203971145874	9	0.166613532161	5	0.30697534851	3	2	1	800	129000	86	2000	1920	162	21	81	93	66	54	52	9	42	46	15	187
30730424_zpid	30730424_zpid	11214	8751 25th Ave, Brooklyn, NY 11214	40.594774	-73.990035	0.404676027465	8	0.391600058621	4	0.424052928	1	5	2	1856	287500	36	1740	1950	22	6	15	18	7	39	36	26	21	9	3	79
30670965_zpid	30670965_zpid	11218	106 Vanderbilt St, Brooklyn, NY 11218	40.651491	-73.980707	0.370084957912	7	0.644756921483	1	0.457530360633	1	3	1.5	1572	750000	117	1636	1910	3	17	10	16	10	18	16	18	8	2	4	45
30732284_zpid	30732284_zpid	11224	3841 Maple Ave, Brooklyn, NY 11224	40.579379	-74.007683	0.257314191852	1	0.535417376213	1	2.24690705716	0	4	2	2152	171000	273	1000	1925	60	36	24	64	28	4	56	4	36	8	8	116
30624505_zpid	30624505_zpid	11206	128 Manhattan Ave, Brooklyn, NY 11206	40.706909	-73.944557	0.140185247486	15	0.398352544347	6	0.407808822824	4	3	1.5	3750	210000	199	2500	1920	80	179	42	59	43	12	39	9	25	15	9	157
30670743_zpid	30670743_zpid	11218	107 Seeley St, Brooklyn, NY 11218	40.6540082	-73.9784105	0.215821912935	8	0.315202089685	3	0.519525053818	2	6	2.5	3725	580000	146	2850	1925	5	14	12	14	6	21	18	25	14	0	2	45
29851854_zpid	29851854_zpid	10463	3101 Henry Hudson Pkwy, Bronx, NY 10463	40.883887	-73.915725	0.481216309764	6	0.572298167242	1	0.791862833251	0	5	3	3505	1500000	0	15245.999999999998	1923	132	40	16	72	44	68	120	52	32	4	8	156
30607938_zpid	30607938_zpid	11216	188 Kosciuszko St, Brooklyn, NY 11216	40.690854	-73.9472229	0.27174784651	11	0.467788879567	4	0.382820714059	2	6	2.5	2139	999000	0	1875	1899	84	36	39	56	51	15	17	6	20	26	16	104
30566416_zpid	30566416_zpid	11217	388 State St, Brooklyn, NY 11217	40.6874139	-73.984666	0.107799864956	15	0.6573352868	4	0.16669174266	10	3	4	3110	2400000	10	1481	1965	49	66	8	39	14	27	48	19	19	13	15	123
83047379_zpid	83047379_zpid	11208	391 Atkins Ave, Brooklyn, NY 11208	40.669346	-73.877403	0.300473566721	10	0.482169893199	4	0.602884222629	2	8	4	3363	489617	119	2983	2005	141	19	106	115	85	51	33	11	31	57	30	183
30725763_zpid	30725763_zpid	11230	1460 E 13th St, Brooklyn, NY 11230	40.613841	-73.961409	0.14494795852	10	0.143329649234	7	0.453464313523	2	4	2	2000	775000	107	2003	1910	76	16	29	49	31	94	29	32	30	9	2	138
