30664429_zpid	30664429_zpid	11225	207 Ocean Ave, Brooklyn, NY 11225	40.657935	-73.961946	0.144106947321	12	0.117546305973	5	0.296672386753	2	4	4	2994	2699999	0	2750	1901	286	92	148	118	136	7	31	16	46	37	10	187
30784372_zpid	30784372_zpid	11234	2271 Schenectady Ave, Brooklyn, NY 11234	40.616313	-73.929184	0.0907906406608	6	0.795801451932	0	2.41148685884	0	3	2	1408	487000	12	2000	1925	13	54	5	8	3	32	31	22	14	5	4	119
30770456_zpid	30770456_zpid	11236	1135 E 84th St, Brooklyn, NY 11236	40.633579	-73.905747	0.547359896873	7	0.62249467314	2	1.49226294975	0	2	1	2984	210000	32	2500	1965	200	36	72	108	40	300	112	40	112	40	36	312
30662343_zpid	30662343_zpid	11203	668 E 37th St, Brooklyn, NY 11203	40.6406289	-73.941979	0.31405368176	4	0.53405356789	2	0.548289181303	1	3	2	1144	383000	17	1999	1925	110	7	64	62	61	38	19	6	22	26	7	106
30620672_zpid	30620672_zpid	11222	101 Norman Ave, Brooklyn, NY 11222	40.725817	-73.95132	0.0450033826798	12	0.279457607629	5	0.131629634823	2	6	3	3465	2525000	3	2374	1900	47	84	21	46	17	33	35	30	20	17	12	201
30667308_zpid	30667308_zpid	11218	319 Stratford Rd, Brooklyn, NY 11218	40.640895	-73.967858	0.299002596494	8	0.144805739231	5	0.335111211682	2	5	2	2507	400000	129	5000	1920	98	44	45	52	21	42	26	27	18	11	7	139
30600073_zpid	30600073_zpid	11233	622 Bainbridge St, Brooklyn, NY 11233	40.682861	-73.91225	0.116753035868	8	0.2154595306	4	0.151485661629	4	7	4	2700	899000	17	1999	1899	148	23	123	113	83	16	26	6	38	49	9	148
30624254_zpid	30624254_zpid	11211	296 Powers St, Brooklyn, NY 11211	40.712899	-73.938901	0.178537989637	9	0.255763714006	3	0.171168989559	3	8	4	3150	2076000	7	2500	1920	28	52	14	38	20	22	31	8	20	13	17	133
30667060_zpid	30667060_zpid	11226	1019 Rogers Ave, Brooklyn, NY 11226	40.6452812	-73.9516187	0.00852428702558	6	0.385838715379	7	0.225574086834	3	6	3	3240	660000	104	1900	1930	311	48	137	155	111	94	39	18	28	65	34	291
89070760_zpid	89070760_zpid	11212	1363 E New York Ave, Brooklyn, NY 11212	40.6692979	-73.9179546	0.399373186078	8	0.313969843758	5	0.646237182018	1	10	6	2880	350000	7	1600	2008	44	13	20	32	12	13	23	5	20	7	7	69
29845485_zpid	29845485_zpid	10465	237B Throggs Neck Blvd, Bronx, NY 10465	40.8181578	-73.8133772	0.345316270058	4	0.404450273012	1	3.45298817463	0	3	2.5	2000	198000	223	1919	1955	24	40	4	28	20	60	88	44	44	20	36	248
30788936_zpid	30788936_zpid	11234	2265 E 59th Pl, Brooklyn, NY 11234	40.610613	-73.91107	0.592538106968	2	0.750812177649	0	3.95630173773	0	4	3	2184	670000	29	3963	1955	8	24	12	12	12	72	32	64	76	4	4	124
30702077_zpid	30702077_zpid	11209	169 99th St, Brooklyn, NY 11209	40.614718	-74.035152	0.196724173805	8	0.214177867224	3	0.368404130185	1	4	2	1256	762500	23	2050	1925	188	31	26	26	27	52	43	43	7	10	5	116
30772093_zpid	30772093_zpid	11236	8902 Avenue M, Brooklyn, NY 11236	40.633076	-73.899142	0.376879796664	5	0.259347556795	3	1.52870730852	0	6	3	2500	683000	6	2500	1930	45	17	25	29	10	56	22	13	24	9	8	88
30630750_zpid	30630750_zpid	11207	1310 Decatur St APT H5, Brooklyn, NY 11207	40.69095	-73.90498	0.0811287500165	8	0.973613747751	0	0.255796366254	2	1	1	650	690000	36	3000	1907	76	28	50	68	55	16	16	11	31	34	15	138
30603234_zpid	30603234_zpid	11221	746 Lexington Ave, Brooklyn, NY 11221	40.689908	-73.929356	0.247826260266	9	0.376605774397	3	0.384998817092	2	7	3	2150	459000	74	1698	1901	205	62	107	150	118	54	36	15	40	65	38	288
30788332_zpid	30788332_zpid	11234	2278 E 65th St, Brooklyn, NY 11234	40.613672	-73.908582	0.378924546106	3	0.403225426735	1	3.71532915546	0	5	4.5	972	994500	137	5100	1955	0	15	4	6	2	10	7	12	9	0	1	48
30783412_zpid	30783412_zpid	11234	6303 Strickland Ave, Brooklyn, NY 11234	40.614577	-73.911326	0.196285175194	7	0.337630689161	1	3.65943662736	0	3	1	972	620000	9	4500	1955	5	11	7	7	2	15	12	7	11	0	2	37
30689309_zpid	30689309_zpid	11219	1270 64th St, Brooklyn, NY 11219	40.626661	-74.001527	0.333121740178	7	0.404671186145	2	0.39191400367	4	5	2.5	3264	1170000	11	4400	1910	41	14	22	23	12	50	68	55	14	8	18	129
30638133_zpid	30638133_zpid	11207	170 Ashford St, Brooklyn, NY 11207	40.678508	-73.8865129	0.165792208131	9	0.173430674547	6	0.225137363238	5	8	2	2500	365000	27	2500	1901	50	21	45	54	35	41	34	5	38	20	3	97
29786316_zpid	29786316_zpid	10453	2216 Aqueduct Ave E, Bronx, NY 10453	40.858497	-73.9072489	0.434040801591	7	0.091126342726	10	0.283902375674	5	5	3	1858	460000	0	2660	1901	410	28	119	145	140	34	22	15	48	53	18	212
30731155_zpid	30731155_zpid	11214	110 Bay 46th St, Brooklyn, NY 11214	40.590394	-73.986987	0.294923557685	4	0.766340225684	0	0.322603897548	1	4	4	1764	899000	0	3866	1925	13	7	7	17	3	19	27	22	24	7	4	51
30608106_zpid	30608106_zpid	11221	63 Van Buren St, Brooklyn, NY 11221	40.6901025	-73.9430466	0.290999397685	10	0.25198430788	4	0.72207931216	1	3	1.5	2400	695000	14	2000	1899	158	45	79	110	85	28	28	8	29	45	22	174
30590263_zpid	30590263_zpid	11238	358 Prospect Pl, Brooklyn, NY 11238	40.676505	-73.964823	0.096646581873	13	0.094426812434	5	0.524125611019	4	6	3	2295	1300000	30	2227	1910	206	158	82	104	94	30	42	43	44	41	14	222
29780702_zpid	29780702_zpid	10459	1091 Simpson St, Bronx, NY 10459	40.8258883	-73.8931061	0.279355861701	5	0.170968425306	6	0.202109387556	5	3	1.5	1899	270000	135	1999	1992	259	47	114	155	123	36	31	9	46	43	34	256
30784466_zpid	30784466_zpid	11234	1838 E 51st St, Brooklyn, NY 11234	40.61544	-73.925777	0.38695211681	7	0.934543397428	0	2.67637260941	0	4	3	1728	449000	14	1833	1930	15	47	5	8	10	25	25	19	16	6	8	110
29845862_zpid	29845862_zpid	10465	3252 Layton Ave, Bronx, NY 10465	40.835138	-73.818662	0.147308410905	2	0.15422039565	1	1.74926682428	0	3	2	1678	485000	19	2387	1964	4	3	7	9	7	10	20	13	9	4	3	37
29844276_zpid	29844276_zpid	10465	3259 Griswold Ave, Bronx, NY 10465	40.844906	-73.818571	0.937599544826	0	0.612143212303	1	1.14585270713	0	4	3	2350	475000	79	2884	1950	1	10	4	4	0	15	25	15	9	1	0	33
30669949_zpid	30669949_zpid	11230	616 E 19th St, Brooklyn, NY 11230	40.635466	-73.959784	0.186446351804	11	0.205497380874	7	0.257760768834	3	6	4	1920	1480000	24	6926	1910	53	10	39	38	47	20	14	6	13	11	2	57
30794647_zpid	30794647_zpid	11229	89 Aster Ct, Brooklyn, NY 11229	40.595331	-73.928901	0.335369184072	2	0.787305949618	0	2.21971630525	0	3	2	1140	300000	16	1785	1945	12	68	4	28	8	32	56	24	52	12	8	104
30626181_zpid	30626181_zpid	11221	30 Kossuth Pl, Brooklyn, NY 11221	40.693463	-73.926761	0.185382463802	9	0.0939118066429	4	0.173803089875	3	4	2	2100	160000	56	2000	1915	209	91	83	115	113	51	41	21	45	41	33	296
30733904_zpid	30733904_zpid	11224	4909 Beach 49th St, Brooklyn, NY 11224	40.578046	-74.011716	0.151889115683	1	0.831665035026	0	2.57826871747	0	5	4	3361	737000	21	4563	1965	28	20	12	60	16	0	24	0	16	4	4	36
30666185_zpid	30666185_zpid	11226	168 Martense St, Brooklyn, NY 11226	40.65123	-73.953396	0.469570183405	10	0.163475547877	7	0.325573553452	2	7	2	2338	325000	47	2400	1915	517	81	250	243	247	91	38	20	65	81	23	398
30669157_zpid	30669157_zpid	11226	1194 Rogers Ave, Brooklyn, NY 11226	40.640627	-73.951604	0.333845451748	7	0.228781803033	5	0.279542769498	2	4	2	2731	880000	2	910	1933	394	105	163	181	152	65	37	17	38	80	18	289
30761845_zpid	30761845_zpid	11234	2036 E 41st St, Brooklyn, NY 11234	40.623691	-73.934436	0.201377779503	8	0.225292764811	2	1.51036168497	0	5	2.5	1890	310000	28	1833	1925	156	40	72	88	84	100	100	80	56	16	0	316
30732311_zpid	30732311_zpid	11224	3712 Polar St, Brooklyn, NY 11224	40.580039	-74.004287	0.551838776675	1	0.356564712057	1	1.97083321457	0	4	2	1520	250000	3	1999	1980	41	10	11	29	12	3	13	3	11	10	2	43
29825303_zpid	29825303_zpid	10467	3305 Cruger Ave, Bronx, NY 10467	40.873753	-73.866392	0.163515510775	8	0.0776812671463	3	0.274631880646	3	10	3	3072	510000	88	2168	1901	225	31	82	92	82	37	29	7	32	33	17	184
30641333_zpid	30641333_zpid	11207	587 Van Siclen Ave # 1, Brooklyn, NY 11207	40.665164	-73.888096	0.343168007684	9	0.292564380438	7	0.0576966240019	3	5	2	2000	459000	42	2000	1930	237	17	142	133	131	32	39	12	62	79	22	256
30576710_zpid	30576710_zpid	11220	261 50th St, Brooklyn, NY 11220	40.648314	-74.0152279	0.282426914179	9	0.289771132271	9	0.375042754988	2	5	2	2184	900000	2	1800	1915	52	21	42	64	32	31	44	19	26	20	5	143
30627732_zpid	30627732_zpid	11221	1090 Bushwick Ave, Brooklyn, NY 11221	40.690062	-73.919606	0.258491063725	8	0.395202979128	4	0.229947753114	2	6	4	2536	1070000	11	1250	1931	202	65	106	161	100	45	41	8	64	52	48	235
30646684_zpid	30646684_zpid	11207	720 New Jersey Ave, Brooklyn, NY 11207	40.661467	-73.8920179	0.151872789068	4	0.135642361357	5	0.428243903452	3	7	2	2904	520000	16	1900	1907	261	18	151	140	140	29	48	12	46	81	17	271
30661851_zpid	30661851_zpid	11203	492 E 42nd St, Brooklyn, NY 11203	40.643277	-73.937495	0.368106234059	4	0.697620278373	2	0.989306940342	0	2	2	1590	365000	0	2151	1940	33	7	9	14	12	33	17	4	18	11	2	75
30740580_zpid	30740580_zpid	11235	2891 Brighton 6th St, Brooklyn, NY 11235	40.5815957	-73.9626622	0.0348755340146	10	0.248433730439	5	0.452989240937	1	8	2	2400	678000	18	2081	1930	320	172	192	280	96	320	220	132	160	84	88	772
30740580_zpid	30740580_zpid	11235	2891 Brighton 6th St, Brooklyn, NY 11235	40.5815957	-73.9626622	0.0348755340146	9	0.248433730439	5	0.452989240937	1	8	2	2400	678000	18	2081	1930	320	172	192	280	96	320	220	132	160	84	88	772
30644942_zpid	30644942_zpid	11208	202 Fountain Ave, Brooklyn, NY 11208	40.675177	-73.8756049	0.22533178815	8	0.134593159977	4	0.29623749541	2	3	1	400	388000	0	1999	1920	672	80	360	412	300	220	204	32	164	200	68	764
30747376_zpid	30747376_zpid	11229	2810 Avenue W, Brooklyn, NY 11229	40.595506	-73.942562	0.169808156688	9	0.161212463118	4	1.06535572316	0	2	2	1584	565000	19	1600	1950	4	9	3	16	3	16	22	18	16	2	1	58
29854398_zpid	29854398_zpid	10471	715 W 246th St, Bronx, NY 10471	40.893851	-73.914531	0.921206761001	0	1.03730689779	0	1.12818123416	0	6	4	3787	1225000	45	19602.0	1962	9	5	0	3	0	1	33	2	3	0	0	9
29840981_zpid	29840981_zpid	10465	1108 Ellsworth Ave, Bronx, NY 10465	40.834985	-73.822162	0.1470879746	4	0.142214997494	1	1.5488234769	0	4	2.5	1653	397500	49	1481	1960	7	7	9	10	8	10	29	12	13	5	4	40
29788099_zpid	29788099_zpid	10458	203 E 198th St, Bronx, NY 10458	40.8698864	-73.8901857	0.0661903036219	10	0.197221189334	9	0.340783862554	5	5	3	3196	596000	97	2204	1931	481	41	136	167	199	31	14	4	61	51	21	236
30651270_zpid	30651270_zpid	11203	16 E 55th St, Brooklyn, NY 11203	40.657899	-73.926473	0.275108972212	12	0.593152526296	4	0.826671044152	0	3	3	1296	355200	6	1800	1945	596	72	228	236	268	228	96	48	68	104	52	460
30651270_zpid	30651270_zpid	11203	16 E 55th St, Brooklyn, NY 11203	40.657899	-73.926473	0.275108972212	12	0.52563760291	5	0.826671044152	0	3	3	1296	355200	6	1800	1945	596	72	228	236	268	228	96	48	68	104	52	460
30606931_zpid	30606931_zpid	11206	92 Tompkins Ave, Brooklyn, NY 11206	40.6961855	-73.946679	0.194055945681	7	0.441757908887	4	0.21202571856	3	2	1	2363	352000	24	1575	1920	480	148	288	436	204	224	88	176	120	120	112	668
29796954_zpid	29796954_zpid	10472	2112 Cross Bronx Expy, Bronx, NY 10472	40.830498	-73.85285	0.100431549908	12	0.528115663076	6	0.431536992153	2	3	1	1633	291000	54	1611	1950	73	14	48	54	38	32	27	4	33	18	10	93
30585624_zpid	30585624_zpid	11215	314 12th St, Brooklyn, NY 11215	40.666587	-73.986725	0.108812403057	20	0.102684101281	5	0.492560115467	4	2	1	815	595000	19	2500	1899	86	91	27	72	21	47	71	31	30	26	22	242
30719225_zpid	30719225_zpid	11204	1584 W 9th St, Brooklyn, NY 11204	40.608236	-73.982926	0.220979992503	10	0.303272387719	7	0.415328713853	2	3	2	1148	650000	9	1934	1925	252	84	92	112	144	212	68	84	60	32	16	316
30732526_zpid	30732526_zpid	11224	3732 Cypress Ave, Brooklyn, NY 11224	40.578588	-74.004859	0.499467241565	1	0.282229215308	1	2.00177906559	0	3	2	2285	465000	8	3000	1930	48	13	12	37	13	4	15	4	15	12	2	51
29785627_zpid	29785627_zpid	10457	2104 Valentine Ave, Bronx, NY 10457	40.853099	-73.899393	0.101684421914	10	0.156499087821	9	0.352086477628	5	7	4	2024	460000	91	3505	1901	420	37	181	188	190	29	24	13	61	68	26	289
30788923_zpid	30788923_zpid	11234	2246 E 59th Pl, Brooklyn, NY 11234	40.610368	-73.9118079	0.604273448436	1	0.7912425352	0	3.89262762063	0	5	3.5	2800	250000	139	2100	1960	2	6	2	6	3	18	7	20	20	2	1	29
30777693_zpid	30777693_zpid	11236	10554 Flatlands 5th St, Brooklyn, NY 11236	40.642717	-73.887134	0.735354698982	2	0.529794222126	2	1.31799044456	0	4	2	2	575000	62	1851300.0	1970	52	8	32	32	32	32	36	16	40	12	16	144
30599791_zpid	30599791_zpid	11233	555 Bainbridge St, Brooklyn, NY 11233	40.68304	-73.9148869	0.181089793653	6	0.241301538601	3	0.374399761674	4	2	1	2700	590000	26	2000	1910	210	39	147	166	129	25	36	10	49	87	13	228
30691469_zpid	30691469_zpid	11220	125 Senator St, Brooklyn, NY 11220	40.638984	-74.0299579	0.29937080777	8	0.408737385554	3	0.713449064776	1	6	3	2500	1350000	0	2500	1920	45	14	23	24	15	26	19	28	6	10	1	68
30793941_zpid	30793941_zpid	11229	33 Frank Ct, Brooklyn, NY 11229	40.587334	-73.922472	0.295495465581	2	1.51829330286	0	2.6788607148	0	2	1	325	165000	20	1800	1925	2	3	1	13	0	0	31	11	23	2	5	38
30573164_zpid	30573164_zpid	11231	193 Huntington St, Brooklyn, NY 11231	40.675835	-73.998232	0.0561204492653	8	0.487709658131	1	0.160145432853	2	5	2	2418	1625000	34	2000	1899	29	28	7	20	9	15	44	11	13	5	7	110
30579156_zpid	30579156_zpid	11220	523 58th St, Brooklyn, NY 11220	40.640408	-74.014155	0.28282708901	8	0.0904253278492	8	0.332169225557	3	10	4	3540	480000	161	2003	1910	162	72	56	81	51	43	66	36	41	31	6	255
30653205_zpid	30653205_zpid	11212	1044 Linden Blvd, Brooklyn, NY 11212	40.6540589	-73.919336	0.1672544483	10	0.489552951371	3	0.861438149969	0	5	3	3180	649000	0	5497	1930	237	10	82	87	74	46	10	4	23	37	17	151
29842291_zpid	29842291_zpid	10461	1465 William Pl, Bronx, NY 10461	40.840106	-73.835575	0.220031264995	3	0.84484704385	0	0.42293213141	2	3	1.5	1760	312000	12	2169	1920	64	18	21	16	14	37	22	19	11	7	3	79
30664623_zpid	30664623_zpid	11225	71 Midwood St, Brooklyn, NY 11225	40.659843	-73.9582719	0.188280225521	12	0.337004376531	8	0.389476312957	3	5	3.5	3860	2400000	2	2000	1901	435	113	188	161	174	23	47	22	56	54	14	279
111206999_zpid	111206999_zpid	11212	59 Tapscott St, Brooklyn, NY 11212	40.6664552	-73.9205061	0.219458241786	8	0.188063257622	6	0.266099950594	2	6	4.5	3400	450000	57	1481	2010	249	16	77	83	73	31	27	10	37	37	9	156
30609106_zpid	30609106_zpid	11216	810 Marcy Ave, Brooklyn, NY 11216	40.6859759	-73.947618	0.0799285284266	10	0.239395420757	8	0.55557030804	2	4	2.5	3320	1950000	15	1700	1931	180	84	99	139	102	33	44	21	53	62	33	247
30601353_zpid	30601353_zpid	11233	1385 Herkimer St, Brooklyn, NY 11233	40.677556	-73.907513	0.277531746455	4	0.261925069658	3	0.294183544488	8	5	3.5	1950	895000	2	1667	1899	177	19	121	160	107	35	32	16	50	69	25	171
30645277_zpid	30645277_zpid	11208	226 Fountain Ave, Brooklyn, NY 11208	40.674415	-73.875422	0.160548345361	8	0.123683097744	4	0.299742480672	2	8	3	3420	490000	131	3998	1920	756	88	408	468	364	240	192	32	136	244	88	804
30646837_zpid	30646837_zpid	11207	605 Hegeman Ave, Brooklyn, NY 11207	40.661077	-73.889608	0.220136755034	4	0.211468623988	6	0.511113919206	2	7	5	3	545000	11	1900	1930	201	19	127	117	115	22	39	7	45	73	13	220
29841014_zpid	29841014_zpid	10465	3188 Fairmount Ave, Bronx, NY 10465	40.835736	-73.821391	0.13046806712	4	0.098065480678	1	1.54908496801	0	4	2	1400	477000	13	2500	1915	6	7	7	9	7	10	27	12	11	4	4	43
30620599_zpid	30620599_zpid	11222	158 Guernsey St, Brooklyn, NY 11222	40.726277	-73.9540449	0.182763790855	15	0.204028123311	4	0.296541600328	2	7	6	2624	1238000	25	800	1899	51	86	21	48	20	35	37	24	19	14	11	179
30697212_zpid	30697212_zpid	11209	8008 Narrows Ave, Brooklyn, NY 11209	40.629859	-74.037583	0.711305009361	4	0.71484940363	1	1.02005853959	0	4	3.5	1898	1275000	48	2000	1930	3	6	0	4	0	6	21	15	7	0	1	32
30610106_zpid	30610106_zpid	11216	256 Jefferson Ave, Brooklyn, NY 11216	40.683309	-73.9475159	0.219061525673	11	0.121624033327	8	0.356502779286	3	10	5	5560	2000000	2	2000	1900	243	92	139	180	124	25	49	26	60	76	30	301
30636816_zpid	30636816_zpid	11207	424 Jamaica Ave, Brooklyn, NY 11207	40.68281	-73.887008	0.478504824347	7	0.428634225638	5	0.376257591567	3	5	2	2040	520000	19	21	1920	27	27	14	13	14	29	22	12	20	7	3	52
30775223_zpid	30775223_zpid	11236	1317 E 94th St, Brooklyn, NY 11236	40.639261	-73.899509	0.316039001717	6	0.295341592818	2	0.846406906698	0	5	2.5	2208	400000	135	3100	1960	49	19	22	25	14	52	25	14	15	13	7	86
29779287_zpid	29779287_zpid	10456	1098 Jackson Ave, Bronx, NY 10456	40.826784	-73.903206	0.31240797659	5	0.306360190953	7	0.742847598431	1	5	4.5	3375	435000	38	1742	1903	256	19	94	105	81	42	14	7	23	35	25	172
30613658_zpid	30613658_zpid	11238	437 Classon Ave, Brooklyn, NY 11238	40.685715	-73.959104	0.368478253209	14	0.378367850277	7	0.360879804968	5	5	3.5	1890	2450000	3	1260	1930	109	139	71	100	56	28	38	16	43	16	37	145
29847218_zpid	29847218_zpid	10465	3085 Hatting Pl, Bronx, NY 10465	40.814424	-73.807213	0.792830462525	0	1.05751549866	0	4.09284356815	0	3	2	1741	345000	3	3001	1930	1	5	1	1	0	3	19	7	7	1	2	25
30731471_zpid	30731471_zpid	11214	140 Bay 47th St, Brooklyn, NY 11214	40.588764	-73.98751	0.247258896595	4	0.700586470814	1	0.31670278131	1	4	2	3209	880000	9	3867	1960	13	9	9	26	6	22	23	23	27	8	5	45
30602987_zpid	30602987_zpid	11221	97 Malcolm X Blvd, Brooklyn, NY 11221	40.6903379	-73.930259	0.268707825924	9	0.375392643873	3	0.355962067912	2	6	3	3300	930000	7	1600	1899	200	69	108	138	118	56	33	18	37	62	41	292
30570952_zpid	30570952_zpid	11231	554 Court St, Brooklyn, NY 11231	40.674981	-73.999731	0.12177606007	8	0.375249813303	2	0.211936494014	1	4	2	3000	700000	137	1600	1931	80	108	24	48	32	60	152	32	44	16	24	388
30759012_zpid	30759012_zpid	11234	1236 E 48th St, Brooklyn, NY 11234	40.630974	-73.930387	0.234613058906	5	0.850117243606	0	1.47238836647	0	6	3	3300	650000	0	2500	1935	116	52	72	92	48	164	104	68	72	52	12	304
30666683_zpid	30666683_zpid	11218	1216 Albemarle Rd, Brooklyn, NY 11218	40.6462296	-73.9676968	0.161298370112	11	0.653793005758	2	0.350132587593	3	4	4	3000	2625000	5	4000	1960	69	23	34	39	35	22	11	10	16	17	3	100
29813832_zpid	29813832_zpid	10461	2553 Poplar St, Bronx, NY 10461	40.844402	-73.8482255	0.135525870867	8	0.345845162394	3	0.666003152707	1	3	2	2220	400000	26	5924	1901	114	20	37	51	20	46	33	24	29	11	7	142
30656785_zpid	30656785_zpid	11203	899 E 49th St, Brooklyn, NY 11203	40.639369	-73.929782	0.340047416665	8	1.13976984157	0	1.57502734386	0	3	2	2544	475000	2	2050	1920	292	48	60	84	72	160	128	56	84	40	24	404
30786907_zpid	30786907_zpid	11234	2078 E 53rd Pl, Brooklyn, NY 11234	40.610769	-73.921557	0.574763204132	3	1.25385611518	0	3.07301506427	0	4	2	1840	608000	0	1983	1940	8	6	5	10	5	29	22	12	12	4	4	82
29850137_zpid	29850137_zpid	10464	121 Pilot St, Bronx, NY 10464	40.8413007	-73.784821	0.227107470958	3	3.4753592708	0	3.78759585398	0	2	2	1080	395000	31	3964	1925	11	7	5	4	3	2	23	7	8	3	13	27
30607742_zpid	30607742_zpid	11221	833 Dekalb Ave, Brooklyn, NY 11221	40.692551	-73.943096	0.261037551998	10	0.101252788986	5	0.597899393238	1	3	1	2166	724139	49	1942	1931	84	38	37	75	47	17	21	6	15	26	19	126
30748578_zpid	30748578_zpid	11235	2407 Brigham St, Brooklyn, NY 11235	40.594307	-73.933689	0.169293613237	8	0.601291251166	2	1.81799916695	0	5	3	1880	455000	38	2003	1960	4	9	6	1	2	1	6	5	2	2	1	32
30666108_zpid	30666108_zpid	11226	129 Martense St, Brooklyn, NY 11226	40.651714	-73.954599	0.369975860078	12	0.258376667714	9	0.435248210288	4	5	2.5	2400	825000	5	2600	1901	564	91	267	267	256	78	41	19	70	79	25	398
30647006_zpid	30647006_zpid	11207	701 Van Siclen Ave, Brooklyn, NY 11207	40.662605	-73.886812	0.258557013233	6	0.269968824959	7	0.361038635629	3	3	1	2400	325000	16	2793	1925	724	40	448	376	380	100	128	32	168	240	56	748
30574398_zpid	30574398_zpid	11232	125 32nd St, Brooklyn, NY 11232	40.657454	-74.003108	0.141246823153	4	0.520884651358	2	0.350846542958	2	5	3	1100	310000	24	2526	1910	24	33	13	16	12	11	42	18	14	1	9	68
30737611_zpid	30737611_zpid	11223	2237 W 5th St, Brooklyn, NY 11223	40.5935103	-73.9757122	0.248533384211	9	0.250299665806	3	0.230254308748	4	3	2	1080	661800	1	1280	1925	36	15	10	24	10	49	25	35	24	5	8	108
29845528_zpid	29845528_zpid	10465	223 Throggs Neck Blvd, Bronx, NY 10465	40.8176	-73.813185	0.387021900825	4	0.444782869557	1	3.51357556237	0	3	2	1932	390000	58	25	1955	24	32	4	28	20	48	96	48	44	20	36	252
30624289_zpid	30624289_zpid	11237	1035 Flushing Ave, Brooklyn, NY 11237	40.7040714	-73.9309125	0.0750168270343	11	0.470411914669	4	0.298665552775	1	3	1	4248	1060000	35	1843	1910	87	64	53	63	45	22	23	5	13	27	12	165
30690547_zpid	30690547_zpid	11219	1413 Bay Ridge Ave, Brooklyn, NY 11219	40.622279	-74.001146	0.207674432905	8	0.308127067728	2	0.356158361956	3	5	2	1684	660000	30	1466	1920	172	32	52	60	36	160	112	112	40	24	28	308
30626879_zpid	30626879_zpid	11221	65 Bleecker St, Brooklyn, NY 11221	40.694394	-73.922281	0.450590165645	9	0.207852390757	5	0.522485576559	4	4	2.5	2648	427350	35	2500	1901	173	59	78	109	74	44	35	18	61	32	27	224
30658939_zpid	30658939_zpid	11203	226 E 38th St, Brooklyn, NY 11203	40.651698	-73.942247	0.0834750155971	3	0.49559172976	3	0.626175465216	1	3	1	1216	359000	0	1999	1920	476	84	308	340	236	280	80	40	108	148	24	488
29847446_zpid	29847446_zpid	10465	1 Schuyler Ter, Bronx, NY 10465	40.809819	-73.803029	1.3814385822	0	1.64677996015	0	4.71455198129	0	2	2	1146	295000	2	1296	1920	1	3	1	1	0	2	3	9	1	0	1	6
