30719195_zpid	30719195_zpid	11204	1531 W 11th St, Brooklyn, NY 11204	40.6093339	-73.984452	0.196081928133	14	0.298259481687	7	0.357636308689	2	8	4.5	3600	1080000	28	2700	1925	360	88	140	184	208	228	80	128	80	48	16	500
30781052_zpid	30781052_zpid	11234	1595 E 56th St, Brooklyn, NY 11234	40.616573	-73.920477	0.205371291853	8	0.937982159327	0	2.92324704159	0	6	4	1624	929000	0	3497	1965	80	44	52	36	48	164	96	56	96	24	24	476
30764355_zpid	30764355_zpid	11234	1686 E 49th St, Brooklyn, NY 11234	40.6196335	-73.9281017	0.078867171689	9	0.471382470358	2	2.21033436758	0	6	3	2088	590000	5	2558	1925	10	55	1	10	3	37	31	18	14	7	3	144
30633923_zpid	30633923_zpid	11207	30 Georgia Ave, Brooklyn, NY 11207	40.676424	-73.899235	0.134254359941	3	0.613717209122	3	0.0800246099565	8	9	4	2400	525000	105	1667	1901	37	12	36	50	33	29	29	17	16	16	7	87
29815876_zpid	29815876_zpid	10461	1826 Hutchinson River Pkwy, Bronx, NY 10461	40.8487719	-73.835264	0.28585183455	8	0.44159659655	1	0.314958872592	2	2	2	1620	425000	0	1900	1950	70	13	19	14	15	25	18	12	10	12	7	75
30744224_zpid	30744224_zpid	11229	2015 Coyle St, Brooklyn, NY 11229	40.602816	-73.93714	0.263962987948	4	0.316172184349	3	1.63557505149	0	4	3	2040	580000	34	1700	1932	26	9	10	12	7	14	35	17	14	0	3	56
30670935_zpid	30670935_zpid	11218	629 Vanderbilt St, Brooklyn, NY 11218	40.654125	-73.975407	0.165006636339	4	0.344572910358	2	0.483412104217	1	9	3	1928	1338000	26	2963	1901	10	16	13	18	10	21	18	19	14	1	4	49
30634189_zpid	30634189_zpid	11207	239 Vermont St, Brooklyn, NY 11207	40.673971	-73.8941	0.237846333981	8	0.178295519318	7	0.216232649247	4	7	3	2816	580000	13	2014	1901	95	18	81	98	75	67	38	33	28	37	23	217
55677465_zpid	55677465_zpid	11224	3229 Mermaid Ave, Brooklyn, NY 11224	40.575192	-73.999483	0.404693089315	1	0.316301868578	2	1.56290808873	0	3	2.5	1680	450000	6	990	1999	59	20	26	47	17	4	20	9	23	19	0	74
30567005_zpid	30567005_zpid	11217	204 Dean St, Brooklyn, NY 11217	40.685243	-73.985327	0.124840146786	12	0.417645629588	1	0.3991713066	9	4	3	4036	3650000	8	2242	1899	54	80	8	41	14	37	48	20	22	15	14	145
30623021_zpid	30623021_zpid	11211	141 Devoe St, Brooklyn, NY 11211	40.713917	-73.945049	0.216460171672	14	0.0789767604485	4	0.110752483743	4	10	4	3440	2599000	0	2000	1901	32	92	25	64	28	36	53	10	24	11	20	224
30639379_zpid	30639379_zpid	11208	438 Shepherd Ave, Brooklyn, NY 11208	40.673662	-73.880974	0.142737405014	7	0.356323642011	3	0.0554239325261	1	3	2	1552	375000	2	2500	1920	620	96	316	364	272	172	120	44	120	224	92	692
30750451_zpid	30750451_zpid	11235	3037 Voorhies Ave, Brooklyn, NY 11235	40.587988	-73.935019	0.417891350174	4	0.510097310372	2	1.62227180489	0	4	3	1920	588000	0	1969	1930	51	15	21	26	21	27	18	16	22	9	4	105
2116560717_zpid	2116560717_zpid	11236	75 Conklin Ave, Brooklyn, NY 11236	40.6424642	-73.9044634	0.338855315463	6	0.844683241561	0	0.516005646675	1	4	3	936	422060	10	4116	1920	39	9	18	21	16	65	35	7	17	16	9	99
29845552_zpid	29845552_zpid	10465	195 Throggs Neck Blvd, Bronx, NY 10465	40.817	-73.812865	0.445731171917	4	0.501809882764	1	3.58413623119	0	3	2.5	1620	302000	8	2404	1965	20	28	8	24	20	44	92	52	44	16	36	232
30586959_zpid	30586959_zpid	11215	857 Carroll St, Brooklyn, NY 11215	40.671737	-73.971921	0.388780808725	13	0.429199890161	4	0.403738259087	3	6	3	4368	4950000	2	1875	1901	11	21	1	12	7	9	35	18	13	4	4	88
30722041_zpid	30722041_zpid	11223	1808 E 2nd St, Brooklyn, NY 11223	40.605417	-73.971519	0.105848979213	7	0.167962512907	5	0.255032441651	2	8	6	2880	565000	26	3000	1910	84	19	31	36	29	64	28	51	29	19	4	138
29846692_zpid	29846692_zpid	10465	212 Throggs Neck Blvd, Bronx, NY 10465	40.817627	-73.8124519	0.440466434354	4	0.499094566219	1	3.54572017337	0	2	2	1200	399125	7	2265	1950	20	44	8	28	12	40	92	52	48	16	36	260
30635259_zpid	30635259_zpid	11207	570 Miller Ave, Brooklyn, NY 11207	40.6665459	-73.889949	0.280905509055	7	0.399620925713	9	0.163046942109	4	6	3	3620	520000	34	2500	1910	224	25	147	143	149	28	47	13	65	74	19	275
30619254_zpid	30619254_zpid	11249	66 S 3rd St, Brooklyn, NY 11249	40.713253	-73.965362	0.101969813667	8	0.351072570105	4	0.833123070077	0	6	3	2100	1600000	26	1162	1920	25	90	8	33	8	23	21	38	20	3	8	97
29853861_zpid	29853861_zpid	10471	6122 Tyndall Ave, Bronx, NY 10471	40.910361	-73.900044	0.525802994464	7	0.540061581082	6	1.38131766387	0	3	2	2049	799000	0	2826	1925	8	8	6	10	4	8	22	9	11	2	4	38
30755176_zpid	30755176_zpid	11234	3424 Kings Hwy, Brooklyn, NY 11234	40.619425	-73.940948	0.510468851563	2	0.199260666356	3	1.57200066811	0	4	3	2821	718000	7	1827	1945	23	8	17	16	8	28	18	17	18	5	3	79
29850458_zpid	29850458_zpid	10464	53 Carroll St, Bronx, NY 10464	40.8454819	-73.788459	0.275888022814	3	3.14870937457	0	3.35700254179	0	3	2	1600	545000	96	2750	1915	17	17	5	7	3	1	36	9	7	2	29	41
30732305_zpid	30732305_zpid	11224	3726 Polar St, Brooklyn, NY 11224	40.579982	-74.004795	0.508440764429	1	0.377475786357	1	2.01241457452	0	3	1.5	1280	420000	21	2000	1984	41	9	11	29	12	3	13	3	11	10	2	44
30764549_zpid	30764549_zpid	11234	1577 E 53rd St, Brooklyn, NY 11234	40.620048	-73.923728	0.200329571905	12	0.499209294978	1	2.47158483005	0	4	2	1920	458000	10	2000	1920	13	25	4	9	10	43	28	16	20	4	9	133
30595995_zpid	30595995_zpid	11233	1377 Saint Marks Ave, Brooklyn, NY 11233	40.673986	-73.922787	0.422052744871	4	0.479227493804	3	0.539862752793	1	4	2	2001	637500	12	2130	1910	166	28	110	100	86	17	19	5	35	38	17	165
83048415_zpid	83048415_zpid	11221	157 Van Buren St, Brooklyn, NY 11221	40.6907241	-73.9398266	0.0317907092858	9	0.24628671954	5	0.802909629056	0	6	6	3255	690000	85	2182	2006	189	53	96	146	90	29	30	14	38	54	33	227
29826969_zpid	29826969_zpid	10467	734 E 222nd St, Bronx, NY 10467	40.885048	-73.860532	0.0881458687912	5	0.194113809333	1	0.227637035678	2	6	3	3032	545000	8	2288	1960	129	9	68	84	83	61	12	4	28	33	8	130
29784017_zpid	29784017_zpid	10459	1412 Longfellow Ave, Bronx, NY 10459	40.829718	-73.887741	0.440171340295	6	0.467651741865	6	0.348194512292	3	6	2	1934	434000	123	2236	1910	163	19	50	76	66	24	20	7	20	20	20	125
30665631_zpid	30665631_zpid	11226	576 Parkside Ave, Brooklyn, NY 11226	40.655755	-73.954223	0.120196214013	15	0.2098911033	8	0.390743302504	3	1	1	2064	700000	94	2437	1905	448	68	224	235	233	49	30	9	53	82	17	295
55677713_zpid	55677713_zpid	11234	44 Georgetown Ln, Brooklyn, NY 11234	40.621924	-73.913685	0.344663571737	5	0.634335422676	1	2.9288617395	0	3	2.5	2472	535000	69	2678	1996	76	12	32	52	12	180	116	96	76	12	28	384
30692567_zpid	30692567_zpid	11220	474 Bay Ridge Ave, Brooklyn, NY 11220	40.6335878	-74.021536	0.0780323705234	14	0.213929885134	6	0.218540466023	2	6	6	3042	1250000	0	1920	1910	164	100	60	72	64	68	100	44	32	48	24	320
29785071_zpid	29785071_zpid	10457	2005 Prospect Ave, Bronx, NY 10457	40.845472	-73.88843	0.249406503702	11	0.197048515536	2	0.911192130063	0	6	3	2400	449000	0	2016	1989	220	40	103	109	96	20	13	4	31	45	12	187
30776632_zpid	30776632_zpid	11236	10218 Avenue K, Brooklyn, NY 11236	40.64294	-73.892584	0.567954098814	5	0.546457725877	3	0.885143361965	0	3	2	1856	435000	14	1942	1955	65	6	28	26	23	34	19	9	12	16	7	86
30793171_zpid	30793171_zpid	11229	2316 Plumb 1st St, Brooklyn, NY 11229	40.596416	-73.932613	0.361254287717	8	0.549458519972	1	1.91035906083	0	3	1	1250	326000	71	1800	1930	17	17	1	7	2	8	19	8	17	3	2	44
83048544_zpid	83048544_zpid	11221	498 Central Ave, Brooklyn, NY 11221	40.691391	-73.9138849	0.170805474204	6	0.479739540262	4	0.608513486886	2	6	3	3900	610000	14	1875	2008	166	41	113	141	109	40	36	9	64	62	46	198
30604691_zpid	30604691_zpid	11233	421 Halsey St # A, Brooklyn, NY 11233	40.683634	-73.935882	0.159088553036	9	0.390477131197	5	0.589317999352	2	5	3.5	2140	1500000	2	2003	1899	50	19	41	51	22	5	20	3	13	13	9	74
30756667_zpid	30756667_zpid	11229	1640 Madison Pl, Brooklyn, NY 11229	40.612034	-73.943107	0.0961565041335	2	0.473516570677	2	1.29800452263	0	5	3	2450	735000	51	3749	1930	33	4	14	21	7	13	23	16	9	4	1	59
30614609_zpid	30614609_zpid	11238	270 Saint James Pl, Brooklyn, NY 11238	40.682155	-73.96383	0.12265676227	10	0.0933628734036	6	0.297450740922	4	1	1	2327	395000	167	1875	1899	126	153	73	123	92	52	53	28	36	29	31	232
29829838_zpid	29829838_zpid	10469	3307 Eastchester Rd, Bronx, NY 10469	40.87489	-73.845564	0.263660947304	6	0.272665017354	2	0.60109402482	1	3	1.5	1633	298700	6	1799	1950	50	13	42	54	35	29	28	8	35	17	11	117
30651523_zpid	30651523_zpid	11212	254 E 94th St, Brooklyn, NY 11212	40.65973	-73.92306	0.0456687926094	13	0.277455376567	6	0.560680794803	2	9	5	3600	699000	6	2700	1930	547	19	202	217	172	59	18	9	45	77	29	277
29833122_zpid	29833122_zpid	10466	943 E 229th St, Bronx, NY 10466	40.888497	-73.851459	0.240663689868	8	0.37377026474	4	0.727603381957	2	9	4	3360	430000	11	3171	1931	101	12	47	42	32	93	17	5	29	17	14	93
30637394_zpid	30637394_zpid	11208	144 Linwood St, Brooklyn, NY 11208	40.682286	-73.884606	0.301229391816	5	0.267423819971	4	0.260391191664	2	2	2	1424	459000	14	2500	1925	65	20	37	37	37	39	26	18	26	19	11	115
29850139_zpid	29850139_zpid	10464	117 Pilot St, Bronx, NY 10464	40.8412504	-73.7851001	0.229191029567	3	3.45262800606	0	3.76744844428	0	3	2	1800	155000	202	4250	1925	11	7	5	4	3	2	23	7	8	3	13	27
30566264_zpid	30566264_zpid	11201	173 Concord St, Brooklyn, NY 11201	40.6977487	-73.9842859	0.165664591673	9	0.300412826163	3	0.456312683895	7	4	2.5	2000	1275000	13	1750	1899	8	49	3	15	3	3	27	13	16	3	2	74
29840980_zpid	29840980_zpid	10465	1106 Ellsworth Ave, Bronx, NY 10465	40.834781	-73.822141	0.144179694065	4	0.145640811203	1	1.56476268758	0	3	2	1653	325000	52	88	1960	7	8	9	10	8	10	29	15	12	5	4	42
30610470_zpid	30610470_zpid	11216	414 Tompkins Ave, Brooklyn, NY 11216	40.6829494	-73.9441006	0.06707858193	11	0.236728688222	9	0.434259368589	3	2	1	2400	2000000	18	2000	1925	676	412	412	628	376	76	164	80	220	220	104	888
30724716_zpid	30724716_zpid	11230	1044 E 17th St, Brooklyn, NY 11230	40.6248099	-73.95968	0.148914454108	6	0.12927485116	5	0.105327939974	2	5	2.5	3076	1200000	5	4000	1920	880	72	356	468	464	156	104	92	108	188	48	912
29791034_zpid	29791034_zpid	10473	2236 Norton Ave, Bronx, NY 10473	40.8148573	-73.8454888	0.460164171082	3	0.472425030744	2	2.22398263847	0	5	5	2000	307000	163	4385	2007	11	3	5	3	2	10	6	3	4	3	3	28
30748257_zpid	30748257_zpid	11235	2450 E 27th St, Brooklyn, NY 11235	40.592217	-73.943547	0.243511436192	12	0.300269631261	3	1.0380187007	0	6	5	2112	766000	16	2221	1940	204	60	48	52	32	96	88	116	88	4	4	252
30748257_zpid	30748257_zpid	11235	2450 E 27th St, Brooklyn, NY 11235	40.592217	-73.943547	0.243511436192	12	0.300269631261	2	1.0380187007	0	6	5	2112	766000	16	2221	1940	204	60	48	52	32	96	88	116	88	4	4	252
30656735_zpid	30656735_zpid	11203	955 E 48th St, Brooklyn, NY 11203	40.638026	-73.930582	0.365409454474	8	1.11338444153	0	1.52147856843	0	4	2	1488	380000	11	2000	1930	28	9	10	17	10	36	29	10	17	9	5	88
29833906_zpid	29833906_zpid	10469	3384 Ely Ave, Bronx, NY 10469	40.8779825	-73.8396806	0.469317188996	3	0.322709877259	2	0.23008312306	1	3	1	1088	280000	23	1899	1901	14	4	15	18	12	27	26	14	27	8	7	57
30710355_zpid	30710355_zpid	11214	1717 84th St, Brooklyn, NY 11214	40.609879	-74.002667	0.0582132487737	12	0.244112957303	7	0.228277526942	3	7	3	3000	865000	2	1759	1920	73	14	33	32	12	31	46	32	26	10	7	140
29778252_zpid	29778252_zpid	10451	1020 Grand Concourse, Bronx, NY 10451	40.8303392	-73.920204	0.120272129439	8	0.209034298139	6	0.409901581729	4	1	1	830	250000	6	61855.2	1963	227	13	39	27	41	2	6	9	10	10	12	79
30634176_zpid	30634176_zpid	11207	245 New Jersey Ave, Brooklyn, NY 11207	40.673616	-73.895008	0.151635581884	7	0.150392306289	4	0.165924148909	6	5	3	2268	490000	23	1680	1901	92	15	78	91	72	60	42	31	28	34	22	197
30765564_zpid	30765564_zpid	11234	1603 E 54th St, Brooklyn, NY 11234	40.618446	-73.922566	0.258855871467	11	0.702290240558	1	2.65607478872	0	3	1.25	1316	440000	11	2798	1920	13	22	6	7	11	38	31	12	22	5	7	134
30745213_zpid	30745213_zpid	11229	2162 Batchelder St, Brooklyn, NY 11229	40.59921	-73.939035	0.264105266931	8	0.360751680205	3	1.42796057863	0	3	2.5	1255	445000	35	1800	1950	27	14	9	15	6	8	30	14	18	2	2	68
30608636_zpid	30608636_zpid	11216	236 Lexington Ave, Brooklyn, NY 11216	40.687266	-73.952311	0.202458310464	10	0.238727631208	6	0.304800471257	2	5	4	2640	1199000	0	1650	1899	588	476	348	476	320	144	128	68	140	204	148	968
29811795_zpid	29811795_zpid	10461	2420 Saint Raymonds Ave, Bronx, NY 10461	40.839317	-73.84906	0.230128277309	11	0.295139292167	7	0.358097135358	3	4	2	1902	410000	37	2355	1901	118	12	40	28	27	24	17	9	17	7	6	121
30591002_zpid	30591002_zpid	11216	1443 Pacific St, Brooklyn, NY 11216	40.677555	-73.94376	0.197822974951	8	0.252074475574	7	0.359710320729	3	6	4	3000	605000	129	2000	1910	221	64	109	137	115	30	27	7	45	46	24	196
29790949_zpid	29790949_zpid	10473	301 Soundview Ave, Bronx, NY 10473	40.8114982	-73.8564649	0.599026261076	1	1.14412946468	0	2.41762639005	0	10	5	5140	215000	46	2478	1931	37	5	22	21	13	24	12	19	10	21	4	80
30791046_zpid	30791046_zpid	11235	111 Falmouth St, Brooklyn, NY 11235	40.579742	-73.94643	0.572118464155	3	1.02717961034	0	1.02992766173	0	5	3	2870	700000	183	5000	1955	18	6	3	9	5	6	26	15	22	1	1	36
29850698_zpid	29850698_zpid	10464	650 City Island Ave, Bronx, NY 10464	40.855823	-73.791203	0.096693965607	1	3.1662613306	0	3.03870351505	0	5	3	2100	420000	9	8764	1910	0	32	0	8	0	8	24	76	16	4	8	40
29831777_zpid	29831777_zpid	10466	4043 Lowerre Pl, Bronx, NY 10466	40.890201	-73.860623	0.105874436079	4	0.379644461597	2	0.243723320479	4	6	4	2596	498750	17	3850	1899	1364	92	564	600	640	312	92	24	184	292	72	976
29850142_zpid	29850142_zpid	10464	99 Pilot St, Bronx, NY 10464	40.8411266	-73.7857843	0.244592093403	3	2.99723284694	0	3.71827959159	0	2	1.5	1592	285000	151	5041	1925	11	7	5	4	3	2	23	7	8	3	12	27
30789122_zpid	30789122_zpid	11235	54 Brighton 2nd Path, Brooklyn, NY 11235	40.580102	-73.9658079	0.0954743508791	7	0.374628178155	7	0.46943045	3	2	1	1410	270000	56	1742	1930	340	160	240	332	172	228	140	92	164	72	72	800
30789122_zpid	30789122_zpid	11235	54 Brighton 2nd Path, Brooklyn, NY 11235	40.580102	-73.9658079	0.339672592434	6	0.374628178155	7	0.46943045	3	2	1	1410	270000	56	1742	1930	340	160	240	332	172	228	140	92	164	72	72	800
30692923_zpid	30692923_zpid	11209	42 Mackay Pl, Brooklyn, NY 11209	40.6364737	-74.0343537	0.300328345361	6	0.59160630318	2	0.942320317767	0	3	1.5	1584	655000	46	1393	1930	83	6	7	17	12	27	18	78	14	3	1	55
30789182_zpid	30789182_zpid	11235	8 Brighton 3RD Pl, Brooklyn, NY 11235	40.5795243	-73.9647268	0.199817439467	7	0.268078937771	7	0.357670811003	2	7	1	1323	250000	36	1350	1905	528	248	308	412	260	244	160	104	192	112	104	1068
30789182_zpid	30789182_zpid	11235	8 Brighton 3RD Pl, Brooklyn, NY 11235	40.5795243	-73.9647268	0.281061963607	6	0.268078937771	7	0.357670811003	2	7	1	1323	250000	36	1350	1905	528	248	308	412	260	244	160	104	192	112	104	1068
30729225_zpid	30729225_zpid	11229	1918 Stuart St, Brooklyn, NY 11229	40.606585	-73.93949	0.29487202359	4	0.753408063329	0	1.56607352934	0	3	2	1280	620000	2	2533	1940	7	9	5	14	6	12	24	15	15	1	3	38
29797667_zpid	29797667_zpid	10461	1348 Herschell St, Bronx, NY 10461	40.837097	-73.844449	0.125139435417	6	0.266706523303	4	0.228184563127	3	5	3.5	2767	315200	141	3851	1920	58	11	20	13	17	8	12	4	11	3	3	67
29814000_zpid	29814000_zpid	10461	1561 Hering Ave, Bronx, NY 10461	40.847271	-73.847026	0.395124147276	5	0.58092199328	2	0.884847421655	0	3	1	1034	260000	14	2500	1925	44	11	10	28	10	31	28	17	22	6	4	76
30626180_zpid	30626180_zpid	11221	28 Kossuth Pl, Brooklyn, NY 11221	40.693421	-73.926803	0.180047217504	9	0.0885562053939	5	0.169963133184	3	6	4	2100	900000	9	2003	1915	206	88	80	113	112	50	41	21	44	42	33	293
30635950_zpid	30635950_zpid	11207	664 New Jersey Ave, Brooklyn, NY 11207	40.662792	-73.892804	0.139546780343	4	0.163081102407	5	0.270678839583	4	8	3	2700	525000	122	1800	1901	298	18	184	167	184	34	52	14	48	90	19	308
29845891_zpid	29845891_zpid	10465	1028 Clarence Ave, Bronx, NY 10465	40.834814	-73.818409	0.164645411795	2	0.180034795311	1	1.79034394518	0	3	2	1692	480000	113	1710	1950	4	3	7	8	7	10	21	13	11	4	3	36
30606306_zpid	30606306_zpid	11233	160 Bainbridge St, Brooklyn, NY 11233	40.680769	-73.930561	0.162091187553	9	0.177150741497	5	0.157045604576	1	7	3	3750	2205000	17	2000	1899	126	63	85	119	72	12	22	8	36	35	21	173
30649979_zpid	30649979_zpid	11208	2480 Linden Blvd, Brooklyn, NY 11208	40.666186	-73.872038	0.183322220065	4	0.214528967628	4	0.986132511941	0	4	1	999	367000	3	1260	1910	47	8	45	41	23	24	30	7	14	13	3	105
29790553_zpid	29790553_zpid	10473	1208 Harding Park, Bronx, NY 10473	40.809871	-73.858107	0.822395886317	0	1.30855937215	0	2.53849339955	0	2	1	1120	190000	17	1742	1930	33	5	19	23	8	19	14	16	10	17	3	66
30661622_zpid	30661622_zpid	11203	609 E 37th St, Brooklyn, NY 11203	40.642211	-73.941586	0.159953093216	3	0.579640117296	3	0.628298894407	2	3	2.5	1344	400000	10	1825	1920	115	7	66	65	63	46	20	6	22	27	9	114
30609957_zpid	30609957_zpid	11221	367 Jefferson Ave, Brooklyn, NY 11221	40.6842189	-73.9431552	0.0954536091253	11	0.370352121468	9	0.516247660054	2	1	1	3000	525000	97	1667	1915	79	22	55	56	51	7	14	7	25	34	6	93
30788309_zpid	30788309_zpid	11234	2251 E 65th St, Brooklyn, NY 11234	40.614455	-73.90858	0.295515554563	3	0.317787623567	1	3.62919084947	0	4	4.5	4864	1799000	0	5000	2006	1	14	6	6	5	14	9	10	12	1	2	48
30614105_zpid	30614105_zpid	11238	64 Monroe St, Brooklyn, NY 11238	40.6845209	-73.956794	0.237987851457	10	0.193406941285	6	0.404768063053	5	5	4	2840	1800000	26	1369	1899	89	114	56	94	54	23	32	16	30	15	36	145
