30619925_zpid	30619925_zpid	11222	95 Java St, Brooklyn, NY 11222	40.731583	-73.957119	0.0660357868943	13	0.184505124716	4	0.305228181206	1	2	1	3360	480000	26	2000	1899	74	117	49	63	38	52	40	24	26	15	12	222
30611044_zpid	30611044_zpid	11216	197 Macdonough St, Brooklyn, NY 11216	40.68184	-73.938418	0.112014830784	9	0.171697967961	8	0.29675492308	2	6	4	3600	800000	21	2000	1899	62	68	47	64	33	5	22	13	18	16	16	98
30699106_zpid	30699106_zpid	11209	147 85th St, Brooklyn, NY 11209	40.625431	-74.034441	0.343695811212	8	0.655023908741	1	0.59497807787	1	6	5	4518	2900000	7	9278	1910	24	27	10	23	8	36	32	24	14	5	1	84
30705534_zpid	30705534_zpid	11228	1571 Bay Ridge Pkwy, Brooklyn, NY 11228	40.616753	-74.00104	0.0937360022466	10	0.300932212805	5	0.363829994625	2	4	4	2400	650000	141	2700	1915	32	12	32	44	32	120	60	120	36	8	4	208
30705534_zpid	30705534_zpid	11228	1571 Bay Ridge Pkwy, Brooklyn, NY 11228	40.616753	-74.00104	0.0937360022466	11	0.300932212805	5	0.363829994625	2	4	4	2400	650000	141	2700	1915	32	12	32	44	32	120	60	120	36	8	4	208
30567600_zpid	30567600_zpid	11201	43 Remsen St, Brooklyn, NY 11201	40.694953	-73.996724	0.0374012425355	13	0.446420708903	4	0.415374030504	5	1	1	5450	4725000	262	2000	1899	55	93	22	30	16	12	57	35	25	8	12	155
30601741_zpid	30601741_zpid	11233	92 Sackman St, Brooklyn, NY 11233	40.676515	-73.9063369	0.374721335436	6	0.362530019491	3	0.282210920893	8	2	1	1632	520000	25	1530	1910	139	16	85	122	79	32	25	16	41	55	20	135
64721562_zpid	64721562_zpid	11201	330 Plymouth St, Brooklyn, NY 11201	40.703381	-73.980328	0.569520851493	4	0.977653328448	0	0.58531778349	1	1	2	3306	946972	129	1540	2005	2	19	1	7	0	11	16	5	8	1	1	19
29836590_zpid	29836590_zpid	10466	655 E 235th St, Bronx, NY 10466	40.895574	-73.858029	0.404617909695	4	0.236398166239	2	0.269149370349	3	4	2	1200	170000	0	3049	1910	202	16	99	75	115	57	25	3	39	40	11	192
30602722_zpid	30602722_zpid	11221	829 Greene Ave, Brooklyn, NY 11221	40.690468	-73.935036	0.407709217066	10	0.485846398511	6	0.614947528136	1	7	4	3024	890000	14	1799	1899	185	39	105	142	98	41	30	15	37	51	42	235
30641646_zpid	30641646_zpid	11208	11 Cypress Ct, Brooklyn, NY 11208	40.6878298	-73.8730562	0.283420216839	5	0.142101055239	4	0.2388702587	3	7	2	2400	545000	9	2220	1930	81	33	56	72	41	62	37	15	46	37	7	163
29852230_zpid	29852230_zpid	10463	3641 Tibbett Ave, Bronx, NY 10463	40.8858061	-73.9031622	0.211633267224	12	0.41252655761	2	0.230855214915	2	2	1.5	1436	487500	17	2125	1925	172	41	58	47	45	38	39	11	32	20	16	120
30665440_zpid	30665440_zpid	11225	243 Winthrop St, Brooklyn, NY 11225	40.657204	-73.951978	0.132788056299	10	0.129183852662	8	0.16713520662	3	4	2	1984	587465	27	2014	1905	900	112	352	336	264	152	112	32	92	140	28	576
30665440_zpid	30665440_zpid	11225	243 Winthrop St, Brooklyn, NY 11225	40.657204	-73.951978	0.132788056299	10	0.129183852662	7	0.16713520662	3	4	2	1984	587465	27	2014	1905	900	112	352	336	264	152	112	32	92	140	28	576
30607858_zpid	30607858_zpid	11221	251 Kosciuszko St, Brooklyn, NY 11221	40.691597	-73.944861	0.200559735576	10	0.252746282129	4	0.558204120737	2	6	3.5	3000	1167000	6	1667	1899	80	28	34	61	42	15	21	5	13	18	10	114
30760859_zpid	30760859_zpid	11234	1378 E 48th St, Brooklyn, NY 11234	40.627334	-73.930033	0.229814695281	8	0.47118057963	1	1.60881975492	0	3	1.5	1632	629000	0	2400	1940	88	52	56	52	28	204	116	76	88	12	8	284
30639049_zpid	30639049_zpid	11208	168 Atkins Ave, Brooklyn, NY 11208	40.67496	-73.87938	0.294238052151	9	0.217878845803	4	0.148038427676	4	3	1	2000	495000	65	2178	1910	163	22	96	109	82	51	43	14	42	60	18	203
30747874_zpid	30747874_zpid	11235	2437 E 16th St, Brooklyn, NY 11235	40.59138	-73.953736	0.194745865717	12	0.248959469985	4	0.446900704022	2	3	2	2024	575000	31	2200	1930	47	11	7	22	11	31	25	23	19	6	3	81
30793587_zpid	30793587_zpid	11229	11 Seba Ave, Brooklyn, NY 11229	40.5866939	-73.9248664	0.426380525955	2	1.35183951291	0	2.47611326548	0	2	2	1704	419000	0	1800	1925	8	12	4	56	0	0	120	44	76	8	20	152
30752897_zpid	30752897_zpid	11210	1251 E 37th St, Brooklyn, NY 11210	40.6261439	-73.939885	0.107346573925	5	0.660297099393	2	0.992191927704	0	6	3.5	2760	510000	32	2000	1970	90	10	45	47	36	68	45	20	29	16	12	109
30729905_zpid	30729905_zpid	11214	8622 25th Ave, Brooklyn, NY 11214	40.597577	-73.98793	0.112614135317	5	0.0702170240872	6	0.0941294091177	3	4	2	2045	880000	6	1958	1950	36	14	12	14	11	40	33	18	13	6	2	80
30573209_zpid	30573209_zpid	11231	215 Van Brunt St, Brooklyn, NY 11231	40.681025	-74.008166	0.221314395839	10	0.351128096241	5	1.16543062266	0	3	1	1430	1215000	2	2250	1899	12	38	12	21	11	11	21	19	8	10	3	80
30656503_zpid	30656503_zpid	11203	836 E 49th St, Brooklyn, NY 11203	40.640949	-73.930543	0.224696909242	7	1.00282193388	0	1.51327278265	0	3	2	1280	425000	0	2400	1925	300	76	72	96	80	188	144	56	96	68	20	488
30790813_zpid	30790813_zpid	11235	225 Amherst St, Brooklyn, NY 11235	40.576334	-73.951538	0.147550686887	5	0.637721735432	2	0.836651698178	0	6	3	2184	1425000	9	4000	1925	64	26	13	29	17	24	37	16	20	9	2	64
30653408_zpid	30653408_zpid	11203	929 Schenectady Ave, Brooklyn, NY 11203	40.650486	-73.932867	0.101774900412	5	0.130575475692	3	1.4116771264	0	4	3	1312	163000	223	1925	1920	164	12	76	65	75	45	27	4	33	33	12	173
30778250_zpid	30778250_zpid	11236	1531 E 94th St, Brooklyn, NY 11236	40.635015	-73.894778	0.321071127345	7	0.27251324218	4	1.42672914738	0	3	1.75	1200	385000	10	2000	1960	33	15	20	24	4	53	21	16	15	11	0	75
30770628_zpid	30770628_zpid	11236	1124 E 88th St, Brooklyn, NY 11236	40.635387	-73.903509	0.433370889889	7	0.592966579976	3	1.2620410611	0	4	3	2600	452000	52	4000	1955	49	16	25	26	12	64	21	12	23	10	10	94
62635772_zpid	62635772_zpid	10466	7 Harper Ct, Bronx, NY 10466	40.884519	-73.834915	0.642725912558	1	0.207860398628	3	0.543244390722	2	5	2	2166	175000	0	1615	1996	18	4	5	5	1	18	9	11	10	5	1	33
29826989_zpid	29826989_zpid	10467	3522 Barnes Ave, Bronx, NY 10467	40.877418	-73.861347	0.433904125615	5	0.361359844564	2	0.425077826565	2	6	2	2613	380000	26	1786	1930	114	12	55	59	41	35	15	2	21	26	11	128
30702697_zpid	30702697_zpid	11219	1428 Bay Ridge Ave, Brooklyn, NY 11219	40.6217619	-74.001148	0.183175624096	9	0.258748490061	2	0.309440138034	3	5	2	3300	985000	0	2000	1920	160	32	52	56	36	140	88	104	36	20	20	292
30786975_zpid	30786975_zpid	11234	2065 E 54th St, Brooklyn, NY 11234	40.61175	-73.920669	0.444192106656	2	1.13064402944	0	3.15779176286	0	7	3	3220	680000	109	2748	1965	9	5	8	9	6	28	18	14	14	4	6	91
29847501_zpid	29847501_zpid	10465	3089 Fearn Pl, Bronx, NY 10465	40.811726	-73.80437	1.14354178463	0	1.42547746119	0	4.47683228604	0	3	1.5	1933	570000	89	3325	1930	1	5	1	2	0	3	5	11	2	0	1	13
29825406_zpid	29825406_zpid	10467	798 Chestnut St, Bronx, NY 10467	40.872605	-73.862906	0.234840501236	9	0.386670044283	3	0.384447783074	2	4	1	2004	408300	17	3356	1920	200	32	70	80	65	39	23	5	26	32	11	157
30585004_zpid	30585004_zpid	11215	231 11th St, Brooklyn, NY 11215	40.669589	-73.990074	0.0790067057352	12	0.335673275438	3	0.0930217357716	3	6	3	2880	231000	231	2000	1901	77	85	29	61	29	40	62	35	34	22	19	241
30666220_zpid	30666220_zpid	11226	226 Martense St, Brooklyn, NY 11226	40.65133	-73.951382	0.373441805525	10	0.0937883687162	6	0.161956829774	3	3	2	2200	755000	13	2196	1910	460	61	220	223	233	95	34	16	68	74	25	356
79714954_zpid	79714954_zpid	10467	3705 Olinville Ave, Bronx, NY 10467	40.88229	-73.866334	0.303470284637	2	0.450683916347	3	0.3501139924	3	8	5	3696	500000	0	1846	2005	179	10	74	71	81	45	19	5	35	29	14	151
30752272_zpid	30752272_zpid	11210	3173 Bedford Ave, Brooklyn, NY 11210	40.625121	-73.95107	0.360829288163	2	0.431745514215	2	0.820279305049	0	3	2	2028	700000	55	1521115.2000000002	1925	62	9	37	25	23	33	25	13	29	6	4	82
30646377_zpid	30646377_zpid	11208	739 Hemlock St, Brooklyn, NY 11208	40.6707548	-73.8676432	0.179127642346	4	0.276380514839	6	0.637748944728	2	6	2	2140	504000	15	2000	1930	89	7	61	45	34	39	26	7	24	32	8	121
89071898_zpid	89071898_zpid	11215	248 9th St, Brooklyn, NY 11215	40.6703166	-73.989188	0.0935188989593	12	0.357861673944	3	0.0534844179529	3	6	3	3465	944600	134	1575	1899	66	83	29	56	25	37	58	36	31	20	19	229
30631112_zpid	30631112_zpid	11207	730 Chauncey St, Brooklyn, NY 11207	40.685137	-73.907226	0.242617249566	7	0.335403709559	2	0.359891866042	4	2	1	2832	299000	29	1950	1901	97	25	100	120	70	19	31	14	34	47	19	184
30598747_zpid	30598747_zpid	11233	1549 Eastern Pkwy, Brooklyn, NY 11233	40.671082	-73.916751	0.381645471787	7	0.436163464498	5	0.865999420676	0	3	1	3000	672000	31	1600	1920	171	7	90	105	62	10	11	9	21	36	19	130
30730047_zpid	30730047_zpid	11214	71 Bay 41st St, Brooklyn, NY 11214	40.595507	-73.986951	0.248957301297	7	0.222166473883	5	0.244786229414	2	4	3	2210	318000	199	1933	1950	60	24	40	48	24	84	100	76	64	20	8	196
30730047_zpid	30730047_zpid	11214	71 Bay 41st St, Brooklyn, NY 11214	40.595507	-73.986951	0.248957301297	6	0.222166473883	5	0.244786229414	2	4	3	2210	318000	199	1933	1950	60	24	40	48	24	84	100	76	64	20	8	196
30607170_zpid	30607170_zpid	11206	629 Willoughby Ave, Brooklyn, NY 11206	40.694671	-73.944234	0.1482186426	9	0.285069622551	3	0.414282124316	2	4	1	3600	570000	34	2000	1901	120	37	71	110	58	48	18	38	22	38	25	160
30663793_zpid	30663793_zpid	11210	786 E 37th St, Brooklyn, NY 11210	40.637768	-73.941701	0.632522510273	2	0.558322074404	2	0.617411749895	2	3	3	1520	485000	0	1600	1940	163	7	113	99	107	37	16	4	29	30	6	186
30750541_zpid	30750541_zpid	11210	713 E 26th St, Brooklyn, NY 11210	40.633133	-73.9516639	0.509094115848	3	0.220527185175	3	0.341374797733	1	3	1.5	1131	753000	5	3000	1920	114	37	46	44	69	41	37	21	27	24	4	159
30641621_zpid	30641621_zpid	11208	76 Hemlock St, Brooklyn, NY 11208	40.687964	-73.872406	0.230368978585	6	0.186729215125	5	0.220414034859	3	3	3	1290	315000	136	2027	1920	80	31	50	71	39	61	38	16	43	31	6	166
30724021_zpid	30724021_zpid	11230	821 E 12th St, Brooklyn, NY 11230	40.629073	-73.964663	0.231110073583	9	0.486655908819	5	0.256421514597	3	5	4	2946	1247000	0	2500	1930	304	92	168	156	200	244	176	184	100	52	36	544
30598485_zpid	30598485_zpid	11233	1641 Saint Marks Ave, Brooklyn, NY 11233	40.673417	-73.912559	0.208020368747	4	0.278946867664	5	0.584737788009	1	8	4	3280	860000	8	3175	1910	192	14	102	117	77	36	25	20	33	51	26	156
30789120_zpid	30789120_zpid	11235	52 Brighton 2nd Ln, Brooklyn, NY 11235	40.5794107	-73.9654199	0.153155819881	7	0.295649110917	7	0.400590942487	2	3	2	1450	314000	52	1800	1930	488	220	304	404	252	224	156	88	200	96	92	1000
30789120_zpid	30789120_zpid	11235	52 Brighton 2nd Ln, Brooklyn, NY 11235	40.5794107	-73.9654199	0.261480316965	6	0.295649110917	7	0.400590942487	2	3	2	1450	314000	52	1800	1930	488	220	304	404	252	224	156	88	200	96	92	1000
30720546_zpid	30720546_zpid	11223	1638 W 5th St, Brooklyn, NY 11223	40.6071669	-73.978816	0.327489478638	11	0.222430471306	6	0.383762546336	4	6	3	2925	985000	15	2000	1940	95	20	45	26	34	73	15	37	19	13	3	88
30696709_zpid	30696709_zpid	11209	7801 Narrows Ave, Brooklyn, NY 11209	40.630991	-74.036472	0.555320047873	3	0.939567353836	0	0.936484674526	0	4	4	3415	1570000	80	4000	2000	13	7	3	4	5	13	26	38	9	2	1	37
30621588_zpid	30621588_zpid	11222	130 Nassau Ave, Brooklyn, NY 11222	40.7243967	-73.9482967	0.0249664319783	14	0.409926165955	3	0.252825739024	1	5	5.5	4125	1380000	54	2500	1931	41	80	20	38	15	28	34	27	19	14	15	184
29839582_zpid	29839582_zpid	10466	4422 Edson Ave, Bronx, NY 10466	40.899767	-73.84694	0.367706166278	2	0.55997513998	2	0.485393762247	2	6	4	1838	560000	5	2188	1930	57	6	25	27	21	32	33	10	21	8	4	65
30676036_zpid	30676036_zpid	11230	61 Lawrence Ave, Brooklyn, NY 11230	40.6294929	-73.976379	0.195952878627	8	0.111198800709	8	0.0563390495319	2	4	3.5	2316	875000	15	3306	1925	28	33	19	32	31	31	18	40	10	5	7	68
79726111_zpid	79726111_zpid	11234	68 Bell Point Dr, Brooklyn, NY 11234	40.6104051	-73.9149616	0.63330740966	2	0.893715376556	0	3.62666116656	0	4	4	4313	1300000	89	5060	2007	4	7	4	6	6	23	5	24	20	4	1	30
30732928_zpid	30732928_zpid	11224	2826 W 35th St, Brooklyn, NY 11224	40.576402	-74.001279	0.607348329503	1	0.122446358675	2	1.69870604511	0	7	4	3160	206000	154	2970	1927	192	76	56	140	52	16	84	36	64	56	4	244
30732928_zpid	30732928_zpid	11224	2826 W 35th St, Brooklyn, NY 11224	40.576402	-74.001279	0.607348329503	1	0.122446358675	2	1.69870604511	0	7	4	3160	478837	1	2970	1927	192	76	56	140	52	16	84	36	64	56	4	244
30584074_zpid	30584074_zpid	11215	362 5th St, Brooklyn, NY 11215	40.670994	-73.983604	0.137167603241	14	0.265932419453	4	0.39699874536	4	5	2.5	2250	1612500	65	1500	1901	69	81	29	53	24	25	61	40	31	21	24	227
29811867_zpid	29811867_zpid	10461	2522 Saint Raymonds Ave, Bronx, NY 10461	40.841202	-73.847103	0.251509031791	8	0.188922353236	3	0.376690269495	2	3	1.5	1697	388297	55	2003	1915	120	22	44	39	28	34	29	17	23	11	7	161
30624448_zpid	30624448_zpid	11206	85 Montrose Ave, Brooklyn, NY 11206	40.707229	-73.94632	0.28036112946	13	0.331225225725	9	0.371436738486	5	2	1	4100	1350000	31	1750	1910	83	110	35	60	45	13	33	13	26	12	8	146
30785826_zpid	30785826_zpid	11234	2069 E 36th St, Brooklyn, NY 11234	40.608633	-73.929629	0.243499196656	1	0.895642396427	0	2.38204148658	0	3	2	2304	645000	15	2000	1935	2	10	3	2	2	18	19	21	19	0	3	44
30575454_zpid	30575454_zpid	11220	725 45th St, Brooklyn, NY 11220	40.644887	-74.001979	0.199714659724	8	0.186620110535	9	0.665220023157	1	4	3	2508	1050000	12	1903	1930	312	124	140	204	152	212	176	52	92	48	20	484
30575454_zpid	30575454_zpid	11220	725 45th St, Brooklyn, NY 11220	40.644887	-74.001979	0.199714659724	9	0.186620110535	9	0.665220023157	1	4	3	2508	1050000	12	1903	1930	312	124	140	204	152	212	176	52	92	48	20	484
30587432_zpid	30587432_zpid	11215	627 3rd St, Brooklyn, NY 11215	40.668782	-73.974355	0.386871759783	13	0.520650009124	2	0.574921483506	1	4	3.5	4250	3850000	27	1900	1901	23	30	11	23	10	9	49	28	17	5	6	126
30730522_zpid	30730522_zpid	11214	109 Bay 40th St, Brooklyn, NY 11214	40.5951189	-73.988516	0.340847835868	7	0.290567471863	5	0.321163948904	1	7	3	2480	880000	41	1940	1930	17	4	10	14	5	32	30	25	18	7	3	69
30600418_zpid	30600418_zpid	11233	239 Sumpter St, Brooklyn, NY 11233	40.6807019	-73.91574	0.280665446284	4	0.49968121412	6	0.486248164486	4	5	2.5	2160	555000	7	1799	1920	259	44	186	212	148	42	47	15	63	101	31	278
30619591_zpid	30619591_zpid	11222	171 Eagle St, Brooklyn, NY 11222	40.735479	-73.953744	0.279526932605	8	0.417942563132	2	0.594422062959	2	7	4	3175	1700000	16	2500	1899	68	78	54	54	33	38	30	21	22	20	10	176
30790393_zpid	30790393_zpid	11235	227 Corbin Pl, Brooklyn, NY 11235	40.5760455	-73.9534809	0.160367114888	7	0.504242502891	3	0.683362586895	1	5	5	5200	620000	190	5998	1950	114	32	18	38	22	24	33	15	21	13	3	78
30611154_zpid	30611154_zpid	11216	176 Macdonough St, Brooklyn, NY 11216	40.681251	-73.9394	0.141382033899	10	0.169077190522	9	0.192535501581	1	3	1.5	1500	1600000	8	2000	1905	88	72	59	78	49	9	24	15	25	24	20	125
30787074_zpid	30787074_zpid	11234	2048 E 56th St, Brooklyn, NY 11234	40.612679	-73.920002	0.327085121695	3	1.02888049494	0	3.22646562453	0	7	5	2688	749000	0	2200	1965	13	4	9	10	6	29	19	13	15	4	6	90
30650286_zpid	30650286_zpid	11203	499 Schenectady Ave, Brooklyn, NY 11203	40.661342	-73.93403	0.281107525104	9	0.140407443021	5	0.846021650408	0	3	2	1662	347000	26	2178	1945	104	19	79	65	50	41	17	22	22	26	5	108
30779924_zpid	30779924_zpid	11236	9409 Skidmore Ave, Brooklyn, NY 11236	40.6318119	-73.8899689	0.126305576198	2	0.100592475546	3	1.93315021864	0	5	3.5	2497	546000	9	1742	1980	27	7	10	6	2	24	10	16	9	5	1	28
30783291_zpid	30783291_zpid	11234	2445 E 71st St, Brooklyn, NY 11234	40.614229	-73.900824	0.897163566113	0	0.79928060231	0	3.61057510747	0	4	3	2214	700000	3	2567	1975	2	12	1	6	0	3	15	8	7	1	2	34
30793074_zpid	30793074_zpid	11229	3232 Whitney Ave, Brooklyn, NY 11229	40.599138	-73.929957	0.477244728606	5	0.416098248194	1	2.17398364088	0	3	3	4152	869000	28	7000	1955	56	56	4	28	8	28	80	24	40	4	8	136
29853920_zpid	29853920_zpid	10471	6171 Tyndall Ave, Bronx, NY 10471	40.911761	-73.9001716	0.420991863105	7	0.412150329423	5	1.43346260334	0	3	3	2000	599000	0	5130	1930	7	7	6	8	3	6	17	9	6	1	3	32
30793679_zpid	30793679_zpid	11229	13 Kay Ct, Brooklyn, NY 11229	40.58869	-73.92675	0.403990567146	2	1.12887583731	0	2.32533160358	0	3	2	1100	355000	13	1700	1925	8	20	4	64	4	4	112	44	80	4	12	144
30792442_zpid	30792442_zpid	11235	21 Stanton Rd, Brooklyn, NY 11235	40.5852519	-73.936663	0.229893725389	2	0.723478270508	1	1.49004425055	0	2	1	560	230000	52	43560	1920	59	12	23	35	28	33	23	17	28	9	5	101
30661819_zpid	30661819_zpid	11203	535 E 40th St, Brooklyn, NY 11203	40.642524	-73.938789	0.33966725619	3	0.683627491962	2	0.861168008864	0	4	1	1715	570000	0	3000	1920	61	7	15	20	16	38	20	6	19	13	3	76
30691349_zpid	30691349_zpid	11220	6652 Bergen Pl, Brooklyn, NY 11220	40.639572	-74.028377	0.329378780738	8	0.420443105609	3	0.66421716021	1	3	2	1372	960000	2	2667	1925	35	14	23	24	15	23	22	30	6	10	2	51
30740527_zpid	30740527_zpid	11235	10 Brighton 4th Rd, Brooklyn, NY 11235	40.5823816	-73.9636516	0.138375731318	9	0.342253662074	5	0.562148042713	1	4	3	1904	469000	34	1437	1930	260	144	172	248	92	272	188	128	132	80	80	648
30740527_zpid	30740527_zpid	11235	10 Brighton 4th Rd, Brooklyn, NY 11235	40.5823816	-73.9636516	0.138375731318	10	0.342253662074	5	0.562148042713	1	4	3	1904	469000	34	1437	1930	260	144	172	248	92	272	188	128	132	80	80	648
29844795_zpid	29844795_zpid	10465	3571 E Tremont Ave, Bronx, NY 10465	40.829725	-73.824938	0.244989104103	4	0.329320427023	2	1.8428815819	0	6	3	2850	5000	257	1830	1925	10	14	6	18	4	19	31	28	13	3	5	64
30619168_zpid	30619168_zpid	11249	67 S 3rd St, Brooklyn, NY 11249	40.7134612	-73.9647666	0.113632381995	9	0.403027607407	4	0.779228345597	0	5	4	3220	1530000	46	1900	1910	96	368	32	128	32	92	84	64	76	12	32	380
30619168_zpid	30619168_zpid	11249	67 S 3rd St, Brooklyn, NY 11249	40.7134612	-73.9647666	0.113632381995	10	0.403027607407	4	0.779228345597	0	5	4	3220	1530000	46	1900	1910	96	368	32	128	32	92	84	64	76	12	32	380
30707541_zpid	30707541_zpid	11214	88 Kings Hwy, Brooklyn, NY 11214	40.6060227	-73.9881175	0.158050925381	14	0.589252015149	7	0.663871875374	2	2	2.5	2120	150000	195	1160	1931	91	7	27	43	31	47	25	25	15	9	9	86
30588848_zpid	30588848_zpid	11215	1616 10th Ave, Brooklyn, NY 11215	40.658977	-73.978577	0.0503606009274	14	0.240807285489	5	0.213791116914	1	3	3	3192	1875000	19	1557	1905	38	32	17	22	16	16	19	10	16	2	7	60
30744652_zpid	30744652_zpid	11229	2139 E 19th St, Brooklyn, NY 11229	40.598273	-73.952072	0.297682580653	11	0.213854386455	5	0.345470993577	2	3	3	1452	999000	0	3144	1925	436	132	136	120	204	268	168	100	104	60	24	660
30744652_zpid	30744652_zpid	11229	2139 E 19th St, Brooklyn, NY 11229	40.598273	-73.952072	0.297682580653	11	0.227111390491	4	0.345470993577	2	3	3	1452	999000	0	3144	1925	436	132	136	120	204	268	168	100	104	60	24	660
30782992_zpid	30782992_zpid	11234	2370 E 70th St, Brooklyn, NY 11234	40.614696	-73.903329	0.683521947454	1	0.586780060561	1	3.55974189591	0	3	1	1998	566500	102	2500	1970	0	12	3	7	1	5	19	9	14	1	3	45
30692534_zpid	30692534_zpid	11209	6926 4th Ave, Brooklyn, NY 11209	40.634109	-74.024053	0.00594544971981	13	0.018476102797	4	0.11128248088	2	6	4	3255	1788000	0	1847	1935	99	28	39	43	32	18	32	36	22	15	7	145
30589556_zpid	30589556_zpid	11238	734 Dean St, Brooklyn, NY 11238	40.679492	-73.965926	0.202741086709	13	0.379811397214	5	0.462363831171	3	4	2	2140	1300000	19	2200	1984	428	660	152	292	160	164	188	168	160	60	52	756
30589556_zpid	30589556_zpid	11238	734 Dean St, Brooklyn, NY 11238	40.679492	-73.965926	0.202741086709	13	0.379811397214	4	0.462363831171	3	4	2	2140	1300000	19	2200	1984	428	660	152	292	160	164	188	168	160	60	52	756
30611877_zpid	30611877_zpid	11205	487 Myrtle Ave, Brooklyn, NY 11205	40.6936417	-73.9656259	0.0153521605607	11	0.336620165949	4	0.57794054369	2	3	3	2800	1600000	22	1680	1958	54	100	33	30	30	50	19	22	25	19	19	175
30567686_zpid	30567686_zpid	11201	89 Joralemon St, Brooklyn, NY 11201	40.6935519	-73.996022	0.179176202459	15	0.388359286603	4	0.499408335397	5	6	5	5000	5500000	7	1995	1899	264	428	104	152	88	56	252	140	152	44	56	804
30567686_zpid	30567686_zpid	11201	89 Joralemon St, Brooklyn, NY 11201	40.6935519	-73.996022	0.179176202459	13	0.388359286603	4	0.499408335397	5	6	5	5000	5500000	7	1995	1899	264	428	104	152	88	56	252	140	152	44	56	804
29840163_zpid	29840163_zpid	10470	717 E 242nd St, Bronx, NY 10470	40.905704	-73.848555	0.102492409832	6	0.230831641654	3	0.335571109191	3	8	4	3462	20000	3	3460	1931	108	9	62	54	58	25	18	5	20	20	3	109
30788740_zpid	30788740_zpid	11234	2676 E 63rd St, Brooklyn, NY 11234	40.608115	-73.912591	0.846100926676	0	1.05062985479	0	3.79196549854	0	3	2	1152	639000	0	2100	1960	3	5	1	7	3	19	4	27	20	2	1	31
29784986_zpid	29784986_zpid	10458	695 E 183rd St, Bronx, NY 10458	40.8522553	-73.8856132	0.187662601275	11	0.193500153105	2	1.10612153552	0	4	2	1685	465000	96	2000	1930	320	73	109	137	137	14	22	8	41	53	17	221
30592687_zpid	30592687_zpid	11216	5 Saint Francis Pl, Brooklyn, NY 11216	40.6719269	-73.956264	0.0864148055813	13	0.519620747409	5	0.209888563229	6	2	1	900	910000	52	1810	1910	572	136	352	392	332	68	80	24	92	128	76	520
29783052_zpid	29783052_zpid	10457	743 Crotona Park N, Bronx, NY 10457	40.841539	-73.892526	0.287545528603	3	0.42093261937	2	0.621939077132	1	4	3	1674	350000	0	2299	1901	124	11	40	48	37	2	10	3	14	19	4	90
30720524_zpid	30720524_zpid	11223	1635 W 7th St, Brooklyn, NY 11223	40.6070552	-73.9803041	0.24463949495	11	0.262046301993	6	0.348699400646	3	3	2	1456	620000	34	2450	1930	344	80	144	88	120	288	68	132	52	44	12	344
30720524_zpid	30720524_zpid	11223	1635 W 7th St, Brooklyn, NY 11223	40.6070552	-73.9803041	0.24463949495	12	0.262046301993	6	0.348699400646	3	3	2	1456	620000	34	2450	1930	344	80	144	88	120	288	68	132	52	44	12	344
83178927_zpid	83178927_zpid	10457	679 E 179th St, Bronx, NY 10457	40.8470292	-73.8901431	0.180606319651	11	0.224198885297	2	0.806131911755	0	8	5	3920	570000	1	2500	2007	1000	204	504	564	472	104	56	24	184	196	96	900
83178927_zpid	83178927_zpid	10457	679 E 179th St, Bronx, NY 10457	40.8470292	-73.8901431	0.180606319651	11	0.224198885297	1	0.806131911755	0	8	5	3920	570000	1	2500	2007	1000	204	504	564	472	104	56	24	184	196	96	900
30571656_zpid	30571656_zpid	11231	99 Butler St, Brooklyn, NY 11231	40.683956	-73.991019	0.19787522615	14	0.335787990592	3	0.244038496898	3	6	5	2800	3087000	18	2000	1900	7	26	2	18	9	10	23	16	13	2	2	76
29842396_zpid	29842396_zpid	10461	2887 Dudley Ave, Bronx, NY 10461	40.840864	-73.833212	0.350700228924	4	0.756702843226	0	0.424322103037	2	3	1.5	1216	250000	168	2374	1930	68	18	19	18	15	52	34	25	14	10	2	100
30783085_zpid	30783085_zpid	11234	2368 E 72nd St, Brooklyn, NY 11234	40.615626	-73.901925	0.7566470832	0	0.657599902129	1	3.45402697197	0	3	1.25	1729	545000	18	2558	1965	8	52	8	24	0	16	72	36	44	4	12	188
68311920_zpid	68311920_zpid	10465	600 Clarence Ave, Bronx, NY 10465	40.828035	-73.812847	0.760155222402	0	0.871655831045	0	2.64831081452	0	3	2	865	599999	0	317116.8	2004	4	2	3	4	0	1	4	10	6	0	2	21
30757671_zpid	30757671_zpid	11234	1727 E 36th St, Brooklyn, NY 11234	40.614248	-73.935931	0.305363346944	4	0.181067034015	2	1.95066547937	0	3	1.5	1540	420000	86	1800	1925	4	18	7	11	3	28	27	19	35	5	2	71
30593845_zpid	30593845_zpid	11213	348 New York Ave, Brooklyn, NY 11213	40.667672	-73.948238	0.226271907164	12	0.4757748065	8	0.207777774401	4	5	2	2208	645000	39	2003	1901	26	5	35	20	23	13	15	5	9	9	4	48
89067492_zpid	89067492_zpid	11216	85 Madison St, Brooklyn, NY 11216	40.68434	-73.955642	0.199093819703	9	0.124422928953	6	0.378491866161	5	3	2	1700	500000	115	1698	2007	118	107	56	64	43	25	29	15	18	26	38	178
