79715037_zpid	79715037_zpid	11226	2603 Albemarle Rd, Brooklyn, NY 11226	40.6481104	-73.9525464	0.291503237499	6	0.270975447242	7	0.394353107435	2	7	5	3420	734000	8	910	2006	352	51	145	145	137	80	37	17	41	62	32	272
29812518_zpid	29812518_zpid	10460	1730 Melville St, Bronx, NY 10460	40.84247	-73.869971	0.379000143159	4	0.692665631037	2	0.3030443356	2	6	5	3084	500000	25	2500	1905	175	19	46	53	63	43	16	11	26	34	26	114
30614417_zpid	30614417_zpid	11217	128 S Oxford St, Brooklyn, NY 11217	40.6853588	-73.9734623	0.184624017451	11	0.32796362045	2	0.0933592406015	10	3	2.5	1800	2525000	17	1250	1899	40	67	24	29	15	14	15	29	18	11	21	116
30776746_zpid	30776746_zpid	11236	1131 E 104th St, Brooklyn, NY 11236	40.643263	-73.890815	0.553843890788	4	0.517903228419	4	1.00560813272	0	3	2	1760	421000	5	2000	1960	176	20	60	80	48	100	48	20	48	44	32	252
30606137_zpid	30606137_zpid	11233	247 Bainbridge St, Brooklyn, NY 11233	40.681633	-73.927149	0.283363839461	6	0.389861203329	3	0.393874824592	2	4	3	2260	940000	2	2000	1899	150	69	111	141	85	17	15	12	49	51	27	205
62635587_zpid	62635587_zpid	10473	301 Torry Ave, Bronx, NY 10473	40.813733	-73.849217	0.195095269458	3	0.714544101881	2	2.29628882668	0	4	3	2125	489500	31	7570	2003	56	16	40	16	16	64	32	44	24	28	16	136
30737522_zpid	30737522_zpid	11223	2250 W 7th St, Brooklyn, NY 11223	40.5930209	-73.9780956	0.0403798549095	7	0.0423630143666	2	0.0352648533576	5	3	2	952	599000	0	670	1925	144	72	44	100	44	156	84	136	92	36	20	320
30737522_zpid	30737522_zpid	11223	2250 W 7th St, Brooklyn, NY 11223	40.5930209	-73.9780956	0.421478386746	5	0.0423630143666	2	0.0352648533576	5	3	2	952	599000	0	670	1925	144	72	44	100	44	156	84	136	92	36	20	320
30790868_zpid	30790868_zpid	11235	231 Beaumont St, Brooklyn, NY 11235	40.576337	-73.950598	0.207748748832	5	0.712273506629	1	0.914927768388	0	4	4	2000	230000	264	4000	1920	41	21	10	25	15	13	35	16	19	9	2	55
89067738_zpid	89067738_zpid	11233	155A Macdougal St, Brooklyn, NY 11233	40.6797908	-73.9152362	0.390644998708	4	0.453753932155	6	0.403676052769	4	6	5	4000	308000	20	1649	2008	287	41	180	211	144	49	52	20	75	95	34	272
30781433_zpid	30781433_zpid	11234	1493 E 68th St, Brooklyn, NY 11234	40.62034	-73.911466	0.328234347971	5	0.386389439732	1	3.03981713085	0	5	3	2552	813600	12	3600	1986	68	20	36	60	28	104	96	52	84	8	24	280
30744220_zpid	30744220_zpid	11229	2023 Coyle St, Brooklyn, NY 11229	40.6026219	-73.937109	0.254550136681	4	0.30239934798	3	1.63309357465	0	5	4	2091	670000	20	1767	1930	26	8	10	11	7	14	36	17	15	0	3	55
30651970_zpid	30651970_zpid	11212	292 E 92nd St, Brooklyn, NY 11212	40.658172	-73.923779	0.20590888292	12	0.296261676906	6	0.72760417469	2	8	5	5610	400000	142	3001	1931	1624	72	656	696	500	232	72	24	124	192	100	804
30651970_zpid	30651970_zpid	11212	292 E 92nd St, Brooklyn, NY 11212	40.658172	-73.923779	0.20590888292	13	0.296261676906	6	0.72760417469	2	8	5	5610	400000	142	3001	1931	1624	72	656	696	500	232	72	24	124	192	100	804
30606238_zpid	30606238_zpid	11233	106 Bainbridge St, Brooklyn, NY 11233	40.680486	-73.933127	0.222569263858	9	0.214284910151	4	0.237870304124	2	4	4	3200	1500000	25	2000	1930	80	49	68	77	54	10	24	4	25	25	13	124
29785213_zpid	29785213_zpid	10457	2160 Crotona Ave, Bronx, NY 10457	40.849721	-73.886724	0.220884975894	12	0.482273109008	3	1.13071390161	0	6	4	3402	213447	33	2389	1910	164	36	88	101	81	22	9	4	38	45	21	149
30643047_zpid	30643047_zpid	11208	230 Grant Ave, Brooklyn, NY 11208	40.685303	-73.868043	0.297943031742	8	0.0254491241693	5	0.538575352039	3	3	1	1100	220000	17	2500	1899	65	31	44	58	36	56	28	11	41	31	6	154
30615664_zpid	30615664_zpid	11205	230 Cumberland St, Brooklyn, NY 11205	40.688946	-73.973315	0.0835343326821	11	0.322704008998	3	0.215272762075	9	2	2	4000	2799000	11	2000	1901	27	38	8	21	4	17	17	8	18	5	4	64
30598492_zpid	30598492_zpid	11233	479 Ralph Ave, Brooklyn, NY 11233	40.6729005	-73.9219192	0.457713528663	4	0.349067005347	3	0.650794056103	1	4	2.5	3884	760000	5	1790	1921	208	29	123	109	101	18	20	5	38	41	17	168
30607126_zpid	30607126_zpid	11206	457 Willoughby Ave, Brooklyn, NY 11206	40.693851	-73.951309	0.227311748159	9	0.350081769719	5	0.26612235596	3	9	4	3388	622200	118	2017	1899	164	60	164	212	128	84	52	52	84	64	72	368
30736810_zpid	30736810_zpid	11223	2145 W 7th St, Brooklyn, NY 11223	40.5952836	-73.9781019	0.186748504277	8	0.172849565865	2	0.258951538593	4	3	2	1533	520000	32	1550	1925	136	56	28	108	40	180	96	136	100	16	32	324
30736810_zpid	30736810_zpid	11223	2145 W 7th St, Brooklyn, NY 11223	40.5952836	-73.9781019	0.186748504277	6	0.172849565865	2	0.258951538593	4	3	2	1533	520000	32	1550	1925	136	56	28	108	40	180	96	136	100	16	32	324
30707000_zpid	30707000_zpid	11228	1216 77th St, Brooklyn, NY 11228	40.62003	-74.010565	0.209031285067	5	0.40281238726	1	0.989913259116	0	2	1	884	162500	285	1298	1920	7	12	2	20	2	34	43	27	20	1	4	63
62635941_zpid	62635941_zpid	10464	190 Fordham St, Bronx, NY 10464	40.8470889	-73.7843989	0.164491712403	3	3.31635161448	0	3.65315256956	0	1	1	790	235000	19	4356	1897	15	19	5	6	3	2	35	10	6	2	28	43
30662007_zpid	30662007_zpid	11203	521 E 43rd St, Brooklyn, NY 11203	40.642669	-73.935916	0.219157026912	5	0.844788409462	0	1.09746848476	0	5	3	2304	455000	1	2000	1925	25	5	9	15	10	37	18	7	18	8	2	73
30773310_zpid	30773310_zpid	11236	973 E 95th St, Brooklyn, NY 11236	40.646362	-73.906131	0.193170856647	4	0.933586038495	0	0.363043635464	2	6	2	1900	599000	13	2340	1930	40	7	24	33	18	56	23	8	7	20	8	92
30740507_zpid	30740507_zpid	11235	18 Brighton 4th Ter, Brooklyn, NY 11235	40.5817059	-73.963659	0.116866395584	8	0.33275786888	6	0.4928792737	2	7	6	3800	825000	115	2500	1930	280	160	180	288	100	284	184	128	132	76	96	756
30740507_zpid	30740507_zpid	11235	18 Brighton 4th Ter, Brooklyn, NY 11235	40.5817059	-73.963659	0.116866395584	9	0.33275786888	6	0.4928792737	2	7	6	3800	825000	115	2500	1930	280	160	180	288	100	284	184	128	132	76	96	756
30762157_zpid	30762157_zpid	11234	1493 E 48th St, Brooklyn, NY 11234	40.624239	-73.929112	0.216014283276	9	0.185819948967	2	1.83486304771	0	3	3	1316	450000	13	2000	1935	84	64	48	80	56	196	112	100	76	16	16	412
30720787_zpid	30720787_zpid	11223	1621 W 2nd St, Brooklyn, NY 11223	40.6079035	-73.9756529	0.239876912235	11	0.381095913546	6	0.24957185112	4	4	2	1820	735000	8	1782	1925	368	68	160	100	96	224	76	108	84	52	8	384
64431524_zpid	64431524_zpid	10473	1901 Gildersleeve Ave, Bronx, NY 10473	40.8094279	-73.856196	0.75213429476	0	1.37506707065	0	2.63967844576	0	4	1	2420	329000	145	2338	2002	29	9	19	20	9	16	16	14	9	16	4	65
29783513_zpid	29783513_zpid	10459	1285 Intervale Ave, Bronx, NY 10459	40.829834	-73.894116	0.505379584293	3	0.311860016923	6	0.194983462813	2	3	1.5	1152	332500	7	1995	1988	231	92	99	144	116	38	31	6	31	50	26	208
30743468_zpid	30743468_zpid	11229	2033 E 23rd St, Brooklyn, NY 11229	40.601108	-73.948492	0.179305917917	4	0.447425724766	4	0.660021308977	1	5	3	2736	915000	9	1900	1940	61	21	26	27	31	59	52	20	30	10	6	150
30613131_zpid	30613131_zpid	11238	428 Vanderbilt Ave, Brooklyn, NY 11238	40.684661	-73.9684769	0.293972021761	12	0.320533605689	4	0.184883630598	6	8	4	3360	2649000	0	2000	1931	122	82	59	80	62	35	47	12	25	25	24	140
30793465_zpid	30793465_zpid	11229	8 Seba Ave, Brooklyn, NY 11229	40.5862895	-73.9249762	0.470049315942	1	1.36126199117	0	2.46765998365	0	2	2	1242	354000	1	1799	1986	2	3	1	14	0	0	30	10	17	2	5	35
30638468_zpid	30638468_zpid	11207	283 Warwick St, Brooklyn, NY 11207	40.676934	-73.886483	0.145588636903	9	0.279844134957	8	0.369772404842	5	6	3	1980	549000	0	2250	1901	56	23	45	56	35	60	28	16	35	22	8	139
29850322_zpid	29850322_zpid	10464	94 Centre St, Bronx, NY 10464	40.844102	-73.786005	0.104595458294	3	3.35510511351	0	3.59655476545	0	3	2	1728	389021	17	2478	1955	72	52	20	32	12	8	144	44	36	12	100	196
29842416_zpid	29842416_zpid	10461	1524 Hutchinson River Pkwy, Bronx, NY 10461	40.8411633	-73.8376249	0.275355151215	5	0.657381921278	2	0.3199326737	2	4	2	1280	299000	45	2178000	1945	53	16	16	14	13	30	26	12	12	6	3	80
30621389_zpid	30621389_zpid	11222	198 N Henry St, Brooklyn, NY 11222	40.726214	-73.9433729	0.141553214179	13	0.363592524139	1	0.689590971864	1	5	3.5	2334	2248888	7	1807	1901	92	140	84	136	56	72	124	76	84	36	52	492
30697268_zpid	30697268_zpid	11209	62 79th St, Brooklyn, NY 11209	40.630223	-74.036449	0.617972745165	6	0.63610567744	2	0.925717849772	0	4	1.5	1802	1170000	26	3807	1935	12	8	2	4	4	18	27	21	9	2	1	38
30717105_zpid	30717105_zpid	11230	705 Avenue M, Brooklyn, NY 11230	40.6173829	-73.9674859	0.317037072412	10	0.376987243698	6	0.619626257714	2	3	3.5	1260	600000	79	1600	1920	58	10	19	26	27	48	58	26	27	5	4	103
30605243_zpid	30605243_zpid	11233	734 Halsey St, Brooklyn, NY 11233	40.684451	-73.924518	0.385794902992	9	0.524407751995	5	0.606949164273	3	6	3	2493	720000	14	1725	1800	153	67	96	109	77	16	18	13	41	51	21	185
29781353_zpid	29781353_zpid	10474	437 Manida St, Bronx, NY 10474	40.80941	-73.887337	0.189747551011	3	0.668021830446	1	1.06903877634	0	5	2.5	2640	320000	72	2700	1935	19	9	33	34	25	14	17	2	13	7	5	71
30618270_zpid	30618270_zpid	11206	597 Flushing Ave, Brooklyn, NY 11206	40.6998792	-73.9507734	0.311628516798	6	0.175567145057	9	0.055253704535	4	1	1	4350	200000	142	2500	1931	51	24	22	41	21	24	21	28	17	10	10	125
30782646_zpid	30782646_zpid	11234	7323 Avenue V, Brooklyn, NY 11234	40.619566	-73.903833	0.612712822575	1	0.537849513383	1	3.02007221156	0	4	5	4000	940000	1	4000	1975	12	5	5	9	5	12	15	8	15	3	4	55
30608985_zpid	30608985_zpid	11216	306 Tompkins Ave, Brooklyn, NY 11216	40.68737	-73.944976	0.0807960853916	9	0.293490270805	5	0.628511199453	1	4	2	4620	500000	10	1556	1931	112	27	52	92	71	16	20	10	31	41	19	142
30731445_zpid	30731445_zpid	11214	2724 Harway Ave, Brooklyn, NY 11214	40.589502	-73.987732	0.29477235017	4	0.784578800846	0	0.343329603173	1	5	2.5	2394	804000	27	1938	1960	48	28	36	100	24	76	108	84	112	32	16	208
30791102_zpid	30791102_zpid	11235	1010 Hampton Ave, Brooklyn, NY 11235	40.58002	-73.94452	0.734619157623	1	1.11006447792	0	1.11776941131	0	4	3	5200	1550000	22	6098	1984	17	6	3	12	3	10	24	10	18	1	2	30
29795941_zpid	29795941_zpid	10472	1222 Manor Ave, Bronx, NY 10472	40.829794	-73.876258	0.246176483186	6	0.361309152221	2	0.142590587305	2	5	3	1392	470000	10	2000	1920	420	59	207	232	222	53	26	10	78	76	22	333
30702678_zpid	30702678_zpid	11228	1369 70th St, Brooklyn, NY 11228	40.622233	-74.002532	0.121175642669	10	0.325126384324	2	0.427416806604	3	7	4	4219	1449000	0	4000	1930	48	12	32	72	28	124	96	80	36	8	8	224
30673705_zpid	30673705_zpid	11218	408 E 2nd St, Brooklyn, NY 11218	40.64143	-73.978322	0.202702917672	11	0.158087984291	10	0.312409058646	2	5	4	1504	1150000	0	2500	1930	632	164	216	288	216	260	220	252	112	88	64	784
30673705_zpid	30673705_zpid	11218	408 E 2nd St, Brooklyn, NY 11218	40.64143	-73.978322	0.202702917672	11	0.167019766557	9	0.312409058646	2	5	4	1504	1150000	0	2500	1930	632	164	216	288	216	260	220	252	112	88	64	784
55540902_zpid	55540902_zpid	10454	702 Saint Marys St, Bronx, NY 10454	40.808707	-73.911152	0.438908522062	7	0.518225454997	3	0.294482089829	4	5	2.5	2280	480000	1	2003	1999	75	14	50	56	38	5	11	6	16	19	6	84
30637512_zpid	30637512_zpid	11208	118 Shepherd Ave, Brooklyn, NY 11208	40.681918	-73.882567	0.141220530458	7	0.208762378136	3	0.220774985906	2	4	2	2048	425000	17	2000	1930	300	140	204	236	208	200	128	96	136	96	56	604
29781242_zpid	29781242_zpid	10474	742 Whittier St, Bronx, NY 10474	40.816255	-73.883754	0.13012618296	5	0.228830923273	3	0.774993999379	0	6	3	1890	315000	36	5000	1925	140	11	90	81	74	16	16	3	35	22	11	128
30692592_zpid	30692592_zpid	11220	540 Bay Ridge Ave, Brooklyn, NY 11220	40.632746	-74.019985	0.083579929524	14	0.371556770602	6	0.378470805592	2	3	2	1948	616000	8	1948	1920	30	25	11	14	11	20	31	13	10	7	5	74
29853081_zpid	29853081_zpid	10471	383 W 254th St, Bronx, NY 10471	40.9018688	-73.9041327	0.338284073299	4	0.458331222014	3	0.873068901476	0	4	3	3800	1550000	6	23086.800000000003	1960	9	6	3	7	3	5	26	6	12	0	3	27
30606239_zpid	30606239_zpid	11233	108 Bainbridge St, Brooklyn, NY 11233	40.680494	-73.933055	0.218780350846	9	0.2102404642	4	0.233198407271	2	7	4	3000	1200000	11	2000	1930	87	50	69	80	54	10	24	5	25	25	13	124
29843679_zpid	29843679_zpid	10465	3181 Country Club Rd, Bronx, NY 10465	40.84218	-73.823121	0.595874111052	1	0.366052169266	1	0.947986582768	0	2	2	1476	440000	7	3332	1925	1	12	4	1	0	7	31	10	4	0	1	24
29788999_zpid	29788999_zpid	10470	18 E 236th St, Bronx, NY 10470	40.8973299	-73.874965	0.223819169569	1	0.636310823494	1	1.03729370634	0	3	1	4664	449000	0	3200	1925	15	3	5	6	2	17	5	7	1	3	1	27
30567263_zpid	30567263_zpid	11201	15 Willow St, Brooklyn, NY 11201	40.7008337	-73.9940226	0.243233262402	13	0.37817091692	2	0.270306604155	3	7	4.5	4810	4810000	23	1813	1834	92	260	40	92	40	44	116	80	68	24	20	364
30567263_zpid	30567263_zpid	11201	15 Willow St, Brooklyn, NY 11201	40.7008337	-73.9940226	0.243233262402	14	0.37817091692	2	0.270306604155	3	7	4.5	4810	4810000	23	1813	1834	92	260	40	92	40	44	116	80	68	24	20	364
30781373_zpid	30781373_zpid	11234	1437 E 65th St, Brooklyn, NY 11234	40.6193529	-73.914156	0.225549742124	6	0.464865321725	1	3.20267123095	0	3	2.5	1280	545000	21	6035	1920	20	10	10	11	5	22	29	8	22	3	7	93
30782859_zpid	30782859_zpid	11234	2215 E 72nd St, Brooklyn, NY 11234	40.618481	-73.904326	0.536957296204	1	0.451402952071	1	3.14317184761	0	6	3	1923	482000	144	4000	1930	11	7	5	9	5	14	18	10	17	3	4	56
30706996_zpid	30706996_zpid	11228	1208 77th St, Brooklyn, NY 11228	40.620142	-74.010756	0.229071069285	6	0.412066626638	1	1.00671715771	0	2	1	1560	639000	17	1300	1920	6	12	2	20	2	33	42	26	20	1	4	61
30625979_zpid	30625979_zpid	11221	634 Kosciuszko St, Brooklyn, NY 11221	40.693504	-73.927871	0.116119002954	9	0.0407566766579	5	0.0816099051131	3	1	1	3759	910000	25	2345	1901	202	87	78	116	101	49	44	19	43	43	37	302
30718324_zpid	30718324_zpid	11230	1329 E 10th St, Brooklyn, NY 11230	40.6166849	-73.964362	0.254440791536	8	0.201701466242	6	0.432045822561	1	4	2	1735	725000	74	4000	1930	86	19	23	36	31	66	55	18	28	9	2	132
30600741_zpid	30600741_zpid	11233	74 Macdougal St, Brooklyn, NY 11233	40.6794344	-73.918195	0.343808190261	3	0.479709242987	4	0.290704117657	2	2	1.5	3420	515000	40	5000	2002	232	36	151	166	122	42	37	14	61	78	29	243
30638546_zpid	30638546_zpid	11208	323 Shepherd Ave, Brooklyn, NY 11208	40.677191	-73.881265	0.316620486601	9	0.368236382465	4	0.343511732114	3	9	3	2820	295000	86	2000	1930	142	22	72	97	75	40	46	24	34	38	12	196
30614420_zpid	30614420_zpid	11217	134 S Oxford St, Brooklyn, NY 11217	40.6852531	-73.9734482	0.193315174949	11	0.336575759408	2	0.104540764032	10	4	3	2187	1100000	83	1250	1865	40	66	24	29	16	15	15	32	18	11	22	115
30772528_zpid	30772528_zpid	11236	14 Paerdegat 15th St, Brooklyn, NY 11236	40.626968	-73.901072	1.07471375058	0	0.771619611083	0	2.19242077801	0	6	3.5	2736	545000	128	1800	1978	88	16	40	40	20	120	56	20	64	16	28	136
30594729_zpid	30594729_zpid	11225	284 Sullivan Pl, Brooklyn, NY 11225	40.6644	-73.951716	0.30016073769	8	0.150163140813	5	0.198526253683	3	4	3	1800	423330	28	1999	1920	488	98	195	190	190	27	33	16	46	83	21	306
30591378_zpid	30591378_zpid	11213	1205 Bergen St, Brooklyn, NY 11213	40.676116	-73.945506	0.212894238934	14	0.39648239645	8	0.340612344663	3	5	4	3080	1250000	9	1787	1899	756	120	300	376	268	48	56	8	84	136	56	640
30591378_zpid	30591378_zpid	11213	1205 Bergen St, Brooklyn, NY 11213	40.676116	-73.945506	0.212894238934	15	0.39648239645	8	0.340612344663	3	5	4	3080	1250000	9	1787	1899	756	120	300	376	268	48	56	8	84	136	56	640
30740590_zpid	30740590_zpid	11235	2831 Brighton 7th St, Brooklyn, NY 11235	40.582417	-73.961808	0.0883941099006	10	0.196453240358	5	0.530914754302	1	3	1	2230	438000	16	2200	1925	412	132	148	236	100	320	216	132	132	76	92	660
30740590_zpid	30740590_zpid	11235	2831 Brighton 7th St, Brooklyn, NY 11235	40.582417	-73.961808	0.0883941099006	12	0.196453240358	5	0.530914754302	1	3	1	2230	438000	16	2200	1925	412	132	148	236	100	320	216	132	132	76	92	660
30715451_zpid	30715451_zpid	11228	1585 Independence Ave, Brooklyn, NY 11228	40.603363	-74.0146539	0.472191200797	3	0.679268466364	1	1.20544977855	0	2	1.5	1488	530000	67	1723	1960	5	1	1	1	0	6	8	10	4	1	2	18
30788135_zpid	30788135_zpid	11234	260 Whitman Dr, Brooklyn, NY 11234	40.607441	-73.904603	1.14497644248	0	1.16395037949	0	4.37136357746	0	3	2.5	2422	860000	38	4283	1960	1	1	0	5	0	1	8	1	7	2	1	14
30636752_zpid	30636752_zpid	11207	210 Sunnyside Ave, Brooklyn, NY 11207	40.682488	-73.88964	0.419054585429	6	0.358979919643	4	0.508179597858	2	9	6	2664	585000	14	4125	1931	240	120	148	152	120	192	140	112	124	48	24	356
30581425_zpid	30581425_zpid	11217	413 Dean St, Brooklyn, NY 11217	40.682665	-73.9775012	0.142989913874	11	0.378282088449	2	0.156919074203	9	5	3.5	2800	2375100	29	1600	1910	79	128	38	47	30	48	46	69	41	20	32	231
30647707_zpid	30647707_zpid	11207	794 Hegeman Ave, Brooklyn, NY 11207	40.663486	-73.8828769	0.308654321995	7	0.139880784251	5	0.32132523176	2	1	1.5	1600	175000	170	1168	1960	452	32	292	252	180	84	88	36	112	160	48	468
30591794_zpid	30591794_zpid	11216	815 Prospect Pl, Brooklyn, NY 11216	40.674571	-73.94946	0.0999169893943	11	0.0392563625678	6	0.436748058261	4	8	3.5	4150	1300000	5	3140	1910	1428	368	744	948	820	152	144	44	236	312	156	1176
30723747_zpid	30723747_zpid	11230	726 Rugby Rd, Brooklyn, NY 11230	40.631556	-73.963836	0.238110820256	7	0.270236572775	5	0.314974856127	3	6	3	2800	2060000	8	4000	1910	68	39	58	53	45	64	41	53	30	14	10	139
30626087_zpid	30626087_zpid	11221	1351 Myrtle Ave, Brooklyn, NY 11221	40.698507	-73.923182	0.14559010665	12	0.242144113134	9	0.293462598756	4	8	4	3750	1999000	0	1675	1931	110	35	54	68	41	35	15	18	34	26	16	140
30733414_zpid	30733414_zpid	11224	2822 W 22nd St, Brooklyn, NY 11224	40.577748	-73.989614	0.507790371358	3	0.369592444048	5	0.709542454314	1	4	2	1520	173000	140	2378	1980	276	56	156	164	136	40	92	32	52	100	24	304
30633818_zpid	30633818_zpid	11207	180 Jamaica Ave, Brooklyn, NY 11207	40.679685	-73.8932559	0.0237716662053	4	0.0437267766224	3	0.253240380285	4	5	2.5	2707	530000	25	2626	1994	98	37	63	74	49	75	49	41	38	32	11	159
30662835_zpid	30662835_zpid	11203	836 E 45th St, Brooklyn, NY 11203	40.6407646	-73.9342652	0.109563220555	6	1.07078255816	0	1.19819893748	0	4	2.5	1920	365000	2	1215	1920	140	48	48	76	52	208	100	48	104	52	20	400
30719154_zpid	30719154_zpid	11204	1514 W 10th St, Brooklyn, NY 11204	40.609778	-73.984174	0.154990208258	12	0.254522838749	7	0.304347492469	2	8	3	3600	1398800	0	2000	1965	388	96	144	200	232	244	84	128	84	48	24	532
30613327_zpid	30613327_zpid	11238	56 Cambridge Pl, Brooklyn, NY 11238	40.685428	-73.963515	0.270531029854	9	0.281676718114	5	0.344504284844	3	4	4.5	4600	2250000	39	5000	1899	160	128	90	127	94	42	54	16	47	27	32	206
30662658_zpid	30662658_zpid	11203	614 E 42nd St, Brooklyn, NY 11203	40.640264	-73.9372	0.33720096075	3	0.966004242576	0	0.947580809905	0	3	1.5	1408	362650	40	2000	1930	50	12	13	19	16	42	22	6	20	14	3	89
30732244_zpid	30732244_zpid	11224	3705 Polar St, Brooklyn, NY 11224	40.580463	-74.00418	0.570704914467	1	0.392005831417	1	1.96177489668	0	4	2	1720	380000	36	2178	1985	39	7	9	22	11	2	11	3	10	9	2	37
29854640_zpid	29854640_zpid	10471	6015 Independence Ave, Bronx, NY 10471	40.910464	-73.906377	0.469275035053	5	0.43197378987	3	0.972549643208	0	6	4.5	2244	1395000	0	7492	1945	4	5	3	7	5	5	15	2	3	3	2	29
