30732437_zpid	30732437_zpid	11224	2669 W 37th St, Brooklyn, NY 11224	40.5805048	-74.0036837	0.612523001435	1	0.377601825451	1	1.92271459007	0	3	2	1520	225000	26	2313	1984	156	28	36	84	44	8	40	12	32	40	8	152
30598203_zpid	30598203_zpid	11233	2256 Pacific St, Brooklyn, NY 11233	40.675178	-73.909385	0.1875667266	6	0.236708192534	5	0.387035047166	6	6	3	3456	17000	23	2134	2003	176	15	100	150	97	36	30	18	47	57	28	157
30760921_zpid	30760921_zpid	11234	1378 E 49th St, Brooklyn, NY 11234	40.627391	-73.929086	0.153368248433	8	0.438642582063	1	1.68077749448	0	3	3	2778	675000	0	2700	1930	33	18	19	23	14	54	31	21	21	8	3	82
30748697_zpid	30748697_zpid	11235	2511 E 12th St, Brooklyn, NY 11235	40.5893309	-73.958317	0.218969385504	13	0.366809966448	3	0.444141614341	2	5	3	1440	410000	145	1440	1930	180	64	36	116	56	168	140	116	92	36	12	372
30775473_zpid	30775473_zpid	11236	1029 E 101st St, Brooklyn, NY 11236	40.643558	-73.894917	0.398009412862	6	0.535653048784	2	0.679484972144	1	6	2.5	2235	615000	113	1999	1960	284	28	136	100	104	172	92	40	72	72	40	376
30775473_zpid	30775473_zpid	11236	1029 E 101st St, Brooklyn, NY 11236	40.643558	-73.894917	0.398009412862	7	0.535653048784	2	0.679484972144	1	6	2.5	2235	615000	113	1999	1960	284	28	136	100	104	172	92	40	72	72	40	376
30740594_zpid	30740594_zpid	11235	2821 Brighton 7th St, Brooklyn, NY 11235	40.582666	-73.961859	0.112423518506	12	0.213820056696	5	0.558902077378	1	9	4	2538	795000	0	2300	1920	404	136	140	240	100	280	212	128	124	72	88	656
30740594_zpid	30740594_zpid	11235	2821 Brighton 7th St, Brooklyn, NY 11235	40.582666	-73.961859	0.112423518506	11	0.213820056696	5	0.558902077378	1	9	4	2538	795000	0	2300	1920	404	136	140	240	100	280	212	128	124	72	88	656
30724664_zpid	30724664_zpid	11230	1021 E 14th St, Brooklyn, NY 11230	40.624572	-73.961918	0.0967291212064	6	0.0801329854251	6	0.123095066363	2	8	7	3150	535000	34	3000	1925	127	18	60	61	77	50	39	27	18	23	8	156
30585705_zpid	30585705_zpid	11215	371 13th St, Brooklyn, NY 11215	40.66503	-73.984206	0.109099085165	18	0.369149448485	7	0.357191634359	4	3	1.5	1474	2210000	17	2500	1899	68	86	22	60	22	40	65	33	29	13	16	186
30750510_zpid	30750510_zpid	11210	815 E 22nd St, Brooklyn, NY 11210	40.632331	-73.95533	0.536406255537	5	0.538367656122	3	0.63261407134	3	6	3	3500	1160000	11	4000	1920	42	13	23	31	39	32	14	14	19	11	2	71
30669618_zpid	30669618_zpid	11210	574 E 28th St, Brooklyn, NY 11210	40.636711	-73.950278	0.254669441477	3	0.293360715317	5	0.395281480156	2	3	2.5	1196	510000	14	1196	1930	291	33	151	136	119	54	34	19	35	56	9	284
30722901_zpid	30722901_zpid	11223	179 Avenue S, Brooklyn, NY 11223	40.601318	-73.978999	0.163772297213	7	0.434251218627	4	0.311750941062	3	4	4	2376	763000	28	2800	1925	60	21	33	24	23	90	28	65	24	12	5	96
30750455_zpid	30750455_zpid	11235	3029 Voorhies Ave, Brooklyn, NY 11235	40.587955	-73.935312	0.396798554892	5	0.490559632788	2	1.59729807989	0	3	2.5	1280	415000	21	2000	1930	50	15	22	27	20	28	19	17	23	10	4	109
30579512_zpid	30579512_zpid	11220	657 59th St, Brooklyn, NY 11220	40.638024	-74.011737	0.278344177786	7	0.305187758323	11	0.389420319288	2	11	6	3162	988000	4	2003	1935	136	46	50	54	26	54	71	42	25	24	7	241
30636578_zpid	30636578_zpid	11207	223 Sunnyside Ave, Brooklyn, NY 11207	40.682996	-73.889634	0.475012795963	6	0.400974137759	4	0.541301781827	2	3	1	1600	565000	113	1600	1901	52	29	34	35	29	40	28	19	28	10	6	83
30671006_zpid	30671006_zpid	11218	187 Mcdonald Ave, Brooklyn, NY 11218	40.650124	-73.980416	0.221520726995	9	0.209647172578	2	0.393750283666	2	3	2	1583	765000	38	2603	1940	52	80	48	80	48	76	76	84	52	12	12	228
30671006_zpid	30671006_zpid	11218	187 Mcdonald Ave, Brooklyn, NY 11218	40.650124	-73.980416	0.221520726995	9	0.609664804885	1	0.393750283666	2	3	2	1583	765000	38	2603	1940	52	80	48	80	48	76	76	84	52	12	12	228
30698091_zpid	30698091_zpid	11209	8117 Colonial Rd, Brooklyn, NY 11209	40.627842	-74.034796	0.43044120258	7	0.921556753639	0	0.788363503959	0	3	1.5	1888	1175000	0	2291	1935	52	112	12	44	12	116	144	100	44	16	8	308
29830898_zpid	29830898_zpid	10469	3012 Wickham Ave, Bronx, NY 10469	40.871296	-73.8381409	0.748169758867	1	0.846493608326	0	0.721327134181	1	3	1	1384	344900	0	1515	1955	36	7	29	29	18	35	30	9	21	3	11	64
30610376_zpid	30610376_zpid	11216	45 Halsey St, Brooklyn, NY 11216	40.681792	-73.951765	0.238276033738	13	0.250491832865	8	0.219242456056	4	7	4	3760	1150000	27	2000	1900	225	163	98	146	104	20	54	22	53	60	42	270
30733609_zpid	30733609_zpid	11224	2838 W 15th St, Brooklyn, NY 11224	40.5781599	-73.983223	0.161420111157	2	0.534371848068	5	0.187234713339	2	3	2	2770	300000	10	2069	1925	224	32	92	140	104	60	112	56	48	68	16	332
30745534_zpid	30745534_zpid	11229	2261 E 13th St, Brooklyn, NY 11229	40.595007	-73.957302	0.0736197364086	13	0.232128295468	7	0.182919340374	2	3	1	1494	870000	19	4000	1925	76	18	11	19	17	35	18	17	9	5	4	86
30652984_zpid	30652984_zpid	11203	248 E 54th St, Brooklyn, NY 11203	40.652816	-73.926891	0.0541189107077	9	0.0286890563698	3	1.31160292612	0	4	3	2000	519000	0	2000	1920	211	26	86	82	90	77	39	10	27	44	19	210
30633739_zpid	30633739_zpid	11212	655 Watkins St, Brooklyn, NY 11212	40.65612	-73.904081	0.0734886832441	3	0.33412016986	2	0.502289524926	2	3	1	3280	490000	156	2500	1930	63	10	40	48	37	19	18	6	34	13	5	106
30573337_zpid	30573337_zpid	11231	127 Pioneer St, Brooklyn, NY 11231	40.67848	-74.010885	0.160885195183	4	0.0585887457495	4	1.22790964159	0	4	2	1632	98000	251	16	1901	29	56	16	26	12	10	32	7	10	10	3	66
30790724_zpid	30790724_zpid	11235	132 Exeter St, Brooklyn, NY 11235	40.578949	-73.948814	0.371291875372	5	0.826879828055	0	0.993231960186	0	3	5	1560	999000	8	3000	1940	31	12	6	15	7	18	35	21	25	4	2	43
30723940_zpid	30723940_zpid	11230	769 E 19th St, Brooklyn, NY 11230	40.631917	-73.958414	0.298433175272	7	0.49842674578	2	0.401321927003	2	8	4	2208	2495000	0	6000	1901	84	13	65	61	72	32	27	27	11	17	2	91
30664404_zpid	30664404_zpid	11225	17 Chester Ct, Brooklyn, NY 11225	40.658114	-73.960998	0.0616144881524	12	0.0780714200586	5	0.316935042295	2	4	3	2866	1500000	24	1659	1910	295	92	150	120	137	12	32	16	48	39	11	194
30589781_zpid	30589781_zpid	11238	659 Washington Ave, Brooklyn, NY 11238	40.6776268	-73.9634927	0.0979946460521	12	0.157678289133	6	0.588626156174	7	2	2	3080	1400000	28	946	1931	145	185	62	82	72	44	47	44	44	35	18	225
29786694_zpid	29786694_zpid	10468	2241 Hampden Pl, Bronx, NY 10468	40.860904	-73.911961	0.471445598709	1	0.489495610655	4	0.178620557947	3	8	3	3120	524900	0	2038	1910	205	32	75	102	87	21	8	15	26	22	8	107
30787489_zpid	30787489_zpid	11234	2753 E 63rd St, Brooklyn, NY 11234	40.606729	-73.913909	1.04290153374	0	1.23016626883	0	3.64645757307	0	3	2	1224	545000	1	1800	1965	3	4	2	5	3	17	4	27	20	2	1	27
30653621_zpid	30653621_zpid	11203	258 E 55th St, Brooklyn, NY 11203	40.651577	-73.925806	0.16398550168	8	0.154082665013	3	1.35995107807	0	7	4	2144	810000	4	4000	1910	178	20	60	74	71	73	36	10	24	37	16	188
30643667_zpid	30643667_zpid	11208	40 Fountain Ave, Brooklyn, NY 11208	40.679142	-73.8766	0.383159309591	11	0.384625644102	5	0.384744804241	5	3	3	1996	186000	158	1800	1901	109	21	63	83	61	47	46	20	55	25	13	198
30598774_zpid	30598774_zpid	11233	1746 Sterling Pl, Brooklyn, NY 11233	40.670643	-73.920886	0.313422999672	4	0.114979427868	2	0.673074314014	1	6	4	2240	410000	24	3617	1930	220	23	114	103	92	17	16	7	25	36	15	147
30793233_zpid	30793233_zpid	11229	3192 Avenue W, Brooklyn, NY 11229	40.59686	-73.930484	0.532498711567	5	0.571816023742	1	2.09358879524	0	2	1	826	143000	231	1760	1920	15	15	1	7	2	7	19	8	17	3	2	36
29825210_zpid	29825210_zpid	10467	3233 Olinville Ave, Bronx, NY 10467	40.872455	-73.8685859	0.123492892443	8	0.169163042784	5	0.171152243088	3	7	2	2000	460000	6	3125	1920	208	28	78	80	86	32	21	9	34	32	16	161
30589696_zpid	30589696_zpid	11238	590 Bergen St, Brooklyn, NY 11238	40.679542	-73.970314	0.18063695108	17	0.266028080626	6	0.294876833046	4	4	3.5	2160	1675000	26	2184	1910	388	268	104	184	80	84	148	80	88	52	44	472
30572992_zpid	30572992_zpid	11231	126 2nd St, Brooklyn, NY 11231	40.6773587	-73.9912711	0.247940774716	9	0.343334182693	2	0.456369488386	3	1	1	3200	320000	192	1600	1899	12	18	1	16	9	10	27	28	13	1	1	67
30609624_zpid	30609624_zpid	11221	364 Madison St, Brooklyn, NY 11221	40.6852609	-73.943567	0.0988542966343	11	0.298509819247	9	0.636906790924	2	5	3	2280	1200000	8	2000	1910	83	23	61	65	55	13	17	7	27	36	7	113
30619938_zpid	30619938_zpid	11222	172 India St, Brooklyn, NY 11222	40.732255	-73.952937	0.197658077206	13	0.176658160928	4	0.252727510802	1	4	3	1980	1550000	14	2500	1915	86	90	60	65	41	51	42	20	25	26	15	232
30754604_zpid	30754604_zpid	11234	3705 Avenue M, Brooklyn, NY 11234	40.620602	-73.938637	0.32433378504	1	0.358596033322	2	1.5599877017	0	7	2.5	2480	625000	32	2000	1935	37	11	21	17	16	34	24	15	13	8	2	86
30657524_zpid	30657524_zpid	11203	437 Hawthorne St, Brooklyn, NY 11203	40.658351	-73.945894	0.369288276646	6	0.419838293653	6	0.370063280172	2	7	3	2040	150000	202	3000	1910	46	10	22	24	18	16	15	14	2	10	9	38
30612666_zpid	30612666_zpid	11238	370 Washington Ave, Brooklyn, NY 11238	40.6876747	-73.9660057	0.0404339858929	10	0.0761875373794	3	0.0890872822781	5	5	3	3248	2026000	42	2000	1899	118	51	71	85	72	30	33	5	32	21	20	132
30740440_zpid	30740440_zpid	11235	5 Banner 3rd Ter, Brooklyn, NY 11235	40.581543	-73.966212	0.164994024904	10	0.525040478223	7	0.60039927555	3	2	1	1923	240000	8	3346	1930	38	27	36	61	21	50	33	19	26	8	16	122
30567542_zpid	30567542_zpid	11201	7 Monroe Pl, Brooklyn, NY 11201	40.696975	-73.992531	0.0403939399126	15	0.0695181722922	4	0.0719832307219	8	8	4.5	6500	7650000	12	2500	1849	188	432	72	88	68	28	228	96	104	24	40	644
30567542_zpid	30567542_zpid	11201	7 Monroe Pl, Brooklyn, NY 11201	40.696975	-73.992531	0.0403939399126	16	0.0695181722922	4	0.0719832307219	8	8	4.5	6500	7650000	12	2500	1849	188	432	72	88	68	28	228	96	104	24	40	644
30601429_zpid	30601429_zpid	11233	17 Dewey Pl, Brooklyn, NY 11233	40.677298	-73.917967	0.129072692805	2	0.499803335916	4	0.339686329515	2	2	1	1100	675500	9	1600	1910	900	76	548	656	456	144	148	68	244	276	144	852
30590210_zpid	30590210_zpid	11238	300 Prospect Pl, Brooklyn, NY 11238	40.676886	-73.9667769	0.163899202725	14	0.220506769207	6	0.387391846068	4	6	3.5	4200	4425000	9	2336	1910	188	155	70	96	88	30	51	37	49	37	13	230
30608128_zpid	30608128_zpid	11221	786 Lafayette Ave, Brooklyn, NY 11221	40.6907799	-73.941383	0.134944169431	11	0.167712049445	4	0.831332269088	0	5	2	2000	800000	10	871200	1930	176	49	87	127	90	30	30	9	34	47	27	207
30737678_zpid	30737678_zpid	11223	15 Corso Ct, Brooklyn, NY 11223	40.5948734	-73.9747317	0.274767485276	7	0.30205316531	3	0.176178779876	4	1	1	725	475000	49	1343	1925	160	48	44	144	48	220	96	152	104	28	40	420
30737678_zpid	30737678_zpid	11223	15 Corso Ct, Brooklyn, NY 11223	40.5948734	-73.9747317	0.274767485276	4	0.387542959283	2	0.176178779876	4	1	1	725	475000	49	1343	1925	160	48	44	144	48	220	96	152	104	28	40	420
30768247_zpid	30768247_zpid	11236	8716 Farragut Rd, Brooklyn, NY 11236	40.6418729	-73.910832	0.314106825976	5	0.609172674437	1	0.926741593383	0	6	3	2761	630000	121	2633	1960	45	6	27	21	11	54	31	7	25	17	6	117
30663541_zpid	30663541_zpid	11203	946 E 46th St, Brooklyn, NY 11203	40.638097	-73.933119	0.365904613074	7	1.14388784729	0	1.30841651103	0	3	2.5	2254	230000	168	1967	1930	26	9	10	16	12	36	23	7	18	12	6	82
30601500_zpid	30601500_zpid	11233	30 Roosevelt Pl, Brooklyn, NY 11233	40.6768531	-73.9156998	0.277266096554	3	0.302670415671	3	0.454278472326	2	5	3	2088	340000	6	1649	1899	227	21	133	151	98	55	35	18	49	65	37	209
30775587_zpid	30775587_zpid	11236	1016 E 104th St, Brooklyn, NY 11236	40.644956	-73.893443	0.372231791702	5	0.342368162367	2	0.734814243614	1	6	2	2200	328000	115	3000	1960	58	7	28	21	16	39	16	6	14	12	9	99
30673019_zpid	30673019_zpid	11218	153 E 8th St, Brooklyn, NY 11218	40.646508	-73.971852	0.129779770034	12	0.673044379155	3	0.493313820038	3	5	3	1704	899000	0	1528	1920	134	37	48	68	53	34	30	27	27	23	8	156
30730439_zpid	30730439_zpid	11214	8713 25th Ave, Brooklyn, NY 11214	40.595444	-73.989355	0.334980962328	6	0.297485694274	5	0.329971543197	1	4	2	1856	1008888	0	1740	1950	26	9	15	14	8	33	33	20	18	7	3	71
30714281_zpid	30714281_zpid	11214	175 Bay 26th St, Brooklyn, NY 11214	40.5999679	-74.000306	0.0893913087532	6	0.111010975185	7	0.541768731686	2	4	2	1995	605000	43	1837	1901	776	80	228	204	160	304	136	128	80	68	40	540
29846932_zpid	29846932_zpid	10465	221 Reynolds Ave, Bronx, NY 10465	40.8199819	-73.8088082	0.163730836103	2	0.76509001943	0	3.52671553982	0	3	1	1732	400500	131	8537	1949	19	11	4	7	2	10	20	13	14	3	4	46
30687743_zpid	30687743_zpid	11220	845 58th St, Brooklyn, NY 11220	40.636107	-74.007033	0.191437714808	7	0.147508050997	7	0.36059348087	2	6	2	1922	1400000	15	2003	1920	79	20	31	33	12	60	41	29	13	16	5	175
30791511_zpid	30791511_zpid	11235	2967 Coney Island Ave, Brooklyn, NY 11235	40.584021	-73.95972	0.336250692087	10	0.166636298392	7	0.569004118378	2	4	2	1280	547000	2	2178	1915	568	128	156	260	128	240	176	120	152	80	80	656
30791511_zpid	30791511_zpid	11235	2967 Coney Island Ave, Brooklyn, NY 11235	40.584021	-73.95972	0.336250692087	10	0.265486091051	6	0.569004118378	2	4	2	1280	547000	2	2178	1915	568	128	156	260	128	240	176	120	152	80	80	656
30612669_zpid	30612669_zpid	11238	398 Washington Ave, Brooklyn, NY 11238	40.686959	-73.9660207	0.0369816211752	10	0.0274795654758	4	0.167651850029	5	6	5	5330	2995000	0	2348	1905	134	62	73	98	80	31	39	8	33	24	23	148
30719474_zpid	30719474_zpid	11204	1575 W 6th St, Brooklyn, NY 11204	40.60884	-73.979495	0.278140904621	12	0.264414890349	6	0.393501163655	3	3	1.5	1248	775000	9	2000	1925	692	108	188	196	232	308	76	88	52	48	28	476
30662886_zpid	30662886_zpid	11203	846 E 46th St, Brooklyn, NY 11203	40.6405699	-73.933391	0.119109099415	7	1.07252682698	0	1.27052468418	0	5	3	2217	519000	97	3001	1955	36	13	13	18	12	48	26	13	26	13	6	105
30654156_zpid	30654156_zpid	11203	4708 Snyder Ave, Brooklyn, NY 11203	40.649705	-73.9327409	0.1872686472	4	0.188515977732	3	1.42740861769	0	5	3	2466	575000	5	2665	1940	156	14	75	65	71	44	28	4	30	32	11	165
30793504_zpid	30793504_zpid	11229	24 Keen Ct, Brooklyn, NY 11229	40.5879045	-73.9250794	0.330766032087	2	1.28894843754	0	2.46054460677	0	3	1	864	309000	26	1800	1925	2	3	2	15	0	1	30	10	20	1	4	39
29812540_zpid	29812540_zpid	10460	1729 Garfield St, Bronx, NY 10460	40.843023	-73.868945	0.157936809367	8	0.586575460822	3	0.402700107765	2	6	3	2312	515000	11	2613	1920	140	16	36	43	49	40	15	10	21	28	23	101
29823909_zpid	29823909_zpid	10467	725 Arnow Ave, Bronx, NY 10467	40.868101	-73.866113	0.323026312412	11	0.261931161997	7	0.314213239944	2	1	1	2680	436800	144	2500	1957	380	47	168	200	184	40	31	12	47	67	40	294
30695361_zpid	30695361_zpid	11209	338 Bay Ridge Pkwy, Brooklyn, NY 11209	40.630938	-74.026656	0.144227609409	20	0.362222525961	5	0.164619135747	2	8	3	3090	710000	90	1863	1910	106	54	47	52	38	52	60	64	23	18	8	196
83044028_zpid	83044028_zpid	11212	30 Tapscott St, Brooklyn, NY 11212	40.667122	-73.921118	0.151354946896	7	0.0988101199728	5	0.295981333344	2	6	4	2100	630000	124	2100	2003	123	13	41	59	40	27	21	7	27	16	5	104
30724274_zpid	30724274_zpid	11230	958 E 13th St, Brooklyn, NY 11230	40.625949	-73.963718	0.215153462683	5	0.179073602523	4	0.260075628912	2	5	4	2200	567000	104	2300	1925	111	24	53	55	60	49	29	34	18	20	7	158
30735336_zpid	30735336_zpid	11223	2021 W 10th St, Brooklyn, NY 11223	40.597761	-73.981309	0.290936808903	6	0.225486252791	5	0.186365972448	5	6	6	2880	835000	5	2000	1930	33	22	11	29	10	41	30	44	20	8	5	77
30597129_zpid	30597129_zpid	11213	1150 Eastern Pkwy, Brooklyn, NY 11213	40.668293	-73.930286	0.0361623236252	15	0.206377505279	7	0.234121671486	2	2	2	2856	430000	26	2371	1901	2400	240	1112	1044	980	176	140	56	220	412	180	1472
30597129_zpid	30597129_zpid	11213	1150 Eastern Pkwy, Brooklyn, NY 11213	40.668293	-73.930286	0.0361623236252	15	0.206377505279	8	0.234121671486	2	2	2	2856	430000	26	2371	1901	2400	240	1112	1044	980	176	140	56	220	412	180	1472
30614931_zpid	30614931_zpid	11205	169 Park Ave, Brooklyn, NY 11205	40.6963379	-73.972758	0.3677313353	6	0.326849273801	2	1.01628798161	0	3	2	2800	510000	136	1460	1962	32	53	17	28	22	40	9	27	12	12	9	96
30575183_zpid	30575183_zpid	11220	239 45th St, Brooklyn, NY 11220	40.651464	-74.01287	0.146871859374	8	0.257801620677	8	0.370832653643	2	4	2	1952	760000	16	2003	1920	28	14	23	33	11	9	23	7	13	8	3	62
30695609_zpid	30695609_zpid	11228	7509 10th Ave, Brooklyn, NY 11228	40.623877	-74.014084	0.460111841414	5	0.354504672679	3	1.11494753533	0	3	1.75	1288	810000	10	1656	1925	10	10	6	19	6	43	43	25	17	3	4	61
30607425_zpid	30607425_zpid	11206	618 Willoughby Ave APT 1, Brooklyn, NY 11206	40.694156	-73.944601	0.123383086217	8	0.309076474804	2	0.401713084582	2	7	4	3200	925000	34	2000	1931	118	35	74	111	57	43	22	38	24	39	21	158
30710685_zpid	30710685_zpid	11228	1428 84th St, Brooklyn, NY 11228	40.613261	-74.009903	0.168592713306	8	0.248888199241	1	0.785757197772	0	6	2	2740	1148000	0	2383	1930	8	14	2	13	1	30	40	32	24	7	7	61
29844626_zpid	29844626_zpid	10465	3551 E Tremont Ave, Bronx, NY 10465	40.830272	-73.825442	0.173848948749	4	0.403071263072	2	1.7687996542	0	3	2	5000	450000	224	4050	1920	8	16	4	15	4	16	28	28	12	3	4	55
30786034_zpid	30786034_zpid	11234	2059 Ryder St, Brooklyn, NY 11234	40.610154	-73.927705	0.220575001847	2	0.946687050952	0	2.54992961486	0	2	2	1614	699000	0	2500	1925	5	9	2	6	1	22	27	21	19	0	5	73
30788470_zpid	30788470_zpid	11234	2440 E 64th St, Brooklyn, NY 11234	40.610537	-73.90904	0.670346520083	2	0.746734194601	1	4.06615621108	0	3	3	2456	1599000	0	4617	1965	2	6	2	5	3	15	8	11	15	1	1	26
30566262_zpid	30566262_zpid	11201	16 Duffield St, Brooklyn, NY 11201	40.6978873	-73.9842292	0.160373498973	9	0.312404591768	3	0.444905640513	7	6	4	2800	1585000	26	1523	1901	32	200	12	60	12	16	112	52	64	16	8	304
30722620_zpid	30722620_zpid	11223	1825 W 12th St, Brooklyn, NY 11223	40.602208	-73.9840399	0.293971529829	8	0.543029219104	6	0.365441865654	3	6	4	2200	1250000	9	2400	1925	56	25	24	16	16	56	24	38	15	6	4	78
29846116_zpid	29846116_zpid	10465	832 Vincent Ave, Bronx, NY 10465	40.831537	-73.8186039	0.39564452836	3	0.435179839945	2	2.02718092849	0	4	3	1400	275000	29	2500	1930	20	16	20	60	12	64	84	104	64	12	16	144
116165909_zpid	116165909_zpid	11217	63 S Portland Ave, Brooklyn, NY 11217	40.687688	-73.974417	0.0681495610538	9	0.176183339529	3	0.0471635132641	9	2	1	950	1150000	79	2200	1900	36	53	20	23	9	11	16	20	15	10	11	103
30732218_zpid	30732218_zpid	11224	3752 Bayview Ave, Brooklyn, NY 11224	40.58055	-74.005902	0.434604268473	1	0.487117044684	1	2.08669423825	0	4	2	1520	465000	107	2000	1985	96	28	16	48	16	4	44	8	32	4	8	92
30739734_zpid	30739734_zpid	11235	731 Desmond Ct, Brooklyn, NY 11235	40.590903	-73.9617769	0.353089680342	9	0.798092551566	0	0.7392490005	1	4	3	1944	562000	40	1800	1945	34	10	9	12	11	34	27	21	14	4	2	45
30762232_zpid	30762232_zpid	11234	1438 E 51st St, Brooklyn, NY 11234	40.625394	-73.926844	0.295065301698	9	0.179683917131	1	1.94261940335	0	3	2	1809	500000	4	2300	1930	18	19	17	20	9	50	30	25	24	5	6	89
30733783_zpid	30733783_zpid	11224	3713 Oceanic Ave # 2, Brooklyn, NY 11224	40.575655	-74.003533	0.72293262302	2	0.236476978741	2	1.89572769201	0	4	2	1681	425000	52	2482	1950	47	14	14	40	12	4	18	7	17	13	1	51
94717694_zpid	94717694_zpid	11208	196 Chestnut St, Brooklyn, NY 11208	40.683207	-73.875793	0.0424068280416	8	0.287548647375	7	0.169514326328	2	9	7	3500	769000	0	3750	2009	95	37	59	82	53	54	42	16	67	37	11	202
30612609_zpid	30612609_zpid	11205	265 Skillman St, Brooklyn, NY 11205	40.690182	-73.955954	0.142508537293	10	0.0934413021706	6	0.36850778472	2	3	1	1000	425000	143	2500	1901	135	56	33	55	29	26	30	29	24	10	18	136
29845802_zpid	29845802_zpid	10465	3208 Barkley Ave, Bronx, NY 10465	40.833418	-73.81959	0.170392330564	4	0.209919784671	1	1.82692827884	0	3	1.5	1785	362790	64	2392	1970	5	6	5	11	7	15	27	25	13	4	4	41
30740647_zpid	30740647_zpid	11235	3014 Coney Island Ave, Brooklyn, NY 11235	40.58292	-73.960335	0.212545229498	9	0.151965958304	7	0.590401461451	2	6	3	2508	550000	20	1352	1920	724	140	188	288	164	312	204	140	160	96	100	768
30740647_zpid	30740647_zpid	11235	3014 Coney Island Ave, Brooklyn, NY 11235	40.58292	-73.960335	0.212545229498	10	0.151965958304	7	0.590401461451	2	6	3	2508	550000	20	1352	1920	724	140	188	288	164	312	204	140	160	96	100	768
30711772_zpid	30711772_zpid	11228	44 Bay 10th St, Brooklyn, NY 11228	40.610204	-74.009912	0.103418117376	10	0.184389841186	4	0.734951816779	1	3	3	1428	618000	20	1547	1930	8	14	3	14	2	23	40	34	28	4	6	60
30750444_zpid	30750444_zpid	11235	2611 Batchelder St, Brooklyn, NY 11235	40.589517	-73.936611	0.249469231864	8	0.326982017412	2	1.51153717894	0	3	3	1400	400000	16	1900	1960	10	13	9	10	9	17	8	18	15	4	5	98
29850941_zpid	29850941_zpid	10464	183 Hawkins St, Bronx, NY 10464	40.8466061	-73.7842063	0.129364609672	3	3.51184295963	0	3.67903473384	0	3	1	1724	185740	8	2322	1940	68	72	20	24	12	8	140	36	24	8	124	168
30701470_zpid	30701470_zpid	11209	313 94th St, Brooklyn, NY 11209	40.61791	-74.032682	0.176888137957	11	0.15979792075	5	0.228388143487	2	5	2	2000	1099000	0	2600	1915	128	43	31	36	32	81	45	29	6	10	8	177
30665801_zpid	30665801_zpid	11218	34 Stratford Rd, Brooklyn, NY 11218	40.6479799	-73.969855	0.154780404308	8	0.851998607019	0	0.539104254669	3	10	4	3692	1400000	2	4666	1920	93	24	36	47	45	23	14	19	22	18	3	108
29794580_zpid	29794580_zpid	10472	1143 Wheeler Ave, Bronx, NY 10472	40.827047	-73.880037	0.219701712504	6	0.169291202194	4	0.18677280199	3	7	4	3280	490000	129	2500	1926	558	64	177	198	180	62	28	6	61	77	19	320
29813095_zpid	29813095_zpid	10462	1731 Matthews Ave, Bronx, NY 10462	40.845533	-73.861782	0.165190946911	8	0.140637376754	4	0.671183119455	1	6	3	2096	415000	141	2375	1925	89	25	55	72	43	82	40	22	31	28	12	136
30620473_zpid	30620473_zpid	11222	190 Guernsey St, Brooklyn, NY 11222	40.72722	-73.954468	0.0723120431204	17	0.143842113584	4	0.327491870395	2	5	2.5	2640	865000	51	2482	1901	59	82	22	48	25	42	35	26	21	14	11	176
30769094_zpid	30769094_zpid	11236	929 E 79th St, Brooklyn, NY 11236	40.6345	-73.913087	0.0644002202196	5	0.0855788824441	3	1.65272967275	0	7	3	2456	418000	47	2395	1960	116	32	80	60	36	224	116	48	88	32	24	320
30710314_zpid	30710314_zpid	11214	1615 84th St, Brooklyn, NY 11214	40.611303	-74.005456	0.284413748884	11	0.244700214748	6	0.477044951744	2	3	2	1500	762500	8	1298	1935	23	5	10	12	4	10	26	21	15	4	4	79
30760452_zpid	30760452_zpid	11210	1164 E 40th St, Brooklyn, NY 11210	40.626791	-73.937698	0.369206675102	1	0.791979278846	0	1.07638868031	0	3	2	1536	458000	7	2500	1910	316	40	144	164	116	180	164	76	80	60	44	376
30760452_zpid	30760452_zpid	11210	1164 E 40th St, Brooklyn, NY 11210	40.626791	-73.937698	0.27306717133	2	0.791979278846	0	1.07638868031	0	3	2	1536	458000	7	2500	1910	316	40	144	164	116	180	164	76	80	60	44	376
79717363_zpid	79717363_zpid	11219	1325 64th St, Brooklyn, NY 11219	40.626308	-74.000013	0.255149924472	6	0.52598755953	3	0.264066419007	4	6	2	3270	850000	29	1928	1910	51	10	23	21	15	56	69	52	13	9	17	134
30794474_zpid	30794474_zpid	11229	47 Celeste Ct, Brooklyn, NY 11229	40.5931489	-73.92775	0.149531494187	3	1.02476243027	0	2.3287559199	0	3	2	1200	329000	149	1768	1920	2	5	1	8	1	3	18	4	17	4	4	24
