30641756_zpid	30641756_zpid	11208	89 Autumn Ave, Brooklyn, NY 11208	40.688275	-73.870988	0.127841660641	8	0.298707726184	6	0.227548531488	3	5	3	1904	340000	36	1740	1920	75	31	53	66	37	56	36	15	39	32	5	139
29785662_zpid	29785662_zpid	10457	2102 Valentine Ave, Bronx, NY 10457	40.853033	-73.899433	0.093662458774	10	0.160574284999	9	0.357998776315	5	7	3	2024	416000	6	1655	1901	418	37	185	189	192	30	24	14	61	67	26	287
29831573_zpid	29831573_zpid	10466	3970 Bronx Blvd, Bronx, NY 10466	40.888804	-73.8640209	0.359111124987	3	0.363796076417	2	0.32168796318	4	1	1	2880	325000	166	2415	1965	258	15	76	98	101	55	14	4	30	54	10	153
30668710_zpid	30668710_zpid	11226	371 E 26th St, Brooklyn, NY 11226	40.641267	-73.952141	0.307898952936	6	0.231273831617	4	0.346719391184	2	9	4	3264	850000	8	2003	1905	413	112	184	195	166	71	42	18	40	85	20	340
30704411_zpid	30704411_zpid	11228	1567 73rd St, Brooklyn, NY 11228	40.617937	-73.999897	0.118715712845	12	0.21450587828	5	0.203563384793	2	9	6	1850	980000	39	3998	1910	7	3	9	12	10	24	16	26	7	2	1	45
30653780_zpid	30653780_zpid	11203	119 E 59th St, Brooklyn, NY 11203	40.651302	-73.92135	0.243258164101	7	0.502345247973	2	1.20700046114	0	10	4	3292	665000	14	3000	1920	228	20	80	120	80	104	96	20	28	48	16	284
30719523_zpid	30719523_zpid	11204	1576 W 4th St, Brooklyn, NY 11204	40.608932	-73.978179	0.333359738102	13	0.338204704006	7	0.440751122834	3	3	2	1430	710000	18	2000	1920	152	26	35	40	47	70	18	21	13	9	6	98
30785109_zpid	30785109_zpid	11234	1954 E 37th St, Brooklyn, NY 11234	40.610708	-73.931527	0.113986232828	3	0.631473315424	1	2.23310182699	0	2	2	886	489000	6	1800	1925	16	44	16	16	8	56	120	116	116	4	8	176
30696187_zpid	30696187_zpid	11209	7720 Narrows Ave, Brooklyn, NY 11209	40.631531	-74.03699	0.548064299596	2	0.74039426499	1	0.990099779671	0	3	2.5	1566	1355000	18	4300	1925	11	5	2	4	3	14	24	38	9	0	1	32
30729930_zpid	30729930_zpid	11214	8683 25th Ave, Brooklyn, NY 11214	40.596169	-73.988623	0.249523806582	6	0.195909664511	6	0.228457338525	1	3	2	1540	642000	38	1933	1960	25	11	11	13	7	32	30	20	16	6	3	70
30630536_zpid	30630536_zpid	11207	623 Wilson Ave, Brooklyn, NY 11207	40.6899872	-73.9064685	0.199449363084	6	0.809270944476	0	0.245668821269	2	5	4	6000	530000	116	1600	1899	91	31	74	90	67	21	21	14	40	38	21	164
30642119_zpid	30642119_zpid	11208	351 Ridgewood Ave, Brooklyn, NY 11208	40.684878	-73.875733	0.0488492087263	8	0.27067908013	5	0.249364965993	3	6	3.5	3360	989000	0	1903	1901	83	38	57	73	49	51	38	15	59	37	10	177
30611737_zpid	30611737_zpid	11205	112 Washington Ave, Brooklyn, NY 11205	40.695211	-73.96758	0.210083832026	6	0.108336677214	2	0.768261003067	0	2	1	3200	2050000	28	2000	1901	57	86	30	33	32	46	10	22	24	22	13	172
64796032_zpid	64796032_zpid	11216	297 Tompkins Ave, Brooklyn, NY 11216	40.687886	-73.944554	0.1255712142	11	0.26257891686	5	0.637510883441	1	5	5	3400	540000	132	1444	2004	368	112	172	292	268	60	84	28	100	136	80	464
30602984_zpid	30602984_zpid	11221	713 Lexington Ave, Brooklyn, NY 11221	40.6900229	-73.932489	0.435201977685	10	0.435515388587	4	0.482425331895	1	6	6	3300	350000	24	2000	1899	904	228	448	540	472	236	128	64	160	256	200	1116
30780072_zpid	30780072_zpid	11234	1162 Bergen Ave, Brooklyn, NY 11234	40.627575	-73.914066	0.729266656864	2	0.48641402593	2	2.36129374579	0	7	5	3146	580000	137	2200	1970	21	3	11	7	7	46	5	18	11	7	5	56
30727441_zpid	30727441_zpid	11229	1755 E 17th St, Brooklyn, NY 11229	40.6071219	-73.955725	0.18121689757	4	0.324637991607	3	0.247150663527	1	3	1.5	1440	710000	30	2657	1930	708	160	244	240	264	300	240	172	96	84	28	844
30727441_zpid	30727441_zpid	11229	1755 E 17th St, Brooklyn, NY 11229	40.6071219	-73.955725	0.18121689757	4	0.324637991607	4	0.247150663527	1	3	1.5	1440	710000	30	2657	1930	708	160	244	240	264	300	240	172	96	84	28	844
30780624_zpid	30780624_zpid	11234	1309 E 64th St, Brooklyn, NY 11234	40.621063	-73.9169579	0.134131442206	8	0.766687290923	0	2.90486712734	0	4	2.5	2000	449000	0	1372	1925	6	5	5	9	4	31	25	16	21	5	8	101
29833454_zpid	29833454_zpid	10466	1050 E 226th St, Bronx, NY 10466	40.884962	-73.849767	0.143907042619	6	0.130191486126	3	0.952858822638	0	9	3	1919	245000	12	2725	1930	53	9	23	17	15	57	10	4	28	16	11	63
30663847_zpid	30663847_zpid	11210	655 E 31st St, Brooklyn, NY 11210	40.635001	-73.946614	0.433475061943	2	0.255686763318	2	0.256176000969	2	6	3	2130	570000	26	2003	1925	304	41	149	147	124	67	43	16	36	63	7	283
30740405_zpid	30740405_zpid	11235	2749 Brighton 7th St, Brooklyn, NY 11235	40.583575	-73.962014	0.209105360143	9	0.23362405757	6	0.660865328311	1	8	4	2808	800000	8	2583	1930	428	152	132	236	104	232	196	124	104	76	92	652
30740405_zpid	30740405_zpid	11235	2749 Brighton 7th St, Brooklyn, NY 11235	40.583575	-73.962014	0.209105360143	8	0.289934699565	6	0.660865328311	1	8	4	2808	800000	8	2583	1930	428	152	132	236	104	232	196	124	104	76	92	652
30608186_zpid	30608186_zpid	11216	300 Clifton Pl, Brooklyn, NY 11216	40.688733	-73.952523	0.199126088481	11	0.373395597444	6	0.156355562956	2	5	3	2700	10	108	2000	1899	110	67	66	93	61	30	24	12	24	34	32	194
30651966_zpid	30651966_zpid	11212	317 Remsen Ave, Brooklyn, NY 11212	40.657532	-73.924791	0.25115597592	12	0.392663158455	6	0.823294948978	0	5	3	2037	575000	3	2200	1945	303	18	116	140	91	49	11	4	24	30	15	159
2099138870_zpid	2099138870_zpid	11234	1626 E 52nd St, Brooklyn, NY 11234	40.61979	-73.9252999	0.10027086811	11	0.467135950989	1	2.3816627315	0	3	3	468	529000	0	3000	1920	13	27	2	10	13	41	29	16	18	5	5	135
30780740_zpid	30780740_zpid	11234	19 Georgetown Ln, Brooklyn, NY 11234	40.622721	-73.914044	0.390532314537	5	0.724996214213	1	2.85642504051	0	3	4	1442	594000	7	2455	1996	80	12	36	40	16	200	104	92	84	24	28	416
30698419_zpid	30698419_zpid	11228	1049 82nd St, Brooklyn, NY 11228	40.619717	-74.016718	0.668707190244	2	0.74583797683	1	1.04080780922	0	3	2	2035	782000	23	2000	1925	17	8	9	9	6	20	49	20	19	3	5	40
30656958_zpid	30656958_zpid	11225	19 Palm Ct, Brooklyn, NY 11225	40.6605598	-73.9462922	0.350645231616	6	0.323701275992	6	0.45512797734	2	3	1.75	960	294640	49	1300	1930	268	49	105	111	111	39	25	13	25	38	10	176
94715926_zpid	94715926_zpid	11216	18 Herkimer St, Brooklyn, NY 11216	40.6795649	-73.952665	0.197659262829	11	0.313755721935	9	0.272939914057	5	8	8	3360	820000	106	3175	1905	265	167	111	149	121	26	50	25	40	52	41	246
29782123_zpid	29782123_zpid	10453	1919 Harrison Ave, Bronx, NY 10453	40.8536384	-73.9108571	0.116703963152	12	0.283393344056	8	0.267971893525	4	4	2	3323	390000	65	3310	1920	591	40	225	245	232	94	30	23	102	74	28	351
30715508_zpid	30715508_zpid	11230	714 E 9th St, Brooklyn, NY 11230	40.63125	-73.968629	0.381791197233	9	0.279889644946	7	0.630331795777	3	4	3	3382	715000	39	4748	1925	344	152	196	160	172	236	188	228	104	64	48	648
29785439_zpid	29785439_zpid	10460	2293 Southern Blvd, Bronx, NY 10460	40.850404	-73.882873	0.14423930941	9	0.46704096676	2	1.15018209102	0	12	4	5100	415000	62	3058	1925	101	13	46	44	66	8	4	3	11	19	10	83
30701937_zpid	30701937_zpid	11209	146 96th St, Brooklyn, NY 11209	40.616131	-74.036393	0.240913787171	8	0.1967411101	3	0.435632455859	1	5	3	1850	860000	11	2000	1950	190	35	30	29	32	57	41	46	6	10	6	128
30655439_zpid	30655439_zpid	11236	626 E 93rd St, Brooklyn, NY 11236	40.652049	-73.915727	0.23369240361	7	0.804679915051	0	1.04807404639	0	4	2	1891	475000	0	2300	1945	51	4	17	24	19	42	20	10	11	14	5	93
29797854_zpid	29797854_zpid	10472	1380 Stratford Ave, Bronx, NY 10472	40.833433	-73.876163	0.484770240601	4	0.567076636567	2	0.453301983722	2	4	3	2498	459000	0	2500	1940	200	23	90	114	90	39	15	10	36	35	8	155
30607135_zpid	30607135_zpid	11206	84 Vernon Ave, Brooklyn, NY 11206	40.6944779	-73.948319	0.0828514020297	8	0.591261021383	6	0.127818666065	3	2	1	2580	555000	55	2000	1899	90	29	66	101	46	40	18	40	28	27	23	141
30723316_zpid	30723316_zpid	11223	23 Lake St, Brooklyn, NY 11223	40.603595	-73.972898	0.243667077652	10	0.154380534223	4	0.0618910085631	3	4	3	1400	545000	102	1500	1910	57	26	25	26	19	74	27	87	28	16	1	113
30771641_zpid	30771641_zpid	11236	45 Paerdegat 14th St, Brooklyn, NY 11236	40.62818	-73.901932	0.961721465445	0	0.710875045103	1	2.05652793871	0	8	6	3500	425000	22	3150	1965	160	20	52	56	24	164	72	28	88	16	32	196
30596237_zpid	30596237_zpid	11213	1377 Park Pl, Brooklyn, NY 11213	40.672686	-73.931746	0.151900091946	7	0.302590316937	4	0.433709062471	2	2	1	2160	179000	294	3194	1910	382	40	205	204	201	34	29	8	49	77	27	289
30702548_zpid	30702548_zpid	11209	265 Battery Ave, Brooklyn, NY 11209	40.613127	-74.025837	0.472467059494	8	0.642714035577	1	0.568753927483	1	3	2	2160	1150000	0	2860	1935	22	4	7	6	6	10	10	3	2	1	2	20
30750676_zpid	30750676_zpid	11210	1667 New York Ave, Brooklyn, NY 11210	40.63211	-73.944359	0.0916186064024	2	0.0281177091931	3	0.28888492638	1	10	4	2000	740000	11	2240	1925	134	27	60	63	63	68	35	23	20	23	6	159
29849335_zpid	29849335_zpid	10465	246 Brinsmade Ave, Bronx, NY 10465	40.815994	-73.82035	0.491935687036	2	0.438284050311	1	3.20276953121	0	3	1.5	1620	372750	20	2200	1955	19	13	12	7	7	22	19	10	14	8	8	49
29815917_zpid	29815917_zpid	10461	1865 Mulford Ave, Bronx, NY 10461	40.847934	-73.83571	0.27548776858	8	0.520390720711	1	0.292600159786	2	4	3	1368	469000	5	2375	1920	75	12	18	13	12	27	21	12	10	12	7	69
30645289_zpid	30645289_zpid	11208	905 Belmont Ave, Brooklyn, NY 11208	40.67378	-73.875417	0.116406245696	7	0.145136722771	4	0.33128043897	2	6	2	1760	463500	36	1800	1930	189	23	101	113	91	60	40	8	30	63	24	199
30574142_zpid	30574142_zpid	11232	243 27th St, Brooklyn, NY 11232	40.65849	-73.9972839	0.339309010994	5	0.240821133373	1	0.222959198611	1	5	1	2250	850000	18	2504	1910	34	41	17	23	12	12	32	27	18	4	8	75
29777190_zpid	29777190_zpid	10454	295 E 139th St, Bronx, NY 10454	40.811155	-73.925083	0.14868340292	2	0.204840212103	5	0.167925018186	3	4	2	2724	330000	65	2479	1899	92	21	35	42	27	9	9	8	19	14	10	126
29847532_zpid	29847532_zpid	10465	1054 Revere Ave, Bronx, NY 10465	40.832005	-73.828263	0.0467195586785	4	0.696441634217	2	1.48429930796	0	3	1.5	1280	184000	212	2500	1920	6	12	6	8	3	9	22	10	6	1	4	43
30764458_zpid	30764458_zpid	11234	1623 E 51st St, Brooklyn, NY 11234	40.620745	-73.925766	0.155691057332	11	0.353903484628	1	2.28640917431	0	3	2	1320	453000	95	2003	1920	8	32	2	9	8	44	31	16	16	4	8	136
30580570_zpid	30580570_zpid	11218	581 20th St, Brooklyn, NY 11218	40.654908	-73.980793	0.434234676218	8	0.343404703662	3	0.642579686707	2	4	3	1728	1499000	0	1828	1930	1	10	8	7	4	13	12	15	7	0	2	27
29782904_zpid	29782904_zpid	10456	662 Jefferson Pl, Bronx, NY 10456	40.832856	-73.899135	0.139755145411	5	0.247462861645	6	0.684997863172	1	6	2	2112	10000	33	1691	1959	217	13	82	114	61	26	10	5	13	29	16	155
30756515_zpid	30756515_zpid	11234	1568 E 37th St, Brooklyn, NY 11234	40.617056	-73.9386619	0.423561429721	4	0.164237011258	4	1.75339665332	0	3	1	1472	650000	4	2000	1925	18	15	14	25	6	45	20	22	32	6	3	105
30638422_zpid	30638422_zpid	11207	176 Van Siclen Ave, Brooklyn, NY 11207	40.6758138	-73.8912265	0.379995915155	7	0.417390868532	4	0.221328016034	5	9	3	3000	610000	7	1999	1900	464	100	352	448	316	356	164	120	172	208	76	964
30567658_zpid	30567658_zpid	11201	34 Grace Ct, Brooklyn, NY 11201	40.694057	-73.997673	0.08581173065	14	0.508590410229	4	0.542118591957	4	10	4	6000	7255000	12	3000	1915	47	81	21	25	15	11	49	32	21	8	12	136
30640436_zpid	30640436_zpid	11207	453 Van Siclen Ave, Brooklyn, NY 11207	40.6685019	-73.888942	0.325979069482	7	0.462701100671	8	0.326529556705	4	3	1.5	1134	355000	0	1799	1990	620	96	408	444	416	104	148	36	216	236	96	904
30640436_zpid	30640436_zpid	11207	453 Van Siclen Ave, Brooklyn, NY 11207	40.6685019	-73.888942	0.325979069482	7	0.573131191233	6	0.326529556705	4	3	1.5	1134	355000	0	1799	1990	620	96	408	444	416	104	148	36	216	236	96	904
30589610_zpid	30589610_zpid	11238	638 Classon Ave, Brooklyn, NY 11238	40.678069	-73.959223	0.362199279877	13	0.435046207903	4	0.391059776409	3	3	1	900	1150000	102	2875	1930	144	184	57	93	77	53	35	40	41	27	30	223
30644622_zpid	30644622_zpid	11208	131 Fountain Ave, Brooklyn, NY 11208	40.676974	-73.875467	0.163741670869	10	0.304694058587	5	0.334844387544	4	9	3	2748	565000	28	2000	1899	536	72	288	324	248	228	200	56	172	132	48	748
29780754_zpid	29780754_zpid	10459	1142 Simpson St, Bronx, NY 10459	40.8273719	-73.892619	0.350650554442	2	0.0308991326091	7	0.315193855072	5	5	3	2280	415000	8	1899	1992	259	50	105	153	111	41	34	11	44	41	33	257
55677164_zpid	55677164_zpid	11207	491 Alabama Ave, Brooklyn, NY 11207	40.6639926	-73.8965171	0.475872813735	4	0.161314604796	10	0.154514963533	5	3	3	1296	102000	192	1800	2000	205	14	108	111	128	27	38	14	33	41	15	219
29823864_zpid	29823864_zpid	10467	3050 Barker Ave, Bronx, NY 10467	40.870713	-73.869076	0.191424826601	11	0.139351743397	4	0.176147311524	2	1	1	1421	255000	161	1742	1925	281	32	102	121	117	31	22	8	33	43	22	200
29854125_zpid	29854125_zpid	10471	625 W 246TH St, Bronx, NY 10471	40.8926801	-73.9106664	0.654450842926	3	0.815433011025	0	1.08866860001	0	3	2	1260	975100	5	13503.6	1940	72	20	8	12	0	8	144	12	28	0	4	72
30788157_zpid	30788157_zpid	11234	26 Barlow Dr N, Brooklyn, NY 11234	40.610652	-73.905765	0.778174473251	0	0.795384361792	0	4.02135010448	0	3	4	2584	995000	6	5730	1960	0	36	8	16	4	20	36	20	52	8	0	128
30606628_zpid	30606628_zpid	11233	832 Herkimer St, Brooklyn, NY 11233	40.677986	-73.925875	0.344468261841	5	0.194386312664	3	0.377578645742	2	6	4	18100	697000	115	3330	1901	114	39	79	94	73	16	19	5	34	39	18	163
30773021_zpid	30773021_zpid	11236	878 E 94th St, Brooklyn, NY 11236	40.647536	-73.90946	0.408003316274	3	0.877295638613	0	0.650212488741	1	4	2	1673	474300	32	2000	1960	27	2	17	27	17	34	28	7	8	11	4	96
64602092_zpid	64602092_zpid	11217	183 S Portland Ave, Brooklyn, NY 11217	40.684002	-73.973669	0.286458802108	13	0.431234439735	3	0.236155900981	9	2	1	3200	450959	147	2030	2002	49	100	31	39	21	16	20	65	24	14	23	138
30699369_zpid	30699369_zpid	11228	1055 85th St, Brooklyn, NY 11228	40.617964	-74.018294	0.342057900899	2	0.678315782618	2	1.00265168874	0	5	2.5	1584	1395000	2	3000	1920	15	5	6	8	3	19	36	14	13	2	2	31
30608454_zpid	30608454_zpid	11216	221 Lexington Ave, Brooklyn, NY 11216	40.687604	-73.953505	0.0949581601052	10	0.286910120651	5	0.306767173127	2	4	3	2100	1065000	22	1667	1899	456	456	284	400	260	120	104	52	96	160	140	824
30671074_zpid	30671074_zpid	11218	33 E 2nd St, Brooklyn, NY 11218	40.651244	-73.979557	0.319903823548	7	0.637391891975	2	0.358047579682	1	3	1.5	2568	1615000	3	1500	1910	44	76	48	84	48	92	80	80	56	8	16	208
30763321_zpid	30763321_zpid	11234	1447 E 54th St, Brooklyn, NY 11234	40.622374	-73.923056	0.164739088402	10	0.368047989785	1	2.38140229803	0	3	1	378	353000	22	1800	1925	11	30	7	12	10	37	28	16	19	9	9	119
29783340_zpid	29783340_zpid	10459	873 Freeman St, Bronx, NY 10459	40.830759	-73.894208	0.402474470627	3	0.233955654701	7	0.21124088752	1	3	2.5	1782	266000	4	2069	1990	208	87	88	129	102	38	26	6	25	46	22	184
30596022_zpid	30596022_zpid	11213	153 Schenectady Ave, Brooklyn, NY 11213	40.673765	-73.933165	0.238394617818	9	0.260411807795	3	0.54223027183	2	4	2.5	2793	927500	8	1710	1899	284	38	124	133	128	26	22	10	39	45	14	225
29788020_zpid	29788020_zpid	10458	2784 Valentine Ave, Bronx, NY 10458	40.86816	-73.890794	0.184198681839	9	0.221059084211	9	0.263724797031	6	2	1	2992	440000	126	2818	1920	570	73	197	217	260	34	17	2	70	58	27	302
29781744_zpid	29781744_zpid	10457	232 Mount Hope Pl, Bronx, NY 10457	40.847933	-73.904996	0.140498469276	11	0.14948840271	8	0.27642361752	5	3	3	2150	225000	0	1960	1901	372	73	220	222	206	28	23	12	68	60	29	283
30789564_zpid	30789564_zpid	11235	3042 Brighton 5th St, Brooklyn, NY 11235	40.578337	-73.96302	0.14435268149	9	0.090253457356	6	0.165286779431	2	3	3	988	800000	126	1900	1925	600	284	312	424	248	296	200	96	204	128	104	1144
30789564_zpid	30789564_zpid	11235	3042 Brighton 5th St, Brooklyn, NY 11235	40.578337	-73.96302	0.14435268149	8	0.090253457356	6	0.165286779431	2	3	3	988	800000	126	1900	1925	600	284	312	424	248	296	200	96	204	128	104	1144
2103615700_zpid	2103615700_zpid	11223	2128 E 8th St, Brooklyn, NY 11223	40.597304	-73.963196	0.310442042789	7	0.115338435107	5	0.653187862318	2	7	5	1560	1588000	0	3240	1925	42	20	11	25	13	28	30	17	12	5	4	65
30702493_zpid	30702493_zpid	11209	274 Battery Ave, Brooklyn, NY 11209	40.613197	-74.026551	0.44534381804	8	0.598095094839	2	0.516544836889	1	4	4	2160	935000	7	2160	1925	38	6	7	6	9	11	19	3	3	1	3	29
30783169_zpid	30783169_zpid	11234	2345 E 74th St, Brooklyn, NY 11234	40.617265	-73.90052	0.847114995338	0	0.751327749292	0	3.27349741675	0	5	4	1508	465000	5	4000	1930	2	13	2	6	0	4	17	8	14	1	3	43
30602550_zpid	30602550_zpid	11221	311 Van Buren St, Brooklyn, NY 11221	40.691267	-73.934703	0.432284779995	11	0.57418665338	7	0.548109837804	2	1	1	1000	917000	29	765	1910	168	49	94	122	94	45	33	15	33	50	44	231
30731829_zpid	30731829_zpid	11214	2867 Cropsey Ave # 3B, Brooklyn, NY 11214	40.5849172	-73.9867958	0.410999676775	3	0.284030983634	1	0.506397296973	1	2	1	990	154000	196	18295.2	1989	7	6	8	14	5	12	14	11	9	3	2	22
30622453_zpid	30622453_zpid	11211	61 Withers St, Brooklyn, NY 11211	40.7169703	-73.9500554	0.162662071438	15	0.435850707568	4	0.337980860119	4	3	2	3300	2690000	0	2500	1930	92	360	56	216	44	76	164	80	52	20	60	580
29847859_zpid	29847859_zpid	10465	1001 Brinsmade Ave, Bronx, NY 10465	40.828999	-73.83085	0.396343272384	2	0.684244709032	1	1.58849269528	0	4	2	1634	369000	85	3100	1955	8	10	6	7	3	9	15	14	5	1	5	32
29817951_zpid	29817951_zpid	10461	1941 Tenbroeck Ave, Bronx, NY 10461	40.854523	-73.8515833	0.336412913469	4	0.777714246342	0	0.582756958805	1	3	2.5	1690	675000	3	3876	1940	35	4	6	10	7	17	28	12	14	5	2	66
30732793_zpid	30732793_zpid	11224	3721 Neptune Ave, Brooklyn, NY 11224	40.577	-74.004122	0.60792325724	1	0.191344293592	2	1.93584652282	0	9	4	2961	392400	22	3000	1925	51	13	15	42	13	5	21	7	17	13	2	56
30708900_zpid	30708900_zpid	11228	1442 80th St, Brooklyn, NY 11228	40.6153	-74.007265	0.395216122492	12	0.447981259294	3	0.596964295398	1	3	1.5	1296	800000	10	2633	1920	7	16	3	17	0	26	38	43	23	5	3	64
30627021_zpid	30627021_zpid	11221	18A Bleecker St, Brooklyn, NY 11221	40.693047	-73.922871	0.305227587513	11	0.258394878698	5	0.383746390466	4	5	2.5	2200	1026000	5	2482	1920	197	60	86	123	90	41	40	16	62	40	36	258
30748102_zpid	30748102_zpid	11235	2455 E 22nd St, Brooklyn, NY 11235	40.591642	-73.9476619	0.261373595633	12	0.4531642985	5	0.750190294022	0	6	3	3400	920000	5	2667	1920	38	14	7	23	7	33	32	32	33	3	1	86
30727866_zpid	30727866_zpid	11229	1778 E 28th St, Brooklyn, NY 11229	40.60772	-73.945523	0.375508601166	2	0.794953295887	0	1.04425229632	0	5	2.5	2530	850000	16	2750	1950	17	10	7	21	7	29	25	32	21	3	2	84
64787257_zpid	64787257_zpid	10469	961 E 212th St, Bronx, NY 10469	40.876446	-73.857314	0.233087811631	6	0.717533915142	1	0.773984466925	0	7	5	3552	495000	17	1920	2002	69	5	31	54	30	56	14	8	28	26	15	83
29793924_zpid	29793924_zpid	10473	2232 Hermany Ave, Bronx, NY 10473	40.824513	-73.847981	0.409828404475	3	0.481140416514	2	1.13093525146	0	5	3	3400	468000	13	2578	1915	20	12	13	8	6	25	11	5	9	4	6	50
