30570593_zpid	30570593_zpid	11231	16 3rd Pl, Brooklyn, NY 11231	40.679258	-74.001041	0.283453119235	13	0.450196661987	3	0.589448936981	2	5	3.5	3400	1900000	16	1667	1899	39	49	24	44	21	18	58	29	16	12	11	179
30598475_zpid	30598475_zpid	11233	2060 Bergen St, Brooklyn, NY 11233	40.673754	-73.912254	0.182421059582	8	0.24087853282	5	0.542062123275	1	4	2	3072	519000	18	3175	1910	196	14	102	125	81	37	27	19	41	58	28	162
30696678_zpid	30696678_zpid	11228	7722 11th Ave, Brooklyn, NY 11228	40.621472	-74.01374	0.51550144559	4	0.623558173	2	1.24587307682	0	3	3	1472	850000	5	1999	1935	5	10	3	20	4	37	51	21	19	2	4	46
30791228_zpid	30791228_zpid	11235	163 Kensington St, Brooklyn, NY 11235	40.579203	-73.94159	0.59611013292	1	1.35385952718	0	1.36449117804	0	3	2.5	1704	1400000	54	5662	1935	17	5	1	11	3	13	14	5	10	1	1	24
83043235_zpid	83043235_zpid	11216	171 Monroe St, Brooklyn, NY 11216	40.685518	-73.952044	0.0996047575394	11	0.137699675518	6	0.494829783852	4	8	6	4551	1300000	24	2167	2004	202	154	103	137	99	40	45	21	42	59	37	291
29853865_zpid	29853865_zpid	10471	6136 Tyndall Ave, Bronx, NY 10471	40.910658	-73.899964	0.505245769025	8	0.50746705514	6	1.40430797139	0	5	2	2056	749000	0	2374	1930	8	8	6	10	4	8	20	9	9	2	4	37
30708413_zpid	30708413_zpid	11228	1327 80th St, Brooklyn, NY 11228	40.617176	-74.009422	0.165353172501	7	0.563565536557	2	0.849613011412	0	4	3	1840	995000	11	2330	1930	8	15	4	22	2	30	41	37	19	5	3	66
30669942_zpid	30669942_zpid	11230	667 E 18th St, Brooklyn, NY 11230	40.634487	-73.959967	0.2326044464	8	0.228888118731	4	0.247751891457	2	5	3	3000	900000	54	5000	1906	72	15	66	58	67	27	21	11	17	17	3	78
30690004_zpid	30690004_zpid	11219	6712 10th Ave, Brooklyn, NY 11219	40.628696	-74.009851	0.250378609062	5	0.158577929752	6	0.483946533732	2	6	2.5	2692	1398888	0	2000	1955	36	13	10	14	5	22	18	26	11	4	5	73
30586663_zpid	30586663_zpid	11217	234 Saint Johns Pl # 2, Brooklyn, NY 11217	40.675524	-73.972388	0.105353759177	15	0.136374203333	7	0.133647213395	3	6	3	2600	3650000	7	1883	1899	24	23	4	12	3	8	31	9	19	8	7	70
30634066_zpid	30634066_zpid	11207	93 Williams Ave, Brooklyn, NY 11207	40.674112	-73.900062	0.321783342497	4	0.523484840062	6	0.290682884712	8	8	3	2700	440000	111	1500	1901	26	7	37	44	30	10	25	11	13	11	6	68
83048752_zpid	83048752_zpid	11234	1482 Royce St, Brooklyn, NY 11234	40.6230232	-73.9071677	0.680106635559	1	0.671213508996	1	2.66865057558	0	5	5	3750	825000	81	4181	2007	15	1	7	9	4	25	13	8	13	3	3	44
30758945_zpid	30758945_zpid	11234	1177 E 46th St, Brooklyn, NY 11234	40.632231	-73.931889	0.402408807844	5	1.02717383253	0	1.33252509492	0	4	2	1920	356000	29	2003	1930	17	8	12	11	3	17	21	8	15	8	2	54
30574137_zpid	30574137_zpid	11232	212 26th St, Brooklyn, NY 11232	40.6594093	-73.9980961	0.339619370278	5	0.121953098027	1	0.109951104527	1	4	2.5	2592	1150000	1	2504	1915	40	41	20	28	16	15	37	29	19	5	8	86
29783429_zpid	29783429_zpid	10459	1350 Prospect Ave, Bronx, NY 10459	40.829885	-73.897009	0.361217222143	3	0.382718356202	7	0.436576609734	2	9	3	3087	520000	82	2500	1889	190	81	93	126	101	23	21	5	23	48	21	179
30669224_zpid	30669224_zpid	11226	1273 Rogers Ave, Brooklyn, NY 11226	40.638769	-73.950869	0.227933604596	5	0.24556907736	5	0.246771366132	3	9	5	2200	350000	1	2050	2003	240	80	108	103	92	42	26	12	19	48	7	169
30609349_zpid	30609349_zpid	11216	828 Marcy Ave, Brooklyn, NY 11216	40.685231	-73.947496	0.150970346612	10	0.251973143012	8	0.551011267908	2	1	1	1964	250000	287	1800	1930	192	84	99	137	103	34	45	22	59	66	30	254
30584463_zpid	30584463_zpid	11215	241 8th St, Brooklyn, NY 11215	40.67063	-73.986998	0.14188682221	13	0.230516676649	3	0.112718432047	3	7	4.5	1404	3750000	0	1800	1899	272	356	148	264	104	132	228	172	148	92	84	932
29832496_zpid	29832496_zpid	10466	860 E 227th St, Bronx, NY 10466	40.887389	-73.854716	0.0792620721836	9	0.500970211223	4	0.478598153831	2	1	1	1886	365000	11	4570	1920	172	14	92	94	62	86	24	9	35	39	20	146
30689233_zpid	30689233_zpid	11219	1034 64th St, Brooklyn, NY 11219	40.629866	-74.006824	0.218416884365	7	0.178254607602	5	0.21003976712	2	6	4	2520	1950000	0	2917	1920	43	18	11	23	8	45	34	38	12	5	15	114
30591249_zpid	30591249_zpid	11216	1056 Dean St, Brooklyn, NY 11216	40.677296	-73.955188	0.181053588676	13	0.493921611992	6	0.34819620345	5	8	4	4000	950000	101	2000	1920	177	57	89	121	97	15	36	13	23	37	39	175
29843219_zpid	29843219_zpid	10465	1311 Stadium Ave, Bronx, NY 10465	40.839442	-73.820017	0.513979546209	2	0.476596003452	1	1.33793957398	0	3	3	2314	595000	0	3972	1930	4	11	9	2	6	4	31	15	9	2	2	38
30778680_zpid	30778680_zpid	11236	1306 E 104th St, Brooklyn, NY 11236	40.64023	-73.888058	0.652455638677	2	0.50293208098	1	1.36694392259	0	3	2.5	1669	430000	27	4000	1960	88	4	64	72	24	24	60	24	48	20	8	220
30635102_zpid	30635102_zpid	11207	464 Pennsylvania Ave, Brooklyn, NY 11207	40.665823	-73.894698	0.287693526268	4	0.142468354343	11	0.133289620501	5	4	3	2240	440000	155	3000	1910	219	16	127	130	156	21	45	12	48	50	18	245
30764843_zpid	30764843_zpid	11234	1360 E 58th St, Brooklyn, NY 11234	40.621239	-73.919667	0.229587023106	10	0.680980981546	1	2.69312457036	0	4	2.5	2310	450000	5	2000	1950	6	6	7	8	10	39	28	20	23	8	9	111
30619194_zpid	30619194_zpid	11211	152 S 2nd St, Brooklyn, NY 11211	40.712872	-73.961719	0.0511537892779	12	0.331783269622	4	0.599792883279	2	3	1	2890	50000	49	1813	1910	115	217	79	131	58	24	40	20	35	30	23	256
29833192_zpid	29833192_zpid	10466	950 E 231st St, Bronx, NY 10466	40.889427	-73.850744	0.177371780518	7	0.338433366947	4	0.704559628853	1	4	2	2136	336000	117	2156	1935	86	10	40	33	31	92	22	5	27	16	13	88
30628092_zpid	30628092_zpid	11221	647 Knickerbocker Ave, Brooklyn, NY 11221	40.69554	-73.912172	0.144271060912	11	0.382201895356	4	0.460409374989	4	5	3	3000	998800	0	1807	1950	78	14	59	76	61	17	23	5	28	34	17	120
29826527_zpid	29826527_zpid	10467	712 E 211th St, Bronx, NY 10467	40.877466	-73.8650059	0.207189078842	7	0.100391468483	2	0.117187624372	4	4	3	2262	430000	63	1001	1930	204	13	76	71	68	45	26	3	37	31	17	153
30602604_zpid	30602604_zpid	11221	475 Van Buren St, Brooklyn, NY 11221	40.691868	-73.929559	0.115194426231	9	0.205976208104	4	0.175721166192	3	4	2	2400	759000	6	2000	1899	181	78	98	131	128	47	41	15	40	57	37	299
30740286_zpid	30740286_zpid	11235	2750 Brighton 7th St, Brooklyn, NY 11235	40.583503	-73.962581	0.201556159314	9	0.318628671022	5	0.659191661529	1	7	3	2916	655000	7	2328	1930	324	144	116	208	76	220	208	124	100	72	80	636
30740286_zpid	30740286_zpid	11235	2750 Brighton 7th St, Brooklyn, NY 11235	40.583503	-73.962581	0.201556159314	8	0.318628671022	5	0.659191661529	1	7	3	2916	655000	7	2328	1930	324	144	116	208	76	220	208	124	100	72	80	636
30599727_zpid	30599727_zpid	11233	634 Decatur St, Brooklyn, NY 11233	40.683023	-73.917449	0.0352024397655	7	0.397712776129	4	0.373827458927	3	9	3	3900	725000	14	1950	1899	225	47	154	167	135	30	40	12	57	92	21	268
29846197_zpid	29846197_zpid	10465	716 Vincent Ave, Bronx, NY 10465	40.829279	-73.816689	0.524443686399	5	0.593438154172	2	2.31729422403	0	8	7	3656	850000	123	3750	2004	24	12	12	40	0	48	52	128	56	4	16	168
30602750_zpid	30602750_zpid	11221	897 Greene Ave, Brooklyn, NY 11221	40.690834	-73.931725	0.327452971099	10	0.419944447453	4	0.371909686122	1	7	4	2142	309978	26	1428	1931	197	62	102	132	118	56	31	15	36	58	42	269
30602689_zpid	30602689_zpid	11221	288 Van Buren St, Brooklyn, NY 11221	40.6907179	-73.935308	0.381652029091	10	0.494912672404	6	0.621107135602	2	6	2	2331	526000	63	1850	1899	193	39	100	141	101	39	30	14	35	53	43	234
30776097_zpid	30776097_zpid	11236	1362 E 93rd St, Brooklyn, NY 11236	40.637669	-73.899711	0.16713617766	6	0.229882526748	3	1.01639351148	0	7	3	2080	468650	12	2256	1920	41	21	23	24	13	53	22	9	15	13	8	86
30615797_zpid	30615797_zpid	11238	183 Lafayette Ave, Brooklyn, NY 11238	40.6878792	-73.9701779	0.263126256032	11	0.338096064533	3	0.373932956881	6	5	2	2900	1750000	3	1410	1899	87	17	40	53	41	20	19	6	11	20	14	70
29830132_zpid	29830132_zpid	10469	3318 Tiemann Ave, Bronx, NY 10469	40.876177	-73.842601	0.291273125634	4	0.433160350336	2	0.544548120545	1	5	3	1539	375000	28	1742	1950	33	7	32	31	19	34	36	14	36	10	7	83
29853702_zpid	29853702_zpid	10471	6045 Spencer Ave, Bronx, NY 10471	40.909037	-73.899105	0.448857026066	5	0.449761031969	6	1.38342719757	0	6	4	2295	590000	21	4500	1925	12	10	7	10	5	17	27	10	16	2	4	43
29784274_zpid	29784274_zpid	10458	476 E 186th St, Bronx, NY 10458	40.856864	-73.891947	0.0991255350609	11	0.377191387756	5	0.525740884589	3	5	2.5	2400	375000	137	2033	1997	396	49	180	182	202	23	34	13	42	66	28	317
2099837137_zpid	2099837137_zpid	11235	146 Oxford Street, Brooklyn, NY 11235	40.579555	-73.938274	0.518337336704	1	1.3175903786	0	1.57176778992	0	4	5	1728	899000	0	2500	1925	9	6	4	9	8	12	13	3	13	2	1	27
30738553_zpid	30738553_zpid	11223	503 Van Sicklen St, Brooklyn, NY 11223	40.5918368	-73.9755142	0.279189904548	9	0.290914967744	3	0.249781577345	4	4	3	1962	659000	0	1404	1921	36	8	10	17	5	39	26	39	20	5	5	81
30782991_zpid	30782991_zpid	11234	2366 E 70th St, Brooklyn, NY 11234	40.614747	-73.903386	0.676662716785	1	0.579827946676	1	3.55424066151	0	3	2.5	1530	400000	144	2500	1970	0	12	3	7	1	6	19	9	14	1	3	45
30570715_zpid	30570715_zpid	11231	42 4th Pl, Brooklyn, NY 11231	40.678229	-74.0005149	0.190728315835	13	0.392845249722	3	0.488535297051	2	1	1	3660	3525000	17	2100	1899	38	44	17	39	17	17	57	25	13	11	10	160
30700449_zpid	30700449_zpid	11209	317 90th St, Brooklyn, NY 11209	40.620869	-74.0314197	0.196057116682	16	0.141771922268	6	0.325796629749	2	3	2	750	435000	24	669	1930	92	59	40	53	32	62	32	26	14	9	6	232
30717919_zpid	30717919_zpid	11230	1419 E 2nd St, Brooklyn, NY 11230	40.615151	-73.972782	0.118794567071	8	0.214206366149	3	0.119577367714	3	3	4	1170	638000	55	3343	1920	28	9	12	21	14	46	36	21	18	5	6	65
30666281_zpid	30666281_zpid	11226	1305 Albemarle Rd, Brooklyn, NY 11226	40.646799	-73.9670809	0.126567238167	11	0.679260830889	2	0.359772937892	3	10	5	7200	900000	7	13068.0	1905	187	30	119	114	149	13	15	6	37	35	4	179
30745029_zpid	30745029_zpid	11229	2149 E 27th St, Brooklyn, NY 11229	40.598904	-73.944225	0.241551898417	6	0.14295716715	3	0.990236910437	0	3	2	1536	650000	18	1598	1940	84	64	36	52	40	76	152	68	80	12	20	432
30685328_zpid	30685328_zpid	11219	941 50th St, Brooklyn, NY 11219	40.639318	-74.00026	0.201120061238	8	0.403268658164	10	0.534019711044	2	6	2	3250	380000	4	2613	1920	58	9	30	44	43	27	43	43	24	15	5	100
30641334_zpid	30641334_zpid	11207	581 Van Siclen Ave, Brooklyn, NY 11207	40.6652693	-73.8882208	0.350098937481	9	0.297085268178	7	0.0420973814139	3	5	2	2000	625000	0	1000	1930	960	84	600	588	540	128	156	44	252	312	92	1056
30654336_zpid	30654336_zpid	11203	531 E 51st St, Brooklyn, NY 11203	40.648643	-73.928752	0.400002725798	7	0.209903415302	3	1.75176037241	0	4	2.75	1976	460000	11	2700	1920	143	19	49	41	51	47	35	7	17	27	9	160
83044592_zpid	83044592_zpid	11212	126 Tapscott St, Brooklyn, NY 11212	40.664702	-73.92049	0.172171453908	9	0.176181029999	8	0.189130248928	2	1	1	4092	275000	24	2500	2004	383	18	132	121	116	37	38	12	41	51	19	209
79721607_zpid	79721607_zpid	11217	278 Hoyt St, Brooklyn, NY 11217	40.681736	-73.9911769	0.381304696799	14	0.276182163659	1	0.289009199882	2	4	2.5	3624	2950000	2	1007	2006	2	17	0	9	0	12	12	2	4	1	0	18
79716481_zpid	79716481_zpid	10458	469A E 184th St, Bronx, NY 10458	40.8560503	-73.8927908	0.160295163233	12	0.412334425921	7	0.631870765374	3	4	2.5	1050	312000	17	1050	2006	370	46	170	172	185	18	28	13	39	58	29	275
29847395_zpid	29847395_zpid	10465	3201 Tierney Pl, Bronx, NY 10465	40.814233	-73.801868	0.990393945513	0	1.46745283184	0	4.39336507802	0	3	2	1998	435000	127	2456	1955	0	2	0	1	0	3	10	4	3	0	0	11
30788280_zpid	30788280_zpid	11234	2247 E 66th St, Brooklyn, NY 11234	40.614907	-73.9079186	0.361814097482	2	0.288632341314	1	3.57105479775	0	3	2	2163	1299000	0	10100	1960	8	15	7	9	7	13	14	12	13	1	1	54
29853872_zpid	29853872_zpid	10471	6139 Fieldston Rd, Bronx, NY 10471	40.9109464	-73.8994851	0.456450189558	8	0.461079503123	5	1.45549463667	0	4	1.5	1800	799000	0	1750	1930	7	8	6	9	3	8	19	9	7	2	4	32
30713342_zpid	30713342_zpid	11214	103 Bay 25th St, Brooklyn, NY 11214	40.601926	-73.999456	0.170485033955	8	0.263216121508	9	0.312353380982	3	7	3	2080	1399000	0	2900	1925	170	20	46	55	43	83	41	38	19	20	10	178
30737544_zpid	30737544_zpid	11223	2252 W 6th St, Brooklyn, NY 11223	40.593068	-73.977247	0.110521799979	7	0.11428262082	2	0.0916333328537	5	3	3	1748	830000	8	2350	1940	140	68	44	104	48	180	92	148	100	24	28	348
30737544_zpid	30737544_zpid	11223	2252 W 6th St, Brooklyn, NY 11223	40.593068	-73.977247	0.405267679732	5	0.11428262082	2	0.0916333328537	5	3	3	1748	830000	8	2350	1940	140	68	44	104	48	180	92	148	100	24	28	348
29781265_zpid	29781265_zpid	10474	637 Manida St APT 3, Bronx, NY 10474	40.81294	-73.888272	0.176211215103	5	0.309655278531	3	0.772677252784	0	9	5	4000	440000	135	2500	1932	126	17	92	78	66	23	18	4	27	16	12	145
30794488_zpid	30794488_zpid	11229	48 Ebony Ct, Brooklyn, NY 11229	40.592781	-73.928225	0.197048740978	3	0.977901689998	0	2.28778389677	0	3	1	1500	480000	66	3570	1920	2	5	1	8	1	3	19	4	18	4	4	24
64838776_zpid	64838776_zpid	10455	820 E 150th St, Bronx, NY 10455	40.8131778	-73.9054665	0.199599019223	8	0.257829478101	5	0.164961616942	3	3	2	2416	350000	2	1149	2003	278	34	110	105	98	23	35	20	55	37	20	239
30705128_zpid	30705128_zpid	11204	1856 73rd St, Brooklyn, NY 11204	40.613492	-73.993442	0.192744679374	16	0.190168747886	6	0.605730003362	1	6	3	2112	870000	3	2000	1925	49	13	20	42	18	44	24	19	18	9	4	97
30591440_zpid	30591440_zpid	11213	4 Revere Pl, Brooklyn, NY 11213	40.676233	-73.941222	0.0181999964426	8	0.475888070842	8	0.411694763858	2	5	2	2630	1299000	0	1617	1901	245	42	107	115	100	26	25	6	37	48	21	225
29844385_zpid	29844385_zpid	10465	1635 Bayview Ave, Bronx, NY 10465	40.847342	-73.817596	1.03722208259	0	0.751690994677	0	1.01311420789	0	4	2	1720	480917	6	2500	1960	1	2	0	4	0	12	15	13	5	1	0	25
30734938_zpid	30734938_zpid	11223	1936 E 9th St, Brooklyn, NY 11223	40.601918	-73.963092	0.484025603741	7	0.0863710384058	5	0.671916291922	1	6	5	2800	999999	3	2000	1920	45	17	18	31	13	28	20	10	17	7	4	68
83178132_zpid	83178132_zpid	10453	1833 Harrison Ave, Bronx, NY 10453	40.851147	-73.913836	0.32181491946	10	0.332024080968	7	0.343087141513	5	8	6	5200	675000	5	3598	2003	699	61	254	276	255	104	39	18	117	72	31	372
2114045235_zpid	2114045235_zpid	11236	583 E 79th St, Brooklyn, NY 11236	40.638485	-73.917483	0.517057493255	6	0.502678332176	2	1.60331991124	0	5	3.5	2256	550000	34	2917	1960	22	8	15	14	8	33	25	10	25	6	8	63
30693447_zpid	30693447_zpid	11209	629 71st St, Brooklyn, NY 11209	40.6306985	-74.0181783	0.238871300808	12	0.431858473136	7	0.628492642094	2	2	1	1257	520000	32	729	1930	10	12	7	20	5	20	27	32	17	1	2	74
30624362_zpid	30624362_zpid	11206	229 Scholes St # A, Brooklyn, NY 11206	40.709351	-73.9395849	0.179769169307	10	0.354929310073	4	0.180836008675	4	7	3	1910	700000	14	1910	1996	55	79	25	35	24	15	21	14	11	7	9	100
30740469_zpid	30740469_zpid	11235	1 Brighton 3rd Rd, Brooklyn, NY 11235	40.5821689	-73.9655276	0.252686204635	10	0.494217838466	7	0.616889881898	2	2	1	969	999000	11	1024	1910	204	120	140	220	84	220	152	84	92	40	76	584
30740469_zpid	30740469_zpid	11235	1 Brighton 3rd Rd, Brooklyn, NY 11235	40.5821689	-73.9655276	0.252686204635	9	0.494217838466	7	0.616889881898	2	2	1	969	999000	11	1024	1910	204	120	140	220	84	220	152	84	92	40	76	584
29783415_zpid	29783415_zpid	10459	1367 Prospect Ave, Bronx, NY 10459	40.8306239	-73.89735	0.31303306712	4	0.329825923624	8	0.46747055119	1	6	3	2306	320000	6	1887	1901	175	79	85	115	92	21	17	5	22	42	20	162
30746211_zpid	30746211_zpid	11229	2235 E 26th St, Brooklyn, NY 11229	40.597033	-73.944804	0.283324409622	8	0.353502318235	3	0.897758641635	0	3	2	1600	385000	51	1658	1950	13	18	7	23	9	24	36	24	27	4	5	102
30649540_zpid	30649540_zpid	11208	983 Hegeman Ave, Brooklyn, NY 11208	40.666661	-73.876582	0.280214470836	8	0.464246145947	5	0.603688742035	1	6	3	800	566500	124	1800	1950	78	12	70	70	60	26	38	9	22	35	16	140
30783919_zpid	30783919_zpid	11234	1856 E 35th St, Brooklyn, NY 11234	40.611334	-73.934774	0.392974513561	3	0.36992256265	1	1.96956416328	0	2	1.75	1092	375000	72	1800	1925	4	60	20	24	12	48	100	104	116	12	8	176
30636382_zpid	30636382_zpid	11207	750 Williams Ave, Brooklyn, NY 11207	40.657134	-73.896257	0.651450874312	1	0.530990156433	1	0.307900102015	1	7	4	978	425000	37	2003	1940	69	9	45	50	35	23	22	11	15	32	9	96
30669524_zpid	30669524_zpid	11210	1362 Flatbush Ave, Brooklyn, NY 11210	40.636926	-73.952437	0.0902135752309	4	0.349475429907	3	0.479851810619	2	4	4	4000	448000	137	1790	1933	188	32	95	84	79	39	29	18	25	41	7	207
30762338_zpid	30762338_zpid	11234	1427 E 52nd St, Brooklyn, NY 11234	40.624773	-73.925243	0.302280196732	11	0.184548848662	1	2.09445764728	0	3	2	1419	415000	10	2167	1940	10	18	16	11	9	59	28	25	17	6	9	92
30774050_zpid	30774050_zpid	11236	721 E 99th St, Brooklyn, NY 11236	40.645928	-73.900025	0.316065730629	7	0.433217223977	2	0.174046810167	2	3	2	1800	469000	0	2950	1920	51	10	19	20	9	60	17	9	9	17	8	104
30635658_zpid	30635658_zpid	11207	656 Miller Ave, Brooklyn, NY 11207	40.664394	-73.889399	0.243124274548	8	0.167302629737	9	0.153704850651	3	8	3	2970	350000	28	2333	1920	252	19	155	149	155	34	47	13	63	81	21	273
29827055_zpid	29827055_zpid	10467	843 E 214th St, Bronx, NY 10467	40.8788348	-73.8598982	0.510043446841	5	0.473774333585	1	0.565433881832	2	6	2	1413	465000	18	2324	1925	142	14	66	77	50	47	9	1	20	36	11	134
30642229_zpid	30642229_zpid	11208	25 Pine St, Brooklyn, NY 11208	40.6860969	-73.873627	0.272252323891	5	0.226069264824	4	0.323424475403	2	2	2	3060	570000	115	1944	1910	416	164	280	356	220	288	148	72	272	184	40	800
30600730_zpid	30600730_zpid	11233	293 Macdougal St, Brooklyn, NY 11233	40.680656	-73.909549	0.183174184588	5	0.211907939141	5	0.260527085255	6	3	3	1920	525000	120	1600	1901	174	18	141	150	107	34	30	13	46	65	22	167
30710806_zpid	30710806_zpid	11214	1654 84th St, Brooklyn, NY 11214	40.610244	-74.00482	0.162618068356	9	0.32323755384	7	0.364571990773	2	5	3.5	720	2250000	0	7222	1910	35	10	21	22	9	21	31	30	20	5	6	99
29837030_zpid	29837030_zpid	10466	1789 Edenwald Ave, Bronx, NY 10466	40.892154	-73.848376	0.194944595318	5	0.447627631753	3	0.774205706646	0	2	1	2592	570000	99	2500	1930	55	10	27	23	21	76	33	11	35	19	8	85
30732212_zpid	30732212_zpid	11224	3861 Poplar Ave, Brooklyn, NY 11224	40.580035	-74.008021	0.246900115465	1	0.594163038789	1	2.27289537966	0	3	2	1516	505000	3	4000	1960	48	32	12	56	24	4	52	0	36	8	8	104
30760692_zpid	30760692_zpid	11234	4435 Kings Hwy, Brooklyn, NY 11234	40.6266518	-73.9329755	0.222461442962	8	0.597619744247	1	1.41748305675	0	4	2	1686	495000	9	4187	1955	32	11	16	19	15	32	22	16	14	2	1	66
29845307_zpid	29845307_zpid	10465	568 Logan Ave, Bronx, NY 10465	40.8251289	-73.818184	0.562005542979	1	0.470542559336	2	2.58513906748	0	4	2	1782	330000	101	18	1930	13	17	5	16	5	12	19	20	13	0	4	57
30759907_zpid	30759907_zpid	11234	4558 Kings Hwy, Brooklyn, NY 11234	40.628561	-73.932125	0.292776147525	6	0.685979615883	1	1.39462721634	0	6	2	1780	550000	22	5884	1905	68	36	48	32	16	156	92	76	76	12	4	224
30760566_zpid	30760566_zpid	11210	1163 E 42nd St, Brooklyn, NY 11210	40.6265144	-73.935235	0.115858988326	7	0.759576070256	0	1.26250972517	0	3	2	1896	182000	322	2000	1960	140	16	76	104	40	88	124	36	52	36	28	244
29842310_zpid	29842310_zpid	10461	2880 Harrington Ave, Bronx, NY 10461	40.839815	-73.832741	0.295217079007	3	0.799690428986	0	0.542223883154	1	2	1.5	1600	380000	2	2252	1920	64	21	19	22	15	49	39	22	12	7	2	91
30647349_zpid	30647349_zpid	11207	112 Louisiana Ave, Brooklyn, NY 11207	40.656685	-73.8949279	0.706626362401	3	0.543453353772	1	0.429057620069	1	5	2.5	1628	351000	75	1980	1925	57	9	42	42	28	20	26	12	17	28	6	97
30631201_zpid	30631201_zpid	11207	1503 Bushwick Ave, Brooklyn, NY 11207	40.683143	-73.906383	0.011556009991	3	0.25137406502	2	0.139403020622	7	5	4.5	3783	970000	10	1620	2004	77	21	66	85	53	13	23	15	14	30	13	143
30773503_zpid	30773503_zpid	11236	1036 E 92nd St, Brooklyn, NY 11236	40.643578	-73.907859	0.0598534508575	6	0.865854058509	0	0.612254445889	1	6	3	2224	535000	22	3234	1920	180	36	108	96	64	276	152	32	56	88	32	480
30773503_zpid	30773503_zpid	11236	1036 E 92nd St, Brooklyn, NY 11236	40.643578	-73.907859	0.0598534508575	6	0.849080487948	0	0.612254445889	1	6	3	2224	535000	22	3234	1920	180	36	108	96	64	276	152	32	56	88	32	480
30782660_zpid	30782660_zpid	11234	2123 E 73rd St, Brooklyn, NY 11234	40.620446	-73.905295	0.552993539182	1	0.498423347579	1	2.93194116731	0	4	4.5	2750	925000	36	4000	1965	15	6	6	9	5	11	14	8	17	3	4	56
30661629_zpid	30661629_zpid	11203	591 E 37th St, Brooklyn, NY 11203	40.642591	-73.941626	0.124647306966	3	0.562907402854	3	0.643270188074	2	9	2	2240	469000	47	2000	1910	101	8	62	61	65	44	19	8	23	27	8	108
30770762_zpid	30770762_zpid	11236	40 Paerdegat 7th St, Brooklyn, NY 11236	40.630456	-73.907257	0.725529823181	1	0.740354748721	1	1.8601014074	0	5	4	1800	660000	3	2000	1965	144	20	44	64	32	200	80	20	100	20	24	184
30606694_zpid	30606694_zpid	11233	916 Herkimer St, Brooklyn, NY 11233	40.677946	-73.923126	0.394140201279	2	0.106447549835	1	0.162188524685	2	5	3	2415	365000	28	2254	1901	516	112	328	388	260	92	116	32	156	168	108	720
55677155_zpid	55677155_zpid	11207	509 Alabama Ave, Brooklyn, NY 11207	40.663545	-73.896368	0.450543995915	4	0.176129993209	9	0.173763076514	5	3	2	1296	315000	32	1800	2000	209	13	110	111	118	29	40	13	36	42	15	212
83178241_zpid	83178241_zpid	10473	335 Newman Ave, Bronx, NY 10473	40.81263	-73.855345	0.447941688061	1	1.04338957225	0	2.33859850841	0	2	2	1000	499900	145	3752	2007	39	5	20	24	13	22	10	19	11	23	4	77
30764239_zpid	30764239_zpid	11234	2150 Schenectady Ave, Brooklyn, NY 11234	40.619424	-73.930187	0.247072327953	8	0.544851551005	2	2.09856746645	0	3	2	1538	159000	259	2000	1955	11	59	1	16	8	39	31	18	12	8	1	141
30605714_zpid	30605714_zpid	11233	418 Macdonough St, Brooklyn, NY 11233	40.682314	-73.930081	0.145061196757	8	0.14116720714	5	0.332917610224	1	7	3	2904	570000	16	1999	1910	136	68	93	116	73	18	23	10	37	34	22	180
30754595_zpid	30754595_zpid	11234	1446 E 37th St, Brooklyn, NY 11234	40.620698	-73.9392419	0.324292562107	2	0.350487505278	2	1.52624166981	0	4	2.5	2088	443000	137	1999	1950	140	40	76	64	40	120	80	56	44	28	8	320
30754595_zpid	30754595_zpid	11234	1446 E 37th St, Brooklyn, NY 11234	40.620698	-73.9392419	0.324292562107	1	0.350487505278	2	1.52624166981	0	4	2.5	2088	443000	137	1999	1950	140	40	76	64	40	120	80	56	44	28	8	320
30740285_zpid	30740285_zpid	11235	2748 Brighton 7th St, Brooklyn, NY 11235	40.58357	-73.962593	0.209083058836	8	0.324300694367	5	0.666714730373	1	5	3	2916	720000	4	2090	1930	324	144	116	208	76	220	204	124	100	72	80	636
30740285_zpid	30740285_zpid	11235	2748 Brighton 7th St, Brooklyn, NY 11235	40.58357	-73.962593	0.209083058836	9	0.324300694367	5	0.666714730373	1	5	3	2916	720000	4	2090	1930	324	144	116	208	76	220	204	124	100	72	80	636
30794345_zpid	30794345_zpid	11229	6 Bevy Ct, Brooklyn, NY 11229	40.591948	-73.92537	0.157687067927	2	1.2079683892	0	2.49748494616	0	3	1	660	247000	14	1785	1930	1	7	1	10	1	1	23	7	17	2	3	26
68313332_zpid	68313332_zpid	11238	473 Classon Ave, Brooklyn, NY 11238	40.684345	-73.958901	0.341951173008	13	0.305279446178	7	0.454580097412	5	2	1	750	697501	115	820	2004	112	166	65	112	62	32	45	17	41	17	41	182
29846861_zpid	29846861_zpid	10465	508 Prentiss Ave, Bronx, NY 10465	40.821609	-73.810167	0.12152056978	4	0.691364951823	1	3.31512051063	0	3	2	1836	451500	7	2230	1960	76	40	12	20	8	40	40	40	44	12	8	140
30573267_zpid	30573267_zpid	11231	300 Van Brunt St, Brooklyn, NY 11231	40.679499	-74.010739	0.0550054452328	4	0.0781770207349	3	1.26118217979	0	3	1.5	5360	550000	134	2250	1925	28	52	15	20	11	9	26	8	11	8	2	55
