30725119_zpid	30725119_zpid	11230	1212 E 18th St, Brooklyn, NY 11230	40.620913	-73.957982	0.307315994241	8	0.310138103519	6	0.385845167033	2	3	1.5	2140	620000	33	2400	1920	197	22	78	102	75	45	40	16	21	40	7	201
29854117_zpid	29854117_zpid	10471	565 W 246th St, Bronx, NY 10471	40.8928143	-73.9097561	0.634812267426	4	0.822638874571	0	1.0198663861	0	4	3.5	2050	850000	11	1672	1971	18	5	2	3	1	2	32	3	6	0	1	19
30651203_zpid	30651203_zpid	11203	177 E 51st St, Brooklyn, NY 11203	40.657735	-73.929717	0.129857055798	10	0.61553527562	5	0.97973837204	0	7	3	2950	699000	0	2000	1930	136	18	64	53	69	56	29	13	22	31	18	132
30619668_zpid	30619668_zpid	11222	78 Freeman St, Brooklyn, NY 11222	40.733846	-73.958757	0.203224421711	10	0.390652847348	2	0.572909044154	1	8	2	1980	1650000	13	2500	1899	66	108	49	52	34	42	26	12	24	17	9	192
29793916_zpid	29793916_zpid	10473	2203 Turnbull Ave, Bronx, NY 10473	40.8242003	-73.8489417	0.421603481499	4	0.457107846695	3	1.14532173772	0	3	2	2126	385000	3	3436	1955	108	60	56	40	28	112	48	24	40	16	24	212
30792657_zpid	30792657_zpid	11235	103 Neptune Ave, Brooklyn, NY 11235	40.582639	-73.957697	0.155588701298	12	0.204543167247	8	0.560567299723	2	6	6	2754	650000	9	1773	1915	232	42	63	84	49	73	52	32	42	31	25	202
30749414_zpid	30749414_zpid	11235	2562 E 28th St, Brooklyn, NY 11235	40.589948	-73.942157	0.225804390553	9	0.263727235334	3	1.06965670308	0	3	3	1467	750000	8	2667	1940	64	16	18	20	11	36	30	41	33	3	4	104
30792736_zpid	30792736_zpid	11229	2066 Stuart St, Brooklyn, NY 11229	40.60414	-73.9367819	0.324178767877	3	0.398345859954	3	1.70563700787	0	3	2.5	1882	600000	16	2000	1950	14	8	5	8	3	13	31	14	9	0	3	38
29789683_zpid	29789683_zpid	10470	326 E 239th St, Bronx, NY 10470	40.900231	-73.866496	0.342385924841	2	0.328486490781	1	0.620196267087	1	3	1	1441	333900	44	2482	1901	72	19	12	24	12	38	13	18	18	6	5	81
30690281_zpid	30690281_zpid	11219	6812 Fort Hamilton Pkwy, Brooklyn, NY 11219	40.629122	-74.012035	0.151870472983	5	0.0524786807337	6	0.618236718885	2	7	3.5	3300	408000	170	3238	1925	64	36	32	44	20	64	40	64	20	8	0	164
29842408_zpid	29842408_zpid	10461	2867 Dudley Ave, Bronx, NY 10461	40.840468	-73.834064	0.285058952248	3	0.840791189477	0	0.423072672312	2	3	2	1428	445000	45	2395	1926	67	19	20	18	15	46	29	23	12	9	3	92
30732761_zpid	30732761_zpid	11224	3847 Neptune Ave, Brooklyn, NY 11224	40.576639	-74.007369	0.399978173132	2	0.468416114097	1	2.21153623754	0	6	5	3800	760000	2	5998	1901	30	14	8	32	8	3	21	2	14	4	2	36
30741610_zpid	30741610_zpid	11223	2273 Coney Island Ave, Brooklyn, NY 11223	40.601658	-73.96108	0.382640102354	8	0.240433973645	6	0.508376951357	1	3	2	1232	500000	10	2000	1930	28	15	11	20	7	21	13	7	14	4	2	50
29827335_zpid	29827335_zpid	10467	829 E 220th St, Bronx, NY 10467	40.883217	-73.858379	0.34821148859	4	0.440107934459	1	0.371367690856	2	3	1	2738	228500	207	2856	1925	107	9	52	66	48	55	9	2	24	36	5	103
30669299_zpid	30669299_zpid	11230	1909 Foster Ave, Brooklyn, NY 11230	40.636073	-73.959237	0.223505994343	12	0.255191769971	6	0.320015019731	2	6	3	3021	655000	60	7500	1925	44	10	35	36	39	17	10	4	6	9	1	44
30647282_zpid	30647282_zpid	11208	840 New Lots Ave, Brooklyn, NY 11208	40.667446	-73.879592	0.0199406320017	7	0.219688682822	2	0.370778181764	1	7	4	3280	495000	16	2375	1930	396	40	324	344	224	128	120	48	100	172	88	588
30748730_zpid	30748730_zpid	11235	2562 E 14th St, Brooklyn, NY 11235	40.588419	-73.955653	0.175430450588	15	0.140149427221	4	0.211614197383	1	3	2.5	1296	775000	2	1851	1970	84	21	20	43	24	47	35	25	31	15	9	134
30591222_zpid	30591222_zpid	11213	1463 Dean St, Brooklyn, NY 11213	40.6765619	-73.939853	0.135920510612	9	0.460452483931	6	0.383438071318	2	5	3	3040	987000	6	2143	1910	153	39	71	76	72	26	21	7	30	37	15	169
30654964_zpid	30654964_zpid	11203	5321 Beverley Rd, Brooklyn, NY 11203	40.646763	-73.9261529	0.40244638702	5	0.5131941529	3	1.83378513302	0	6	4	4000	630000	2	4000	1901	100	18	32	20	30	40	35	8	12	20	10	118
30662959_zpid	30662959_zpid	11203	1332 Schenectady Ave, Brooklyn, NY 11203	40.640204	-73.932409	0.188883640447	7	1.09724654156	0	1.35196224467	0	3	2.5	1312	485000	0	2400	1920	37	14	14	22	13	52	30	12	25	15	6	112
30770659_zpid	30770659_zpid	11236	1125 E 88th St, Brooklyn, NY 11236	40.635579	-73.902992	0.385659984687	7	0.544460718496	2	1.23663149024	0	2	2.5	1200	407000	91	37	1930	43	17	25	27	11	58	17	9	20	9	10	93
29780015_zpid	29780015_zpid	10455	726 Prospect Ave, Bronx, NY 10455	40.816706	-73.902509	0.142735694861	14	0.227513457607	8	0.326479777409	4	9	6	3610	799000	0	1768	1910	246	22	86	109	71	22	32	10	41	34	22	207
30605609_zpid	30605609_zpid	11233	529 Macdonough St, Brooklyn, NY 11233	40.683396	-73.924845	0.433464436734	10	0.524417652807	3	0.589808119471	3	3	1.5	900	10	138	1800	2011	156	72	103	120	79	17	17	14	44	48	24	201
30642895_zpid	30642895_zpid	11208	185 Hemlock St, Brooklyn, NY 11208	40.685333	-73.871241	0.223282295057	5	0.172995640187	4	0.320649181177	2	7	2	3120	340000	83	2000	1991	107	40	69	98	52	77	42	17	66	47	9	205
30778141_zpid	30778141_zpid	11236	16 Matthews Pl, Brooklyn, NY 11236	40.6332275	-73.8961022	0.413210760952	7	0.0497173775724	4	1.57151367727	0	6	2	1056	470000	13	3263	1905	34	15	21	20	6	55	20	17	18	11	3	85
30659374_zpid	30659374_zpid	11226	3117 Snyder Ave, Brooklyn, NY 11226	40.649234	-73.9477689	0.1876780686	5	0.360733987871	6	0.235265879258	2	7	4	2000	365000	140	2000	1930	249	32	97	96	96	69	22	10	29	43	17	182
30669226_zpid	30669226_zpid	11226	1253 Rogers Ave, Brooklyn, NY 11226	40.639216	-73.950919	0.256990127224	6	0.244464799596	5	0.227753328889	2	3	1	2280	485000	26	2000	1905	248	80	111	112	97	46	26	12	19	50	11	176
30755385_zpid	30755385_zpid	11210	1539 E 21st St, Brooklyn, NY 11210	40.6155419	-73.9531763	0.368441416185	4	0.267226549212	5	0.574370531626	1	4	4	1402	500000	158	5618	1920	92	8	12	32	20	88	64	40	32	8	20	124
83048882_zpid	83048882_zpid	11207	992 Halsey St, Brooklyn, NY 11207	40.6861109	-73.914466	0.282179805728	7	0.168461166859	3	0.176928296662	2	3	2	3760	305000	35	1800	2007	67	17	53	73	46	14	19	8	15	32	14	109
30663601_zpid	30663601_zpid	11203	1406 Schenectady Ave, Brooklyn, NY 11203	40.6383129	-73.932208	0.387747121912	7	1.22045848647	0	1.38103319152	0	4	2	1440	385000	49	2000	1930	33	10	12	17	13	38	26	9	20	14	6	95
94716166_zpid	94716166_zpid	11231	82 Lorraine St, Brooklyn, NY 11231	40.674012	-74.006456	0.285880523143	4	0.181998700091	3	0.777982044782	0	2	1.5	3373	3000000	94	15681.599999999999	2008	11	26	5	14	10	12	13	3	5	6	2	49
29841342_zpid	29841342_zpid	10461	1256 Edison Ave, Bronx, NY 10461	40.8367549	-73.829012	0.505339587971	3	0.738761353728	1	1.00254926093	0	2	2	825	235000	3	7008	1920	9	15	2	8	1	29	24	14	6	0	1	47
30762516_zpid	30762516_zpid	11234	1315 E 55th St, Brooklyn, NY 11234	40.624821	-73.922362	0.12025764985	9	0.40819433229	2	2.3146601493	0	3	2.5	1288	655000	0	4000	1955	16	12	21	10	11	44	24	28	21	12	9	90
30785135_zpid	30785135_zpid	11234	1957 E 37th St, Brooklyn, NY 11234	40.61092	-73.930999	0.0708262149822	2	0.658857684167	1	2.27996028772	0	3	1.5	1036	480825	16	1800	1925	4	11	4	4	2	15	30	29	28	1	3	47
30785325_zpid	30785325_zpid	11234	1967 Kimball St, Brooklyn, NY 11234	40.61212	-73.928637	0.198226145479	2	0.802652973547	0	2.49545589688	0	3	3	1192	499999	101	2500	1925	6	10	2	5	1	23	24	21	14	2	5	70
29790645_zpid	29790645_zpid	10473	268 Soundview Ave, Bronx, NY 10473	40.8113524	-73.8554548	0.547299140474	1	1.17806266797	0	2.46670403961	0	3	4	2650	185000	198	1845	1931	144	40	76	84	48	84	48	84	44	84	20	292
30695671_zpid	30695671_zpid	11209	7611 Narrows Ave, Brooklyn, NY 11209	40.632228	-74.036027	0.436376591413	2	0.688751455148	2	0.930602969835	0	5	3.5	1600	1100000	145	2800	1980	37	5	10	12	9	22	33	71	13	4	1	43
30615896_zpid	30615896_zpid	11217	111 S Elliott Pl, Brooklyn, NY 11217	40.686011	-73.975052	0.0472556746199	10	0.18135995905	2	0.0940484824748	10	1	1	580	1500000	127	2100	1899	59	69	25	38	12	15	23	32	22	11	17	151
30652978_zpid	30652978_zpid	11203	234 E 54th St, Brooklyn, NY 11203	40.6531562	-73.9268528	0.0866371632182	9	0.0653559899333	3	1.28185947488	0	1	1	1728	370000	25	2000	1920	215	28	90	86	94	77	41	11	29	45	18	213
29812036_zpid	29812036_zpid	10461	2415 Saint Raymonds Ave, Bronx, NY 10461	40.83944	-73.8496229	0.270764742541	12	0.342706964585	7	0.394277550886	3	3	2	1866	314150	58	2391	1935	117	13	40	28	27	24	17	11	18	7	6	118
29785710_zpid	29785710_zpid	10458	2384 Valentine Ave, Bronx, NY 10458	40.858967	-73.896916	0.102094069945	11	0.116746987932	10	0.268581144075	5	7	3.25	3665	450000	12	2752	1901	408	23	199	186	218	19	22	10	41	71	21	320
29852629_zpid	29852629_zpid	10471	351 W 245th St, Bronx, NY 10471	40.892373	-73.9030949	0.462017822009	5	0.929528924703	0	0.488957118343	1	5	3.5	3754	600000	187	9302	1930	41	10	2	6	1	1	14	1	7	1	2	18
83179129_zpid	83179129_zpid	10460	778 E 178TH St, Bronx, NY 10460	40.8448283	-73.8875476	0.185307584981	11	0.10603854483	2	0.808359155382	0	7	4.5	3247	507000	15	2691	2013	856	48	416	392	416	60	48	36	144	128	84	652
30639296_zpid	30639296_zpid	11208	402 Elton St, Brooklyn, NY 11208	40.673192	-73.883484	0.0881944193966	8	0.574597466697	3	0.253346369462	2	5	3	3064	585000	7	1650	1930	113	16	53	63	45	29	18	8	26	34	18	118
30791910_zpid	30791910_zpid	11235	2757 E 27th St, Brooklyn, NY 11235	40.585767	-73.941631	0.406665892309	3	0.643466481881	1	1.0661993682	0	6	3.5	2376	710000	141	653400	1930	24	7	14	22	12	32	21	19	34	4	5	87
30737483_zpid	30737483_zpid	11223	2202 W 7th St, Brooklyn, NY 11223	40.5940202	-73.9782714	0.130417835705	6	0.116835737486	2	0.144668615769	5	3	3	2724	780000	12	1472	1925	128	56	28	104	44	176	88	156	108	24	24	292
30737483_zpid	30737483_zpid	11223	2202 W 7th St, Brooklyn, NY 11223	40.5940202	-73.9782714	0.319497252669	4	0.116835737486	2	0.144668615769	5	3	3	2724	780000	12	1472	1925	128	56	28	104	44	176	88	156	108	24	24	292
30645425_zpid	30645425_zpid	11208	1037 Belmont Ave, Brooklyn, NY 11208	40.674405	-73.870913	0.252393756633	6	0.152909224819	6	0.147826171858	2	6	4	2598	551000	126	1300	1950	139	18	84	81	52	64	52	10	58	45	15	201
30615934_zpid	30615934_zpid	11217	90 Lafayette Ave, Brooklyn, NY 11217	40.6871087	-73.9741862	0.0808509489007	9	0.189956884838	3	0.0510224899711	10	4	3.5	3184	980000	145	2000	1899	35	54	20	21	9	11	19	21	15	10	11	108
30732908_zpid	30732908_zpid	11224	2833 W 37th St, Brooklyn, NY 11224	40.57608	-74.002746	0.689530721193	1	0.161693263923	2	1.82507191109	0	3	2	1344	125000	11	1663	1993	50	18	16	43	14	5	20	8	18	14	1	62
55540721_zpid	55540721_zpid	10454	542 E 139th St, Bronx, NY 10454	40.8075059	-73.91763	0.0925196308234	4	0.064990662496	4	0.147026102319	2	3	3	2220	327000	41	1829	1998	233	33	125	158	127	17	17	12	36	39	18	228
30611008_zpid	30611008_zpid	11216	119 Macdonough St, Brooklyn, NY 11216	40.681506	-73.941522	0.258186215599	11	0.308774305136	8	0.185131525805	3	8	4.5	3864	1850000	0	2522	1910	151	77	86	106	71	13	33	21	34	38	26	181
30628128_zpid	30628128_zpid	11221	1097 Putnam Ave, Brooklyn, NY 11221	40.68836	-73.918874	0.0673448236955	8	0.294129811077	4	0.301144280974	2	9	4	4000	720000	85	2000	1910	178	53	91	135	85	42	31	7	51	52	40	194
30761934_zpid	30761934_zpid	11234	1957 Troy Ave, Brooklyn, NY 11234	40.62437	-73.932944	0.149973035957	9	0.360186579186	2	1.5588983284	0	2	1.5	924	371000	4	1899	1920	35	12	16	23	22	39	31	22	15	5	1	82
30776502_zpid	30776502_zpid	11236	1114 E 101st St, Brooklyn, NY 11236	40.6418869	-73.893811	0.456966927086	6	0.567608175171	3	0.861788633107	0	3	2.5	2052	390000	79	1672	1955	67	8	27	25	22	35	17	11	14	16	8	83
30706547_zpid	30706547_zpid	11228	1363 77th St, Brooklyn, NY 11228	40.618328	-74.006865	0.17808573799	10	0.372931377716	3	0.690485632386	1	3	2.5	1561	835000	14	2267	1925	12	13	7	23	8	51	49	44	22	2	3	77
30622026_zpid	30622026_zpid	11222	66 Hausman St, Brooklyn, NY 11222	40.725609	-73.938503	0.2809720685	5	0.536468860804	1	1.08309738943	0	3	1	3273	610000	146	1958	1899	20	14	14	21	10	8	27	19	19	5	10	89
83045477_zpid	83045477_zpid	11216	26 Saint Andrews Pl, Brooklyn, NY 11216	40.678496	-73.943386	0.230576718774	8	0.165112152417	7	0.265914605227	3	3	2.5	3191	700000	108	1035	2006	210	73	96	139	94	33	35	17	44	46	29	191
30765856_zpid	30765856_zpid	11234	2448 Ralph Ave, Brooklyn, NY 11234	40.618352	-73.917487	0.0761223009868	8	0.693536473451	1	3.01510163585	0	4	2	1276	529000	0	2050	1925	11	8	7	5	7	24	25	9	22	3	5	108
30738875_zpid	30738875_zpid	11223	2379 E 2nd St, Brooklyn, NY 11223	40.591225	-73.968169	0.0762089170007	7	0.624066904733	1	0.544214701474	2	3	2	1260	331000	185	2178	1920	47	12	17	24	10	42	36	33	14	5	3	85
30778459_zpid	30778459_zpid	11236	1370 E 99th St, Brooklyn, NY 11236	40.636711	-73.890569	0.352444122286	7	0.131364480762	4	1.46052185289	0	3	2	1000	565000	11	2450	1960	27	7	22	23	2	24	12	13	15	8	1	64
30602108_zpid	30602108_zpid	11221	1093 Dekalb Ave, Brooklyn, NY 11221	40.693819	-73.931781	0.109934927715	12	0.345115910609	6	0.255992116624	3	6	3	1800	399777	112	1858	1899	572	360	320	400	384	204	148	76	124	192	148	976
30602108_zpid	30602108_zpid	11221	1093 Dekalb Ave, Brooklyn, NY 11221	40.693819	-73.931781	0.109934927715	12	0.345115910609	5	0.255992116624	3	6	3	1800	399777	112	1858	1899	572	360	320	400	384	204	148	76	124	192	148	976
30761810_zpid	30761810_zpid	11234	4009 Flatlands Ave # 1, Brooklyn, NY 11234	40.622597	-73.933688	0.187300665629	9	0.18832963124	2	1.63982088575	0	5	3.5	2292	559000	17	27	1955	164	60	72	112	92	124	108	76	64	24	0	492
30761810_zpid	30761810_zpid	11234	4009 Flatlands Ave # 1, Brooklyn, NY 11234	40.622597	-73.933688	0.187300665629	10	0.18832963124	2	1.63982088575	0	5	3.5	2292	559000	17	27	1955	164	60	72	112	92	124	108	76	64	24	0	492
30774125_zpid	30774125_zpid	11236	760 E 102nd St, Brooklyn, NY 11236	40.646322	-73.8975449	0.349840876124	5	0.22080172984	2	0.365494546408	2	3	3	1540	529989	118	2000	1955	192	28	88	76	44	164	76	28	56	56	32	388
30774125_zpid	30774125_zpid	11236	760 E 102nd St, Brooklyn, NY 11236	40.646322	-73.8975449	0.313613190492	6	0.22080172984	2	0.365494546408	2	3	3	1540	529989	118	2000	1955	192	28	88	76	44	164	76	28	56	56	32	388
30601743_zpid	30601743_zpid	11233	96 Sackman St, Brooklyn, NY 11233	40.676416	-73.90633	0.377117099011	6	0.365270766252	4	0.289805685866	8	2	1	1600	590000	23	1440	1899	552	60	340	484	316	128	100	64	164	220	80	540
30672881_zpid	30672881_zpid	11218	221 E 4th St, Brooklyn, NY 11218	40.646902	-73.976839	0.254798811068	13	0.376473737909	4	0.333973753015	2	3	2.5	2160	1420000	11	1800	1910	296	160	92	168	144	156	180	116	92	56	44	572
30672881_zpid	30672881_zpid	11218	221 E 4th St, Brooklyn, NY 11218	40.646902	-73.976839	0.254798811068	13	0.376473737909	5	0.333973753015	2	3	2.5	2160	1420000	11	1800	1910	296	160	92	168	144	156	180	116	92	56	44	572
30758377_zpid	30758377_zpid	11234	932 E 55th St, Brooklyn, NY 11234	40.634479	-73.923978	0.160262234847	4	0.439048486296	2	2.00746318539	0	5	2.75	2420	555000	14	2200	1960	26	8	4	12	3	29	21	12	17	6	1	55
30673317_zpid	30673317_zpid	11218	295 E 7th St, Brooklyn, NY 11218	40.644829	-73.972644	0.0932532587021	13	0.57031841158	7	0.600570972223	3	5	3	3120	1199000	7	2410	1901	115	37	40	65	41	51	32	32	27	15	8	184
30595690_zpid	30595690_zpid	11233	1983 Pacific St, Brooklyn, NY 11233	40.676408	-73.922771	0.32442258843	3	0.275108212461	2	0.28030568115	2	5	3	1280	765000	13	1667	1910	130	25	92	92	70	16	23	5	33	40	25	161
29835214_zpid	29835214_zpid	10466	1307 E 233rd St, Bronx, NY 10466	40.888957	-73.8399139	0.801516026002	0	0.322721238916	4	0.767617329769	0	5	2.5	2088	325000	53	2003	1961	38	6	10	11	4	49	22	9	22	10	5	59
30763563_zpid	30763563_zpid	11234	1318 E 58th St, Brooklyn, NY 11234	40.622391	-73.919784	0.228203115475	8	0.628781021888	1	2.62517268791	0	4	2.5	2213	485000	14	2500	1955	8	7	8	9	7	38	28	23	20	8	10	119
30584363_zpid	30584363_zpid	11215	470 6th St # 1, Brooklyn, NY 11215	40.668787	-73.980797	0.161919663969	20	0.383034624093	4	0.283143968344	2	6	3	3054	1400000	45	2000	1901	184	292	96	184	76	80	264	152	112	48	76	920
30674485_zpid	30674485_zpid	11218	408 Avenue C, Brooklyn, NY 11218	40.6404629	-73.975619	0.410409602021	10	0.237119063884	9	0.525550501686	2	2	1	3403	780000	47	3300	1925	222	49	78	96	61	85	46	69	34	21	11	215
30793824_zpid	30793824_zpid	11229	12 Lacon Ct, Brooklyn, NY 11229	40.589718	-73.929258	0.483628605953	3	0.895972440531	0	2.12801973986	0	4	3	1296	580000	3	3570	1925	4	12	4	24	4	4	72	24	52	4	12	100
30663702_zpid	30663702_zpid	11210	1471 New York Ave, Brooklyn, NY 11210	40.637025	-73.944895	0.571251404653	3	0.360479974511	4	0.442120713806	2	6	3	2200	735900	0	2000	1905	294	24	172	162	147	52	33	11	36	61	7	301
30669090_zpid	30669090_zpid	11226	425 E 23rd St, Brooklyn, NY 11226	40.639668	-73.95578	0.0383630390828	9	0.143872594476	4	0.623358488799	2	4	2.5	1760	610000	25	103672800	1910	493	100	218	246	215	55	36	24	56	102	12	373
30635993_zpid	30635993_zpid	11207	479 New Lots Ave, Brooklyn, NY 11207	40.6632473	-73.8902738	0.0989179871309	6	0.0410575677029	5	0.301187589835	3	3	4	2274	375000	25	1136	1930	262	20	164	151	154	26	51	10	58	85	17	280
30580197_zpid	30580197_zpid	11215	508 17th St, Brooklyn, NY 11215	40.657823	-73.982048	0.0952435618619	12	0.193098335621	6	0.363934513594	1	5	3	2080	770000	75	2003	1910	128	116	60	92	64	68	80	48	72	8	28	252
30580197_zpid	30580197_zpid	11215	508 17th St, Brooklyn, NY 11215	40.657823	-73.982048	0.0952435618619	12	0.193098335621	5	0.363934513594	1	5	3	2080	770000	75	2003	1910	128	116	60	92	64	68	80	48	72	8	28	252
30769689_zpid	30769689_zpid	11236	67 Paerdegat 3rd St, Brooklyn, NY 11236	40.632765	-73.910642	0.34195309696	5	0.357895051213	3	1.71523739641	0	6	3	2393	670000	2	1973	1965	116	20	56	68	24	244	104	20	100	32	12	276
30701040_zpid	30701040_zpid	11209	9005 Fort Hamilton Pkwy, Brooklyn, NY 11209	40.617921	-74.026222	0.177029688307	13	0.309852419431	6	0.466259701746	2	5	2	2480	990000	23	2000	1920	256	156	76	100	96	144	96	60	4	24	24	568
30753747_zpid	30753747_zpid	11210	1339 E 37th St, Brooklyn, NY 11210	40.623342	-73.939158	0.0860297221553	3	0.639303679737	2	1.27700543956	0	3	4	1850	552000	64	2613	1910	61	7	27	32	20	46	37	11	22	11	8	65
30615743_zpid	30615743_zpid	11205	229 Cumberland St, Brooklyn, NY 11205	40.689031	-73.972701	0.0449760646172	10	0.371068716243	3	0.254513670513	8	2	2	690	10	134	545	1925	38	42	16	21	6	21	18	8	21	8	5	84
30759039_zpid	30759039_zpid	11234	1191 E 48th St, Brooklyn, NY 11234	40.632048	-73.929943	0.266201389723	6	0.923317772782	0	1.49779414773	0	3	2	2160	490000	15	2400	1940	30	11	18	22	12	26	24	10	17	13	2	69
30715640_zpid	30715640_zpid	11230	312 Foster Ave, Brooklyn, NY 11230	40.628414	-73.9743529	0.136844772291	8	0.27120983955	8	0.265391203548	2	9	3	2088	949000	0	2000	1920	63	36	25	38	36	38	31	56	16	7	9	86
30699279_zpid	30699279_zpid	11209	519 85th St, Brooklyn, NY 11209	40.621981	-74.024958	0.119939155494	16	0.144337948419	5	0.301095329337	1	8	4.5	3580	1320000	5	2500	1915	124	57	38	49	36	40	20	23	9	29	4	203
65294375_zpid	65294375_zpid	10463	163A W 228th St, Bronx, NY 10463	40.877719	-73.90937	0.0706115766926	8	0.214991510318	5	0.353681974979	3	5	3	2886	525077	129	1620	2003	292	33	91	88	95	19	36	17	46	32	11	201
30672083_zpid	30672083_zpid	11218	15 Micieli Pl, Brooklyn, NY 11218	40.646619	-73.981798	0.128665108109	9	0.258918383161	4	0.338264003956	2	5	3	2717	1440000	9	2363	1940	47	28	17	19	21	23	37	26	10	7	8	113
64639813_zpid	64639813_zpid	10457	2261 Bassford Ave, Bronx, NY 10457	40.8548038	-73.8929043	0.0631175868629	12	0.415028096193	7	0.675260098469	1	12	4	2730	23400	135	1742	2003	159	13	49	74	55	12	5	10	22	20	8	140
29822547_zpid	29822547_zpid	10469	2567 Tiemann Ave, Bronx, NY 10469	40.864429	-73.8382139	0.475613903737	3	0.30079970334	1	0.891619991342	0	3	3	1946	135000	243	2299	1950	10	12	3	5	2	14	24	13	13	3	2	46
30753792_zpid	30753792_zpid	11230	1773 Ocean Ave, Brooklyn, NY 11230	40.6188239	-73.95469	0.0707307233341	3	0.397221919158	3	0.419938259131	1	3	2	1200	590000	30	2182	1920	115	20	51	88	52	33	29	16	17	29	5	153
29835420_zpid	29835420_zpid	10466	3960 Amundson Ave, Bronx, NY 10466	40.890898	-73.8359569	0.472560636665	2	0.462486849561	3	0.519135145967	1	5	2	1246	420000	126	2500	1925	51	6	16	24	4	53	28	14	28	9	4	67
30570465_zpid	30570465_zpid	11231	32 Woodhull St, Brooklyn, NY 11231	40.68128	-74.0037059	0.101756178835	14	0.248294708139	4	0.793308185386	0	1	1	2500	1475000	26	100	1910	29	49	20	41	19	12	42	32	7	9	9	130
30732766_zpid	30732766_zpid	11224	4011 Sea Gate Ave, Brooklyn, NY 11224	40.5770279	-74.005409	0.508527064042	1	0.29791854596	1	2.04456325281	0	5	2	2023	260000	28	435	1925	49	15	15	44	13	4	23	5	16	13	2	56
112077988_zpid	112077988_zpid	11249	46 S 2nd St APT 1C, Brooklyn, NY 11249	40.7144501	-73.9660926	0.248730743341	10	0.427402358941	3	0.813886227842	0	3	2.5	1524	717000	57	14374.800000000001	2010	23	90	7	27	6	22	19	15	19	3	7	91
30606929_zpid	30606929_zpid	11206	877 Myrtle Ave, Brooklyn, NY 11206	40.695793	-73.947594	0.1962032686	8	0.520163840578	6	0.12486927324	4	2	1	1800	168300	5	2000	1920	102	36	70	105	49	54	20	44	29	29	30	158
30773623_zpid	30773623_zpid	11236	1048 E 94th St, Brooklyn, NY 11236	40.644235	-73.905792	0.217566194639	5	1.01226548627	0	0.428221538396	1	4	3	1205	460000	12	2500	1915	56	10	27	35	20	73	38	7	12	25	8	118
30774563_zpid	30774563_zpid	11236	974 E 100th St, Brooklyn, NY 11236	40.643688	-73.897063	0.254192897418	8	0.629056629241	2	0.522014213507	1	4	3	1760	460000	23	2600	1960	63	6	27	19	20	50	18	10	18	18	8	97
30766977_zpid	30766977_zpid	11236	545 E 84th St, Brooklyn, NY 11236	40.641739	-73.914813	0.600212136335	6	0.73359351133	1	1.22402155983	0	3	1	1200	410000	52	2000	1960	36	6	20	12	9	44	32	9	25	7	7	87
