30657641_zpid	30657641_zpid	11225	335 Winthrop St, Brooklyn, NY 11225	40.657403	-73.948694	0.125267773096	7	0.161225146305	8	0.112784598309	3	2	1	3200	717000	36	2120	1910	131	22	62	60	56	29	21	5	20	26	6	104
29779550_zpid	29779550_zpid	10456	803 E 161st St, Bronx, NY 10456	40.8210679	-73.90284	0.267976077069	12	0.187915414586	8	0.18808269871	3	4	1	3300	415000	132	1925	1905	50	12	21	35	22	11	4	1	8	9	16	55
29816608_zpid	29816608_zpid	10461	1958 Mulford Ave, Bronx, NY 10461	40.851405	-73.83443	0.37315392647	6	0.342701575758	1	0.534979222415	2	3	2	1836	459000	0	2304	1950	68	16	15	16	17	33	20	17	11	6	6	54
30613502_zpid	30613502_zpid	11238	16 Downing St, Brooklyn, NY 11238	40.685315	-73.9615029	0.294336603163	11	0.281135408683	6	0.414131481819	5	1	1	705	651000	62	2042	1899	162	168	99	134	94	41	55	18	53	30	40	203
30770240_zpid	30770240_zpid	11236	1155 E 81st St, Brooklyn, NY 11236	40.631852	-73.907485	0.610296975374	5	0.622227448193	2	1.71512671987	0	3	2	1680	182000	192	2000	1965	43	6	14	19	10	64	27	4	28	6	7	61
29825828_zpid	29825828_zpid	10467	3363 Olinville Ave, Bronx, NY 10467	40.875054	-73.86844	0.100378733666	7	0.186151368416	4	0.326055108114	3	6	2	2370	275000	24	4698	1910	231	30	93	99	94	35	24	8	36	31	16	179
30754619_zpid	30754619_zpid	11234	3710 Kings Hwy, Brooklyn, NY 11234	40.621377	-73.93859	0.238334283057	1	0.439744274798	2	1.48730276734	0	3	1.5	1542	639000	109	3000	1935	46	10	26	21	21	23	19	13	11	9	2	78
30783962_zpid	30783962_zpid	11234	1821 E 35th St, Brooklyn, NY 11234	40.612196	-73.934968	0.386679770294	4	0.297060756741	1	1.97017182599	0	4	2.5	1402	557000	9	30056.399999999998	1978	8	68	16	32	12	72	100	100	140	12	4	216
30734463_zpid	30734463_zpid	11223	1928 W 7th St, Brooklyn, NY 11223	40.600288	-73.9794784	0.148270640842	7	0.472924395626	4	0.314690174529	5	6	3	2431	651000	64	1481	1930	168	88	76	104	72	296	96	228	88	28	32	340
30734463_zpid	30734463_zpid	11223	1928 W 7th St, Brooklyn, NY 11223	40.600288	-73.9794784	0.148270640842	6	0.472924395626	4	0.314690174529	5	6	3	2431	651000	64	1481	1930	168	88	76	104	72	296	96	228	88	28	32	340
30635930_zpid	30635930_zpid	11207	351 New Lots Ave, Brooklyn, NY 11207	40.661655	-73.894041	0.707492545354	2	0.041022349347	4	0.339479753126	5	7	4	3383	120000	305	2029	1930	269	15	145	126	148	28	47	14	43	69	17	271
30775728_zpid	30775728_zpid	11236	1033 E 105th St, Brooklyn, NY 11236	40.645407	-73.891893	0.304906391572	3	0.269696706456	3	0.852382155943	0	3	1.5	1692	212000	316	2831	1960	39	6	19	14	12	23	13	3	13	9	7	73
30652374_zpid	30652374_zpid	11203	167 E 54th St, Brooklyn, NY 11203	40.654874	-73.9265269	0.275994338016	11	0.2582217109	4	1.13062467772	0	8	7	4160	695000	14	2000	2007	185	25	81	82	86	70	35	9	28	33	16	180
30702821_zpid	30702821_zpid	11204	1778 Bay Ridge Ave, Brooklyn, NY 11204	40.6170453	-73.9930256	0.0646288348176	9	0.201678064565	6	0.45999909873	3	6	2.5	3780	1075000	30	3781	1930	240	88	120	260	84	244	176	192	88	52	36	524
30702821_zpid	30702821_zpid	11204	1778 Bay Ridge Ave, Brooklyn, NY 11204	40.6170453	-73.9930256	0.0646288348176	11	0.201678064565	6	0.45999909873	3	6	2.5	3780	1075000	30	3781	1930	240	88	120	260	84	244	176	192	88	52	36	524
29787517_zpid	29787517_zpid	10463	3845 Bailey Ave, Bronx, NY 10463	40.885249	-73.896846	0.201400123665	6	0.418714535127	2	0.344802744947	2	3	2	1332	465000	31	2265	1940	513	12	53	70	54	21	31	16	23	17	15	118
30611441_zpid	30611441_zpid	11216	38 New York Ave, Brooklyn, NY 11216	40.678919	-73.947165	0.141110484827	10	0.155802468238	6	0.107390822353	3	5	3	2451	1074600	22	2000	1899	353	109	159	233	179	40	48	17	69	81	31	335
30695061_zpid	30695061_zpid	11209	549 Bay Ridge Pkwy, Brooklyn, NY 11209	40.62892	-74.0210649	0.159574197467	14	0.166203237826	5	0.386529761986	2	6	2.5	3300	700000	61	2686	1899	68	24	34	42	26	35	46	48	25	22	5	122
83045039_zpid	83045039_zpid	11226	910 Rogers Ave, Brooklyn, NY 11226	40.6481227	-73.9523224	0.272784416076	5	0.265392070484	7	0.381504039948	2	5	3	3420	734000	8	953	2000	1392	176	564	572	528	324	128	64	164	248	128	1060
83045039_zpid	83045039_zpid	11226	910 Rogers Ave, Brooklyn, NY 11226	40.6481227	-73.9523224	0.272784416076	6	0.265392070484	7	0.381504039948	2	5	3	3420	734000	8	953	2000	1392	176	564	572	528	324	128	64	164	248	128	1060
30697223_zpid	30697223_zpid	11209	8070 Narrows Ave, Brooklyn, NY 11209	40.628472	-74.038145	0.718213967406	4	1.08698594151	0	1.04541653672	0	4	2.5	2144	1875000	41	4575	1930	3	4	0	5	0	6	23	15	8	1	1	35
30732196_zpid	30732196_zpid	11224	3821 Ocean View Ave, Brooklyn, NY 11224	40.5801681	-74.0086241	0.208265629678	1	0.645911880947	1	2.31277453106	0	5	3	2608	931000	6	4015	1960	36	32	8	44	24	4	48	0	36	4	8	64
30609663_zpid	30609663_zpid	11221	471 Putnam Ave, Brooklyn, NY 11221	40.68512	-73.942374	0.103928910757	11	0.268245173891	8	0.592730634978	1	4	4	3760	1230000	6	2000	1931	109	27	69	80	63	13	18	9	31	37	9	129
29828560_zpid	29828560_zpid	10469	1108 E 213th St, Bronx, NY 10469	40.875862	-73.85415	0.252539218381	8	0.552049899868	1	0.961672518394	0	3	2	1512	72500	11	1433	1950	69	7	37	68	50	48	15	13	28	23	16	124
29843972_zpid	29843972_zpid	10465	3214 Ampere Ave, Bronx, NY 10465	40.846019	-73.820414	0.80474443851	0	0.478121186128	1	0.953071379734	0	2	1.5	1732	430000	34	3301	1956	1	4	4	4	0	15	29	15	8	1	0	31
30591220_zpid	30591220_zpid	11213	1467 Dean St, Brooklyn, NY 11213	40.676555	-73.939706	0.147895171408	8	0.456546827735	6	0.387117123902	2	6	3	3400	420000	14	2251	1899	152	39	71	75	70	26	21	7	30	37	14	167
30641313_zpid	30641313_zpid	11207	598 Van Siclen Ave, Brooklyn, NY 11207	40.664819	-73.888593	0.323140485249	8	0.237973509682	7	0.0861811775387	3	7	3	3096	560000	14	1900	1901	964	72	628	588	584	116	180	52	244	328	88	1076
30760219_zpid	30760219_zpid	11234	1254 E 53rd St, Brooklyn, NY 11234	40.628501	-73.925278	0.1474056534	6	0.544786837338	3	1.95002932888	0	4	3	1732	455000	8	1808	1940	168	52	112	104	64	228	104	120	80	68	16	384
30634847_zpid	30634847_zpid	11207	462 Miller Ave, Brooklyn, NY 11207	40.669087	-73.890604	0.220722676963	8	0.429983262956	5	0.411092614355	4	6	3	1960	571000	10	2000	1930	144	20	114	117	120	25	43	7	50	51	21	225
30729195_zpid	30729195_zpid	11229	1871 Stuart St, Brooklyn, NY 11229	40.607571	-73.939838	0.342911833615	3	0.69521243246	1	1.52423862187	0	4	3	2460	701000	5	2000	1925	7	7	5	14	6	13	19	13	13	1	2	36
30761968_zpid	30761968_zpid	11234	1488 E 45th St, Brooklyn, NY 11234	40.624434	-73.932587	0.132000857144	9	0.385731084661	2	1.57879735036	0	3	1	952	360000	22	2125	1920	140	56	56	84	68	156	120	84	56	20	4	328
30719481_zpid	30719481_zpid	11204	1547 W 6th St, Brooklyn, NY 11204	40.609495	-73.979619	0.234003107453	14	0.20387469897	6	0.326666013429	3	3	3	2000	848000	0	2000	1925	195	30	51	54	66	84	24	25	17	12	7	136
29827615_zpid	29827615_zpid	10469	929 E 215th St, Bronx, NY 10469	40.8788259	-73.857346	0.496210051328	4	0.687299855575	1	0.718068082031	1	3	2.5	462	571500	48	2395	1800	62	6	37	41	32	56	5	5	24	19	13	81
29834099_zpid	29834099_zpid	10466	1355 E 224th St, Bronx, NY 10466	40.880572	-73.842291	0.391840776665	5	0.098523860866	3	0.378579069421	1	8	5	3864	590000	4	2587	1988	52	40	16	16	12	72	24	8	32	4	4	92
30672405_zpid	30672405_zpid	11218	23 Tehama St, Brooklyn, NY 11218	40.644498	-73.981548	0.17048225395	10	0.118044216378	7	0.165941359006	1	2	1	3280	850000	117	2500	1931	84	27	40	46	33	43	45	36	16	14	10	168
30600937_zpid	30600937_zpid	11233	62 Hull St, Brooklyn, NY 11233	40.678913	-73.914246	0.484500705377	4	0.37042717729	5	0.297021693066	3	4	1	2208	500000	29	1611	1899	1116	116	736	804	548	216	192	84	284	328	148	988
30741648_zpid	30741648_zpid	11229	1925 E 12th St, Brooklyn, NY 11229	40.6024148	-73.9602709	0.45298191715	9	0.287265378903	6	0.504877764301	2	5	2	1860	1100000	33	3948	1935	78	23	21	29	28	48	22	13	9	7	5	76
30765230_zpid	30765230_zpid	11234	2196 Schenectady Ave, Brooklyn, NY 11234	40.618176	-73.930047	0.214096403966	8	0.636134071128	2	2.20753143887	0	5	3.5	2268	545000	23	2200	1920	10	57	3	10	5	37	30	19	11	7	2	134
30666359_zpid	30666359_zpid	11226	608 Ocean Ave, Brooklyn, NY 11226	40.647986	-73.9610809	0.256070209605	8	0.355504161595	2	0.325257950242	2	1	1	5808	3381737	11	5700	1920	516	74	352	298	350	39	41	16	76	100	14	457
30692341_zpid	30692341_zpid	11220	60 Bay Ridge Ave, Brooklyn, NY 11220	40.637714	-74.03331	0.372998668234	7	0.540155843207	2	0.893081659971	0	6	3	2884	175000	109	4070	1905	27	6	6	5	8	14	11	14	4	2	1	43
30670794_zpid	30670794_zpid	11218	40 Seeley St, Brooklyn, NY 11218	40.6528909	-73.980001	0.306376387821	7	0.478333489511	2	0.49644824157	1	5	3.5	3144	999999	46	2003	1901	1	16	8	10	5	19	17	22	12	0	2	37
30634109_zpid	30634109_zpid	11207	198 Vermont St, Brooklyn, NY 11207	40.675018	-73.894976	0.266982918509	7	0.299547729464	6	0.142906138576	6	3	3	1824	410000	38	17	1910	102	21	80	96	73	73	39	36	29	42	19	218
30631516_zpid	30631516_zpid	11212	71 Tapscott St, Brooklyn, NY 11212	40.666201	-73.920289	0.2168585882	9	0.221456748764	7	0.261053288638	2	7	4	3280	750000	0	2500	1930	264	17	87	89	86	32	29	11	40	41	11	166
30637478_zpid	30637478_zpid	11208	105 Essex St, Brooklyn, NY 11208	40.6820189	-73.88296	0.176242909015	7	0.22458764546	3	0.255732339371	2	5	3	1272	729999	0	2330	1910	74	34	48	56	48	49	32	24	34	22	14	149
30789399_zpid	30789399_zpid	11235	72 Brighton 1st Ln, Brooklyn, NY 11235	40.577066	-73.9665002	0.0877816540957	7	0.255924846859	8	0.188847938967	2	3	2	1554	310000	144	1800	1910	308	144	204	272	172	172	128	44	156	64	56	744
30789399_zpid	30789399_zpid	11235	72 Brighton 1st Ln, Brooklyn, NY 11235	40.577066	-73.9665002	0.0877816540957	8	0.255924846859	8	0.188847938967	2	3	2	1554	310000	144	1800	1910	308	144	204	272	172	172	128	44	156	64	56	744
30702145_zpid	30702145_zpid	11209	335 99th St, Brooklyn, NY 11209	40.613979	-74.033806	0.0563535215975	8	0.278615101127	3	0.326937023042	1	3	1.5	1737	720000	42	1742	1955	158	29	21	21	25	50	37	38	7	10	5	102
29781161_zpid	29781161_zpid	10474	1301 Seneca Ave, Bronx, NY 10474	40.819122	-73.887509	0.147420890063	5	0.281294816404	5	0.326962975948	2	6	4	2200	337500	15	2500	1938	146	11	89	85	75	14	18	11	31	24	13	136
30582057_zpid	30582057_zpid	11217	36 Park Pl, Brooklyn, NY 11217	40.679009	-73.977202	0.12719977689	18	0.154338283129	6	0.269437432145	8	6	2	3500	2700000	32	2000	1901	81	125	35	43	33	38	60	63	42	13	31	173
30673346_zpid	30673346_zpid	11218	223 E 8th St, Brooklyn, NY 11218	40.644715	-73.9715779	0.151552276428	9	0.521107009685	5	0.600448131834	3	5	3	2760	1299000	0	2000	1901	148	38	50	67	41	44	31	26	27	16	8	172
30741741_zpid	30741741_zpid	11229	1927 E 13th St, Brooklyn, NY 11229	40.602587	-73.958705	0.473266545554	11	0.419162450527	6	0.434670889042	2	4	4	3080	2400000	0	3001	1925	109	34	33	34	37	65	25	18	17	11	6	108
30738807_zpid	30738807_zpid	11223	2326 E 2nd St, Brooklyn, NY 11223	40.592418	-73.968985	0.179139692765	6	0.716659533193	1	0.543230118469	2	3	3	1272	900000	7	2667	1920	200	44	64	92	40	176	152	148	64	24	16	384
30738807_zpid	30738807_zpid	11223	2326 E 2nd St, Brooklyn, NY 11223	40.592418	-73.968985	0.179139692765	2	0.716659533193	1	0.543230118469	2	3	3	1272	900000	7	2667	1920	200	44	64	92	40	176	152	148	64	24	16	384
30793909_zpid	30793909_zpid	11229	46 Dare Ct, Brooklyn, NY 11229	40.588095	-73.9219728	0.212014824776	2	1.53654107318	0	2.72387492374	0	4	3.5	1740	395000	19	1800	1925	2	3	1	13	0	0	31	11	24	2	5	38
30740013_zpid	30740013_zpid	11223	1 Brighton Ct, Brooklyn, NY 11223	40.5874281	-73.9675791	0.343279502021	5	0.377289072491	1	0.6144562754	1	5	3	3000	365000	202	1250	1920	304	36	32	56	16	72	104	92	48	4	20	208
30740013_zpid	30740013_zpid	11223	1 Brighton Ct, Brooklyn, NY 11223	40.5874281	-73.9675791	0.343279502021	5	0.905239286518	0	0.6144562754	1	5	3	3000	365000	202	1250	1920	304	36	32	56	16	72	104	92	48	4	20	208
30642578_zpid	30642578_zpid	11208	270 Ridgewood Ave, Brooklyn, NY 11208	40.683746	-73.878598	0.223977498146	6	0.324303899371	4	0.287088076673	3	4	2	2035	125000	268	1133	1910	97	34	52	61	49	50	34	22	53	29	12	172
30631977_zpid	30631977_zpid	11212	140 Tapscott St, Brooklyn, NY 11212	40.664315	-73.92039	0.144715308593	9	0.145843129882	7	0.203592720624	2	7	4	3520	276000	158	2200	1930	387	17	132	119	117	37	40	12	40	55	21	209
112506571_zpid	112506571_zpid	11215	187 13th St, Brooklyn, NY 11215	40.668536	-73.991395	0.0543344652744	11	0.36091816665	2	0.246891067102	3	3	2	1300	1462500	116	5000	2007	77	71	32	58	29	31	59	32	35	18	15	217
29797310_zpid	29797310_zpid	10462	2215 Gleason Ave, Bronx, NY 10462	40.832209	-73.850495	0.0481068488009	11	0.368095332786	4	0.251347376132	2	6	2	2964	295000	161	2575	1920	185	19	45	36	33	50	29	13	20	18	9	128
30653411_zpid	30653411_zpid	11203	923 Schenectady Ave, Brooklyn, NY 11203	40.650661	-73.932883	0.082972059439	6	0.116057633398	3	1.40991003166	0	4	3	1300	340000	136	2003	1920	165	11	75	64	75	44	25	5	34	33	11	170
30782854_zpid	30782854_zpid	11234	2243 E 72nd St, Brooklyn, NY 11234	40.617933	-73.903716	0.578962118034	1	0.487417873054	1	3.20109106028	0	5	4	2160	650000	6	4000	1920	11	13	6	11	5	13	22	11	17	2	4	62
30660384_zpid	30660384_zpid	11226	1673 Nostrand Ave, Brooklyn, NY 11226	40.645347	-73.948714	0.238314172884	4	0.28243314505	6	0.0345912063452	3	2	1	3300	264020	114	1606	1931	245	50	91	109	84	87	32	11	26	46	27	198
30664401_zpid	30664401_zpid	11225	23 Chester Ct, Brooklyn, NY 11225	40.658094	-73.961184	0.0774352917609	12	0.0823187421993	5	0.313020993718	2	4	2	2040	550000	91	1642	1910	295	92	150	119	137	12	32	16	48	39	11	193
30784075_zpid	30784075_zpid	11234	1848 E 37th St, Brooklyn, NY 11234	40.612442	-73.933469	0.333796680161	3	0.399279261504	1	2.09976283142	0	2	2	1000	377500	53	1800	1920	3	20	3	7	3	17	30	27	33	1	2	52
83045386_zpid	83045386_zpid	11207	86 Van Siclen Ave, Brooklyn, NY 11207	40.678269	-73.8920021	0.168563178037	6	0.149719423102	6	0.063436081787	5	8	4	2680	675000	105	1700	2006	119	43	85	98	62	100	50	48	47	37	15	197
30744897_zpid	30744897_zpid	11229	2184 E 26th St, Brooklyn, NY 11229	40.598012	-73.945571	0.329937557355	8	0.289724455082	3	0.8671142503	0	3	3	2626	875000	4	3500	1940	54	17	21	27	28	40	46	30	37	12	7	127
30575552_zpid	30575552_zpid	11220	353 46th St, Brooklyn, NY 11220	40.649308	-74.010843	0.168116142894	8	0.0981074966842	8	0.0817603894201	2	4	1	1500	750000	25	2003	1910	78	34	49	69	35	16	44	17	23	23	8	151
30787921_zpid	30787921_zpid	11234	40 Montana Pl, Brooklyn, NY 11234	40.605956	-73.903469	1.33450118042	0	1.35269657155	0	4.49531728558	0	6	4	3132	1799000	0	5500	1965	0	0	0	2	0	0	5	1	5	2	0	7
30638000_zpid	30638000_zpid	11207	113 Van Siclen Ave, Brooklyn, NY 11207	40.677658	-73.891296	0.23533893621	6	0.238657738178	6	0.0302697700964	5	5	2	3968	224000	273	2900	1933	460	172	332	388	220	404	172	144	208	164	52	872
30638000_zpid	30638000_zpid	11207	113 Van Siclen Ave, Brooklyn, NY 11207	40.677658	-73.891296	0.23533893621	6	0.238657738178	5	0.0302697700964	5	5	2	3968	224000	273	2900	1933	460	172	332	388	220	404	172	144	208	164	52	872
29781309_zpid	29781309_zpid	10474	628 Coster St, Bronx, NY 10474	40.812955	-73.886724	0.187494096341	4	0.270324555891	3	0.890085302027	0	8	3.5	3272	551000	9	2000	1910	127	17	90	76	66	24	17	2	27	16	12	144
30791895_zpid	30791895_zpid	11235	2720 Voorhies Ave, Brooklyn, NY 11235	40.586824	-73.94159	0.340740584563	5	0.529711214552	1	1.06225406579	0	6	3	3106	830000	74	4200	1901	24	9	15	27	12	33	23	28	37	4	5	99
30722510_zpid	30722510_zpid	11223	1821 Stillwell Ave, Brooklyn, NY 11223	40.602086	-73.985923	0.414303402984	9	0.410486145723	6	0.49377606493	3	2	1	2660	367000	168	2500	1955	30	15	10	8	6	30	19	35	11	6	3	51
2099536949_zpid	2099536949_zpid	11214	43 Bay 25 St, Brooklyn, NY 11214	40.603162	-73.998152	0.283004401815	9	0.220525681734	11	0.155185262048	3	5	3	3800	3380000	0	3841	1910	166	22	43	57	42	84	42	37	23	15	6	186
30637966_zpid	30637966_zpid	11207	171 Miller Ave, Brooklyn, NY 11207	40.6771249	-73.89211	0.277546788192	6	0.266672740253	4	0.0839779932366	5	5	3.5	1900	529000	33	2500	1901	114	42	84	106	60	99	45	37	47	46	12	208
29791557_zpid	29791557_zpid	10473	418 Torry Ave, Bronx, NY 10473	40.8152029	-73.848916	0.174798354387	3	0.564277543666	2	2.13602409007	0	3	2	1944	325000	28	1949	1965	15	4	6	5	3	13	9	7	8	4	3	32
30651114_zpid	30651114_zpid	11212	115 E 95th St, Brooklyn, NY 11212	40.662982	-73.92462	0.0421881946896	11	0.0562053601522	6	0.254367468178	2	9	5	3198	350000	139	3267	1930	448	20	150	151	138	48	18	10	38	61	24	266
30729866_zpid	30729866_zpid	11214	54 Bay 38th St, Brooklyn, NY 11214	40.597406	-73.989274	0.122317147449	9	0.183577865881	5	0.209308623881	2	5	3.5	2340	802000	92	1932	1960	152	56	56	76	44	228	144	88	60	24	8	360
29813155_zpid	29813155_zpid	10462	1708 Matthews Ave, Bronx, NY 10462	40.845093	-73.861096	0.194169771316	9	0.214880629917	4	0.746389931477	1	3	3	1566	402000	107	1260	1970	166	26	52	70	44	66	37	20	31	26	10	136
30713579_zpid	30713579_zpid	11228	1424 Bath Ave, Brooklyn, NY 11228	40.608806	-74.014787	0.362957083048	4	0.613806962343	1	1.10702471617	0	7	3	2709	1150000	6	2128	1950	7	7	3	10	2	22	25	24	20	2	5	49
30719025_zpid	30719025_zpid	11230	1469 E 8th St, Brooklyn, NY 11230	40.613131	-73.965581	0.284509684886	7	0.240199287564	4	0.722762191461	1	7	5	5950	1600000	20	4000	1998	46	18	19	33	29	64	41	23	31	9	4	124
30621845_zpid	30621845_zpid	11222	33 Sutton St, Brooklyn, NY 11222	40.723996	-73.940707	0.213353539838	8	0.286578725179	1	0.894563436615	0	4	2	1700	645000	55	1700	1910	26	35	21	40	13	12	35	28	28	7	14	144
30619158_zpid	30619158_zpid	11249	74 S 2nd St, Brooklyn, NY 11249	40.7141174	-73.9648604	0.186700653346	9	0.451343884107	4	0.742796327811	1	4	3	1900	50000	10	3750	1930	92	404	28	112	24	92	84	60	76	12	32	396
30619158_zpid	30619158_zpid	11249	74 S 2nd St, Brooklyn, NY 11249	40.7141174	-73.9648604	0.186700653346	10	0.451343884107	4	0.742796327811	1	4	3	1900	50000	10	3750	1930	92	404	28	112	24	92	84	60	76	12	32	396
30720476_zpid	30720476_zpid	11223	1637 W 8th St, Brooklyn, NY 11223	40.6069045	-73.9812379	0.206527654742	12	0.305816789609	6	0.340220680009	3	3	2.5	1050	530000	33	1650	1930	77	18	36	19	29	61	17	26	13	10	3	79
2102183181_zpid	2102183181_zpid	11214	8859 17th Avenue, Brooklyn, NY 11214	40.603175	-74.010085	0.263674120952	5	0.300573042007	2	0.88369063024	0	6	4	2280	980000	6	1960	1960	14	13	10	23	6	32	16	39	16	1	2	70
30701192_zpid	30701192_zpid	11209	60 Oliver St, Brooklyn, NY 11209	40.619574	-74.038053	0.432937374503	7	0.479998997302	3	0.689002814302	1	3	1.75	1472	750000	26	2500	1925	163	24	16	28	18	26	33	22	11	4	4	96
30752843_zpid	30752843_zpid	11210	1171 E 35th St, Brooklyn, NY 11210	40.625542	-73.941492	0.118640820707	5	0.558269784627	2	0.963976631975	0	2	2	1280	131000	242	2000	1910	524	56	280	216	216	300	208	88	140	68	48	520
30752843_zpid	30752843_zpid	11210	1171 E 35th St, Brooklyn, NY 11210	40.625542	-73.941492	0.362374827297	4	0.558269784627	2	0.963976631975	0	2	2	1280	131000	242	2000	1910	524	56	280	216	216	300	208	88	140	68	48	520
30788329_zpid	30788329_zpid	11234	2260 E 65th St, Brooklyn, NY 11234	40.614016	-73.9088699	0.335985347741	3	0.361699880164	1	3.68133109733	0	6	4	4658	1650000	108	5100	1955	1	12	5	6	2	11	8	11	10	0	1	51
30791917_zpid	30791917_zpid	11235	2725 E 27th St, Brooklyn, NY 11235	40.586544	-73.941869	0.373533470447	4	0.566819404068	1	1.03937870175	0	6	4	2706	710000	15	4200	1901	96	32	60	108	48	140	92	100	148	16	20	384
30791917_zpid	30791917_zpid	11235	2725 E 27th St, Brooklyn, NY 11235	40.586544	-73.941869	0.358648965252	5	0.566819404068	1	1.03937870175	0	6	4	2706	710000	15	4200	1901	96	32	60	108	48	140	92	100	148	16	20	384
30748445_zpid	30748445_zpid	11235	2468 Bragg St, Brooklyn, NY 11235	40.592791	-73.934941	0.164522680235	7	0.42840488244	3	1.73089247743	0	5	3	2244	615000	14	2000	1955	6	12	9	2	5	3	7	14	6	2	1	56
30568286_zpid	30568286_zpid	11201	128 Pacific St, Brooklyn, NY 11201	40.68962	-73.9956629	0.085058958103	15	0.158617800873	4	0.559012397791	4	7	4	4670	3950000	7	2500	1900	59	81	23	66	18	31	69	41	33	12	6	188
30674694_zpid	30674694_zpid	11218	433 E 8th St, Brooklyn, NY 11218	40.639435	-73.97058	0.385273708908	10	0.107941876704	7	0.588930756918	3	4	1.5	1340	755000	5	1999	1905	888	228	332	336	188	308	156	264	124	84	44	900
30674694_zpid	30674694_zpid	11218	433 E 8th St, Brooklyn, NY 11218	40.639435	-73.97058	0.385273708908	10	0.107941876704	6	0.588930756918	3	4	1.5	1340	755000	5	1999	1905	888	228	332	336	188	308	156	264	124	84	44	900
30642795_zpid	30642795_zpid	11208	428 Ridgewood Ave, Brooklyn, NY 11208	40.685097	-73.872912	0.184940888374	5	0.101637548851	4	0.224293294259	3	8	3	3300	610000	2	2000	1901	110	41	69	97	61	77	41	19	70	45	9	214
83178624_zpid	83178624_zpid	10473	866 Havemeyer Ave, Bronx, NY 10473	40.8252855	-73.8461316	0.425738877024	3	0.582892224148	2	1.10512926954	0	3	3	2256	491790	123	2178	2005	68	32	20	24	16	80	40	16	28	16	16	124
30788527_zpid	30788527_zpid	11234	2539 E 63rd St, Brooklyn, NY 11234	40.609428	-73.910147	0.742327960867	1	0.871746787023	0	4.02932414003	0	3	3	1782	594750	19	1800	1960	2	5	2	5	2	18	9	24	20	2	1	31
29788626_zpid	29788626_zpid	10467	290 Reservoir Pl, Bronx, NY 10467	40.8787468	-73.8750641	0.120365297066	8	0.105789145616	4	0.351007573081	3	6	2	3324	625000	0	2848	1899	373	102	123	159	155	49	24	31	43	42	25	200
30783401_zpid	30783401_zpid	11234	6221 Strickland Ave, Brooklyn, NY 11234	40.614378	-73.911616	0.194402039364	6	0.368977920325	1	3.67250347859	0	4	3	5000	425000	305	4200	2006	4	9	6	7	2	13	11	6	13	0	2	34
30781113_zpid	30781113_zpid	11234	1523 E 57th St, Brooklyn, NY 11234	40.616432	-73.919509	0.137577855827	6	0.857968565866	0	2.99742951317	0	4	2	1410	480000	6	2000	1940	17	12	14	7	14	36	24	13	23	6	6	114
30608234_zpid	30608234_zpid	11216	413 Greene Ave, Brooklyn, NY 11216	40.688258	-73.954307	0.0502564481857	9	0.330337803186	6	0.296212204124	2	8	4	2520	960000	24	2000	1931	94	58	62	77	54	29	20	9	18	30	31	177
30771566_zpid	30771566_zpid	11236	22 Paerdegat 11th St, Brooklyn, NY 11236	40.628622	-73.904241	0.992899367612	0	0.82930362322	0	2.0174490428	0	6	3	2450	580000	10	1983	1965	152	12	52	64	32	176	80	24	104	20	28	160
30582340_zpid	30582340_zpid	11217	131 Saint Johns Pl, Brooklyn, NY 11217	40.677067	-73.975055	0.210691350605	17	0.240935612547	6	0.238804016099	4	7	5.5	3484	999000	56	1742	1887	236	324	56	124	84	56	212	184	132	36	68	540
30693970_zpid	30693970_zpid	11209	7214 Colonial Rd, Brooklyn, NY 11209	40.634514	-74.032729	0.0732147769934	9	0.475112417576	3	0.791643715782	0	5	2.5	2360	800000	48	2200	1920	117	10	16	27	21	43	30	95	20	5	3	87
29840679_zpid	29840679_zpid	10475	3409 De Reimer Ave, Bronx, NY 10475	40.879559	-73.836976	0.722046513549	1	0.370531428482	3	0.0846577020829	1	3	2	3750	360000	42	37	1957	0	0	5	8	5	9	10	3	7	4	0	29
