30572884_zpid	30572884_zpid	11231	109 2nd Pl, Brooklyn, NY 11231	40.679585	-73.9967039	0.103606839417	13	0.604813359179	3	0.237412180667	2	4	4	3360	2750000	16	1400	1901	33	47	18	48	14	19	60	22	27	8	9	170
30608098_zpid	30608098_zpid	11221	748 Lafayette Ave, Brooklyn, NY 11221	40.6907858	-73.9433117	0.296344829574	10	0.194948020042	4	0.705656595743	2	4	3.5	2471	1465000	0	1917	1899	141	43	76	99	78	24	25	8	27	41	19	162
30788076_zpid	30788076_zpid	11234	126 Barlow Dr S, Brooklyn, NY 11234	40.608857	-73.905342	0.975436819173	0	0.99444266024	0	4.21787356202	0	4	2.5	2549	1100000	0	1742400	1960	2	1	1	7	0	3	9	2	7	2	1	21
29795947_zpid	29795947_zpid	10472	1234 Manor Ave, Bronx, NY 10472	40.830148	-73.876339	0.260337289175	5	0.37445419159	2	0.161544420655	2	6	2.5	1392	245200	137	1999	1920	391	55	202	217	198	51	27	9	73	75	20	310
30599909_zpid	30599909_zpid	11233	392 Bainbridge St # 2, Brooklyn, NY 11233	40.68185	-73.921155	0.371819207545	7	0.411143127709	2	0.347682874074	2	6	2	2175	825000	21	1725	1901	211	57	132	168	131	26	34	12	62	92	26	261
30660513_zpid	30660513_zpid	11203	1103 New York Ave, Brooklyn, NY 11203	40.646287	-73.945879	0.325780314417	5	0.217441861632	4	0.29188399915	3	4	2	1504	350000	11	1922	1920	77	9	76	51	50	32	11	2	17	16	14	72
30601454_zpid	30601454_zpid	11233	19 Louis Pl # A, Brooklyn, NY 11233	40.677199	-73.917059	0.1813505687	3	0.423674817281	3	0.413313870451	2	5	2	2040	140000	6	2888	1901	207	16	119	134	97	44	35	17	55	63	32	184
30713325_zpid	30713325_zpid	11214	112 Bay 25th St, Brooklyn, NY 11214	40.601988	-74.000107	0.186863685377	6	0.281603655562	9	0.329510663503	3	3	2	2856	950000	28	4229	1899	171	20	43	54	41	77	41	37	20	18	11	178
30733929_zpid	30733929_zpid	11224	4620 Beach 46th St, Brooklyn, NY 11224	40.576275	-74.011458	0.329319112113	1	0.816121840773	0	2.5587405225	0	4	3	2	585500	45	3220	1901	20	24	12	60	12	0	36	0	16	4	0	52
30663402_zpid	30663402_zpid	11203	711 E 43rd St, Brooklyn, NY 11203	40.63791	-73.935431	0.192852944283	5	0.978975530951	0	1.1201077691	0	6	2.5	1958	10000	97	1775	1935	21	9	7	13	10	34	17	4	19	11	5	60
30745680_zpid	30745680_zpid	11229	1617 Avenue W, Brooklyn, NY 11229	40.594729	-73.95402	0.0401633913407	14	0.115278494827	6	0.112312855798	2	3	2	1617	625000	117	2200	1935	111	23	28	25	36	47	25	23	25	15	4	114
30749454_zpid	30749454_zpid	11235	2537 E 27th St, Brooklyn, NY 11235	40.590396	-73.942612	0.235800911501	11	0.272726295791	3	1.05070797541	0	4	2.5	2580	670000	73	2003	1955	240	68	72	80	44	140	112	164	124	20	16	400
30749454_zpid	30749454_zpid	11235	2537 E 27th St, Brooklyn, NY 11235	40.590396	-73.942612	0.235800911501	11	0.272726295791	2	1.05070797541	0	4	2.5	2580	670000	73	2003	1955	240	68	72	80	44	140	112	164	124	20	16	400
30656344_zpid	30656344_zpid	11203	5402 Clarendon Rd, Brooklyn, NY 11203	40.644419	-73.925531	0.270240225561	4	0.747442854177	1	1.98029088173	0	5	3	3300	485000	45	2000	1940	107	22	25	17	24	26	37	9	10	10	6	98
30615565_zpid	30615565_zpid	11217	64 S Portland Ave, Brooklyn, NY 11217	40.687717	-73.975038	0.0411318479022	9	0.127724076659	3	0.0509657481364	8	6	4	3705	2500000	0	2000	1901	38	56	20	26	10	11	25	21	15	10	11	130
29827970_zpid	29827970_zpid	10469	1010 E 211th St, Bronx, NY 10469	40.875102	-73.857213	0.0926358571321	6	0.781367898034	0	0.819147925112	0	6	3	2637	540000	117	2756	1945	61	4	26	39	23	43	22	6	32	23	15	79
30773040_zpid	30773040_zpid	11236	889 E 94th St, Brooklyn, NY 11236	40.647585	-73.90881	0.404340256507	4	0.925381672767	0	0.596921915207	1	5	3	1200	182500	300	2200	1930	26	5	18	27	16	39	29	8	8	14	4	88
29826904_zpid	29826904_zpid	10467	761 E 220th St, Bronx, NY 10467	40.88377	-73.860129	0.201346228193	5	0.338739322186	1	0.21769622602	2	8	3	2588	285000	156	5715	1899	140	10	74	93	79	65	13	3	29	47	9	143
30659517_zpid	30659517_zpid	11203	194 E 35th St, Brooklyn, NY 11203	40.650471	-73.944987	0.281628497384	3	0.358930863493	4	0.389698012516	2	4	2	1650	140000	273	1800	1910	133	21	100	96	79	65	13	9	26	31	11	116
30789553_zpid	30789553_zpid	11235	410 Ocean View Ave, Brooklyn, NY 11235	40.579029	-73.963583	0.2302862485	7	0.17537604316	6	0.247141129514	2	6	3	2480	525000	46	3000	1925	628	284	316	420	260	300	208	112	200	128	120	1156
30789553_zpid	30789553_zpid	11235	410 Ocean View Ave, Brooklyn, NY 11235	40.579029	-73.963583	0.2302862485	8	0.17537604316	6	0.247141129514	2	6	3	2480	525000	46	3000	1925	628	284	316	420	260	300	208	112	200	128	120	1156
30645276_zpid	30645276_zpid	11208	224 Fountain Ave, Brooklyn, NY 11208	40.6745001	-73.8753765	0.170287793253	8	0.127523834354	4	0.292865314015	2	4	3	3800	200000	33	2000	2002	748	88	408	468	364	240	192	28	140	244	84	792
30789440_zpid	30789440_zpid	11235	45 Brighton 1st Ln, Brooklyn, NY 11235	40.5773384	-73.9659784	0.0534141712433	8	0.256598269286	7	0.241964616731	2	6	4	1530	665000	88	1800	1910	384	156	240	316	232	184	128	48	172	76	72	872
30789440_zpid	30789440_zpid	11235	45 Brighton 1st Ln, Brooklyn, NY 11235	40.5773384	-73.9659784	0.0534141712433	7	0.208566468961	8	0.241964616731	2	6	4	1530	665000	88	1800	1910	384	156	240	316	232	184	128	48	172	76	72	872
29778569_zpid	29778569_zpid	10452	1074 Dr Martin L King Jr Blvd, Bronx, NY 10452	40.835084	-73.929722	0.41403293925	4	0.20322377788	3	0.702719341914	1	4	2	1946	183000	15	5000	1901	1592	216	708	740	720	160	80	24	308	292	120	1152
30763083_zpid	30763083_zpid	11234	1536 E 51st St, Brooklyn, NY 11234	40.62294	-73.926586	0.0923938893198	9	0.100136613731	1	2.09241747003	0	3	2.5	868	400000	6	1742	1920	8	32	7	15	8	49	35	16	18	6	6	117
30606002_zpid	30606002_zpid	11233	109 Bainbridge St, Brooklyn, NY 11233	40.680954	-73.9332079	0.183920215076	9	0.177948904421	4	0.274083862993	2	8	4	3600	700000	68	2000	1910	86	52	70	83	57	10	23	5	26	27	14	127
30715937_zpid	30715937_zpid	11230	1022 E 2nd St, Brooklyn, NY 11230	40.625416	-73.975241	0.167901981883	7	0.178334993117	7	0.0755856168541	3	8	3	3300	935000	17	3300	1920	212	48	56	132	80	108	116	152	36	8	28	276
30721110_zpid	30721110_zpid	11223	1662 E 8th St, Brooklyn, NY 11223	40.60806	-73.965238	0.21336966248	7	0.385940510417	4	0.63103020103	2	3	1.5	1370	720000	7	2049	1930	62	14	12	27	28	19	19	13	21	11	5	88
30577050_zpid	30577050_zpid	11220	442 50th St, Brooklyn, NY 11220	40.645615	-74.011641	0.15172505699	10	0.146508915674	11	0.211064055175	3	4	3	3012	1230000	9	2003	1901	141	60	64	111	61	35	69	32	38	37	13	281
30631200_zpid	30631200_zpid	11207	1505 Bushwick Ave, Brooklyn, NY 11207	40.6831109	-73.906326	0.00556268675382	3	0.255114665116	2	0.133430663861	7	5	3	3783	611659	130	1625	2004	308	84	264	336	212	52	92	60	56	120	48	572
30643060_zpid	30643060_zpid	11208	215 Grant Ave, Brooklyn, NY 11208	40.685692	-73.867498	0.287947457185	9	0.072404303332	6	0.59915428412	3	6	3	2320	690000	5	2000	1899	56	29	42	57	33	51	25	10	37	26	5	133
30609979_zpid	30609979_zpid	11221	522 Putnam Ave, Brooklyn, NY 11221	40.684868	-73.940534	0.153670050089	9	0.291652716212	6	0.551376323674	1	1	1	3240	900000	16	1800	1901	124	27	77	93	67	12	24	9	35	38	9	148
30596128_zpid	30596128_zpid	11233	1370 Saint Marks Ave, Brooklyn, NY 11233	40.673512	-73.923156	0.445020948209	5	0.435959340067	3	0.598109236088	1	6	3	2430	710000	2	1875	1910	171	28	107	90	83	20	19	4	34	33	14	156
29824487_zpid	29824487_zpid	10469	2903 Dewitt Pl, Bronx, NY 10469	40.868061	-73.847066	0.323464527994	2	0.96708633044	0	0.172893461408	1	2	1	1520	240000	36	1524	1950	35	16	18	22	15	38	23	11	23	16	5	74
29851221_zpid	29851221_zpid	10464	625 King Ave, Bronx, NY 10464	40.855523	-73.789698	0.0346845730114	1	3.27096940267	0	3.16152622629	0	2	2	2043	598000	45	5000	1925	0	17	0	2	1	2	7	22	4	1	2	16
30626175_zpid	30626175_zpid	11221	14 Kossuth Pl, Brooklyn, NY 11221	40.6932346	-73.9271022	0.148169379588	9	0.0589831959982	4	0.144975951893	3	7	3.5	2400	463000	24	2500	1899	203	88	85	116	115	50	42	20	46	43	36	305
30614599_zpid	30614599_zpid	11238	582 Washington Ave, Brooklyn, NY 11238	40.6815989	-73.9646776	0.0500139364805	12	0.184509300975	5	0.285223615551	2	5	3.5	3860	2350000	19	1935	1899	107	153	47	103	70	44	54	32	36	20	26	215
30664876_zpid	30664876_zpid	11225	140 Midwood St, Brooklyn, NY 11225	40.6595579	-73.955924	0.388124966405	11	0.467611181599	9	0.556078675402	4	4	3	2960	2100000	9	2000	1901	464	113	216	173	188	33	46	21	65	65	15	298
30585686_zpid	30585686_zpid	11215	354 12th St, Brooklyn, NY 11215	40.665808	-73.9851319	0.220802966089	20	0.257992180068	6	0.410820405108	5	1	1	1390	160000	262	2500	1899	73	87	22	68	22	44	67	35	30	21	16	221
30580496_zpid	30580496_zpid	11215	309 20th St, Brooklyn, NY 11215	40.660518	-73.990144	0.293956602222	13	0.314707167824	5	0.59170245199	2	9	4	2700	710000	98	2000	1910	29	42	14	36	13	28	45	10	15	7	8	107
29842719_zpid	29842719_zpid	10461	2918 Zulette Ave, Bronx, NY 10461	40.841913	-73.832405	0.331052737479	6	0.63676743269	1	0.394882253411	2	4	2	1791	400000	20	2395	1920	300	76	80	68	68	180	136	96	52	52	16	436
30776869_zpid	30776869_zpid	11236	10566 Flatlands 3rd St, Brooklyn, NY 11236	40.644564	-73.888629	0.494640077386	4	0.457557903963	3	1.13498201459	0	5	1	2200	505000	7	2199	1960	152	12	36	48	48	56	44	8	36	24	20	180
30567234_zpid	30567234_zpid	11201	192 Columbia Hts, Brooklyn, NY 11201	40.69749	-73.99701	0.26716572018	12	0.361459952691	2	0.33118979734	3	7	3.5	6500	15000000	0	2492	1856	45	82	19	24	18	5	42	18	17	8	12	119
30713055_zpid	30713055_zpid	11214	142 Bay 14th St, Brooklyn, NY 11214	40.60644	-74.00883	0.0711938882249	10	0.34211666235	6	0.622771222376	1	5	2	2000	825000	13	2160	1930	16	20	13	27	6	32	18	34	20	1	2	79
29797374_zpid	29797374_zpid	10462	2213 Ellis Ave, Bronx, NY 10462	40.832945	-73.850568	0.0403482558889	12	0.292231998783	4	0.176035284746	2	3	1.5	1371	369000	14	2575	1940	199	20	51	45	36	57	29	14	21	20	13	140
30611939_zpid	30611939_zpid	11205	171 Classon Ave, Brooklyn, NY 11205	40.695223	-73.961065	0.173345412922	9	0.280558002217	8	0.711850240187	1	6	4	1260	245000	26	1306	1901	192	272	108	204	92	168	88	144	116	36	92	660
30611939_zpid	30611939_zpid	11205	171 Classon Ave, Brooklyn, NY 11205	40.695223	-73.961065	0.173345412922	9	0.433482948501	7	0.711850240187	1	6	4	1260	245000	26	1306	1901	192	272	108	204	92	168	88	144	116	36	92	660
30704980_zpid	30704980_zpid	11228	1565 74th St, Brooklyn, NY 11228	40.61742	-74.0005989	0.124505127584	11	0.285845878307	4	0.282470299702	2	5	3	2574	1080000	3	3998	1925	7	3	9	12	10	25	15	28	8	2	1	48
30667835_zpid	30667835_zpid	11226	2204 Beverley Rd, Brooklyn, NY 11226	40.644436	-73.956391	0.29688720146	10	0.289808111887	4	0.632055167455	3	5	2	2080	490000	12	1500	1910	555	118	289	300	298	61	41	22	65	105	27	478
29812624_zpid	29812624_zpid	10460	1638 Melville St, Bronx, NY 10460	40.841401	-73.868831	0.245645430049	4	0.544583055177	3	0.39601234465	1	5	3	1850	469000	15	2500	1899	238	27	79	93	104	51	21	13	31	47	27	156
30662952_zpid	30662952_zpid	11203	1312 Schenectady Ave, Brooklyn, NY 11203	40.640665	-73.932456	0.14588079041	7	1.04710005918	0	1.34996800773	0	4	4.5	1600	385000	43	2395	1920	33	16	13	22	12	53	28	12	25	16	7	114
30733676_zpid	30733676_zpid	11224	5133 Surf Ave, Brooklyn, NY 11224	40.579421	-74.009125	0.137103784845	1	0.649991278998	1	2.36871572229	0	5	2.5	2284	515000	143	4373	1970	11	5	3	16	4	1	15	0	9	1	2	20
30619405_zpid	30619405_zpid	11211	170 S 4th St, Brooklyn, NY 11211	40.7110819	-73.961264	0.203425480621	13	0.369991349934	5	0.417772491871	1	1	1	3360	2275000	12	1449	1899	452	840	324	544	256	100	196	140	144	112	96	1100
112506036_zpid	112506036_zpid	11238	321 Greene Ave APT 3B, Brooklyn, NY 11238	40.6876786	-73.9585813	0.330566658001	12	0.331394840328	7	0.182945574305	3	2	1	860	704000	20	19602.0	1925	76	77	42	57	36	14	25	13	29	11	20	98
30712878_zpid	30712878_zpid	11228	109 Bay 10th St, Brooklyn, NY 11228	40.608598	-74.010861	0.204323965913	7	0.373645739589	4	0.774490052971	0	4	3	1500	499000	8	2000	1925	7	11	3	12	2	21	35	29	25	2	4	58
30764459_zpid	30764459_zpid	11234	1621 E 51st St, Brooklyn, NY 11234	40.620799	-73.925772	0.156723347108	11	0.348010737403	1	2.28246463832	0	3	2	1440	449000	0	1850	1920	8	32	2	9	8	45	31	16	16	4	8	137
30659841_zpid	30659841_zpid	11203	219 E 42nd St, Brooklyn, NY 11203	40.6504218	-73.9378	0.186076756475	3	0.504678102469	3	0.995593461378	0	4	2	1915	455000	11	3001	1915	122	12	69	64	66	49	18	5	28	26	10	116
30792973_zpid	30792973_zpid	11229	2250 Plumb 2nd St, Brooklyn, NY 11229	40.59758	-73.931898	0.471063848714	6	0.44488534739	1	1.98342493349	0	2	2	868	360000	12	1799	1935	68	76	4	28	8	36	88	32	68	12	8	180
68314737_zpid	68314737_zpid	11236	1120 E 92nd St, Brooklyn, NY 11236	40.6420657	-73.906038	0.241628789452	6	0.802793275897	0	0.621302224675	1	6	4.75	2024	450000	4	2024	2005	41	7	21	20	13	65	31	7	15	16	7	107
30668373_zpid	30668373_zpid	11226	459 E 19th St, Brooklyn, NY 11226	40.6395849	-73.959876	0.331253074811	9	0.319659644897	6	0.370599187413	3	5	2.5	3606	1815000	7	7110	1899	474	108	204	204	197	60	37	29	52	86	10	341
30603074_zpid	30603074_zpid	11221	563 Quincy St, Brooklyn, NY 11221	40.688763	-73.936853	0.353513557859	7	0.241897394375	4	0.848674271462	0	3	2	1863	655000	11	1772	1899	204	44	118	164	84	40	36	13	42	65	38	245
30680083_zpid	30680083_zpid	11204	1851 60th St, Brooklyn, NY 11204	40.621374	-73.985687	0.353438997135	2	0.415958189079	3	0.407002833962	2	5	2	2025	995000	12	2504	1910	24	16	17	27	6	51	43	90	24	9	8	113
30590132_zpid	30590132_zpid	11238	166 Prospect Pl, Brooklyn, NY 11238	40.677908	-73.971458	0.150523123853	18	0.141154286834	6	0.0922125148412	4	5	3	3340	3300000	35	1933	1899	79	39	28	36	23	8	30	13	19	10	7	90
29787754_zpid	29787754_zpid	10458	2656 Bainbridge Ave, Bronx, NY 10458	40.8649739	-73.891543	0.414982278344	10	0.0530423088327	10	0.277784131942	5	7	2	4408	400000	69	3092	1910	553	71	222	236	277	32	19	3	81	74	28	371
30696903_zpid	30696903_zpid	11209	432 78th St, Brooklyn, NY 11209	40.627963	-74.025215	0.174492422328	16	0.238057350576	3	0.199599509556	2	6	3	2440	940000	14	2000	1925	101	55	42	41	30	43	57	55	21	26	7	163
30787800_zpid	30787800_zpid	11234	453 Mayfair Dr S, Brooklyn, NY 11234	40.60745	-73.9080309	1.01431350348	0	1.09594443954	0	4.14864174434	0	3	3	2310	995000	20	3817	1970	2	4	2	7	2	11	6	18	15	4	1	29
30608002_zpid	30608002_zpid	11205	534 Lafayette Ave, Brooklyn, NY 11205	40.689368	-73.95358	0.188216186459	10	0.260040459734	6	0.179345242679	2	2	1	2880	750000	25	2000	1901	108	40	19	36	19	16	22	20	11	10	13	95
30782550_zpid	30782550_zpid	11234	2159 E 70th St, Brooklyn, NY 11234	40.618404	-73.906713	0.33956729431	2	0.262308210314	1	3.17149713297	0	4	2.5	2000	605000	116	2500	1975	14	8	8	13	6	16	13	10	21	3	4	55
30745373_zpid	30745373_zpid	11229	2218 E 12th St, Brooklyn, NY 11229	40.595751	-73.960093	0.228045837261	8	0.351332518292	6	0.420662304846	2	3	1.5	1952	618000	45	3240	1930	60	15	10	17	15	34	12	11	8	2	3	58
29793600_zpid	29793600_zpid	10473	2025 Turnbull Ave, Bronx, NY 10473	40.823541	-73.854223	0.44055556077	4	0.384704836317	3	1.21275260801	0	3	2	2009	260000	61	2060	1940	77	23	24	24	17	16	17	5	13	8	5	74
29786000_zpid	29786000_zpid	10453	2092 Davidson Ave, Bronx, NY 10453	40.854918	-73.90716	0.361175613579	11	0.365787339539	11	0.16894585907	4	5	2.5	2340	355000	50	1873	1996	697	46	249	273	279	46	28	21	108	83	32	404
30753016_zpid	30753016_zpid	11210	2210 Avenue K, Brooklyn, NY 11210	40.623333	-73.953575	0.560095238484	4	0.670355137531	5	0.645181044301	1	5	2.5	2420	1330500	29	5000	1920	6	1	3	3	0	13	11	3	18	1	0	22
30585865_zpid	30585865_zpid	11215	269 14th St, Brooklyn, NY 11215	40.666008	-73.987945	0.0834039026014	20	0.155191318066	5	0.421250859701	4	2	1	3096	2200000	9	3000	1901	89	87	25	69	25	48	73	22	36	24	22	229
29791741_zpid	29791741_zpid	10473	2278 Lacombe Ave, Bronx, NY 10473	40.817027	-73.8447039	0.355694666908	3	0.223456365834	2	2.00842669228	0	3	1	1888	325000	71	2744	1960	12	3	12	1	2	10	5	3	6	3	3	38
30780268_zpid	30780268_zpid	11234	6623 Avenue M, Brooklyn, NY 11234	40.622923	-73.915806	0.348865266109	4	0.818015249628	0	2.89286559863	0	8	3	3291	565000	12	4060	1970	18	7	8	8	7	54	22	22	17	6	8	109
30587861_zpid	30587861_zpid	11215	479 9th St, Brooklyn, NY 11215	40.6664249	-73.980044	0.127141301654	17	0.493281562614	3	0.0279140177528	2	1	1	2720	800000	158	1400	1901	49	61	17	40	14	25	61	37	26	7	18	170
30759602_zpid	30759602_zpid	11210	1085 E 40th St, Brooklyn, NY 11210	40.6287809	-73.937327	0.46475454386	3	0.67280204865	1	0.981416852481	0	3	1.5	1770	424000	56	4000	1955	70	7	32	38	24	36	30	17	18	15	11	87
29782094_zpid	29782094_zpid	10453	1865 Harrison Ave, Bronx, NY 10453	40.851971	-73.912789	0.205790640492	10	0.265642621984	6	0.397545386313	5	4	2	2206	329000	134	3005	1921	702	58	256	284	256	93	37	13	113	75	31	391
30640942_zpid	30640942_zpid	11207	581 Miller Ave, Brooklyn, NY 11207	40.666368	-73.889344	0.334668893278	9	0.383534743117	6	0.112939156102	4	10	4	3690	365350	145	2375	1920	232	23	141	140	143	34	42	11	65	72	20	260
83047148_zpid	83047148_zpid	11207	96 Covert St, Brooklyn, NY 11207	40.6872649	-73.911	0.394613048253	12	0.333824984289	3	0.480003091321	4	7	5	3646	1500000	0	1698	2010	121	29	107	149	88	29	31	16	36	65	27	221
30776702_zpid	30776702_zpid	11236	1122 E 104th St, Brooklyn, NY 11236	40.643149	-73.891452	0.55846163434	5	0.522931732465	4	0.961034621128	0	4	2	2000	461000	10	2000	1960	180	20	72	88	56	112	52	28	44	52	28	276
29786261_zpid	29786261_zpid	10453	2070 Harrison Ave, Bronx, NY 10453	40.855105	-73.909163	0.298037908905	9	0.434991391127	7	0.222096980219	4	2	1	2100	225000	272	2000	1970	624	34	211	256	244	76	32	22	105	77	32	359
30767238_zpid	30767238_zpid	11236	8824 Bedell Ln, Brooklyn, NY 11236	40.643235	-73.91085	0.226936128819	6	0.594294232502	1	0.850139078834	0	3	2.5	800	375000	26	2346	1915	32	6	22	18	10	53	26	4	19	17	4	93
30698890_zpid	30698890_zpid	11209	8307 4th Ave, Brooklyn, NY 11209	40.6246374	-74.027217	0.19482817326	16	0.203792292578	6	0.238949840607	2	1	1	4968	300000	245	2622	1930	134	79	43	44	26	52	36	28	15	29	5	207
30717948_zpid	30717948_zpid	11230	1438 E 4th St, Brooklyn, NY 11230	40.615446	-73.971454	0.130348594566	9	0.172752477529	3	0.234279591174	3	6	3	2112	915000	3	3484	1930	168	32	56	92	80	184	152	92	84	20	24	296
30666733_zpid	30666733_zpid	11226	1440 Albemarle Rd, Brooklyn, NY 11226	40.6463729	-73.965681	0.247158024995	10	0.585657301488	3	0.258720969673	3	8	6	6480	2500001	9	13068.0	1901	1024	156	644	648	788	96	64	52	176	188	24	924
29844149_zpid	29844149_zpid	10465	3285 Lucerne St, Bronx, NY 10465	40.843075	-73.818175	0.935904896724	0	0.671562585652	1	1.28146248055	0	5	2	2308	580000	20	4000	1960	1	9	4	4	0	15	23	13	7	1	0	35
30670879_zpid	30670879_zpid	11218	409 Vanderbilt St, Brooklyn, NY 11218	40.653053	-73.977921	0.132845635724	7	0.414137141372	1	0.405818250251	1	2	1	2040	900000	121	1800	1910	40	84	48	80	40	84	88	108	68	4	16	208
30733601_zpid	30733601_zpid	11224	1522 Neptune Ave, Brooklyn, NY 11224	40.5788427	-73.9837396	0.245232893133	2	0.449708198689	5	0.264436825872	2	5	6	3720	610000	104	3702	1931	208	32	88	132	104	60	108	52	52	68	16	324
30614851_zpid	30614851_zpid	11238	550 Franklin Ave, Brooklyn, NY 11238	40.679674	-73.955663	0.110851603618	10	0.230298646566	7	0.103566150993	5	3	1	3200	255000	169	1782	1910	85	108	48	65	43	37	26	17	18	16	20	160
29812660_zpid	29812660_zpid	10460	1632 Taylor Ave, Bronx, NY 10460	40.841628	-73.867892	0.150415677082	7	0.512756259613	4	0.472197973115	1	5	1	1500	650000	114	2395	1928	219	25	77	88	102	50	20	13	30	45	26	151
30605519_zpid	30605519_zpid	11233	471 Macdonough St, Brooklyn, NY 11233	40.683143	-73.92712	0.27736444252	6	0.406162466157	3	0.519414107524	2	1	1	3184	500000	22	1800	1899	130	70	95	116	62	16	12	11	43	39	23	180
30670915_zpid	30670915_zpid	11218	192 Seeley St, Brooklyn, NY 11218	40.6546189	-73.975349	0.155766563944	5	0.302097444214	3	0.53859559092	1	8	2	1602	1225000	94	2500	1899	10	16	13	16	10	20	17	14	13	1	4	45
29798519_zpid	29798519_zpid	10460	1440 Taylor Ave, Bronx, NY 10460	40.836605	-73.865938	0.164033588578	9	0.19923091631	6	0.572354349354	2	6	4	2624	455000	49	2375	1930	187	15	78	92	99	32	16	6	27	33	12	122
30698248_zpid	30698248_zpid	11209	439 82nd St, Brooklyn, NY 11209	40.625273	-74.025904	0.154182220252	15	0.125450912061	4	0.356754739279	2	5	2	3760	820500	40	2450	1905	135	64	44	49	36	47	41	36	16	34	3	214
30656763_zpid	30656763_zpid	11203	967 E 49th St, Brooklyn, NY 11203	40.637829	-73.9296169	0.319613372379	7	1.03181772559	0	1.60532521079	0	7	2	1408	620000	2	2000	1910	29	9	7	15	12	34	24	10	17	8	5	77
30793132_zpid	30793132_zpid	11229	415 Allen Ave, Brooklyn, NY 11229	40.5953298	-73.9326461	0.28789799436	7	0.667473218914	3	1.9031545104	0	2	1	868	328700	3	1494	1930	28	60	0	24	8	28	64	20	72	12	8	132
30636512_zpid	30636512_zpid	11207	215 Highland Blvd, Brooklyn, NY 11207	40.682052	-73.89401	0.294782102424	3	0.232323817514	3	0.516714058266	2	9	3	4240	265000	28	3127	1925	70	27	45	44	28	48	32	35	25	20	8	100
30602773_zpid	30602773_zpid	11221	456 Van Buren St, Brooklyn, NY 11221	40.691322	-73.930057	0.188926836175	10	0.278728620092	4	0.24813633044	2	6	2	2880	640000	96	2000	1899	189	85	95	126	126	52	36	17	39	53	38	282
30633970_zpid	30633970_zpid	11207	131 Vermont St, Brooklyn, NY 11207	40.676859	-73.894863	0.245811117573	5	0.336069426366	5	0.292626238636	7	1	1	1258	409500	39	1882	1901	105	20	66	88	53	83	44	49	33	35	13	193
30692480_zpid	30692480_zpid	11209	22 Bay Ridge Pl, Brooklyn, NY 11209	40.635824	-74.028299	0.0595213399419	11	0.076456343535	3	0.4265995211	2	4	1.5	1991	820000	32	1600	1921	119	14	29	43	28	31	25	85	16	12	3	119
30574257_zpid	30574257_zpid	11232	4 Roosevelt Ct, Brooklyn, NY 11232	40.6566574	-73.9989688	0.327324337744	4	0.428181862688	1	0.42283880208	2	3	2	960	130000	237	1000	1920	22	30	13	16	11	10	26	14	14	1	8	63
30663895_zpid	30663895_zpid	11210	3208 Farragut Rd, Brooklyn, NY 11210	40.636181	-73.945817	0.508203177324	2	0.379334112034	3	0.403018440163	2	5	5	2100	382500	17	3250	1920	328	29	184	172	162	64	40	15	41	71	7	338
30626399_zpid	30626399_zpid	11221	591 Van Buren St, Brooklyn, NY 11221	40.692511	-73.926078	0.157362329767	8	0.160754865794	5	0.248768822169	3	8	4	2460	270000	30	1750	1901	796	284	344	448	444	200	172	76	184	172	116	1228
30615477_zpid	30615477_zpid	11217	24 Fort Greene Pl, Brooklyn, NY 11217	40.689036	-73.977229	0.260476089803	9	0.208687771276	3	0.284746814857	10	5	3.5	3040	2310000	11	1700	1899	58	59	22	32	12	7	24	24	20	12	10	111
29811535_zpid	29811535_zpid	10462	2219 Manning St, Bronx, NY 10462	40.8372696	-73.8515603	0.237682888283	15	0.147163115899	7	0.333525648588	2	3	2.5	1392	405000	10	1785	1920	112	20	34	46	26	42	29	14	31	15	8	128
30683344_zpid	30683344_zpid	11219	911 41st St, Brooklyn, NY 11219	40.644731	-73.995664	0.134178453114	5	0.228358416882	4	0.207379039379	2	8	4	3200	635000	141	2000	1930	224	44	140	200	180	92	100	164	80	60	16	388
30600832_zpid	30600832_zpid	11233	125 Hull St # A, Brooklyn, NY 11233	40.679588	-73.912388	0.46829915907	4	0.31622235289	4	0.183042961148	5	8	4	3496	1050000	2	25	1920	276	31	183	192	140	55	44	21	69	81	26	231
30608725_zpid	30608725_zpid	11216	298 Tompkins Ave, Brooklyn, NY 11216	40.6877988	-73.9450197	0.124988401043	10	0.299804470998	5	0.60478950944	1	3	1	1000	290000	64	2200	1899	396	124	188	340	288	64	84	28	116	144	80	484
30608725_zpid	30608725_zpid	11216	298 Tompkins Ave, Brooklyn, NY 11216	40.6877988	-73.9450197	0.0967843964726	11	0.299804470998	5	0.60478950944	1	3	1	1000	290000	64	2200	1899	396	124	188	340	288	64	84	28	116	144	80	484
30666889_zpid	30666889_zpid	11226	115 Veronica Pl, Brooklyn, NY 11226	40.647414	-73.9524239	0.223173131323	5	0.344531587208	7	0.390021633989	2	2	2	1640	150000	215	2651	1920	323	44	133	136	90	86	38	18	30	60	30	253
