30763766_zpid	30763766_zpid	11234	1549 Kimball St, Brooklyn, NY 11234	40.6189518	-73.9364345	0.526103591433	3	0.365571388789	2	1.81258440844	0	6	3	1680	869000	0	7017	1987	35	17	19	19	12	46	33	21	27	9	2	120
29832602_zpid	29832602_zpid	10466	831 E 229th St, Bronx, NY 10466	40.8895399	-73.854752	0.267627936221	7	0.473083598531	3	0.466695136565	2	5	3	2122	565000	128	2613	1925	150	16	83	69	57	91	28	5	30	31	14	146
30614168_zpid	30614168_zpid	11238	58 Madison St, Brooklyn, NY 11238	40.683736	-73.956829	0.239856648097	9	0.240918626986	6	0.319971288821	4	5	3	2160	1649000	0	1250	1901	84	104	50	87	57	22	32	17	27	13	35	143
30781255_zpid	30781255_zpid	11234	1436 E 63rd St, Brooklyn, NY 11234	40.618698	-73.916529	0.0863034112244	7	0.622971078762	1	3.0638326407	0	3	2.5	18	349818	65	30	1920	12	8	6	7	4	22	21	10	23	3	5	101
30664780_zpid	30664780_zpid	11225	589 Flatbush Ave, Brooklyn, NY 11225	40.659134	-73.9603062	0.0803898442165	13	0.190867596826	5	0.321533956532	2	6	2	3240	1200000	5	1442	1950	317	95	159	128	144	12	39	17	50	42	12	222
30659131_zpid	30659131_zpid	11203	158 E 43rd St, Brooklyn, NY 11203	40.652071	-73.9375079	0.375110345346	2	0.472101500222	3	1.02827332445	0	5	2	1344	204000	24	2200	1915	134	15	82	64	66	59	25	9	30	32	8	129
30786729_zpid	30786729_zpid	11234	2147 Kimball St, Brooklyn, NY 11234	40.609214	-73.925404	0.439760744254	1	1.14956228826	0	2.73974081423	0	3	2	1476	500000	47	2500	1920	5	8	1	6	2	20	21	14	16	0	6	73
30724302_zpid	30724302_zpid	11230	915 E 12th St, Brooklyn, NY 11230	40.626795	-73.964241	0.297402383625	4	0.266881109996	4	0.338935977977	2	7	4	3014	950000	3	3000	1925	396	100	204	232	272	232	124	136	84	84	36	596
30608205_zpid	30608205_zpid	11216	479 Greene Ave, Brooklyn, NY 11216	40.688518	-73.9519679	0.232415718213	12	0.342948464595	5	0.162456658248	2	6	3	3600	1300000	8	2000	1931	117	70	75	99	71	32	27	15	27	41	33	208
30697724_zpid	30697724_zpid	11209	142 80th St, Brooklyn, NY 11209	40.628732	-74.034188	0.406573533141	8	0.921155400339	0	0.741729274358	1	5	6	2549	1955000	7	3598	1920	76	116	20	40	20	112	160	184	36	12	8	244
29846599_zpid	29846599_zpid	10465	232 Throggs Neck Blvd, Bronx, NY 10465	40.818155	-73.812716	0.39761689884	4	0.457027288563	1	3.48472038117	0	5	3	2305	510000	64	2535	1930	24	40	4	28	20	48	84	48	48	24	36	260
30758113_zpid	30758113_zpid	11234	1113 E 48th St, Brooklyn, NY 11234	40.633974	-73.93014	0.159021387402	5	0.937279557948	0	1.48397628662	0	2	2	1000	292000	141	2150	1940	44	40	44	36	8	64	68	24	36	32	8	184
30790704_zpid	30790704_zpid	11235	151 Coleridge St, Brooklyn, NY 11235	40.578365	-73.950041	0.249175723475	6	0.720974933279	1	0.953181913663	0	7	6	5125	1550000	8	6240	1931	264	68	56	108	68	88	164	84	100	40	12	252
30726089_zpid	30726089_zpid	11230	1485 E 17th St, Brooklyn, NY 11230	40.613887	-73.957014	0.442742245675	8	0.229817489312	6	0.461647671268	2	5	4	1474	820000	20	3110	1925	115	15	56	80	45	89	33	36	21	11	3	137
29789282_zpid	29789282_zpid	10470	247 E 234th St, Bronx, NY 10470	40.8969296	-73.8686786	0.331475732674	3	0.11758401909	1	0.51538250489	1	3	2	1800	550000	0	2500	1940	244	60	48	44	36	164	40	68	68	20	12	328
29789282_zpid	29789282_zpid	10470	247 E 234th St, Bronx, NY 10470	40.8969296	-73.8686786	0.331475732674	2	0.11758401909	1	0.51538250489	1	3	2	1800	550000	0	2500	1940	244	60	48	44	36	164	40	68	68	20	12	328
30567262_zpid	30567262_zpid	11201	25 Middagh St, Brooklyn, NY 11201	40.7007801	-73.9938456	0.230005512514	13	0.368360299027	2	0.254696854983	3	5	3	1888	3500000	24	1599	1824	100	268	40	92	40	44	128	80	68	24	20	368
30567262_zpid	30567262_zpid	11201	25 Middagh St, Brooklyn, NY 11201	40.7007801	-73.9938456	0.230005512514	14	0.368360299027	2	0.254696854983	3	5	3	1888	3500000	24	1599	1824	100	268	40	92	40	44	128	80	68	24	20	368
30740413_zpid	30740413_zpid	11224	2739 Stillwell Ave, Brooklyn, NY 11224	40.580663	-73.981835	0.447907674881	2	0.354537818998	2	0.364359004314	3	2	1	1360	283000	42	2500	1930	47	6	17	26	19	12	22	12	7	15	4	56
30612811_zpid	30612811_zpid	11238	109 Clifton Pl, Brooklyn, NY 11238	40.688319	-73.959596	0.26281288192	10	0.257709053826	5	0.0735127415288	3	3	2.5	1400	2050000	13	1000	1915	260	296	152	236	124	48	76	52	116	40	72	376
30612811_zpid	30612811_zpid	11238	109 Clifton Pl, Brooklyn, NY 11238	40.688319	-73.959596	0.26281288192	10	0.257709053826	6	0.0735127415288	3	3	2.5	1400	2050000	13	1000	1915	260	296	152	236	124	48	76	52	116	40	72	376
30740512_zpid	30740512_zpid	11235	2880 Brighton 6th St, Brooklyn, NY 11235	40.581842	-73.9631567	0.0758975745745	8	0.291103714639	5	0.491414175115	1	8	3	1800	665600	19	2890	1930	264	144	176	280	92	280	204	128	136	76	88	692
30740512_zpid	30740512_zpid	11235	2880 Brighton 6th St, Brooklyn, NY 11235	40.581842	-73.9631567	0.0758975745745	9	0.291103714639	5	0.491414175115	1	8	3	1800	665600	19	2890	1930	264	144	176	280	92	280	204	128	136	76	88	692
30640240_zpid	30640240_zpid	11208	537 Shepherd Ave, Brooklyn, NY 11208	40.671384	-73.879797	0.0473463295565	8	0.421252770443	3	0.316095455133	2	3	1	1932	137500	280	2500	1930	716	108	380	452	288	220	120	44	152	232	104	744
83044538_zpid	83044538_zpid	11221	227A Malcolm X Blvd # A, Brooklyn, NY 11221	40.6851646	-73.9292695	0.0620718828435	9	0.170153376671	2	0.657369144756	1	2	1	1000	995000	18	1900	2007	117	35	58	96	70	32	17	4	17	39	19	144
30789099_zpid	30789099_zpid	11235	2964 Brighton 1st St, Brooklyn, NY 11235	40.5790168	-73.9668572	0.128093041398	7	0.369315445548	8	0.331625845316	3	6	2.5	2079	465000	73	2000	1930	85	39	54	71	47	51	32	15	39	18	17	189
30769400_zpid	30769400_zpid	11236	927 E 86th St, Brooklyn, NY 11236	40.637962	-73.907945	0.166411619136	7	0.383873888416	2	1.09603014635	0	5	3	2750	450000	14	3996	1960	42	7	24	17	12	82	29	15	27	13	8	115
30696279_zpid	30696279_zpid	11209	7713 Colonial Rd, Brooklyn, NY 11209	40.630822	-74.033602	0.440032364834	9	0.768476179876	0	0.694130545353	1	3	2	1332	875000	32	2299	1925	52	34	13	15	15	36	44	92	15	5	2	87
30788097_zpid	30788097_zpid	11234	348 Mayfair Dr S, Brooklyn, NY 11234	40.608581	-73.904451	1.03406497577	0	1.05102432785	0	4.24396006412	0	4	2	2260	900000	132	4600	1960	0	1	0	5	0	2	8	1	7	2	1	14
30603019_zpid	30603019_zpid	11221	787 Lexington Ave, Brooklyn, NY 11221	40.690379	-73.929405	0.21033236674	9	0.336513902866	3	0.333590423354	2	5	1.5	2100	865000	7	1667	1899	784	252	424	548	468	224	140	68	156	240	152	1172
29794527_zpid	29794527_zpid	10472	1075 Virginia Ave, Bronx, NY 10472	40.82811	-73.85977	0.113421707995	5	0.284514045061	5	0.576285107648	1	3	2	3375	297000	73	5117	1940	98	16	63	54	55	47	28	13	62	27	14	115
30640648_zpid	30640648_zpid	11207	553 Ashford St, Brooklyn, NY 11207	40.668557	-73.883489	0.223990595342	7	0.224029212461	3	0.251810352439	3	4	1	3042	300000	59	2340	1901	60	9	37	34	20	21	23	8	20	20	11	85
29785443_zpid	29785443_zpid	10460	781 E 183rd St, Bronx, NY 10460	40.851445	-73.882874	0.254928617943	10	0.372806502831	2	1.24844376327	0	4	3.5	2352	440000	44	2500	1970	75	12	34	32	53	7	4	3	5	16	7	55
30602072_zpid	30602072_zpid	11221	443 Pulaski St, Brooklyn, NY 11221	40.694502	-73.932733	0.126852306405	12	0.38264477569	4	0.355086758409	3	8	4	4400	3675000	14	2500	1901	119	81	60	82	72	40	32	14	21	41	34	206
30601722_zpid	30601722_zpid	11233	15 Sherlock Pl, Brooklyn, NY 11233	40.67663	-73.906767	0.33696917299	5	0.324547702372	3	0.300443598546	8	8	3	1667	520000	28	1760	1910	145	17	97	127	82	32	28	16	43	58	20	145
30594955_zpid	30594955_zpid	11225	57 Sterling St, Brooklyn, NY 11225	40.662847	-73.959043	0.0937947704823	9	0.0743230738638	6	0.302932963103	2	3	2.5	2053	1737500	3	2083	1910	1600	308	584	520	664	44	116	64	196	172	64	916
30591070_zpid	30591070_zpid	11216	1173 Dean St, Brooklyn, NY 11216	40.677147	-73.950749	0.0991886294436	10	0.276034013307	8	0.253819810256	5	4	2	3240	30000	1	1742	1910	315	100	157	221	193	42	41	18	60	62	45	299
29843324_zpid	29843324_zpid	10465	3179 Parsifal Pl, Bronx, NY 10465	40.839772	-73.822013	0.567157959457	2	0.527430746155	2	1.18493135519	0	3	2	1984	540000	0	2047	1940	4	52	28	8	12	16	112	52	28	8	8	132
30739381_zpid	30739381_zpid	11223	2467 West St, Brooklyn, NY 11223	40.588995	-73.969636	0.201855250776	5	0.347257097486	1	0.396202105078	1	4	3	3114	965000	14	4600	1930	81	15	16	20	10	32	39	36	15	4	6	105
29853029_zpid	29853029_zpid	10471	244 W 256th St, Bronx, NY 10471	40.903541	-73.898644	0.283513437766	4	0.283636988897	3	1.30352090586	0	4	2.5	2200	605000	35	2250	1963	12	3	4	5	5	20	15	6	16	1	2	29
30628068_zpid	30628068_zpid	11221	597 Knickerbocker Ave, Brooklyn, NY 11221	40.696369	-73.9137049	0.30295575955	9	0.26833834806	4	0.403193100766	3	7	2	2750	567100	119	1315	1932	60	14	56	68	51	13	23	5	29	25	19	110
30640940_zpid	30640940_zpid	11207	587 Miller Ave, Brooklyn, NY 11207	40.666233	-73.88931	0.345125771327	9	0.369084579003	8	0.0998372956819	4	7	3	2375	799000	0	2375	1920	235	23	142	138	143	34	43	11	63	70	20	258
30714794_zpid	30714794_zpid	11214	308 Bay 14th St, Brooklyn, NY 11214	40.603024	-74.012291	0.408564348123	3	0.486219805272	1	1.04735189872	0	2	2.5	992	650000	11	1511	1950	11	5	6	14	6	16	12	24	11	1	1	43
30774287_zpid	30774287_zpid	11236	1203 E 92nd St # 203, Brooklyn, NY 11236	40.6404044	-73.9036076	0.270013429149	9	0.649589508545	1	0.711366022687	1	2	1.5	700	164000	16	6963	1989	37	10	23	19	14	54	25	8	18	15	7	86
30711984_zpid	30711984_zpid	11214	79 Bay 13th St, Brooklyn, NY 11214	40.6079768	-74.0079387	0.231600319765	11	0.378332191817	6	0.524206389351	1	4	2.75	1736	685000	16	880	1930	25	18	17	27	5	31	23	34	23	3	1	86
83044879_zpid	83044879_zpid	11208	437 Shepherd Ave, Brooklyn, NY 11208	40.673806	-73.880417	0.190236137777	7	0.306812840219	3	0.0457306679333	2	6	2.25	936	575000	121	2000	2005	165	25	84	98	70	51	37	12	33	62	24	181
30636358_zpid	30636358_zpid	11207	708 Hinsdale St, Brooklyn, NY 11207	40.657193	-73.89724	0.574121744337	1	0.56520993954	1	0.240181782713	1	5	3	2420	370000	2	2292	1910	220	24	156	208	116	84	80	40	56	116	32	340
30695783_zpid	30695783_zpid	11209	221 77th St, Brooklyn, NY 11209	40.630707	-74.030302	0.193745874344	15	0.583584315921	4	0.418854464804	1	7	2.5	4130	1850000	9	6540	1899	76	40	33	28	25	52	38	101	15	15	7	113
30745835_zpid	30745835_zpid	11229	2336 E 21st St, Brooklyn, NY 11229	40.595491	-73.949931	0.26166527104	9	0.401980622888	6	0.442919580666	2	3	2	1312	600000	17	2204	1930	78	13	29	27	36	43	40	31	27	14	6	116
30695018_zpid	30695018_zpid	11209	526 74th St, Brooklyn, NY 11209	40.629678	-74.021694	0.0867614972142	16	0.11793001623	6	0.322470109559	2	4	3	2168	1470000	6	2957	1899	55	23	33	37	18	41	49	46	26	13	6	131
30750337_zpid	30750337_zpid	11235	2668 Batchelder St, Brooklyn, NY 11235	40.588245	-73.936978	0.257409245177	7	0.411951596108	2	1.45984339587	0	5	2.5	2232	600000	63	1950	1960	40	10	25	28	19	27	15	23	28	10	5	114
30710689_zpid	30710689_zpid	11228	1438 84th St, Brooklyn, NY 11228	40.613093	-74.009632	0.16935666189	9	0.221133051007	1	0.763754678856	0	5	2	1960	920000	3	2383	1930	8	14	2	14	1	29	39	31	24	7	6	60
30763338_zpid	30763338_zpid	11234	1409 E 54th St, Brooklyn, NY 11234	40.623232	-73.923149	0.177772520601	11	0.330797952942	1	2.32918280925	0	3	2	952	385000	8	78408.0	1925	40	56	32	48	44	156	108	64	84	36	28	408
30611153_zpid	30611153_zpid	11216	174 Macdonough St, Brooklyn, NY 11216	40.681243	-73.939469	0.141287204963	10	0.173389439997	8	0.188167541131	1	6	3	2960	1650000	0	1851	1899	88	72	60	78	49	9	25	17	25	25	20	127
29839661_zpid	29839661_zpid	10466	896 E 241st St, Bronx, NY 10466	40.901504	-73.84586	0.441027410938	4	0.473110415053	2	0.439272828714	1	7	4	2400	555000	31	3484	1920	52	7	26	26	14	16	32	12	17	9	1	62
30611947_zpid	30611947_zpid	11205	579 Myrtle Ave, Brooklyn, NY 11205	40.6942049	-73.9610491	0.0758658288685	9	0.42835578998	6	0.599270062415	1	1	1	3024	425000	133	1504	1925	55	80	30	50	29	48	27	38	30	11	23	178
29846847_zpid	29846847_zpid	10465	515 Reynolds Ave, Bronx, NY 10465	40.821879	-73.809924	0.110536121915	4	0.721306302544	1	3.30644599781	0	3	1	1836	395000	6	6534000	1960	18	9	3	5	2	7	9	9	10	3	2	29
29827776_zpid	29827776_zpid	10469	918 E 219th St, Bronx, NY 10469	40.881239	-73.856331	0.488855508427	6	0.684037813237	2	0.610253171349	1	4	3	2096	390000	26	2605	1930	71	4	32	38	27	40	5	3	23	10	6	68
30722509_zpid	30722509_zpid	11223	1825 Stillwell Ave, Brooklyn, NY 11223	40.602019	-73.98591	0.410353256371	9	0.406077120902	6	0.486583472165	3	6	3	2551	770000	59	2500	1955	84	52	28	32	16	124	72	144	40	24	12	200
30768659_zpid	30768659_zpid	11236	748 E 84th St, Brooklyn, NY 11236	40.637829	-73.911228	0.115940554795	7	0.165469631026	2	1.2619786364	0	8	5	2970	527500	9	3100	1965	38	6	24	17	11	78	33	13	27	13	11	103
30697656_zpid	30697656_zpid	11228	7920 11th Ave, Brooklyn, NY 11228	40.620413	-74.014872	0.539842095121	2	0.737058255433	2	1.17057085178	0	3	2.5	1920	752000	27	1999	1925	15	8	6	16	6	27	47	21	20	3	4	45
2099968002_zpid	2099968002_zpid	11203	572 E 42 St, Brooklyn, NY 11203	40.641188	-73.937292	0.312860902567	4	0.878661529806	0	0.949010050433	0	4	3	2125	479000	0	2000	1930	200	44	56	76	60	172	96	20	80	56	16	376
30602473_zpid	30602473_zpid	11221	880 Lafayette Ave, Brooklyn, NY 11221	40.691224	-73.937414	0.20391068139	8	0.400953686519	5	0.682334297743	1	7	5	3491	1625000	2	2000	1899	200	53	100	137	85	36	25	13	33	52	34	218
30613267_zpid	30613267_zpid	11238	168 Saint James Pl, Brooklyn, NY 11238	40.685133	-73.964446	0.22396661058	8	0.264893000503	3	0.262531932755	3	5	3	2220	1100000	7	522720	1901	576	500	336	516	376	156	208	64	164	92	124	780
30687794_zpid	30687794_zpid	11219	933 58th St, Brooklyn, NY 11219	40.634979	-74.00516	0.113582577133	6	0.349375528411	7	0.400296269853	2	5	3	2033	1660000	5	2400	1925	41	15	16	32	10	51	41	43	17	8	8	82
30585574_zpid	30585574_zpid	11215	165 13th St, Brooklyn, NY 11215	40.668878	-73.992108	0.125553394991	10	0.43110484054	3	0.257526509908	3	4	3	800	1550000	0	2142	1899	65	66	24	53	29	33	55	28	31	17	13	198
29798644_zpid	29798644_zpid	10460	1182 E Tremont Ave, Bronx, NY 10460	40.839612	-73.8745579	0.227682041401	3	0.406162582435	1	0.269537363052	2	3	2	1304	485000	100	1258	1901	113	16	33	36	48	18	9	5	20	18	14	86
30596847_zpid	30596847_zpid	11213	1443 Lincoln Pl, Brooklyn, NY 11213	40.669873	-73.928799	0.150252404226	12	0.243305382058	7	0.366293804032	1	7	2.5	2280	750000	14	2800	1901	417	45	238	231	216	46	29	13	40	94	32	342
30745101_zpid	30745101_zpid	11229	2135 E 28th St, Brooklyn, NY 11229	40.599347	-73.943351	0.212060848538	6	0.0753322808482	2	1.06313751548	0	2	2	2000	530000	15	16	1940	20	18	11	16	9	13	33	15	22	3	5	109
29825460_zpid	29825460_zpid	10469	3222 Bronxwood Ave, Bronx, NY 10469	40.872139	-73.860996	0.0999618105347	10	0.55559527753	3	0.526470241087	1	8	4	4617	450000	56	5009	1920	35	6	18	22	14	31	20	2	28	17	10	43
30757167_zpid	30757167_zpid	11234	1662 E 38th St, Brooklyn, NY 11234	40.615925	-73.93608	0.401430946629	3	0.297750656626	2	1.97945905843	0	3	1	1600	440000	17	20	1925	36	136	32	60	20	152	100	76	148	28	4	456
30600687_zpid	30600687_zpid	11233	131 Thomas S Boyland St, Brooklyn, NY 11233	40.680413	-73.9137049	0.404267287508	3	0.444434976328	5	0.327181701066	4	4	3	3024	530000	118	1375	1910	1144	128	740	832	552	180	204	56	292	344	124	944
30600687_zpid	30600687_zpid	11233	131 Thomas S Boyland St, Brooklyn, NY 11233	40.680413	-73.9137049	0.404267287508	3	0.444434976328	6	0.327181701066	4	4	3	3024	530000	118	1375	1910	1144	128	740	832	552	180	204	56	292	344	124	944
29853530_zpid	29853530_zpid	10471	5910 Spencer Ave, Bronx, NY 10471	40.9069689	-73.899021	0.255004848933	4	0.256024619693	3	1.3136532935	0	5	2.5	1980	560100	32	3360	1950	11	8	6	11	6	19	30	10	16	2	7	51
30620297_zpid	30620297_zpid	11222	74 Oak St, Brooklyn, NY 11222	40.727443	-73.958054	0.228486219603	13	0.424851645293	4	0.452890775895	2	3	1	2142	1600000	32	2133	1899	38	67	12	36	20	24	25	16	15	7	4	123
30585862_zpid	30585862_zpid	11215	275 14th St, Brooklyn, NY 11215	40.6658903	-73.9877762	0.098144333662	19	0.164597956572	5	0.433536845718	4	2	1	1996	1450000	36	1908	1901	356	332	100	268	108	192	284	84	140	100	88	936
30732347_zpid	30732347_zpid	11224	3842 Maple Ave, Brooklyn, NY 11224	40.578968	-74.007632	0.261718080973	1	0.514113508164	1	2.23864094554	0	5	2	2120	385000	49	3000	1930	28	9	6	20	7	1	17	1	11	2	2	34
29847002_zpid	29847002_zpid	10465	279 Longstreet Ave, Bronx, NY 10465	40.821391	-73.807643	0.0926180007702	1	0.887604930107	0	3.47745671765	0	3	1.5	1944	329000	4	3040	1960	17	10	3	5	2	7	8	8	9	3	2	31
30621114_zpid	30621114_zpid	11222	93 Mcguinness Blvd, Brooklyn, NY 11222	40.72558	-73.949121	0.143546386204	14	0.424612726107	4	0.210117539328	2	3	1	2887	750000	134	2500	1901	160	332	84	168	60	120	152	136	76	68	48	796
83042577_zpid	83042577_zpid	11234	1311 E 70th St, Brooklyn, NY 11234	40.6240297	-73.9126411	0.578110424688	4	0.803676701725	0	2.6784295631	0	6	5	3822	859000	58	2879	2005	20	3	7	11	4	47	15	21	14	6	5	80
30759457_zpid	30759457_zpid	11234	815 E 57th St, Brooklyn, NY 11234	40.63282	-73.921273	0.355628688708	7	0.186095721763	3	2.22765841836	0	3	3	1296	353500	13	1800	1955	26	9	8	22	11	32	12	12	11	12	1	52
30781117_zpid	30781117_zpid	11234	1513 E 57th St, Brooklyn, NY 11234	40.6166539	-73.919534	0.159599195953	6	0.857839473468	0	2.98075877209	0	4	2.5	1410	485000	20	2003	1930	16	12	12	6	11	33	27	14	22	4	7	117
30730053_zpid	30730053_zpid	11214	53 Bay 41st St, Brooklyn, NY 11214	40.59581	-73.98663	0.211190922891	7	0.192300918485	6	0.211509021925	2	5	2	1805	850000	3	2417	1925	60	24	40	48	24	84	100	72	56	20	8	188
30730053_zpid	30730053_zpid	11214	53 Bay 41st St, Brooklyn, NY 11214	40.59581	-73.98663	0.211190922891	8	0.192300918485	6	0.211509021925	2	5	2	1805	850000	3	2417	1925	60	24	40	48	24	84	100	72	56	20	8	188
30624554_zpid	30624554_zpid	11206	119 Boerum St, Brooklyn, NY 11206	40.7059452	-73.9441785	0.0897629588682	12	0.304518055523	8	0.357340082457	5	2	1	3900	190000	201	2500	1920	78	183	36	58	38	11	38	13	22	14	7	167
30794200_zpid	30794200_zpid	11229	101 Eaton Ct, Brooklyn, NY 11229	40.589274	-73.924107	0.173115661144	2	1.33299799059	0	2.55391677674	0	4	1	975	395000	80	1800	1925	2	6	2	15	0	1	31	12	20	1	4	39
30774822_zpid	30774822_zpid	11236	957 E 104th St, Brooklyn, NY 11236	40.646132	-73.894012	0.275760345526	5	0.254361603732	2	0.664566414843	2	7	3	1600	629000	0	2500	1930	160	32	92	56	56	132	48	20	60	40	36	348
30774822_zpid	30774822_zpid	11236	957 E 104th St, Brooklyn, NY 11236	40.646132	-73.894012	0.275760345526	4	0.254361603732	2	0.664566414843	2	7	3	1600	629000	0	2500	1930	160	32	92	56	56	132	48	20	60	40	36	348
30782753_zpid	30782753_zpid	11234	2228 E 70th St, Brooklyn, NY 11234	40.617033	-73.905935	0.392337757406	2	0.294650470672	1	3.31540494474	0	3	3	2800	615000	2	3000	1988	48	56	32	52	24	52	92	44	84	8	20	256
30787726_zpid	30787726_zpid	11234	2701 Whitman Dr, Brooklyn, NY 11234	40.605272	-73.910208	1.18706627638	0	1.3338713009	0	3.92105236289	0	3	3.5	4650	1899000	0	4800	2001	3	4	2	5	2	11	6	20	15	2	1	22
30723911_zpid	30723911_zpid	11230	771 E 18th St, Brooklyn, NY 11230	40.6319779	-73.95943	0.251860444488	6	0.420459056609	3	0.354535474442	2	7	4	3980	2695000	0	5000	1905	95	18	81	73	89	39	28	28	19	19	5	103
30585286_zpid	30585286_zpid	11215	198 11th St, Brooklyn, NY 11215	40.669664	-73.991317	0.160521345936	11	0.418298802263	3	0.151252570551	4	5	3	1620	1440000	21	1875	1899	62	69	26	50	28	36	55	34	30	19	14	205
30612689_zpid	30612689_zpid	11238	357 Washington Ave, Brooklyn, NY 11238	40.687927	-73.96544	0.0942666505855	12	0.124425395055	4	0.0638494087405	4	5	3	2800	2640357	19	2033	1899	115	46	62	84	71	29	34	8	33	21	19	126
30766899_zpid	30766899_zpid	11236	592 E 83rd St, Brooklyn, NY 11236	40.640158	-73.9150499	0.460722126668	7	0.565729731429	1	1.32892422889	0	3	3	1506	409000	27	2150	1955	33	7	23	18	10	46	33	10	26	9	9	80
30776485_zpid	30776485_zpid	11236	1143 E 100th St, Brooklyn, NY 11236	40.6411919	-73.893528	0.392290641052	5	0.491286903388	2	0.929417588531	0	4	2	2000	422300	10	2000	1955	220	36	92	92	80	120	72	40	60	60	24	320
30786202_zpid	30786202_zpid	11234	2029 Hendrickson St, Brooklyn, NY 11234	40.612087	-73.926157	0.369922608717	3	1.00908874404	0	2.70222080847	0	2	2	3000	440000	42	3000	1925	44	40	20	24	16	116	100	88	72	16	28	364
89073702_zpid	89073702_zpid	11222	6 Monitor St APT 1A, Brooklyn, NY 11222	40.719385	-73.9413019	0.121186737905	9	0.451645428384	2	0.584616447275	1	1	1.5	900	3450000	27	2500	2007	18	31	13	29	6	6	24	17	12	4	7	85
30625362_zpid	30625362_zpid	11237	1398 Willoughby Ave, Brooklyn, NY 11237	40.707201	-73.919442	0.308717580213	9	0.300294988329	5	0.242654063126	2	3	2	1224	612500	26	1800	1940	54	65	27	39	37	40	24	13	17	19	15	107
29851125_zpid	29851125_zpid	10464	227 Ditmars St, Bronx, NY 10464	40.850558	-73.784774	0.368804094222	3	3.46122423142	0	3.57287702197	0	4	2.5	1942	445000	66	2465	1970	2	24	2	3	1	2	17	11	4	1	16	37
30591025_zpid	30591025_zpid	11213	1555 Pacific St, Brooklyn, NY 11213	40.677301	-73.93951	0.196735592138	7	0.373396302874	5	0.313072750004	2	3	1	2100	470460	73	2000	1910	152	35	71	73	66	27	19	6	26	32	11	150
30584454_zpid	30584454_zpid	11215	312 7th St, Brooklyn, NY 11215	40.6704693	-73.9858832	0.0744025385993	15	0.170915887528	4	0.208508018168	3	7	4	4500	2275000	30	2500	1899	75	91	41	63	30	32	53	44	39	23	22	229
29851795_zpid	29851795_zpid	10463	2521 Palisade Ave APT 5A, Bronx, NY 10463	40.8814014	-73.9223116	0.520016008447	1	1.1881972902	0	0.358689406901	1	3	2.5	1600	10	14	27007.2	1986	17	9	3	13	9	1	17	5	1	0	0	19
29811800_zpid	29811800_zpid	10461	2430 Saint Raymonds Ave, Bronx, NY 10461	40.839581	-73.848768	0.242326506817	10	0.271841350149	6	0.373935781711	3	8	4	2100	582000	14	2178	1950	122	13	43	35	29	25	21	13	20	9	6	136
30723038_zpid	30723038_zpid	11223	217 Avenue S, Brooklyn, NY 11223	40.6014628	-73.9773561	0.292439893642	6	0.424643906558	4	0.37304298979	4	3	2.5	1332	550000	11	1875	1920	64	25	38	28	29	87	28	61	27	11	6	115
30787781_zpid	30787781_zpid	11234	157 Barlow Dr S, Brooklyn, NY 11234	40.607993	-73.906088	1.04370148513	0	1.06689914109	0	4.31859174547	0	6	3	1959	1050000	26	4400	1960	2	1	1	7	0	2	8	3	9	2	1	21
30789983_zpid	30789983_zpid	11235	12 Brighton 10th Ln, Brooklyn, NY 11235	40.58041	-73.9589264	0.139262805533	12	0.123732569765	6	0.364529394436	1	3	4	1096	540000	0	1620	1920	1076	248	332	408	264	332	224	124	216	156	116	1156
30789983_zpid	30789983_zpid	11235	12 Brighton 10th Ln, Brooklyn, NY 11235	40.58041	-73.9589264	0.139262805533	11	0.123732569765	7	0.364529394436	1	3	4	1096	540000	0	1620	1920	1076	248	332	408	264	332	224	124	216	156	116	1156
30613259_zpid	30613259_zpid	11238	146 Saint James Pl, Brooklyn, NY 11238	40.685553	-73.964528	0.206929621515	9	0.224480517871	4	0.290592041687	3	5	4	3600	324375	307	2000	1930	584	468	344	504	376	168	196	64	164	96	120	784
