30641672_zpid	30641672_zpid	11208	55 Hemlock St, Brooklyn, NY 11208	40.688611	-73.872016	0.221688104847	7	0.211844740439	5	0.154764170406	3	4	3	1999	150000	286	5000	1925	72	30	50	63	35	58	32	15	38	30	5	134
30790589_zpid	30790589_zpid	11235	39 Exeter St, Brooklyn, NY 11235	40.580912	-73.9486359	0.409921233566	6	0.813625014684	0	0.813295006224	0	3	3.5	7762	2900000	50	6011	1994	36	9	11	19	9	18	29	17	18	3	3	48
30760834_zpid	30760834_zpid	11234	1867 Schenectady Ave, Brooklyn, NY 11234	40.626827	-73.930333	0.275810699053	9	0.440726292666	1	1.60806406949	0	6	3	2972	575000	17	2500	1935	31	13	18	20	13	43	27	17	22	3	1	73
30668294_zpid	30668294_zpid	11226	444 E 17th St, Brooklyn, NY 11226	40.639772	-73.962566	0.196310476662	12	0.195807470605	7	0.170464581032	3	9	6	3900	800000	136	8762	1910	1424	256	624	688	656	188	136	84	192	244	40	1044
29843116_zpid	29843116_zpid	10465	3253 Waterbury Ave, Bronx, NY 10465	40.837308	-73.820183	0.276013560162	2	0.238781559931	1	1.48555682882	0	2	1	1377	390000	6	2500	1925	5	12	7	5	7	8	28	12	10	4	4	40
30783357_zpid	30783357_zpid	11234	2451 E 73RD St, Brooklyn, NY 11234	40.615376	-73.89966	0.948729144883	0	0.849703881751	0	3.48676322076	0	4	5	3645	1175000	3	4007	1980	8	40	4	20	0	12	56	24	32	4	8	128
30623963_zpid	30623963_zpid	11211	239 Withers St, Brooklyn, NY 11211	40.717822	-73.942072	0.0880632454344	9	0.447931507978	3	0.399240616231	3	6	2	1800	1850000	0	1999	1920	10	111	10	33	14	20	25	5	21	8	15	107
30757678_zpid	30757678_zpid	11234	1711 E 36th St, Brooklyn, NY 11234	40.614519	-73.936233	0.294441953852	4	0.172686332507	2	1.93640914396	0	3	3	1064	659000	0	2200	1925	5	18	7	14	3	32	25	23	37	5	2	78
29821352_zpid	29821352_zpid	10469	2538 Tenbroeck Ave, Bronx, NY 10469	40.863948	-73.852644	0.53014343389	2	0.440330196341	3	0.613963678187	1	3	2	1785	435000	11	3118	1940	26	8	7	10	5	36	26	16	27	5	5	73
30635975_zpid	30635975_zpid	11207	425 New Lots Ave, Brooklyn, NY 11207	40.6625216	-73.8920257	0.0748648390302	4	0.178987347631	5	0.337715309265	4	3	2	2856	380000	0	1764	1930	308	18	183	170	167	30	50	14	54	94	18	312
29792030_zpid	29792030_zpid	10473	552 Bolton Ave, Bronx, NY 10473	40.817006	-73.857845	0.562606869422	2	0.520120155217	1	1.81224942336	0	3	2	1290	312700	39	2831	1925	31	6	7	29	9	26	12	11	16	9	8	67
94719706_zpid	94719706_zpid	10470	732 E 243rd St, Bronx, NY 10470	40.9060689	-73.8479526	0.116312817052	6	0.294736028531	3	0.397192211508	3	6	6	3572	519307	65	1617	2009	102	8	61	49	57	21	18	4	18	17	2	103
30591184_zpid	30591184_zpid	11216	1397 Dean St, Brooklyn, NY 11216	40.676697	-73.9423149	0.0877622339597	10	0.384212593646	10	0.37938472879	2	9	4	3840	1300000	5	2148	1915	150	18	54	86	55	18	17	3	23	25	17	126
29798653_zpid	29798653_zpid	10460	1173 E 178th St, Bronx, NY 10460	40.839426	-73.874831	0.24930504361	3	0.391567096641	1	0.297106765757	2	6	3	1792	220299	29	1485	1901	112	16	32	36	47	17	9	5	20	16	12	78
30575024_zpid	30575024_zpid	11232	342 43rd St, Brooklyn, NY 11232	40.65083	-74.00971	0.243884933682	9	0.139933654652	8	0.211984452958	3	5	2	1336	529000	9	1951	1910	42	37	23	28	25	9	32	16	15	10	3	85
30637271_zpid	30637271_zpid	11207	52 Ashford St, Brooklyn, NY 11207	40.681449	-73.887243	0.330779321856	7	0.298878645175	5	0.276190283001	3	6	4	5664	533000	132	6094	2008	50	30	36	45	25	37	30	13	33	16	4	86
30631417_zpid	30631417_zpid	11207	59 Sunnyside Ave, Brooklyn, NY 11207	40.680833	-73.894363	0.179831837025	3	0.157768671969	3	0.411426605123	3	5	3	2520	732000	4	6100	1920	340	116	212	232	180	208	140	144	116	104	36	504
29784240_zpid	29784240_zpid	10458	444 E 186th St, Bronx, NY 10458	40.857303	-73.893002	0.184787719598	12	0.36462724946	8	0.507562057364	3	6	2	2060	261000	137	2178	1901	452	46	219	198	225	23	32	14	44	73	31	330
29844198_zpid	29844198_zpid	10465	3264 Griswold Ave, Bronx, NY 10465	40.84453	-73.8181369	0.971616460292	0	0.648897260303	1	1.20137940845	0	5	3	3180	740000	4	4750	1935	1	10	4	4	0	15	25	15	8	1	0	33
83043843_zpid	83043843_zpid	11212	189 Newport St, Brooklyn, NY 11212	40.659661	-73.908348	0.092062435044	6	0.0623814697442	4	0.327840051537	3	3	2	4320	590000	138	2000	1930	133	16	117	99	70	32	35	12	43	27	12	182
30775640_zpid	30775640_zpid	11236	1036 E 105th St, Brooklyn, NY 11236	40.645001	-73.892258	0.349834045476	3	0.31554113043	3	0.830810037827	0	4	3.5	1560	410000	53	2000	1955	43	5	23	19	16	27	15	5	13	10	8	78
30648104_zpid	30648104_zpid	11207	949 Ashford St, Brooklyn, NY 11207	40.659304	-73.877927	0.222941900597	4	0.502763189215	3	0.919630367913	0	4	3.5	1944	479000	31	1785	1960	11	3	7	10	7	7	13	4	2	2	1	23
30608357_zpid	30608357_zpid	11221	146 Van Buren St, Brooklyn, NY 11221	40.690174	-73.940085	0.0957951496309	11	0.278036697047	4	0.86754100549	0	5	3	2598	1142500	29	1925	1899	213	58	106	151	100	31	33	15	43	61	35	237
30667888_zpid	30667888_zpid	11226	263 E 23rd St, Brooklyn, NY 11226	40.643191	-73.95523	0.232802400244	11	0.255033799007	4	0.570641792766	2	5	4	1305	610000	0	2000	1930	583	127	268	303	252	83	47	26	69	105	27	462
30667368_zpid	30667368_zpid	11226	1320 Beverley Rd, Brooklyn, NY 11226	40.643945	-73.96608	0.314584211525	8	0.369733378112	3	0.137316648829	2	6	5	3684	1815000	10	5000	1930	888	164	436	436	488	88	40	40	112	132	16	648
30667368_zpid	30667368_zpid	11226	1320 Beverley Rd, Brooklyn, NY 11226	40.643945	-73.96608	0.314584211525	9	0.369733378112	3	0.137316648829	2	6	5	3684	1815000	10	5000	1930	888	164	436	436	488	88	40	40	112	132	16	648
55540879_zpid	55540879_zpid	10454	676 Saint Marys St, Bronx, NY 10454	40.809013	-73.91215	0.48674222323	6	0.453581062269	3	0.379978981134	3	5	2.5	3124	201000	181	3136	1999	111	24	54	65	44	8	12	6	20	21	7	101
30772796_zpid	30772796_zpid	11236	704 E 95th St, Brooklyn, NY 11236	40.6512079	-73.912355	0.352286533005	4	0.676394097923	1	1.02186046987	0	4	2.5	2275	450000	13	2000	1960	160	8	64	88	96	152	84	40	24	24	12	360
30764896_zpid	30764896_zpid	11234	1351 E 58th St, Brooklyn, NY 11234	40.621437	-73.919109	0.223605770997	10	0.715783092516	1	2.72425313863	0	3	1.5	1184	262000	157	2000	1920	7	7	7	7	10	38	28	21	21	8	9	112
30664098_zpid	30664098_zpid	11210	878 E 37th St, Brooklyn, NY 11210	40.635484	-73.94145	0.41309674257	1	0.442889886196	2	0.600429601504	1	3	2.5	1526	399000	81	2300	1935	147	9	114	108	109	47	23	10	36	35	5	197
29844938_zpid	29844938_zpid	10465	3669 E Tremont Ave, Bronx, NY 10465	40.827759	-73.823051	0.512272321355	2	0.0730253000018	1	2.11258954356	0	3	1.5	3896	300000	134	4912	1925	10	17	4	15	1	13	26	35	17	3	5	67
30604274_zpid	30604274_zpid	11221	842 Putnam Ave, Brooklyn, NY 11221	40.686303	-73.928084	0.126011547759	10	0.170022896267	3	0.614828216873	1	2	1	2499	670000	29	1933	1899	143	39	77	113	84	35	22	9	30	48	22	184
30599756_zpid	30599756_zpid	11233	433 Bainbridge St, Brooklyn, NY 11233	40.68253	-73.919386	0.206215898486	7	0.509529259547	3	0.458698387807	2	5	4	2655	220000	22	1999	1899	232	58	146	165	132	26	37	12	58	89	25	274
30735129_zpid	30735129_zpid	11223	2076 W 12th St, Brooklyn, NY 11223	40.596338	-73.9835109	0.282347818183	10	0.30857874504	5	0.319034480279	3	2	2	1250	590000	4	2417	1930	16	17	3	15	5	28	26	39	13	5	2	43
29781112_zpid	29781112_zpid	10474	881 Faile St, Bronx, NY 10474	40.819232	-73.887994	0.144445657625	8	0.308414460736	5	0.28778232436	2	6	2	300	138000	181	2500	1958	141	11	89	83	75	13	17	11	30	24	13	128
30731974_zpid	30731974_zpid	11214	210 Bay 48th St, Brooklyn, NY 11214	40.586588	-73.988933	0.404552005586	4	0.540648159275	1	0.503759382138	1	2	1	928	450000	47	1536	1945	12	9	9	23	5	20	22	18	18	7	4	40
30691644_zpid	30691644_zpid	11220	243 68th St, Brooklyn, NY 11220	40.63723	-74.026883	0.131675349215	11	0.157558050281	3	0.388818866094	1	5	3	3150	750000	41	1698	1925	55	22	31	33	25	28	27	30	11	14	4	82
30749240_zpid	30749240_zpid	11235	2589 E 21st St, Brooklyn, NY 11235	40.589199	-73.948137	0.249340704268	11	0.344655170168	3	0.569687532569	1	3	2.5	1400	727500	43	2500	1920	248	64	48	136	40	192	144	132	164	32	12	560
112079077_zpid	112079077_zpid	11231	330 Bond St, Brooklyn, NY 11231	40.6795274	-73.9899485	0.429412795958	10	0.328707948262	2	0.394068812078	3	6	4.5	3750	2947833	12	1500	2012	13	25	2	20	10	12	29	30	13	3	2	78
30747764_zpid	30747764_zpid	11235	2481 E 13th St, Brooklyn, NY 11235	40.5900645	-73.956399	0.120351310799	13	0.333116676289	4	0.400492558383	2	4	4	1600	775000	118	3397	1930	176	60	36	112	56	156	132	104	84	32	8	360
29789804_zpid	29789804_zpid	10470	327 E 241st St, Bronx, NY 10470	40.90198	-73.866971	0.3759625148	1	0.515479045103	1	0.811989094678	0	5	3	2016	400000	7	2500	1920	47	16	6	19	9	25	10	17	11	5	5	63
30680697_zpid	30680697_zpid	11204	1811 62nd St, Brooklyn, NY 11204	40.620793	-73.987886	0.465530243233	6	0.350418169838	2	0.214035868597	2	5	2	2700	1050000	3	2700	1930	41	15	27	45	16	54	53	99	25	7	9	134
2103925852_zpid	2103925852_zpid	11238	84A Lexington Ave, Brooklyn, NY 11238	40.68654	-73.958631	0.332742661786	13	0.366319391384	7	0.286710080917	5	5	6	3346	2549000	0	1650	1901	420	416	272	348	216	80	136	60	152	60	116	516
30574503_zpid	30574503_zpid	11232	219 33rd St, Brooklyn, NY 11232	40.654974	-74.000533	0.235500992247	5	0.596605897738	2	0.337612130702	2	5	3	1778	1295000	2	1799	1910	100	116	44	68	48	32	112	52	56	4	32	256
30574503_zpid	30574503_zpid	11232	219 33rd St, Brooklyn, NY 11232	40.654974	-74.000533	0.235500992247	4	0.596605897738	2	0.337612130702	2	5	3	1778	1295000	2	1799	1910	100	116	44	68	48	32	112	52	56	4	32	256
30572602_zpid	30572602_zpid	11215	488 President St, Brooklyn, NY 11215	40.677924	-73.987145	0.476880095207	11	0.352111383726	4	0.347307417331	2	2	1	2394	168000	260	1900	1910	14	25	7	13	8	13	17	28	5	1	7	57
29792511_zpid	29792511_zpid	10473	2217 Cincinnatus Ave, Bronx, NY 10473	40.820689	-73.847555	0.148540167352	3	0.0574401645922	2	1.55215997516	0	3	2	1842	300000	0	1800	1960	32	13	16	3	5	15	8	2	12	3	4	49
30733739_zpid	30733739_zpid	11224	3843 Oceanic Ave, Brooklyn, NY 11224	40.5751879	-74.0069078	0.548644933025	2	0.487919963553	1	2.18504605211	0	4	5	2600	636406	140	3040	2004	112	36	36	120	20	8	72	16	36	12	0	132
30639048_zpid	30639048_zpid	11208	166 Atkins Ave, Brooklyn, NY 11208	40.675014	-73.8793929	0.298858551618	9	0.220544614664	4	0.151034971549	4	7	3	2000	585000	11	2000	1910	162	21	94	108	81	51	43	14	43	60	18	203
29844498_zpid	29844498_zpid	10465	1001 Edison Ave, Bronx, NY 10465	40.83168	-73.825485	0.149189654034	4	0.546781158542	2	1.63471909075	0	4	2	1	495000	9	5000	1925	7	14	4	15	3	16	25	24	13	3	5	47
29784233_zpid	29784233_zpid	10458	2329 Washington Ave, Bronx, NY 10458	40.856079	-73.892705	0.161152896425	11	0.406001895851	7	0.626686645576	3	4	2	1290	300000	15	1089	1910	370	49	170	172	185	18	28	13	39	58	29	279
30642256_zpid	30642256_zpid	11208	421 Ridgewood Ave, Brooklyn, NY 11208	40.685493	-73.8733139	0.237518179825	5	0.153834774169	4	0.258994840804	3	5	2	3300	573000	119	1742	1910	102	41	69	91	59	76	36	19	68	45	10	210
55677637_zpid	55677637_zpid	11236	664 E 103rd St, Brooklyn, NY 11236	40.648179	-73.898431	0.159146974311	6	0.306737067993	2	0.280973680344	2	6	5	2858	750000	0	2900	1999	108	40	76	76	24	136	36	28	40	40	20	328
55677637_zpid	55677637_zpid	11236	664 E 103rd St, Brooklyn, NY 11236	40.648179	-73.898431	0.159146974311	5	0.306737067993	2	0.280973680344	2	6	5	2858	750000	0	2900	1999	108	40	76	76	24	136	36	28	40	40	20	328
30682318_zpid	30682318_zpid	11204	6624 Ovington Ct, Brooklyn, NY 11204	40.620622	-73.995585	0.352577017828	7	0.337405201573	5	0.299979084787	4	3	3	1633	883000	5	1440	1935	38	17	19	37	12	37	21	40	14	8	4	74
29824284_zpid	29824284_zpid	10469	2939 Tenbroeck Ave, Bronx, NY 10469	40.868753	-73.853054	0.40474518545	7	0.597758936513	2	0.568039232305	1	3	1.5	3000	289000	149	2500	1930	30	12	26	19	10	53	25	15	30	12	3	86
30642191_zpid	30642191_zpid	11208	119 Euclid Ave, Brooklyn, NY 11208	40.685744	-73.874455	0.19289549031	6	0.229140140116	5	0.289444237811	3	7	3	3000	775000	0	2000	1920	99	37	62	86	57	65	35	17	64	43	9	184
29823959_zpid	29823959_zpid	10467	2930 Holland Ave, Bronx, NY 10467	40.868813	-73.865011	0.272424318799	12	0.27376555782	7	0.336131788711	2	4	2	3900	505000	37	2613	1935	340	45	148	168	149	40	28	11	43	58	38	256
30723881_zpid	30723881_zpid	11230	765 E 17th St, Brooklyn, NY 11230	40.631869	-73.960406	0.211422237469	7	0.361018455081	4	0.307500527486	3	7	3.5	3228	1280000	15	5000	1899	412	84	324	312	364	164	124	136	88	80	20	476
30723881_zpid	30723881_zpid	11230	765 E 17th St, Brooklyn, NY 11230	40.631869	-73.960406	0.211422237469	7	0.361018455081	5	0.307500527486	3	7	3.5	3228	1280000	15	5000	1899	412	84	324	312	364	164	124	136	88	80	20	476
30658100_zpid	30658100_zpid	11203	623 Lenox Rd, Brooklyn, NY 11203	40.655189	-73.937167	0.569586286863	3	0.604622688817	1	1.10627299306	0	2	2.5	860	310000	14	2440	1940	87	10	58	46	43	48	30	9	29	30	7	108
55540897_zpid	55540897_zpid	10454	699 E 142nd St, Bronx, NY 10454	40.808359	-73.9114139	0.481212788468	7	0.485714402978	3	0.319073537889	4	5	2.5	2280	440000	7	2278	1999	436	72	216	248	164	36	44	24	72	76	24	368
55540897_zpid	55540897_zpid	10454	699 E 142nd St, Bronx, NY 10454	40.808359	-73.9114139	0.481212788468	8	0.485714402978	3	0.319073537889	4	5	2.5	2280	440000	7	2278	1999	436	72	216	248	164	36	44	24	72	76	24	368
29791006_zpid	29791006_zpid	10473	330 Newman Ave, Bronx, NY 10473	40.812587	-73.854629	0.402565600356	1	1.02620239683	0	2.35589659339	0	3	2	935	379000	8	3075	1920	148	16	76	92	52	84	40	68	40	88	16	292
30566844_zpid	30566844_zpid	11217	201 Dean St, Brooklyn, NY 11217	40.685715	-73.98541	0.076196924614	13	0.459855033472	2	0.346724321939	9	7	4	3800	2639000	39	1143	1915	53	72	8	41	14	33	50	17	21	15	14	137
30760881_zpid	30760881_zpid	11234	4815 Avenue K, Brooklyn, NY 11234	40.626007	-73.929004	0.257679029574	9	0.300035536886	1	1.74852483558	0	3	3.5	1600	370000	20	2050	1920	24	16	10	17	7	48	28	19	23	2	3	85
30629208_zpid	30629208_zpid	11221	715 Knickerbocker Ave, Brooklyn, NY 11221	40.694291	-73.909957	0.0893614212829	11	0.586593820819	3	0.51672739764	3	3	1	3259	625000	38	1876	1925	69	11	54	73	57	16	22	4	22	33	18	105
30765532_zpid	30765532_zpid	11234	1624 E 54th St, Brooklyn, NY 11234	40.617905	-73.923135	0.234122544182	11	0.731253372547	1	2.65517302939	0	5	2	2000	470000	14	2000	1920	14	22	7	7	11	31	28	14	23	4	6	130
29812408_zpid	29812408_zpid	10460	1729 Van Buren St, Bronx, NY 10460	40.84171	-73.871083	0.118635947987	6	0.68771620134	2	0.203570672717	1	7	4	2500	422500	23	2500	1920	182	23	52	57	69	42	19	12	31	34	26	133
30693170_zpid	30693170_zpid	11209	7107 Narrows Ave, Brooklyn, NY 11209	40.635754	-74.034499	0.259972873895	7	0.600181331111	2	0.943628536109	0	1	1	2959	142000	171	2000	1925	95	8	8	18	14	32	19	85	15	3	1	60
30759744_zpid	30759744_zpid	11210	1052 E 43rd St, Brooklyn, NY 11210	40.629284	-73.935062	0.193988741475	7	0.818008252721	0	1.13396051431	0	3	1.5	1728	385000	54	2000	1930	16	1	9	18	6	24	14	13	13	5	6	48
30766061_zpid	30766061_zpid	11236	250 E 86th St, Brooklyn, NY 11236	40.646597	-73.918392	0.39280830221	3	0.989816023649	0	1.39719663428	0	2	1.5	1188	125000	163	1440	1945	10	2	9	11	7	16	14	3	6	6	4	48
30567552_zpid	30567552_zpid	11201	44 Monroe Pl, Brooklyn, NY 11201	40.695607	-73.9924769	0.144962345425	15	0.220793711959	5	0.213232581835	7	5	6	5500	5750000	25	3500	1835	59	108	24	31	25	9	62	35	36	6	13	197
30733271_zpid	30733271_zpid	11224	2858 W 25th St, Brooklyn, NY 11224	40.5768569	-73.992689	0.501030611903	1	0.287671868306	4	0.97065218557	0	2	1.5	1220	352000	12	1666	1989	276	76	192	192	120	20	80	16	76	80	24	432
30576548_zpid	30576548_zpid	11220	540 48th St, Brooklyn, NY 11220	40.645447	-74.008294	0.157007614598	11	0.115227419484	10	0.414750585265	2	6	3	2852	950000	6	2000	1899	137	62	68	105	58	51	75	22	27	32	11	262
30566247_zpid	30566247_zpid	11201	202 Front St, Brooklyn, NY 11201	40.702176	-73.984287	0.234094803465	6	0.6926090983	1	0.225301367652	2	2	2	2310	989000	19	1113	1899	6	39	3	11	0	23	28	9	11	2	3	56
29834332_zpid	29834332_zpid	10466	3663 Eastchester Rd, Bronx, NY 10466	40.882145	-73.849386	0.102037489978	7	0.201512548949	4	1.0008713146	0	5	2	1584	475000	12	3876	1950	35	4	18	10	11	34	6	2	20	10	5	36
30765985_zpid	30765985_zpid	11203	362 E 59th St, Brooklyn, NY 11203	40.645171	-73.921283	0.10991902813	4	0.945724919828	0	1.64966262579	0	3	1.5	1636	448800	2	1600	1940	164	20	44	24	24	44	84	16	24	16	8	168
30699361_zpid	30699361_zpid	11228	1062 84th St, Brooklyn, NY 11228	40.618159	-74.018028	0.355420717705	2	0.689081883538	2	1.01085920886	0	5	6	4500	1900000	56	8000	1899	16	6	7	8	5	19	38	14	15	2	2	31
30764539_zpid	30764539_zpid	11234	1594 E 53rd St, Brooklyn, NY 11234	40.619611	-73.924366	0.127866003399	12	0.514952030538	1	2.45656512187	0	3	2.5	1118	338000	16	2340	1920	56	100	20	36	44	172	112	68	72	20	32	548
30767858_zpid	30767858_zpid	11236	664 E 81st St, Brooklyn, NY 11236	40.637861	-73.91497	0.294015321384	7	0.322208910804	2	1.47860461445	0	5	2.5	2250	505000	9	1800	1960	136	40	84	64	44	208	92	52	112	32	32	364
30699647_zpid	30699647_zpid	11209	8621 Shore Rd, Brooklyn, NY 11209	40.625026	-74.040297	0.820029003006	0	0.894041401943	0	1.03853448783	0	4	2	1560	960000	3	2416	1925	17	7	1	14	4	12	18	8	6	2	1	41
29838688_zpid	29838688_zpid	10466	4353 Edson Ave, Bronx, NY 10466	40.897883	-73.846795	0.345082784567	2	0.719206161656	2	0.64027779462	2	3	2.5	2047	399500	0	2831	1935	54	5	26	26	23	40	43	11	26	8	5	70
30749555_zpid	30749555_zpid	11235	2612 E 11th St, Brooklyn, NY 11235	40.587018	-73.959601	0.126302185015	8	0.398224764679	4	0.460595218509	1	4	2.5	2052	650000	20	1956	1955	384	64	80	172	112	216	140	128	112	48	44	424
30794282_zpid	30794282_zpid	11229	73 Bartlett Pl, Brooklyn, NY 11229	40.5901712	-73.925116	0.240173163346	2	1.23453657382	0	2.48177347947	0	2	2	756	260000	19	1750	1920	8	24	4	64	4	4	116	44	84	4	16	144
30753696_zpid	30753696_zpid	11210	1093 E 36th St, Brooklyn, NY 11210	40.62408	-73.940252	0.188499686819	3	0.650368129322	3	1.15753118075	0	3	2	1400	155000	237	2033	1905	70	9	27	32	23	68	40	13	26	10	8	75
29798781_zpid	29798781_zpid	10460	1516 Commonwealth Ave, Bronx, NY 10460	40.8385109	-73.868883	0.112639011663	6	0.391037587607	3	0.540588546783	1	5	3	2229	479000	17	2375	1920	284	23	101	122	125	57	24	14	42	56	22	183
30790631_zpid	30790631_zpid	11235	177 W End Ave, Brooklyn, NY 11235	40.5774638	-73.9527221	0.0139739059424	7	0.505363654988	3	0.723654820814	1	1	1	600	365000	117	576	1920	128	32	29	41	29	28	41	20	29	16	5	94
30626574_zpid	30626574_zpid	11221	1057A Greene Ave, Brooklyn, NY 11221	40.6921449	-73.92526	0.110834111461	9	0.16426581345	5	0.328240998322	3	8	3	2820	641000	114	2000	1920	205	73	88	121	107	50	40	19	48	45	30	304
30731028_zpid	30731028_zpid	11214	166 Bay 43rd St, Brooklyn, NY 11214	40.5921186	-73.9887194	0.291553943148	6	0.614313715217	1	0.555453395443	2	4	2.5	3058	925000	16	1580	1955	48	36	48	76	12	76	128	96	116	28	20	276
29822714_zpid	29822714_zpid	10467	2749 Cruger Ave, Bronx, NY 10467	40.867143	-73.866591	0.26423751643	11	0.150434061778	7	0.200275227698	2	9	2.5	3500	560000	10	5000	1925	349	47	158	168	162	35	32	15	47	57	33	229
30598248_zpid	30598248_zpid	11233	2415 Dean St, Brooklyn, NY 11233	40.674766	-73.90727	0.273135539528	5	0.380961614149	5	0.358159975294	7	5	3	1920	550000	85	2143	1901	107	10	73	104	70	29	24	13	36	40	15	118
30761116_zpid	30761116_zpid	11234	1222 E 54th St, Brooklyn, NY 11234	40.627899	-73.924216	0.133029411283	6	0.494779137092	3	2.05399645345	0	9	6	3465	600000	32	2900	1990	45	15	30	24	18	62	25	31	21	18	5	99
30638460_zpid	30638460_zpid	11207	236 Jerome St, Brooklyn, NY 11207	40.676145	-73.887746	0.282640531326	7	0.316917076339	7	0.374028781811	4	7	3	1760	699000	0	2500	1899	78	27	55	66	48	66	27	17	37	26	11	177
30779922_zpid	30779922_zpid	11236	9405 Skidmore Ave, Brooklyn, NY 11236	40.631716	-73.890073	0.134013732473	2	0.114291523625	3	1.93775341199	0	7	3	3222	595000	48	3005	1980	27	7	10	6	2	24	10	15	8	5	1	29
30660334_zpid	30660334_zpid	11203	984 Schenectady Ave, Brooklyn, NY 11203	40.649016	-73.93334	0.270096014331	5	0.259148389278	3	1.38618543258	0	4	3	1888	445000	43	4000	1920	140	11	62	55	60	38	27	2	22	28	8	144
30615516_zpid	30615516_zpid	11217	63 S Elliott Pl, Brooklyn, NY 11217	40.687793	-73.975416	0.0565197638582	8	0.103801553854	2	0.0784407582607	8	1	1	3712	1660000	129	1808	1899	59	64	23	33	12	11	27	21	20	11	11	139
83177923_zpid	83177923_zpid	10470	4557 Bronx Blvd # B, Bronx, NY 10470	40.9028912	-73.8553843	0.322458264164	5	0.448275129036	2	0.401699825532	3	6	6	2919	495000	9	2469	2006	102	12	26	35	23	22	9	4	15	20	3	78
