29786783_zpid	29786783_zpid	10463	3850 Sedgwick Ave, Bronx, NY 10463	40.882343	-73.894896	0.30447891114	4	0.175736471528	2	0.565439482001	1	3	2	1000	186000	3	45302.4	1960	507	15	47	72	52	25	30	20	22	17	14	108
30626131_zpid	30626131_zpid	11237	126 Wyckoff Ave, Brooklyn, NY 11237	40.7033764	-73.9180774	0.164236095342	12	0.0453253123563	6	0.0565779499479	5	2	1	4725	1890000	13	2441	1931	872	420	556	792	576	204	140	96	300	312	128	1304
83049393_zpid	83049393_zpid	11216	253 Tompkins Ave, Brooklyn, NY 11216	40.69	-73.94497	0.361991459577	11	0.352955173012	5	0.559558403083	2	9	5	3	2150000	10	3239	2004	304	108	144	216	196	52	64	20	72	80	60	376
30761792_zpid	30761792_zpid	11234	9 Harden St, Brooklyn, NY 11234	40.6224483	-73.9345674	0.111176523726	8	0.114504982914	3	1.5991752167	0	4	2	1776	443000	2	1309	1940	172	56	84	116	96	132	104	76	60	32	0	476
30602458_zpid	30602458_zpid	11221	850 Lafayette Ave, Brooklyn, NY 11221	40.691107	-73.938486	0.112548807047	12	0.319768068258	5	0.719806075048	1	17	8	4585	745500	42	2000	1931	198	51	102	145	90	39	29	14	43	54	30	236
30651313_zpid	30651313_zpid	11203	21 E 55th St, Brooklyn, NY 11203	40.6578329	-73.925922	0.312607261233	13	0.591517995291	5	0.816957672318	0	5	2.5	2592	400000	116	2178	1935	142	18	56	59	67	52	21	10	16	24	13	110
29827497_zpid	29827497_zpid	10469	938 E 213th St, Bronx, NY 10469	40.877001	-73.857937	0.292232369261	6	0.651087684368	1	0.714414547702	1	3	1	3179	339000	0	3179	1910	50	5	28	43	23	54	10	6	25	23	15	71
30627235_zpid	30627235_zpid	11221	432 Evergreen Ave, Brooklyn, NY 11221	40.692725	-73.921517	0.355085295824	11	0.269507314004	5	0.350347211478	3	3	1.5	4858	675000	45	2395	1931	193	65	77	127	78	44	35	14	61	39	37	247
30665336_zpid	30665336_zpid	11225	665 Flatbush Ave, Brooklyn, NY 11225	40.656978	-73.959875	0.0175251324186	12	0.0878541947314	5	0.232255323761	2	6	6	5600	675000	120	1698	1931	327	90	156	120	132	13	31	15	46	37	11	186
30731177_zpid	30731177_zpid	11214	73 Bay 46th St, Brooklyn, NY 11214	40.590738	-73.9859	0.198018335293	5	0.666794546151	1	0.277790560515	2	6	2.5	2008	392000	145	2900	1925	52	28	28	64	8	76	100	84	96	28	20	168
30652593_zpid	30652593_zpid	11212	429 E 92nd St, Brooklyn, NY 11212	40.655845	-73.920463	0.207820430455	10	0.284547511057	3	0.71534471815	1	5	3	1922	358300	10	2199	1950	1316	48	576	668	480	248	40	24	104	204	84	844
30654534_zpid	30654534_zpid	11203	333 E 55th St, Brooklyn, NY 11203	40.649723	-73.925027	0.36351826922	8	0.361925353994	3	1.49829198177	0	3	1.5	819	383000	9	2000	1925	496	52	176	184	188	200	144	28	56	108	28	528
30782257_zpid	30782257_zpid	11234	2028 E 72nd St, Brooklyn, NY 11234	40.621212	-73.908131	0.463056268797	3	0.455302258339	1	2.88146684263	0	3	2	1036	370000	2	2000	1925	18	2	8	10	6	29	21	11	21	3	3	68
30696023_zpid	30696023_zpid	11228	936 76th St, Brooklyn, NY 11228	40.624505	-74.016478	0.487452806236	8	0.33845181737	3	0.96029808366	0	3	2	1280	597000	34	2000	1925	12	8	9	14	7	23	32	21	16	3	4	49
30598388_zpid	30598388_zpid	11233	1419 Saint Marks Ave, Brooklyn, NY 11233	40.673889	-73.9210109	0.329885512849	3	0.461068032714	3	0.541523303748	1	8	3	2850	640000	120	2491	1901	205	29	128	125	106	19	23	7	42	49	25	197
30609672_zpid	30609672_zpid	11221	451 Putnam Ave, Brooklyn, NY 11221	40.685037	-73.943098	0.1437413003	12	0.299261245932	9	0.600082553429	2	8	4	3000	690000	86	2000	1899	97	22	63	68	60	13	17	9	27	37	6	113
30719491_zpid	30719491_zpid	11204	1521 W 6th St, Brooklyn, NY 11204	40.610123	-73.979736	0.208186061702	13	0.156906154278	6	0.266102823569	4	3	2.5	1376	840000	13	2175	1925	856	132	208	236	280	384	128	108	68	48	32	576
30770747_zpid	30770747_zpid	11236	15 Paerdegat 7th St, Brooklyn, NY 11236	40.630182	-73.908213	0.694011491089	2	0.710712038252	1	1.91081086095	0	7	5.5	2945	462000	91	21	1960	29	5	8	15	6	44	18	3	23	4	4	41
30739122_zpid	30739122_zpid	11223	88 Lancaster Ave, Brooklyn, NY 11223	40.592711	-73.96153	0.299369971865	11	0.629929898544	3	0.607843047621	1	2	1.5	1350	630000	12	2613	1930	64	40	12	52	28	72	100	52	28	8	4	128
30739122_zpid	30739122_zpid	11223	88 Lancaster Ave, Brooklyn, NY 11223	40.592711	-73.96153	0.299369971865	14	0.629929898544	3	0.607843047621	1	2	1.5	1350	630000	12	2613	1930	64	40	12	52	28	72	100	52	28	8	4	128
30739192_zpid	30739192_zpid	11223	2417 Stillwell Ave, Brooklyn, NY 11223	40.588525	-73.983345	0.116391712158	4	0.639780759289	2	0.0499803168987	2	2	2	2640	470000	34	4000	1940	7	7	4	6	5	10	2	3	6	2	0	8
30603875_zpid	30603875_zpid	11221	629 Putnam Ave, Brooklyn, NY 11221	40.6858239	-73.936335	0.0988140335211	11	0.231786529881	5	0.759983642905	0	7	1	2565	1690000	0	1900	1899	143	36	79	112	56	28	32	12	31	44	20	169
30608457_zpid	30608457_zpid	11216	215 Lexington Ave # A, Brooklyn, NY 11216	40.687577	-73.953742	0.0772424498022	10	0.277760075633	5	0.320191721604	2	5	3	2100	495000	5	1667	1899	444	452	276	368	232	120	100	52	88	140	136	792
29836632_zpid	29836632_zpid	10466	738 E 234th St, Bronx, NY 10466	40.893503	-73.855669	0.112553243619	6	0.190553999232	2	0.155678980878	4	6	2	2660	550000	118	2870	1901	245	16	131	94	140	89	33	8	44	53	17	232
30719067_zpid	30719067_zpid	11230	1456 E 10th St, Brooklyn, NY 11230	40.613591	-73.964358	0.171231068988	5	0.149614525988	5	0.613642470075	1	9	5.5	4566	1400000	20	4000	1936	280	68	80	168	120	256	176	92	132	40	8	528
30742864_zpid	30742864_zpid	11229	2040 E 12th St, Brooklyn, NY 11229	40.599611	-73.960564	0.153441832296	8	0.192229124992	6	0.393287992959	2	4	3.5	3000	1199000	0	2007	1940	47	23	6	19	15	39	16	7	5	1	2	61
30615426_zpid	30615426_zpid	11217	185 Ashland Pl, Brooklyn, NY 11217	40.6893452	-73.9783007	0.350440361545	9	0.280625289965	3	0.221776979951	10	5	3	3780	2395000	0	1575	1899	59	61	21	35	13	5	28	23	23	17	10	113
30588627_zpid	30588627_zpid	11215	24 Prospect Park SW, Brooklyn, NY 11215	40.659995	-73.978426	0.152532803983	15	0.253763499358	6	0.139993109169	2	5	5	3150	2600000	2	1615	1899	176	132	64	96	76	64	84	44	60	12	28	264
30658276_zpid	30658276_zpid	11203	156 E 37th St, Brooklyn, NY 11203	40.653526	-73.943369	0.307641118436	3	0.572229911412	4	0.603256312961	2	4	3	1400	385000	25	3000	1920	103	19	63	75	55	70	24	11	20	33	4	116
30775102_zpid	30775102_zpid	11236	9103 Avenue K, Brooklyn, NY 11236	40.637725	-73.901567	0.291318920041	8	0.386420814243	2	0.994259137989	0	5	3.5	1872	575000	93	2127	1930	48	21	25	24	14	49	22	8	17	10	10	97
30636747_zpid	30636747_zpid	11207	47 Barbey St, Brooklyn, NY 11207	40.682163	-73.889828	0.386130107925	5	0.322637160393	4	0.502734059756	2	5	4	2000	396700	96	1642	1931	69	32	42	48	32	50	38	28	37	17	6	104
30599908_zpid	30599908_zpid	11233	390 Bainbridge St, Brooklyn, NY 11233	40.681878	-73.921228	0.376525557532	7	0.410461570437	2	0.350309434994	2	5	4	2226	1350000	0	1725	1901	206	57	130	167	130	25	33	12	62	91	25	260
29842352_zpid	29842352_zpid	10461	1445 Edison Ave, Bronx, NY 10461	40.8407229	-73.8326359	0.373309979444	4	0.726991902199	1	0.467494296451	2	3	2.5	1844	445200	119	3528	1950	68	22	17	18	15	56	36	24	13	8	1	97
30649582_zpid	30649582_zpid	11208	1007 Hegeman Ave, Brooklyn, NY 11208	40.666974	-73.875829	0.335949001884	8	0.485948952962	5	0.670135398403	1	6	3	2480	386000	22	3850	1920	83	14	67	72	56	30	37	8	20	34	17	134
30633360_zpid	30633360_zpid	11212	557 Watkins St, Brooklyn, NY 11212	40.658857	-73.904774	0.280931955598	4	0.357302350114	4	0.468210520461	4	3	1.5	1116	325000	82	784080	1986	89	14	64	60	44	27	34	7	38	18	9	148
30777038_zpid	30777038_zpid	11236	1462 E 92nd St, Brooklyn, NY 11236	40.635333	-73.898211	0.1261476978	5	0.251783954233	3	1.29719347459	0	6	3	1908	218000	234	3484	1920	132	84	80	96	28	220	92	48	68	44	20	360
30591624_zpid	30591624_zpid	11213	895 Saint Marks Ave, Brooklyn, NY 11213	40.675095	-73.94219	0.0734680626412	10	0.485598039721	8	0.5488709201	3	6	3.5	4000	1440000	32	2700	1899	286	65	127	132	115	24	23	7	37	55	22	249
30761130_zpid	30761130_zpid	11234	1266 E 54th St, Brooklyn, NY 11234	40.626951	-73.924108	0.233317720005	8	0.42875354746	2	2.09339181353	0	3	1.5	1480	360000	30	2000	1950	34	15	28	25	19	64	25	25	18	18	6	97
30661916_zpid	30661916_zpid	11203	506 E 43rd St, Brooklyn, NY 11203	40.643002	-73.936536	0.28159380716	5	0.779408115915	0	1.05844187235	0	2	2	1509	350000	21	2200	1940	24	5	8	14	11	35	16	3	18	7	2	67
30736183_zpid	30736183_zpid	11223	2145 E 4th St, Brooklyn, NY 11223	40.598006	-73.967562	0.364656105023	4	0.405698113891	3	0.535454460075	2	3	1.5	1344	1489000	0	1800	1910	160	48	44	112	44	128	120	244	80	20	12	312
30736183_zpid	30736183_zpid	11223	2145 E 4th St, Brooklyn, NY 11223	40.598006	-73.967562	0.657478609219	3	0.405698113891	3	0.535454460075	2	3	1.5	1344	1489000	0	1800	1910	160	48	44	112	44	128	120	244	80	20	12	312
30658815_zpid	30658815_zpid	11203	162 E 35th St, Brooklyn, NY 11203	40.651443	-73.945094	0.286402231781	3	0.465642927171	5	0.384300532038	1	4	2	2000	22500	96	2000	1931	117	19	78	83	60	67	14	7	24	30	8	116
30719308_zpid	30719308_zpid	11204	1517 W 9th St APT 4B, Brooklyn, NY 11204	40.6097778	-73.9827363	0.0525014316363	13	0.151901685398	7	0.245172198821	2	2	2	1384	590000	2	3000	2005	580	116	160	212	260	312	100	132	76	48	32	548
30719308_zpid	30719308_zpid	11204	1517 W 9th St APT 4B, Brooklyn, NY 11204	40.6097778	-73.9827363	0.0525014316363	14	0.151901685398	7	0.245172198821	2	2	2	1384	590000	2	3000	2005	580	116	160	212	260	312	100	132	76	48	32	548
30689646_zpid	30689646_zpid	11219	1447 66th St, Brooklyn, NY 11219	40.623499	-73.998554	0.10936085964	7	0.41496615186	2	0.238608132769	3	6	3	1800	1268000	0	2000	1920	41	7	14	17	12	44	48	41	11	6	13	106
29825720_zpid	29825720_zpid	10469	3220 Tenbroeck Ave, Bronx, NY 10469	40.871813	-73.852392	0.128802971544	6	0.675764779473	1	0.566208841748	1	3	1	1420	309000	42	1785	1950	45	13	28	35	20	46	25	15	29	16	7	104
30699880_zpid	30699880_zpid	11209	8724 Colonial Rd, Brooklyn, NY 11209	40.623496	-74.037238	0.255464490252	7	0.588451947515	1	0.752323278694	0	5	3	2501	1400000	7	2300	1925	204	96	44	120	44	128	100	64	48	12	8	244
30636571_zpid	30636571_zpid	11207	245 Sunnyside Ave, Brooklyn, NY 11207	40.683186	-73.889017	0.492389956387	6	0.451333270537	4	0.516331948896	2	3	1	3326	535000	47	6400	1901	42	29	30	34	29	35	25	15	23	8	5	71
30652596_zpid	30652596_zpid	11212	421 E 92nd St, Brooklyn, NY 11212	40.655985	-73.920618	0.195966039702	10	0.27004071751	3	0.708390510516	1	6	2	1922	570000	7	2200	1950	1344	48	576	680	496	252	40	24	104	204	84	864
29832425_zpid	29832425_zpid	10466	843 E 225th St, Bronx, NY 10466	40.886579	-73.855893	0.125163399642	9	0.398167931376	3	0.407342292236	3	5	2	4080	285000	169	2861	1901	163	13	82	88	64	68	23	11	31	38	17	136
30607376_zpid	30607376_zpid	11206	536 Willoughby Ave, Brooklyn, NY 11206	40.6937659	-73.948019	0.0505585891817	8	0.538072179193	5	0.210276075827	3	6	4	3140	675000	110	2000	1910	88	27	67	95	51	38	18	38	29	26	23	140
30785582_zpid	30785582_zpid	11234	1822 E 54th St, Brooklyn, NY 11234	40.612994	-73.922627	0.434902185981	5	1.21262148199	0	3.01230606549	0	3	2	1092	415000	28	2500	1930	16	5	10	9	10	32	27	18	19	5	7	104
30603064_zpid	30603064_zpid	11221	582 Lexington Ave, Brooklyn, NY 11221	40.689051	-73.9367819	0.336153835625	7	0.271508402526	4	0.824913093493	0	5	5	3000	1195000	1	18	1899	812	180	480	636	360	160	140	56	168	264	160	984
30603064_zpid	30603064_zpid	11221	582 Lexington Ave, Brooklyn, NY 11221	40.689051	-73.9367819	0.336153835625	7	0.271508402526	4	0.824913093493	0	5	5	3000	499000	15	18	1899	812	180	480	636	360	160	140	56	168	264	160	984
30672149_zpid	30672149_zpid	11218	151 Minna St, Brooklyn, NY 11218	40.644595	-73.985434	0.466417297586	8	0.445090434957	7	0.490079976937	1	6	3	3840	940000	24	2500	1920	49	23	24	35	22	41	46	45	4	11	3	131
30710035_zpid	30710035_zpid	11228	1165 84th St, Brooklyn, NY 11228	40.617113	-74.015353	0.567248708808	3	0.871859690989	0	1.26490506492	0	6	5	3250	2200000	0	4000	1960	16	24	0	28	0	60	128	40	40	12	8	104
30649533_zpid	30649533_zpid	11208	466 Atkins Ave, Brooklyn, NY 11208	40.667134	-73.876853	0.248079416069	8	0.441958667399	5	0.586839849016	1	6	4	2750	725000	0	4000	1930	94	14	76	85	61	32	39	10	26	40	18	151
30665723_zpid	30665723_zpid	11226	148 Woodruff Ave, Brooklyn, NY 11226	40.654115	-73.961071	0.0747293761343	12	0.0878371361547	5	0.135827978473	2	4	2	3185	736000	30	1653	1905	469	74	283	262	246	32	35	26	60	79	14	374
30788881_zpid	30788881_zpid	11234	2676 E 66th St, Brooklyn, NY 11234	40.6067419	-73.910371	1.02432467726	0	1.17135333479	0	3.9385755053	0	4	3	2116	600000	26	4000	1950	3	5	1	7	3	18	5	28	21	2	1	31
30752264_zpid	30752264_zpid	11210	2509 Avenue K, Brooklyn, NY 11210	40.624131	-73.950774	0.342018483901	3	0.499559353109	2	0.854435098692	0	5	2	2392	1175000	114	4000	1930	64	5	34	25	23	33	23	6	29	6	4	74
30760932_zpid	30760932_zpid	11234	1408 E 49th St, Brooklyn, NY 11234	40.62672	-73.929011	0.193854456781	9	0.36851658661	1	1.71495620931	0	4	4	2340	599000	8	2200	1930	30	18	15	25	15	51	29	17	23	7	3	87
29848914_zpid	29848914_zpid	10465	4208 E Tremont Ave, Bronx, NY 10465	40.817177	-73.816532	0.244590842521	3	0.27698887101	1	3.35013465344	0	3	1.5	1589	379000	11	2069	1955	9	7	4	7	4	19	15	11	12	4	10	62
29813465_zpid	29813465_zpid	10462	1864 Barnes Ave, Bronx, NY 10462	40.8478365	-73.8630499	0.24061622053	6	0.19539102868	3	0.468502082149	1	4	2.5	1782	405000	2	1080	1970	168	26	70	73	58	85	38	28	27	28	14	160
30671482_zpid	30671482_zpid	11218	314 Greenwood Ave, Brooklyn, NY 11218	40.65022	-73.978196	0.218728972108	11	0.0276996107921	3	0.209999459317	2	4	2	1280	1100000	24	2500	1899	30	27	17	26	20	32	25	31	16	5	4	85
30787484_zpid	30787484_zpid	11234	2763 E 63rd St, Brooklyn, NY 11234	40.606554	-73.914176	1.05308833387	0	1.25576037391	0	3.62009218725	0	3	2.5	610	545000	2	2352	1965	3	4	2	5	3	17	4	26	20	2	1	24
112498389_zpid	112498389_zpid	11237	318 Knickerbocker Ave APT 3L, Brooklyn, NY 11237	40.7012752	-73.9231188	0.0419855984467	13	0.284971875163	5	0.408911000287	4	1	1	796	652100	11	30927.6	1931	242	119	162	223	178	43	25	11	74	99	35	357
30773437_zpid	30773437_zpid	11236	9713 Farragut Rd, Brooklyn, NY 11236	40.6470603	-73.9036791	0.0777672718706	4	0.72330051142	1	0.160974839535	2	4	1	2320	415000	144	2755	1925	39	6	21	27	16	60	17	8	8	18	7	73
30589594_zpid	30589594_zpid	11238	617 Washington Ave, Brooklyn, NY 11238	40.6790049	-73.963781	0.2528149507	13	0.309381418848	7	0.570740566187	6	3	1	1382	485000	112	1115	1930	132	172	42	86	62	43	47	42	35	24	21	231
30707449_zpid	30707449_zpid	11214	2046 77th St, Brooklyn, NY 11214	40.608807	-73.9919819	0.167244507329	13	0.160490197787	6	0.705169441706	1	4	2	1400	725000	14	1999	1910	75	9	25	29	17	56	39	29	16	6	6	91
30642285_zpid	30642285_zpid	11208	24 Kiely Pl, Brooklyn, NY 11208	40.686016	-73.872079	0.2716346776	6	0.207246162178	4	0.345579910824	3	5	3	2970	550000	19	1558	1901	98	40	67	88	50	80	43	17	64	46	8	205
30668088_zpid	30668088_zpid	11226	223 E 28th St, Brooklyn, NY 11226	40.6446505	-73.950651	0.10820348524	7	0.278560122979	8	0.151347884989	3	1	1	1524	285000	38	1045	1899	324	54	138	153	122	90	41	16	33	65	30	284
30633737_zpid	30633737_zpid	11212	661 Watkins St, Brooklyn, NY 11212	40.655986	-73.9040459	0.059054024802	3	0.33839675465	2	0.508701019084	2	2	1	3280	650000	111	2500	1930	62	10	40	46	37	19	16	6	34	13	5	104
30699867_zpid	30699867_zpid	11209	66 87th St, Brooklyn, NY 11209	40.624092	-74.038152	0.18658851124	7	0.690050128697	1	0.838845914351	0	6	5.5	7500	3100000	8	5000	1925	26	19	7	25	8	22	25	14	11	2	1	57
30641886_zpid	30641886_zpid	11208	56 Grant Ave, Brooklyn, NY 11208	40.689651	-73.869083	0.227362027951	6	0.308102841291	6	0.248211876134	2	3	1	375	180000	203	375	2003	45	16	32	45	29	38	21	9	22	17	1	87
30576965_zpid	30576965_zpid	11220	266 50th St, Brooklyn, NY 11220	40.64787	-74.015451	0.287976649706	9	0.297402752552	11	0.333986769836	2	3	1	2760	640000	32	2000	1910	62	28	43	65	33	36	47	23	28	21	9	150
29844386_zpid	29844386_zpid	10465	1633 Bayview Ave, Bronx, NY 10465	40.847273	-73.817601	1.04142409424	0	0.748383211291	1	1.01752056532	0	4	2.5	1800	192000	227	1.081559952E8	1960	1	2	0	4	0	12	16	15	5	1	0	28
29781904_zpid	29781904_zpid	10453	107 E 175th St, Bronx, NY 10453	40.847026	-73.910039	0.0264607948579	11	0.122532818693	9	0.125611613089	5	3	2	1516	240000	153	1698	1940	1780	224	736	712	716	164	92	36	188	228	64	1092
29781904_zpid	29781904_zpid	10453	107 E 175th St, Bronx, NY 10453	40.847026	-73.910039	0.0264607948579	11	0.122532818693	8	0.125611613089	5	3	2	1516	240000	153	1698	1940	1780	224	736	712	716	164	92	36	188	228	64	1092
30581424_zpid	30581424_zpid	11217	415 Dean St, Brooklyn, NY 11217	40.682637	-73.9774283	0.139171825395	11	0.377363187158	2	0.163479867092	9	3	3	1968	3400000	0	2000	1910	316	516	152	188	120	192	188	276	160	80	128	900
30605160_zpid	30605160_zpid	11233	638 Halsey St, Brooklyn, NY 11233	40.684001	-73.928501	0.126671805746	7	0.31489358797	3	0.549387069922	1	1	1	2466	725000	95	1742	1899	122	65	84	110	58	14	11	12	37	32	21	163
30775138_zpid	30775138_zpid	11236	1295 E 92nd St, Brooklyn, NY 11236	40.63876	-73.901492	0.357912823432	8	0.407427904079	1	0.879276200354	0	6	5	2244	570000	9	3229	1960	152	80	92	76	56	188	104	36	72	44	28	360
30740045_zpid	30740045_zpid	11223	33 Manhattan Ct, Brooklyn, NY 11223	40.588226	-73.966727	0.340734461376	6	0.477813606346	1	0.654620795463	1	3	2	1400	895000	47	4568	1930	51	10	10	15	6	18	30	27	10	1	5	63
29821260_zpid	29821260_zpid	10469	2507 Tenbroeck Ave, Bronx, NY 10469	40.863187	-73.853223	0.526118469173	2	0.370375078235	3	0.517144330712	1	2	1.5	1400	250000	42	1698	1950	24	10	7	10	5	42	26	15	27	5	6	63
30728267_zpid	30728267_zpid	11229	1846 E 14th St, Brooklyn, NY 11229	40.604558	-73.958724	0.414461399423	10	0.473042621788	8	0.464660678445	2	4	2.5	1220	895000	0	2000	1920	97	26	39	39	31	60	26	23	18	16	6	133
29793707_zpid	29793707_zpid	10473	2152 Hermany Ave, Bronx, NY 10473	40.8243129	-73.850281	0.405382974629	4	0.505646553166	2	1.11541353119	0	3	1	1762	320000	7	5122	1935	192	76	88	60	40	112	60	24	52	36	32	224
30774492_zpid	30774492_zpid	11236	922 E 99th St, Brooklyn, NY 11236	40.644119	-73.898787	0.228599582078	6	0.706868083368	1	0.38284063446	2	2	2	2000	410000	38	2003	1925	65	9	26	19	19	55	18	6	14	19	9	100
30573310_zpid	30573310_zpid	11231	126 Pioneer St, Brooklyn, NY 11231	40.678823	-74.010494	0.115821734239	4	0.0659417032451	3	1.21139245702	0	4	2.5	1888	975000	33	1667	1899	29	57	16	26	12	11	31	9	11	10	3	67
30736545_zpid	30736545_zpid	11223	2122 W 11th St, Brooklyn, NY 11223	40.595313	-73.982367	0.427407094239	7	0.225693434293	3	0.363807731025	4	5	3	3016	1200000	0	2000	1925	38	16	7	18	9	25	23	29	13	4	4	55
30614876_zpid	30614876_zpid	11205	9 N Elliott Pl, Brooklyn, NY 11205	40.6977759	-73.9772695	0.439999191118	4	0.571600470312	2	0.895993666393	0	1	1	2047	50000	322	1475	1899	10	8	3	5	3	20	4	18	0	7	3	27
30600744_zpid	30600744_zpid	11233	84 Macdougal St, Brooklyn, NY 11233	40.679248	-73.917739	0.332938993871	3	0.473895314481	5	0.323697721597	3	8	4	4500	975000	24	1873	1910	252	33	149	174	125	40	35	14	57	76	33	233
29813882_zpid	29813882_zpid	10461	1526 Lurting Ave, Bronx, NY 10461	40.8436809	-73.849836	0.112440791595	10	0.414857937047	3	0.713613126113	1	5	2	3120	477500	12	2800	1925	116	14	33	42	19	39	31	24	23	10	7	117
29776878_zpid	29776878_zpid	10454	404 E 142nd St, Bronx, NY 10454	40.8112799	-73.920729	0.344955770264	4	0.274361209807	6	0.410018223092	3	7	3	2160	275600	23	1481	1910	197	30	92	117	97	9	14	11	27	28	16	192
30665976_zpid	30665976_zpid	11226	28 Lenox Rd, Brooklyn, NY 11226	40.653304	-73.958477	0.0309618143663	13	0.12276068489	9	0.33754773325	2	2	2	3811	990000	18	3816	1920	566	111	327	303	303	48	44	26	76	87	24	434
