29852867_zpid	29852867_zpid	10471	5137 Post Rd, Bronx, NY 10471	40.896551	-73.898601	0.599636060321	2	0.995031999172	0	0.734368394185	1	3	2	1400	524900	9	1999	1940	25	1	6	5	5	4	12	3	6	0	4	20
29790648_zpid	29790648_zpid	10473	1928 Obrien Ave, Bronx, NY 10473	40.811297	-73.855087	0.530923224574	1	1.16754298955	0	2.48531652789	0	4	2	1440	239500	165	2500	1940	35	10	20	22	12	20	13	21	10	20	3	71
29834891_zpid	29834891_zpid	10466	3652 Harper Ave, Bronx, NY 10466	40.885748	-73.83311	0.440674688437	1	0.228479620044	2	0.34262856483	1	3	1	3232	306000	207	3965	1976	30	9	13	14	1	18	13	11	12	6	1	50
30624572_zpid	30624572_zpid	11206	92 Manhattan Ave, Brooklyn, NY 11206	40.7054273	-73.9443877	0.0307117364226	11	0.256378134654	6	0.308311177141	4	2	1	1800	225000	148	1875	1931	83	169	37	60	41	15	41	18	27	13	8	176
30734606_zpid	30734606_zpid	11223	1960 W 5th St, Brooklyn, NY 11223	40.599737	-73.977409	0.114102539664	5	0.460457245315	3	0.291290723706	4	4	3	1388	715000	0	1800	1901	36	23	14	24	11	67	23	67	24	7	7	101
30671403_zpid	30671403_zpid	11218	3117 Fort Hamilton Pkwy, Brooklyn, NY 11218	40.648129	-73.979906	0.0152699549864	10	0.387831172485	4	0.394972597422	2	4	2	2268	1190000	0	2000	1925	212	92	68	96	84	84	136	124	76	28	24	392
68314018_zpid	68314018_zpid	11226	1199 Rogers Ave, Brooklyn, NY 11226	40.640519	-73.951056	0.368548229799	6	0.268033027747	5	0.23172125643	2	8	6	3795	595000	8	2360	2007	322	96	145	163	128	61	35	14	32	76	18	256
30657943_zpid	30657943_zpid	11226	367 Lenox Rd, Brooklyn, NY 11226	40.654549	-73.947379	0.200298396372	4	0.264090436659	4	0.367739896033	2	10	4.5	2231	545000	32	3702	1901	204	28	90	105	115	37	21	3	31	46	7	156
30693716_zpid	30693716_zpid	11228	7104 Fort Hamilton Pkwy, Brooklyn, NY 11228	40.6277417	-74.0140054	0.100522155354	5	0.0801812413531	5	0.809512105129	0	5	2.5	3240	1100000	23	2019	1930	48	20	20	60	12	120	84	72	28	8	4	196
30699069_zpid	30699069_zpid	11228	1043 84th St, Brooklyn, NY 11228	40.618704	-74.017975	0.637978780103	1	0.670308687858	2	0.986010973811	0	7	4	3000	3900000	0	6000	1910	68	32	36	32	24	76	156	56	76	12	12	132
30659144_zpid	30659144_zpid	11203	157 E 42nd St, Brooklyn, NY 11203	40.6520269	-73.937869	0.344584338132	2	0.501629895596	3	0.997394762273	0	4	2.5	2250	445000	37	4000	1920	131	15	81	62	67	60	26	9	30	31	8	133
30772824_zpid	30772824_zpid	11236	701 E 95th St, Brooklyn, NY 11236	40.651564	-73.911925	0.404019508453	4	0.520291346452	2	1.01135080533	0	6	4	2500	485000	17	2600	1974	152	8	64	84	92	140	92	32	16	24	12	332
30623562_zpid	30623562_zpid	11211	224 Powers St, Brooklyn, NY 11211	40.712393	-73.941973	0.0804224034583	11	0.0391266834932	4	0.137917795936	4	4	3	1560	1350000	0	1044	1901	33	75	18	45	27	31	40	8	20	13	15	156
30787823_zpid	30787823_zpid	11234	330 Whitman Dr, Brooklyn, NY 11234	40.606949	-73.906852	1.10901437113	0	1.16572888835	0	4.23437231906	0	4	3	2936	975000	39	4617	1960	2	1	0	4	0	4	7	13	9	2	1	21
30674692_zpid	30674692_zpid	11218	439 E 8th St, Brooklyn, NY 11218	40.639239	-73.970544	0.406825785508	10	0.101056643294	7	0.592568041647	2	4	2	1364	620000	40	4000	1905	223	58	83	84	47	80	40	66	32	21	11	225
29840594_zpid	29840594_zpid	10475	3321 Rombouts Ave, Bronx, NY 10475	40.880953	-73.828298	0.278939505814	1	0.277921074645	3	0.828706827677	0	2	1	980	140000	54	2134	1920	6	7	7	21	8	9	13	10	7	3	2	52
30587489_zpid	30587489_zpid	11215	513 4th St, Brooklyn, NY 11215	40.669168	-73.977007	0.16305493059	17	0.665714291146	2	0.426083300207	1	6	4	4800	4060000	11	2280	1892	136	176	56	104	52	56	288	156	92	24	52	656
83045937_zpid	83045937_zpid	11233	525 Ralph Ave, Brooklyn, NY 11233	40.671384	-73.922038	0.354388422206	6	0.182775465226	2	0.739637250923	1	2	1	2969	568729	82	1626	2008	214	24	113	98	91	17	17	7	27	35	11	142
29853836_zpid	29853836_zpid	10471	6118 Fieldston Rd, Bronx, NY 10471	40.9101903	-73.8992623	0.521660468756	7	0.532588021442	6	1.4288351073	0	3	2	2601	625000	5	2122	1925	9	9	6	10	4	9	20	9	12	2	4	37
30610677_zpid	30610677_zpid	11216	22 Arlington Pl, Brooklyn, NY 11216	40.680992	-73.951588	0.30813588498	12	0.203595446777	9	0.164267034586	4	5	3.5	3724	2250000	22	1592	1899	238	164	109	152	113	30	51	22	58	62	42	266
29842406_zpid	29842406_zpid	10461	2871 Dudley Ave, Bronx, NY 10461	40.840538	-73.8339079	0.297680664058	4	0.825544269679	0	0.42229565856	2	3	2	1428	375100	2	2374	1920	67	19	20	18	15	46	30	23	12	9	3	93
29845231_zpid	29845231_zpid	10465	569 Logan Ave, Bronx, NY 10465	40.824675	-73.818557	0.512736139946	1	0.470155522098	2	2.60792310633	0	3	1	1980	490000	101	1799	1960	13	17	6	16	5	12	18	20	13	0	6	60
30704398_zpid	30704398_zpid	11228	1554 72nd St, Brooklyn, NY 11228	40.618377	-74.00006	0.107815347408	11	0.17027673165	5	0.168570951973	2	5	3	2373	1150000	10	4000	1910	8	3	9	13	10	26	18	28	7	2	1	45
2099032467_zpid	2099032467_zpid	11233	94 Mother Gaston Blvd, Brooklyn, NY 11233	40.6785145	-73.9082989	0.263594680888	5	0.246751125501	3	0.208783206935	8	9	3	5184	2400000	0	1600	1910	205	22	136	175	117	40	36	15	53	75	28	187
30662656_zpid	30662656_zpid	11203	608 E 42nd St, Brooklyn, NY 11203	40.6403729	-73.937211	0.332778407845	3	0.95553880333	0	0.947152298943	0	3	2.5	1728	395000	86	2000	1930	50	12	13	19	16	42	22	6	20	14	3	92
30574721_zpid	30574721_zpid	11232	452 37th St, Brooklyn, NY 11232	40.652726	-74.003786	0.152155274234	6	0.256725472798	4	0.203605103415	2	3	2	1950	1300000	7	1870	1901	71	48	27	33	32	12	47	17	15	12	8	118
30701445_zpid	30701445_zpid	11209	9329 Lafayette Walk, Brooklyn, NY 11209	40.6172713	-74.0316079	0.144170291229	11	0.0629705219116	5	0.12590323569	2	2	2.5	1365	375000	85	1021	1925	121	37	31	34	31	75	48	31	6	13	8	179
30753968_zpid	30753968_zpid	11210	2401 Avenue M, Brooklyn, NY 11210	40.619207	-73.951097	0.368633850285	3	0.449211875987	3	0.723463396858	1	5	3	2015	900000	18	3600	1910	6	1	2	9	0	13	21	11	22	1	3	32
30733789_zpid	30733789_zpid	11224	3729 Oceanic Ave, Brooklyn, NY 11224	40.575587	-74.004127	0.685679194392	1	0.274121161437	2	1.94646790064	0	8	3	2012	540000	6	3000	1920	47	13	14	40	12	4	17	7	17	13	1	48
29795003_zpid	29795003_zpid	10472	1115 Beach Ave, Bronx, NY 10472	40.828279	-73.865824	0.397528489226	6	0.265883844199	5	0.390024101597	2	7	4	2800	575000	118	2000	1965	116	154	42	51	56	48	22	9	34	32	17	136
29841084_zpid	29841084_zpid	10465	1166 Throggmorton Ave, Bronx, NY 10465	40.836683	-73.821918	0.242617747495	3	0.206316899006	1	1.4406409099	0	6	3	3000	695000	20	3800	1965	6	7	7	7	7	8	29	11	11	4	4	39
30611925_zpid	30611925_zpid	11205	160 Classon Ave, Brooklyn, NY 11205	40.695085	-73.961609	0.149391832018	9	0.238141934237	8	0.703611581	1	4	2.5	1748	200000	23	2500	1901	49	69	26	40	23	41	23	33	28	9	25	158
30593541_zpid	30593541_zpid	11225	1188 Union St, Brooklyn, NY 11225	40.668756	-73.952028	0.148230198448	12	0.402857942294	5	0.149470493052	5	5	2	2786	810000	52	2555	1915	387	63	156	178	152	21	18	7	42	66	20	214
30566803_zpid	30566803_zpid	11217	418 Pacific St, Brooklyn, NY 11217	40.685589	-73.984184	0.112148682693	11	0.504985694486	2	0.373020946817	9	7	3	3960	215000	275	2200	1910	53	81	8	43	14	38	58	25	23	17	16	168
30623744_zpid	30623744_zpid	11222	48 N Henry St, Brooklyn, NY 11222	40.720731	-73.942478	0.168639254152	12	0.273281797031	2	0.699141204813	1	4	1	1050	1150000	40	2100	1980	116	140	56	164	36	48	124	72	104	24	36	460
30623744_zpid	30623744_zpid	11222	48 N Henry St, Brooklyn, NY 11222	40.720731	-73.942478	0.168639254152	11	0.273281797031	2	0.699141204813	1	4	1	1050	1150000	40	2100	1980	116	140	56	164	36	48	124	72	104	24	36	460
30659010_zpid	30659010_zpid	11203	130 E 40th St, Brooklyn, NY 11203	40.652555	-73.940448	0.199712463114	3	0.638184235923	3	0.794042332551	0	6	2	1900	590000	16	3000	1905	125	20	74	76	64	71	20	10	29	38	5	124
30763924_zpid	30763924_zpid	11234	1664 Kimball St, Brooklyn, NY 11234	40.616812	-73.934611	0.373100440054	5	0.450075967605	3	2.09620357647	0	3	3	1388	539250	17	2000	1925	13	47	7	15	5	42	28	21	28	7	1	128
29853995_zpid	29853995_zpid	10471	6216 Riverdale Ave, Bronx, NY 10471	40.91205	-73.902334	0.454683594499	6	0.522359585846	4	1.33829690433	0	3	2	1260	475000	24	2526	1909	4	7	3	6	1	6	16	9	4	1	3	28
30773703_zpid	30773703_zpid	11236	1053 E 96th St, Brooklyn, NY 11236	40.645023	-73.903144	0.161493670661	5	0.992147134625	0	0.211920780212	2	3	3	1284	323000	25	3493	1920	55	10	23	33	20	64	22	10	9	20	8	92
30636349_zpid	30636349_zpid	11212	911 Mother Gaston Blvd, Brooklyn, NY 11212	40.6560149	-73.903047	0.0754183538932	3	0.422070379114	2	0.441982826912	2	8	4	3264	209000	234	2500	1930	52	9	32	39	30	13	15	4	27	11	4	85
30670988_zpid	30670988_zpid	11218	46 E 2nd St, Brooklyn, NY 11218	40.6508309	-73.98007	0.283186602052	7	0.688034637247	2	0.380789268029	1	2	1	1572	1100000	22	1800	1910	40	68	40	64	40	92	84	84	48	8	12	188
30670988_zpid	30670988_zpid	11218	46 E 2nd St, Brooklyn, NY 11218	40.6508309	-73.98007	0.283186602052	7	0.184863438436	3	0.380789268029	1	2	1	1572	1100000	22	1800	1910	40	68	40	64	40	92	84	84	48	8	12	188
30570353_zpid	30570353_zpid	11231	576 Henry St, Brooklyn, NY 11231	40.6813409	-74.0010041	0.193215376471	12	0.298835394636	3	0.566924104748	1	7	3	3723	2495000	13	1963	1975	116	200	100	208	60	76	212	148	76	36	52	684
30570353_zpid	30570353_zpid	11231	576 Henry St, Brooklyn, NY 11231	40.6813409	-74.0010041	0.193215376471	13	0.298835394636	3	0.566924104748	1	7	3	3723	2495000	13	1963	1975	116	200	100	208	60	76	212	148	76	36	52	684
29832679_zpid	29832679_zpid	10466	852 E 231st St, Bronx, NY 10466	40.890281	-73.853399	0.209309018686	6	0.488035217883	4	0.471822527154	2	3	1	1624	152500	271	2256	1965	128	11	77	66	51	83	32	8	30	29	16	143
30722912_zpid	30722912_zpid	11223	1857 W 7th St, Brooklyn, NY 11223	40.6019352	-73.9793357	0.164630856311	6	0.371046338543	4	0.237398012276	3	2	1	874	850000	29	2375	1920	64	27	38	26	26	93	31	62	23	11	5	95
30790554_zpid	30790554_zpid	11235	72 Exeter St, Brooklyn, NY 11235	40.580235	-73.9490579	0.355651204474	5	0.82934869757	0	0.857621265938	0	3	2.5	1760	1340100	18	3000	1940	30	14	11	22	8	22	34	16	26	4	3	51
30656177_zpid	30656177_zpid	11203	662 E 52nd St, Brooklyn, NY 11203	40.644098	-73.927885	0.199035569007	5	0.689577338639	1	1.78349879007	0	2	1	3000	560000	47	2500	1925	114	23	28	22	25	37	35	11	12	13	8	117
29781253_zpid	29781253_zpid	10474	613 Barretto St, Bronx, NY 10474	40.8122789	-73.889053	0.161006131857	5	0.475137029111	2	0.75373503679	0	5	2	4200	350000	0	2900	1930	101	14	76	71	59	20	18	4	23	13	9	131
29833193_zpid	29833193_zpid	10466	952 E 231st St, Bronx, NY 10466	40.889406	-73.850681	0.175201401162	7	0.332640644439	4	0.710212775007	1	3	2	1168	326366	51	2003	1935	86	10	40	33	30	92	22	5	27	16	13	88
30712438_zpid	30712438_zpid	11214	43 Bay 25th St, Brooklyn, NY 11214	40.603162	-73.998152	0.283004401815	9	0.220525681734	11	0.155185262048	3	5	3	3800	745000	77	3867	1910	166	22	43	57	42	84	42	37	23	15	6	186
30579348_zpid	30579348_zpid	11220	448 58th St, Brooklyn, NY 11220	40.641053	-74.016164	0.114434791231	7	0.110964831407	8	0.149057499516	2	5	1	3000	695000	31	2003	1899	164	60	57	76	58	31	65	39	48	27	7	232
32767183_zpid	32767183_zpid	11224	2894 W 8th St APT 8C, Brooklyn, NY 11224	40.5779147	-73.9767981	0.381294929002	3	0.180245527479	3	0.211847923041	4	2	1	896	17000	45	5950	1939	19	1	11	11	9	1	11	6	8	4	1	57
30664258_zpid	30664258_zpid	11210	776 E 40th St, Brooklyn, NY 11210	40.63641	-73.938695	0.62154692705	2	0.665067499118	1	0.85414220113	0	3	2	1484	455000	16	2300	1920	30	7	39	41	53	20	13	6	19	15	3	98
29777260_zpid	29777260_zpid	10451	563 Walton Ave, Bronx, NY 10451	40.819251	-73.928427	0.120695693435	5	0.58956056881	2	0.133139861643	5	8	4	3500	440000	34	1785	1901	69	14	34	21	17	8	8	3	13	13	7	80
30745601_zpid	30745601_zpid	11229	2237 E 14th St, Brooklyn, NY 11229	40.595885	-73.956486	0.113300187541	11	0.154950774911	6	0.132678667877	2	3	2	1170	415000	20	2500	1925	130	38	23	31	42	50	28	19	17	14	5	120
30742490_zpid	30742490_zpid	11229	1949 E 27th St, Brooklyn, NY 11229	40.603641	-73.945122	0.284647323532	3	0.428401592396	2	1.03335819249	0	3	3	2394	749000	0	1799	1940	88	64	40	92	32	136	168	60	108	4	12	408
30642113_zpid	30642113_zpid	11208	130 Chestnut St, Brooklyn, NY 11208	40.684803	-73.876266	0.0171937975804	8	0.312280356262	5	0.275580009023	3	5	3	1708	260000	183	3750	1920	88	34	59	71	45	50	37	14	54	36	10	176
30689694_zpid	30689694_zpid	11219	1060 66th St, Brooklyn, NY 11219	40.628274	-74.007422	0.134449389103	8	0.242406473836	6	0.388103536692	1	4	4	1910	999990	34	4000	1915	39	16	11	18	7	32	36	36	13	4	13	93
30782651_zpid	30782651_zpid	11234	2163 E 73rd St, Brooklyn, NY 11234	40.619693	-73.904455	0.57041524637	1	0.500019947949	1	3.00934229941	0	7	5	2476	1250000	5	5000	1899	48	24	20	36	20	48	56	32	56	12	16	224
30762784_zpid	30762784_zpid	11234	2115 Troy Ave, Brooklyn, NY 11234	40.622417	-73.932757	0.154991236854	9	0.257330268468	2	1.71077308633	0	4	1.5	1700	390000	17	2400	1920	35	17	16	25	24	33	30	20	19	7	0	135
30602463_zpid	30602463_zpid	11221	860 Lafayette Ave, Brooklyn, NY 11221	40.691144	-73.938147	0.141432745097	10	0.344888446728	5	0.706893748194	1	4	2.5	3240	880000	20	1800	1899	199	54	100	138	87	36	28	13	41	54	32	228
30769723_zpid	30769723_zpid	11236	24 Paerdegat 3rd St, Brooklyn, NY 11236	40.631683	-73.910798	0.429566473346	5	0.450847339153	4	1.82996049073	0	6	3.5	3430	585000	11	3049	1965	104	16	56	52	20	184	72	12	76	12	4	212
30732583_zpid	30732583_zpid	11224	3812 Laurel Ave, Brooklyn, NY 11224	40.5778271	-74.0061706	0.412645224741	1	0.362871833833	1	2.1089557656	0	4	2	2792	629000	0	3000	2006	156	56	48	148	44	16	72	12	56	28	8	192
116166179_zpid	116166179_zpid	11222	121 Guernsey St, Brooklyn, NY 11222	40.7250924	-73.9536694	0.146998454679	15	0.322405256971	4	0.208155131502	2	4	2	2500	1100000	28	2500	1931	46	67	17	42	15	26	33	23	17	14	8	173
29783442_zpid	29783442_zpid	10459	840 Freeman St, Bronx, NY 10459	40.830225	-73.896169	0.418769870816	3	0.399408269125	7	0.365013037297	2	4	2	2700	389000	0	1999	1901	192	81	88	121	101	28	21	5	24	46	21	178
30638716_zpid	30638716_zpid	11207	276 Ashford St, Brooklyn, NY 11207	40.675661	-73.885733	0.222466611902	8	0.432431235869	6	0.453910119355	4	3	2	800	305000	24	577	1910	49	23	42	49	31	52	27	13	31	22	11	140
29788414_zpid	29788414_zpid	10467	77 E 208th St, Bronx, NY 10467	40.879074	-73.881707	0.280346273724	9	0.377980355165	6	0.259285812253	2	1	1	3502	260000	152	4253	1915	488	127	189	169	201	33	26	20	47	59	17	253
30608532_zpid	30608532_zpid	11221	481A Lexington Ave, Brooklyn, NY 11221	40.688836	-73.9427879	0.229133329541	10	0.189934780553	4	0.753997303762	0	3	2	1395	599000	25	1033	1899	740	204	372	528	372	104	120	40	144	200	100	812
30608532_zpid	30608532_zpid	11221	481A Lexington Ave, Brooklyn, NY 11221	40.688836	-73.9427879	0.270599907038	10	0.189934780553	4	0.753997303762	0	3	2	1395	599000	25	1033	1899	740	204	372	528	372	104	120	40	144	200	100	812
30791323_zpid	30791323_zpid	11235	184 Norfolk St, Brooklyn, NY 11235	40.578825	-73.939183	1.06217439638	0	1.39432863781	0	1.55223607247	0	3	2	1856	499000	28	2690	1925	8	20	0	24	0	48	48	12	32	4	4	76
30791323_zpid	30791323_zpid	11235	184 Norfolk St, Brooklyn, NY 11235	40.578825	-73.939183	0.596312529023	1	1.39432863781	0	1.55223607247	0	3	2	1856	499000	28	2690	1925	8	20	0	24	0	48	48	12	32	4	4	76
29797231_zpid	29797231_zpid	10462	2218 Gleason Ave, Bronx, NY 10462	40.83179	-73.850209	0.0430571214113	11	0.420526768233	4	0.303760557178	2	5	2	1708	320000	57	2575	1905	178	19	41	35	31	48	26	13	16	18	9	123
30577557_zpid	30577557_zpid	11220	323 53rd St, Brooklyn, NY 11220	40.645864	-74.015634	0.202246137446	10	0.361040002466	8	0.161541384655	3	5	3	2430	930000	13	1803	1920	92	46	38	84	40	42	53	26	34	22	8	210
30761978_zpid	30761978_zpid	11234	1514 E 45th St, Brooklyn, NY 11234	40.623852	-73.9325269	0.091117925177	9	0.345661016341	2	1.62201983026	0	3	1.5	1148	385000	28	2000	1925	136	52	64	80	92	160	132	96	60	24	4	372
30761978_zpid	30761978_zpid	11234	1514 E 45th St, Brooklyn, NY 11234	40.623852	-73.9325269	0.091117925177	8	0.345661016341	2	1.62201983026	0	3	1.5	1148	385000	28	2000	1925	136	52	64	80	92	160	132	96	60	24	4	372
30742992_zpid	30742992_zpid	11229	1311 Avenue U, Brooklyn, NY 11229	40.598911	-73.957862	0.0869687551366	9	0.0687167174497	7	0.169023832023	2	3	3	2995	1516000	16	2000	1925	80	27	16	26	25	57	25	18	11	5	3	107
30642289_zpid	30642289_zpid	11208	27 Kiely Pl, Brooklyn, NY 11208	40.686406	-73.8719524	0.235741830622	6	0.251956033919	5	0.389588601403	3	6	3	3098	163800	43	1642	1901	97	40	68	87	48	80	42	17	61	46	8	198
30633882_zpid	30633882_zpid	11207	51 Bradford St, Brooklyn, NY 11207	40.678432	-73.89337	0.116792079646	6	0.122690536893	5	0.164875778828	4	1	1	1304	175000	94	2500	1901	112	38	82	92	63	77	48	37	44	34	13	176
30571170_zpid	30571170_zpid	11217	235 Wyckoff St, Brooklyn, NY 11217	40.683779	-73.984947	0.192226290127	11	0.316859406817	2	0.518212139077	9	2	3.5	2400	800000	139	1667	1899	58	92	13	44	16	42	46	26	29	17	14	171
30733971_zpid	30733971_zpid	11224	4396 Beach 44th St, Brooklyn, NY 11224	40.5749009	-74.0102384	0.477937739987	1	0.756096697273	0	2.46846535352	0	6	4	3679	200000	322	16552.8	1925	40	20	12	60	12	0	48	0	12	8	0	64
30781877_zpid	30781877_zpid	11234	2024 E 64th St, Brooklyn, NY 11234	40.61735	-73.913811	0.27665395883	6	0.371970349042	1	3.33798506551	0	3	2.5	1900	290000	163	2200	1925	20	9	9	10	5	23	21	9	17	2	5	77
30589407_zpid	30589407_zpid	11238	620 Washington Ave, Brooklyn, NY 11238	40.679924	-73.964447	0.186316741621	13	0.344710672726	5	0.454110548583	5	2	2	2700	1300000	24	1500	1931	105	180	42	98	64	44	46	42	45	17	22	225
29786227_zpid	29786227_zpid	10453	2068 Harrison Ave, Bronx, NY 10453	40.85506	-73.909203	0.292634030612	9	0.430487529148	7	0.219908852423	4	2	1	950	225000	272	2000	1993	628	34	206	257	243	76	32	22	105	76	31	355
30683290_zpid	30683290_zpid	11218	1153 40th St, Brooklyn, NY 11218	40.641888	-73.9894946	0.402609710792	4	0.261287811214	5	0.419993627654	2	5	4	2300	1350000	0	1900	1920	22	12	24	32	18	50	34	47	1	8	0	93
30776787_zpid	30776787_zpid	11236	1172 E 105th St, Brooklyn, NY 11236	40.642766	-73.889767	0.630066672175	3	0.594134378303	4	1.10857261355	0	4	2	1760	439900	126	2833	1960	26	2	14	16	12	21	10	5	14	8	6	55
89075037_zpid	89075037_zpid	11212	202 Lott Ave, Brooklyn, NY 11212	40.6581453	-73.9061736	0.165114561403	5	0.256456926639	3	0.544395729973	3	5	2	2255	450000	24	1025	2008	110	15	83	72	56	32	37	9	43	21	13	166
30757659_zpid	30757659_zpid	11234	1753 E 36th St, Brooklyn, NY 11234	40.61379	-73.935424	0.333508480292	5	0.211596946007	2	1.97604799393	0	3	1	1064	455000	4	1800	1925	3	16	6	9	3	26	30	19	34	4	2	69
30755141_zpid	30755141_zpid	11234	1476 E 35th St, Brooklyn, NY 11234	40.6179599	-73.940675	0.53314153432	3	0.0377391184321	4	1.58262071885	0	4	3.5	2394	725000	21	5525	1945	96	48	64	76	40	120	80	76	96	24	12	352
30706342_zpid	30706342_zpid	11204	2106 Bay Ridge Pkwy, Brooklyn, NY 11204	40.609204	-73.98953	0.253910710149	13	0.323640740697	6	0.71250268951	1	6	3	2680	1142000	8	2500	1920	49	12	11	26	21	27	16	15	14	8	1	58
30744771_zpid	30744771_zpid	11229	2180 E 23rd St, Brooklyn, NY 11229	40.597822	-73.948327	0.19865788376	6	0.483541359657	6	0.644912128235	2	7	3	2740	1020000	8	30	1950	90	22	32	36	41	49	50	34	34	16	8	154
30601215_zpid	30601215_zpid	11233	1079 Herkimer St, Brooklyn, NY 11233	40.678117	-73.917679	0.218655562351	2	0.513429062556	3	0.331072078682	2	1	1	1635	574000	19	1533	1899	242	22	148	175	127	39	40	17	60	80	37	228
30580700_zpid	30580700_zpid	11218	21 Terrace Pl, Brooklyn, NY 11218	40.653896	-73.980865	0.397182045241	8	0.424852675685	3	0.627379418608	1	3	3	1530	1450000	11	1700	1940	4	44	32	32	16	60	52	72	28	0	8	116
30643426_zpid	30643426_zpid	11208	266 Lincoln Ave, Brooklyn, NY 11208	40.6835669	-73.869557	0.232713794284	8	0.221275728592	7	0.359317500005	1	5	4	2000	655000	2	2187	1910	106	37	67	95	61	64	36	11	70	43	7	198
30670726_zpid	30670726_zpid	11218	25 Seeley St, Brooklyn, NY 11218	40.653147	-73.980625	0.360671454847	7	0.380464116678	3	0.554388442136	1	6	4	2160	1425000	28	4283	1960	1	15	8	9	5	17	13	20	10	0	2	34
