30730401_zpid	30730401_zpid	11214	8762 25th Ave, Brooklyn, NY 11214	40.594862	-73.990746	0.392461451425	8	0.42529587346	5	0.457941575541	1	4	4	2880	950000	19	1940	1965	34	7	16	23	10	43	38	21	26	11	3	81
30779275_zpid	30779275_zpid	11236	1471 E 99th St, Brooklyn, NY 11236	40.6353409	-73.88825	0.170825387834	7	0.333017744123	3	1.70461932767	0	3	3	1560	175000	255	2000	1960	19	10	16	11	1	19	11	12	13	5	1	52
30630925_zpid	30630925_zpid	11207	641 Central Ave, Brooklyn, NY 11207	40.687996	-73.90694	0.343816851844	7	0.632841644263	2	0.258810473796	3	1	1	5000	275000	40	2500	1920	129	39	105	132	95	27	27	19	43	51	23	211
30618522_zpid	30618522_zpid	11249	142 N 7th St, Brooklyn, NY 11249	40.7182501	-73.9587133	0.0997290104912	13	0.329799907147	4	0.112788239449	1	2	3	2150	2510000	17	1900	1899	68	120	6	24	4	33	21	27	16	39	2	133
30669047_zpid	30669047_zpid	11226	986 Ocean Ave, Brooklyn, NY 11226	40.638374	-73.9591559	0.351329720898	11	0.375550344536	5	0.478220780588	2	5	3	3096	895000	58	5972	1910	443	101	192	196	186	48	33	26	52	78	10	296
29831659_zpid	29831659_zpid	10466	643 E 223rd St, Bronx, NY 10466	40.88722	-73.863131	0.258915411355	4	0.216995476241	1	0.25119847992	2	6	3	1612	525000	12	2971	1920	248	12	79	104	99	54	16	5	28	55	10	157
30722828_zpid	30722828_zpid	11223	1894 W 7th St, Brooklyn, NY 11223	40.601133	-73.9796261	0.108549095784	6	0.463545686225	3	0.316599488811	4	4	3	1930	835000	18	1271	1965	208	64	104	88	72	344	96	244	92	32	24	364
30722828_zpid	30722828_zpid	11223	1894 W 7th St, Brooklyn, NY 11223	40.601133	-73.9796261	0.108549095784	6	0.463545686225	4	0.316599488811	4	4	3	1930	835000	18	1271	1965	208	64	104	88	72	344	96	244	92	32	24	364
30619524_zpid	30619524_zpid	11222	77 Clay St, Brooklyn, NY 11222	40.736823	-73.95478	0.409774531574	6	0.55501946932	2	0.514399131124	3	5	3	2450	2030000	14	2500	1910	57	68	46	43	28	30	23	13	16	18	6	139
30598749_zpid	30598749_zpid	11233	1572 Eastern Pkwy, Brooklyn, NY 11233	40.670863	-73.91585	0.414481679432	7	0.502059970487	5	0.893767456876	0	8	3	2370	770000	23	1650	1920	152	6	86	93	54	10	10	8	20	35	17	112
29847401_zpid	29847401_zpid	10465	3177 Tierney Pl, Bronx, NY 10465	40.813911	-73.802655	0.983569357584	0	1.42199454951	0	4.37710793636	0	3	1	1820	402000	13	174240000	1950	1	3	1	2	0	3	10	5	5	0	1	14
30782763_zpid	30782763_zpid	11234	2258 E 70th St, Brooklyn, NY 11234	40.6165019	-73.905342	0.452523131663	2	0.353522681565	1	3.36945596976	0	3	3	1836	490000	5	2500	1965	9	14	7	13	6	13	20	11	19	2	4	60
30573666_zpid	30573666_zpid	11215	228 17th St, Brooklyn, NY 11215	40.663754	-73.991853	0.0471113043743	13	0.525051972909	4	0.203840879224	2	4	3	3408	2300000	0	2003	1899	52	56	17	46	24	34	56	13	25	15	11	166
30781211_zpid	30781211_zpid	11234	2528 Ralph Ave, Brooklyn, NY 11234	40.616465	-73.917254	0.152444327007	6	0.668281805218	1	3.1485280034	0	3	2.5	1296	288750	142	1800	1960	13	10	9	7	11	27	23	10	23	2	5	101
30783165_zpid	30783165_zpid	11234	2367 E 74th St, Brooklyn, NY 11234	40.6166449	-73.9001868	0.879828231293	0	0.782282705197	0	3.34355144026	0	4	2.5	3582	995000	66	4000	2008	2	13	2	6	0	4	16	9	11	1	3	41
29854539_zpid	29854539_zpid	10471	5232 Arlington Ave, Bronx, NY 10471	40.9004563	-73.9082837	0.683805038806	1	0.678325211453	1	0.628955865376	1	7	3.5	2580	1075000	51	7500	1950	6	3	2	6	1	3	20	3	4	0	1	15
30640868_zpid	30640868_zpid	11208	382 Atkins Ave, Brooklyn, NY 11208	40.669249	-73.877965	0.26226494291	9	0.437532229872	4	0.586038605734	2	7	4	2000	570000	112	2000	1899	139	23	104	111	81	47	33	10	33	56	30	191
30763421_zpid	30763421_zpid	11234	1361 E 55th St, Brooklyn, NY 11234	40.623437	-73.922206	0.100235559519	10	0.406555118844	1	2.39016297456	0	3	1.75	1056	350000	23	1800	1920	11	13	17	13	10	38	28	22	21	9	7	105
30740293_zpid	30740293_zpid	11235	2731 Brighton 6th St, Brooklyn, NY 11235	40.5838802	-73.9630927	0.251542342097	7	0.378825058508	5	0.708722009124	1	5	2	2000	759000	0	2375	1950	276	132	112	192	68	196	200	124	104	60	64	588
30614898_zpid	30614898_zpid	11205	35 N Oxford St, Brooklyn, NY 11205	40.696954	-73.97526	0.38583880129	7	0.412991137204	2	0.938869920861	0	7	4	2520	545000	131	1875	1899	23	19	9	18	15	25	5	21	4	12	6	56
30756664_zpid	30756664_zpid	11229	1630 Madison Pl, Brooklyn, NY 11229	40.612223	-73.943313	0.0688911869366	2	0.482368957277	2	1.28763956931	0	4	1	1616	879000	0	2800	1930	132	16	56	84	24	52	96	64	36	16	4	240
30666589_zpid	30666589_zpid	11226	2404 Snyder Ave, Brooklyn, NY 11226	40.6484809	-73.9546	0.418861039929	9	0.267773902025	6	0.499261292723	3	5	12	1020	254514	136	1395	1910	335	48	186	157	162	84	40	17	50	58	25	280
30569135_zpid	30569135_zpid	11231	489 Henry St, Brooklyn, NY 11231	40.684935	-73.9986909	0.104342002323	15	0.0727761287596	4	0.594698210426	2	5	4	2508	3600000	103	2200	1850	80	180	64	188	36	64	148	92	88	16	32	500
30783566_zpid	30783566_zpid	11234	1838 Marine Pkwy, Brooklyn, NY 11234	40.609303	-73.938811	0.445128726145	4	0.489083055502	1	1.60757342346	0	3	1	1345	775000	2	3100	1925	1	6	3	1	1	9	12	13	14	3	1	24
30608598_zpid	30608598_zpid	11221	517A Lexington Ave, Brooklyn, NY 11221	40.689036	-73.941093	0.244811513568	10	0.181309946891	3	0.892608283279	0	4	2	2025	418000	114	1500	1899	215	55	108	149	105	33	34	13	42	56	31	245
30788042_zpid	30788042_zpid	11234	14 Bassett Ave, Brooklyn, NY 11234	40.6093819	-73.906679	0.882350948367	0	0.90462398756	0	4.16912157854	0	4	2.5	2092	750000	12	4200	1960	2	4	1	7	0	6	9	9	11	3	1	27
30782661_zpid	30782661_zpid	11234	2117 E 73rd St, Brooklyn, NY 11234	40.620553	-73.905412	0.552405456705	1	0.500292129015	1	2.92109067568	0	4	3.5	2276	700000	46	6000	1950	15	6	6	9	5	11	14	8	19	3	3	55
30705125_zpid	30705125_zpid	11204	1850 73rd St, Brooklyn, NY 11204	40.613593	-73.993615	0.175595242741	16	0.172569033306	6	0.591198140451	1	3	2	2112	829000	0	1999	1925	50	13	20	44	18	48	25	19	18	8	4	97
30608717_zpid	30608717_zpid	11216	757 Marcy Ave # 2, Brooklyn, NY 11216	40.687892	-73.947481	0.155027956328	14	0.350764534576	5	0.416314564549	1	4	3	2001	720000	35	1089	1899	143	58	70	107	82	27	35	12	37	46	28	191
29828112_zpid	29828112_zpid	10469	1048 E 214th St, Bronx, NY 10469	40.876818	-73.854775	0.335049274412	8	0.596092308598	1	0.981334266736	0	3	2	1710	415000	100	1710	1945	77	7	38	71	46	56	12	11	26	26	15	113
30714082_zpid	30714082_zpid	11214	203 Bay 20th St, Brooklyn, NY 11214	40.60216	-74.005228	0.22384266265	8	0.223286442018	7	0.653592475579	2	5	2	3120	615000	57	2000	1901	124	24	33	43	26	52	46	49	15	12	10	138
30675761_zpid	30675761_zpid	11218	860 Mcdonald Ave, Brooklyn, NY 11218	40.6329453	-73.9778437	0.208544121279	8	0.262382628969	9	0.354234863859	2	6	3	2100	680000	20	2000	1899	50	30	41	43	36	41	13	55	13	8	5	141
30651140_zpid	30651140_zpid	11212	139 E 96th St, Brooklyn, NY 11212	40.662984	-73.9232169	0.148478068155	10	0.147807539029	7	0.202002631793	2	2	1	3198	410000	142	2500	1930	491	22	181	195	163	41	27	11	42	71	24	286
30694884_zpid	30694884_zpid	11209	269 Bay Ridge Pkwy, Brooklyn, NY 11209	40.631808	-74.028237	0.0402302723017	18	0.3857284673	4	0.325531285406	2	6	3	2464	1350000	0	3760	1930	111	48	47	45	37	49	49	102	20	21	5	158
30789819_zpid	30789819_zpid	11235	122 Brightwater Ct, Brooklyn, NY 11235	40.5753774	-73.9660007	0.182140994432	7	0.31213129806	6	0.235619662583	2	4	3	1995	700000	52	1586	1950	70	33	47	58	41	30	23	7	31	14	12	160
30651457_zpid	30651457_zpid	11212	1030 Winthrop St, Brooklyn, NY 11212	40.660296	-73.925215	0.235356238763	10	0.336589258815	5	0.539508862887	1	5	4	3280	300000	2	2000	1930	1952	60	744	788	624	200	80	32	152	244	108	1008
30746101_zpid	30746101_zpid	11229	2266 E 26th St, Brooklyn, NY 11229	40.596285	-73.945252	0.354127006764	8	0.444724176719	3	0.845526609898	0	4	2	1771	749000	0	2200	1940	26	21	12	25	17	27	34	24	23	7	5	93
30646279_zpid	30646279_zpid	11208	592 Pine St, Brooklyn, NY 11208	40.670825	-73.870106	0.115437851692	5	0.35094352963	6	0.534120514401	1	7	3	3300	465000	21	2600	1930	110	13	64	65	50	53	40	7	26	41	8	130
30757225_zpid	30757225_zpid	11229	3043 Avenue R, Brooklyn, NY 11229	40.609957	-73.940177	0.377409861597	3	0.452586356388	1	1.49742205085	0	3	2	1800	885000	21	4000	1920	92	16	44	60	36	12	44	32	32	8	8	164
30665383_zpid	30665383_zpid	11225	177 Winthrop St, Brooklyn, NY 11225	40.657063	-73.954308	0.0974755064297	13	0.297826561526	8	0.364156823936	3	3	1.5	2324	1250000	14	2438	1901	900	184	524	420	272	132	132	52	168	156	28	640
30665383_zpid	30665383_zpid	11225	177 Winthrop St, Brooklyn, NY 11225	40.657063	-73.954308	0.0974755064297	11	0.297826561526	7	0.364156823936	3	3	1.5	2324	1250000	14	2438	1901	900	184	524	420	272	132	132	52	168	156	28	640
30586354_zpid	30586354_zpid	11215	159 Prospect Ave, Brooklyn, NY 11215	40.666149	-73.9935464	0.132672978505	11	0.53413515395	1	0.0996857627003	4	4	2	1875	30000	161	1358	1910	48	49	14	35	17	21	44	9	22	13	8	138
30791436_zpid	30791436_zpid	11235	176 Pembroke St, Brooklyn, NY 11235	40.57905	-73.937324	0.588091733417	1	1.38266019001	0	1.66961904786	0	5	2	2332	825000	19	2700	1940	2	5	0	6	0	12	10	3	5	1	1	19
30607574_zpid	30607574_zpid	11206	132 Hart St, Brooklyn, NY 11206	40.69319	-73.946383	0.0253818327008	8	0.38707696247	2	0.339740206747	2	7	3	4000	233220	70	1700	1910	95	34	71	101	54	32	18	38	29	31	22	148
30598362_zpid	30598362_zpid	11233	221 Mother Gaston Blvd, Brooklyn, NY 11233	40.673924	-73.908075	0.175518978588	7	0.411931687989	5	0.449062172053	7	3	2	2838	900000	7	2300	1901	104	9	64	101	62	28	20	13	31	38	16	105
30605878_zpid	30605878_zpid	11233	580 Macdonough St, Brooklyn, NY 11233	40.683092	-73.923301	0.432931170618	10	0.485055620457	4	0.507555703433	3	5	6	3600	655000	28	1800	1899	186	78	117	149	103	22	23	16	51	76	25	229
30652546_zpid	30652546_zpid	11212	376 E 92nd St, Brooklyn, NY 11212	40.65652	-73.92196	0.115955942911	11	0.252445864475	3	0.726522534144	1	3	2	1958	490000	0	1999	1950	1328	56	580	652	484	268	40	24	96	212	80	856
30691481_zpid	30691481_zpid	11220	218 67th St, Brooklyn, NY 11220	40.638415	-74.027145	0.221269789693	9	0.284188609331	3	0.498640038548	1	2	2.5	1872	650000	8	2256	1960	39	16	26	29	18	26	26	30	10	11	2	64
30640859_zpid	30640859_zpid	11208	362 Atkins Ave, Brooklyn, NY 11208	40.669763	-73.878093	0.269442319727	9	0.466720564952	4	0.535396579162	2	4	1	2000	240000	210	2350	1910	156	27	107	113	87	51	34	10	33	60	29	201
30753780_zpid	30753780_zpid	11210	1266 E 38th St, Brooklyn, NY 11210	40.623343	-73.938793	0.0560745715696	2	0.645286560401	2	1.29447515372	0	3	2	1800	425000	18	1800	1930	244	28	108	128	80	184	140	44	88	44	32	272
30753780_zpid	30753780_zpid	11210	1266 E 38th St, Brooklyn, NY 11210	40.623343	-73.938793	0.0560745715696	3	0.645286560401	2	1.29447515372	0	3	2	1800	425000	18	1800	1930	244	28	108	128	80	184	140	44	88	44	32	272
30611526_zpid	30611526_zpid	11213	15 Alice Ct, Brooklyn, NY 11213	40.678462	-73.9407559	0.214424811966	7	0.33117104227	7	0.16264369458	2	9	4	1920	950000	22	1240	1899	120	25	63	65	52	22	15	5	25	27	11	132
29798222_zpid	29798222_zpid	10472	1327 Beach Ave, Bronx, NY 10472	40.83376	-73.867018	0.331972745357	8	0.332493243545	5	0.255625355778	2	6	2	3685	530000	5	3005	1930	210	151	56	67	57	34	21	10	31	44	12	144
30780738_zpid	30780738_zpid	11234	23 Georgetown Ln, Brooklyn, NY 11234	40.622617	-73.913929	0.387061997795	5	0.710007806273	1	2.8637505449	0	3	3	1616	448000	139	2659	1998	21	3	9	12	4	49	28	23	20	5	8	103
30595727_zpid	30595727_zpid	11213	1509 Dean St, Brooklyn, NY 11213	40.67643	-73.93802	0.287717959384	8	0.34996744084	6	0.456537956961	2	8	3.5	2520	1099000	0	1600	1910	174	40	75	83	75	35	27	8	32	36	12	173
30630856_zpid	30630856_zpid	11207	105 Moffat St, Brooklyn, NY 11207	40.685911	-73.9083519	0.358922244396	9	0.382214409939	3	0.380024398415	4	7	3	3512	850000	12	1755	1901	135	36	117	154	88	26	33	17	36	61	27	216
30701457_zpid	30701457_zpid	11209	9321 Hamilton Walk, Brooklyn, NY 11209	40.6176246	-74.0319379	0.184822535948	11	0.090457934531	5	0.17179195314	2	2	1	910	435000	94	923	1925	122	44	32	34	32	83	49	31	6	12	8	180
30611462_zpid	30611462_zpid	11216	298 Herkimer St, Brooklyn, NY 11216	40.67908	-73.943458	0.249179572259	8	0.109907576446	7	0.238626558341	3	5	2	2268	625000	18	1512	1901	240	81	107	155	105	37	37	21	52	53	31	226
30682041_zpid	30682041_zpid	11204	1923 66th St, Brooklyn, NY 11204	40.617029	-73.987835	0.281863844152	9	0.32681679913	6	0.24111976038	2	3	3	2345	765000	12	1700	1925	58	16	37	59	31	59	43	40	29	10	9	158
30786096_zpid	30786096_zpid	11234	2035 Kimball St, Brooklyn, NY 11234	40.611073	-73.927475	0.231037652464	2	0.927961808574	0	2.57788826934	0	3	1.5	1084	515000	92	2500	1925	9	10	2	6	2	24	25	21	16	2	5	79
30752932_zpid	30752932_zpid	11210	1194 E 38th St, Brooklyn, NY 11210	40.625978	-73.939514	0.10216624692	5	0.695623819442	1	1.02682381392	0	5	3	2000	166000	285	1999	1925	320	40	140	160	112	252	176	80	108	64	44	384
30752932_zpid	30752932_zpid	11210	1194 E 38th St, Brooklyn, NY 11210	40.625978	-73.939514	0.299380513772	4	0.695623819442	1	1.02682381392	0	5	3	2000	166000	285	1999	1925	320	40	140	160	112	252	176	80	108	64	44	384
30766922_zpid	30766922_zpid	11236	547 E 83rd St, Brooklyn, NY 11236	40.641224	-73.915482	0.578840238911	6	0.689801427472	1	1.30046014331	0	3	1	1800	490000	44	2003	1960	32	7	21	14	9	40	32	9	22	8	8	77
30566642_zpid	30566642_zpid	11217	425 Pacific St, Brooklyn, NY 11217	40.686	-73.983938	0.102286603967	11	0.553795083932	2	0.335594566661	9	6	4	3520	3600000	0	1980	1899	53	82	8	43	14	36	57	24	23	17	16	158
30602966_zpid	30602966_zpid	11221	104 Malcolm X Blvd, Brooklyn, NY 11221	40.690163	-73.930807	0.317958109708	9	0.405009152133	4	0.391832142038	2	6	3.5	2520	835000	28	2000	1899	207	66	114	143	127	56	33	20	38	61	42	287
30589617_zpid	30589617_zpid	11238	795 Bergen St, Brooklyn, NY 11238	40.678221	-73.9616112	0.206924568911	14	0.287152900543	6	0.510610375329	5	5	3	2063	1159000	20	2063	1920	131	173	47	81	62	56	39	45	37	26	26	223
30590969_zpid	30590969_zpid	11216	1425 Pacific St, Brooklyn, NY 11216	40.677598	-73.944621	0.126812775119	10	0.242361234952	7	0.316062971869	3	5	3	2688	825000	9	1667	1915	265	62	123	164	133	32	31	8	53	58	28	233
30623101_zpid	30623101_zpid	11211	534 Lorimer St, Brooklyn, NY 11211	40.7129311	-73.9489721	0.14696208973	13	0.169889589646	6	0.120867795742	4	3	1.5	2350	2000000	13	2500	1901	51	134	35	73	35	33	52	15	21	13	16	201
29782905_zpid	29782905_zpid	10456	664 Jefferson Pl, Bronx, NY 10456	40.832841	-73.899079	0.135881185992	5	0.249578878587	6	0.680028609945	1	5	3	2112	459900	1	1672	1901	217	13	82	114	61	26	10	5	13	29	16	155
29816925_zpid	29816925_zpid	10461	2864 E 196th St, Bronx, NY 10461	40.85369	-73.832589	0.298140603538	6	0.395095406184	1	0.4706600989	1	6	3	3024	700000	0	2500	1925	196	48	40	60	64	120	92	72	40	16	16	184
29816925_zpid	29816925_zpid	10461	2864 E 196th St, Bronx, NY 10461	40.85369	-73.832589	0.37957082536	5	0.395095406184	1	0.4706600989	1	6	3	3024	700000	0	2500	1925	196	48	40	60	64	120	92	72	40	16	16	184
30713023_zpid	30713023_zpid	11214	129 Bay 13th St, Brooklyn, NY 11214	40.606863	-74.0088959	0.110407789112	9	0.385308532855	6	0.617167546306	1	6	2	1920	920000	5	2708	1945	15	20	12	23	4	32	19	36	19	1	2	70
30721104_zpid	30721104_zpid	11223	1650 E 8th St, Brooklyn, NY 11223	40.608343	-73.965293	0.242289272158	8	0.373951664897	4	0.633033696899	2	3	2.5	1700	840000	7	3500	1930	59	14	10	23	25	18	16	13	20	10	3	82
64425117_zpid	64425117_zpid	11221	231 Central Ave, Brooklyn, NY 11221	40.697202	-73.923085	0.221205132425	15	0.272652450375	7	0.327985343759	3	4	4	1872	382872	77	2200	1998	130	47	66	82	63	43	19	18	45	25	25	167
30716028_zpid	30716028_zpid	11230	1009 E 2nd St, Brooklyn, NY 11230	40.6256739	-73.974689	0.208241632136	7	0.193378941953	7	0.127654946594	3	5	1	648	380000	42	2100	1925	54	13	16	36	21	27	31	38	9	2	9	74
29853528_zpid	29853528_zpid	10471	5906 Spencer Ave, Bronx, NY 10471	40.906794	-73.899068	0.238297834023	4	0.239322296872	3	1.30502165897	0	6	2	2000	676250	3	3528	1950	11	8	5	11	6	18	28	11	16	2	7	51
30610498_zpid	30610498_zpid	11216	183 Halsey St, Brooklyn, NY 11216	40.682454	-73.9459959	0.221668153451	11	0.0683044249131	8	0.377490041895	3	6	4	3224	2749000	0	1875	1901	215	107	113	175	113	26	47	19	65	66	25	261
30787755_zpid	30787755_zpid	11234	2659 E 66th St, Brooklyn, NY 11234	40.606537	-73.909436	1.06682435305	0	1.19135413619	0	4.01122893303	0	5	6	5500	1350000	40	7013	1992	3	5	1	7	2	16	7	26	17	2	1	30
30760295_zpid	30760295_zpid	11234	1143 E 54th St, Brooklyn, NY 11234	40.6300839	-73.9238699	0.119503651403	6	0.414973886854	3	2.03154526306	0	4	2.5	2180	400000	23	2000	1950	44	15	24	26	14	56	20	26	16	17	2	81
30760824_zpid	30760824_zpid	11234	1897 Schenectady Ave, Brooklyn, NY 11234	40.626143	-73.930256	0.30520510355	10	0.380560311355	1	1.64700462209	0	3	2	1700	490000	15	2100	1950	35	15	17	23	17	45	25	18	23	3	1	90
30570717_zpid	30570717_zpid	11231	46 4th Pl, Brooklyn, NY 11231	40.678187	-74.000373	0.177910794308	13	0.398913824451	3	0.478007036753	2	6	4	3812	2862500	12	2178	1890	156	164	64	144	60	68	228	100	52	40	40	624
30775365_zpid	30775365_zpid	11236	1034 E 99th St, Brooklyn, NY 11236	40.642256	-73.896707	0.212572150416	5	0.540759327625	3	0.65452279637	1	3	2	1760	230000	199	2000	1955	59	8	28	24	21	42	23	12	19	19	7	96
30760938_zpid	30760938_zpid	11234	1428 E 49th St, Brooklyn, NY 11234	40.626327	-73.928968	0.225946996402	9	0.328477858811	1	1.73609432403	0	3	4	1872	540000	35	2200	1950	96	60	40	68	28	188	112	72	96	8	12	328
29778850_zpid	29778850_zpid	10455	719 Eagle Ave, Bronx, NY 10455	40.818692	-73.910177	0.141726477324	7	0.278254685815	12	0.316151563531	3	8	3	2970	445000	36	1785	1920	112	18	30	50	32	17	19	4	19	26	13	122
30657653_zpid	30657653_zpid	11203	435 Winthrop St, Brooklyn, NY 11203	40.657613	-73.9457429	0.372514215711	5	0.408583807851	5	0.362529906678	2	3	2	1655	599000	0	2003	1945	31	8	15	24	14	20	17	16	4	10	9	34
64740250_zpid	64740250_zpid	11217	193 S Portland Ave, Brooklyn, NY 11217	40.683727	-73.973615	0.307827777913	15	0.459637974941	3	0.267073917402	9	2	1	3200	450959	146	2030	2002	48	104	25	40	22	17	24	65	26	13	24	134
29785453_zpid	29785453_zpid	10458	2356 Prospect Ave, Bronx, NY 10458	40.852988	-73.882729	0.164474244928	7	0.277868705808	2	1.15040705715	0	7	3	2060	180000	14	1750	1901	304	62	95	124	117	16	16	7	42	51	15	192
30648818_zpid	30648818_zpid	11207	1041 Hendrix St, Brooklyn, NY 11207	40.656085	-73.880918	0.573027387854	5	0.464550552092	2	1.16157615532	0	3	1.5	1088	385000	0	1520	1960	19	3	10	14	7	6	11	3	0	2	1	27
30790289_zpid	30790289_zpid	11235	3059 Brighton 14th St, Brooklyn, NY 11235	40.578336	-73.9553339	0.0547048605719	9	0.273570868248	5	0.508002532753	1	7	3	3024	750000	9	2200	1925	788	188	228	244	188	208	216	96	148	116	44	628
30790289_zpid	30790289_zpid	11235	3059 Brighton 14th St, Brooklyn, NY 11235	40.578336	-73.9553339	0.0547048605719	10	0.273570868248	6	0.508002532753	1	7	3	3024	750000	9	2200	1925	788	188	228	244	188	208	216	96	148	116	44	628
30793335_zpid	30793335_zpid	11229	5 Beacon Ct, Brooklyn, NY 11229	40.5862958	-73.9192134	0.485877858986	1	1.81581908473	0	2.95467088461	0	5	2	1850	486540	131	1799	1930	2	3	1	11	0	0	15	8	13	1	2	24
30613994_zpid	30613994_zpid	11238	63 Putnam Ave, Brooklyn, NY 11238	40.6831221	-73.959464	0.24834737055	10	0.287024369574	4	0.385200289061	4	5	4	1992	665000	37	957	1899	99	146	59	106	65	35	46	21	46	15	41	193
30701344_zpid	30701344_zpid	11209	53 Marine Ave, Brooklyn, NY 11209	40.61914	-74.036828	0.332277479908	9	0.375591902303	3	0.576199249005	1	8	3	2160	1450000	0	2725	1925	676	116	88	140	112	164	124	112	48	24	20	492
30762300_zpid	30762300_zpid	11234	1424 E 52nd St, Brooklyn, NY 11234	40.624852	-73.925838	0.314347555423	10	0.153972110852	1	2.04531430327	0	3	2	1431	451500	5	2183	1935	11	20	15	14	8	53	30	18	17	5	6	93
30570927_zpid	30570927_zpid	11231	536 Court St, Brooklyn, NY 11231	40.675569	-73.999443	0.057288502721	8	0.387153971634	1	0.212945169865	2	3	3.5	2457	1693500	58	1560	1931	26	30	7	17	9	14	41	8	11	5	7	105
30783976_zpid	30783976_zpid	11234	3520 Avenue R, Brooklyn, NY 11234	40.612698	-73.935018	0.368820465471	4	0.266943657776	2	1.97792408277	0	3	2	1152	500000	17	1573	1915	2	17	4	10	4	20	26	22	35	3	1	57
30595462_zpid	30595462_zpid	11225	205 Lincoln Rd, Brooklyn, NY 11225	40.661474	-73.955735	0.39234194693	8	0.392324422348	8	0.435986547741	3	6	3	3096	10000	145	2050	1901	524	96	200	163	166	25	38	19	51	60	23	295
30633641_zpid	30633641_zpid	11212	592 Osborn St, Brooklyn, NY 11212	40.65723	-73.905916	0.230958230509	4	0.205088946923	3	0.588727924788	2	7	4	3240	500000	33	2530	1930	97	14	73	69	53	30	27	8	42	21	10	153
30598691_zpid	30598691_zpid	11233	1861 Park Pl, Brooklyn, NY 11233	40.671787	-73.915601	0.505308188359	4	0.536148149922	6	0.85048342051	0	8	3	3225	620000	114	2555	1899	130	10	87	99	59	12	13	11	25	32	20	124
30658766_zpid	30658766_zpid	11203	188 E 34th St, Brooklyn, NY 11203	40.652348	-73.9461479	0.383376441572	4	0.358709929374	6	0.334431044761	2	5	2	2400	730000	3	2300	1910	110	20	59	75	55	60	13	7	20	29	6	111
30763515_zpid	30763515_zpid	11234	5723 Avenue M, Brooklyn, NY 11234	40.622032	-73.919595	0.270211569158	10	0.655038781315	1	2.65735086989	0	3	3	2352	750000	0	1742	1930	7	7	9	8	6	39	27	23	21	7	9	118
30727610_zpid	30727610_zpid	11229	1762 E 23rd St, Brooklyn, NY 11229	40.607522	-73.950284	0.545487376348	5	0.455397333316	3	0.649278802092	1	5	2.5	4608	1825000	20	5000	1930	127	19	39	34	46	65	66	33	24	11	1	129
30624588_zpid	30624588_zpid	11206	266 Boerum St, Brooklyn, NY 11206	40.7063052	-73.9368722	0.315535440317	9	0.425369642917	2	0.297690488484	3	5	3	2200	975000	35	2175	1920	45	103	28	25	17	20	29	11	15	10	8	101
30624143_zpid	30624143_zpid	11211	16 Sharon St, Brooklyn, NY 11211	40.715065	-73.938298	0.319093216822	8	0.440372686523	2	0.395083375219	2	3	2	1692	148000	190	1800	1950	24	119	12	40	17	25	31	11	23	12	17	132
30662434_zpid	30662434_zpid	11203	661 E 37th St, Brooklyn, NY 11203	40.640786	-73.941422	0.309166798163	4	0.584168224134	2	0.597363490407	1	4	1.5	2640	390000	78	3000	1920	110	7	65	63	61	38	20	6	21	28	8	107
29792532_zpid	29792532_zpid	10473	681 Havemeyer Ave, Bronx, NY 10473	40.8212178	-73.8456356	0.265088803786	2	0.211388169822	2	1.54064533098	0	5	3	3000	1500	3	1859	2008	12	3	11	2	2	13	6	0	9	1	2	42
30739772_zpid	30739772_zpid	11235	705 Dunne Ct, Brooklyn, NY 11235	40.5900959	-73.9623145	0.287965624993	9	0.795227212363	0	0.776320712565	0	6	5	2200	994900	0	2000	1930	35	11	10	14	10	39	30	23	16	4	3	52
