30618446_zpid	30618446_zpid	11211	149 N 7th St, Brooklyn, NY 11211	40.7180135	-73.958114	0.134890483822	13	0.319585245304	4	0.055793184566	2	1	1	2628	800000	27	1700	1910	172	536	64	232	76	124	156	68	52	56	48	644
30618446_zpid	30618446_zpid	11211	149 N 7th St, Brooklyn, NY 11211	40.7180135	-73.958114	0.134890483822	12	0.319585245304	4	0.055793184566	2	1	1	2628	800000	27	1700	1910	172	536	64	232	76	124	156	68	52	56	48	644
30634246_zpid	30634246_zpid	11207	208 Pennsylvania Ave, Brooklyn, NY 11207	40.672593	-73.89642	0.0415945696838	6	0.1806570137	7	0.217230665722	7	6	3	1920	375000	123	1667	1901	90	13	77	91	79	39	37	18	26	27	17	156
30661059_zpid	30661059_zpid	11203	452 E 42nd St, Brooklyn, NY 11203	40.644431	-73.937613	0.439605525143	3	0.612492471181	2	0.961212746118	0	5	2	1808	539000	5	2150	1945	19	5	6	6	9	25	13	3	13	6	0	52
29781768_zpid	29781768_zpid	10457	247 Mount Hope Pl, Bronx, NY 10457	40.848272	-73.904303	0.108718873347	11	0.110510526615	8	0.250396254716	5	4	2	3600	197000	3	2003	1899	383	73	207	208	208	29	22	14	74	61	29	277
30722134_zpid	30722134_zpid	11223	1787 E 2nd St, Brooklyn, NY 11223	40.60592	-73.971037	0.138956435407	7	0.176062272353	5	0.321029838664	2	3	2.5	1152	545000	87	2260	1920	376	88	96	140	116	204	108	152	124	72	12	536
30621263_zpid	30621263_zpid	11222	48 Jewel St, Brooklyn, NY 11222	40.7269413	-73.9464002	0.108019809134	14	0.493234332502	3	0.484952431766	2	2	1	1872	285000	170	1350	1910	27	54	18	26	8	23	29	21	15	12	13	134
29841107_zpid	29841107_zpid	10465	1150 Vincent Ave, Bronx, NY 10465	40.836498	-73.82097	0.192327737564	3	0.152584203739	1	1.50728294891	0	10	7	5638	80000	258	5248	1995	24	28	28	32	28	40	112	52	44	16	12	176
29789134_zpid	29789134_zpid	10470	114 E 236th St, Bronx, NY 10470	40.897529	-73.872178	0.123661624486	1	0.40222538626	1	0.815870111319	0	3	1.5	1950	500000	3	2500	1925	53	12	10	7	7	32	9	13	13	6	1	57
30773765_zpid	30773765_zpid	11236	611 E 99th St, Brooklyn, NY 11236	40.647495	-73.90179	0.198020534686	5	0.565869561733	1	0.0937567520751	2	3	1	1880	400000	14	2000	1965	36	8	22	27	12	51	17	8	9	14	6	79
29785291_zpid	29785291_zpid	10458	749 E 183rd St, Bronx, NY 10458	40.8517254	-73.8838103	0.249780052533	9	0.300474157802	2	1.22351606718	0	9	8	4148	420000	1	3101	1930	299	61	95	122	120	13	15	8	33	51	14	179
30782757_zpid	30782757_zpid	11234	2244 E 70th St, Brooklyn, NY 11234	40.616822	-73.905699	0.415596292817	2	0.31711598801	1	3.33676481381	0	3	2.5	1224	550000	5	2500	1965	10	14	8	14	6	12	22	11	19	2	5	61
30601638_zpid	30601638_zpid	11233	8 Pleasant Pl, Brooklyn, NY 11233	40.677131	-73.910205	0.0454616378277	7	0.0299863100931	3	0.158872179228	8	3	2	1504	10	112	1560	1901	228	26	163	194	132	50	40	27	60	82	31	221
79711648_zpid	79711648_zpid	11208	24 Cox Pl, Brooklyn, NY 11208	40.687722	-73.874375	0.375940457901	4	0.0833454250842	4	0.291115654438	3	9	3	2699	765000	102	2800	2006	84	21	54	70	37	59	27	16	42	32	7	137
30608283_zpid	30608283_zpid	11216	256 Tompkins Ave, Brooklyn, NY 11216	40.6896712	-73.9449925	0.327172197491	10	0.380715342087	4	0.558498112554	2	3	1	3000	209915	78	1875	1899	336	108	156	240	204	52	64	20	76	88	60	416
30608283_zpid	30608283_zpid	11216	256 Tompkins Ave, Brooklyn, NY 11216	40.6896712	-73.9449925	0.28953095226	11	0.380715342087	4	0.558498112554	2	3	1	3000	209915	78	1875	1899	336	108	156	240	204	52	64	20	76	88	60	416
30664785_zpid	30664785_zpid	11225	28 Midwood St, Brooklyn, NY 11225	40.659332	-73.959643	0.0943505422337	13	0.228394895764	5	0.336371199727	2	4	2.5	3268	2300000	13	1800	1901	389	100	175	147	152	12	43	18	53	46	13	250
30574272_zpid	30574272_zpid	11232	140 30th St, Brooklyn, NY 11232	40.658153	-74.00214	0.223662093513	3	0.408263826568	2	0.423453670491	2	2	1	2500	1299000	0	2504	1910	23	31	13	17	12	11	32	19	13	1	9	79
30696676_zpid	30696676_zpid	11228	7716 11th Ave, Brooklyn, NY 11228	40.621568	-74.013642	0.515753624697	4	0.613599093619	2	1.25299646154	0	3	2.25	2064	710000	7	2000	1930	5	11	3	19	4	37	49	21	18	2	5	46
30761104_zpid	30761104_zpid	11234	1289 E 53rd St, Brooklyn, NY 11234	40.627248	-73.924502	0.209398721755	8	0.439428174663	2	2.05153375089	0	3	1	2125	495000	11	2400	1950	40	15	28	26	18	61	25	26	19	17	5	96
29826591_zpid	29826591_zpid	10467	3550 Carlisle Pl, Bronx, NY 10467	40.877851	-73.86304	0.285886229456	5	0.211293458407	2	0.284450910935	3	6	4	2662	521000	9	2500	1901	189	16	83	72	71	48	22	3	32	32	17	165
29843754_zpid	29843754_zpid	10465	1467 Stadium Ave, Bronx, NY 10465	40.843134	-73.820714	0.763451281293	0	0.467315957572	1	1.0789361412	0	3	1.5	1332	457000	137	2500	1965	2	11	4	4	0	14	32	14	8	1	1	37
79708642_zpid	79708642_zpid	11234	2437 E 69th St, Brooklyn, NY 11234	40.6133468	-73.9024346	0.824965599488	0	0.731652617506	1	3.70806947518	0	3	2	2030	669000	0	2333	2006	0	48	8	24	0	16	64	28	40	4	8	132
30793612_zpid	30793612_zpid	11229	6 Melba Ct, Brooklyn, NY 11229	40.5867448	-73.9256597	0.459828178097	2	1.28788426348	0	2.40900463864	0	4	2	1044	164500	45	1800	1925	8	12	4	56	0	0	116	40	72	4	16	140
2099158793_zpid	2099158793_zpid	11223	10 Brighton Ct, Brooklyn, NY 11223	40.587037	-73.967296	0.35735016165	6	0.389182617027	2	0.654419772659	1	3	3	1530	570000	1	2000	1930	76	7	7	9	4	15	25	21	11	1	4	44
30728425_zpid	30728425_zpid	11229	1829 E 18th St, Brooklyn, NY 11229	40.605365	-73.954397	0.399920839325	4	0.516308337175	4	0.468184094604	2	8	6	4920	900000	31	2000	2003	148	32	46	54	57	78	62	34	18	19	3	152
30611628_zpid	30611628_zpid	11205	415 Myrtle Ave, Brooklyn, NY 11205	40.693297	-73.9691984	0.0198367085334	10	0.34003196888	3	0.613061152525	1	2	1	857	990000	54	1745	1958	73	106	38	49	37	45	27	16	32	23	16	183
29842359_zpid	29842359_zpid	10461	2889 Harrington Ave, Bronx, NY 10461	40.8403	-73.832712	0.333798809042	3	0.761771473501	0	0.499741865132	2	1	1	1408	505000	105	2178	1930	65	20	20	21	15	54	40	22	12	7	2	93
30641153_zpid	30641153_zpid	11207	903 Livonia Ave, Brooklyn, NY 11207	40.666533	-73.88351	0.0335192967643	7	0.126407339672	3	0.0310819281414	2	4	2	2090	365000	115	2000	1910	78	8	53	41	34	22	28	9	30	28	13	118
29834428_zpid	29834428_zpid	10466	1157 E 224th St, Bronx, NY 10466	40.8827423	-73.8475222	0.145714005771	7	0.183494701851	4	0.875929235775	0	5	3	1620	410000	0	2299	1950	112	40	60	32	36	132	32	4	88	28	8	140
30575551_zpid	30575551_zpid	11220	357 46th St, Brooklyn, NY 11220	40.649273	-74.0107869	0.174235043862	8	0.0949001245092	8	0.0757126075858	2	4	3	2500	995000	0	2003	1910	78	37	49	69	35	16	44	18	23	23	8	151
30708886_zpid	30708886_zpid	11228	8009 14th Ave, Brooklyn, NY 11228	40.615773	-74.008236	0.321920568155	10	0.491237059745	3	0.692276144412	1	2	1	1728	680000	12	1197	1920	6	18	4	21	0	30	46	44	24	6	3	67
29852040_zpid	29852040_zpid	10463	3427 Corlear Ave, Bronx, NY 10463	40.883569	-73.904515	0.268978405498	13	0.26981179669	5	0.330222233991	2	3	1.5	1152	450000	0	2500	1925	225	43	65	62	58	41	52	12	35	28	17	152
30634468_zpid	30634468_zpid	11207	301 Pennsylvania Ave, Brooklyn, NY 11207	40.670177	-73.895067	0.08507413541	5	0.139533410869	6	0.47782670845	4	5	2	1140	230000	156	1596	1910	125	17	100	104	113	24	34	8	32	35	22	200
30639062_zpid	30639062_zpid	11208	171 Atkins Ave, Brooklyn, NY 11208	40.6750029	-73.878805	0.261423556998	9	0.173033712345	5	0.190807425423	4	6	3	1328	614000	0	1900	1930	173	20	96	112	83	51	45	14	44	61	16	210
30630657_zpid	30630657_zpid	11207	87 Cooper St # A, Brooklyn, NY 11207	40.6860519	-73.909408	0.311906353796	11	0.342157664864	3	0.362604563052	4	5	3	3000	575000	24	3000	1899	139	34	125	159	91	30	39	17	41	67	28	224
30768148_zpid	30768148_zpid	11236	635 E 85th St, Brooklyn, NY 11236	40.6405249	-73.912152	0.398532068106	7	0.450485156459	2	1.10576711768	0	4	2	1760	465000	19	2000	1950	164	24	108	56	40	264	128	60	100	52	40	436
30768148_zpid	30768148_zpid	11236	635 E 85th St, Brooklyn, NY 11236	40.6405249	-73.912152	0.398532068106	7	0.450485156459	3	1.10576711768	0	4	2	1760	465000	19	2000	1950	164	24	108	56	40	264	128	60	100	52	40	436
29780132_zpid	29780132_zpid	10459	855 E 167th St, Bronx, NY 10459	40.826439	-73.897651	0.28773823183	6	0.28447056214	5	0.467620039805	3	4	2	2520	410000	125	2461	1901	160	39	96	115	96	23	14	8	23	43	22	196
30596248_zpid	30596248_zpid	11213	1355 Park Pl, Brooklyn, NY 11213	40.672719	-73.9324	0.195942741589	7	0.285587085864	4	0.427917075017	1	5	2	2500	665000	10	2555	1910	375	36	186	181	173	31	29	12	43	65	20	258
30721530_zpid	30721530_zpid	11223	1760 W 9th St, Brooklyn, NY 11223	40.604083	-73.982145	0.120987980938	7	0.339193775341	2	0.152497514127	1	3	2	2085	849999	0	1700	1910	312	100	164	100	136	304	108	160	76	48	20	372
30777584_zpid	30777584_zpid	11236	1262 E 104th St, Brooklyn, NY 11236	40.640834	-73.888865	0.623229181672	2	0.514967344687	1	1.27385579026	0	3	1.5	1080	383750	116	2600	1960	88	8	64	76	20	68	56	28	60	32	16	232
30602470_zpid	30602470_zpid	11221	874 Lafayette Ave, Brooklyn, NY 11221	40.691201	-73.937623	0.186091940885	9	0.384771782017	5	0.688868802553	1	5	2.5	2622	175000	32	1942	1899	206	53	99	138	85	36	25	13	34	52	33	222
30667529_zpid	30667529_zpid	11226	220 E 19th St, Brooklyn, NY 11226	40.644096	-73.961384	0.258227361744	10	0.328155497618	3	0.263443589331	3	6	4	3225	1750000	10	5000	1899	531	94	326	313	338	42	36	23	79	90	13	450
30724036_zpid	30724036_zpid	11230	826 E 14th St, Brooklyn, NY 11230	40.629131	-73.963376	0.129391334723	7	0.448677139039	6	0.14756354234	3	9	3.5	3240	1080000	3	2000	1910	75	26	48	43	52	62	46	53	22	13	9	139
30701459_zpid	30701459_zpid	11209	9325 Hamilton Walk, Brooklyn, NY 11209	40.6175587	-74.0319927	0.178198970276	11	0.093643243054	5	0.166640390861	2	2	2	910	375000	100	923	1925	122	43	32	35	32	82	49	32	6	13	8	181
30753710_zpid	30753710_zpid	11210	3610 Avenue K, Brooklyn, NY 11210	40.624818	-73.94025	0.230129826031	3	0.688739819524	2	1.08934916031	0	4	3	1892	370000	27	1900	1923	73	10	29	36	24	68	43	19	27	13	10	86
30583922_zpid	30583922_zpid	11215	363 5th St, Brooklyn, NY 11215	40.671296	-73.98314	0.127653986106	15	0.315826770498	5	0.438693460988	4	5	3	2600	2900000	0	2000	1899	61	76	26	48	26	27	63	43	32	15	21	237
30740048_zpid	30740048_zpid	11223	15 Manhattan Ct, Brooklyn, NY 11223	40.588169	-73.9672779	0.323970719881	6	0.433408745414	1	0.611124086083	1	3	1.5	2013	480000	35	1500	1930	52	10	10	15	5	20	29	27	13	1	5	67
30574827_zpid	30574827_zpid	11232	421 41st St, Brooklyn, NY 11232	40.651262	-74.006497	0.144788692813	8	0.20320024625	6	0.393323307779	2	6	3	2784	2165000	15	2003	1899	284	180	112	132	132	40	160	68	68	52	20	456
30574827_zpid	30574827_zpid	11232	421 41st St, Brooklyn, NY 11232	40.651262	-74.006497	0.144788692813	8	0.20320024625	7	0.393323307779	2	6	3	2784	2165000	15	2003	1899	284	180	112	132	132	40	160	68	68	52	20	456
29779632_zpid	29779632_zpid	10455	701 Prospect Ave, Bronx, NY 10455	40.816213	-73.903412	0.0664184452859	13	0.281154734754	8	0.371549701623	4	3	2	1100	5000	12	1995	1899	267	25	95	117	74	23	35	14	42	36	27	222
29846203_zpid	29846203_zpid	10465	732 Vincent Ave, Bronx, NY 10465	40.829675	-73.817031	0.531348002412	5	0.587414593599	2	2.26588154894	0	5	2	2024	560000	29	5000	1920	24	12	12	48	0	48	52	128	60	4	16	160
29831629_zpid	29831629_zpid	10466	658 E 223rd St, Bronx, NY 10466	40.886654	-73.8628559	0.193351389959	4	0.189126470882	1	0.260739919172	2	3	2.5	1596	235000	29	2558	1925	238	14	77	95	87	52	17	5	27	48	10	148
30672334_zpid	30672334_zpid	11218	14 Tehama St, Brooklyn, NY 11218	40.645026	-73.981503	0.160842730977	10	0.120492921871	7	0.189169391882	2	6	3	4200	820000	120	2534	1935	63	29	37	43	32	36	39	34	13	15	10	158
83046061_zpid	83046061_zpid	11234	1467 E 73rd St, Brooklyn, NY 11234	40.6227079	-73.9079919	0.620949459335	1	0.620487103629	1	2.715694004	0	6	3.5	3570	770000	20	4125	2007	84	4	36	48	24	120	68	36	68	16	12	232
29853866_zpid	29853866_zpid	10471	6138 Tyndall Ave, Bronx, NY 10471	40.910727	-73.899945	0.497977650981	8	0.499900424172	6	1.4097405608	0	5	3	2256	779000	0	2374	1930	7	8	6	9	3	8	20	9	8	2	4	35
29788533_zpid	29788533_zpid	10467	108 E 208th St, Bronx, NY 10467	40.8778379	-73.880869	0.197632652336	9	0.506195838379	5	0.377193177932	2	8	6	3496	570000	22	3920	1925	459	99	147	159	194	46	26	33	43	49	20	239
29840049_zpid	29840049_zpid	10470	4726 Richardson Ave, Bronx, NY 10470	40.904451	-73.85054	0.250499158019	5	0.0430970010933	2	0.147763027909	3	3	2	1208	215200	151	3500	1925	112	13	65	60	60	26	19	6	24	24	4	126
30570062_zpid	30570062_zpid	11231	563 Henry St, Brooklyn, NY 11231	40.682297	-74.000021	0.075692926948	13	0.261865434992	2	0.510413619008	1	1	1	1250	150000	258	1625	1900	25	50	21	52	11	18	54	42	19	6	12	177
30646698_zpid	30646698_zpid	11207	754 New Jersey Ave, Brooklyn, NY 11207	40.660792	-73.891532	0.210967078918	3	0.19193296817	5	0.513476342977	3	3	1	1444	449000	0	1853	1925	235	17	131	125	130	27	47	10	40	71	15	238
30671645_zpid	30671645_zpid	11219	1028 38th St, Brooklyn, NY 11219	40.644515	-73.991702	0.218810954541	5	0.32783842064	5	0.296947041594	2	6	3	2048	825000	3	1999	1899	160	20	108	152	68	112	100	160	56	40	12	308
30702378_zpid	30702378_zpid	11209	1 Jackson Ct, Brooklyn, NY 11209	40.611601	-74.032706	0.236013277794	6	0.554958508531	2	0.524144839565	1	3	3	1782	885000	6	1318	1940	38	13	12	11	10	30	25	25	5	6	4	46
30694291_zpid	30694291_zpid	11228	865 73rd St, Brooklyn, NY 11228	40.627275	-74.015386	0.226554407621	8	0.0948017042165	5	0.898338948058	0	6	3	1800	950000	10	4000	1925	11	5	5	15	3	28	22	20	6	2	1	49
30753021_zpid	30753021_zpid	11210	1124 E 23rd St, Brooklyn, NY 11210	40.6230199	-73.953248	0.538718894925	4	0.697788444043	4	0.683236226934	1	5	3.5	1864	1150000	5	3000	1915	6	1	3	3	0	12	11	3	19	1	0	22
82783839_zpid	82783839_zpid	11208	353 Atkins Ave, Brooklyn, NY 11208	40.6699848	-73.8776248	0.283481956982	10	0.481537551546	4	0.531555829847	2	6	3	2000	33000	161	2000	2005	152	27	105	99	81	53	33	11	32	56	27	192
30573295_zpid	30573295_zpid	11231	94 Pioneer St, Brooklyn, NY 11231	40.678331	-74.009782	0.174372243668	4	0.141319388755	3	1.13504895549	0	4	2.5	1824	33000	222	1667	1899	29	57	16	27	12	12	31	10	11	11	3	75
30660146_zpid	30660146_zpid	11203	3306 Snyder Ave, Brooklyn, NY 11203	40.648883	-73.946183	0.270688641773	6	0.264512009641	4	0.360108440545	2	5	3	1800	575000	98	2347	1910	119	19	98	86	79	49	11	4	21	24	10	109
30642360_zpid	30642360_zpid	11208	475 Ridgewood Ave, Brooklyn, NY 11208	40.685981	-73.871323	0.231805128138	6	0.227236693946	5	0.37342509668	3	3	2	1356	370000	21	2000	1930	96	40	67	89	48	77	42	17	63	46	8	203
30601522_zpid	30601522_zpid	11233	1182 Herkimer St, Brooklyn, NY 11233	40.677476	-73.914388	0.401710499529	4	0.245340438535	4	0.325563392945	3	7	3	2700	365000	30	1790	1899	260	25	159	171	118	60	34	23	64	75	38	220
29785160_zpid	29785160_zpid	10457	2113 Prospect Ave, Bronx, NY 10457	40.847585	-73.886582	0.141734149114	13	0.412796186049	3	0.980428231505	0	5	3	1320	300000	12	1938	1970	181	37	92	113	93	23	10	3	37	46	21	171
30710318_zpid	30710318_zpid	11214	1605 84th St, Brooklyn, NY 11214	40.611432	-74.005698	0.302519643792	11	0.224303314438	6	0.487768620539	2	4	2.5	1800	468650	46	1355	1935	21	5	9	11	3	10	22	20	15	4	4	70
63152482_zpid	63152482_zpid	10463	3800 Blackstone Ave, Bronx, NY 10463	40.889152	-73.911407	0.337508541753	8	0.452198196056	1	1.01766014196	0	2	1	1212	541199	138	5071	2002	48	20	10	16	9	7	26	7	9	0	5	58
2099986072_zpid	2099986072_zpid	10466	950 E 231 Street, Bronx, NY 10466	40.889427	-73.850744	0.177371780518	7	0.338433366947	4	0.704559628853	1	4	3	1272	429000	0	2136	1930	86	10	40	33	31	92	22	5	27	16	13	88
30707075_zpid	30707075_zpid	11228	1320 77th St, Brooklyn, NY 11228	40.618653	-74.00826	0.0574685240167	7	0.372446985439	1	0.800746637645	0	3	3	1440	938000	0	1598	1925	9	15	5	26	3	44	50	43	19	2	3	69
30654563_zpid	30654563_zpid	11203	5613 Kings Hwy, Brooklyn, NY 11203	40.64897	-73.923756	0.494052616544	7	0.48961416132	3	1.52466822438	0	4	3	2397	480000	7	2263	1950	89	12	31	35	33	36	32	7	10	20	8	104
29844537_zpid	29844537_zpid	10465	2980 Bruckner Blvd, Bronx, NY 10465	40.8339332	-73.8257764	0.253189196054	4	0.466043142991	1	1.4179760888	0	4	2.5	4000	750000	0	4499	1927	24	56	28	28	28	40	76	52	32	12	16	116
30600792_zpid	30600792_zpid	11233	148 Macdougal St, Brooklyn, NY 11233	40.679571	-73.914907	0.424286591766	3	0.458097662743	5	0.36918990905	3	5	3	1920	463000	122	1600	1910	285	33	183	208	139	48	50	19	75	93	34	262
30601273_zpid	30601273_zpid	11233	2142 Fulton St, Brooklyn, NY 11233	40.678039	-73.911338	0.124345342725	8	0.122650005737	3	0.069474338842	6	6	3	4000	550000	14	2000	1920	263	31	187	197	141	55	48	26	62	91	28	240
30748637_zpid	30748637_zpid	11235	2573 E 11th St, Brooklyn, NY 11235	40.587658	-73.959179	0.110684483909	9	0.363592210984	4	0.433105729003	1	6	4	3520	975000	9	4000	1925	420	72	80	160	104	220	140	124	116	48	36	456
30748637_zpid	30748637_zpid	11235	2573 E 11th St, Brooklyn, NY 11235	40.587658	-73.959179	0.110684483909	9	0.28100545108	5	0.433105729003	1	6	4	3520	975000	9	4000	1925	420	72	80	160	104	220	140	124	116	48	36	456
30680094_zpid	30680094_zpid	11204	1813 60th St, Brooklyn, NY 11204	40.62196	-73.986665	0.457466501947	3	0.310681007417	3	0.347754712501	2	7	4	2800	1499000	0	2003	1931	21	12	19	23	6	51	51	83	22	7	8	103
30794214_zpid	30794214_zpid	11229	101 Frank Ct, Brooklyn, NY 11229	40.5890914	-73.9243883	0.203684269062	2	1.31331742416	0	2.52822350136	0	3	2	975	330000	11	1800	1925	8	24	8	60	0	4	120	48	80	4	16	156
29781918_zpid	29781918_zpid	10453	1991 Morris Ave, Bronx, NY 10453	40.851652	-73.907343	0.103938713537	12	0.253302616076	8	0.202532018638	5	3	3	3132	145000	30	1999	1899	555	49	255	250	242	47	27	21	88	74	22	360
29832749_zpid	29832749_zpid	10466	829 E 232nd St, Bronx, NY 10466	40.89165	-73.853627	0.180702661002	6	0.390382393549	3	0.366400232945	2	2	3	1560	275000	116	1562	1955	173	14	96	67	71	77	28	8	32	35	11	165
30729555_zpid	30729555_zpid	11214	2416 84th St, Brooklyn, NY 11214	40.599941	-73.987899	0.151356577105	7	0.134668499002	5	0.264936154963	2	4	5	1656	945000	14	2613	1920	71	13	14	28	17	57	34	22	18	7	2	88
29781774_zpid	29781774_zpid	10453	106 Mount Hope Pl, Bronx, NY 10453	40.848569	-73.907997	0.190714791343	13	0.184473076155	10	0.310491871817	6	6	3	3458	285000	138	5009	1901	552	46	229	200	222	32	23	11	56	67	22	344
29781523_zpid	29781523_zpid	10456	309 E 169th St, Bronx, NY 10456	40.835078	-73.911581	0.325386798594	9	0.260014718648	8	0.494964017537	2	4	1	1420	250000	31	1306	1899	561	95	242	240	271	43	28	7	88	86	38	336
30732839_zpid	30732839_zpid	11224	3730 Neptune Ave, Brooklyn, NY 11224	40.576522	-74.00438	0.611861617315	1	0.229482279952	2	1.95966018843	0	5	2	1860	1099000	0	6000	1920	200	52	60	164	52	20	84	28	76	52	8	220
30596393_zpid	30596393_zpid	11213	202 Schenectady Ave, Brooklyn, NY 11213	40.672362	-73.9338439	0.147851109404	12	0.192384281965	5	0.393166933587	1	3	2	1020	588000	26	1560	1901	393	43	187	194	191	36	33	13	42	66	28	295
29845780_zpid	29845780_zpid	10465	923 Vincent Ave, Bronx, NY 10465	40.832881	-73.820089	0.217406612839	4	0.257705543488	2	1.83401033597	0	3	2	1836	425000	2	2381	1960	24	24	16	52	28	60	112	104	56	16	20	168
30604838_zpid	30604838_zpid	11233	553A Halsey St, Brooklyn, NY 11233	40.684232	-73.930646	0.096804403448	7	0.255126108452	4	0.541948577018	1	5	2	2208	1200000	5	1667	1899	114	54	78	106	56	15	18	9	27	25	19	152
30706434_zpid	30706434_zpid	11228	1155 77th St, Brooklyn, NY 11228	40.621099	-74.011435	0.347776868393	5	0.437980807927	2	1.07541683357	0	6	3	3192	697000	47	2300	1930	6	12	2	21	3	37	46	23	20	2	4	60
30586349_zpid	30586349_zpid	11215	173 Prospect Ave, Brooklyn, NY 11215	40.6659383	-73.9931778	0.101440088547	11	0.510744039218	2	0.0638215613902	4	6	4	1800	1675000	0	1372	1899	51	51	15	35	17	22	49	10	23	13	8	145
29851753_zpid	29851753_zpid	10463	3126 Fairfield Ave, Bronx, NY 10463	40.883778	-73.913646	0.325441092219	9	0.414112043423	2	0.900746816823	0	3	1.5	1326	637500	27	3698	1930	58	12	6	26	12	22	45	13	14	4	5	62
30718704_zpid	30718704_zpid	11230	1479 E 2nd St, Brooklyn, NY 11230	40.613601	-73.972495	0.0998562107292	8	0.376975884357	3	0.223688199098	2	7	4	3360	324000	216	2909	1925	32	9	13	29	16	48	25	24	12	8	6	85
30693999_zpid	30693999_zpid	11209	63 73rd St, Brooklyn, NY 11209	40.6348429	-74.034769	0.247632922668	7	0.633248370374	2	0.962467357514	0	2	1	1400	60000	10	2000	1920	69	8	12	20	14	33	22	91	19	3	2	61
29841068_zpid	29841068_zpid	10465	1169 Throggmorton Ave, Bronx, NY 10465	40.836655	-73.822439	0.265524943067	4	0.232364100929	1	1.41622640302	0	4	2	1296	409500	7	1875	1910	6	7	7	7	7	7	29	11	10	4	3	37
30788521_zpid	30788521_zpid	11234	2476 E 66th St, Brooklyn, NY 11234	40.6099249	-73.907323	0.808268162731	0	0.833119297061	0	4.11472780468	0	4	3	2756	999999	29	6403	1960	2	4	1	5	0	8	8	8	16	1	1	26
30646975_zpid	30646975_zpid	11207	686 Van Siclen Ave, Brooklyn, NY 11207	40.662643	-73.8876049	0.30019529695	7	0.203182118458	7	0.336301437553	3	4	2.5	2175	509000	0	2173	1975	812	40	492	408	420	100	148	36	184	256	60	816
29842772_zpid	29842772_zpid	10461	1527 Gillespie Ave, Bronx, NY 10461	40.84296	-73.8313469	0.19860597246	6	0.504853061691	1	0.430859069511	2	3	2	1092	430000	9	2500	1920	80	14	21	18	21	46	37	15	10	14	5	108
29825729_zpid	29825729_zpid	10469	3238 Tenbroeck Ave, Bronx, NY 10469	40.872295	-73.852379	0.114532632823	6	0.632351032943	1	0.591340999815	1	3	2	1900	500000	106	100	1950	40	11	25	37	22	40	23	12	28	18	10	102
29822174_zpid	29822174_zpid	10469	1502 Hawthorne St, Bronx, NY 10469	40.864129	-73.843053	0.255128028127	3	0.679405323333	1	0.663010338924	1	2	1	1024	216000	44	1656	1940	14	11	6	11	3	19	22	13	16	3	4	54
30787809_zpid	30787809_zpid	11234	417 Mayfair Dr S, Brooklyn, NY 11234	40.607223	-73.906778	1.0853723793	0	1.13697837369	0	4.2467204956	0	4	3	2310	475000	211	3817	1983	2	2	0	4	0	4	7	13	9	3	1	23
30738678_zpid	30738678_zpid	11223	40 Southgate Ct, Brooklyn, NY 11223	40.590924	-73.971589	0.102930837731	7	0.509749429122	2	0.267715966253	3	1	1	2496	520000	146	1600	1925	36	11	15	20	8	43	38	41	21	5	5	101
30784570_zpid	30784570_zpid	11234	1714 E 53rd St, Brooklyn, NY 11234	40.616527	-73.924003	0.296617943774	10	0.846505398209	0	2.69910434025	0	3	1	3000	440000	114	3000	1930	13	19	7	7	11	29	28	18	18	6	6	114
