30791448_zpid	30791448_zpid	11235	181 Oxford St, Brooklyn, NY 11235	40.578841	-73.93768	0.604488478841	1	1.40182423247	0	1.6565229409	0	4	3	2376	750000	24	2918	1940	2	5	0	6	0	12	11	3	5	1	1	19
30780340_zpid	30780340_zpid	11234	1274 E 69th St, Brooklyn, NY 11234	40.623647	-73.91466	0.455629605666	4	0.782359809733	0	2.78036510239	0	8	5	3562	600000	17	4475	1965	80	16	36	48	24	212	84	96	72	36	20	380
29854580_zpid	29854580_zpid	10471	27 Sigma Pl, Bronx, NY 10471	40.906699	-73.908546	0.384599244251	4	0.295127488403	3	0.558523593534	1	5	4.5	4856	2550000	0	2760	1970	8	7	2	9	5	4	21	4	7	2	3	22
30748571_zpid	30748571_zpid	11235	2425 Brigham St, Brooklyn, NY 11235	40.593905	-73.93361	0.177395837482	8	0.583791260834	3	1.82778106515	0	3	2	1560	475000	0	1999	1955	4	10	6	1	2	1	6	5	2	2	1	33
30701103_zpid	30701103_zpid	11209	138 Battery Ave, Brooklyn, NY 11209	40.616087	-74.024768	0.29130743724	9	0.512044639855	3	0.546812540549	1	3	2	2016	940000	4	2666	1940	37	13	12	12	9	18	13	5	1	3	3	60
30587779_zpid	30587779_zpid	11215	459 8th St, Brooklyn, NY 11215	40.667149	-73.97982	0.09814734934	19	0.508167768122	4	0.105971176579	2	4	3.5	2700	3525000	3	1733	1901	35	63	17	41	16	22	67	39	29	7	17	183
30715146_zpid	30715146_zpid	11214	285 Bay 20th St, Brooklyn, NY 11214	40.600596	-74.006834	0.375976199559	6	0.363027249043	3	0.854862846072	0	3	2	1320	558000	64	1536	1940	93	9	30	24	18	35	33	38	10	8	8	101
30785935_zpid	30785935_zpid	11234	2022 E 38th St, Brooklyn, NY 11234	40.6101249	-73.929618	0.0870780205018	2	0.80359121929	0	2.38840205716	0	3	2.5	1800	680000	6	2058	1930	8	36	16	12	8	64	104	96	88	0	12	224
30764686_zpid	30764686_zpid	11234	1529 E 55th St, Brooklyn, NY 11234	40.619362	-73.9218765	0.315845540828	11	0.655309730158	1	2.64359994886	0	3	2	1275	495000	3	1292	1970	13	22	7	7	10	37	27	13	21	3	9	126
30619050_zpid	30619050_zpid	11211	430 Grand St, Brooklyn, NY 11211	40.711326	-73.953574	0.0909585594968	18	0.342058103406	7	0.313431744254	5	3	2	4000	375000	91	2100	1910	147	355	96	115	83	38	45	21	33	23	25	321
29850300_zpid	29850300_zpid	10464	21 Winters St, Bronx, NY 10464	40.84325	-73.788604	0.273421585895	3	2.8320100901	0	3.41532121815	0	3	3	1785	400000	34	2439	1986	64	48	20	24	12	4	124	40	24	12	76	156
29787753_zpid	29787753_zpid	10458	2654 Bainbridge Ave, Bronx, NY 10458	40.864911	-73.891601	0.408847900353	10	0.0465291154328	10	0.280615223921	5	9	3	4307	66500	284	3622	1910	556	70	224	236	280	32	20	4	81	73	27	374
30788648_zpid	30788648_zpid	11234	2221 E 57th Pl, Brooklyn, NY 11234	40.60961	-73.912981	0.796767937549	0	0.901247399878	0	3.7903745013	0	5	3.5	2464	685000	7	3007	1965	2	5	2	6	3	19	5	23	20	2	1	28
30670391_zpid	30670391_zpid	11218	179 Terrace Pl, Brooklyn, NY 11218	40.655817	-73.975854	0.210275092226	7	0.177260177173	2	0.633869009098	2	3	1	1288	752500	104	1582	1925	6	9	12	12	4	18	14	14	10	0	2	37
30634094_zpid	30634094_zpid	11207	198 New Jersey Ave, Brooklyn, NY 11207	40.6748248	-73.8957462	0.220274987786	7	0.298665184123	5	0.0746558995275	6	5	2	2496	455000	61	1000	1901	84	21	71	91	63	67	37	35	24	34	17	193
30663047_zpid	30663047_zpid	11210	781 E 37th St, Brooklyn, NY 11210	40.637907	-73.941146	0.624923852693	2	0.599355538436	2	0.655137439298	1	2	2	1672	425000	10	1600	1940	156	7	108	93	105	34	9	4	28	28	6	177
30608382_zpid	30608382_zpid	11221	691 Greene Ave, Brooklyn, NY 11221	40.689817	-73.940791	0.156313562001	10	0.271640966689	4	0.912393292074	0	8	5	3200	2350000	1	1900	1931	206	53	101	146	101	32	32	14	41	57	33	236
30585653_zpid	30585653_zpid	11215	307 13th St, Brooklyn, NY 11215	40.666177	-73.986637	0.131497097034	20	0.145761993358	5	0.533281203293	4	3	2.5	972	1325000	38	1613	1899	87	86	27	71	27	48	69	28	31	26	21	233
30793239_zpid	30793239_zpid	11229	205 Allen Ave, Brooklyn, NY 11229	40.596611	-73.930684	0.503067201107	5	0.587251793225	1	2.07453590642	0	2	1	868	425000	0	1760	1920	7	15	0	6	2	7	18	7	17	3	2	36
29840996_zpid	29840996_zpid	10465	1119 Throggmorton Ave, Bronx, NY 10465	40.835307	-73.82199	0.142281624527	4	0.126975942825	1	1.53754351719	0	3	2	2016	393000	8	1812	1960	6	7	9	10	8	10	29	12	12	5	4	43
30737798_zpid	30737798_zpid	11223	447 Lake St, Brooklyn, NY 11223	40.5928772	-73.9746151	0.429911352826	4	0.336785502873	2	0.306064710953	4	3	2	960	699000	0	2325	1965	33	13	11	23	7	45	30	39	20	4	7	116
30782530_zpid	30782530_zpid	11234	2140 E 70th St, Brooklyn, NY 11234	40.618528	-73.9075512	0.278463688411	2	0.212822943218	1	3.16780094122	0	7	6	3430	750000	25	3005	1975	14	8	8	14	7	14	14	10	22	3	4	51
29813699_zpid	29813699_zpid	10462	1566 Paulding Ave, Bronx, NY 10462	40.844589	-73.852093	0.195503635679	8	0.492358103517	2	0.927421261438	0	6	3	1836	549000	109	1799	1955	11	6	4	10	4	18	13	10	14	5	2	37
30744983_zpid	30744983_zpid	11229	2114 E 28th St, Brooklyn, NY 11229	40.599784	-73.944035	0.287099530735	4	0.0602853565749	3	1.0067506856	0	2	3	1848	513000	18	16	1940	20	15	10	14	9	16	41	13	22	3	5	118
30785299_zpid	30785299_zpid	11234	1928 Kimball St, Brooklyn, NY 11234	40.6125479	-73.92986	0.198690305102	2	0.692008268793	1	2.40146856733	0	3	3	2000	623000	6	2000	1925	6	35	3	2	1	20	30	28	20	1	3	73
29815415_zpid	29815415_zpid	10461	1650 Mayflower Ave, Bronx, NY 10461	40.844983	-73.834296	0.234200433088	5	0.690421140712	2	0.211313630845	2	3	3	1452	325000	60	2382	1940	125	14	23	18	20	33	27	14	12	17	6	109
30637346_zpid	30637346_zpid	11208	66 Elton St, Brooklyn, NY 11208	40.682006	-73.885484	0.351454545725	7	0.276552027405	5	0.24005071593	3	5	3	2500	14000	34	2500	1920	59	16	33	29	35	35	23	18	24	18	11	96
30654078_zpid	30654078_zpid	11236	589 E 94th St, Brooklyn, NY 11236	40.653479	-73.915361	0.279366067423	7	0.687452586504	2	0.891402309033	0	6	3	3780	599000	8	3001	1920	45	3	15	22	19	35	14	7	7	11	3	70
30738386_zpid	30738386_zpid	11223	2343 Stillwell Ave, Brooklyn, NY 11223	40.590092	-73.98364	0.093159764604	5	0.535344558464	2	0.139661006384	2	4	3	1440	679000	0	3000	1920	9	7	4	7	3	10	3	3	5	2	0	8
30621919_zpid	30621919_zpid	11222	59 Hausman St, Brooklyn, NY 11222	40.72546	-73.939061	0.235350603063	6	0.488156678856	1	1.03466704776	0	1	1	2772	900000	15	2000	1901	20	15	14	24	11	10	27	21	20	5	12	99
30625265_zpid	30625265_zpid	11237	117 Wilson Ave, Brooklyn, NY 11237	40.7012331	-73.9262807	0.0482356126565	14	0.223740982053	5	0.387454100363	4	3	2	1000	560000	49	2500	1931	172	106	112	161	135	32	23	6	48	66	27	296
30788783_zpid	30788783_zpid	11234	2606 E 64th St, Brooklyn, NY 11234	40.608724	-73.9104	0.81022721061	0	0.951570916457	0	3.98839981179	0	5	3	2576	1099000	0	4000	1960	2	5	2	5	2	19	8	27	21	2	1	30
30774981_zpid	30774981_zpid	11236	962 E 107th St, Brooklyn, NY 11236	40.647173	-73.892242	0.108442852151	3	0.0759028632932	4	0.719361632529	1	5	5	2717	565000	1	1992	1960	140	28	68	56	40	76	32	4	40	24	32	292
30774981_zpid	30774981_zpid	11236	962 E 107th St, Brooklyn, NY 11236	40.647173	-73.892242	0.108442852151	4	0.0759028632932	4	0.719361632529	1	5	5	2717	565000	1	1992	1960	140	28	68	56	40	76	32	4	40	24	32	292
30782213_zpid	30782213_zpid	11234	2060 E 71st St, Brooklyn, NY 11234	40.620289	-73.908264	0.367516869406	3	0.353085214426	1	2.98453770899	0	3	3	1881	689000	0	10175	1965	18	6	9	15	6	19	22	10	23	3	4	70
30778480_zpid	30778480_zpid	11236	1345 E 99th St, Brooklyn, NY 11236	40.637468	-73.890609	0.385364332605	7	0.140339944164	4	1.3954359182	0	5	3	1600	499999	28	2000	1960	26	10	24	22	2	26	16	13	17	7	2	67
30597404_zpid	30597404_zpid	11213	1600 President St, Brooklyn, NY 11213	40.666939	-73.934967	0.23690764214	13	0.290800170238	11	0.277025453213	2	3	2	2726	805000	22	2280	1901	656	53	270	263	251	54	47	22	53	91	53	367
30781884_zpid	30781884_zpid	11234	2044 E 64th St, Brooklyn, NY 11234	40.617006	-73.913431	0.249734669846	6	0.340646117659	1	3.38530015285	0	4	2.5	1512	415000	5	2100	1925	19	8	10	10	6	22	22	9	18	2	4	71
30783498_zpid	30783498_zpid	11229	1811 Burnett St, Brooklyn, NY 11229	40.609052	-73.940275	0.463475506877	3	0.548555873863	1	1.48292576587	0	3	2.75	1700	626000	22	2500	1935	15	6	8	16	7	8	12	9	11	2	3	42
30594849_zpid	30594849_zpid	11225	429 Brooklyn Ave, Brooklyn, NY 11225	40.6645642	-73.9451929	0.149390328838	9	0.0571129105234	8	0.518976288469	4	3	1	2400	940000	22	2350	1920	230	47	79	97	91	27	28	14	21	31	7	158
30672434_zpid	30672434_zpid	11218	64 Clara St, Brooklyn, NY 11218	40.643692	-73.982713	0.254991973031	9	0.234106778494	8	0.259282114743	1	3	3.5	1722	805000	94	1920	1920	82	31	31	44	34	40	47	41	11	14	9	184
29813655_zpid	29813655_zpid	10462	1568 Colden Ave, Bronx, NY 10462	40.844538	-73.853165	0.191868365577	9	0.451181811649	3	1.00071983023	0	3	3	1440	310000	2	1598	1953	103	9	9	16	6	19	17	14	15	5	2	47
30663721_zpid	30663721_zpid	11210	3401 Farragut Rd, Brooklyn, NY 11210	40.636741	-73.944036	0.526970973754	1	0.435976378801	3	0.515312429392	2	3	3	2008	569000	25	3200	1928	291	17	162	155	142	53	26	11	37	55	7	276
30787859_zpid	30787859_zpid	11234	118 Indiana Pl, Brooklyn, NY 11234	40.6050899	-73.906205	1.31796858086	0	1.37931993934	0	4.25175508944	0	3	3	2805	1400000	62	4100	1960	1	0	0	2	0	1	6	5	6	2	1	12
30733989_zpid	30733989_zpid	11224	4012 Atlantic Ave, Brooklyn, NY 11224	40.574045	-74.006871	0.657467362942	1	0.560350814896	1	2.20010822181	0	4	2.5	3104	1100000	127	5000	1920	14	9	7	26	4	3	13	4	7	3	0	28
30775230_zpid	30775230_zpid	11236	1287 E 94th St, Brooklyn, NY 11236	40.639767	-73.900069	0.268615185266	6	0.368621512827	2	0.781277411602	0	7	4	2678	510000	45	3200	1925	55	17	22	21	18	45	25	10	17	18	8	95
68310582_zpid	68310582_zpid	11207	569 Van Siclen Ave, Brooklyn, NY 11207	40.665733	-73.888355	0.351939638702	9	0.338051365717	7	0.0195289643918	3	6	2.5	2960	17000	146	1000	2007	244	23	149	139	143	34	38	10	66	78	23	258
29793590_zpid	29793590_zpid	10473	2051 Turnbull Ave, Bronx, NY 10473	40.8235429	-73.8533264	0.484458603561	4	0.441988587529	3	1.20257314233	0	3	1	2100	335000	78	2060	1969	89	22	24	25	13	19	19	5	16	10	5	65
30746251_zpid	30746251_zpid	11229	2226 E 28th St, Brooklyn, NY 11229	40.597395	-73.94356	0.170719323535	7	0.292869142074	2	1.00934926277	0	2	2	1600	699000	0	1600	1939	68	64	32	44	36	72	144	96	88	12	20	396
30790519_zpid	30790519_zpid	11235	83 Coleridge St, Brooklyn, NY 11235	40.580046	-73.950357	0.243825591991	6	0.717736128912	1	0.827384760663	0	4	3.5	2382	2000000	65	2613600	1930	91	18	28	44	29	36	36	31	29	12	7	88
30589308_zpid	30589308_zpid	11238	889 Pacific St, Brooklyn, NY 11238	40.680728	-73.965557	0.0879513456623	11	0.306610608038	7	0.335677209651	2	5	4	3400	975100	28	2000	1920	117	160	42	88	55	41	49	38	38	19	24	200
30702774_zpid	30702774_zpid	11204	1676 Bay Ridge Ave, Brooklyn, NY 11204	40.618378	-73.995541	0.279147798581	9	0.357122085747	5	0.311470458286	4	5	2	3110	888000	13	3000	1930	180	72	84	232	76	176	120	156	84	40	24	412
30702774_zpid	30702774_zpid	11204	1676 Bay Ridge Ave, Brooklyn, NY 11204	40.618378	-73.995541	0.279147798581	10	0.357122085747	5	0.311470458286	4	5	2	3110	888000	13	3000	1930	180	72	84	232	76	176	120	156	84	40	24	412
30643216_zpid	30643216_zpid	11208	202 Pine St, Brooklyn, NY 11208	40.681659	-73.872896	0.210682159231	11	0.284236590723	7	0.186629230451	3	6	2	2500	575000	24	2415	1910	134	34	80	95	67	53	39	14	86	37	10	222
30611244_zpid	30611244_zpid	11216	102 Decatur St, Brooklyn, NY 11216	40.680479	-73.939386	0.0565418543287	8	0.137842676961	8	0.138926622989	2	3	3	4000	520000	161	2400	1899	113	72	64	80	53	10	24	14	24	25	20	140
30623840_zpid	30623840_zpid	11222	87 Beadel St, Brooklyn, NY 11222	40.721964	-73.93751	0.315787280693	4	0.543883413452	1	0.991543636004	0	3	1	2200	100000	69	2000	1930	21	25	16	30	10	4	27	23	24	5	10	93
30651099_zpid	30651099_zpid	11212	159 E 95th St, Brooklyn, NY 11212	40.662188	-73.923739	0.157706866813	10	0.171357357329	7	0.298800808858	2	7	4	3198	525000	22	3250	1975	511	21	197	211	169	52	23	9	43	75	25	299
29781810_zpid	29781810_zpid	10453	163 Bush St, Bronx, NY 10453	40.8519689	-73.904961	0.116669864372	12	0.0578786649016	11	0.17497542999	6	5	3.5	3198	440000	0	2204	1910	443	53	216	205	215	23	22	18	75	58	21	305
29777902_zpid	29777902_zpid	10456	298 E 164th St, Bronx, NY 10456	40.827718	-73.915906	0.11570043557	11	0.311098950304	7	0.225149846138	2	8	4	3600	456300	126	1925	1901	288	34	129	142	160	16	18	3	61	49	19	186
30780733_zpid	30780733_zpid	11234	33 Georgetown Ln, Brooklyn, NY 11234	40.622363	-73.9136429	0.381284908116	5	0.673190138513	1	2.88174363474	0	3	2	1600	625000	88	2659	1998	21	3	9	13	3	47	29	23	21	4	8	98
30759474_zpid	30759474_zpid	11234	912 E 58th St, Brooklyn, NY 11234	40.632561	-73.92088	0.396085650697	6	0.162054857758	3	2.24616387193	0	5	3	2058	499900	0	2100	1940	104	40	32	84	44	136	48	52	44	44	4	192
30588466_zpid	30588466_zpid	11215	459 14th St, Brooklyn, NY 11215	40.662436	-73.980592	0.100766284261	13	0.111851698063	6	0.209877126179	2	5	3	2750	2995000	0	1999	1901	55	51	24	41	26	32	44	27	27	8	12	130
30788670_zpid	30788670_zpid	11234	2666 Mill Ave, Brooklyn, NY 11234	40.608738	-73.913107	0.775607490175	0	0.996536844555	0	3.76858390604	0	3	1.5	1624	520000	14	2326	1965	2	5	2	6	3	19	5	27	19	2	1	31
29793334_zpid	29793334_zpid	10473	924 Wheeler Ave, Bronx, NY 10473	40.8224919	-73.878381	0.404816518467	6	0.395994219533	3	0.681509084604	1	3	2.5	1848	295000	37	2400	1945	49	5	21	17	21	4	5	3	9	6	1	58
30631364_zpid	30631364_zpid	11207	34 Marginal St W, Brooklyn, NY 11207	40.678813	-73.89824	0.216512328417	3	0.461930623991	2	0.205703817898	9	5	2	1900	350100	8	2500	1910	212	56	124	112	72	116	120	112	76	76	20	424
30620403_zpid	30620403_zpid	11222	303 Eckford St, Brooklyn, NY 11222	40.729399	-73.952236	0.115548899761	16	0.125259204326	4	0.173239478936	2	6	3	6200	2750000	4	2500	1901	77	78	37	55	33	38	34	38	24	16	14	206
30608086_zpid	30608086_zpid	11221	712 Lafayette Ave, Brooklyn, NY 11221	40.690409	-73.944584	0.329412460178	10	0.297988220785	5	0.594308322092	2	10	4	3354	1450000	0	1934	1931	114	35	64	83	69	19	22	8	22	32	13	139
30746394_zpid	30746394_zpid	11229	2219 E 28th St, Brooklyn, NY 11229	40.597587	-73.9430129	0.119974384312	6	0.273078667863	3	1.05938562625	0	2	2	1592	675000	7	1600	1940	16	15	11	11	9	18	34	25	21	3	5	94
30612257_zpid	30612257_zpid	11205	282 Washington Ave, Brooklyn, NY 11205	40.6902169	-73.966666	0.290075647833	10	0.355230174638	4	0.211314295612	3	2	1	5150	1985000	135	3750	1900	48	72	21	32	19	30	23	9	22	17	11	133
29853003_zpid	29853003_zpid	10471	251 W 254th St, Bronx, NY 10471	40.901887	-73.899474	0.374208560825	4	0.402499762805	3	1.25462733253	0	3	2	2950	435500	145	3125	1930	15	2	4	3	4	18	14	6	15	0	1	24
30612142_zpid	30612142_zpid	11205	157 Willoughby Ave, Brooklyn, NY 11205	40.6920209	-73.965929	0.174683295593	11	0.488358620214	4	0.39771461269	2	5	4	3150	1500000	45	1190	1901	61	94	33	40	31	45	25	14	27	20	13	155
30742164_zpid	30742164_zpid	11229	1987 E 22nd St, Brooklyn, NY 11229	40.602879	-73.9497899	0.378261438646	2	0.544755577097	4	0.65419230603	1	3	2	1326	545000	20	2000	1920	79	18	25	29	38	67	57	17	24	9	6	153
30788354_zpid	30788354_zpid	11234	2248 E 64th St, Brooklyn, NY 11234	40.613812	-73.9098379	0.347736389621	3	0.383201579406	1	3.71771719965	0	5	4.5	3465	1700000	98	5100	1950	0	32	12	20	8	56	24	24	40	0	4	144
30770636_zpid	30770636_zpid	11236	1154 E 88th St, Brooklyn, NY 11236	40.634821	-73.902876	0.405804521704	7	0.572745610946	2	1.32009150913	0	3	2.5	1000	400000	8	2800	1930	53	16	24	25	11	63	21	9	22	9	9	91
30777098_zpid	30777098_zpid	11236	1443 E 93rd St, Brooklyn, NY 11236	40.63636	-73.897497	0.0803325317376	6	0.123201190925	3	1.20346928402	0	3	1	2920	570000	129	2850	1960	34	22	23	27	9	57	21	11	15	13	6	89
30604624_zpid	30604624_zpid	11233	793 Hancock St, Brooklyn, NY 11233	40.685736	-73.92383	0.266920140916	9	0.534620079935	3	0.453037612387	2	1	1	2900	1195000	2	1417	1901	116	30	76	81	62	11	16	11	35	39	17	147
30673578_zpid	30673578_zpid	11218	284 Dahill Rd, Brooklyn, NY 11218	40.640414	-73.98038	0.186728812866	10	0.185086446865	10	0.408086808172	2	3	1	1176	597000	10	2178	1925	78	30	36	52	33	68	55	77	17	10	7	179
30756415_zpid	30756415_zpid	11234	1517 E 35th St, Brooklyn, NY 11234	40.617221	-73.940581	0.451221732985	3	0.0527960629053	4	1.59072873859	0	3	1.5	1344	625000	3	1999	1935	68	52	56	80	24	132	84	68	104	24	12	380
30703333_zpid	30703333_zpid	11204	1633 71st St, Brooklyn, NY 11204	40.618205	-73.997356	0.133036027923	10	0.252668100032	4	0.199932302148	4	3	1.5	1581	598000	19	1716	1935	42	16	17	51	17	32	18	33	16	7	6	74
64910287_zpid	64910287_zpid	11233	14 Mother Gaston Blvd, Brooklyn, NY 11233	40.6816039	-73.9087954	0.0633660174972	5	0.111873015232	4	0.200609906327	6	2	1	2867	650000	45	1229	2004	118	16	111	117	78	17	22	9	32	47	10	128
29789731_zpid	29789731_zpid	10470	339 E 239th St, Bronx, NY 10470	40.900703	-73.865981	0.279268724932	3	0.390807712468	1	0.648184823663	1	4	1.5	1932	499999	8	2500	1920	72	18	12	24	12	37	12	18	17	6	5	78
29778063_zpid	29778063_zpid	10456	304 E 169th St, Bronx, NY 10456	40.834696	-73.911913	0.364437228458	8	0.286043398762	10	0.52824328618	2	4	2	1500	309000	26	1650	1899	567	104	248	247	277	43	32	7	89	86	38	353
30773499_zpid	30773499_zpid	11236	9032 Farragut Rd, Brooklyn, NY 11236	40.643623	-73.908208	0.0402997835326	5	0.858867931105	0	0.634225441436	1	3	2	1088	400000	8	1856	1920	43	9	28	23	16	63	37	7	14	22	8	116
30772217_zpid	30772217_zpid	11236	1462 E 86th St, Brooklyn, NY 11236	40.628893	-73.898747	0.829062297279	0	0.487282720893	1	1.99444540406	0	6	3	3312	530000	24	1785	1960	124	24	48	64	20	156	80	24	88	20	28	188
30573574_zpid	30573574_zpid	11231	174 Beard St, Brooklyn, NY 11231	40.6759574	-74.0162066	0.66186253612	1	0.204524929513	3	1.60567194204	0	3	1.5	1320	1250000	0	1500	1899	76	132	16	56	4	12	96	16	12	12	8	160
30573574_zpid	30573574_zpid	11231	174 Beard St, Brooklyn, NY 11231	40.6759574	-74.0162066	0.66186253612	2	0.204524929513	3	1.60567194204	0	3	1.5	1320	1250000	0	1500	1899	76	132	16	56	4	12	96	16	12	12	8	160
30768632_zpid	30768632_zpid	11236	737 E 83rd St, Brooklyn, NY 11236	40.637841	-73.911716	0.108711954886	7	0.154192486936	2	1.28723399102	0	7	3.5	1792	425000	15	3000	1935	38	7	28	21	11	85	33	15	32	13	11	107
30606684_zpid	30606684_zpid	11233	25 Kane Pl, Brooklyn, NY 11233	40.677423	-73.923456	0.398965881851	4	0.150802639112	1	0.21983522145	2	3	2	1707	572000	19	1528	1901	112	27	71	78	55	15	26	6	34	37	20	154
30748817_zpid	30748817_zpid	11235	2550 E 17th St, Brooklyn, NY 11235	40.589	-73.9528385	0.116547740799	15	0.0754962993114	3	0.259313199527	2	3	2	1004	990000	1	2806	1910	320	72	60	180	88	188	160	124	136	68	24	576
