30774663_zpid	30774663_zpid	11236	10106 Flatlands Ave, Brooklyn, NY 11236	40.645565	-73.897195	0.390508433757	6	0.24154266663	2	0.411441493872	2	3	2	880	330000	64	2000	1960	62	7	27	23	18	51	20	7	16	16	9	105
30647665_zpid	30647665_zpid	11207	826 Barbey St, Brooklyn, NY 11207	40.662076	-73.883861	0.206191711565	7	0.235685668526	5	0.470540273327	2	5	5	2760	645000	0	4000	1930	428	36	256	220	200	76	92	32	108	144	36	484
30604770_zpid	30604770_zpid	11233	467 Halsey St, Brooklyn, NY 11233	40.683859	-73.933958	0.129750547316	10	0.272309969	4	0.569811349293	2	6	2	2728	1499000	0	1667	1899	72	44	54	75	35	7	22	5	18	17	15	109
30611506_zpid	30611506_zpid	11213	18 Agate Ct, Brooklyn, NY 11213	40.6784419	-73.939548	0.174628073105	8	0.263482738005	6	0.198345972216	2	2	1	2169	268000	100	1401	1899	136	26	64	65	56	24	17	6	25	26	11	136
30605662_zpid	30605662_zpid	11233	348 Macdonough St, Brooklyn, NY 11233	40.6820359	-73.9325549	0.0671258529156	9	0.0701333725163	4	0.335002947364	2	5	2.5	3600	2200000	0	2000	1899	101	61	81	103	60	12	24	6	34	28	19	146
29846870_zpid	29846870_zpid	10465	516 Reynolds Ave, Bronx, NY 10465	40.8220411	-73.8094334	0.0878656792117	2	0.766385878206	0	3.32114961581	0	3	2	2616	399000	0	2617	1960	18	9	3	5	2	7	8	8	10	3	2	29
29841603_zpid	29841603_zpid	10461	1320 Balcom Ave, Bronx, NY 10461	40.836522	-73.836453	0.198114766657	2	0.828404995942	0	0.666783850465	1	3	2.5	1728	340000	29	1800	1960	16	15	14	15	10	23	14	16	7	4	1	54
30614815_zpid	30614815_zpid	11238	112 Lefferts Pl, Brooklyn, NY 11238	40.680757	-73.959517	0.233666396512	11	0.250906963994	4	0.304732126136	4	6	3	3547	1649500	23	1700	1899	122	182	69	94	73	49	44	34	40	22	36	228
79711699_zpid	79711699_zpid	11236	534 E 99th St, Brooklyn, NY 11236	40.648483	-73.903662	0.235386600573	4	0.739156402492	1	0.254709391663	2	4	4	1584	670000	106	1981	2007	31	6	17	25	13	48	18	8	7	13	6	67
29826620_zpid	29826620_zpid	10467	3609 Holland Ave, Bronx, NY 10467	40.879162	-73.863889	0.172652232699	5	0.165280040567	2	0.277527822043	3	6	3	3600	400000	147	871	1915	214	17	80	86	71	60	26	4	33	35	17	189
30581420_zpid	30581420_zpid	11217	598 Pacific St, Brooklyn, NY 11217	40.6830181	-73.9772982	0.180956304948	11	0.421023233596	2	0.14659071402	8	2	2.5	1280	3000000	0	733	1899	78	136	41	46	31	46	46	76	41	19	34	231
30636950_zpid	30636950_zpid	11208	157 Ridgewood Ave, Brooklyn, NY 11208	40.68327	-73.883044	0.260812986849	7	0.330463020888	3	0.327448099663	2	5	3	1990	564000	18	2000	1910	78	31	47	53	48	38	29	22	34	19	13	138
29830571_zpid	29830571_zpid	10469	3143 Mickle Ave, Bronx, NY 10469	40.872683	-73.8432799	0.380232011106	6	0.584426413499	1	0.437930406581	1	3	2	1531	451500	11	2053	1950	48	11	35	30	19	42	30	10	33	17	8	81
89069523_zpid	89069523_zpid	10451	406 E 161st St, Bronx, NY 10451	40.8238205	-73.9133401	0.310531272661	7	0.23083027233	9	0.268391297915	1	1	1	83351	8	124	34848.0	2006	160	31	73	92	55	14	18	11	24	18	21	144
30620818_zpid	30620818_zpid	11222	162 Newell St, Brooklyn, NY 11222	40.727804	-73.948808	0.139444682643	15	0.299663902929	5	0.409673329187	2	3	2	2925	905000	48	2500	1901	42	66	25	44	15	32	33	31	17	16	15	179
30667845_zpid	30667845_zpid	11226	254 E 23rd St, Brooklyn, NY 11226	40.6435389	-73.955858	0.212650573552	11	0.26952556709	4	0.608025375657	4	6	2	2328	430000	70	2000	1910	575	119	268	279	252	78	43	27	65	99	28	451
30719295_zpid	30719295_zpid	11204	1565 W 9th St, Brooklyn, NY 11204	40.6086894	-73.9825227	0.166550955327	11	0.243366556764	7	0.359419277412	2	9	5	3444	1170000	26	2600	1928	544	96	132	164	224	240	80	104	60	40	24	420
30719295_zpid	30719295_zpid	11204	1565 W 9th St, Brooklyn, NY 11204	40.6086894	-73.9825227	0.166550955327	10	0.243366556764	7	0.359419277412	2	9	5	3444	1170000	26	2600	1928	544	96	132	164	224	240	80	104	60	40	24	420
30636556_zpid	30636556_zpid	11207	141 Sunnyside Ave, Brooklyn, NY 11207	40.681936	-73.891957	0.293779495874	3	0.199533939704	4	0.463547060917	2	6	3	2408	365000	42	2400	1910	78	30	47	48	38	55	38	36	32	18	6	104
83043024_zpid	83043024_zpid	11232	360 41st St, Brooklyn, NY 11232	40.651654	-74.00811	0.275349392161	9	0.19789996153	7	0.342033406485	2	3	2	3600	699000	144	2003	2003	232	180	104	132	124	40	192	76	64	48	16	460
30715865_zpid	30715865_zpid	11230	862 E 9th St, Brooklyn, NY 11230	40.627777	-73.967991	0.418361035166	8	0.593008730734	5	0.561799356166	3	4	1.5	1440	1180000	22	3333	1925	416	100	196	172	188	216	184	164	108	52	48	540
55677123_zpid	55677123_zpid	11207	498 Alabama Ave, Brooklyn, NY 11207	40.663801	-73.8970159	0.510385126759	4	0.208413605045	10	0.201723785981	6	3	1	1800	290000	71	1800	2001	190	13	98	104	112	25	37	12	27	37	14	198
30781186_zpid	30781186_zpid	11234	1541 E 59th St, Brooklyn, NY 11234	40.616144	-73.917591	0.106840762842	7	0.701849161239	1	3.14632791763	0	3	1	648	412000	19	1800	1960	52	36	36	28	44	116	84	48	80	16	20	408
30789671_zpid	30789671_zpid	11235	3049 Brighton 8th St, Brooklyn, NY 11235	40.5787603	-73.9602361	0.0867231909182	11	0.0997143120651	7	0.15038524473	1	7	3	1792	88000	228	40	1910	908	260	296	412	268	296	196	104	204	144	100	1132
30789671_zpid	30789671_zpid	11235	3049 Brighton 8th St, Brooklyn, NY 11235	40.5787603	-73.9602361	0.0867231909182	12	0.0997143120651	6	0.15038524473	1	7	3	1792	88000	228	40	1910	908	260	296	412	268	296	196	104	204	144	100	1132
30656888_zpid	30656888_zpid	11203	766 E New York Ave, Brooklyn, NY 11203	40.66214	-73.937517	0.296828179147	7	0.226708678912	6	0.845586758825	0	3	1	4200	575000	118	3150	1931	147	21	109	85	68	35	21	18	24	25	10	119
30627584_zpid	30627584_zpid	11237	288 Linden St, Brooklyn, NY 11237	40.69793	-73.914653	0.0923146076716	10	0.125646385324	5	0.314142213156	4	3	1	3800	725000	29	1980	1930	145	59	104	142	91	34	22	29	60	47	20	232
30596013_zpid	30596013_zpid	11233	1329 Saint Marks Ave, Brooklyn, NY 11233	40.674064	-73.92429	0.462592346008	6	0.523410856436	3	0.570715000205	1	5	3	1500	120000	27	2178	1910	142	25	88	87	70	18	20	3	29	33	13	145
30622259_zpid	30622259_zpid	11222	147 Bayard St, Brooklyn, NY 11222	40.720122	-73.946538	0.297944895343	16	0.390871113283	3	0.642060650786	3	3	4	1538	600000	97	1900	1910	18	50	9	30	5	12	29	12	11	5	6	106
30721272_zpid	30721272_zpid	11223	1758 W 13th St, Brooklyn, NY 11223	40.603782	-73.98588	0.159290817182	8	0.554264121541	6	0.467388116993	3	3	3	2133	655000	31	1899	1925	33	20	10	10	9	42	20	20	9	5	3	52
29792956_zpid	29792956_zpid	10473	2124 Virgil Pl, Bronx, NY 10473	40.822035	-73.850468	0.383297720757	3	0.307303343473	4	1.36651720347	0	6	3	3600	327000	8	3600	1920	56	20	23	19	12	26	15	5	15	8	6	65
30708909_zpid	30708909_zpid	11228	1472 80th St, Brooklyn, NY 11228	40.614885	-74.006578	0.460668781043	9	0.419916085921	2	0.527326652523	1	3	3	1296	830000	6	3000	1920	6	15	4	17	1	25	36	43	20	6	2	58
30656479_zpid	30656479_zpid	11203	1309 Schenectady Ave, Brooklyn, NY 11203	40.640773	-73.931808	0.180938378792	7	1.02806280163	0	1.40533301118	0	3	1	1280	210000	22	2400	1935	33	21	12	22	13	48	31	12	25	15	7	114
30581581_zpid	30581581_zpid	11217	121 Saint Marks Pl, Brooklyn, NY 11217	40.6813069	-73.978063	0.0677640718007	12	0.21990203093	4	0.255893762301	9	2	1	3360	2325000	35	2000	1910	62	144	30	40	27	47	52	68	43	13	25	209
30580286_zpid	30580286_zpid	11218	594 17th St, Brooklyn, NY 11218	40.656154	-73.979253	0.290814707292	8	0.159478086853	4	0.501504413849	1	1	1	2440	838000	21	2003	1931	2	9	9	7	5	16	11	13	9	0	2	25
30787829_zpid	30787829_zpid	11234	360 Whitman Dr, Brooklyn, NY 11234	40.606995	-73.907809	1.06815018344	0	1.14837966243	0	4.15622386252	0	4	4	2100	800000	11	4000	1960	3	4	1	7	0	9	6	18	14	4	1	26
30667652_zpid	30667652_zpid	11226	432 Rugby Rd, Brooklyn, NY 11226	40.6391459	-73.965275	0.273230650163	10	0.31483240179	7	0.230171485743	3	9	3	3387	1849000	0	4000	1920	436	108	188	168	144	96	60	44	48	48	12	364
83043868_zpid	83043868_zpid	11209	416 Bay Ridge Pkwy, Brooklyn, NY 11209	40.630388	-74.024675	0.177569901881	20	0.190191400545	5	0.100736432313	2	2	3	1000	760000	60	2000	1910	70	57	43	51	30	47	61	57	24	17	9	190
89069052_zpid	89069052_zpid	11207	6 Mcclancy Pl, Brooklyn, NY 11207	40.663862	-73.885626	0.27307724345	7	0.37365701943	6	0.30874854302	2	6	2	1628	595000	93	2199	2007	170	10	106	88	79	29	33	12	37	61	17	183
29793897_zpid	29793897_zpid	10473	801 Havemeyer Ave, Bronx, NY 10473	40.823757	-73.846264	0.502709441898	3	0.415856568187	2	1.25717519409	0	3	1.5	1680	360000	6	2509	1970	72	36	48	24	20	88	36	12	40	16	16	200
30783521_zpid	30783521_zpid	11229	1842 Madison Pl, Brooklyn, NY 11229	40.608727	-73.939432	0.466212373562	3	0.562084233536	1	1.55358787982	0	3	2.5	1248	512500	26	2003	1930	15	6	5	15	6	10	13	8	10	2	2	37
30656335_zpid	30656335_zpid	11203	641 E 53rd St, Brooklyn, NY 11203	40.643759	-73.926273	0.24453158305	5	0.778222932299	0	1.91702173226	0	4	3	1504	323000	141	1999	1935	102	22	22	15	19	31	33	10	9	10	7	100
30595333_zpid	30595333_zpid	11225	538 Empire Blvd, Brooklyn, NY 11225	40.663868	-73.944398	0.0883656124307	8	0.0660009949012	6	0.559050404182	3	3	2	1032	257000	20	1785	1899	186	40	69	80	79	24	25	13	21	25	5	127
30791217_zpid	30791217_zpid	11235	1321 Oriental Blvd, Brooklyn, NY 11235	40.57846	-73.941011	0.659305615692	1	1.43911829166	0	1.45490510031	0	4	2.5	1745	797400	50	1785	1950	2	5	0	7	0	12	12	4	9	1	1	21
30780689_zpid	30780689_zpid	11234	12 Bergen Beach Pl, Brooklyn, NY 11234	40.622431	-73.915314	0.309427416642	5	0.763405942442	0	2.92656367025	0	5	3	1750	582500	13	2737	1996	19	5	8	8	5	54	25	23	19	6	8	101
29827552_zpid	29827552_zpid	10469	928 E 214th St, Bronx, NY 10469	40.877788	-73.857876	0.379583396601	7	0.64259633953	1	0.717532715219	1	6	3	3080	487600	7	4750	1970	51	5	29	40	25	51	9	6	24	23	15	67
30627139_zpid	30627139_zpid	11237	274 Bleecker St, Brooklyn, NY 11237	40.699311	-73.916757	0.0982631936388	9	0.266953817347	6	0.259502204669	4	7	3	2798	860000	24	1488	1920	201	90	159	203	141	39	33	25	86	76	31	325
30639509_zpid	30639509_zpid	11207	421 Miller Ave, Brooklyn, NY 11207	40.6705602	-73.890529	0.229417755225	6	0.377121679132	3	0.247105352503	4	4	1.5	1560	400000	10	1900	1930	123	20	100	105	103	49	38	19	49	49	24	247
30790023_zpid	30790023_zpid	11235	191 Brighton 10th St, Brooklyn, NY 11235	40.5807209	-73.958087	0.215588213617	12	0.171869020451	5	0.43413860044	1	5	3	1848	360000	19	2400	1930	1024	232	308	388	264	316	208	112	204	136	100	1020
30790023_zpid	30790023_zpid	11235	191 Brighton 10th St, Brooklyn, NY 11235	40.5807209	-73.958087	0.215588213617	13	0.171869020451	6	0.43413860044	1	5	3	1848	360000	19	2400	1930	1024	232	308	388	264	316	208	112	204	136	100	1020
30773169_zpid	30773169_zpid	11236	9206 Foster Ave, Brooklyn, NY 11236	40.64556	-73.909494	0.201899637807	4	0.766576739964	0	0.657023335549	1	4	2.5	1642	430000	24	2500	1935	38	6	25	30	16	43	33	4	11	16	4	93
30653736_zpid	30653736_zpid	11203	5729 Kings Hwy, Brooklyn, NY 11203	40.651295	-73.922854	0.281927804693	8	0.382608384537	2	1.25797491622	0	4	2.5	2562	639000	0	1860	1935	96	13	35	48	35	38	25	6	14	18	7	95
29798647_zpid	29798647_zpid	10460	411 Morris Park Ave, Bronx, NY 10460	40.839434	-73.874277	0.20268090568	3	0.434923132031	1	0.281792120599	2	4	1	1881	235000	30	2526	1901	122	16	34	38	49	19	9	5	21	21	15	86
30658713_zpid	30658713_zpid	11226	17 Fairview Pl, Brooklyn, NY 11226	40.651237	-73.94834	0.376561854228	6	0.288744794346	5	0.113150911247	3	5	2	2122	238000	2	1800	1910	332	33	147	157	165	73	26	11	52	59	20	252
29812037_zpid	29812037_zpid	10461	2411 Saint Raymonds Ave, Bronx, NY 10461	40.839388	-73.849678	0.269720491143	12	0.347211228585	7	0.392080948156	3	3	2	1482	379000	0	2395	1910	117	13	40	28	27	24	16	11	18	7	6	116
29812061_zpid	29812061_zpid	10461	1653 Hubbell St, Bronx, NY 10461	40.840182	-73.8498259	0.278929068824	10	0.371590455271	7	0.473608852784	3	4	2.5	1944	337888	10	1776	1961	118	14	40	31	27	27	20	12	21	8	6	121
68310367_zpid	68310367_zpid	11233	1813 Saint Johns Pl, Brooklyn, NY 11233	40.670026	-73.917343	0.479181967157	8	0.362217605238	5	0.741869031559	1	4	2	3060	490000	1	1197	2005	624	40	320	356	224	36	36	32	76	120	64	424
68310367_zpid	68310367_zpid	11233	1813 Saint Johns Pl, Brooklyn, NY 11233	40.670026	-73.917343	0.479181967157	9	0.362217605238	5	0.741869031559	1	4	2	3060	490000	1	1197	2005	624	40	320	356	224	36	36	32	76	120	64	424
30773479_zpid	30773479_zpid	11236	566 E 99th St, Brooklyn, NY 11236	40.647941	-73.903058	0.186747411428	5	0.678056101196	1	0.175885985161	2	5	3	1884	620000	5	2013	1950	35	7	20	26	14	54	18	6	7	10	6	77
30666568_zpid	30666568_zpid	11226	2823 Snyder Ave, Brooklyn, NY 11226	40.649105	-73.950483	0.178441388193	4	0.183786221622	7	0.20811776241	2	4	3	1544	560000	7	3321	1901	386	44	168	169	174	79	28	14	48	75	30	286
29847726_zpid	29847726_zpid	10465	2811 Barkley Ave # 1, Bronx, NY 10465	40.829841	-73.829386	0.241457682341	2	0.609222357058	1	1.60318414272	0	6	4	3264	620000	33	2625	2004	10	13	8	7	4	10	22	15	7	1	6	45
30719404_zpid	30719404_zpid	11204	1566 W 6th St, Brooklyn, NY 11204	40.608961	-73.980217	0.221723093094	12	0.219815196923	6	0.353733001749	3	4	3	2883	1250000	9	4000	1935	704	116	192	200	268	280	88	92	60	44	28	516
30719404_zpid	30719404_zpid	11204	1566 W 6th St, Brooklyn, NY 11204	40.608961	-73.980217	0.221723093094	11	0.219815196923	6	0.353733001749	3	4	3	2883	1250000	9	4000	1935	704	116	192	200	268	280	88	92	60	44	28	516
30643221_zpid	30643221_zpid	11208	203 Pine St, Brooklyn, NY 11208	40.681728	-73.872317	0.197158349364	8	0.277246897335	7	0.204913946991	3	5	3	2000	520000	20	2700	1925	129	34	74	90	58	56	34	12	84	37	9	225
30598712_zpid	30598712_zpid	11233	1916 Prospect Pl, Brooklyn, NY 11233	40.6721239	-73.912887	0.285636911198	5	0.424820285079	5	0.731029948923	1	3	2	1000	350000	24	1323	2014	143	14	75	94	46	16	13	17	23	28	19	109
30737973_zpid	30737973_zpid	11223	2227 West St, Brooklyn, NY 11223	40.5943471	-73.9707051	0.405458208351	3	0.683664420072	1	0.294505244542	3	6	3	2550	1147000	4	2000	1960	188	32	64	120	36	192	128	144	112	24	24	468
30737973_zpid	30737973_zpid	11223	2227 West St, Brooklyn, NY 11223	40.5943471	-73.9707051	0.207381260318	7	0.683664420072	1	0.294505244542	3	6	3	2550	1147000	4	2000	1960	188	32	64	120	36	192	128	144	112	24	24	468
30601219_zpid	30601219_zpid	11233	1071 Herkimer St, Brooklyn, NY 11233	40.678129	-73.9179	0.211509302366	2	0.503349557112	4	0.312558310867	2	5	3	1730	668000	21	1667	1899	235	23	147	174	126	38	39	17	62	82	38	233
29777707_zpid	29777707_zpid	10455	388 E 155th St, Bronx, NY 10455	40.820107	-73.916471	0.256110643752	5	0.144933578719	11	0.458052052089	2	4	3	3162	579000	92	2500	1899	39	20	14	29	19	12	15	1	6	4	8	110
30758178_zpid	30758178_zpid	11234	5038 Kings Hwy, Brooklyn, NY 11234	40.634879	-73.927267	0.134908212919	4	0.717171812869	1	1.73621661658	0	2	1	1056	345000	2	1600	1940	18	8	5	8	2	21	18	8	13	8	2	46
30782883_zpid	30782883_zpid	11234	2249 E 73rd St, Brooklyn, NY 11234	40.618349	-73.902966	0.647429036695	1	0.558469783849	1	3.15230838677	0	5	3	2400	650000	73	4000	1960	11	7	6	11	5	14	20	9	17	2	4	47
68311452_zpid	68311452_zpid	11234	1340 E 69th St, Brooklyn, NY 11234	40.622682	-73.913471	0.417319884111	5	0.696261302597	1	2.84340146137	0	3	3.5	2235	673000	9	2664	2005	84	12	36	48	12	188	100	88	88	20	32	372
30767404_zpid	30767404_zpid	11234	837 E 55th St, Brooklyn, NY 11234	40.636884	-73.923648	0.139360750303	3	0.569048879947	1	2.07644132547	0	4	2.75	1830	520000	15	2100	1960	16	8	1	7	3	14	17	4	12	2	2	33
55677441_zpid	55677441_zpid	11214	220 Bay 43rd St, Brooklyn, NY 11214	40.5908647	-73.9897792	0.205061503274	4	0.772363834459	0	0.556082782382	1	9	6	4744	680000	55	2598	2000	48	32	44	64	20	80	152	88	108	28	16	260
30772991_zpid	30772991_zpid	11236	9317 Foster Ave, Brooklyn, NY 11236	40.64676	-73.908593	0.311292662827	4	0.893124733228	0	0.569653615212	1	3	2	1224	170000	226	5000	1930	33	7	20	32	16	44	30	7	9	19	6	83
30768052_zpid	30768052_zpid	11236	646 E 84th St, Brooklyn, NY 11236	40.639556	-73.913131	0.321609650902	7	0.480251707495	1	1.2378608294	0	11	5.5	5424	75000	235	5423	1997	160	24	112	72	44	288	136	60	116	52	40	412
30690826_zpid	30690826_zpid	11220	355 62nd St, Brooklyn, NY 11220	40.640371	-74.020175	0.109868550257	8	0.242227632241	5	0.222976258029	3	5	2	2192	979000	0	2873	1940	464	196	168	208	180	108	200	160	152	68	12	544
30749652_zpid	30749652_zpid	11235	1125 Williams Ct, Brooklyn, NY 11235	40.5868686	-73.9585169	0.076719617212	8	0.241393955451	5	0.368760133391	1	5	2.5	1560	685000	65	1620	1963	94	17	20	45	28	54	36	28	32	15	10	117
30709567_zpid	30709567_zpid	11214	1844 81st St, Brooklyn, NY 11214	40.609044	-73.998455	0.149994658562	12	0.358207552196	9	0.302667147034	3	13	5	2000	750000	10	2000	1930	95	16	37	42	21	51	57	30	30	14	5	166
30614700_zpid	30614700_zpid	11238	1004 Fulton St, Brooklyn, NY 11238	40.681904	-73.960646	0.173211084784	12	0.145696337043	6	0.413295617051	3	9	4	4500	1400000	27	2040	1930	104	169	63	101	72	47	50	31	43	18	43	221
30633458_zpid	30633458_zpid	11212	945 Thomas S Boyland St, Brooklyn, NY 11212	40.657139	-73.910116	0.230553449089	6	0.19840775839	6	0.613830332528	2	7	3	2320	410000	31	2000	1930	696	72	476	424	324	116	132	44	196	112	52	776
30633458_zpid	30633458_zpid	11212	945 Thomas S Boyland St, Brooklyn, NY 11212	40.657139	-73.910116	0.230553449089	6	0.19840775839	5	0.613830332528	2	7	3	2320	410000	31	2000	1930	696	72	476	424	324	116	132	44	196	112	52	776
30586026_zpid	30586026_zpid	11215	290A 14th St, Brooklyn, NY 11215	40.665376	-73.987724	0.141711880602	19	0.220576428065	6	0.434712326897	4	2	2	1396	1440000	2	1250	1899	82	83	25	67	22	49	68	20	33	22	18	220
30660546_zpid	30660546_zpid	11203	3411 Beverley Rd, Brooklyn, NY 11203	40.64561	-73.944703	0.301048414828	5	0.213446273154	3	0.363970443153	3	4	2	1620	549000	0	1680	1910	81	8	74	46	53	31	13	4	22	17	14	72
30664303_zpid	30664303_zpid	11210	801 E 40th St, Brooklyn, NY 11210	40.635885	-73.938095	0.612147680923	2	0.66112376805	1	0.875023221117	0	5	3	1567	520000	8	1999	1920	24	7	38	38	49	15	13	6	18	14	3	95
29783665_zpid	29783665_zpid	10460	880 E 172nd St, Bronx, NY 10460	40.8344256	-73.8912753	0.239806022523	4	0.237353531844	4	0.436451502275	2	6	3	2112	390000	12	7000	1987	157	23	65	85	67	22	12	3	22	31	11	142
83178840_zpid	83178840_zpid	10472	1004 Evergreen Ave, Bronx, NY 10472	40.823824	-73.879695	0.309718742565	6	0.445546368646	3	0.532059327769	2	4	3	3120	438075	116	1800	2005	421	26	125	135	118	38	17	5	31	49	10	205
30647002_zpid	30647002_zpid	11207	715 Van Siclen Ave, Brooklyn, NY 11207	40.662298	-73.886617	0.220716589365	6	0.292901186968	7	0.398936765698	3	6	4	3087	390000	12	2450	1899	680	36	428	344	332	96	124	28	160	236	56	728
30663889_zpid	30663889_zpid	11210	631 E 32nd St, Brooklyn, NY 11210	40.635596	-73.94575	0.447335180681	2	0.34965526246	3	0.346329556352	2	9	4	4100	660000	108	4220	1920	331	28	182	172	166	63	42	14	40	73	6	335
30730231_zpid	30730231_zpid	11214	133 Bay 35th St, Brooklyn, NY 11214	40.596889	-73.992676	0.377369975815	9	0.402292641571	6	0.502476727294	2	2	1	858	500000	10	1289	1925	91	12	40	45	32	71	42	25	26	13	2	121
30631300_zpid	30631300_zpid	11207	84 De Sales Pl, Brooklyn, NY 11207	40.682643	-73.903824	0.212442119161	3	0.458595516767	1	0.117091678033	7	7	2	1667	699000	0	1598	1905	180	60	164	196	132	44	68	56	40	72	20	388
30673779_zpid	30673779_zpid	11218	395 E 2nd St, Brooklyn, NY 11218	40.6417209	-73.977749	0.216146133132	12	0.177669407395	11	0.305374044492	2	7	3	4018	1355000	1	3433	1930	652	176	252	348	236	260	224	260	116	100	68	808
30673779_zpid	30673779_zpid	11218	395 E 2nd St, Brooklyn, NY 11218	40.6417209	-73.977749	0.216146133132	12	0.177669407395	11	0.305374044492	2	7	3	4018	1355000	2	3433	1930	652	176	252	348	236	260	224	260	116	100	68	808
30673779_zpid	30673779_zpid	11218	395 E 2nd St, Brooklyn, NY 11218	40.6417209	-73.977749	0.216146133132	11	0.177669407395	11	0.305374044492	2	7	3	4018	1355000	1	3433	1930	652	176	252	348	236	260	224	260	116	100	68	808
30673779_zpid	30673779_zpid	11218	395 E 2nd St, Brooklyn, NY 11218	40.6417209	-73.977749	0.216146133132	11	0.177669407395	11	0.305374044492	2	7	3	4018	1355000	2	3433	1930	652	176	252	348	236	260	224	260	116	100	68	808
30733252_zpid	30733252_zpid	11224	2860 W 27th St, Brooklyn, NY 11224	40.576594	-73.993725	0.435693922228	1	0.195364322593	5	1.06022228413	0	3	1.5	1344	398500	23	1652	1989	260	68	164	168	100	16	76	12	84	76	24	416
29852584_zpid	29852584_zpid	10471	280 W 246th St, Bronx, NY 10471	40.892746	-73.900436	0.279040757441	3	1.10063715923	0	0.361043503136	1	6	3.5	3618	620000	244	9300	1920	44	11	5	9	6	1	12	3	4	1	3	26
30660791_zpid	30660791_zpid	11203	1183 New York Ave, Brooklyn, NY 11203	40.64423	-73.945635	0.263858372954	5	0.281401568005	3	0.296924114642	2	6	3	3060	750000	0	4000	1910	117	8	90	66	77	29	14	6	24	20	14	87
29853745_zpid	29853745_zpid	10471	6032 Liebig Ave, Bronx, NY 10471	40.908957	-73.901332	0.336305168579	5	0.383937061356	4	1.21056408085	0	3	1.5	2595	739000	0	2375	1925	13	11	6	14	7	19	27	11	16	4	6	49
30791470_zpid	30791470_zpid	11235	1704 Shore Blvd, Brooklyn, NY 11235	40.580613	-73.937895	0.980592188745	0	1.20381104077	0	1.54235854183	0	4	2.5	1884	850000	23	3310	1950	9	7	6	14	8	13	15	3	19	2	1	37
30787826_zpid	30787826_zpid	11234	346 Whitman Dr, Brooklyn, NY 11234	40.606982	-73.90731	1.08780483785	0	1.15554190649	0	4.19720704797	0	4	2	2288	950000	0	4000	1960	2	4	1	4	0	7	7	14	12	3	1	23
30720683_zpid	30720683_zpid	11223	1625 W 4th St, Brooklyn, NY 11223	40.6075928	-73.9774498	0.35824077789	10	0.279134186777	7	0.403338560543	4	3	2	2324	648000	37	2000	1930	83	24	43	24	30	57	21	32	20	12	3	100
29796778_zpid	29796778_zpid	10472	1000 Olmstead Ave, Bronx, NY 10472	40.8273269	-73.85283	0.265901969128	9	0.422844470145	1	0.779346873946	0	3	1	2290	525000	9	2970	1987	216	56	76	128	108	112	100	20	100	44	32	260
30732830_zpid	30732830_zpid	11224	3815 Nautilus Ave, Brooklyn, NY 11224	40.57606	-74.006067	0.524396306445	1	0.380754710043	1	2.10520875897	0	13	8	3606	389000	168	80	1964	43	13	14	37	11	5	21	4	13	7	2	42
30769072_zpid	30769072_zpid	11236	980 E 79th St, Brooklyn, NY 11236	40.633386	-73.912604	0.1948911537	5	0.216013131699	3	1.73397943003	0	5	3.5	2736	498000	19	1800	1960	84	20	60	48	32	220	100	24	84	28	20	256
30756003_zpid	30756003_zpid	11234	1527 Marine Pkwy, Brooklyn, NY 11234	40.61472	-73.943914	0.222361617276	2	0.442242003918	3	1.3476833056	0	3	2	1881	600000	5	1825	1940	6	4	3	9	3	17	11	11	17	3	1	50
30737834_zpid	30737834_zpid	11223	66 Village Rd S, Brooklyn, NY 11223	40.593667	-73.973026	0.360185403593	7	0.476651437407	2	0.268184961292	4	6	2.5	3285	828000	24	2123	1965	47	14	15	33	8	45	31	41	25	6	7	127
29854497_zpid	29854497_zpid	10471	5221 Arlington Ave, Bronx, NY 10471	40.900215	-73.908958	0.744263111523	1	0.726389027054	1	0.604010394054	1	3	3	4292	770000	29	6250	1945	6	3	2	6	1	2	21	3	4	0	1	15
30591147_zpid	30591147_zpid	11216	1360 Pacific St, Brooklyn, NY 11216	40.6772318	-73.9453309	0.102800393568	10	0.293277086507	8	0.275368681124	3	6	4	3600	1699995	0	2143	1901	283	60	130	192	154	32	27	8	57	62	28	258
30614756_zpid	30614756_zpid	11238	533 Franklin Ave, Brooklyn, NY 11238	40.680444	-73.955267	0.0918850827036	10	0.177150597771	7	0.0502119465844	5	6	4	3250	152000	251	2017	1899	292	352	180	248	164	120	108	44	60	60	68	580
30771532_zpid	30771532_zpid	11236	38 Paerdegat 10th St, Brooklyn, NY 11236	40.629291	-73.904812	0.954170868135	0	0.8324888978	0	1.94896824965	0	3	2	1620	410000	65	1800	1965	164	12	52	84	36	204	84	28	104	20	28	176
29828563_zpid	29828563_zpid	10469	1114 E 213th St, Bronx, NY 10469	40.875774	-73.853984	0.23736743571	8	0.540157365351	1	0.944996365349	0	2	2	1386	301600	13	1908	1960	68	7	34	64	48	48	15	11	27	23	14	119
29845771_zpid	29845771_zpid	10465	3184 Barkley Ave, Bronx, NY 10465	40.833196	-73.82057	0.180823736223	4	0.220487219524	2	1.78043691769	0	4	2.5	2100	440000	2	1913	1960	7	6	6	11	7	15	30	27	14	4	5	42
30594960_zpid	30594960_zpid	11225	45 Sterling St, Brooklyn, NY 11225	40.662826	-73.9593919	0.0913377550017	9	0.0496501152316	6	0.275809523006	2	3	2	2520	1600000	10	2000	1910	1488	296	548	508	632	44	120	72	192	168	64	872
