30603834_zpid	30603834_zpid	11221	490 Madison St, Brooklyn, NY 11221	40.6859363	-73.9383387	0.240056149104	12	0.123039576279	5	0.702581048908	1	5	3	3500	237500	33	1480	1901	166	34	90	112	71	21	31	12	42	46	18	190
30614081_zpid	30614081_zpid	11238	14 Monroe St, Brooklyn, NY 11238	40.684285	-73.95847	0.326141037011	11	0.332670079978	6	0.429674913669	4	5	4	2212	975000	35	1400	1899	108	163	61	106	60	31	44	17	41	17	38	172
30763762_zpid	30763762_zpid	11234	1571 Kimball St, Brooklyn, NY 11234	40.618599	-73.935892	0.542801008574	3	0.396315253865	2	1.8701110435	0	3	2	4	600000	72	4000	1960	31	23	15	18	12	46	33	22	23	9	2	121
30710898_zpid	30710898_zpid	11214	1835 84th St, Brooklyn, NY 11214	40.607918	-74.000178	0.174341599815	12	0.170071430434	9	0.131730139148	3	8	6	3430	1499000	0	3325	1970	109	20	35	44	23	53	50	40	30	15	4	175
30717895_zpid	30717895_zpid	11230	1430 E 3rd St, Brooklyn, NY 11230	40.6155959	-73.9724559	0.159574817777	8	0.158480911387	2	0.155633993171	2	6	4	3496	1400000	0	3051	1924	156	32	56	92	80	172	152	88	64	20	24	264
29789829_zpid	29789829_zpid	10470	432 E 238th St, Bronx, NY 10470	40.899825	-73.8638579	0.183479695862	3	0.405243046103	1	0.50321075619	1	4	3.5	2060	186969	12	2500	1920	67	18	12	24	11	29	12	18	16	6	4	73
30719208_zpid	30719208_zpid	11204	1536 W 9th St, Brooklyn, NY 11204	40.609353	-73.983146	0.110980316941	14	0.209775739038	7	0.301230740926	2	4	3	1440	757500	24	2600	1925	572	104	152	204	256	292	84	136	76	48	28	504
30719208_zpid	30719208_zpid	11204	1536 W 9th St, Brooklyn, NY 11204	40.609353	-73.983146	0.110980316941	13	0.209775739038	7	0.301230740926	2	4	3	1440	757500	24	2600	1925	572	104	152	204	256	292	84	136	76	48	28	504
30720777_zpid	30720777_zpid	11223	1647 W 2nd St, Brooklyn, NY 11223	40.607298	-73.9755267	0.294024575934	8	0.337907717443	6	0.275756195002	4	4	2	1575	688000	19	1999	1950	364	76	172	108	112	244	96	128	96	52	8	412
68310555_zpid	68310555_zpid	11208	400 Shepherd Ave, Brooklyn, NY 11208	40.674807	-73.881248	0.173061914514	9	0.370331866924	4	0.0862983087588	3	1	1	1322	348545	117	1800	2000	144	21	70	87	61	42	32	13	31	46	19	160
30779276_zpid	30779276_zpid	11236	1469 E 99th St, Brooklyn, NY 11236	40.635383	-73.888296	0.174729774613	7	0.336809124623	3	1.69853807582	0	3	2	1760	420000	57	2000	1960	19	10	16	11	1	19	11	12	13	5	1	51
64801688_zpid	64801688_zpid	11234	1359 E 66th St, Brooklyn, NY 11234	40.621407	-73.914699	0.242766762353	7	0.644116470509	1	3.0128147233	0	3	3	2210	599000	0	2461	2004	16	6	4	10	2	42	27	21	19	5	7	93
68312277_zpid	68312277_zpid	11208	190 Highland Pl, Brooklyn, NY 11208	40.680464	-73.8812389	0.043039643563	7	0.108320949835	3	0.146117894261	4	6	5	2517	416000	12	2018	2005	340	136	244	292	216	200	168	108	156	112	60	736
30742221_zpid	30742221_zpid	11229	1969 E 23rd St, Brooklyn, NY 11229	40.602696	-73.9487989	0.351775802489	3	0.545127193854	3	0.711399273378	1	3	2.5	1476	660000	82	2500	1920	74	20	24	31	35	55	56	18	27	6	5	150
29831638_zpid	29831638_zpid	10466	686 E 223rd St # A, Bronx, NY 10466	40.8864929	-73.8619119	0.14452666155	5	0.11399256026	1	0.215527242079	2	6	2	2286	409500	26	1854	1960	240	16	80	106	90	54	21	7	30	54	12	165
30781473_zpid	30781473_zpid	11234	6921 Avenue T, Brooklyn, NY 11234	40.620954	-73.91012	0.38877938636	5	0.417852826483	1	2.94498051523	0	3	3	1368	503000	28	2800	1960	18	3	8	14	6	34	24	12	22	3	5	62
30793352_zpid	30793352_zpid	11229	9 Canton Ct, Brooklyn, NY 11229	40.5864973	-73.9199651	0.43495925889	1	1.74844952089	0	2.89070404981	0	5	3	3000	505000	35	1785	1920	2	3	1	13	0	0	16	8	13	2	2	26
29853332_zpid	29853332_zpid	10471	5824 Spencer Ave, Bronx, NY 10471	40.9063779	-73.899311	0.192167628266	4	0.193195549967	3	1.27469325469	0	2	1.5	800	335000	37	1785	1930	12	7	5	12	8	19	31	11	18	1	7	49
29813636_zpid	29813636_zpid	10462	1008 Pierce Ave, Bronx, NY 10462	40.844885	-73.853274	0.231560802886	9	0.412476853944	2	1.02874133368	0	4	2.5	1564	518000	89	2500	1920	100	9	7	11	5	19	17	17	14	5	2	46
30609985_zpid	30609985_zpid	11221	538 Putnam Ave, Brooklyn, NY 11221	40.684933	-73.939989	0.18259607607	10	0.261815238961	6	0.562735332204	1	8	4	3900	600000	34	2000	1899	133	29	78	96	68	12	22	9	37	40	11	151
29827911_zpid	29827911_zpid	10469	965 E 221st St, Bronx, NY 10469	40.882651	-73.853983	0.341226786403	5	0.440880758169	2	0.746640503091	1	2	2	2040	295000	11	1988	1935	256	64	112	108	104	128	20	12	72	32	12	196
30612692_zpid	30612692_zpid	11238	274 Lafayette Ave, Brooklyn, NY 11238	40.688026	-73.965086	0.126108576184	12	0.152223314488	4	0.0732161371428	3	5	3	3600	2400000	34	2000	1899	108	43	62	86	71	25	34	10	33	20	16	127
30778957_zpid	30778957_zpid	11236	1631 E 92nd St, Brooklyn, NY 11236	40.632499	-73.894446	0.339361422518	6	0.142947298956	4	1.69531028882	0	6	3	2259	645300	107	3049	1925	31	9	15	15	6	51	19	16	13	8	2	61
30601865_zpid	30601865_zpid	11206	344 Vernon Ave, Brooklyn, NY 11206	40.695789	-73.937211	0.0911980398601	10	0.118956207808	4	0.205229356783	2	7	4	2434	230000	60	1306	1899	83	49	31	44	30	34	27	14	23	24	12	150
30771637_zpid	30771637_zpid	11236	34 Paerdegat 13th St, Brooklyn, NY 11236	40.62806	-73.902439	0.987833440957	0	0.750514270389	0	2.07047253377	0	6	3.5	3000	549000	39	2003	1965	160	16	52	56	24	160	68	28	88	16	32	184
30615281_zpid	30615281_zpid	11205	179 Dekalb Ave, Brooklyn, NY 11205	40.689819	-73.9725629	0.0447428434377	13	0.415321417142	3	0.331352207722	7	5	4	3556	3750000	23	2065	1900	192	224	80	128	64	100	80	32	96	52	28	408
30794207_zpid	30794207_zpid	11229	116 Frank Ct, Brooklyn, NY 11229	40.5897649	-73.9248758	0.220332512452	2	1.26024890048	0	2.49567797468	0	4	1	975	122000	187	1800	1925	1	6	1	17	0	1	30	11	21	1	4	36
30646602_zpid	30646602_zpid	11207	493 Hegeman Ave, Brooklyn, NY 11207	40.659475	-73.893218	0.679436821325	2	0.224242740546	3	0.514536900631	2	6	2	2510	510000	25	1700	1899	166	14	99	94	93	31	44	11	34	49	14	205
30668200_zpid	30668200_zpid	11226	454 Rugby Rd, Brooklyn, NY 11226	40.638406	-73.965098	0.333852490163	9	0.378746090493	7	0.298583430503	3	6	3	3487	1975000	21	4700	1905	90	28	40	37	37	21	15	11	17	9	2	91
30624090_zpid	30624090_zpid	11211	34 Maspeth Ave, Brooklyn, NY 11211	40.715176	-73.941385	0.237286113294	11	0.261406919996	4	0.235166719673	3	3	1	2200	1200000	28	2213	1920	34	144	19	53	25	32	49	14	28	16	21	193
30688699_zpid	30688699_zpid	11219	1234 60th St, Brooklyn, NY 11219	40.629443	-74.000067	0.517712753057	6	0.40607183088	4	0.425677651426	4	3	2	1600	780000	2	1999	1901	33	9	15	20	14	45	72	50	12	5	13	114
30695625_zpid	30695625_zpid	11228	1048 Bay Ridge Pkwy, Brooklyn, NY 11228	40.623309	-74.012961	0.511169282882	6	0.432350233018	3	1.1053556047	0	8	4	2904	1999000	0	3001	1935	11	10	5	17	6	46	46	35	16	2	4	64
30574144_zpid	30574144_zpid	11232	237 27th St, Brooklyn, NY 11232	40.658602	-73.99747	0.342481553809	5	0.223391051814	1	0.206585356638	2	6	3	1700	2180000	0	5501	1910	34	42	17	23	12	12	34	27	19	4	8	76
30670072_zpid	30670072_zpid	11210	697 E 22nd St, Brooklyn, NY 11210	40.6352369	-73.955877	0.352769115701	9	0.530548687947	5	0.584498888767	2	6	3	2982	1100000	19	5000	1925	272	100	176	160	224	104	56	52	72	68	24	432
30670072_zpid	30670072_zpid	11210	697 E 22nd St, Brooklyn, NY 11210	40.6352369	-73.955877	0.352769115701	9	0.530548687947	4	0.584498888767	2	6	3	2982	1100000	19	5000	1925	272	100	176	160	224	104	56	52	72	68	24	432
30755449_zpid	30755449_zpid	11210	1535 E 22nd St, Brooklyn, NY 11210	40.614357	-73.9519509	0.534874318626	5	0.236314186549	4	0.726561628542	1	3	1	1660	760000	10	2500	1925	23	2	3	9	5	22	14	10	7	1	9	33
30788103_zpid	30788103_zpid	11234	370 Mayfair Dr S, Brooklyn, NY 11234	40.608075	-73.905036	1.06582965375	0	1.08508242891	0	4.30302204446	0	3	2.5	2260	880000	67	4500	1960	2	1	0	5	0	2	8	2	7	2	1	19
30652846_zpid	30652846_zpid	11203	355 E 48th St, Brooklyn, NY 11203	40.653177	-73.932199	0.189365838117	6	0.193565588637	3	1.4903285853	0	2	1	3280	9000000	6	3000	1930	185	21	79	70	85	66	40	7	41	37	15	185
29788543_zpid	29788543_zpid	10467	3309 Rochambeau Ave, Bronx, NY 10467	40.878434	-73.880654	0.245895780865	9	0.462421360456	6	0.36724028481	2	7	3	5000	345000	208	2628	1920	534	109	185	179	233	49	31	32	46	62	23	276
30652597_zpid	30652597_zpid	11212	419 E 92nd St, Brooklyn, NY 11212	40.656039	-73.920678	0.191757554334	10	0.264653369456	3	0.705856117111	1	4	2	1922	435000	129	3000	1950	1340	52	572	684	496	252	40	24	104	204	84	868
30655700_zpid	30655700_zpid	11203	686 E 49th St, Brooklyn, NY 11203	40.644909	-73.930949	0.333169876128	8	0.563089520693	2	1.5213559484	0	4	2.5	2800	187000	230	2300	1930	56	23	15	15	16	43	24	8	17	12	5	103
30705072_zpid	30705072_zpid	11204	1780 73rd St, Brooklyn, NY 11204	40.6146529	-73.995385	0.205334516329	14	0.0223550085078	7	0.459775935488	2	4	3	2256	790000	11	2000	1920	41	16	21	53	18	43	30	28	14	9	7	92
30642275_zpid	30642275_zpid	11208	2 Kiely Pl, Brooklyn, NY 11208	40.6858549	-73.872777	0.265164091931	5	0.183904626609	4	0.308189390255	2	6	3	3120	585000	7	1755	1901	100	41	66	89	50	77	39	17	64	46	8	205
30732404_zpid	30732404_zpid	11224	2716 W 36th St, Brooklyn, NY 11224	40.579319	-74.002925	0.658812711295	1	0.231090449106	2	1.84615503	0	3	2	1520	155000	318	2313	1970	46	12	11	32	12	4	16	4	14	12	2	46
30705988_zpid	30705988_zpid	11228	1361 76th St, Brooklyn, NY 11228	40.61889	-74.006262	0.228200093521	7	0.307350090489	3	0.629935828103	1	3	1	1478	720000	24	2267	1920	44	40	36	108	44	192	212	192	80	8	12	312
30754489_zpid	30754489_zpid	11210	1312 E 35th St, Brooklyn, NY 11210	40.621919	-73.941438	0.327774929413	3	0.428056921853	2	1.32349326189	0	3	2	1220	505000	46	2800	1925	268	28	112	132	88	184	148	40	64	36	12	272
30754489_zpid	30754489_zpid	11210	1312 E 35th St, Brooklyn, NY 11210	40.621919	-73.941438	0.327774929413	2	0.428056921853	2	1.32349326189	0	3	2	1220	505000	46	2800	1925	268	28	112	132	88	184	148	40	64	36	12	272
29845878_zpid	29845878_zpid	10465	3267A Barkley Ave, Bronx, NY 10465	40.8341678	-73.8178505	0.224225960962	3	0.249204195502	1	1.87537555107	0	3	1	903	293550	11	866	1940	4	3	5	8	6	12	21	23	12	4	3	36
29851346_zpid	29851346_zpid	10475	3550 Ropes Ave, Bronx, NY 10475	40.8892404	-73.8187851	0.938648384706	0	0.358153413248	1	1.01937086927	0	3	1	1245	409000	0	11761.2	1950	0	0	0	1	0	2	2	1	0	0	1	1
30764325_zpid	30764325_zpid	11234	1631 E 48th St, Brooklyn, NY 11234	40.6206953	-73.9288671	0.140123060149	8	0.378437729345	2	2.08392287192	0	3	2	1207	499990	35	5000	1925	48	232	8	68	36	176	144	68	68	28	12	596
30714094_zpid	30714094_zpid	11214	175 Bay 20th St, Brooklyn, NY 11214	40.60267	-74.004683	0.201990854709	9	0.211677818764	7	0.589296854974	2	3	1	1131	85000	278	1056	1920	88	22	27	40	19	64	45	55	16	10	10	128
30623199_zpid	30623199_zpid	11211	184 Devoe St, Brooklyn, NY 11211	40.713628	-73.943489	0.205149285183	11	0.0782874927973	4	0.114649505591	5	4	3	2304	837500	81	2000	1920	35	94	24	58	32	35	53	7	27	13	15	194
30748668_zpid	30748668_zpid	11235	5 Margaret Ct, Brooklyn, NY 11235	40.589006	-73.956743	0.179301668385	15	0.245775193553	3	0.320992099044	2	5	1	1428	390000	19	1250	1920	216	68	52	124	72	176	156	124	88	56	12	428
30640971_zpid	30640971_zpid	11207	541 Van Siclen Ave, Brooklyn, NY 11207	40.666248	-73.888389	0.353403624181	10	0.390168708732	8	0.0738257232806	3	3	3	1190	335000	11	1750	1930	944	88	552	492	524	128	144	48	248	292	92	992
29794872_zpid	29794872_zpid	10472	1141 Noble Ave, Bronx, NY 10472	40.828637	-73.869816	0.271012231023	7	0.203792069343	3	0.369445822176	2	6	3	2992	600000	100	2633	1930	252	176	96	121	99	44	19	5	59	51	18	201
30589314_zpid	30589314_zpid	11238	875 Pacific St, Brooklyn, NY 11238	40.680843	-73.966092	0.100639225261	13	0.327150043148	6	0.311829164125	3	2	1	1938	1625100	11	2500	1920	107	161	44	87	51	39	48	36	34	19	22	191
30626950_zpid	30626950_zpid	11237	194 Wyckoff Ave, Brooklyn, NY 11237	40.701546	-73.915269	0.089228664162	13	0.336156473949	6	0.363863138592	5	8	6	4500	2300000	0	2500	1931	744	332	580	712	496	192	164	108	332	272	120	1224
30626950_zpid	30626950_zpid	11237	194 Wyckoff Ave, Brooklyn, NY 11237	40.701546	-73.915269	0.089228664162	11	0.336156473949	6	0.363863138592	5	8	6	4500	2300000	0	2500	1931	744	332	580	712	496	192	164	108	332	272	120	1224
30729906_zpid	30729906_zpid	11214	8624 25th Ave, Brooklyn, NY 11214	40.597533	-73.987977	0.114553036489	8	0.0737504167307	6	0.0988838859739	3	4	2.5	1942	988000	0	1861	1950	36	14	12	14	11	41	33	18	13	6	2	79
30605846_zpid	30605846_zpid	11233	522 Macdonough St, Brooklyn, NY 11233	40.682855	-73.9253839	0.417089334169	7	0.475836891972	3	0.562769349248	2	8	4	2955	715000	94	19	1901	150	74	101	120	73	17	17	13	43	44	25	202
30781252_zpid	30781252_zpid	11234	6208 Mill Ln, Brooklyn, NY 11234	40.618557	-73.916892	0.071038801666	8	0.64890544987	1	3.04572405349	0	4	3	3200	542000	19	2002	1920	32	32	24	28	16	92	92	44	80	12	20	412
30650186_zpid	30650186_zpid	11208	182 Old Mill Rd, Brooklyn, NY 11208	40.661574	-73.867139	0.646528475129	3	0.355479428427	4	1.49541827929	0	4	6	1600	430000	62	2500	1930	16	4	5	7	2	7	18	2	5	4	1	35
30620294_zpid	30620294_zpid	11222	68 Oak St, Brooklyn, NY 11222	40.727602	-73.958329	0.219141213827	12	0.445960497936	4	0.459382425086	2	5	3	2688	2115000	10	1650	1899	39	67	12	36	19	23	24	16	16	6	4	119
30599030_zpid	30599030_zpid	11221	1068 Putnam Ave, Brooklyn, NY 11221	40.687319	-73.919323	0.0751495725432	8	0.263418717529	3	0.259954149821	2	4	2	3240	426000	17	2633	1910	160	51	83	126	81	34	20	6	44	48	33	164
30694722_zpid	30694722_zpid	11228	1018 73rd St, Brooklyn, NY 11228	40.62495	-74.012504	0.329562860342	5	0.279438421526	4	0.937292474941	0	6	2.5	2080	730000	45	3136	1905	10	7	4	21	4	48	37	33	9	3	2	67
30791913_zpid	30791913_zpid	11235	2741 E 27th St, Brooklyn, NY 11235	40.586069	-73.941742	0.39019632671	4	0.613737509019	1	1.05341041461	0	3	3	2898	610000	46	1110780.0	1935	96	32	56	88	48	136	80	92	136	16	20	360
30791913_zpid	30791913_zpid	11235	2741 E 27th St, Brooklyn, NY 11235	40.586069	-73.941742	0.313808038956	5	0.613737509019	1	1.05341041461	0	3	3	2898	610000	46	1110780.0	1935	96	32	56	88	48	136	80	92	136	16	20	360
30669939_zpid	30669939_zpid	11230	685 E 18th St, Brooklyn, NY 11230	40.634073	-73.959891	0.27159225115	8	0.262440177402	4	0.26966105368	2	6	3	4917	1985000	0	5000	1915	81	21	69	62	72	31	24	25	20	18	4	87
30773878_zpid	30773878_zpid	11236	1103 E 92nd St, Brooklyn, NY 11236	40.642529	-73.905913	0.260568645059	6	0.849774668832	0	0.573264621102	1	4	2	1357	436000	12	1742	1950	176	40	92	88	60	252	144	24	76	88	36	464
30592881_zpid	30592881_zpid	11213	937 Lincoln Pl, Brooklyn, NY 11213	40.670765	-73.945392	0.261059182529	13	0.297071383229	6	0.298769474619	3	7	3	3631	1640000	10	2040	1905	820	160	396	392	356	108	164	36	124	148	68	772
29793526_zpid	29793526_zpid	10473	2034 Turnbull Ave, Bronx, NY 10473	40.823202	-73.853404	0.510454523663	4	0.461000018707	3	1.24102176295	0	3	2.5	1782	455000	107	30	1950	89	23	25	27	13	19	18	5	15	10	5	68
29833277_zpid	29833277_zpid	10466	908 E 233rd St, Bronx, NY 10466	40.891261	-73.851382	0.0157417613782	6	0.495513778528	4	0.555857052897	1	4	2	1280	140000	41	2650	1915	77	7	42	29	29	84	27	9	24	14	16	100
30722734_zpid	30722734_zpid	11223	122 Highlawn Ave, Brooklyn, NY 11223	40.60295	-73.981488	0.215931121058	6	0.360739666687	1	0.144685588382	3	7	3	3120	872600	17	1800	1920	328	104	176	96	136	308	120	196	96	48	28	408
30722734_zpid	30722734_zpid	11223	122 Highlawn Ave, Brooklyn, NY 11223	40.60295	-73.981488	0.215931121058	7	0.360739666687	1	0.144685588382	3	7	3	3120	872600	17	1800	1920	328	104	176	96	136	308	120	196	96	48	28	408
83049847_zpid	83049847_zpid	11208	84 Mckinley Ave, Brooklyn, NY 11208	40.679116	-73.872366	0.112315602456	9	0.141347893664	7	0.416801964653	4	9	6	4640	739000	115	2925	2005	147	21	81	96	58	46	42	12	89	35	12	227
29791994_zpid	29791994_zpid	10473	563 Bolton Ave, Bronx, NY 10473	40.8171247	-73.8584087	0.516723983123	2	0.501056765912	1	1.77927697836	0	7	4	2800	426017	49	2000	1969	31	10	9	29	9	32	14	15	17	9	9	80
30601220_zpid	30601220_zpid	11233	1069 Herkimer St, Brooklyn, NY 11233	40.678133	-73.917959	0.209924087145	2	0.498354805004	3	0.307600194456	2	5	3	1740	450000	94	1667	1899	234	24	147	175	129	37	39	17	64	83	38	237
30770114_zpid	30770114_zpid	11236	18 Paerdegat 4th St, Brooklyn, NY 11236	40.631149	-73.910034	0.516365963584	5	0.534607690512	2	1.85930990602	0	5	2	2783	665000	126	3746	1960	32	4	8	13	4	43	16	3	21	3	1	47
30665148_zpid	30665148_zpid	11225	207 Fenimore St, Brooklyn, NY 11225	40.6585527	-73.9555403	0.286747162698	13	0.408740135853	10	0.492009977023	4	4	2.5	1972	760000	62	3100	1910	1796	396	864	648	700	124	168	84	240	268	56	1140
30665148_zpid	30665148_zpid	11225	207 Fenimore St, Brooklyn, NY 11225	40.6585527	-73.9555403	0.286747162698	13	0.408740135853	9	0.492009977023	4	4	2.5	1972	760000	62	3100	1910	1796	396	864	648	700	124	168	84	240	268	56	1140
29785480_zpid	29785480_zpid	10460	2029 Daly Ave, Bronx, NY 10460	40.843396	-73.882906	0.153030696429	9	0.367803137521	3	0.420777736893	1	4	2	2470	150000	14	2470	1910	349	15	140	152	159	27	17	10	51	39	30	262
30763822_zpid	30763822_zpid	11234	1565 Hendrickson St, Brooklyn, NY 11234	40.6196048	-73.9346157	0.275294836436	8	0.27468504679	3	1.838659063	0	5	5	5700	1499000	0	4146	1920	148	124	60	92	64	164	124	92	60	40	4	564
94716746_zpid	94716746_zpid	11207	560 Van Siclen Ave, Brooklyn, NY 11207	40.665886	-73.88888	0.394810602	8	0.339017017693	8	0.0468372557291	3	5	3	3545	445000	55	1900	2010	250	23	154	146	146	33	39	10	66	75	22	263
30666158_zpid	30666158_zpid	11226	54 Martense St, Brooklyn, NY 11226	40.651044	-73.957146	0.267769485136	11	0.367570771827	8	0.496242309283	3	13	4	4014	750000	115	2831	1930	546	74	339	299	318	58	44	22	74	92	27	469
30641949_zpid	30641949_zpid	11208	17 Grant Ave, Brooklyn, NY 11208	40.69029	-73.86861	0.195766332145	5	0.230216236039	5	0.169308313649	2	1	1	3000	550000	126	2500	1915	37	16	26	38	23	30	15	8	18	12	1	73
30680249_zpid	30680249_zpid	11204	2137 60th St, Brooklyn, NY 11204	40.617636	-73.97949	0.326349206765	7	0.57136059773	5	0.468465457572	4	4	4	3780	1390000	7	2496	1925	53	10	10	26	17	35	32	30	15	5	6	71
30737230_zpid	30737230_zpid	11223	2173 E 4th St, Brooklyn, NY 11223	40.5971339	-73.9674129	0.373288798478	5	0.412456690606	3	0.516380086358	1	3	2	2142	1335000	1	2000	1925	156	44	28	116	40	108	112	192	76	16	16	296
30785921_zpid	30785921_zpid	11234	2011 E 37th St, Brooklyn, NY 11234	40.610106	-73.9300839	0.075459200639	2	0.770528228659	0	2.34897717028	0	3	3	1008	649000	0	1998	1925	2	9	4	3	2	15	27	25	23	0	2	57
30750116_zpid	30750116_zpid	11235	2649 E 27th St, Brooklyn, NY 11235	40.588031	-73.942153	0.262128010868	7	0.42585792351	3	1.02245619196	0	3	2	2000	950000	21	4007	1905	72	44	40	88	20	144	112	136	116	8	20	388
30750116_zpid	30750116_zpid	11235	2649 E 27th St, Brooklyn, NY 11235	40.588031	-73.942153	0.262128010868	8	0.42585792351	2	1.02245619196	0	3	2	2000	950000	21	4007	1905	72	44	40	88	20	144	112	136	116	8	20	388
29787780_zpid	29787780_zpid	10458	2762 Bainbridge Ave, Bronx, NY 10458	40.8670199	-73.889611	0.233839817321	8	0.227934373428	9	0.328179220822	6	5	3	1852	499000	24	2970	1910	620	76	214	235	286	38	20	3	81	64	31	325
30713716_zpid	30713716_zpid	11228	206 Bay 10th St, Brooklyn, NY 11228	40.606751	-74.013485	0.176871457002	6	0.662112740864	2	1.00192618774	0	3	2	2280	270000	246	3867	1920	8	6	2	9	2	19	21	25	18	1	6	46
30643688_zpid	30643688_zpid	11208	84 Fountain Ave, Brooklyn, NY 11208	40.678119	-73.87634	0.289047310106	12	0.410215775005	6	0.470046159901	5	5	2	1710	270000	84	1908	1899	109	22	60	75	55	48	49	19	47	25	12	199
30631142_zpid	30631142_zpid	11207	2 Pilling St, Brooklyn, NY 11207	40.682401	-73.908736	0.0262351091493	6	0.0467106597871	4	0.155183625111	6	5	2	1800	70000	25	2000	1905	74	20	60	89	55	14	24	16	14	29	13	137
30671052_zpid	30671052_zpid	11218	72 E 3rd St, Brooklyn, NY 11218	40.650574	-73.979047	0.243419908675	9	0.094097120417	3	0.289786376477	2	6	3	1960	940000	28	1916	1910	21	23	13	22	14	25	23	24	16	2	3	61
30736866_zpid	30736866_zpid	11223	2169 W 6th St, Brooklyn, NY 11223	40.594864	-73.976837	0.204497232855	5	0.213318788491	3	0.266035227657	4	7	3	3400	10000	8	3400	1930	31	14	7	26	9	51	24	39	26	5	7	96
112078103_zpid	112078103_zpid	11211	291 Devoe St APT 2A, Brooklyn, NY 11211	40.7139062	-73.9377884	0.287206263491	9	0.389794375544	2	0.316097648655	3	1	1	676	395460	59	2500	2006	23	115	10	36	18	22	27	8	19	11	17	123
30702132_zpid	30702132_zpid	11209	346 Marine Ave, Brooklyn, NY 11209	40.6141239	-74.0334309	0.0401964090652	9	0.267507509617	3	0.294121005402	1	5	2	2242	798230	17	2996	1920	165	30	25	24	28	54	40	40	7	10	5	113
