30659404_zpid	30659404_zpid	11203	942 New York Ave, Brooklyn, NY 11203	40.650266	-73.946926	0.322498634829	5	0.404188293926	6	0.232766264499	2	4	2	3136	190000	269	4100	1942	121	17	94	85	78	44	10	5	24	25	9	101
30598473_zpid	30598473_zpid	11233	2056 Bergen St, Brooklyn, NY 11233	40.673764	-73.912435	0.197736208315	4	0.239822807171	5	0.544716650454	1	4	2	1710	730000	6	3194	1901	780	60	408	504	328	144	108	80	164	220	120	648
29785834_zpid	29785834_zpid	10457	2047 Anthony Ave, Bronx, NY 10457	40.8522135	-73.9025872	0.0326584836607	9	0.15942735408	9	0.299523965101	5	4	2	1240	499000	0	1006	1901	409	41	198	198	188	24	20	9	63	65	28	268
83043729_zpid	83043729_zpid	11235	3079 Brighton 13th St, Brooklyn, NY 11235	40.578407	-73.9563	0.0642878663527	9	0.19176576516	6	0.428828694383	1	9	6	5400	1200000	4	2308	1926	207	55	64	71	51	61	53	27	44	32	15	199
30595352_zpid	30595352_zpid	11225	570 Empire Blvd, Brooklyn, NY 11225	40.663764	-73.943437	0.0533644649472	8	0.120121001458	8	0.621775560458	2	8	4	3280	1649000	0	3397	1923	167	9	58	74	74	18	22	11	21	21	5	115
29778467_zpid	29778467_zpid	10452	1293 Shakespeare Ave, Bronx, NY 10452	40.839702	-73.922771	0.259777479478	4	0.247378360054	7	0.421454262453	2	5	3	2360	250000	46	2178	1899	486	63	185	177	170	51	29	18	67	63	22	266
30588903_zpid	30588903_zpid	11215	538 16th St, Brooklyn, NY 11215	40.658275	-73.976549	0.143782015923	10	0.188173015967	4	0.383265612148	1	4	2	1862	1700000	38	1700	1920	22	24	9	9	11	12	11	6	9	2	4	42
30614776_zpid	30614776_zpid	11216	19 Brevoort Pl, Brooklyn, NY 11216	40.680331	-73.954732	0.136511231499	11	0.219138786071	8	0.0970326754017	5	1	1	3600	300000	169	2823	1910	564	544	240	312	240	48	156	68	84	120	140	648
30661827_zpid	30661827_zpid	11203	515 E 40th St, Brooklyn, NY 11203	40.643036	-73.9388419	0.323345328018	3	0.636506986567	2	0.877528972092	0	3	2	1264	320000	37	2000	1920	61	7	21	19	20	39	18	6	20	12	3	81
79726728_zpid	79726728_zpid	11226	2905 Albemarle Rd, Brooklyn, NY 11226	40.6482623	-73.9500182	0.0874631733213	4	0.284051143997	7	0.289710614592	2	3	2	3342	580000	7	2059	2007	372	54	133	145	120	83	30	15	40	61	28	240
30732226_zpid	30732226_zpid	11224	3734 Bayview Ave, Brooklyn, NY 11224	40.580622	-74.005255	0.488776992527	1	0.457301763237	1	2.034162563	0	4	2	1520	510000	17	2000	1985	31	8	4	17	7	1	10	2	9	5	2	28
30602985_zpid	30602985_zpid	11221	711 Lexington Ave, Brooklyn, NY 11221	40.690015	-73.932559	0.440163603591	10	0.437548049416	4	0.48691397192	1	8	3	4400	580500	135	2000	1899	904	228	448	540	472	236	124	64	160	260	204	1112
30702176_zpid	30702176_zpid	11209	444 Marine Ave, Brooklyn, NY 11209	40.613208	-74.031585	0.146184829935	9	0.421224073106	3	0.331661617174	1	3	3	1410	340000	178	2200	1925	55	20	14	16	17	44	31	33	6	7	4	79
29783382_zpid	29783382_zpid	10460	885 E 172nd St, Bronx, NY 10460	40.834737	-73.8910822	0.25917146545	6	0.211934157395	4	0.400203696944	2	4	2	2420	380000	15	6499	1987	160	23	66	89	70	22	13	3	22	31	11	148
30775015_zpid	30775015_zpid	11236	954 E 108th St, Brooklyn, NY 11236	40.647702	-73.891597	0.0649318784628	5	0.0364148014429	4	0.738909935437	1	5	3.5	1	442030	2	2000	1960	120	24	56	56	32	56	32	4	36	12	28	212
30775015_zpid	30775015_zpid	11236	954 E 108th St, Brooklyn, NY 11236	40.647702	-73.891597	0.0649318784628	4	0.0364148014429	4	0.738909935437	1	5	3.5	1	442030	2	2000	1960	120	24	56	56	32	56	32	4	36	12	28	212
83048800_zpid	83048800_zpid	11207	448 Ashford St, Brooklyn, NY 11207	40.6711729	-73.8845442	0.32137059708	9	0.520280004157	3	0.45932697494	4	8	5	2970	721000	111	1800	2006	52	12	36	39	32	27	25	6	26	25	11	100
30733854_zpid	30733854_zpid	11224	3825 Atlantic Ave, Brooklyn, NY 11224	40.573969	-74.0052539	0.741334747577	1	0.473846364468	1	2.06707909529	0	6	3	3008	657000	28	5000	1925	29	7	8	28	4	4	15	6	9	4	0	33
2099139795_zpid	2099139795_zpid	11235	3042 Brighton 14 St # 1, Brooklyn, NY 11235	40.57889	-73.955556	0.102799909446	10	0.260225712095	6	0.50255835564	1	8	5	4047	1300000	0	2300	1931	796	212	228	272	204	224	220	112	164	120	56	728
2099139795_zpid	2099139795_zpid	11235	3042 Brighton 14 St # 1, Brooklyn, NY 11235	40.57889	-73.955556	0.102799909446	9	0.260225712095	6	0.50255835564	1	8	5	4047	1300000	0	2300	1931	796	212	228	272	204	224	220	112	164	120	56	728
30582276_zpid	30582276_zpid	11217	54 Sterling Pl, Brooklyn, NY 11217	40.678132	-73.977028	0.154969769483	19	0.21764440239	6	0.34159089153	7	5	4	3400	3275000	4	1825	1899	81	118	31	37	31	33	61	55	40	14	27	161
30633336_zpid	30633336_zpid	11212	548 Chester St, Brooklyn, NY 11212	40.6580323	-73.9089721	0.0929358561291	6	0.206475399953	4	0.505813862962	2	5	2.5	1880	525000	0	1197	1930	169	17	125	101	82	32	35	13	49	38	12	195
30791826_zpid	30791826_zpid	11235	2520 Voorhies Ave, Brooklyn, NY 11235	40.5866525	-73.9434354	0.240774460727	6	0.613187855676	1	0.906623301697	0	3	2.5	2110	232000	225	1960	1940	36	10	13	28	5	40	24	28	28	4	4	98
30623387_zpid	30623387_zpid	11211	321 Humboldt St # A, Brooklyn, NY 11211	40.71293	-73.94268	0.115257890722	10	0.12272622048	4	0.215749952096	4	3	2.5	1360	625000	42	875	1910	37	86	18	56	29	32	44	6	24	14	18	176
30650453_zpid	30650453_zpid	11212	67 E 91st St, Brooklyn, NY 11212	40.662514	-73.929107	0.169114526892	12	0.112370849338	6	0.593828860143	1	2	2	1584	400000	13	1600	1940	712	40	256	276	236	124	36	16	64	100	36	492
30660527_zpid	30660527_zpid	11203	350 E 35th St, Brooklyn, NY 11203	40.646538	-73.944579	0.385313435311	5	0.117501043661	4	0.403187273224	2	1	1	648	510000	26	2000	1920	316	36	308	208	212	144	48	12	80	64	52	300
30662063_zpid	30662063_zpid	11203	776 E 45th St, Brooklyn, NY 11203	40.642249	-73.9345	0.0908032667488	7	0.921178865358	0	1.2022033902	0	3	2	1282	375000	11	2000	1908	104	36	48	72	40	176	100	40	80	44	8	388
30700623_zpid	30700623_zpid	11228	647 90th St, Brooklyn, NY 11228	40.616867	-74.023285	0.27732811312	6	0.461473333751	3	0.676426625421	1	3	2	2175	700000	2	1200	1925	8	0	3	7	1	8	20	9	6	0	1	21
29840593_zpid	29840593_zpid	10475	3325 Rombouts Ave, Bronx, NY 10475	40.88108	-73.82834	0.283622160391	1	0.282489691309	3	0.827925396813	0	2	1	639	140000	54	1785	1910	6	7	7	18	7	9	13	10	7	3	2	50
30747117_zpid	30747117_zpid	11229	2371 E 23rd St, Brooklyn, NY 11229	40.593485	-73.947064	0.25451147071	12	0.518314370303	4	0.711950418103	1	5	2	2500	800000	11	2900	1930	41	11	14	22	13	28	27	25	16	5	4	61
30652409_zpid	30652409_zpid	11203	125 E 55th St, Brooklyn, NY 11203	40.655121	-73.925613	0.238684180942	11	0.30694490388	4	1.05441588965	0	4	2.5	1845	720000	7	4000	1910	171	24	71	77	79	63	31	8	21	28	15	153
30779277_zpid	30779277_zpid	11236	1467 E 99th St, Brooklyn, NY 11236	40.635425	-73.888342	0.178745253474	7	0.340656176881	3	1.69246509691	0	3	2.5	1560	425450	24	2000	1960	19	10	16	12	1	19	11	12	13	5	1	54
30771142_zpid	30771142_zpid	11236	1254 E 84th St, Brooklyn, NY 11236	40.631351	-73.904017	0.729395953509	2	0.687780327525	1	1.71332882598	0	4	3	1932	530000	20	2140	1940	220	32	72	108	52	264	112	32	124	32	44	312
29784431_zpid	29784431_zpid	10458	2386 Lorillard Pl, Bronx, NY 10458	40.855934	-73.889263	0.116493317033	11	0.130289533789	3	0.625148788975	1	3	2	1536	125000	213	1650	1901	457	77	169	204	201	22	37	16	56	75	29	322
30745277_zpid	30745277_zpid	11229	2150 Ford St, Brooklyn, NY 11229	40.599595	-73.938163	0.349308773612	7	0.393676492196	4	1.50198388724	0	3	2	1584	400000	73	1800	1952	26	7	9	11	7	8	33	15	15	2	2	64
30584523_zpid	30584523_zpid	11215	420 7th St, Brooklyn, NY 11215	40.668599	-73.982164	0.146917000437	20	0.270509930507	4	0.302982424619	3	3	1.5	1552	2179000	32	1667	1899	72	89	29	65	25	29	61	42	32	13	26	263
29783543_zpid	29783543_zpid	10459	1259 Chisholm St, Bronx, NY 10459	40.82938	-73.895097	0.53177601929	4	0.33313282594	7	0.287363553538	2	5	3	2280	430000	6	1900	1991	216	93	103	139	113	32	28	6	32	50	25	207
30656256_zpid	30656256_zpid	11203	686 E 53rd St, Brooklyn, NY 11203	40.642699	-73.926798	0.140699494569	5	0.867437590054	0	1.85079546944	0	4	3	1548	470000	21	2250	1935	103	21	23	19	18	33	36	13	13	11	7	104
30624002_zpid	30624002_zpid	11211	222 Withers St, Brooklyn, NY 11211	40.717343	-73.942454	0.0438135859396	11	0.386343725459	4	0.337394420874	3	4	2	1660	1800000	10	2500	1910	15	121	12	35	15	26	35	8	25	9	15	122
30670304_zpid	30670304_zpid	11210	1481 Flatbush Ave, Brooklyn, NY 11210	40.6344762	-73.9490667	0.483317402704	3	0.046960182291	3	0.218686162005	2	1	1	3120	170000	208	1583	1933	200	34	93	92	89	68	47	18	31	49	6	238
30620496_zpid	30620496_zpid	11222	184 Calyer St, Brooklyn, NY 11222	40.728142	-73.952611	0.0879971183653	18	0.0435944302349	4	0.253329485081	2	4	2	1760	1510000	10	1250	1920	64	72	30	55	26	42	38	33	23	16	16	198
30766089_zpid	30766089_zpid	11236	243 Dorset St, Brooklyn, NY 11236	40.646537	-73.918755	0.372054964055	3	0.972001566385	0	1.42790223448	0	2	1	1188	251750	136	1440	1940	36	8	36	44	28	64	56	12	24	24	16	168
30748168_zpid	30748168_zpid	11235	2417 E 23rd St, Brooklyn, NY 11235	40.592609	-73.946895	0.272453301652	13	0.526009098799	4	0.757879053294	0	5	3.5	3360	830000	3	2500	1935	76	12	10	19	11	23	27	32	27	3	1	66
30773294_zpid	30773294_zpid	11236	980 E 95th St, Brooklyn, NY 11236	40.645931	-73.906479	0.227934816406	5	0.96790822274	0	0.399177807486	1	3	2.5	1250	375000	127	2500	1925	41	7	25	33	18	57	27	7	7	21	8	103
30641794_zpid	30641794_zpid	11208	66 Nichols Ave, Brooklyn, NY 11208	40.688925	-73.870017	0.142823045183	7	0.383403426549	6	0.241878234445	3	6	3	2048	550000	10	2063	1901	53	27	47	57	32	48	28	10	28	23	4	120
29778620_zpid	29778620_zpid	10455	447 Jackson Ave, Bronx, NY 10455	40.8106719	-73.910418	0.278032042595	4	0.526507598072	4	0.318399179748	4	7	2	2580	650000	12	3594	1920	135	17	60	50	50	11	12	4	22	15	9	114
30614270_zpid	30614270_zpid	11238	36 Claver Pl, Brooklyn, NY 11238	40.682077	-73.9577769	0.0872704792051	11	0.103541085635	6	0.201306529454	3	7	3	3712	1540000	12	2000	1901	91	124	55	91	60	34	38	14	28	19	36	178
30638231_zpid	30638231_zpid	11208	3002 Fulton St, Brooklyn, NY 11208	40.679932	-73.8838619	0.207727590061	7	0.0343770134342	4	0.065624447849	4	8	4.5	2984	999000	5	2715	1920	81	18	49	63	51	43	34	21	28	27	14	144
30717880_zpid	30717880_zpid	11230	202 Avenue M # M, Brooklyn, NY 11230	40.616302	-73.973164	0.178288341642	8	0.128569048351	2	0.156050864622	2	6	2	4600	2600000	0	2300	1931	38	8	11	20	16	41	31	22	15	5	5	58
30707142_zpid	30707142_zpid	11228	1462 77th St, Brooklyn, NY 11228	40.616711	-74.005034	0.237052550292	10	0.470745824284	4	0.517150515056	2	5	3	2098	815000	24	2650	1925	6	10	5	17	5	37	33	39	16	3	2	65
30720938_zpid	30720938_zpid	11223	1687 E 2nd St, Brooklyn, NY 11223	40.6083641	-73.9716116	0.289152816654	9	0.182361781504	5	0.125729235856	2	6	2	3480	790000	37	2500	1930	56	13	15	22	18	28	15	18	19	10	1	94
30666180_zpid	30666180_zpid	11226	154 Martense St, Brooklyn, NY 11226	40.6512079	-73.9538369	0.450905563626	10	0.195956899468	7	0.362232690394	2	4	2	3282	875000	10	2400	1915	497	81	238	234	238	83	34	22	67	74	22	375
30702550_zpid	30702550_zpid	11209	259 Battery Ave, Brooklyn, NY 11209	40.613253	-74.025765	0.461961700926	8	0.636437956303	1	0.565462314761	1	3	2	2336	900000	17	23	1935	22	4	7	6	6	10	10	3	2	1	2	20
30608323_zpid	30608323_zpid	11221	653 Greene Ave, Brooklyn, NY 11221	40.6895602	-73.9428146	0.300350609861	9	0.261118755749	4	0.742736707383	1	6	4	3348	1300000	0	2003	1899	173	47	85	121	90	28	28	8	32	50	24	190
30714438_zpid	30714438_zpid	11214	225 Bay 32nd St, Brooklyn, NY 11214	40.5964118	-73.9967498	0.183748655121	7	0.404408125926	5	0.66134793518	1	5	2	2537	714000	56	1940	1940	384	36	128	144	116	232	104	64	64	44	20	284
30714438_zpid	30714438_zpid	11214	225 Bay 32nd St, Brooklyn, NY 11214	40.5964118	-73.9967498	0.365116775825	6	0.404408125926	5	0.66134793518	1	5	2	2537	714000	56	1940	1940	384	36	128	144	116	232	104	64	64	44	20	284
111718190_zpid	111718190_zpid	10466	1023 E 225th St, Bronx, NY 10466	40.8848056	-73.8510143	0.195363052693	6	0.193285309271	2	0.862727962447	0	6	4	3336	552000	41	2725	2011	57	10	25	21	16	57	10	5	29	19	11	67
30636459_zpid	30636459_zpid	11207	25 Crosby Ave, Brooklyn, NY 11207	40.682346	-73.895257	0.363367241399	3	0.321217711703	3	0.593984810258	2	6	3	2016	525000	21	3750	1925	248	100	168	148	108	160	100	128	84	64	32	344
30614200_zpid	30614200_zpid	11216	100 Madison St, Brooklyn, NY 11216	40.6839299	-73.955099	0.231947749419	10	0.144152108379	7	0.339216415392	5	6	2	2808	1475000	12	1875	1899	147	119	67	80	58	25	33	15	22	33	45	194
30629800_zpid	30629800_zpid	11207	1161 Halsey St, Brooklyn, NY 11207	40.690599	-73.910786	0.190346575977	10	0.65704761746	3	0.604472315673	2	6	2.5	3300	799000	10	1999	1905	107	30	74	99	76	21	23	17	38	54	21	177
30633644_zpid	30633644_zpid	11212	602 Osborn St, Brooklyn, NY 11212	40.657029	-73.905862	0.248373504561	4	0.199205585103	3	0.591153323439	2	8	4	3239	585000	84	2500	1930	95	13	71	64	51	29	26	8	42	21	8	148
30705771_zpid	30705771_zpid	11204	2059 Bay Ridge Pkwy, Brooklyn, NY 11204	40.61012	-73.990069	0.178106181684	12	0.21736354437	8	0.71995729735	1	6	2	2600	1050000	19	2725	1915	57	12	18	27	28	34	18	17	17	6	1	74
30669320_zpid	30669320_zpid	11210	646 E 22nd St, Brooklyn, NY 11210	40.636583	-73.956728	0.32864807949	9	0.42242964072	5	0.538907187857	1	6	5	5000	718000	41	5009	1910	49	15	35	27	37	24	9	11	12	11	5	81
30727488_zpid	30727488_zpid	11229	2218 Ocean Ave, Brooklyn, NY 11229	40.6077243	-73.9533402	0.330976374758	4	0.286856905094	4	0.392707947843	1	6	2	2512	620000	57	3098	1925	159	33	47	45	53	66	60	39	20	18	3	178
30639752_zpid	30639752_zpid	11208	510 Shepherd Ave, Brooklyn, NY 11208	40.6718649	-73.88051	0.0451972300404	9	0.420600290731	3	0.252962648631	2	5	3	1920	88000	205	871200	1930	688	96	336	396	316	192	92	40	140	228	100	668
83045081_zpid	83045081_zpid	11216	190 Lexington Ave, Brooklyn, NY 11216	40.687081	-73.953943	0.1016914295	10	0.220001334122	5	0.375729380663	4	3	1	3520	979000	30	1600	2007	448	440	284	384	244	132	112	60	96	136	140	852
30628812_zpid	30628812_zpid	11221	280 Cornelia St, Brooklyn, NY 11221	40.694082	-73.911332	0.0800682417302	12	0.477020221536	4	0.621919322212	3	9	3	3000	565000	14	2000	1901	91	18	75	91	69	22	27	5	35	41	24	123
30663892_zpid	30663892_zpid	11210	619 E 32nd St, Brooklyn, NY 11210	40.635895	-73.945783	0.478250628624	2	0.363749930862	3	0.374995089127	2	5	5	1975	172000	213	3570	1920	1320	116	740	692	652	252	156	60	160	288	28	1348
30791915_zpid	30791915_zpid	11235	2729 E 27th St, Brooklyn, NY 11235	40.58632	-73.941806	0.380791242444	4	0.588712909862	1	1.04593474542	0	5	4	2500	689000	117	4000	1901	24	8	15	26	12	35	22	25	35	4	5	96
29812417_zpid	29812417_zpid	10460	1707 Van Buren St, Bronx, NY 10460	40.841237	-73.870567	0.233718536747	4	0.644514450319	2	0.256635571033	1	3	2	2892	480000	15	2343	1920	232	24	68	85	95	47	22	13	32	41	28	152
30672707_zpid	30672707_zpid	11218	51 Dahill Rd, Brooklyn, NY 11218	40.6460719	-73.980808	0.0425916158362	9	0.167280291639	5	0.245400432497	2	4	2	2080	1100000	21	2000	1910	62	32	27	34	27	28	41	25	10	11	10	140
30698758_zpid	30698758_zpid	11209	8510 Narrows Ave, Brooklyn, NY 11209	40.626031	-74.039159	0.742948045391	1	0.906427375741	0	0.982460280231	0	4	3	2736	1330000	33	4725	1950	10	7	0	8	1	14	20	12	7	2	1	41
30706446_zpid	30706446_zpid	11228	1127 77th St, Brooklyn, NY 11228	40.621539	-74.012157	0.424139205279	5	0.49481201808	2	1.14398497008	0	3	1	1232	765000	2	2178	1930	7	14	2	19	3	39	50	22	18	2	5	56
83042172_zpid	83042172_zpid	11229	114 Ivan Ct, Brooklyn, NY 11229	40.588907	-73.925987	0.335116409049	2	1.18547853075	0	2.39173765092	0	4	2.5	1950	300517	138	1800	2005	2	6	1	17	1	1	29	11	20	1	3	36
29794106_zpid	29794106_zpid	10473	2301 Lafayette Ave, Bronx, NY 10473	40.823897	-73.84584	0.526805956744	3	0.442441970524	2	1.25626628476	0	4	2.5	1796	423100	18	2324	1935	72	32	48	20	20	88	36	8	40	16	16	184
29834311_zpid	29834311_zpid	10469	1117 E 222nd St, Bronx, NY 10469	40.882129	-73.849693	0.110592833962	8	0.208680229703	4	1.025189947	0	3	3	1420	400000	23	3876	1920	48	14	16	18	15	21	6	7	16	11	2	37
30770796_zpid	30770796_zpid	11236	34 Paerdegat 8th St, Brooklyn, NY 11236	40.629936	-73.906556	0.808342508533	0	0.823135477681	0	1.90302340716	0	9	4	3003	560000	6	2983	1965	168	16	48	76	36	228	72	20	88	20	28	188
30755690_zpid	30755690_zpid	11210	1455 E 27th St, Brooklyn, NY 11210	40.615549	-73.94737	0.436293897374	3	0.524230892622	3	1.04222676645	0	4	2.5	1472	949000	0	1999	1910	60	8	4	36	16	64	68	48	32	0	16	132
30774873_zpid	30774873_zpid	11236	975 E 105th St, Brooklyn, NY 11236	40.646278	-73.8928619	0.21712036262	4	0.187502574136	3	0.735875770407	1	3	1.5	1224	435000	93	1575	1960	38	8	22	16	13	25	11	3	13	9	8	84
30695548_zpid	30695548_zpid	11228	942 Bay Ridge Pkwy, Brooklyn, NY 11228	40.624907	-74.015615	0.407686291319	7	0.263854995897	2	0.994277435295	0	3	2.5	1984	210000	239	2200	1925	16	8	10	18	7	36	36	27	15	3	4	57
30762805_zpid	30762805_zpid	11234	1606 E 45th St, Brooklyn, NY 11234	40.6214749	-73.932287	0.230640040025	9	0.295312738011	2	1.81176484861	0	3	1.5	1280	142000	241	2400	1920	144	72	64	108	96	152	124	80	68	32	0	612
30701336_zpid	30701336_zpid	11209	39 94th St, Brooklyn, NY 11209	40.618465	-74.038066	0.439256798093	8	0.401367410696	3	0.630740391675	1	4	4	2080	1295000	0	2300	1925	158	25	18	29	22	25	28	25	7	4	4	100
30769858_zpid	30769858_zpid	11236	1076 E 82nd St, Brooklyn, NY 11236	40.633293	-73.908588	0.447775301722	5	0.456350894467	2	1.59252313159	0	6	4	2687	329000	164	2687	1960	172	20	56	92	28	292	116	36	112	28	24	352
30663189_zpid	30663189_zpid	11210	791 E 39th St, Brooklyn, NY 11210	40.637821	-73.939248	0.635760067578	4	0.76172043488	0	0.810048456979	0	2	1	1710	360000	25	1933	1940	30	7	40	37	54	17	10	3	17	14	3	92
30583420_zpid	30583420_zpid	11215	371 1st St, Brooklyn, NY 11215	40.673287	-73.98036	0.0850389125878	14	0.307049564271	6	0.505036601442	2	5	3	4008	2800000	5	1950	1901	70	83	26	46	27	22	47	40	26	16	22	210
30645561_zpid	30645561_zpid	11208	709 Conduit Blvd, Brooklyn, NY 11208	40.675758	-73.8639029	0.401624093989	3	0.359121709626	9	0.172837023936	3	3	2	1360	340000	70	2923	1960	54	14	28	25	17	32	24	6	46	13	7	122
30672699_zpid	30672699_zpid	11218	78 Kermit Pl, Brooklyn, NY 11218	40.6485195	-73.972143	0.168698121282	13	0.533611406891	1	0.337825477677	1	4	3	2840	1405000	11	1600	1910	102	30	42	52	47	25	23	28	28	18	6	116
30594679_zpid	30594679_zpid	11225	142 Sullivan Pl, Brooklyn, NY 11225	40.6641199	-73.956191	0.275517169591	8	0.330049388505	5	0.476371896424	5	4	2.5	1425	841000	21	2217	1925	495	62	192	166	192	16	32	18	52	68	23	298
30788942_zpid	30788942_zpid	11234	2233 E 59th Pl, Brooklyn, NY 11234	40.610845	-73.911876	0.551028983132	3	0.741631865064	1	3.88914005625	0	4	3	2184	960000	9	3967	1955	8	24	12	12	12	72	28	68	76	4	4	112
30657005_zpid	30657005_zpid	11225	581 New York Ave, Brooklyn, NY 11225	40.6604574	-73.9474529	0.310273189522	6	0.387801733018	6	0.383366428006	2	3	1	960	490000	19	1267	1930	287	52	105	113	109	42	34	18	33	48	11	218
30682263_zpid	30682263_zpid	11204	6635 Wallaston Ct, Brooklyn, NY 11204	40.619499	-73.9942219	0.292022153978	7	0.279016107504	5	0.347198459035	3	6	2.5	2068	700000	44	1886	1935	49	20	24	55	16	47	33	53	18	11	7	109
30755604_zpid	30755604_zpid	11210	1438 E 26th St, Brooklyn, NY 11210	40.615766	-73.948935	0.551021146616	3	0.535429659813	2	0.907930675459	0	6	4	2013	400000	170	2667	1925	21	2	3	10	4	21	17	15	12	1	9	39
83178321_zpid	83178321_zpid	10460	790 Elsmere Pl, Bronx, NY 10460	40.843146	-73.888763	0.29726621265	5	0.268701200417	2	0.657842514593	1	9	6	3276	462500	145	3276	2003	194	12	98	79	88	15	13	5	32	29	17	142
30758518_zpid	30758518_zpid	11210	962 E 40th St # 1, Brooklyn, NY 11210	40.631766	-73.93821	0.429270863325	2	0.493778228637	1	0.805676729706	0	7	3	2500	605000	22	4000	1960	30	5	23	24	23	26	17	16	15	8	6	74
2100891995_zpid	2100891995_zpid	11221	447 Central Ave, Brooklyn, NY 11221	40.692268	-73.914454	0.261893054528	7	0.371469945617	4	0.686279216786	2	10	3	3816	1599000	0	2160	1920	174	45	120	147	113	40	37	10	71	63	46	201
29847950_zpid	29847950_zpid	10465	1036 Balcom Ave, Bronx, NY 10465	40.829296	-73.832784	0.520479420018	2	0.849617232241	0	1.44288872775	0	3	3	1835	425000	17	2644	1945	6	5	4	4	3	6	9	10	5	1	4	18
30615862_zpid	30615862_zpid	11217	96 Fort Greene Pl, Brooklyn, NY 11217	40.6866496	-73.9766826	0.133242480268	10	0.0715583105878	1	0.182492815798	9	6	6	3528	2800000	12	1842	1899	66	78	28	44	17	17	33	34	28	17	23	183
30792620_zpid	30792620_zpid	11235	1136 Banner Ave, Brooklyn, NY 11235	40.5834976	-73.9578883	0.172784268081	12	0.258905340444	7	0.492676067398	2	2	1	1472	120000	302	1400	1920	212	38	56	76	46	66	49	30	41	32	19	182
30607021_zpid	30607021_zpid	11206	197 Vernon Ave, Brooklyn, NY 11206	40.695447	-73.944047	0.101390248732	9	0.231845044861	3	0.41980242476	4	2	1	3480	550000	47	2482	1935	120	44	68	112	56	53	18	38	19	38	27	163
30763063_zpid	30763063_zpid	11234	5019 Avenue M, Brooklyn, NY 11234	40.621614	-73.926378	0.0701509753135	9	0.247142480761	1	2.1881760955	0	3	2.5	1088	225000	31	2295	1920	9	34	7	10	7	41	33	14	16	6	6	138
