30597054_zpid	30597054_zpid	11213	912 Eastern Pkwy, Brooklyn, NY 11213	40.66871	-73.938169	0.135804985907	11	0.335562791207	7	0.365635992272	2	10	4	4257	1540000	7	2413	1901	415	47	167	190	197	48	55	19	42	63	42	313
30779639_zpid	30779639_zpid	11236	10557 Flatlands 9th St, Brooklyn, NY 11236	40.6398439	-73.88373	0.787160745087	0	0.778741796339	0	1.708001495	0	3	2	1872	465000	21	4000	1960	32	4	32	32	8	12	36	8	44	8	8	108
30714535_zpid	30714535_zpid	11228	292 Bay 10th St, Brooklyn, NY 11228	40.605281	-74.015058	0.353263199967	3	0.728736806248	1	1.16454312545	0	2	2	1472	985000	0	1938	1920	7	2	2	6	1	9	16	21	10	1	2	31
30793522_zpid	30793522_zpid	11229	20 Lester Ct, Brooklyn, NY 11229	40.587531	-73.92504	0.358927639812	2	1.30506291732	0	2.46233464084	0	3	1	74304	285000	59	1800	1920	2	3	2	15	0	0	31	10	20	1	4	39
30694213_zpid	30694213_zpid	11209	517 73rd St, Brooklyn, NY 11209	40.630906	-74.021305	0.0570213308907	14	0.2310806402	5	0.378145761387	2	5	2	2380	1450000	0	2000	1910	48	20	31	40	17	36	44	39	22	11	5	123
29839264_zpid	29839264_zpid	10470	4649 Bronx Blvd, Bronx, NY 10470	40.904904	-73.854061	0.315703444947	4	0.328231146422	1	0.203289489511	3	3	1	1890	369000	0	1711	1965	98	10	46	56	48	25	13	4	21	18	4	103
29789320_zpid	29789320_zpid	10470	270 E 236th St, Bronx, NY 10470	40.897963	-73.86814	0.408541768623	2	0.0913136524978	1	0.526427623571	1	5	2	2126	420000	15	2500	1920	68	17	12	22	9	44	15	19	17	5	4	89
30724109_zpid	30724109_zpid	11230	829 E 14th St, Brooklyn, NY 11230	40.629098	-73.9627749	0.0930593285899	7	0.43258141855	6	0.0978577035719	3	8	4	3269	780000	127	3200	1901	86	27	63	60	71	61	40	52	23	17	8	143
30732463_zpid	30732463_zpid	11224	3720 Maple Ave, Brooklyn, NY 11224	40.579321	-74.004551	0.52139308959	1	0.309540188316	1	1.98281548269	0	6	4	3415	880000	116	3333	1925	45	13	12	35	13	4	15	4	15	12	2	46
29796524_zpid	29796524_zpid	10472	2038 Blackrock Ave, Bronx, NY 10472	40.828192	-73.854946	0.223289215058	10	0.330308088381	3	0.730362360519	2	6	4	2300	480000	39	2482	2011	81	15	55	56	39	47	32	7	40	19	9	103
30786996_zpid	30786996_zpid	11234	2001 E 54th St, Brooklyn, NY 11234	40.612855	-73.921913	0.400191210621	4	1.16370058769	0	3.06950545999	0	5	2.75	2280	675000	5	3033	1960	16	5	10	10	10	33	22	17	18	5	6	104
30784739_zpid	30784739_zpid	11234	1643 E 55th St, Brooklyn, NY 11234	40.616425	-73.921472	0.268571222137	9	0.942842152347	0	2.86818294655	0	3	1.5	1815	498500	0	2000	1955	84	24	56	40	56	160	96	64	100	28	24	464
30636475_zpid	30636475_zpid	11207	16 Crosby Ave, Brooklyn, NY 11207	40.681635	-73.895516	0.309397291756	3	0.286595046002	3	0.540869497754	3	5	3	2092	575000	18	2802	1925	260	104	172	152	108	176	116	132	92	76	32	364
30760548_zpid	30760548_zpid	11210	1140 E 42nd St, Brooklyn, NY 11210	40.627032	-73.935768	0.0689842864022	7	0.824634383251	0	1.19322050077	0	3	3	1530	450000	20	2000	1920	212	20	92	124	56	112	124	36	60	36	28	280
29782944_zpid	29782944_zpid	10456	1419 Crotona Ave, Bronx, NY 10456	40.834285	-73.898419	0.134114583642	4	0.317558860461	5	0.721233207195	1	6	4	3000	510000	9	2424	2002	79	8	42	52	26	21	6	3	10	20	7	85
30762625_zpid	30762625_zpid	11234	1159 E 57th St, Brooklyn, NY 11234	40.624709	-73.920397	0.108151148575	8	0.566984983422	2	2.47320911968	0	5	3	3800	515000	27	2400	1955	80	36	96	48	52	168	88	128	88	52	40	376
30615965_zpid	30615965_zpid	11238	306 Cumberland St, Brooklyn, NY 11238	40.686647	-73.972852	0.193834585033	9	0.309487706778	2	0.109825574212	10	6	4.5	3100	3775000	9	2000	1857	58	24	31	40	33	9	12	4	8	14	15	46
30735581_zpid	30735581_zpid	11223	2028 W 4th St, Brooklyn, NY 11223	40.598067	-73.976139	0.165808351496	4	0.177778831263	4	0.261889656627	5	4	3	2350	915000	6	2000	1930	21	21	10	33	10	59	22	58	23	3	7	103
30660321_zpid	30660321_zpid	11203	4616 Snyder Ave, Brooklyn, NY 11203	40.649657	-73.933476	0.204580676377	5	0.235913507303	3	1.36608611102	0	3	2	1464	440000	60	2000	1920	147	12	71	57	65	40	28	4	28	29	9	149
30770772_zpid	30770772_zpid	11236	25 Paerdegat 8th St, Brooklyn, NY 11236	40.630062	-73.907134	0.764135060375	0	0.779484990152	0	1.90018180795	0	10	6	3080	685000	86	1258884.0	1965	34	5	11	15	8	49	20	5	23	5	5	42
30781674_zpid	30781674_zpid	11234	5916 Avenue T, Brooklyn, NY 11234	40.615729	-73.917281	0.10392629026	6	0.685906477976	1	3.19482852901	0	4	2.5	1665	460000	25	1800	1955	12	8	11	7	13	28	20	12	21	5	5	91
30640287_zpid	30640287_zpid	11208	296 Atkins Ave, Brooklyn, NY 11208	40.671522	-73.878516	0.154380734406	8	0.354557596975	3	0.346211301574	3	8	3	3200	530000	22	2700	1901	172	30	98	106	74	56	40	10	36	57	25	195
30604543_zpid	30604543_zpid	11221	706 Jefferson Ave, Brooklyn, NY 11221	40.685434	-73.929062	0.0967519916366	9	0.152140679098	3	0.690207411677	2	3	2	1896	850000	17	1500	1899	127	35	63	105	78	32	17	4	20	45	19	160
112080020_zpid	112080020_zpid	11249	162 N 12th St APT 3B, Brooklyn, NY 11249	40.7208641	-73.9555615	0.0890540249152	12	0.21295604998	3	0.379124914178	2	1	1	637	484439	52	5000	2011	232	220	24	48	8	104	60	48	36	152	4	292
112080020_zpid	112080020_zpid	11249	162 N 12th St APT 3B, Brooklyn, NY 11249	40.7208641	-73.9555615	0.0890540249152	11	0.21295604998	3	0.379124914178	2	1	1	637	484439	52	5000	2011	232	220	24	48	8	104	60	48	36	152	4	292
29793604_zpid	29793604_zpid	10473	2017 Turnbull Ave, Bronx, NY 10473	40.823502	-73.854505	0.432313336737	4	0.371170599144	3	1.20595636372	0	5	2.5	2009	284000	50	2060	1940	80	22	24	24	17	16	18	5	13	8	5	73
30666276_zpid	30666276_zpid	11218	92 Argyle Rd, Brooklyn, NY 11218	40.6471	-73.967726	0.0679347697621	10	0.735758789831	1	0.420087751141	3	7	4	4400	2820000	5	5500	1905	69	18	34	36	35	20	9	10	16	18	2	90
29782906_zpid	29782906_zpid	10456	666 Jefferson Pl, Bronx, NY 10456	40.832825	-73.899027	0.263210730471	4	0.251456764743	6	0.675312704229	1	5	3	3216	380000	36	5009	1901	216	13	82	114	61	26	10	5	13	29	16	155
29827387_zpid	29827387_zpid	10467	816 E 222nd St, Bronx, NY 10467	40.884341	-73.85823	0.28329480177	4	0.338641463668	1	0.381485294671	2	5	3	2695	450000	14	2240	1960	93	5	48	64	46	52	9	3	20	32	4	95
30602172_zpid	30602172_zpid	11221	1038 Dekalb Ave, Brooklyn, NY 11221	40.6931889	-73.933342	0.257670128373	11	0.456116015858	3	0.382559594034	3	5	3.5	2700	583300	38	2000	1920	552	320	308	420	360	176	124	72	112	204	156	904
30642071_zpid	30642071_zpid	11208	121 Richmond St, Brooklyn, NY 11208	40.684569	-73.876853	0.0535135123771	8	0.35696883067	3	0.300836986231	3	7	5	2096	600000	23	2500	1920	89	36	57	69	47	54	37	14	52	33	10	176
30637981_zpid	30637981_zpid	11207	2783 Atlantic Ave, Brooklyn, NY 11207	40.676662	-73.891625	0.32692523237	6	0.327422492218	4	0.124446127763	5	3	2.5	3440	637500	10	2087	1920	119	41	82	102	65	94	45	34	46	52	15	225
30613344_zpid	30613344_zpid	11238	53 Cambridge Pl, Brooklyn, NY 11238	40.685545	-73.962909	0.302318089801	10	0.296352889541	6	0.393913911008	3	8	7.5	3600	255000	2	2200	1899	154	130	102	139	100	41	54	17	51	33	32	201
94718446_zpid	94718446_zpid	11207	181 Schaefer St, Brooklyn, NY 11207	40.689525	-73.908337	0.146666174268	9	0.668343186877	1	0.371973441475	1	3	2	4160	231000	11	2178	2008	119	34	86	111	82	22	26	17	43	50	23	193
30769739_zpid	30769739_zpid	11236	59 Paerdegat 4th St, Brooklyn, NY 11236	40.632259	-73.909958	0.422527783737	5	0.438205688313	2	1.74267358735	0	3	2	2090	445200	145	2558	1960	156	20	44	64	24	224	88	16	108	24	8	256
2107180640_zpid	2107180640_zpid	10469	919 E 215th St, Bronx, NY 10469	40.8789568	-73.8579113	0.509727039378	3	0.641424169495	1	0.677377459568	2	3	2	1534	389000	0	1751	1945	61	5	37	40	31	53	4	5	23	17	13	78
30786983_zpid	30786983_zpid	11234	2041 E 54th St, Brooklyn, NY 11234	40.612175	-73.921149	0.420566706423	2	1.14087170082	0	3.12300938122	0	3	2	1	225000	252	2500	1925	13	5	8	9	7	30	20	14	15	4	6	91
30730442_zpid	30730442_zpid	11214	8707 25th Ave, Brooklyn, NY 11214	40.595562	-73.989234	0.320403771098	6	0.280846636639	5	0.313339142603	1	4	1.75	1856	780000	17	1740	1950	27	11	15	14	9	33	33	20	18	8	3	76
30788781_zpid	30788781_zpid	11234	2603 E 63rd St, Brooklyn, NY 11234	40.60899	-73.910563	0.777944758935	0	0.923427790822	0	3.98302007217	0	5	3.5	2484	635000	24	2700	1965	2	5	2	5	2	18	8	27	22	2	1	31
62635935_zpid	62635935_zpid	10464	649 Minnieford Ave, Bronx, NY 10464	40.8561849	-73.7907645	0.0884343757747	1	3.21603101842	0	3.07988659218	0	3	2.5	2040	335000	165	3219	1999	0	7	0	2	0	2	6	19	4	1	2	9
30666458_zpid	30666458_zpid	11226	2415 Snyder Ave, Brooklyn, NY 11226	40.6488096	-73.9542258	0.430600151402	10	0.280383923809	6	0.453353761329	2	3	1	1216	360400	118	804	1910	347	47	187	170	164	85	42	16	52	61	26	290
30671389_zpid	30671389_zpid	11218	92 E 2nd St, Brooklyn, NY 11218	40.649566	-73.97979	0.142354254967	9	0.179914934261	2	0.340063011942	2	3	1	1140	1105000	16	1431	1925	160	92	72	88	96	92	92	96	60	20	20	304
30671389_zpid	30671389_zpid	11218	92 E 2nd St, Brooklyn, NY 11218	40.649566	-73.97979	0.142354254967	9	0.548095756383	1	0.340063011942	2	3	1	1140	1105000	16	1431	1925	160	92	72	88	96	92	92	96	60	20	20	304
30620278_zpid	30620278_zpid	11222	127 Oak St, Brooklyn, NY 11222	40.7280706	-73.9557399	0.0805767405251	15	0.226225390844	4	0.271760086128	2	7	3	2880	2000000	20	2500	1899	71	85	25	48	30	40	31	26	25	14	11	188
30664486_zpid	30664486_zpid	11225	220 Lincoln Rd, Brooklyn, NY 11225	40.661043	-73.955287	0.400927644124	10	0.446978348888	6	0.419705182556	3	3	1	2919	400000	154	2100	1910	548	118	212	179	179	33	44	20	51	69	24	304
30780062_zpid	30780062_zpid	11234	1138 Bergen Ave, Brooklyn, NY 11234	40.627906	-73.9148	0.693999527364	2	0.414291654318	2	2.3563445535	0	7	5	4576	620000	17	2200	1970	23	3	15	8	7	47	5	19	11	8	5	64
83047551_zpid	83047551_zpid	11233	524 Ralph Ave, Brooklyn, NY 11233	40.6714709	-73.922627	0.314285536272	6	0.207252290518	2	0.74705860298	1	9	4.5	3360	735000	110	1900	2003	206	24	104	94	88	15	16	7	25	34	10	136
30776515_zpid	30776515_zpid	11236	1148 E 101st St, Brooklyn, NY 11236	40.64131	-73.893187	0.415213667435	5	0.497939560731	3	0.943039638256	0	3	2	1760	435000	8	2000	1955	54	9	25	23	21	32	17	10	16	16	7	79
30785410_zpid	30785410_zpid	11234	1960 Hendrickson St, Brooklyn, NY 11234	40.612915	-73.927823	0.310194053777	3	0.857149059439	0	2.5781616039	0	3	1.5	936	510000	32	3492	1925	32	140	16	20	8	84	92	88	60	8	20	264
30628156_zpid	30628156_zpid	11221	1181 Putnam Ave, Brooklyn, NY 11221	40.690464	-73.916747	0.20411213621	8	0.441748475408	5	0.462678548579	2	4	1	4000	300000	33	2000	1901	196	55	122	151	114	50	42	8	72	53	50	220
30669481_zpid	30669481_zpid	11210	2333 Foster Ave, Brooklyn, NY 11210	40.638295	-73.954835	0.169242833979	5	0.179603995387	4	0.573682260578	1	7	3	2436	625000	17	2116	1910	111	16	68	60	43	24	12	9	11	31	6	123
30747745_zpid	30747745_zpid	11235	2432 E 14th St, Brooklyn, NY 11235	40.591242	-73.956199	0.179909368241	12	0.391381386368	4	0.454277375579	2	3	1.5	1156	450000	24	2500	1930	41	14	7	24	13	31	28	22	16	6	2	67
30792612_zpid	30792612_zpid	11235	1116 Banner Ave, Brooklyn, NY 11235	40.5834347	-73.9584429	0.216516363993	12	0.227645011138	7	0.529028244428	2	3	2	1881	450000	74	1400	1920	217	37	59	74	43	61	51	31	42	32	23	188
30790321_zpid	30790321_zpid	11235	123 Corbin Pl, Brooklyn, NY 11235	40.578841	-73.953995	0.0913114459781	8	0.389622013538	4	0.629447369126	1	4	5	2646	1399000	0	1530	2010	159	40	40	51	35	47	51	26	35	20	9	128
30601033_zpid	30601033_zpid	11233	105 Somers St, Brooklyn, NY 11233	40.679235	-73.908663	0.301488317384	5	0.285712138903	4	0.196308787934	8	5	3.5	2192	890000	6	1298	1910	205	22	139	167	117	39	37	17	50	76	26	186
30789485_zpid	30789485_zpid	11235	248 Ocean View Ave, Brooklyn, NY 11235	40.578693	-73.965171	0.183221578289	8	0.227962427849	7	0.348571336937	2	4	3	2000	350000	4	2003	1925	496	200	304	404	252	220	168	80	188	96	96	1016
30789485_zpid	30789485_zpid	11235	248 Ocean View Ave, Brooklyn, NY 11235	40.578693	-73.965171	0.183221578289	7	0.227962427849	7	0.348571336937	2	4	3	2000	350000	4	2003	1925	496	200	304	404	252	220	168	80	188	96	96	1016
30601751_zpid	30601751_zpid	11233	93 Sackman St, Brooklyn, NY 11233	40.676452	-73.905782	0.422090552276	5	0.409873993487	3	0.257398908618	8	5	2	1848	315000	56	1488	1920	129	15	76	115	72	28	23	16	37	50	18	120
60023198_zpid	60023198_zpid	10475	3400 Wright Ave, Bronx, NY 10475	40.880735	-73.832977	0.672340654928	1	0.333348177021	4	0.439627150066	1	8	6	3300	350000	0	2979	2000	2	3	8	16	7	13	14	8	8	4	2	55
30675234_zpid	30675234_zpid	11218	448 E 9th St, Brooklyn, NY 11218	40.637645	-73.96987	0.41682294133	10	0.20805894569	9	0.623349602806	3	4	2.5	1540	300000	106	2000	1920	844	188	360	356	208	300	164	168	100	88	40	792
30675234_zpid	30675234_zpid	11218	448 E 9th St, Brooklyn, NY 11218	40.637645	-73.96987	0.41682294133	10	0.20805894569	10	0.623349602806	3	4	2.5	1540	300000	106	2000	1920	844	188	360	356	208	300	164	168	100	88	40	792
30752942_zpid	30752942_zpid	11230	1665 Ocean Ave, Brooklyn, NY 11230	40.6215119	-73.9552426	0.325968254702	4	0.495904240516	5	0.557886414455	2	7	4.5	9804	2200000	0	4181	1930	142	18	53	74	54	18	28	11	13	32	5	135
30771054_zpid	30771054_zpid	11236	1211 E 82nd St, Brooklyn, NY 11236	40.631396	-73.9058079	0.747988033242	1	0.766996736138	0	1.73110493152	0	3	3	2850	620000	7	2183	1955	164	32	64	96	40	248	100	24	108	28	32	240
30567351_zpid	30567351_zpid	11201	72 Hicks St, Brooklyn, NY 11201	40.699705	-73.994013	0.127252883571	13	0.260075944027	2	0.221859417339	4	6	3	3400	2900000	84	2550	1826	112	292	48	104	64	32	124	92	72	28	28	372
30705272_zpid	30705272_zpid	11204	2152 73rd St, Brooklyn, NY 11204	40.609665	-73.987171	0.325294215551	12	0.368366485784	6	0.511271417292	1	5	3	2480	1075000	14	2800	1930	62	18	26	39	41	40	20	22	22	10	2	92
30775780_zpid	30775780_zpid	11236	1065 E 105th St, Brooklyn, NY 11236	40.644781	-73.8912129	0.381551285621	3	0.345611380184	3	0.92232654562	0	3	2.5	1572	440000	0	1792	1960	168	20	76	76	52	92	52	12	52	36	28	284
30775780_zpid	30775780_zpid	11236	1065 E 105th St, Brooklyn, NY 11236	40.644781	-73.8912129	0.381551285621	4	0.345611380184	3	0.92232654562	0	3	2.5	1572	440000	0	1792	1960	168	20	76	76	52	92	52	12	52	36	28	284
29784691_zpid	29784691_zpid	10457	637 E 182nd St, Bronx, NY 10457	40.8516606	-73.8888469	0.326315141134	6	0.36770049543	2	1.04380102956	0	7	3	2520	382000	10	2870	1997	176	33	93	119	87	23	13	6	37	42	21	162
30770232_zpid	30770232_zpid	11236	1173 E 81st St, Brooklyn, NY 11236	40.631533	-73.907123	0.655919481757	5	0.668156194339	2	1.74119841541	0	3	1	1650	415000	10	1742	1955	156	24	56	72	40	256	104	20	104	24	28	240
30650411_zpid	30650411_zpid	11212	20 E 92nd St, Brooklyn, NY 11212	40.663434	-73.929678	0.262977730346	10	0.134138040958	6	0.605111063729	2	2	3	1680	345700	112	1600	1940	444	20	204	212	160	104	32	16	60	76	32	452
30596432_zpid	30596432_zpid	11213	1332 Park Pl, Brooklyn, NY 11213	40.672303	-73.933205	0.139804284914	10	0.227912592433	4	0.37980388379	1	4	3.5	1614	930000	12	1275	1901	394	35	189	194	192	38	33	14	43	65	22	283
30749796_zpid	30749796_zpid	11235	2121 Voorhies Ave, Brooklyn, NY 11235	40.586665	-73.947176	0.0755853519132	8	0.52719362787	3	0.590553668835	1	7	3	3072	1300000	0	4000	1910	53	14	11	32	5	46	31	23	35	7	5	117
30571320_zpid	30571320_zpid	11201	118 Wyckoff St, Brooklyn, NY 11201	40.685231	-73.989468	0.0487729167313	15	0.376728347671	3	0.155560182514	4	2	2	3300	3200000	36	2000	1899	26	50	8	24	7	15	24	18	12	6	6	123
30791758_zpid	30791758_zpid	11235	2729 E 23rd St, Brooklyn, NY 11235	40.5859582	-73.945254	0.119707060201	7	0.705459271113	2	0.759687480492	0	5	3	2020	540000	142	3192	1901	44	12	11	32	5	43	22	27	26	5	5	99
30793803_zpid	30793803_zpid	11229	9 Joval Ct, Brooklyn, NY 11229	40.590052	-73.928755	0.429040116469	3	0.931181396984	0	2.17577285764	0	4	2	1052	415000	36	3570	1925	1	3	1	7	1	1	18	6	14	2	3	26
30661411_zpid	30661411_zpid	11203	506 E 35th St, Brooklyn, NY 11203	40.642665	-73.944158	0.152498902888	4	0.358816624887	4	0.468255906658	2	3	1	2000	164000	241	2000	1920	564	32	408	340	360	176	76	28	84	108	48	464
30736970_zpid	30736970_zpid	11223	26 Village Rd E, Brooklyn, NY 11223	40.595725	-73.972052	0.425385345401	4	0.395388914633	5	0.116548182016	4	2	1.5	1536	555000	5	2796	1930	46	8	14	29	8	50	22	58	28	5	5	104
30602555_zpid	30602555_zpid	11221	299 Van Buren St, Brooklyn, NY 11221	40.691223	-73.935086	0.39971305483	11	0.552264867852	6	0.579563111193	2	2	1.5	2280	350000	12	1900	1899	175	41	95	126	99	41	27	15	35	50	45	229
30670803_zpid	30670803_zpid	11218	644 20th St, Brooklyn, NY 11218	40.6527632	-73.9793736	0.253464092572	7	0.471241809565	1	0.449258433321	1	5	3	2024	1950000	0	1667	1899	5	17	10	14	5	21	20	25	14	1	3	45
30720430_zpid	30720430_zpid	11223	1637 W 9th St, Brooklyn, NY 11223	40.6068179	-73.982076	0.200986450994	10	0.358955018541	6	0.353632119594	2	3	1.5	1372	700000	14	2000	1930	284	68	140	76	116	236	68	84	48	32	12	296
30720430_zpid	30720430_zpid	11223	1637 W 9th St, Brooklyn, NY 11223	40.6068179	-73.982076	0.200986450994	11	0.358955018541	6	0.353632119594	2	3	1.5	1372	700000	14	2000	1930	284	68	140	76	116	236	68	84	48	32	12	296
30695221_zpid	30695221_zpid	11209	7602 Narrows Ave, Brooklyn, NY 11209	40.6325969	-74.036444	0.443755962203	2	0.846730848267	0	0.976870635795	0	4	4	3000	1110000	56	2700	1930	17	5	4	8	3	22	31	66	11	2	1	35
29845698_zpid	29845698_zpid	10465	1029 Vincent Ave, Bronx, NY 10465	40.83421	-73.820632	0.0696731925148	4	0.108153372929	1	1.70316489637	0	3	2.5	1836	382000	24	1742	1955	20	24	28	48	28	56	116	104	56	20	16	176
30666386_zpid	30666386_zpid	11226	2111 Albemarle Ter, Brooklyn, NY 11226	40.648789	-73.959241	0.175376735257	9	0.271101234158	4	0.370490277297	3	5	2.75	2132	1245000	12	1575	1917	540	77	379	307	355	40	44	18	71	105	18	496
30623395_zpid	30623395_zpid	11211	185 Powers St # A, Brooklyn, NY 11211	40.7126639	-73.94311	0.0935626044089	11	0.132226404912	4	0.226093252623	5	6	3	2112	1200000	23	1667	1910	34	78	18	50	28	32	42	6	22	11	12	175
30613619_zpid	30613619_zpid	11216	133A Quincy St, Brooklyn, NY 11216	40.686587	-73.95576	0.107300523332	12	0.180929222475	5	0.443977396612	4	5	1	1200	1200000	31	2500	1930	79	98	52	60	33	25	23	12	14	22	30	152
30664389_zpid	30664389_zpid	11225	18 Chester Ct, Brooklyn, NY 11225	40.6585214	-73.9610492	0.0717660349014	12	0.122932990392	5	0.359401133117	2	4	2	2818	1005000	28	1659	1910	1184	368	600	476	548	48	132	64	192	156	48	780
30772513_zpid	30772513_zpid	11236	29 Paerdegat 15th St, Brooklyn, NY 11236	40.627538	-73.901314	1.01704830117	0	0.731374157165	1	2.12846504122	0	7	6	2133	605000	19	2100	1960	132	16	48	48	20	132	60	24	76	16	28	144
