2099157918_zpid	2099157918_zpid	11210	1305 E 35th St, Brooklyn, NY 11210	40.622161	-73.940823	0.269504599243	2	0.486587576483	2	1.32062537665	0	6	2	2400	775000	0	3150	1965	244	24	112	124	88	212	152	40	76	36	16	264
30606683_zpid	30606683_zpid	11233	27 Kane Pl, Brooklyn, NY 11233	40.677377	-73.92346	0.397854229036	4	0.155763997685	1	0.223527356398	2	3	3	1716	567000	17	1535	1901	112	27	70	77	54	16	26	6	33	37	20	153
30623509_zpid	30623509_zpid	11211	152 Powers St, Brooklyn, NY 11211	40.7122111	-73.9449331	0.0641577222891	14	0.151650515397	4	0.27235462873	5	4	1.5	1080	750000	46	750	1910	24	89	21	52	29	28	44	6	20	13	14	173
30644455_zpid	30644455_zpid	11208	431 Grant Ave, Brooklyn, NY 11208	40.680127	-73.866299	0.309994245363	9	0.169503983968	9	0.35903087598	4	5	5	2168	610000	111	2002	1910	105	22	47	67	42	51	31	11	75	23	5	181
30785472_zpid	30785472_zpid	11234	1905 E 51st St, Brooklyn, NY 11234	40.613676	-73.925	0.529122962376	6	1.09185356338	0	2.82846710991	0	4	3	1638	365000	152	2900	1960	14	7	11	10	9	34	30	20	19	6	8	104
30613921_zpid	30613921_zpid	11238	80 Downing St, Brooklyn, NY 11238	40.683407	-73.961078	0.130803402825	12	0.096013537719	5	0.483510461812	5	2	1	850	900000	30	1903	1930	128	169	77	118	72	44	57	24	46	17	44	213
30642881_zpid	30642881_zpid	11208	219 Hemlock St, Brooklyn, NY 11208	40.684578	-73.8710739	0.15922700381	5	0.139476098386	5	0.275885511649	2	6	4	3120	519500	60	2000	1910	468	168	268	396	216	288	156	44	260	184	28	820
30666765_zpid	30666765_zpid	11226	203 Marlborough Rd, Brooklyn, NY 11226	40.645138	-73.964836	0.391182404307	10	0.431951030437	3	0.105128986622	3	6	4	3650	2030000	13	8814	1901	332	57	217	198	243	25	17	18	49	56	8	272
30731987_zpid	30731987_zpid	11214	236 Bay 48th St, Brooklyn, NY 11214	40.58631	-73.989627	0.470877635806	4	0.556454261984	1	0.57005336411	1	2	1.5	928	410000	77	1536	1945	12	7	9	19	5	14	22	12	18	6	2	33
29824310_zpid	29824310_zpid	10469	2930 Tenbroeck Ave, Bronx, NY 10469	40.868577	-73.852472	0.434636963763	6	0.623738098781	2	0.523266357583	1	5	2	1900	419000	0	2482	1935	26	12	22	17	9	51	25	15	27	12	3	83
29789733_zpid	29789733_zpid	10470	335 E 239th St, Bronx, NY 10470	40.900683	-73.866164	0.284714142792	3	0.384228235839	1	0.652441709427	1	4	2	1932	449000	0	2500	1901	72	19	12	24	12	37	12	18	17	6	5	78
30667921_zpid	30667921_zpid	11226	250 E 25th St, Brooklyn, NY 11226	40.643563	-73.953929	0.298501972134	8	0.354234300655	4	0.453238919492	2	5	2.5	3210	530000	20	2000	1901	461	119	218	247	217	78	48	18	65	100	28	415
30639459_zpid	30639459_zpid	11208	207 Atkins Ave, Brooklyn, NY 11208	40.673937	-73.878558	0.17518057996	7	0.152591392074	3	0.186309137738	2	6	2.5	2200	302501	146	2000	1899	728	116	412	468	368	208	164	56	160	248	104	860
29851409_zpid	29851409_zpid	10475	3432 Mc Owen Ave, Bronx, NY 10475	40.887195	-73.817683	0.939932554142	0	0.603162694399	1	1.11356098912	0	4	3	2258	490000	2	5000	1925	0	0	0	1	0	2	2	4	0	0	1	4
30791200_zpid	30791200_zpid	11235	142 Langham St, Brooklyn, NY 11235	40.579701	-73.941315	0.884825618955	0	1.30401187214	0	1.34903132498	0	2	1.5	1290	640000	26	3005	1935	68	24	4	56	12	52	60	20	48	4	4	108
30791200_zpid	30791200_zpid	11235	142 Langham St, Brooklyn, NY 11235	40.579701	-73.941315	0.536006815929	1	1.30401187214	0	1.34903132498	0	2	1.5	1290	640000	26	3005	1935	68	24	4	56	12	52	60	20	48	4	4	108
29843735_zpid	29843735_zpid	10465	3175 Spencer Dr, Bronx, NY 10465	40.843198	-73.821672	0.682681597331	1	0.390861663137	1	1.00187451552	0	4	2	2132	10	66	13068.0	1954	2	11	4	3	0	12	30	15	6	0	1	31
29822756_zpid	29822756_zpid	10467	2748 Cruger Ave, Bronx, NY 10467	40.867235	-73.866007	0.240839594564	11	0.190883512155	7	0.229819939053	2	6	3	1710	639000	0	2500	1910	377	47	165	171	170	36	31	14	47	58	33	237
30725385_zpid	30725385_zpid	11230	1382 E 13th St, Brooklyn, NY 11230	40.615767	-73.961799	0.156851333613	6	0.251705599889	6	0.289112422207	1	6	2.5	3080	860000	29	3001	1910	102	22	32	51	33	82	39	25	32	8	1	155
30727317_zpid	30727317_zpid	11229	1727 E 14th St, Brooklyn, NY 11229	40.607442	-73.958691	0.106792962077	7	0.422528237075	6	0.155911979287	1	12	8	5250	1888000	0	2500	1985	129	36	48	50	40	61	38	27	19	15	8	175
30720369_zpid	30720369_zpid	11223	1628 W 9th St, Brooklyn, NY 11223	40.60695	-73.982687	0.232064942047	9	0.411183295176	6	0.390455325892	2	2	2	2304	690000	79	2700	1930	67	16	35	17	29	51	15	19	12	7	3	67
30794028_zpid	30794028_zpid	11229	61 Seba Ave, Brooklyn, NY 11229	40.588888	-73.921603	0.135030577292	2	1.54892791182	0	2.76076845935	0	3	1	2192	400000	10	3825	1920	2	3	1	14	0	1	32	10	24	2	5	39
30794760_zpid	30794760_zpid	11229	119 Celeste Ct, Brooklyn, NY 11229	40.595985	-73.930909	0.451842891114	6	0.641101858501	1	2.05160458145	0	4	3	1887	500000	23	3570	1925	20	72	0	24	8	28	72	24	72	12	8	128
30715602_zpid	30715602_zpid	11230	783 E 10th St, Brooklyn, NY 11230	40.630011	-73.96689	0.407994514191	8	0.395530071021	8	0.451230276274	3	8	6	3120	999999	9	2542	1931	77	38	50	47	46	62	52	55	29	16	12	152
30601689_zpid	30601689_zpid	11233	9 Monaco Pl, Brooklyn, NY 11233	40.676998	-73.908748	0.166888669201	5	0.153390715287	3	0.238427126499	8	5	2	1782	210000	145	1690	1910	203	24	137	169	114	41	34	21	54	72	28	196
30694146_zpid	30694146_zpid	11209	429 73rd St, Brooklyn, NY 11209	40.631966	-74.023565	0.182588741185	17	0.254859843796	4	0.297142766149	2	2	1	2970	1550000	8	2000	1905	268	160	168	188	112	152	192	204	96	68	28	656
29845896_zpid	29845896_zpid	10465	3267B Barkley Ave, Bronx, NY 10465	40.8341678	-73.8178505	0.224225960962	3	0.249204195502	1	1.87537555107	0	1	1	570	175750	0	570	1940	4	3	5	8	6	12	21	23	12	4	3	36
29834129_zpid	29834129_zpid	10466	3515 Grace Ave, Bronx, NY 10466	40.881117	-73.841059	0.506324340828	5	0.0503994486985	3	0.309238221624	1	10	6	4864	375000	0	4750	1925	14	11	6	3	2	15	5	3	6	2	1	22
30701353_zpid	30701353_zpid	11209	142 93rd St, Brooklyn, NY 11209	40.619167	-74.036316	0.289007125544	11	0.347212920535	3	0.543137717109	1	8	3.5	3438	1400000	2	4000	1925	178	35	23	38	31	50	33	30	12	7	6	135
30608809_zpid	30608809_zpid	11221	258 Marcus Garvey Blvd, Brooklyn, NY 11221	40.688746	-73.939493	0.253417053364	9	0.206431601198	3	0.989128959311	0	3	1	4056	492358	48	1950	1931	996	256	476	700	460	148	156	72	208	256	128	1096
29853486_zpid	29853486_zpid	10471	446 W 258th St, Bronx, NY 10471	40.905599	-73.903594	0.117961562871	4	0.140062113143	2	0.904231399006	0	3	1.5	1380	550000	8	3770	1920	13	10	2	12	6	15	30	8	13	3	6	46
30625937_zpid	30625937_zpid	11237	351 Stockholm St, Brooklyn, NY 11237	40.7042829	-73.9183819	0.132886817413	12	0.0801349098878	5	0.0526574344386	3	2	1	1000	140000	243	2000	1931	193	113	129	171	135	50	34	19	68	72	28	284
30669625_zpid	30669625_zpid	11210	1295 Rogers Ave, Brooklyn, NY 11210	40.638187	-73.950804	0.202681192308	5	0.26170110464	5	0.283062445052	2	6	4	1523	675000	17	4429	1899	280	26	139	119	104	37	23	13	26	52	8	253
30761595_zpid	30761595_zpid	11210	1223 E 40th St, Brooklyn, NY 11210	40.625312	-73.936745	0.235133870998	1	0.841078661934	0	1.24462185804	0	3	1.5	1800	599000	0	3367	1935	244	28	112	132	80	140	136	36	76	44	36	284
30761595_zpid	30761595_zpid	11210	1223 E 40th St, Brooklyn, NY 11210	40.625312	-73.936745	0.235133870998	2	0.841078661934	0	1.24462185804	0	3	1.5	1800	599000	0	3367	1935	244	28	112	132	80	140	136	36	76	44	36	284
30586552_zpid	30586552_zpid	11215	3 Jackson Pl, Brooklyn, NY 11215	40.662706	-73.9859759	0.120398147879	19	0.162505898012	7	0.566121765461	3	3	4	2400	1790000	27	1056	1901	69	69	26	66	28	43	65	22	27	11	15	160
30640685_zpid	30640685_zpid	11208	634 Cleveland St, Brooklyn, NY 11208	40.6688959	-73.883244	0.245160965091	8	0.247785359736	3	0.291541822369	3	3	1.5	1106	365000	103	1530	1988	74	14	41	49	35	26	17	5	23	28	20	99
30604785_zpid	30604785_zpid	11233	439 Halsey St, Brooklyn, NY 11233	40.6837347	-73.9349584	0.161549247344	10	0.328384519136	5	0.603491871022	2	7	4	2920	1085000	18	1659	1899	65	20	46	64	29	5	21	3	15	16	12	93
30778133_zpid	30778133_zpid	11236	1532 Canarsie Rd, Brooklyn, NY 11236	40.634234	-73.896709	0.290859375192	6	0.169825028896	4	1.44918396578	0	5	3	2340	570000	40	4704	1960	38	23	22	24	6	56	21	16	15	11	3	89
29778270_zpid	29778270_zpid	10452	1075 Grand Concourse, Bronx, NY 10452	40.83195	-73.920667	0.0782508770709	9	0.318292650822	6	0.276181006582	3	1	1	118218	78000	18	27442.8	1928	332	40	163	161	195	7	14	8	37	47	18	230
30598317_zpid	30598317_zpid	11233	2196 Dean St, Brooklyn, NY 11233	40.6747322	-73.9149655	0.382430825349	3	0.258375129098	2	0.548195652529	2	5	4	3000	875000	2	2045	1910	229	22	129	135	81	42	33	25	53	52	38	175
29789785_zpid	29789785_zpid	10470	320 E 242nd St, Bronx, NY 10470	40.902258	-73.866961	0.383616176196	1	0.546409805121	1	0.839830176432	0	3	2	2000	448000	17	3001	1920	38	10	5	9	8	21	10	14	9	5	3	47
30793706_zpid	30793706_zpid	11229	4 Florence Ave, Brooklyn, NY 11229	40.589276	-73.928579	0.496954676952	2	0.962833376073	0	2.17828421763	0	4	2.5	2145	610000	116	1785	1935	4	12	4	52	4	4	84	32	68	4	12	116
30793706_zpid	30793706_zpid	11229	4 Florence Ave, Brooklyn, NY 11229	40.589276	-73.928579	0.496954676952	2	0.962833376073	0	2.17828421763	0	6	3	2313	1600000	0	1785	1935	4	12	4	52	4	4	84	32	68	4	12	116
30628948_zpid	30628948_zpid	11237	854 Wyckoff Ave, Brooklyn, NY 11237	40.6975913	-73.9079907	0.0446001615662	15	0.417843892746	3	0.389642063738	4	7	3	2324	417000	28	1235	1901	77	41	51	67	31	25	14	17	31	27	10	104
30732201_zpid	30732201_zpid	11224	3809 Poplar Ave, Brooklyn, NY 11224	40.580202	-74.006549	0.370176448297	1	0.501368573793	1	2.15291583209	0	3	1.5	2808	550000	7	3600	1960	52	36	20	48	20	4	48	8	32	4	8	104
68312415_zpid	68312415_zpid	11234	1336 E 66th St, Brooklyn, NY 11234	40.621521	-73.915654	0.205329546263	7	0.710943836052	1	2.98169126402	0	3	4	1600	570000	10	2879	2004	12	6	5	10	3	31	26	21	20	6	7	95
30606613_zpid	30606613_zpid	11233	804 Herkimer St, Brooklyn, NY 11233	40.67819	-73.926758	0.270480532921	5	0.256974911324	3	0.359812956571	2	2	1.5	1960	490000	36	2395	1899	100	52	69	86	66	17	16	5	28	38	16	149
30748543_zpid	30748543_zpid	11235	2419 Bragg St, Brooklyn, NY 11235	40.593896	-73.93459	0.0967987077811	9	0.512524909927	2	1.7453190384	0	5	3	2265	502000	19	2000	1955	6	12	9	2	5	2	6	5	4	2	1	42
30709541_zpid	30709541_zpid	11214	1625 82nd St, Brooklyn, NY 11214	40.612102	-74.004053	0.189722413726	10	0.358274241161	6	0.330010645726	2	4	2	1800	768000	17	2003	1945	40	5	11	22	9	15	29	27	13	7	5	100
30572993_zpid	30572993_zpid	11231	128 2nd St, Brooklyn, NY 11231	40.6773517	-73.9912416	0.250448296412	9	0.341149037497	2	0.458426233185	3	3	3.5	2280	1300000	60	2000	1899	12	18	1	16	9	10	27	28	13	1	1	67
30700536_zpid	30700536_zpid	11228	67 Dahlgren Pl, Brooklyn, NY 11228	40.617796	-74.0238339	0.216213647269	9	0.348132797751	4	0.651129141395	2	5	3	1464	525000	142	1340	1899	8	0	3	7	1	9	21	8	6	0	1	22
30744073_zpid	30744073_zpid	11229	2039 Batchelder St, Brooklyn, NY 11229	40.60202	-73.938992	0.403226254711	4	0.411553119579	3	1.46320155964	0	3	2	1440	660000	4	2000	1930	29	10	10	15	7	16	38	21	20	2	3	71
30604272_zpid	30604272_zpid	11221	838 Putnam Ave, Brooklyn, NY 11221	40.686287	-73.928223	0.114202934365	10	0.158822354658	3	0.625292090393	1	4	3	2499	1175000	17	1933	1899	144	38	79	115	85	36	20	9	28	49	22	186
29848337_zpid	29848337_zpid	10465	2825 Cross Bronx Expy, Bronx, NY 10465	40.825639	-73.82611	0.622198253866	1	0.299989321914	1	2.13258524917	0	4	3	1760	549000	0	11325.6	1988	36	60	16	32	8	36	72	44	32	8	20	212
30749632_zpid	30749632_zpid	11235	2672 E 12th St, Brooklyn, NY 11235	40.585686	-73.958084	0.189888497014	9	0.323031721894	5	0.358426197978	1	2	2	1036	425000	8	1645	1920	448	124	96	204	132	208	188	148	124	64	60	624
30780134_zpid	30780134_zpid	11234	1120 E 72nd St, Brooklyn, NY 11234	40.626824	-73.916156	0.535941662296	2	0.413836826577	2	2.51662122276	0	4	3.5	2000	575000	6	2880	1970	25	4	14	9	10	51	9	33	13	10	5	85
30792948_zpid	30792948_zpid	11229	3153 Avenue W, Brooklyn, NY 11229	40.597113	-73.9319529	0.455631155275	6	0.491166720063	1	1.97267885509	0	3	1	980	261000	62	1440	1935	17	18	1	7	2	8	21	8	17	3	2	44
30618554_zpid	30618554_zpid	11211	92 Roebling St, Brooklyn, NY 11211	40.716185	-73.955549	0.158569084848	13	0.34953907087	4	0.244556107808	3	2	1.5	1400	398000	55	1200	1901	66	180	20	75	22	41	47	21	16	11	16	210
29825898_zpid	29825898_zpid	10467	3424 Olinville Ave, Bronx, NY 10467	40.876083	-73.867806	0.121992006048	6	0.277291041322	4	0.201171766179	3	5	2.5	3053	345000	9	4477	1915	238	8	89	100	87	37	23	8	32	31	17	180
29843137_zpid	29843137_zpid	10465	3120 Connell Pl, Bronx, NY 10465	40.840901	-73.824965	0.540983645809	1	0.434421268608	2	0.918006028723	0	1	1	1318	450000	27	3920	1955	1	4	4	1	0	1	23	5	4	1	1	16
30624775_zpid	30624775_zpid	11206	91 Beaver St, Brooklyn, NY 11206	40.69905	-73.936068	0.150007854832	12	0.272177079159	5	0.208073512985	3	4	1.5	2200	845000	14	2200	1995	70	68	38	48	29	19	32	20	39	16	9	192
30604087_zpid	30604087_zpid	11221	923 Putnam Ave, Brooklyn, NY 11221	40.6871681	-73.9243293	0.304295826042	10	0.41973223506	4	0.324534546021	2	9	3	3400	1255000	22	2700	1899	194	56	90	136	97	36	22	7	35	61	32	226
30709680_zpid	30709680_zpid	11214	2236 81st St, Brooklyn, NY 11214	40.604014	-73.99008	0.339310037504	10	0.351760544726	7	0.392636900176	2	5	3.5	2240	690000	47	3500	1920	436	68	128	208	156	272	180	152	80	44	32	600
30709680_zpid	30709680_zpid	11214	2236 81st St, Brooklyn, NY 11214	40.604014	-73.99008	0.399936009452	9	0.351760544726	7	0.392636900176	2	5	3.5	2240	690000	47	3500	1920	436	68	128	208	156	272	180	152	80	44	32	600
30628191_zpid	30628191_zpid	11221	466 Central Ave, Brooklyn, NY 11221	40.6921482	-73.9150514	0.253861868438	8	0.358935371065	4	0.661972546825	2	7	7	4843	640000	46	2478	1904	184	47	125	166	123	44	43	9	76	64	52	222
30664895_zpid	30664895_zpid	11225	186 Midwood St, Brooklyn, NY 11225	40.659655	-73.9545459	0.355587907388	11	0.457901981677	8	0.46421502617	3	4	3	2700	1600000	0	2000	1901	410	65	204	164	158	35	44	22	57	66	17	267
30733897_zpid	30733897_zpid	11224	4906 Surf Ave, Brooklyn, NY 11224	40.5784264	-74.011114	0.0903159397752	1	0.786069546902	0	2.52889952524	0	4	3	1992	500000	12	4704	1925	7	5	3	15	4	0	7	0	4	1	1	10
30573339_zpid	30573339_zpid	11231	123 Pioneer St, Brooklyn, NY 11231	40.678418	-74.010795	0.165293300737	4	0.0685705120231	4	1.2183733176	0	2	2	1056	882500	31	1667	1901	29	57	16	26	12	10	32	7	10	10	3	67
83049667_zpid	83049667_zpid	11231	117 Sullivan St, Brooklyn, NY 11231	40.678131	-74.013137	0.307839563096	3	0.180887270694	3	1.39598928752	0	6	4	3100	747800	123	2375	2005	21	49	7	17	1	6	28	6	9	5	2	54
30793662_zpid	30793662_zpid	11229	11 Merit Ct, Brooklyn, NY 11229	40.5880657	-73.9265718	0.420628300426	2	1.16333289253	0	2.33544807167	0	3	2	810	430000	70	1680	1925	1	3	1	16	0	1	29	10	19	1	3	35
30671092_zpid	30671092_zpid	11218	28 E 4th St, Brooklyn, NY 11218	40.651936	-73.978354	0.194994798112	7	0.541596203583	1	0.323192026537	1	6	3.75	3000	1900000	8	2500	1899	68	96	48	84	52	92	104	108	72	8	20	224
30671092_zpid	30671092_zpid	11218	28 E 4th St, Brooklyn, NY 11218	40.651936	-73.978354	0.194994798112	7	0.175084914562	2	0.323192026537	1	6	3.75	3000	1900000	8	2500	1899	68	96	48	84	52	92	104	108	72	8	20	224
29845877_zpid	29845877_zpid	10465	3271 Barkley Ave # A, Bronx, NY 10465	40.83411	-73.8177082	0.237672337785	3	0.262803094094	1	1.88813125157	0	1	1	593	55000	245	845	1925	4	3	5	8	6	12	21	23	12	4	3	36
30684700_zpid	30684700_zpid	11219	4618 Fort Hamilton Pkwy, Brooklyn, NY 11219	40.639627	-73.996264	0.222608283136	8	0.321184552856	8	0.219315397145	2	2	1	3270	490000	154	1902	1910	336	68	204	292	248	152	280	272	168	96	28	668
30699335_zpid	30699335_zpid	11228	8412 10th Ave, Brooklyn, NY 11228	40.619095	-74.0197612	0.482229338168	5	0.513644464575	3	0.832135927355	0	4	3.5	2400	1579000	0	2639	1920	17	3	9	8	6	16	37	14	16	3	4	33
30636856_zpid	30636856_zpid	11208	109 Ridgewood Ave, Brooklyn, NY 11208	40.683006	-73.884837	0.365124559235	6	0.349423345047	4	0.340936304109	2	8	3	2500	600000	7	2500	1920	64	20	33	35	39	36	25	17	23	19	10	106
30612101_zpid	30612101_zpid	11205	219 Washington Ave, Brooklyn, NY 11205	40.692252	-73.966351	0.155871800175	11	0.280684262416	5	0.42619570999	2	5	3.5	4500	1655000	77	2100	1890	59	86	34	37	33	45	24	13	30	21	14	159
62648298_zpid	62648298_zpid	11225	325 Winthrop St, Brooklyn, NY 11225	40.657373	-73.9492	0.0844978796882	6	0.120326478488	8	0.0705607531781	3	8	3	3420	374500	161	2118	2001	764	96	296	280	236	136	104	24	84	120	28	464
62648298_zpid	62648298_zpid	11225	325 Winthrop St, Brooklyn, NY 11225	40.657373	-73.9492	0.0844978796882	6	0.120326478488	6	0.0705607531781	3	8	3	3420	374500	161	2118	2001	764	96	296	280	236	136	104	24	84	120	28	464
30732596_zpid	30732596_zpid	11224	4119 Sea Gate Ave, Brooklyn, NY 11224	40.5778617	-74.0056181	0.455203634517	1	0.317259274944	1	2.06234011121	0	4	3	2176	390000	45	3990	1901	48	16	13	42	13	4	18	4	16	13	2	55
30572827_zpid	30572827_zpid	11231	48 1st St, Brooklyn, NY 11231	40.678131	-73.99153	0.240006921298	8	0.425202679162	2	0.374422418725	3	4	3	2400	3456000	5	1720	1910	52	80	4	76	36	48	128	112	80	8	12	316
30793353_zpid	30793353_zpid	11229	7 Canton Ct, Brooklyn, NY 11229	40.5864176	-73.9198763	0.446271626164	1	1.7583400034	0	2.89836135756	0	6	3.5	3160	325000	13	3600	1920	8	12	4	48	0	0	64	32	52	4	8	100
29831791_zpid	29831791_zpid	10466	645 E 227th St, Bronx, NY 10466	40.890072	-73.861644	0.166478353184	4	0.375390560305	2	0.253182816006	4	7	3	2860	460000	14	2854	1950	319	19	129	135	153	72	20	6	41	72	15	219
64640209_zpid	64640209_zpid	11201	85 Water St, Brooklyn, NY 11201	40.7034082	-73.991205	0.183590547501	9	0.661285333519	1	0.437506993295	3	2	1	889	253700	66	1262	1900	3	48	6	17	6	19	22	20	6	2	5	79
30733066_zpid	30733066_zpid	11224	2880 W 31st St, Brooklyn, NY 11224	40.57531	-73.997818	0.316115775699	2	0.179252565783	3	1.42186013797	0	3	2	1200	400000	16	2375	1985	308	76	124	192	76	16	72	32	116	92	8	364
30640571_zpid	30640571_zpid	11207	535 Jerome St, Brooklyn, NY 11207	40.668238	-73.885166	0.254725050506	8	0.303103171504	4	0.247920338537	3	4	2	1500	511000	120	2003	1901	92	18	61	55	44	24	31	9	32	34	13	135
30695084_zpid	30695084_zpid	11209	610 74th St, Brooklyn, NY 11209	40.628396	-74.019769	0.257266197741	12	0.287919741009	6	0.507644542852	1	5	2	2865	980000	8	20	1925	47	21	17	36	18	32	43	41	21	19	5	107
63397688_zpid	63397688_zpid	11212	485 Osborn St, Brooklyn, NY 11212	40.660127	-73.906082	0.180769846251	4	0.215203312103	5	0.362013117331	4	3	3.5	1890	105000	147	2000	2003	101	16	87	73	55	29	40	9	41	20	14	153
30712164_zpid	30712164_zpid	11214	74 Bay 19th St, Brooklyn, NY 11214	40.605473	-74.00355	0.345681451299	11	0.0405810759648	7	0.315880412517	2	3	2	1200	550000	34	1000	1930	248	96	108	148	60	196	164	176	100	44	24	512
30712164_zpid	30712164_zpid	11214	74 Bay 19th St, Brooklyn, NY 11214	40.605473	-74.00355	0.345681451299	12	0.0405810759648	7	0.315880412517	2	3	2	1200	550000	34	1000	1930	248	96	108	148	60	196	164	176	100	44	24	512
30601420_zpid	30601420_zpid	11233	1945 Atlantic Ave, Brooklyn, NY 11233	40.6769963	-73.9186707	0.070232541244	2	0.475494746492	4	0.308604507531	2	4	2	2080	850000	2	1343	1915	208	17	116	133	92	38	33	18	52	54	34	188
30737123_zpid	30737123_zpid	11223	2149 E 2nd St, Brooklyn, NY 11223	40.5969159	-73.9693407	0.535720646269	4	0.57551212621	2	0.352509116981	2	3	3	1920	880000	16	1600	1950	116	40	28	84	20	132	120	188	88	16	16	320
29833338_zpid	29833338_zpid	10466	1041 E 223rd St, Bronx, NY 10466	40.883432	-73.851257	0.177857961323	4	0.195817267011	2	0.919533870634	0	9	3	3150	643700	123	2178	1930	46	8	22	18	14	51	9	5	23	16	9	60
30792614_zpid	30792614_zpid	11235	1120 Banner Ave, Brooklyn, NY 11235	40.5834506	-73.9583037	0.205389496724	12	0.23499428097	7	0.51972747244	2	2	2	1200	415000	90	1400	1920	214	37	59	73	43	61	50	33	42	32	22	187
30639456_zpid	30639456_zpid	11208	225 Atkins Ave, Brooklyn, NY 11208	40.673508	-73.878447	0.153063470085	7	0.168934158698	3	0.20639900704	2	8	5	3350	25000	38	2500	1930	171	28	94	104	84	53	40	11	36	60	25	203
30601530_zpid	30601530_zpid	11233	210 Thomas S Boyland St # A, Brooklyn, NY 11233	40.6772149	-73.913918	0.432694198175	3	0.196877119598	3	0.301260498309	3	5	2	1848	180000	18	1463	1899	1040	108	632	696	492	228	144	100	248	296	136	888
30793699_zpid	30793699_zpid	11229	24 Florence Ave, Brooklyn, NY 11229	40.589886	-73.9276496	0.403440973221	2	1.02636659726	0	2.26525706066	0	3	1	1248	247500	161	1785	1920	1	5	1	13	1	1	24	10	19	1	3	32
66655986_zpid	66655986_zpid	11236	1358 E 83rd St, Brooklyn, NY 11236	40.629153	-73.902832	0.886909929016	0	0.697759492587	1	1.94996765648	0	7	3.5	3396	625000	122	3998	1939	43	6	17	18	8	44	22	8	23	5	8	58
