30718505_zpid	30718505_zpid	11204	1403 W 6th St, Brooklyn, NY 11204	40.611099	-73.979917	0.178198568398	10	0.13449901981	6	0.186623612076	3	19	13	25	972000	24	2400	2001	217	33	51	63	75	105	32	34	16	11	8	156
30792349_zpid	30792349_zpid	11235	2742 Batchelder St, Brooklyn, NY 11235	40.586525	-73.936617	0.329103560356	2	0.594306589213	1	1.48321123891	0	5	3	2160	565000	19	2268	1955	59	13	24	34	29	33	22	19	28	9	5	105
30745023_zpid	30745023_zpid	11229	2161 E 27th St, Brooklyn, NY 11229	40.598636	-73.944168	0.225240830384	7	0.16764799915	2	0.996819296221	0	2	2	1468	660000	7	1600	1940	80	60	36	56	40	76	156	72	84	12	20	424
30745023_zpid	30745023_zpid	11229	2161 E 27th St, Brooklyn, NY 11229	40.598636	-73.944168	0.225240830384	7	0.16764799915	3	0.996819296221	0	2	2	1468	660000	7	1600	1940	80	60	36	56	40	76	156	72	84	12	20	424
30788995_zpid	30788995_zpid	11234	2514 E 63rd St, Brooklyn, NY 11234	40.610175	-73.910237	0.661812014586	1	0.7894607985	0	4.02429014913	0	4	2	1920	540000	11	2000	1960	2	6	3	4	3	17	8	15	18	2	1	30
30574184_zpid	30574184_zpid	11232	224 27th St, Brooklyn, NY 11232	40.658596	-73.998396	0.405273470096	5	0.209704489902	1	0.202134058208	2	6	2.5	2096	965000	23	1670	1914	31	42	16	23	12	16	33	24	19	4	10	76
30711957_zpid	30711957_zpid	11214	15 Bay 13th St, Brooklyn, NY 11214	40.609041	-74.006625	0.111125776518	10	0.296588558407	6	0.430528537068	2	6	2	1760	840000	19	2167	1940	26	18	17	27	4	25	24	33	17	3	3	84
30668646_zpid	30668646_zpid	11226	373 E 25th St, Brooklyn, NY 11226	40.641153	-73.953072	0.228283386382	6	0.17279034737	5	0.415262873172	2	3	2	1970	729000	11	2000	1899	488	121	220	242	218	70	47	17	48	99	22	385
30639053_zpid	30639053_zpid	11208	178 Atkins Ave, Brooklyn, NY 11208	40.6747	-73.87923	0.266723059912	8	0.199741721331	4	0.143159775862	3	6	3	2508	625000	0	1026	1910	169	25	100	111	83	51	43	16	42	61	22	207
30574942_zpid	30574942_zpid	11232	338 42nd St, Brooklyn, NY 11232	40.651452	-74.009206	0.309723232205	8	0.143575907933	7	0.287789849074	2	2	2	2700	160000	195	1999	1899	55	40	24	31	30	10	49	18	16	10	4	104
30595826_zpid	30595826_zpid	11213	1712 Dean St, Brooklyn, NY 11213	40.6756079	-73.9312379	0.110235552458	8	0.277353661566	5	0.420328610338	1	5	3	2736	699000	29	1822	1920	140	15	66	71	64	38	22	5	18	19	10	141
30641594_zpid	30641594_zpid	11208	20 Cypress Ct, Brooklyn, NY 11208	40.687512	-73.87277	0.259212295296	5	0.181592765245	5	0.271031966486	3	9	3	2400	500000	43	2090	1935	88	36	60	78	43	65	39	16	47	38	7	180
30575576_zpid	30575576_zpid	11220	428 45th St, Brooklyn, NY 11220	40.648603	-74.009053	0.147429460272	9	0.122400723651	8	0.0887564740991	2	5	3	1800	828800	20	2003	1901	100	41	58	75	44	22	46	21	25	25	9	181
30652829_zpid	30652829_zpid	11203	402 E 49th St, Brooklyn, NY 11203	40.652122	-73.9317219	0.0653379625492	6	0.0783006620765	3	1.51451874866	0	3	3	2000	529000	0	2000	1910	199	20	78	74	91	66	37	6	41	38	15	188
30715503_zpid	30715503_zpid	11230	804 Foster Ave, Brooklyn, NY 11230	40.630938	-73.969102	0.329547296474	9	0.328559685861	6	0.657274098144	3	5	4	1620	710000	19	1845	1920	83	38	51	47	47	63	44	55	25	16	13	161
30793548_zpid	30793548_zpid	11229	30 Melba Ct, Brooklyn, NY 11229	40.5876529	-73.9242359	0.307512685255	2	1.36536922578	0	2.53069741574	0	2	1	660	185000	146	1800	1925	2	3	1	15	0	0	32	11	24	2	5	41
64708133_zpid	64708133_zpid	11208	764 Wortman Ave, Brooklyn, NY 11208	40.66386	-73.865887	0.493332314359	1	0.14517625963	4	1.38543024032	0	6	5	3120	52026	144	1900	2004	21	4	6	11	3	9	18	4	6	6	1	48
30787011_zpid	30787011_zpid	11234	2038 E 55th St, Brooklyn, NY 11234	40.612406	-73.920935	0.389217672539	2	1.11252308308	0	3.14424194796	0	3	1	1152	420000	21	2000	1925	13	5	8	9	7	31	19	14	16	4	6	90
30614769_zpid	30614769_zpid	11216	45 Brevoort Pl, Brooklyn, NY 11216	40.6803359	-73.953853	0.180070001724	11	0.280381776852	7	0.16914149178	5	7	3.55	3320	721710	63	16	1901	736	568	304	404	308	56	176	76	128	140	148	804
30622184_zpid	30622184_zpid	11222	92 N Henry St, Brooklyn, NY 11222	40.722526	-73.942752	0.236110376575	13	0.102509057157	1	0.75656238582	0	2	2	2397	870000	36	1700	1910	128	200	72	196	52	60	160	92	116	36	52	620
30622184_zpid	30622184_zpid	11222	92 N Henry St, Brooklyn, NY 11222	40.722526	-73.942752	0.236110376575	12	0.102509057157	1	0.75656238582	0	2	2	2397	870000	36	1700	1910	128	200	72	196	52	60	160	92	116	36	52	620
30602796_zpid	30602796_zpid	11221	508 Van Buren St, Brooklyn, NY 11221	40.691528	-73.928366	0.0642297716417	9	0.186227626896	3	0.205443441482	3	6	3	2112	810000	33	1700	1899	215	75	97	130	126	55	38	15	43	53	33	302
29825218_zpid	29825218_zpid	10467	3208 Olinville Ave, Bronx, NY 10467	40.871744	-73.86794	0.0498835969152	8	0.151926543756	3	0.0783100606076	4	7	5.5	3000	615000	7	3049	1925	224	31	84	84	86	39	26	8	36	37	19	168
29825697_zpid	29825697_zpid	10469	3223 Tenbroeck Ave, Bronx, NY 10469	40.871817	-73.852977	0.149576393264	6	0.705365881802	1	0.610781944157	1	3	1.5	1444	270000	11	2482	1960	38	12	21	30	17	42	26	13	27	15	7	99
30750336_zpid	30750336_zpid	11235	2666 Batchelder St, Brooklyn, NY 11235	40.5882999	-73.936988	0.253501244192	7	0.406377923786	2	1.45964360439	0	6	2.25	2232	242000	210	1950	1960	35	10	21	26	15	27	15	23	28	10	5	114
30790653_zpid	30790653_zpid	11235	126 Beaumont St, Brooklyn, NY 11235	40.578822	-73.951613	0.159555756913	7	0.589835002843	3	0.827167369562	0	3	2.5	2010	1385000	98	4000	1925	154	27	34	46	35	34	45	23	34	17	6	105
30585318_zpid	30585318_zpid	11215	199 12th St, Brooklyn, NY 11215	40.669167	-73.990962	0.100863985527	11	0.361428661196	3	0.168198768754	3	5	2.5	2400	870000	67	1875	1899	78	75	31	60	29	39	59	35	32	20	16	230
30786431_zpid	30786431_zpid	11234	2119 E 35th St, Brooklyn, NY 11234	40.607376	-73.929593	0.382159314169	3	0.780152687843	0	2.38947926806	0	2	1.5	1592	435000	12	1600	1950	0	28	12	8	8	60	60	72	60	0	8	152
68313059_zpid	68313059_zpid	11233	13A Columbus Pl, Brooklyn, NY 11233	40.677655	-73.922444	0.328216730014	2	0.167662309158	1	0.1439267139	2	6	2	3227	609000	124	1540	2004	142	29	86	107	75	24	31	9	39	44	28	183
30792072_zpid	30792072_zpid	11235	2797 E 27th St, Brooklyn, NY 11235	40.584759	-73.941457	0.218539848865	4	0.749179147389	1	1.09952690765	0	4	4	1950	979000	0	2900	2015	76	16	44	60	44	116	76	64	132	12	12	300
30792072_zpid	30792072_zpid	11235	2797 E 27th St, Brooklyn, NY 11235	40.584759	-73.941457	0.461508906191	3	0.749179147389	1	1.09952690765	0	4	4	1950	979000	0	2900	2015	76	16	44	60	44	116	76	64	132	12	12	300
30595913_zpid	30595913_zpid	11213	1598 Bergen St, Brooklyn, NY 11213	40.6747299	-73.92995	0.13553830443	8	0.422734182079	4	0.520040957605	2	5	3	2548	720000	12	2548	1899	210	21	115	132	101	30	19	4	29	39	15	180
30681574_zpid	30681574_zpid	11204	1726 64th St, Brooklyn, NY 11204	40.620491	-73.991305	0.36582193436	7	0.242878516512	5	0.0779065420968	4	3	2	1782	868000	6	1799	1945	53	20	27	48	14	47	47	100	21	10	7	132
30566749_zpid	30566749_zpid	11201	89 Dean St APT 4, Brooklyn, NY 11201	40.6872985	-73.989525	0.0468813692809	17	0.361079773324	4	0.170954582541	8	2	1	800	190000	168	2000	1930	176	376	52	232	60	80	152	108	88	48	32	784
30791321_zpid	30791321_zpid	11235	178 Norfolk St, Brooklyn, NY 11235	40.578963	-73.939196	0.580988894362	1	1.37894223971	0	1.54249276815	0	3	2	1700	885000	27	2744	1925	2	5	0	6	0	12	12	3	8	1	1	19
30788134_zpid	30788134_zpid	11234	254 Whitman Dr, Brooklyn, NY 11234	40.60751	-73.904483	1.14176257845	0	1.16035665181	0	4.36316476917	0	3	2.5	2412	750000	32	4283	1960	1	1	0	5	0	1	8	1	7	2	1	14
30791670_zpid	30791670_zpid	11235	2750 E 22nd St, Brooklyn, NY 11235	40.5852239	-73.947018	0.175365303892	7	0.608314521339	3	0.631416590184	1	7	6	2824	250000	267	1967	1965	77	15	12	40	11	47	23	24	22	6	5	113
30717872_zpid	30717872_zpid	11230	1525 Mcdonald Ave, Brooklyn, NY 11230	40.6157139	-73.973924	0.151074388741	8	0.219306010016	2	0.0679237580703	2	6	4	2440	170000	240	2374	1911	23	7	9	19	8	41	29	21	12	5	5	51
30584943_zpid	30584943_zpid	11215	162 10th St, Brooklyn, NY 11215	40.671256	-73.992868	0.371167033109	10	0.545161157365	3	0.275058243935	4	2	2	1146	1320000	11	1200	1901	39	43	20	34	20	26	43	24	19	14	8	122
30569518_zpid	30569518_zpid	11231	274 Degraw St, Brooklyn, NY 11231	40.683826	-73.996438	0.133278895729	16	0.267676400225	4	0.387075319559	2	7	4	3400	3995000	0	2000	1900	23	44	17	46	16	16	45	22	24	3	11	145
30625148_zpid	30625148_zpid	11221	1003 Willoughby Ave, Brooklyn, NY 11221	40.699035	-73.929097	0.247449419046	14	0.117649369816	5	0.194374161596	3	4	2	1810	950000	14	2198	1910	260	184	148	240	152	148	92	56	112	112	76	564
30625148_zpid	30625148_zpid	11221	1003 Willoughby Ave, Brooklyn, NY 11221	40.699035	-73.929097	0.247449419046	15	0.117649369816	5	0.194374161596	3	4	2	1810	950000	14	2198	1910	260	184	148	240	152	148	92	56	112	112	76	564
30782903_zpid	30782903_zpid	11234	2270 E 74th St, Brooklyn, NY 11234	40.618147	-73.90227	0.702887343522	1	0.611848449631	1	3.17358308099	0	4	2	2520	779000	0	4000	1930	3	7	4	10	2	10	20	7	14	2	3	44
30781743_zpid	30781743_zpid	11234	2048 E 61st St, Brooklyn, NY 11234	40.615508	-73.9156749	0.234665866762	6	0.563261996391	1	3.31901820178	0	3	2	1510	480000	31	2000	1960	8	9	8	6	3	25	19	7	18	1	3	66
30601671_zpid	30601671_zpid	11233	1334 Herkimer St, Brooklyn, NY 11233	40.677202	-73.909356	0.117230699863	6	0.102088436652	3	0.186828603362	8	2	1	2717	825000	19	1711	1910	222	26	143	179	121	41	34	22	55	74	29	210
30697721_zpid	30697721_zpid	11209	8011 Colonial Rd, Brooklyn, NY 11209	40.628697	-74.0344609	0.426825016454	8	0.939120017295	0	0.765109605672	0	5	4	2681	999000	83	3600	1920	19	26	5	10	3	28	38	27	10	3	2	64
30784494_zpid	30784494_zpid	11234	1845 E 51st St, Brooklyn, NY 11234	40.615263	-73.925168	0.407647410467	6	0.961047121893	0	2.72625099083	0	3	3	2530	525000	7	2000	1940	68	168	28	40	40	120	112	72	76	20	32	412
30567068_zpid	30567068_zpid	11217	262 Dean St, Brooklyn, NY 11217	40.684432	-73.983229	0.263256375238	12	0.477216301741	3	0.382653229826	9	9	5	3960	1250000	108	22	1920	56	107	14	48	16	48	60	36	33	18	18	221
30614979_zpid	30614979_zpid	11205	114 Adelphi St, Brooklyn, NY 11205	40.6942976	-73.9722713	0.14164020022	7	0.144036086641	2	0.802611203067	0	3	3	2728	235000	17	2500	1901	54	73	27	33	26	41	15	28	23	17	11	129
30602627_zpid	30602627_zpid	11221	188 Van Buren St, Brooklyn, NY 11221	40.690337	-73.938646	0.123735688303	9	0.350706462154	5	0.805301724126	0	4	2	900	760000	22	2000	1899	206	54	104	159	89	42	34	16	42	57	36	240
29831844_zpid	29831844_zpid	10466	688 E 230th St, Bronx, NY 10466	40.891348	-73.859243	0.216600146023	5	0.225034718908	3	0.253708681242	3	7	2	2228	305000	0	2178	1901	314	25	130	125	158	92	33	5	40	70	18	242
30618954_zpid	30618954_zpid	11211	409 Grand St, Brooklyn, NY 11211	40.7118858	-73.953944	0.158269904916	20	0.292627212009	6	0.280726540129	5	2	1	3954	75000	236	1500	1899	576	1412	352	448	324	152	160	96	120	92	108	1300
29832292_zpid	29832292_zpid	10467	837 E 222nd St, Bronx, NY 10467	40.884554	-73.857281	0.202547224917	6	0.375182012661	2	0.464067472911	2	3	3	1375	299900	0	4440	1910	70	4	41	56	38	44	8	1	18	24	4	71
29780864_zpid	29780864_zpid	10459	1024 Faile St, Bronx, NY 10459	40.82393	-73.889237	0.217522598023	4	0.186450756911	5	0.322770945472	5	13	3	3330	795000	0	2178	1901	226	16	92	101	94	22	26	7	36	36	27	206
30732528_zpid	30732528_zpid	11224	3726 Cypress Ave, Brooklyn, NY 11224	40.578611	-74.004643	0.517256859605	1	0.267569455493	1	1.98372400802	0	4	3	1864	472500	10	3000	1930	48	13	12	37	13	4	16	4	15	12	2	52
29777691_zpid	29777691_zpid	10455	385 E 152nd St, Bronx, NY 10455	40.818594	-73.9172789	0.426653067147	5	0.0958208930908	10	0.279545875032	1	1	1	2700	220000	43	2500	1899	44	22	23	43	31	13	19	2	10	7	11	142
30623071_zpid	30623071_zpid	11211	46 Devoe St, Brooklyn, NY 11211	40.713029	-73.949722	0.144195661068	17	0.202370130339	7	0.113752886036	3	4	3	1350	1574000	2	1825	1901	216	556	148	284	152	120	180	68	80	52	52	820
30623071_zpid	30623071_zpid	11211	46 Devoe St, Brooklyn, NY 11211	40.713029	-73.949722	0.144195661068	16	0.202370130339	7	0.113752886036	3	4	3	1350	1574000	2	1825	1901	216	556	148	284	152	120	180	68	80	52	52	820
30714690_zpid	30714690_zpid	11228	337 Bay 10th St, Brooklyn, NY 11228	40.604106	-74.01554	0.461793897756	3	0.75247670069	0	1.24278751994	0	3	1.5	1849	783000	7	1740	1950	5	1	1	1	0	6	11	11	5	1	2	25
89074263_zpid	89074263_zpid	10458	390 E 195th St, Bronx, NY 10458	40.864408	-73.888791	0.536109413917	3	0.0876007825843	7	0.359187065557	3	8	4	3672	295000	14	2090	1915	458	72	180	199	229	31	22	3	69	55	23	304
30658193_zpid	30658193_zpid	11203	695 Lenox Rd, Brooklyn, NY 11203	40.655324	-73.9342829	0.366868174845	7	0.473499822923	3	1.34334833925	0	4	2.5	2637	205000	259	1999	1910	107	14	58	48	58	57	34	6	31	29	11	134
30762695_zpid	30762695_zpid	11234	1147 E 59th St, Brooklyn, NY 11234	40.625194	-73.918572	0.266505405196	6	0.521472106485	2	2.59914001449	0	3	2	2926	5000	41	2300	1955	22	6	22	14	13	52	18	31	18	16	6	103
30765802_zpid	30765802_zpid	11234	1454 E 59th St, Brooklyn, NY 11234	40.618199	-73.918409	0.123487504167	9	0.767763114242	0	2.95891767871	0	3	2	1440	440000	12	2500	1925	48	40	28	20	32	120	116	36	84	12	20	440
30611360_zpid	30611360_zpid	11216	335 Herkimer St, Brooklyn, NY 11216	40.679445	-73.942209	0.260475298776	9	0.187728660627	7	0.125760601703	3	5	2	2100	484000	54	2003	1962	177	78	82	131	74	26	34	21	40	42	28	197
30757193_zpid	30757193_zpid	11229	1719 Burnett St, Brooklyn, NY 11229	40.6106	-73.9419999	0.280773970346	3	0.483399852759	1	1.35361823974	0	3	4	1374	585000	31	3100	1920	23	4	12	18	8	10	15	14	9	2	2	55
30718371_zpid	30718371_zpid	11204	1457 W 9th St, Brooklyn, NY 11204	40.6112681	-73.9829871	0.111937872281	13	0.0928193270259	6	0.116336566193	2	3	1.5	1450	620000	31	20	1924	744	128	184	240	288	328	132	152	96	48	36	660
30695626_zpid	30695626_zpid	11228	1054 Bay Ridge Pkwy, Brooklyn, NY 11228	40.62326	-74.012872	0.516521283645	6	0.439622537766	3	1.10545799346	0	6	4	2728	1507500	6	3000	1925	11	10	5	17	6	46	47	35	16	2	4	63
30699591_zpid	30699591_zpid	11228	8502 10th Ave, Brooklyn, NY 11228	40.618695	-74.020199	0.470539633906	5	0.497949088167	2	0.823056914547	0	7	3	2320	1345000	10	2500	1920	17	2	9	9	6	16	34	13	15	3	2	31
30597309_zpid	30597309_zpid	11213	1707 President St, Brooklyn, NY 11213	40.667234	-73.9304499	0.122817063063	14	0.10935682189	8	0.280264849008	2	3	2	1300	720000	14	2640	1920	535	53	244	214	219	40	33	13	40	101	48	328
30751511_zpid	30751511_zpid	11210	950 E 27th St, Brooklyn, NY 11210	40.627569	-73.950238	0.256466677759	2	0.242422995226	3	0.625996605864	1	3	1.5	1500	629000	71	4000	1900	248	40	140	96	100	212	100	68	104	28	20	412
30642045_zpid	30642045_zpid	11208	51 Logan St, Brooklyn, NY 11208	40.685478	-73.878261	0.194707122332	6	0.458499482028	4	0.455421873414	3	8	5	5544	22500	243	2987	1920	85	34	60	66	48	49	34	12	41	27	9	143
30655603_zpid	30655603_zpid	11236	609 E 96th St, Brooklyn, NY 11236	40.653758	-73.912934	0.299447941805	7	0.503033945963	1	0.903256185662	0	2	1	1520	250000	19	2000	1955	40	3	15	22	21	32	13	6	5	9	3	63
30573898_zpid	30573898_zpid	11232	224 21st St, Brooklyn, NY 11232	40.661505	-73.9941429	0.10061882967	8	0.377410737087	3	0.355479830987	2	1	1	1530	185000	199	1795	1910	30	19	16	21	9	16	20	23	13	7	4	70
30782442_zpid	30782442_zpid	11234	2019 Royce St, Brooklyn, NY 11234	40.623068	-73.905867	0.73719973374	1	0.714650815563	1	2.64742031516	0	6	4	2646	770000	21	4175	1965	16	4	16	24	8	76	36	8	48	12	8	140
30612654_zpid	30612654_zpid	11238	244 Lafayette Ave, Brooklyn, NY 11238	40.687952	-73.966438	0.0376678227733	13	0.102375362187	4	0.0804576276479	5	2	1	2660	190000	258	980	1899	110	46	62	80	64	24	29	5	30	20	18	119
30787753_zpid	30787753_zpid	11234	2667 E 66th St, Brooklyn, NY 11234	40.606406	-73.909639	1.07598012548	0	1.20608854757	0	3.99151101786	0	3	3	2485	1050000	0	35	1965	3	5	1	7	2	16	7	26	19	2	1	30
30769511_zpid	30769511_zpid	11236	931 E 88th St, Brooklyn, NY 11236	40.6387829	-73.906521	0.132861878455	9	0.532660608918	2	0.960940633677	0	3	2	988	371000	83	2400	1925	39	8	23	21	10	82	29	13	20	15	7	110
30771636_zpid	30771636_zpid	11236	32 Paerdegat 13th St, Brooklyn, NY 11236	40.628012	-73.902475	0.993882992382	0	0.756429140425	0	2.07588944896	0	6	3	3000	499500	17	2000	1965	160	16	52	56	24	160	68	24	88	16	32	180
30722974_zpid	30722974_zpid	11223	1879 W 6th St, Brooklyn, NY 11223	40.601656	-73.978139	0.243135494485	6	0.394389960054	3	0.314167661577	4	7	3.5	2292	880000	29	1200	1920	284	100	168	108	120	372	124	248	104	56	20	456
30722974_zpid	30722974_zpid	11223	1879 W 6th St, Brooklyn, NY 11223	40.601656	-73.978139	0.243135494485	6	0.394389960054	4	0.314167661577	4	7	3.5	2292	880000	29	1200	1920	284	100	168	108	120	372	124	248	104	56	20	456
30612042_zpid	30612042_zpid	11205	187 Vanderbilt Ave, Brooklyn, NY 11205	40.692433	-73.969449	0.0943425412181	12	0.367411264837	4	0.542300166125	2	4	3	3850	2920000	23	1660	1901	73	91	35	48	37	51	27	12	34	23	17	186
30608439_zpid	30608439_zpid	11216	249 Lexington Ave, Brooklyn, NY 11216	40.687721	-73.952499	0.176263788741	12	0.287889775182	4	0.259534412378	2	7	4	2100	1299000	0	1668	1899	127	71	79	102	70	32	31	12	28	44	36	228
30706014_zpid	30706014_zpid	11228	1420 Bay Ridge Pkwy, Brooklyn, NY 11228	40.618435	-74.004904	0.201179133742	8	0.376985751712	3	0.526285029838	2	8	4	3456	1594000	0	3598	1920	13	10	10	25	11	49	46	48	18	1	2	81
30768212_zpid	30768212_zpid	11236	682 E 87TH St, Brooklyn, NY 11236	40.640329	-73.910229	0.29660071111	6	0.455288662253	3	0.998326458707	0	6	2	2280	669000	0	3008	1996	172	32	96	84	44	316	128	56	80	60	36	476
30658291_zpid	30658291_zpid	11203	140 E 38th St, Brooklyn, NY 11203	40.653974	-73.942497	0.331313499322	2	0.648517542623	3	0.691965571235	2	6	4	1360	684000	5	2500	1925	396	80	244	260	204	268	92	44	84	120	20	444
29853637_zpid	29853637_zpid	10471	229 W 260th St, Bronx, NY 10471	40.9077119	-73.897834	0.383965719008	4	0.384990143724	4	1.4322470758	0	3	1.5	1368	747000	1	2500	1920	11	8	6	10	6	17	27	9	14	2	4	46
30781640_zpid	30781640_zpid	11234	2071 E 57th St, Brooklyn, NY 11234	40.613481	-73.917609	0.229386328146	6	0.80924146088	0	3.32888352297	0	8	5	3366	395000	166	2267	1970	11	9	9	7	6	30	15	12	13	5	3	60
30770704_zpid	30770704_zpid	11236	1382 Remsen Ave, Brooklyn, NY 11236	40.63651	-73.902309	0.316163437873	8	0.458375901131	2	1.12989031445	0	6	2	2000	638000	93	3000	1960	42	18	21	27	10	53	21	8	19	9	11	92
29841809_zpid	29841809_zpid	10461	2941 Waterbury Ave, Bronx, NY 10461	40.8380863	-73.8299919	0.459683181208	3	0.819908865099	0	0.835295202862	0	3	3	1420	357500	11	1206	1955	14	23	4	12	4	35	33	21	8	3	1	65
30599917_zpid	30599917_zpid	11233	404 Bainbridge St, Brooklyn, NY 11233	40.681908	-73.920664	0.330858386843	6	0.440229348887	3	0.360039163416	2	3	1	2174	930000	17	1725	1901	229	61	143	164	139	24	35	10	62	91	27	269
30620476_zpid	30620476_zpid	11222	196 Guernsey St, Brooklyn, NY 11222	40.727378	-73.954607	0.051390670605	15	0.145091069375	4	0.311603344166	2	3	1	1600	1499000	0	1498	1865	62	83	22	46	26	46	34	26	20	13	11	183
30624051_zpid	30624051_zpid	11211	179 Woodpoint Rd, Brooklyn, NY 11211	40.71651	-73.941684	0.147578115398	8	0.337872083848	4	0.294675305225	3	3	2	1200	800000	102	2460	1910	27	133	13	47	19	26	41	7	25	11	20	148
30791125_zpid	30791125_zpid	11235	137 Hastings St, Brooklyn, NY 11235	40.579305	-73.944481	0.725500627756	2	1.17004862049	0	1.17600168956	0	5	4	4500	3650000	0	6000	1970	17	6	3	11	3	10	22	9	17	1	1	28
89066982_zpid	89066982_zpid	10451	315 E 163rd St, Bronx, NY 10451	40.826863	-73.915666	0.20394836368	9	0.37422478561	9	0.12802960133	1	9	6	3030	539762	61	1999	2007	131	24	56	61	47	8	15	16	19	14	17	134
30585026_zpid	30585026_zpid	11215	187 11th St, Brooklyn, NY 11215	40.670176	-73.991299	0.197428127196	11	0.454602199964	3	0.12804164069	4	4	2	1620	1150000	5	2000	1899	200	260	92	180	84	124	224	140	116	84	60	744
30714700_zpid	30714700_zpid	11228	348 Bay 10th St, Brooklyn, NY 11228	40.604176	-74.016204	0.501107101382	2	0.80886695791	0	1.29305448383	0	4	2.5	1944	789000	33	1785	1950	4	1	1	1	0	6	10	10	5	1	2	21
30642322_zpid	30642322_zpid	11208	14 Danforth St, Brooklyn, NY 11208	40.686512	-73.872493	0.267954094992	5	0.257095654008	4	0.381744855523	3	7	2	2970	400000	88	1619	1901	97	40	68	87	47	74	41	17	61	46	8	195
30760211_zpid	30760211_zpid	11234	1268 E 52nd St, Brooklyn, NY 11234	40.62912	-73.926302	0.158193615922	5	0.596887760107	2	1.8497054173	0	4	3	1801	599000	0	2600	1945	40	13	23	24	15	59	29	26	19	15	3	79
30712050_zpid	30712050_zpid	11214	8629 17th Ave, Brooklyn, NY 11214	40.607787	-74.00527	0.104372325678	12	0.223595455564	7	0.299242518831	3	5	2	3240	862000	17	1933	1901	39	24	24	32	9	34	35	40	25	4	4	100
30693002_zpid	30693002_zpid	11209	7012 Ridge Crest Ter, Brooklyn, NY 11209	40.6360904	-74.0310406	0.185217327324	10	0.308873447591	4	0.659363906481	1	3	3	1900	909000	0	1983	1910	119	11	23	34	26	40	22	94	19	9	3	105
30602814_zpid	30602814_zpid	11221	965 Greene Ave, Brooklyn, NY 11221	40.6912019	-73.928696	0.105533857127	9	0.2292005698	3	0.23844294346	3	6	4	2634	180000	12	1950	1899	180	75	91	122	119	51	35	16	40	51	34	281
30639393_zpid	30639393_zpid	11208	463 Shepherd Ave, Brooklyn, NY 11208	40.673161	-73.880303	0.187270758533	8	0.322576671773	3	0.114279941927	2	5	3	1920	599000	8	1237	1910	680	104	348	412	312	208	140	44	140	244	100	764
