29837701_zpid	29837701_zpid	10466	2063 Edenwald Ave, Bronx, NY 10466	40.893595	-73.841504	0.733320471903	1	0.488434080542	3	1.07409379354	0	2	2	1440	305000	79	2613	1970	35	4	11	17	7	64	42	12	35	12	5	67
30785531_zpid	30785531_zpid	11234	1800 E 53rd St, Brooklyn, NY 11234	40.6143349	-73.923765	0.453785780707	7	1.08672158025	0	2.88298952444	0	3	2	1237	384400	27	2000	1960	18	5	10	12	13	35	23	21	20	7	9	104
30587319_zpid	30587319_zpid	11215	552 1st St, Brooklyn, NY 11215	40.669884	-73.974288	0.351919574714	10	0.561296512193	1	0.647978571078	2	4	3.5	4920	4875000	20	2100	1910	120	124	28	84	36	40	216	108	68	20	32	548
30587319_zpid	30587319_zpid	11215	552 1st St, Brooklyn, NY 11215	40.669884	-73.974288	0.351919574714	11	0.561296512193	1	0.647978571078	2	4	3.5	4920	4875000	20	2100	1910	120	124	28	84	36	40	216	108	68	20	32	548
30692919_zpid	30692919_zpid	11209	7024 Colonial Rd, Brooklyn, NY 11209	40.6361741	-74.032002	0.181372130688	9	0.390583047391	4	0.740898867234	1	3	1.5	1330	685000	37	1441	1925	115	7	17	25	22	35	21	89	18	5	2	84
30683539_zpid	30683539_zpid	11219	1060 41st St, Brooklyn, NY 11219	40.642399	-73.992722	0.184436884702	5	0.183516926311	7	0.212258058058	3	3	1	1000	675000	83	2504	1925	276	48	188	280	204	168	164	212	140	92	24	552
30791322_zpid	30791322_zpid	11235	180 Norfolk St, Brooklyn, NY 11235	40.578895	-73.939189	0.588537704606	1	1.38652527595	0	1.54732340368	0	3	2	1838	985000	19	2723	2014	2	5	0	6	0	12	12	3	8	1	1	19
29779614_zpid	29779614_zpid	10456	776 E 169th St, Bronx, NY 10456	40.830232	-73.89941	0.161742012616	4	0.187411090242	9	0.637962771511	1	3	1.5	1188	275000	5	1738	1987	756	52	392	436	276	164	28	32	68	144	80	636
29779614_zpid	29779614_zpid	10456	776 E 169th St, Bronx, NY 10456	40.830232	-73.89941	0.161742012616	5	0.187411090242	9	0.637962771511	1	3	1.5	1188	275000	5	1738	1987	756	52	392	436	276	164	28	32	68	144	80	636
29826438_zpid	29826438_zpid	10467	650 E 220th St, Bronx, NY 10467	40.884586	-73.864251	0.221510118163	4	0.39219943443	2	0.153742364543	2	3	4	2000	579000	0	2280	1960	107	10	49	64	70	51	18	4	28	24	6	129
30760417_zpid	30760417_zpid	11210	3909 Avenue K, Brooklyn, NY 11210	40.625915	-73.937855	0.270850784632	1	0.832402307659	0	1.1301603658	0	3	1	2472	445000	115	4000	2008	70	10	30	35	25	45	40	15	22	13	11	83
29828468_zpid	29828468_zpid	10469	1030 E 222nd St, Bronx, NY 10469	40.882423	-73.852267	0.267062683138	4	0.320409495546	2	0.893277076993	0	3	2.5	1560	307600	24	20	1955	62	16	25	27	27	41	6	6	19	11	3	57
30695944_zpid	30695944_zpid	11209	525 77th St, Brooklyn, NY 11209	40.627687	-74.022361	0.0855299331299	16	0.183195859977	4	0.350872486075	1	4	2.5	1596	525000	12	1950	1920	71	28	38	41	28	34	46	45	25	27	5	136
30749463_zpid	30749463_zpid	11235	2517 E 27th St, Brooklyn, NY 11235	40.590921	-73.942713	0.254502249072	11	0.264203085649	2	1.06599532578	0	5	3.5	2166	750000	33	1992	1955	57	17	16	16	9	27	26	32	26	2	2	79
30729302_zpid	30729302_zpid	11214	2327 80th St, Brooklyn, NY 11214	40.603668	-73.987078	0.297042402412	8	0.474134025412	6	0.569084539278	3	4	4	2544	1450000	9	3500	1925	80	7	21	36	29	50	26	25	15	8	5	64
29826824_zpid	29826824_zpid	10467	769 E 218th St, Bronx, NY 10467	40.882215	-73.860671	0.19720439689	4	0.509374570994	2	0.249542675554	3	4	2	1824	299000	0	1672	1901	185	11	88	100	87	69	15	3	37	53	14	175
30764689_zpid	30764689_zpid	11234	1521 E 55th St, Brooklyn, NY 11234	40.619541	-73.9218794	0.319369698482	11	0.640310817323	1	2.63214038807	0	4	2.5	1875	469000	7	1591	1970	13	23	7	8	10	36	28	14	21	4	10	129
29778670_zpid	29778670_zpid	10454	748 E 137th St, Bronx, NY 10454	40.803544	-73.912395	0.223860691464	4	0.560797420736	2	0.245943148687	3	3	2	1650	100000	3	1500	1920	61	5	16	34	18	11	10	7	12	12	7	68
30784733_zpid	30784733_zpid	11234	1661 E 55th St, Brooklyn, NY 11234	40.616033	-73.921428	0.249820990773	9	0.982769848505	0	2.89901688183	0	3	1.5	1633	420000	123	1800	1955	20	6	14	12	14	40	19	18	22	7	6	115
29833218_zpid	29833218_zpid	10466	951 E 231st St, Bronx, NY 10466	40.889837	-73.850461	0.129825264661	6	0.337800765873	4	0.698394875191	1	4	3	1272	170000	202	1742	1935	82	10	41	32	29	80	25	7	25	13	13	90
30595924_zpid	30595924_zpid	11213	145 Rochester Ave, Brooklyn, NY 11213	40.6743219	-73.927498	0.256023977928	8	0.583377634453	5	0.624056223052	2	7	2	2850	490000	31	1900	1910	173	17	103	115	91	25	13	3	26	33	15	173
29840722_zpid	29840722_zpid	10475	3412 Hunter Ave, Bronx, NY 10475	40.880747	-73.833979	0.756655607421	0	0.348617602461	3	0.360131929312	1	4	2.5	2376	343000	46	5000	1933	0	0	8	12	7	11	12	5	7	4	2	44
29847587_zpid	29847587_zpid	10465	2861 Barkley Ave, Bronx, NY 10465	40.83063	-73.827803	0.0832886355264	2	0.556265371969	1	1.63852746579	0	3	2	1902	375000	6	5000	1930	12	15	7	10	4	13	28	16	11	2	6	51
30786410_zpid	30786410_zpid	11234	2171 E 35th St, Brooklyn, NY 11234	40.606444	-73.928562	0.501689000608	3	0.741962406148	1	2.44590366362	0	3	4	1440	526000	31	2000	1950	0	20	8	8	4	52	52	52	48	0	8	128
30670910_zpid	30670910_zpid	11218	182 Seeley St, Brooklyn, NY 11218	40.654514	-73.975615	0.180741098482	7	0.298581404726	3	0.525890197954	1	3	2	1146	899000	37	1875	1901	10	17	13	17	10	21	18	18	14	1	4	46
29785959_zpid	29785959_zpid	10468	2407 Walton Ave, Bronx, NY 10468	40.861204	-73.901374	0.145235693538	10	0.123733068942	11	0.180286746558	4	1	1	3110	372000	140	1896	1901	531	64	223	249	272	22	42	10	92	74	58	427
29853665_zpid	29853665_zpid	10471	6040 Spencer Ave, Bronx, NY 10471	40.908761	-73.89859	0.439489883129	5	0.440445103435	6	1.41125045748	0	4	4	2500	800000	55	5250	1930	12	9	7	10	5	17	28	10	16	2	4	45
30729415_zpid	30729415_zpid	11214	2374 82nd St, Brooklyn, NY 11214	40.6015469	-73.987538	0.128375101355	9	0.276310662931	6	0.431966612516	3	6	3	2760	1220000	9	3300	1920	80	13	21	38	30	55	33	27	17	10	6	101
65294376_zpid	65294376_zpid	10463	58 Terrace View Ave, Bronx, NY 10463	40.8778391	-73.9107625	0.0623645267675	7	0.28071266395	4	0.373244499463	3	6	2	2500	43500	161	3468	2007	235	32	82	74	81	21	29	16	42	25	9	176
30792922_zpid	30792922_zpid	11229	2323 Stuart St, Brooklyn, NY 11229	40.600262	-73.931712	0.28324566039	3	0.224067106102	1	2.04966806376	0	3	2	1680	659000	8	2000	1955	15	14	1	7	2	8	19	7	9	0	2	35
30619314_zpid	30619314_zpid	11211	175 S 4th St, Brooklyn, NY 11211	40.711399	-73.96096	0.183987029	15	0.332248997281	5	0.428421053702	1	4	1	3520	240000	69	2090	1910	464	856	324	540	252	100	192	144	148	112	96	1124
30697695_zpid	30697695_zpid	11209	92 80th St, Brooklyn, NY 11209	40.629218	-74.036224	0.586624136644	7	1.05091665625	0	0.907043541056	0	3	1	2816	1350000	6	3049	1925	12	8	2	4	3	14	28	18	8	2	2	42
30735205_zpid	30735205_zpid	11223	2057 W 12th St, Brooklyn, NY 11223	40.596753	-73.983003	0.30040072185	8	0.275320377026	5	0.336460872979	3	2	1.5	1564	440000	80	1925	1925	25	18	9	19	7	32	28	39	13	7	3	54
64862515_zpid	64862515_zpid	10459	1051 Bryant Ave, Bronx, NY 10459	40.824568	-73.888948	0.145229850647	3	0.412106505814	4	0.312817392758	5	5	4	2280	440000	7	2033	2000	210	21	92	105	97	26	26	6	35	34	27	205
30670874_zpid	30670874_zpid	11218	108 Seeley St, Brooklyn, NY 11218	40.653615	-73.9781299	0.171731281236	8	0.353831041306	3	0.469829288379	1	5	3	3000	1415000	10	1800	1910	8	16	12	15	8	21	18	25	15	1	4	50
30788999_zpid	30788999_zpid	11234	2522 E 63rd St, Brooklyn, NY 11234	40.6099699	-73.910373	0.679101329464	1	0.813273413075	0	4.01192750355	0	5	3	1920	640000	2	3049	1960	2	6	3	5	3	17	8	15	21	2	1	30
30637128_zpid	30637128_zpid	11207	79 Hendrix St, Brooklyn, NY 11207	40.680423	-73.891075	0.208970424351	4	0.136650415126	4	0.297758684598	3	4	2	2350	365000	37	1667	1901	104	43	70	79	57	67	48	36	46	33	12	168
30619782_zpid	30619782_zpid	11222	198 Green St, Brooklyn, NY 11222	40.73364	-73.953363	0.145945083723	13	0.241447506795	4	0.393340712008	1	3	3.5	2000	1050000	59	2482	1901	90	100	63	70	47	50	39	24	27	22	13	228
30747054_zpid	30747054_zpid	11229	2348 E 23rd St, Brooklyn, NY 11229	40.593976	-73.947743	0.215285263778	12	0.571527243375	4	0.642772767932	1	4	2	2220	750000	5	2917	1925	244	48	88	100	104	132	128	100	96	48	16	284
30628460_zpid	30628460_zpid	11221	1310 Putnam Ave, Brooklyn, NY 11221	40.693167	-73.913416	0.275388663152	10	0.358068851553	3	0.737082015065	2	5	4	2700	1300000	4	2000	1910	124	32	98	118	88	37	35	9	63	55	31	169
29841164_zpid	29841164_zpid	10465	1111 Stadium Ave, Bronx, NY 10465	40.836096	-73.817632	0.269671545971	3	0.261785360744	1	1.73345449593	0	3	1.25	1636	415000	7	2604	1955	5	3	7	4	6	9	18	11	9	3	3	30
83042879_zpid	83042879_zpid	11212	859 Thomas S Boyland St, Brooklyn, NY 11212	40.65948	-73.910728	0.242693656477	6	0.193545475876	5	0.377515283357	2	8	6	4320	771470	116	2000	1945	844	72	584	496	356	124	156	64	200	144	64	780
30655672_zpid	30655672_zpid	11203	1155 Schenectady Ave, Brooklyn, NY 11203	40.644706	-73.932228	0.32028748097	6	0.601852759072	1	1.41385574307	0	3	2.5	1640	385000	46	30	1945	31	17	11	12	12	33	21	7	14	10	4	89
30642268_zpid	30642268_zpid	11208	449 Ridgewood Ave, Brooklyn, NY 11208	40.685728	-73.8723009	0.248121879201	5	0.172037575962	4	0.308652289369	2	5	2	3084	315000	76	1659	1901	103	42	67	89	52	79	41	17	65	46	8	216
30694033_zpid	30694033_zpid	11209	235 73rd St, Brooklyn, NY 11209	40.633374	-74.02854	0.122325344561	14	0.264563631964	4	0.470833551059	2	6	4	2710	1480000	0	3617	1925	141	31	48	52	38	42	47	111	21	18	5	151
29815897_zpid	29815897_zpid	10461	1836 Hutchinson River Pkwy, Bronx, NY 10461	40.84848	-73.835298	0.269486602777	8	0.459158675539	1	0.295583446256	2	7	4.5	3319	556500	56	2962	1950	74	12	20	15	15	29	19	12	10	12	8	74
30732473_zpid	30732473_zpid	11224	3737 Cypress Ave, Brooklyn, NY 11224	40.578983	-74.00507	0.477772705819	1	0.320177466032	1	2.02287787975	0	3	3.5	2230	200000	14	5250	1930	48	13	12	37	13	4	16	4	15	12	2	50
30623498_zpid	30623498_zpid	11211	633 Grand St, Brooklyn, NY 11211	40.7115607	-73.946834	0.0883883280535	14	0.0250131996568	5	0.340076932436	6	3	1	1000	150000	126	2050	1920	42	112	24	45	25	30	44	9	17	10	9	188
30773968_zpid	30773968_zpid	11236	1097 E 95th St, Brooklyn, NY 11236	40.64389	-73.903442	0.278484051198	5	0.90350949395	0	0.335786848944	1	3	1	1860	212000	192	3885	1925	53	10	20	22	16	59	23	9	8	18	8	98
30587510_zpid	30587510_zpid	11215	592 3rd St, Brooklyn, NY 11215	40.668882	-73.975782	0.270125947135	15	0.676148670626	1	0.479928949042	1	5	3.5	2700	409000	27	1758	1901	29	37	11	24	11	15	58	35	20	6	11	148
30596475_zpid	30596475_zpid	11213	1397 Sterling Pl, Brooklyn, NY 11213	40.67183	-73.932336	0.12847879794	9	0.195083547009	4	0.330484905764	1	5	3	2904	4703475	100	2570	1901	455	44	244	238	228	36	35	12	53	87	33	337
30608484_zpid	30608484_zpid	11216	581 Greene Ave, Brooklyn, NY 11216	40.688709	-73.946331	0.248511368573	11	0.431661844052	5	0.465632028242	1	9	4	3360	760000	43	2000	1901	110	46	50	81	71	20	26	8	29	36	21	146
30626926_zpid	30626926_zpid	11237	265 Bleecker St, Brooklyn, NY 11237	40.699401	-73.917364	0.094482189782	12	0.319132502029	7	0.214396726474	4	4	2	1	430000	32	2000	1899	220	104	164	209	147	40	36	26	92	78	31	346
30715026_zpid	30715026_zpid	11214	8874 18th Ave, Brooklyn, NY 11214	40.601917	-74.008559	0.283362647915	5	0.269658860107	2	0.885525876247	0	4	2	1980	845000	2	1688	1950	31	19	14	25	7	31	35	39	13	3	2	73
68310684_zpid	68310684_zpid	11203	393 E 49th St, Brooklyn, NY 11203	40.652383	-73.931167	0.0972824858743	6	0.124812479295	3	1.55121684207	0	6	5	2200	749000	0	1100	2004	229	22	93	88	106	75	38	8	40	45	19	207
29841536_zpid	29841536_zpid	10465	3176 Waterbury Ave, Bronx, NY 10465	40.83809	-73.8225719	0.406579093376	2	0.368664898162	1	1.28493778737	0	3	2	1400	420000	15	5248	1920	5	5	6	2	6	4	20	12	9	4	3	35
30671021_zpid	30671021_zpid	11218	151 Mcdonald Ave, Brooklyn, NY 11218	40.651003	-73.98057	0.315350553205	7	0.230769794894	3	0.42687699464	1	2	1.5	1400	620000	68	3749	1920	5	16	10	16	10	18	17	18	9	2	3	41
30592440_zpid	30592440_zpid	11216	633 Saint Johns Pl, Brooklyn, NY 11216	40.6725055	-73.9570243	0.0460837893399	13	0.461482862	5	0.223464537101	6	5	3.5	2082	1860000	9	1073	1899	564	112	328	372	312	72	76	32	68	108	84	488
30719272_zpid	30719272_zpid	11204	1544 W 8th St, Brooklyn, NY 11204	40.609273	-73.982179	0.103374101011	14	0.172245033682	7	0.291374054346	2	10	5	3600	960000	47	2783	1926	150	29	37	44	60	70	22	31	16	11	7	123
30628009_zpid	30628009_zpid	11221	1249 Madison St, Brooklyn, NY 11221	40.694911	-73.913614	0.233338978598	8	0.271998323719	4	0.552590044883	3	6	2	3600	700000	15	2000	1920	88	20	81	91	68	23	29	6	36	40	25	141
30627930_zpid	30627930_zpid	11221	1101 Bushwick Ave, Brooklyn, NY 11221	40.690149	-73.918795	0.262871508858	7	0.453520222294	4	0.298953393833	2	5	3	1750	322000	58	1280	1905	211	69	107	164	106	45	40	8	72	53	51	237
29790411_zpid	29790411_zpid	10473	1621 Harding Park, Bronx, NY 10473	40.808924	-73.857018	0.838536108743	0	1.42108617061	0	2.66802409046	0	6	2	2800	250000	95	2800	2015	116	40	76	72	36	64	60	44	40	64	12	240
30612074_zpid	30612074_zpid	11205	186 Washington Ave, Brooklyn, NY 11205	40.6929245	-73.9670647	0.0959486490019	11	0.312900677141	5	0.510256800147	2	2	1.5	5760	1160000	128	1608	1899	64	101	34	44	34	55	23	17	32	21	14	170
30691063_zpid	30691063_zpid	11220	427 63rd St, Brooklyn, NY 11220	40.6388279	-74.019198	0.113175459489	10	0.200245588634	8	0.303238539234	2	6	3	3169	740000	47	2000	1920	114	49	41	58	43	25	48	34	33	16	3	152
29834732_zpid	29834732_zpid	10466	1103 E 231st St, Bronx, NY 10466	40.888522	-73.846255	0.33373006287	5	0.0711290865655	3	1.07775631674	0	7	5.5	2928	545000	7	2613	1955	132	56	72	76	36	216	76	8	128	48	32	252
30625281_zpid	30625281_zpid	11221	894 Willoughby Ave, Brooklyn, NY 11221	40.696034	-73.932515	0.148741005103	11	0.326861483473	4	0.295588475272	3	9	3	3200	775000	6	2199	1940	340	324	140	236	208	120	108	64	80	124	108	648
30766174_zpid	30766174_zpid	11236	269 E 86th St, Brooklyn, NY 11236	40.646534	-73.91759	0.368291876096	3	1.00069390151	0	1.32951086772	0	2	2	1344	340000	5	1600	1945	36	8	40	44	28	68	60	20	28	24	8	200
29811554_zpid	29811554_zpid	10462	1519 Glover St, Bronx, NY 10462	40.836821	-73.850209	0.249430218656	12	0.231539647465	7	0.269794398797	3	6	3	2812	473500	8	2375	1901	118	17	34	41	22	47	27	16	25	13	7	126
29853484_zpid	29853484_zpid	10471	446 W 259th St, Bronx, NY 10471	40.906576	-73.90362	0.0292537091315	4	0.105401518926	3	0.929923517371	0	4	2	2200	400000	8	2460	1950	12	12	3	10	6	13	32	8	14	3	6	50
30674697_zpid	30674697_zpid	11218	425 E 8th St, Brooklyn, NY 11218	40.639668	-73.970624	0.359737684672	10	0.120859098961	6	0.585755173948	2	4	3.5	2160	725000	31	3000	1905	864	224	312	332	192	288	152	268	116	80	44	872
30659943_zpid	30659943_zpid	11203	451 E 45th St, Brooklyn, NY 11203	40.650601	-73.934814	0.128126111132	5	0.257258650247	3	1.24696863102	0	5	2.5	2100	330000	141	2000	1910	536	44	296	240	256	140	116	20	136	108	36	584
30592066_zpid	30592066_zpid	11213	1123 Park Pl, Brooklyn, NY 11213	40.673147	-73.940344	0.267310169217	10	0.297508846091	5	0.463348343889	1	5	4	3144	999500	23	2555	1901	314	73	148	154	134	38	37	12	37	67	23	305
30650512_zpid	30650512_zpid	11212	4 E 95th St, Brooklyn, NY 11212	40.6648593	-73.9274245	0.229007146231	14	0.194663116047	8	0.396681623962	2	6	2	3842	684000	117	2972	1925	232	7	84	88	71	30	9	6	24	31	10	140
30612163_zpid	30612163_zpid	11205	167 Taaffe Pl, Brooklyn, NY 11205	40.6934519	-73.9597859	0.165883734655	8	0.319291067286	6	0.510284570833	1	5	4	2940	520000	5	2319	1910	58	96	35	59	32	45	44	48	27	14	26	192
30640671_zpid	30640671_zpid	11207	537 Ashford St, Brooklyn, NY 11207	40.668827	-73.88356	0.252060931356	7	0.252889840025	3	0.281444988107	4	3	2	1134	370000	0	1620	1992	61	9	38	34	21	21	23	8	21	20	11	87
29779036_zpid	29779036_zpid	10456	676 E 158th St, Bronx, NY 10456	40.819769	-73.907601	0.216848102195	8	0.252236936023	10	0.365428933534	2	3	1.5	1152	329000	15	1528	1992	73	11	24	35	20	16	4	1	10	9	13	64
30612612_zpid	30612612_zpid	11205	512 Dekalb Ave, Brooklyn, NY 11205	40.690592	-73.956003	0.112007214578	10	0.0504608482983	6	0.378540036177	2	3	2	1680	1400000	0	1668	1901	544	256	136	228	124	108	140	124	96	40	72	584
30612612_zpid	30612612_zpid	11205	512 Dekalb Ave, Brooklyn, NY 11205	40.690592	-73.956003	0.112007214578	9	0.0504608482983	6	0.378540036177	2	3	2	1680	1400000	0	1668	1901	544	256	136	228	124	108	140	124	96	40	72	584
30613279_zpid	30613279_zpid	11238	147 Saint James Pl, Brooklyn, NY 11238	40.6851259	-73.963825	0.230799280185	9	0.251148776024	4	0.303708226273	3	3	2	2688	1930000	89	2000	1899	155	129	90	130	94	42	55	17	45	25	32	207
30631267_zpid	30631267_zpid	11207	81 De Sales Pl, Brooklyn, NY 11207	40.682782	-73.904417	0.160208304586	3	0.409250398252	1	0.0802327822428	7	4	1	2349	435000	20	1958	1905	49	19	44	52	39	11	17	14	14	19	7	101
29811279_zpid	29811279_zpid	10462	1687 Castle Hill Ave, Bronx, NY 10462	40.840139	-73.853284	0.309943071531	11	0.414201769207	8	0.66488667621	2	7	5	5600	525000	29	2629	1987	189	16	28	35	27	26	17	10	26	13	3	93
29832316_zpid	29832316_zpid	10466	838 E 223rd St, Bronx, NY 10466	40.884803	-73.857102	0.175325793928	6	0.369337280625	2	0.450234052477	2	6	3	1700	320000	149	2800	1925	388	48	192	260	152	184	56	40	104	104	44	344
2099364111_zpid	2099364111_zpid	11234	1661 Hendrickson Street, Brooklyn, NY 11234	40.618063	-73.932783	0.293099797167	8	0.496648715806	3	2.06895114704	0	3	2	1320	615000	0	2000	1920	36	184	24	44	24	160	136	112	56	40	4	520
30761847_zpid	30761847_zpid	11234	2040 E 41st St, Brooklyn, NY 11234	40.623613	-73.934354	0.198806973981	8	0.22131070543	2	1.52133332724	0	3	1.5	1833	450000	7	1833	1925	156	40	72	88	84	104	104	80	60	16	0	324
30579886_zpid	30579886_zpid	11215	505 17th St, Brooklyn, NY 11215	40.658108	-73.981558	0.0790788075225	13	0.153198998717	6	0.31615052482	1	4	3	2090	2175000	23	1673	1920	39	32	17	24	16	22	23	14	18	2	7	66
79714760_zpid	79714760_zpid	10452	186 W 168th St, Bronx, NY 10452	40.838523	-73.927524	0.128074915665	2	0.298781527652	5	0.613603765505	1	8	3	2700	523000	29	1219	2006	1368	148	548	560	544	136	76	32	252	196	84	812
29840326_zpid	29840326_zpid	10470	4820 Barnes Ave, Bronx, NY 10470	40.905856	-73.846867	0.210152698547	7	0.348677661027	3	0.438325181365	2	5	2	3892	745000	0	11325.6	1925	100	7	59	46	53	19	17	2	16	15	2	95
30733573_zpid	30733573_zpid	11224	2860 W 16th St, Brooklyn, NY 11224	40.577502	-73.984177	0.103608363699	2	0.481199949031	4	0.249075003898	2	15	7	3000	1175000	0	2375	1920	220	36	92	140	104	64	116	52	52	68	16	336
60023201_zpid	60023201_zpid	10475	3406 Wright Ave, Bronx, NY 10475	40.880919	-73.833079	0.680984243423	1	0.313723868169	4	0.43784262397	1	8	6	3300	550000	78	2017	2000	2	1	8	15	7	13	15	8	7	4	2	55
30707127_zpid	30707127_zpid	11228	1414 77th St, Brooklyn, NY 11228	40.61739	-74.006176	0.270343809559	10	0.474430892299	4	0.639249432873	2	2	1.5	1940	206000	137	2650	1925	9	11	6	22	6	41	39	43	17	3	3	70
30693101_zpid	30693101_zpid	11209	7026 3rd Ave, Brooklyn, NY 11209	40.6343579	-74.0268398	0.0887796655821	13	0.0842273773419	4	0.300285240834	2	5	7	4800	1088000	146	2200	1931	137	23	46	47	36	34	30	86	20	16	5	140
29828304_zpid	29828304_zpid	10469	1046 E 218th St, Bronx, NY 10469	40.879494	-73.853402	0.480248198065	8	0.570195334826	2	0.92101180419	0	4	1.5	992	354000	7	1742	1930	106	20	55	75	61	66	11	8	34	22	11	106
83178357_zpid	83178357_zpid	10466	3538 Ely Ave, Bronx, NY 10466	40.8815609	-73.8417217	0.508324593823	5	0.111360382436	3	0.38310077938	1	5	3.5	4509	515100	15	2369	2013	14	11	6	4	3	21	6	3	11	2	1	26
29825902_zpid	29825902_zpid	10467	3438 Olinville Ave, Bronx, NY 10467	40.876472	-73.867794	0.162521507719	7	0.281050669149	4	0.16746872982	3	3	1.5	1800	280900	82	2400	1915	326	14	104	127	107	33	24	10	39	35	24	205
55540918_zpid	55540918_zpid	10459	1044 Hoe Ave, Bronx, NY 10459	40.824427	-73.8902279	0.193233839703	6	0.0870629368406	5	0.242134256454	5	6	3	2700	399000	0	2028	1994	253	23	102	126	111	25	31	7	39	41	31	224
29792507_zpid	29792507_zpid	10473	2233 Cincinnatus Ave, Bronx, NY 10473	40.820744	-73.8471129	0.159886899159	3	0.0813471831051	2	1.55502302395	0	4	3	1900	250000	0	2500	1935	29	12	14	2	5	15	8	2	11	3	4	46
30583740_zpid	30583740_zpid	11215	489 3rd St, Brooklyn, NY 11215	40.670944	-73.978903	0.122483520141	15	0.301801436577	5	0.533495211959	1	6	4	3960	2200000	47	1980	1899	212	264	80	184	104	72	276	196	124	48	64	828
30583740_zpid	30583740_zpid	11215	489 3rd St, Brooklyn, NY 11215	40.670944	-73.978903	0.122483520141	15	0.560860874674	3	0.533495211959	1	6	4	3960	2200000	47	1980	1899	212	264	80	184	104	72	276	196	124	48	64	828
29783877_zpid	29783877_zpid	10459	1425 Bryant Ave, Bronx, NY 10459	40.830647	-73.888896	0.531509434171	5	0.335625404091	6	0.254039612825	3	6	3	2520	415000	16	2200	1995	140	29	35	67	50	30	20	6	18	19	14	118
30763132_zpid	30763132_zpid	11234	1486A E 52nd St, Brooklyn, NY 11234	40.623163	-73.925662	0.135659726421	9	0.132223091653	1	2.14661702101	0	2	1.5	944	127500	226	566280	1925	9	32	7	12	9	47	36	17	20	7	8	103
30739909_zpid	30739909_zpid	11223	2562 E 1st St, Brooklyn, NY 11223	40.586992	-73.968901	0.222922126635	5	0.256105166541	1	0.538568428864	1	3	3	1200	240000	274	4000	1983	85	8	10	11	8	16	34	22	13	2	4	62
30598864_zpid	30598864_zpid	11233	1800 Saint Johns Pl, Brooklyn, NY 11233	40.669632	-73.917859	0.42089733138	6	0.317942076008	3	0.680551113737	1	11	3	3150	360000	29	1600	1920	150	13	80	72	54	12	9	7	19	28	10	99
30738389_zpid	30738389_zpid	11223	2335 Stillwell Ave, Brooklyn, NY 11223	40.590295	-73.983677	0.0709724264393	5	0.524547654538	2	0.162029400433	2	3	1	1050	470000	117	2000	1910	8	6	4	7	3	11	3	3	7	2	2	10
30645097_zpid	30645097_zpid	11208	1110 Glenmore Ave, Brooklyn, NY 11208	40.677085	-73.867972	0.130205730826	7	0.255351626939	8	0.24672967113	2	6	2	3300	397500	138	1877	1910	167	28	87	97	54	66	40	11	86	33	15	237
30740149_zpid	30740149_zpid	11235	2541 Hubbard St, Brooklyn, NY 11235	40.5881465	-73.9629758	0.203022942093	9	0.369737114986	1	0.758570246954	0	4	2	1827	325000	10	2500	1910	33	12	10	16	11	41	42	25	15	8	4	64
30755995_zpid	30755995_zpid	11234	1545 Marine Pkwy, Brooklyn, NY 11234	40.614373	-73.94353	0.184801686211	2	0.452145568098	3	1.36371240383	0	5	3	1881	797000	8	1875	1940	5	6	2	10	2	19	11	12	19	3	1	52
29779611_zpid	29779611_zpid	10456	770 E 169th St, Bronx, NY 10456	40.830321	-73.899599	0.142992251684	6	0.16875961579	9	0.654108673664	1	3	1.5	1314	270000	47	2161	1987	267	15	111	128	77	41	7	8	18	41	21	179
30660798_zpid	30660798_zpid	11203	1163 New York Ave, Brooklyn, NY 11203	40.644816	-73.945688	0.266361952566	4	0.31911362887	3	0.278062150305	3	3	3.5	1386	715000	1	3000	1910	82	8	68	38	56	29	12	4	23	14	13	69
64869743_zpid	64869743_zpid	11234	1328 E 69th St, Brooklyn, NY 11234	40.622883	-73.913693	0.422687365591	5	0.724993246241	1	2.82899006971	0	3	3	1836	656000	10	2703	2005	84	16	36	44	16	192	96	88	88	20	32	364
30655853_zpid	30655853_zpid	11203	5312 Beverley Rd, Brooklyn, NY 11203	40.646309	-73.926319	0.38646742532	5	0.540076616963	3	1.88523107821	0	5	4	1956	560000	8	6000	1925	97	23	29	19	27	39	36	9	11	18	8	118
112077805_zpid	112077805_zpid	11249	135 N 11th St APT 5J, Brooklyn, NY 11249	40.7206588	-73.9559479	0.081107876092	12	0.213323008246	3	0.344907328883	2	1	1	586	786800	25	10000	1930	61	62	6	13	3	27	16	13	9	38	1	82
