83049845_zpid	83049845_zpid	11207	47 De Sales Pl, Brooklyn, NY 11207	40.6816969	-73.9053579	0.172347536818	4	0.34230925383	3	0.071319422608	8	10	4	4127	1250000	0	1985	2006	49	18	44	50	38	11	16	14	12	19	6	105
30598751_zpid	30598751_zpid	11233	1576 Eastern Pkwy, Brooklyn, NY 11233	40.670902	-73.915713	0.41274504745	8	0.514335409218	5	0.904603916454	0	3	2	4400	10000	22	1883	1920	138	6	82	92	50	9	10	8	21	35	17	108
30646504_zpid	30646504_zpid	11207	656 Alabama Ave, Brooklyn, NY 11207	40.659847	-73.895148	0.460323245228	1	0.221421079151	3	0.366498093481	4	6	2	2084	360000	127	2317	1920	194	14	113	102	106	30	41	13	37	55	15	211
30781701_zpid	30781701_zpid	11234	2069 E 60th St, Brooklyn, NY 11234	40.614941	-73.915519	0.253873168331	6	0.576025371479	1	3.36671336599	0	4	3.5	1660	570000	119	2000	1960	8	10	7	6	3	24	18	7	16	1	3	50
29833213_zpid	29833213_zpid	10466	967 E 231st St, Bronx, NY 10466	40.8896227	-73.8499365	0.117115650168	7	0.287699492697	3	0.748456718151	1	2	1.5	1317	270000	133	1393	1940	81	9	36	29	27	82	24	6	29	13	13	91
30778928_zpid	30778928_zpid	11236	1654 E 92nd St, Brooklyn, NY 11236	40.631839	-73.894451	0.356561397212	7	0.174142539781	4	1.76365835114	0	7	3	3245	615000	16	2800	1955	148	40	56	60	24	136	64	64	64	32	12	220
30778928_zpid	30778928_zpid	11236	1654 E 92nd St, Brooklyn, NY 11236	40.631839	-73.894451	0.356561397212	6	0.174142539781	4	1.76365835114	0	7	3	3245	615000	16	2800	1955	148	40	56	60	24	136	64	64	64	32	12	220
30594734_zpid	30594734_zpid	11225	281 Empire Blvd, Brooklyn, NY 11225	40.664057	-73.952853	0.310057665609	8	0.200902059779	5	0.223686590238	3	3	3	2240	1260000	8	1650	1915	512	99	199	192	199	25	35	16	45	84	20	304
30720884_zpid	30720884_zpid	11223	1736 E 2nd St, Brooklyn, NY 11223	40.607234	-73.971908	0.173404166625	7	0.276106907264	5	0.199128722886	2	8	6	5692	518000	45	2933	2003	75	18	25	32	30	52	22	31	26	15	1	122
30695201_zpid	30695201_zpid	11228	1017 Bay Ridge Pkwy, Brooklyn, NY 11228	40.624175	-74.01333	0.416766198903	6	0.331182531137	3	1.04823786076	0	5	3	3480	1180000	7	2500	1925	10	8	4	19	5	47	41	34	13	3	4	67
30705617_zpid	30705617_zpid	11204	1714 74th St, Brooklyn, NY 11204	40.614922	-73.997394	0.216800796361	11	0.194623726867	7	0.314448965311	2	7	3	3336	990000	14	2000	1901	11	12	6	34	7	38	23	16	11	4	4	60
30708856_zpid	30708856_zpid	11228	8018 14th Ave, Brooklyn, NY 11228	40.615899	-74.008802	0.302596396896	8	0.506605981787	3	0.741935621794	1	6	4	2884	1560000	6	2650	1931	6	19	4	21	0	30	47	37	23	6	3	64
30611161_zpid	30611161_zpid	11216	194 Macdonough St, Brooklyn, NY 11216	40.681326	-73.938754	0.105408682027	10	0.134654618951	8	0.236665758251	2	1	1	3360	1590000	8	2000	1899	68	68	47	65	34	6	23	13	23	18	16	101
30732364_zpid	30732364_zpid	11224	3819 Cypress Ave, Brooklyn, NY 11224	40.578792	-74.006765	0.336732804802	2	0.438578829883	1	2.16409495043	0	5	4	2293	635520	2	3005	1930	30	9	7	23	7	2	16	2	14	3	2	37
30731392_zpid	30731392_zpid	11214	2659 Cropsey Ave, Brooklyn, NY 11214	40.588979	-73.989949	0.331074709398	4	0.808774784142	0	0.522994532557	1	7	4	3430	840000	52	4000	1965	12	8	9	22	6	19	27	21	26	8	4	51
30623020_zpid	30623020_zpid	11211	143 Devoe St, Brooklyn, NY 11211	40.713926	-73.94496	0.21365298881	14	0.0715041664661	4	0.104483338237	4	6	3	2764	1029000	57	2500	1901	32	94	25	64	29	37	54	10	25	13	21	227
30778559_zpid	30778559_zpid	11236	1324 E 101st St, Brooklyn, NY 11236	40.6384169	-73.889962	0.441164250983	5	0.246287400677	3	1.35982451786	0	3	2	1320	185000	258	1807740.0	1955	27	5	26	22	3	22	17	14	14	8	2	67
29853936_zpid	29853936_zpid	10471	6118 Delafield Ave, Bronx, NY 10471	40.910493	-73.901847	0.460667977351	7	0.486355402067	4	1.26202416412	0	7	3	2540	496000	44	2375	1950	8	9	6	13	5	8	26	10	9	4	3	40
30665787_zpid	30665787_zpid	11218	30 E 10th St, Brooklyn, NY 11218	40.647663	-73.97084	0.233241764265	10	0.824831106825	0	0.479415985665	3	4	2.5	2469	1800000	5	1915	1930	94	27	40	53	50	29	23	20	23	20	5	116
30598310_zpid	30598310_zpid	11233	2180 Dean St, Brooklyn, NY 11233	40.674752	-73.915456	0.345611268425	3	0.29376381574	2	0.574208986779	2	3	2	3090	820000	11	2042	1939	226	19	125	126	79	42	34	20	52	49	36	175
30598115_zpid	30598115_zpid	11233	2311 Pacific St, Brooklyn, NY 11233	40.675636	-73.909056	0.209043202268	7	0.207337008107	4	0.349362855323	6	5	3	1960	170000	169	1250	1901	186	18	111	158	107	37	29	19	49	65	30	171
30609401_zpid	30609401_zpid	11216	355 Tompkins Ave, Brooklyn, NY 11216	40.685629	-73.944124	0.0394435297499	9	0.299253398153	8	0.692648273291	2	4	2	1600	940000	14	2106	1910	452	160	268	420	280	68	100	52	148	160	68	640
30786170_zpid	30786170_zpid	11234	2028 Hendrickson St, Brooklyn, NY 11234	40.6118189	-73.926618	0.322593586465	2	0.976506894011	0	2.65956805533	0	4	2	1856	889000	0	3000	1930	44	40	16	28	12	112	96	92	60	12	28	352
30636487_zpid	30636487_zpid	11207	177 Highland Blvd, Brooklyn, NY 11207	40.681544	-73.89503	0.276896195981	3	0.247095074575	3	0.508545166669	2	6	3	2120	551500	94	2461	1925	67	26	43	43	27	45	31	33	23	19	8	97
30638153_zpid	30638153_zpid	11207	165 Ashford St, Brooklyn, NY 11207	40.678728	-73.885983	0.153608433432	8	0.212762313753	5	0.17688343403	4	6	2	1572	303000	170	2500	1950	46	18	40	52	34	38	32	4	33	20	2	89
30594675_zpid	30594675_zpid	11225	124 Sullivan Pl, Brooklyn, NY 11225	40.664087	-73.956706	0.232180600041	8	0.288203298066	5	0.516659528144	5	5	2	2640	775000	21	2550	1925	481	60	186	160	181	16	33	17	52	66	21	284
30607255_zpid	30607255_zpid	11205	220 Spencer St, Brooklyn, NY 11205	40.691803	-73.954896	0.208715859504	9	0.115127184681	5	0.346388488094	3	1	1	800	660000	125	1700	1901	144	70	35	63	36	32	47	34	26	14	19	164
29813983_zpid	29813983_zpid	10461	1165 Sackett Ave, Bronx, NY 10461	40.846834	-73.847213	0.361770762475	7	0.538437104072	2	0.84677660398	0	4	1	1660	445000	19	6398	1930	49	14	16	30	12	34	27	20	20	7	4	95
30627824_zpid	30627824_zpid	11221	222 Palmetto St, Brooklyn, NY 11221	40.694898	-73.915259	0.371680776836	8	0.134021804618	3	0.562972139346	3	8	4	3750	995000	21	2087	1931	106	31	90	122	82	28	35	8	53	44	26	163
30595058_zpid	30595058_zpid	11225	478 Empire Blvd, Brooklyn, NY 11225	40.663899	-73.946342	0.245067527209	6	0.164698546767	7	0.401861459455	3	6	4	3007	650000	73	2650	1920	273	54	107	125	121	34	34	17	30	46	9	213
30579341_zpid	30579341_zpid	11220	430 58th St, Brooklyn, NY 11220	40.641295	-74.016569	0.0764310765708	7	0.0677377501571	7	0.111074567165	2	2	1	2850	1100000	26	2003	1899	164	61	57	75	57	32	64	38	51	27	7	229
30639066_zpid	30639066_zpid	11208	163 Atkins Ave, Brooklyn, NY 11208	40.675209	-73.87886	0.281424096488	9	0.186494390902	6	0.199722491458	4	7	2	1292	590000	12	3188	1950	174	21	95	112	83	52	46	15	44	62	18	213
29841057_zpid	29841057_zpid	10465	1154 Ellsworth Ave, Bronx, NY 10465	40.836333	-73.822685	0.254088591763	4	0.225158297964	1	1.42183965636	0	5	2	3722	561000	31	4791	1910	6	7	9	7	8	8	29	11	10	4	4	38
29836436_zpid	29836436_zpid	10466	4014 Amundson Ave, Bronx, NY 10466	40.89204	-73.836398	0.449604032436	2	0.563725828451	4	0.626558320046	1	7	3	2400	370000	49	3325	1920	45	4	15	21	2	49	26	11	26	9	4	58
30704747_zpid	30704747_zpid	11204	2111 73rd St, Brooklyn, NY 11204	40.6106188	-73.9878319	0.272485245923	12	0.254868362424	6	0.52293128914	1	7	4	2480	1090000	11	2500	1925	77	23	29	42	43	49	23	25	23	13	2	104
30567336_zpid	30567336_zpid	11201	18 Cranberry St, Brooklyn, NY 11201	40.7000531	-73.9947942	0.178967378874	12	0.325731321565	2	0.293970259008	3	5	2	750	1775000	40	1675	1845	27	68	12	25	16	8	31	21	17	7	6	87
30787450_zpid	30787450_zpid	11234	2758 E 63rd St, Brooklyn, NY 11234	40.606964	-73.914432	1.00280608563	0	1.21997093309	0	3.60950807246	0	3	1.5	1584	650000	0	1800	1963	3	4	2	5	3	17	4	27	20	2	1	29
29813132_zpid	29813132_zpid	10462	856 Kinsella St, Bronx, NY 10462	40.84548	-73.8601259	0.112170792166	9	0.274231692031	4	0.794401741021	0	6	3	2064	375000	48	2482	1901	153	25	42	51	29	63	37	20	25	20	9	122
30734179_zpid	30734179_zpid	11223	1913 W 13th St, Brooklyn, NY 11223	40.6000309	-73.9846448	0.296767309974	8	0.35026039671	7	0.318086531503	3	3	3	1158	800000	21	2800	1925	28	12	10	14	5	39	28	34	14	5	3	53
30572219_zpid	30572219_zpid	11231	369 Union St, Brooklyn, NY 11231	40.6816	-73.993094	0.262743238737	14	0.438664207016	2	0.142309443632	2	5	4	3840	3650000	6	1800	1920	24	39	9	42	12	20	42	28	27	5	5	132
30573291_zpid	30573291_zpid	11231	86 Pioneer St, Brooklyn, NY 11231	40.678206	-74.009603	0.191862040752	4	0.161252712211	3	1.11591381668	0	3	2	1600	1490000	0	1667	1910	120	236	64	108	48	52	128	36	44	44	12	304
30790185_zpid	30790185_zpid	11235	53 Corbin Pl, Brooklyn, NY 11235	40.580611	-73.954423	0.14814037931	11	0.427644965094	7	0.665857107185	2	3	3.5	2012	875000	9	1600	1940	245	43	53	67	48	63	49	32	42	28	15	169
30604541_zpid	30604541_zpid	11221	227 Malcolm X Blvd APT 3, Brooklyn, NY 11221	40.685184	-73.9292229	0.0660980191406	10	0.169786517673	2	0.660236835927	1	4	2	1500	468000	137	1917	1910	117	35	58	96	70	32	17	4	17	39	19	144
30574433_zpid	30574433_zpid	11232	201 32nd St, Brooklyn, NY 11232	40.655698	-74.000215	0.225457334617	5	0.553865041223	2	0.384684218085	2	2	1	4320	215000	218	2003	1910	92	120	48	68	44	28	112	60	52	4	36	264
68310697_zpid	68310697_zpid	11209	347 94th St, Brooklyn, NY 11209	40.6173623	-74.0319336	0.155835500883	11	0.0880925269123	5	0.144579168846	2	4	3.5	2500	111700	137	774	2012	119	36	31	34	31	76	48	32	6	13	8	179
30750746_zpid	30750746_zpid	11210	908 E 35th St, Brooklyn, NY 11210	40.632525	-73.943063	0.0567366994083	2	0.0997632209472	3	0.388381680158	1	5	2	1980	679000	0	1999	1915	98	25	54	56	56	55	34	24	25	19	6	146
30669897_zpid	30669897_zpid	11230	1703 Glenwood Rd, Brooklyn, NY 11230	40.632809	-73.960637	0.312788888712	6	0.342467981509	3	0.311764936037	2	10	5.5	4192	990000	18	7500	1904	392	88	316	308	332	160	120	124	92	88	16	444
30669897_zpid	30669897_zpid	11230	1703 Glenwood Rd, Brooklyn, NY 11230	40.632809	-73.960637	0.312788888712	6	0.286001647086	4	0.311764936037	2	10	5.5	4192	990000	18	7500	1904	392	88	316	308	332	160	120	124	92	88	16	444
30773637_zpid	30773637_zpid	11236	1061 E 94th St, Brooklyn, NY 11236	40.6442369	-73.905044	0.258490177168	5	1.01925915924	0	0.381024126857	1	3	3	1224	450000	109	25	1930	53	10	24	35	19	68	34	8	13	26	8	113
29794594_zpid	29794594_zpid	10472	1102 Wheeler Ave, Bronx, NY 10472	40.826085	-73.87922	0.163205391504	6	0.295897733492	4	0.278465715708	3	5	3	2000	350000	41	2003	1930	566	67	182	205	182	53	31	6	68	82	20	322
30730218_zpid	30730218_zpid	11214	160 Bay 35th St, Brooklyn, NY 11214	40.5966221	-73.9935923	0.326005320919	9	0.478655986943	6	0.584218598892	2	9	7	3621	1295214	30	2880	2013	368	60	140	180	108	284	144	92	84	48	12	440
30730218_zpid	30730218_zpid	11214	160 Bay 35th St, Brooklyn, NY 11214	40.5966221	-73.9935923	0.459991050938	7	0.478655986943	6	0.584218598892	2	9	7	3621	1295214	30	2880	2013	368	60	140	180	108	284	144	92	84	48	12	440
30585044_zpid	30585044_zpid	11215	332 10th St, Brooklyn, NY 11215	40.668973	-73.988127	0.102998071651	15	0.190915167387	4	0.209135348777	4	4	3	2104	1690000	15	1733	1899	90	108	32	72	29	39	59	38	37	24	22	260
96788910_zpid	96788910_zpid	11221	480 Kosciuszko St, Brooklyn, NY 11221	40.6922629	-73.9349	0.422682356064	11	0.498592055826	6	0.527542875674	2	3	1.5	780	1000	66	1250	1800	143	72	76	104	85	43	35	16	29	49	46	211
30719740_zpid	30719740_zpid	11230	1616 E 2nd St, Brooklyn, NY 11230	40.610228	-73.972501	0.167863095608	10	0.277904700492	3	0.16021434677	2	3	1.5	4914	320000	279	3699	1930	17	4	7	22	7	37	16	10	3	7	3	63
30749771_zpid	30749771_zpid	11235	2672 E 21st St, Brooklyn, NY 11235	40.586716	-73.948241	0.165548350811	10	0.453955717825	3	0.500361324484	1	6	3	2100	725000	19	2300	1930	70	19	14	42	9	47	32	26	36	12	5	141
29846808_zpid	29846808_zpid	10465	3068 Harding Ave, Bronx, NY 10465	40.816508	-73.8092099	0.551766219374	2	0.799280107929	0	3.80630653341	0	2	2	960	370000	107	1947	1960	5	7	3	5	2	8	19	12	13	3	4	50
30756455_zpid	30756455_zpid	11234	1585 E 36th St, Brooklyn, NY 11234	40.616522	-73.938504	0.36695624868	3	0.207157730851	4	1.76984009586	0	3	3	2112	650000	7	1900	1925	18	15	14	26	6	44	22	21	38	8	3	108
30731036_zpid	30731036_zpid	11214	188 Bay 43rd St, Brooklyn, NY 11214	40.591778	-73.989168	0.247092933444	6	0.660320496494	1	0.561695528049	2	5	2	2301	949000	0	2062	1955	52	40	48	68	12	76	132	92	108	28	20	272
30760928_zpid	30760928_zpid	11234	1398 E 49th St, Brooklyn, NY 11234	40.626961	-73.929039	0.176807877197	9	0.393537571672	1	1.70229660969	0	3	2.5	1872	559000	11	2200	1930	31	18	18	26	17	53	28	18	23	7	3	86
30727847_zpid	30727847_zpid	11229	1716 E 28th St, Brooklyn, NY 11229	40.6091849	-73.945802	0.429157208489	3	0.731162726574	1	1.01682777475	0	3	4	2828	759837	1	3250	1925	148	24	72	96	40	144	104	132	100	12	12	364
30727847_zpid	30727847_zpid	11229	1716 E 28th St, Brooklyn, NY 11229	40.6091849	-73.945802	0.429157208489	3	0.730520722185	2	1.01682777475	0	3	4	2828	759837	1	3250	1925	148	24	72	96	40	144	104	132	100	12	12	364
29812867_zpid	29812867_zpid	10462	1721 White Plains Rd, Bronx, NY 10462	40.844205	-73.866043	0.237095476287	10	0.313257227327	3	0.553323805326	2	3	3	2200	250000	181	1125	1920	83	13	47	52	41	51	24	11	21	26	10	113
64427670_zpid	64427670_zpid	11222	99 Kingsland Ave APT 207, Brooklyn, NY 11222	40.7198076	-73.9409331	0.064860956611	9	0.427649227898	2	0.640223811024	1	1	1	600	445000	32	7500	2005	18	30	13	29	5	6	25	19	22	5	7	88
30789472_zpid	30789472_zpid	11235	3027 Brighton 2nd St, Brooklyn, NY 11235	40.5781611	-73.9654098	0.122430829516	8	0.219294937093	7	0.332687203498	2	3	2	1050	350000	100	2450	1925	113	46	66	86	60	53	37	17	46	19	23	238
30664160_zpid	30664160_zpid	11210	832 E 38th St, Brooklyn, NY 11210	40.63502	-73.940425	0.409856372094	1	0.452242371791	1	0.656370329276	1	4	2	1762	525000	20	2937	1930	220	32	224	224	276	172	96	56	108	92	16	544
30602007_zpid	30602007_zpid	11206	139 Marcus Garvey Blvd, Brooklyn, NY 11206	40.693834	-73.9398889	0.17510793067	12	0.252129913376	4	0.51822797683	2	3	1	2000	750000	129	2000	1931	420	124	180	272	164	124	76	116	72	124	60	500
30608455_zpid	30608455_zpid	11216	219 Lexington Ave, Brooklyn, NY 11216	40.6875969	-73.953564	0.0904628276823	10	0.284485549744	5	0.310075698019	2	1	1	2100	690000	44	1655	1899	114	114	70	100	65	30	25	13	24	40	35	206
30683359_zpid	30683359_zpid	11219	1020 40th St, Brooklyn, NY 11219	40.643495	-73.993054	0.146296804914	5	0.170397769737	6	0.305933514513	2	6	3	2238	685000	19	1742	2013	66	11	43	60	50	37	34	50	29	21	5	114
30766005_zpid	30766005_zpid	11203	323 E 59th St, Brooklyn, NY 11203	40.646105	-73.920802	0.212439803455	3	0.894151891539	0	1.60190947951	0	2	2	1560	380000	9	1600	1940	68	12	16	24	12	36	68	20	16	4	16	128
30783257_zpid	30783257_zpid	11234	2425 E 70th St, Brooklyn, NY 11234	40.61414	-73.901965	0.814322619163	0	0.717603271168	1	3.61945496326	0	3	2.5	2172	608000	44	2475	1975	2	12	2	7	0	4	18	9	11	1	3	42
30749942_zpid	30749942_zpid	11235	2407 Voorhies Ave, Brooklyn, NY 11235	40.586916	-73.944835	0.124807275886	8	0.660432301926	2	0.787899625348	0	4	1.5	1512	789000	0	1960	1930	48	13	11	31	5	44	30	30	34	5	4	107
29836410_zpid	29836410_zpid	10466	4085 Amundson Ave, Bronx, NY 10466	40.89365	-73.837546	0.525675373604	1	0.521732010567	3	0.820808809673	0	6	3	3744	600000	118	5000	1935	33	3	7	13	4	53	26	10	21	7	5	52
30609927_zpid	30609927_zpid	11221	476 Putnam Ave, Brooklyn, NY 11221	40.6849057	-73.9423809	0.125081333396	11	0.291403316649	9	0.569592074511	1	12	4	3760	1650000	0	2000	1915	104	26	65	75	62	13	18	9	30	37	8	124
30785489_zpid	30785489_zpid	11234	1846 E 52nd St, Brooklyn, NY 11234	40.614174	-73.924701	0.523680416735	6	1.08721466442	0	2.84128475049	0	2	1	1800	400000	46	2200	1955	16	5	10	12	12	35	29	22	20	7	9	101
30619660_zpid	30619660_zpid	11222	212 Eagle St, Brooklyn, NY 11222	40.735219	-73.951846	0.257610855436	7	0.458781625485	2	0.59447505786	1	6	3	1350	335000	145	2500	1899	67	60	49	50	30	30	27	18	16	20	9	152
64812729_zpid	64812729_zpid	10457	317 Mount Eden Pkwy, Bronx, NY 10457	40.842859	-73.906175	0.323988249136	9	0.197832072339	5	0.475249545666	4	2	1	1200	462397	144	2100	2002	326	62	216	226	214	30	21	13	57	48	27	257
29783485_zpid	29783485_zpid	10459	1333 Bristow St, Bronx, NY 10459	40.831494	-73.895099	0.330987901851	2	0.253611195295	6	0.313347899907	1	8	3	3000	330000	45	3001	1910	188	79	83	110	94	29	21	6	20	44	19	168
30711562_zpid	30711562_zpid	11228	8661 14th Ave, Brooklyn, NY 11228	40.6114	-74.012702	0.154998793894	6	0.367750711301	1	1.00298760512	0	5	3	2700	980000	10	2178	1930	6	14	3	16	2	23	42	36	25	5	5	58
29852904_zpid	29852904_zpid	10471	5041 Fieldston Rd, Bronx, NY 10471	40.8978059	-73.9018911	0.749837314353	1	0.835572467921	0	0.925892937811	0	4	3.5	2725	452500	237	6529	1925	64	4	24	28	24	20	60	12	28	0	16	60
30619818_zpid	30619818_zpid	11222	138 Huron St, Brooklyn, NY 11222	40.732672	-73.955869	0.0540081331796	12	0.120433014889	4	0.3209807057	1	9	6	6000	3199000	0	1999	2007	99	130	66	75	48	57	43	28	30	21	15	261
29822585_zpid	29822585_zpid	10469	2430 Tiemann Ave, Bronx, NY 10469	40.8618809	-73.837734	0.419707256072	2	0.260754882027	1	1.12007023347	0	3	2.5	1728	420000	55	2492	1965	9	10	2	6	0	8	28	13	11	1	3	44
29845147_zpid	29845147_zpid	10465	611 Logan Ave, Bronx, NY 10465	40.825382	-73.819028	0.595016648939	1	0.394611642505	2	2.52072952712	0	5	2	1824	520000	44	2613	1920	14	17	6	18	5	12	19	22	15	1	5	63
