30706127_zpid	30706127_zpid	11214	7507 New Utrecht Ave, Brooklyn, NY 11214	40.615287	-73.999791	0.123988750145	10	0.156068219348	4	0.21051803211	2	4	2	2240	1038000	14	1846	1931	28	5	7	16	6	13	14	17	9	6	4	73
30740484_zpid	30740484_zpid	11235	2866 Brighton 4th St, Brooklyn, NY 11235	40.5812791	-73.9648171	0.217682963438	7	0.42259714018	7	0.501466774647	2	9	4	2500	407000	167	2475	1930	260	168	184	284	104	236	156	96	124	68	88	704
30740484_zpid	30740484_zpid	11235	2866 Brighton 4th St, Brooklyn, NY 11235	40.5812791	-73.9648171	0.217682963438	8	0.42259714018	7	0.501466774647	2	9	4	2500	407000	167	2475	1930	260	168	184	284	104	236	156	96	124	68	88	704
29833832_zpid	29833832_zpid	10466	1036 E 233rd St, Bronx, NY 10466	40.889936	-73.847342	0.170210497874	5	0.187978044796	3	0.926437025168	0	5	2	1900	579000	0	2473	1965	42	15	25	20	13	72	23	6	30	17	9	73
30789053_zpid	30789053_zpid	11234	2312 E 63rd St, Brooklyn, NY 11234	40.612602	-73.910004	0.433910777476	2	0.518622870216	1	3.85273914101	0	5	4	5100	1625000	8	51	2010	1	7	3	5	2	10	6	14	11	1	0	28
30602166_zpid	30602166_zpid	11221	465 Kosciuszko St, Brooklyn, NY 11221	40.6925185	-73.9365287	0.324151453376	11	0.456053239716	6	0.527081544326	2	3	1	2363	590000	57	1750	1931	148	65	76	109	91	36	26	15	26	50	37	193
30619923_zpid	30619923_zpid	11222	99 Java St, Brooklyn, NY 11222	40.7315952	-73.9569761	0.075893841115	13	0.172386462102	4	0.295774949156	1	12	4	4560	1250000	135	2400	1931	74	119	49	62	38	52	40	24	26	15	12	222
30698126_zpid	30698126_zpid	11209	205 82nd St, Brooklyn, NY 11209	40.6270416	-74.0322115	0.195635702163	12	0.68583419564	1	0.582064857382	2	4	4	2904	1400000	23	4000	1935	51	38	16	24	12	41	41	41	8	7	2	100
30773854_zpid	30773854_zpid	11236	1114 E 92nd St, Brooklyn, NY 11236	40.642148	-73.906281	0.24638451525	7	0.797206031365	0	0.625846477653	1	4	2	2152	165000	192	2628	2001	168	28	84	80	52	260	140	24	72	64	28	460
30768534_zpid	30768534_zpid	11236	755 E 81st St, Brooklyn, NY 11236	40.636609	-73.912802	0.0935888004836	6	0.158491332436	2	1.45127524402	0	7	3	2587	415000	151	1992	1960	31	7	27	17	12	71	31	15	25	10	9	95
30602685_zpid	30602685_zpid	11221	280 Van Buren St, Brooklyn, NY 11221	40.690686	-73.935574	0.359624587612	11	0.479738211697	6	0.642633997481	2	5	3	2331	508000	46	1829	1899	195	43	100	143	106	37	35	15	36	52	42	236
30605224_zpid	30605224_zpid	11233	700 Halsey St, Brooklyn, NY 11233	40.684316	-73.9257499	0.334711272493	9	0.442377180075	4	0.66046881725	3	5	2.5	2376	450000	75	1667	1899	134	62	85	97	60	15	14	13	41	33	25	159
29783122_zpid	29783122_zpid	10460	821 Elsmere Pl, Bronx, NY 10460	40.8430044	-73.887446	0.0384805900235	10	0.102405796912	4	0.636808805615	2	6	4	2500	425000	61	108900000	1901	251	17	114	100	107	22	17	8	34	38	19	180
29787396_zpid	29787396_zpid	10463	114 Van Cortlandt Ave W, Bronx, NY 10463	40.884172	-73.893907	0.352749740727	3	0.161861259785	2	0.588598309284	2	3	2.5	1406	405600	52	1548	1945	2004	56	184	268	192	92	116	68	76	60	52	416
30767142_zpid	30767142_zpid	11236	593 E 87th St, Brooklyn, NY 11236	40.642351	-73.911741	0.338840740237	5	0.521748028586	2	0.963026796212	0	5	3	2090	100000	278	2000	1960	40	6	22	19	8	51	23	5	22	15	5	99
30624780_zpid	30624780_zpid	11206	33 Arion Pl, Brooklyn, NY 11206	40.698749	-73.936126	0.11639787025	11	0.238407136005	4	0.176159291939	3	3	2	1200	100000	270	2169	1920	70	61	37	48	29	20	32	20	38	16	10	184
89072072_zpid	89072072_zpid	11203	198 E 40th St, Brooklyn, NY 11203	40.6507366	-73.9402501	0.130844033674	3	0.475952234901	2	0.787646283345	0	8	5.5	4160	700100	3	2000	1931	120	20	82	79	71	67	16	6	27	32	6	120
30713735_zpid	30713735_zpid	11228	179 Bay 10th St, Brooklyn, NY 11228	40.607165	-74.012394	0.0934476366236	7	0.578742900033	3	0.905002464869	0	4	2.75	1906	868000	32	3383	1915	12	12	6	20	4	46	52	54	44	4	10	100
30574437_zpid	30574437_zpid	11232	193A 32nd St, Brooklyn, NY 11232	40.655835	-74.000443	0.203229876955	5	0.545001000934	2	0.372646817264	2	2	1	2400	465000	156	2003	1910	92	120	48	68	44	28	116	60	52	4	36	264
30605587_zpid	30605587_zpid	11233	571 Macdonough St, Brooklyn, NY 11233	40.683566	-73.923362	0.390299661362	9	0.537253818189	4	0.55957056984	3	2	1	2352	500000	136	1867	1901	181	76	116	135	101	21	22	15	50	72	20	229
30601072_zpid	30601072_zpid	11233	63 Mother Gaston Blvd, Brooklyn, NY 11233	40.6794736	-73.9080907	0.304171386855	5	0.335723607549	4	0.251344096189	8	11	3.5	2994	1250000	0	1799	1910	197	21	133	160	111	37	35	15	48	73	23	174
29785920_zpid	29785920_zpid	10468	2439 Morris Ave, Bronx, NY 10468	40.8617119	-73.9001623	0.261703838712	10	0.182957422954	14	0.141910046218	5	6	3	2019	450000	40	2993	1915	508	71	208	238	276	19	37	8	79	79	58	409
29983143_zpid	29983143_zpid	11207	722 Van Siclen Ave APT C2, Brooklyn, NY 11207	40.6616986	-73.8868989	0.183101212462	5	0.295102700238	7	0.453366671297	2	3	1.5	1012	48000	287	22215.600000000002	1972	676	40	432	356	344	88	124	32	164	220	52	740
30607674_zpid	30607674_zpid	11206	60 Pulaski St, Brooklyn, NY 11206	40.692131	-73.949262	0.190270747052	11	0.563426757652	5	0.312789178575	2	2	1	850	414311	117	1875	1910	53	19	50	78	34	26	12	13	25	19	18	111
30643327_zpid	30643327_zpid	11208	282 Hemlock St, Brooklyn, NY 11208	40.682902	-73.871257	0.111149371635	7	0.186858824444	7	0.215866533982	1	3	0.5	1368	450000	120	2047	1910	135	40	77	95	67	71	38	10	90	44	8	213
30710538_zpid	30710538_zpid	11228	1158 84th St, Brooklyn, NY 11228	40.616836	-74.015834	0.583487285747	3	0.878270185755	0	1.24549628421	0	3	2.5	1710	1075000	9	2333	1935	10	6	0	8	0	13	26	8	9	3	2	22
30672868_zpid	30672868_zpid	11218	249 E 4th St, Brooklyn, NY 11218	40.646258	-73.97671	0.201358092113	12	0.342313959417	4	0.351786645141	2	7	3	2094	906000	34	2134	1910	440	164	108	212	160	176	196	124	80	64	44	656
30672868_zpid	30672868_zpid	11218	249 E 4th St, Brooklyn, NY 11218	40.646258	-73.97671	0.201358092113	12	0.342313959417	5	0.351786645141	2	7	3	2094	906000	34	2134	1910	440	164	108	212	160	176	196	124	80	64	44	656
29813878_zpid	29813878_zpid	10461	1518 Lurting Ave, Bronx, NY 10461	40.843366	-73.849766	0.079469783902	8	0.396801268338	3	0.688848393561	1	5	2	1710	300000	16	3940	1910	101	14	35	35	19	34	31	21	24	9	7	122
30620892_zpid	30620892_zpid	11222	74 Jewel St, Brooklyn, NY 11222	40.7278189	-73.946859	0.124474411099	15	0.418700857616	4	0.514328767171	2	6	3	2800	950000	42	1800	1901	25	41	16	21	9	21	25	19	16	13	10	117
30771767_zpid	30771767_zpid	11236	8401 Avenue N, Brooklyn, NY 11236	40.629443	-73.901353	0.812965079338	0	0.579009983934	1	1.91637968952	0	3	2	1610	460000	14	2000	1955	46	7	18	20	9	49	23	10	24	6	8	62
30752655_zpid	30752655_zpid	11210	1027 E 32nd St, Brooklyn, NY 11210	40.62629	-73.944522	0.255914018184	4	0.295201174603	3	0.774906519041	0	4	2.5	2597	355000	165	2000	1925	143	24	74	61	58	84	48	24	35	16	9	158
30602996_zpid	30602996_zpid	11221	950 Greene Ave, Brooklyn, NY 11221	40.6906109	-73.929838	0.222223900748	9	0.330633719244	3	0.31607169422	2	5	3	2565	990000	8	1900	1899	208	71	108	137	125	57	35	18	40	63	40	298
30789220_zpid	30789220_zpid	11235	2925 Brighton 4th St, Brooklyn, NY 11235	40.580306	-73.9643318	0.220558668885	7	0.330485406342	7	0.39135396373	2	3	1	647	293000	23	1600	1945	116	51	66	96	42	64	43	24	40	24	26	241
30783323_zpid	30783323_zpid	11234	7215 Avenue Y, Brooklyn, NY 11234	40.6146346	-73.8996323	0.974581350771	0	0.875735721417	0	3.56930403303	0	4	3.5	5500	1300000	117	10000	1985	2	9	1	4	0	3	15	5	7	1	2	31
29841754_zpid	29841754_zpid	10461	2838 Lasalle Ave, Bronx, NY 10461	40.837948	-73.832976	0.209336209035	2	0.966612973577	0	0.716217240909	1	3	2	1248	410000	139	2509	1920	24	20	15	16	10	41	27	20	10	6	2	79
30744098_zpid	30744098_zpid	11229	2020 Coyle St, Brooklyn, NY 11229	40.602649	-73.937771	0.309323296872	4	0.352981524373	3	1.57935426289	0	5	2	2040	575000	22	1758	1930	26	9	10	13	7	15	35	21	18	0	3	61
30644932_zpid	30644932_zpid	11208	178 Fountain Ave, Brooklyn, NY 11208	40.675775	-73.875749	0.200430268099	10	0.175299020354	5	0.310738886647	3	3	2	889	265000	58	2000	1920	161	21	81	90	66	54	52	10	42	44	15	186
30778445_zpid	30778445_zpid	11236	1336 E 99th St, Brooklyn, NY 11236	40.637353	-73.891235	0.334963078143	7	0.0880074886208	4	1.36966027648	0	3	3	1635	244000	187	2000	1955	27	10	23	26	3	35	15	14	16	8	1	68
30592085_zpid	30592085_zpid	11238	735 Franklin Ave, Brooklyn, NY 11238	40.673485	-73.95666	0.15898007369	15	0.506465199548	5	0.164772144461	5	4	3	2430	1610001	12	1388	1910	173	118	85	85	66	21	14	15	22	24	15	129
30785946_zpid	30785946_zpid	11234	2048 E 38th St, Brooklyn, NY 11234	40.609643	-73.929077	0.157247390959	2	0.870009925192	0	2.43105938412	0	3	1.5	1800	649900	11	1999	1930	8	44	12	16	8	72	108	92	76	0	12	248
30766106_zpid	30766106_zpid	11236	254 Dorset St, Brooklyn, NY 11236	40.64611	-73.918954	0.332018561901	3	0.993892697124	0	1.44592423184	0	2	1	1488	194000	50	1439	1940	8	2	10	11	7	15	14	3	6	6	2	40
30597984_zpid	30597984_zpid	11203	713 E New York Ave, Brooklyn, NY 11203	40.662505	-73.939105	0.145265567735	8	0.180245630168	6	0.806517486291	0	1	1	3116	315000	37	2250	1923	144	20	102	82	65	33	18	18	22	22	10	108
30724240_zpid	30724240_zpid	11230	928 E 12th St, Brooklyn, NY 11230	40.626484	-73.96476	0.319078489407	5	0.284407833353	4	0.363086395056	2	4	1.5	2511	624000	128	3000	1915	444	100	228	228	248	220	108	152	96	76	40	620
30699911_zpid	30699911_zpid	11209	130 87th St, Brooklyn, NY 11209	40.623539	-74.0358509	0.414821318797	8	0.515684020054	1	0.636816305464	1	3	3	2200	1350000	29	2500	2009	56	31	16	36	13	44	30	20	13	5	4	95
30601634_zpid	30601634_zpid	11233	1306 Herkimer St, Brooklyn, NY 11233	40.677265	-73.910221	0.0502953336161	7	0.0334041453246	3	0.144276794212	8	3	2	1224	323000	22	1280	1901	924	104	652	768	536	200	160	108	240	332	120	888
30672675_zpid	30672675_zpid	11218	53 Kermit Pl, Brooklyn, NY 11218	40.6487089	-73.973228	0.140704477327	14	0.441322001889	2	0.246540684178	1	5	4	1152	998000	1	842	1905	101	31	39	53	46	32	24	30	28	20	6	119
30654958_zpid	30654958_zpid	11203	454 E 54th St, Brooklyn, NY 11203	40.6475004	-73.9262496	0.462222416087	6	0.453592110195	3	1.76483652378	0	2	2	1008	150000	2	2783	1925	95	16	40	32	41	46	33	7	14	21	10	133
30673692_zpid	30673692_zpid	11218	364 E 2nd St, Brooklyn, NY 11218	40.642359	-73.978456	0.142703071706	12	0.0980314534362	10	0.213805271189	2	4	2.5	1495	1375000	0	2000	1930	608	180	176	264	200	264	236	264	92	80	60	828
30673692_zpid	30673692_zpid	11218	364 E 2nd St, Brooklyn, NY 11218	40.642359	-73.978456	0.142703071706	11	0.0980314534362	10	0.213805271189	2	4	2.5	1495	1375000	0	2000	1930	608	180	176	264	200	264	236	264	92	80	60	828
30670692_zpid	30670692_zpid	11215	1511 11th Ave, Brooklyn, NY 11215	40.65828	-73.97517	0.257554369971	9	0.262132737471	3	0.474476702626	1	7	3	3560	2350000	19	1757	1920	36	52	20	12	12	44	24	12	20	4	4	68
94718834_zpid	94718834_zpid	11235	228 Corbin Pl, Brooklyn, NY 11235	40.5759859	-73.9537003	0.174889086081	7	0.492120670165	3	0.667315073449	1	4	4	4968	1200000	100	5783	2016	476	132	92	156	100	96	136	60	84	56	16	344
29783367_zpid	29783367_zpid	10460	1545 Charlotte St, Bronx, NY 10460	40.834455	-73.892805	0.111265398022	4	0.162928728413	4	0.487127573626	2	5	3	2700	300000	42	6800	1985	58	13	27	37	27	12	7	2	12	20	5	88
30602334_zpid	30602334_zpid	11221	442 Kosciuszko St, Brooklyn, NY 11221	40.692117	-73.936406	0.312899487564	11	0.470630225176	6	0.570131843053	2	4	4	2520	65000	28	1600	1899	157	50	81	121	94	37	31	14	30	49	40	211
30731039_zpid	30731039_zpid	11214	194 Bay 43rd St, Brooklyn, NY 11214	40.591639	-73.989319	0.232776968709	5	0.678664589055	1	0.563424280612	2	5	2.5	2301	888500	7	2062	1955	52	40	48	68	12	76	132	92	104	28	20	272
30660580_zpid	30660580_zpid	11203	3515 Beverley Rd, Brooklyn, NY 11203	40.645705	-73.9436209	0.269103325682	5	0.187460548663	3	0.455913830595	1	4	1	2080	549000	0	1600	1920	91	8	75	47	57	32	14	4	23	19	15	75
30588846_zpid	30588846_zpid	11215	1612 10th Ave, Brooklyn, NY 11215	40.65907	-73.9785	0.0551043410193	13	0.245023304899	5	0.208404442391	1	4	2	3192	1325000	45	1556	1905	38	32	17	22	16	16	19	10	16	2	7	61
30763738_zpid	30763738_zpid	11234	1520 Kimball St, Brooklyn, NY 11234	40.619259	-73.9374	0.475663290742	3	0.310093014891	3	1.74157582978	0	7	3.5	3080	550750	70	2500	1930	36	13	19	21	12	42	28	18	23	9	2	99
83050225_zpid	83050225_zpid	11238	456A Classon Ave APT 1, Brooklyn, NY 11238	40.6843069	-73.959402	0.304133534024	13	0.366356024099	5	0.475978580695	5	4	4.5	2700	1325000	26	1500	1900	115	176	65	115	66	32	48	18	49	18	43	190
30780850_zpid	30780850_zpid	11234	7212 Bergen Ct, Brooklyn, NY 11234	40.624635	-73.910904	0.628029819693	2	0.832911405172	0	2.56770396365	0	7	4	3013	625000	19	2100	1965	19	3	7	7	2	41	14	20	15	4	5	72
30769665_zpid	30769665_zpid	11236	12 Paerdegat 2nd St, Brooklyn, NY 11236	40.631807	-73.911814	0.357312896078	5	0.403773219511	4	1.85473501304	0	5	2	2165	620000	91	863794.7999999999	1965	96	16	48	40	20	116	72	8	76	16	8	180
30581280_zpid	30581280_zpid	11232	850 41st St, Brooklyn, NY 11232	40.645183	-73.997336	0.129778309415	5	0.165496828068	4	0.282776708316	2	17	7	3120	1250000	11	2504	1914	220	124	104	104	100	192	56	48	28	28	20	296
30581280_zpid	30581280_zpid	11232	850 41st St, Brooklyn, NY 11232	40.645183	-73.997336	0.129778309415	4	0.165496828068	4	0.282776708316	2	17	7	3120	1250000	11	2504	1914	220	124	104	104	100	192	56	48	28	28	20	296
29850287_zpid	29850287_zpid	10464	85 Winters St, Bronx, NY 10464	40.84373	-73.786353	0.0965079890971	3	3.32696753222	0	3.58001455535	0	3	2	2000	549998	0	4821	1940	18	13	5	8	3	2	34	10	9	3	22	44
30769431_zpid	30769431_zpid	11236	955 E 87th St, Brooklyn, NY 11236	40.637907	-73.906769	0.228944770184	8	0.473391469546	2	1.05865659625	0	3	2	1152	67000	76	20	1920	45	6	21	17	10	82	29	14	27	13	8	111
29797704_zpid	29797704_zpid	10472	1337 Bronx River Ave, Bronx, NY 10472	40.8325419	-73.881213	0.324450614591	5	0.483322252304	3	0.473291696739	2	6	3	2600	585000	102	3362	1915	147	27	54	69	60	38	19	4	27	27	7	111
30663003_zpid	30663003_zpid	11210	690 E 38th St, Brooklyn, NY 11210	40.638519	-73.940837	0.564834436549	4	0.61226937765	1	0.659784361077	1	3	2	1881	460000	15	3233	1940	528	24	408	352	396	104	36	4	96	100	24	648
30695000_zpid	30695000_zpid	11209	437 Bay Ridge Pkwy, Brooklyn, NY 11209	40.630518	-74.023847	0.122245563253	20	0.157640666857	5	0.164928367745	2	2	1	2100	996500	4	1700	1899	64	55	42	53	29	46	59	65	25	17	7	175
30778779_zpid	30778779_zpid	11236	10521 Flatlands 7th St, Brooklyn, NY 11236	40.640939	-73.886383	0.813467771489	0	0.658870664035	2	1.45310866669	0	4	4	2392	629000	6	4167	1960	68	4	48	48	28	12	48	12	44	12	8	160
30575775_zpid	30575775_zpid	11220	723 46th St, Brooklyn, NY 11220	40.6444082	-74.0027432	0.231727750317	9	0.188720520278	7	0.741397486396	1	5	2	3120	1180000	26	2003	1915	89	36	40	60	40	64	54	23	26	13	6	151
30570964_zpid	30570964_zpid	11201	187 Court St, Brooklyn, NY 11201	40.6876185	-73.9931063	0.0163622424806	16	0.213490346059	4	0.250589537411	7	3	3	2318	3500000	0	1233	1931	224	372	60	240	60	136	248	128	104	44	36	860
30778948_zpid	30778948_zpid	11236	1657 E 92nd St, Brooklyn, NY 11236	40.632031	-73.893925	0.307636935901	6	0.201573330194	4	1.76010338639	0	3	2.5	1200	449000	0	2000	1925	132	40	60	60	24	144	64	60	52	32	8	220
30778948_zpid	30778948_zpid	11236	1657 E 92nd St, Brooklyn, NY 11236	40.632031	-73.893925	0.307636935901	7	0.201573330194	4	1.76010338639	0	3	2.5	1200	449000	0	2000	1925	132	40	60	60	24	144	64	60	52	32	8	220
30647414_zpid	30647414_zpid	11207	733 Alabama Ave, Brooklyn, NY 11207	40.658355	-73.893379	0.722124633359	3	0.346900056155	3	0.496059881538	2	7	3	2320	300000	151	24	1925	97	10	71	79	55	27	40	14	22	40	8	146
30589986_zpid	30589986_zpid	11238	108 Underhill Ave, Brooklyn, NY 11238	40.677325	-73.966106	0.214367537662	14	0.232320087097	6	0.460560298866	4	3	3	2580	380000	197	1140	1800	168	154	65	86	82	31	49	39	48	35	14	227
30664393_zpid	30664393_zpid	11225	26 Chester Ct, Brooklyn, NY 11225	40.6584911	-73.9613054	0.090569569497	12	0.126567542486	5	0.356481952848	2	4	2.5	2800	658000	45	1649	1915	1184	368	600	476	548	48	132	64	192	156	44	776
29780089_zpid	29780089_zpid	10459	1022 Prospect Ave, Bronx, NY 10459	40.824148	-73.899423	0.121051719373	6	0.127572317411	6	0.309662675798	3	10	3	2760	87000	285	1620	1920	169	29	93	120	103	21	17	5	30	47	25	194
30793585_zpid	30793585_zpid	11229	15 Seba Ave, Brooklyn, NY 11229	40.5868364	-73.9246424	0.403144246827	2	1.36342936055	0	2.49495382027	0	3	2	1462	485000	57	1800	1940	2	3	1	14	0	0	31	11	22	2	5	39
30769783_zpid	30769783_zpid	11236	1017 E 80th St, Brooklyn, NY 11236	40.633667	-73.91076	0.267745546841	5	0.279810622403	3	1.62988556706	0	6	4.5	3450	385000	74	2000	1965	32	6	20	21	9	69	27	10	28	10	7	84
29849251_zpid	29849251_zpid	10465	2831 Collis Pl, Bronx, NY 10465	40.815083	-73.817802	0.47448076656	3	0.486404356823	1	3.42663398245	0	4	2	2614	518500	103	1524	1940	9	11	7	4	4	10	13	8	11	4	8	49
112500024_zpid	112500024_zpid	11226	361 E 26th St, Brooklyn, NY 11226	40.64149	-73.952164	0.310231154432	7	0.248090078799	5	0.359504075405	2	6	3	3282	590000	23	2000	1905	416	118	185	197	166	74	44	19	40	86	22	343
30665506_zpid	30665506_zpid	11225	148 Winthrop St, Brooklyn, NY 11225	40.656542	-73.955143	0.153126976661	14	0.209746807219	8	0.440314247823	2	4	2.5	2048	1508800	8	2400	1905	948	200	512	412	316	92	116	52	160	168	24	620
30576021_zpid	30576021_zpid	11220	772 46th St, Brooklyn, NY 11220	40.64346	-74.00196	0.157928702761	8	0.0863947138569	8	0.706518102355	2	5	2.5	3480	1750000	0	2003	1925	65	25	32	45	28	66	49	17	22	4	4	132
30593542_zpid	30593542_zpid	11225	1190 Union St, Brooklyn, NY 11225	40.668752	-73.951956	0.144134882475	12	0.400866431087	5	0.144607173188	5	3	3	2750	1320000	9	2555	1915	387	63	156	178	152	21	18	7	42	66	20	214
2099545452_zpid	2099545452_zpid	11235	2600 East 28th Street, Brooklyn, NY 11235	40.5893244	-73.9417684	0.187262079155	8	0.288205353506	3	1.08145417923	0	3	3	1932	679000	0	1520	1950	63	15	18	21	13	35	28	39	29	3	4	104
30601692_zpid	30601692_zpid	11233	1352 Herkimer St, Brooklyn, NY 11233	40.6771839	-73.908796	0.163788126164	5	0.149073000987	3	0.221414626923	8	2	1	2565	307000	14	1537	1910	203	24	139	170	115	41	34	21	54	73	28	198
2118149013_zpid	2118149013_zpid	11226	2408 Beverley Rd, Brooklyn, NY 11226	40.644575	-73.954376	0.238453682896	6	0.352594591817	5	0.461235996931	2	10	5	2633	615000	35	2500	1920	389	107	197	226	169	78	43	14	48	78	28	378
30731480_zpid	30731480_zpid	11214	178 Bay 47th St, Brooklyn, NY 11214	40.588049	-73.988243	0.302892565858	4	0.649104414005	1	0.388684804111	1	3	1	1000	458000	58	1933	1930	13	10	8	24	6	22	21	22	26	9	5	47
30756822_zpid	30756822_zpid	11234	1652 E 32nd St, Brooklyn, NY 11234	40.613267	-73.940602	0.108874530104	2	0.23044858136	2	1.54186412197	0	5	3	1650	407400	10	2500	1930	4	13	4	12	2	17	17	18	32	3	3	64
30669255_zpid	30669255_zpid	11226	463 E 28th St, Brooklyn, NY 11226	40.639124	-73.949965	0.313290973158	6	0.164269623402	5	0.161362724052	3	7	3.5	2400	715000	30	4000	1899	203	78	89	105	89	43	24	6	20	39	8	155
30608629_zpid	30608629_zpid	11216	220 Lexington Ave, Brooklyn, NY 11216	40.687208	-73.952817	0.16536892297	10	0.26487978069	6	0.322121819036	3	3	2	3000	270000	167	2000	1931	528	468	320	436	296	132	124	60	108	176	144	924
30608629_zpid	30608629_zpid	11216	220 Lexington Ave, Brooklyn, NY 11216	40.687208	-73.952817	0.16536892297	10	0.26487978069	5	0.322121819036	3	3	2	3000	270000	167	2000	1931	528	468	320	436	296	132	124	60	108	176	144	924
30597784_zpid	30597784_zpid	11213	31 Ford St, Brooklyn, NY 11213	40.6649352	-73.9290712	0.231355467393	14	0.209911615345	9	0.535928731015	2	4	2	1944	255000	29	1089	1950	305	31	141	123	119	31	18	9	25	59	19	179
29846473_zpid	29846473_zpid	10465	3144 Schley Ave, Bronx, NY 10465	40.826057	-73.815816	0.489017331427	4	0.626373601907	1	2.62902954261	0	3	2	1543	164000	165	2500	1957	11	14	7	14	1	7	17	19	14	0	4	48
30793538_zpid	30793538_zpid	11229	17 Melba Ct, Brooklyn, NY 11229	40.587369	-73.9250471	0.373210299888	2	1.31047824293	0	2.46128582874	0	2	1	576	305000	102	1785	1920	2	3	2	14	0	0	30	10	20	2	4	40
30758115_zpid	30758115_zpid	11234	1109 E 48th St, Brooklyn, NY 11234	40.634094	-73.930153	0.150347755801	5	0.939833350728	0	1.48408161971	0	4	3	2000	500000	3	2150	1940	11	10	11	8	2	15	17	6	9	8	2	46
30786095_zpid	30786095_zpid	11234	2037 Kimball St, Brooklyn, NY 11234	40.611019	-73.927415	0.235302630024	2	0.934648664042	0	2.58231822785	0	3	2	1728	503000	1	2500	1925	9	10	2	6	2	24	25	20	16	2	5	79
30650413_zpid	30650413_zpid	11212	24 E 92nd St, Brooklyn, NY 11212	40.663367	-73.929603	0.253386070501	11	0.126582761085	6	0.600853799694	2	3	1.5	1540	285000	28	1600	1955	444	20	204	212	160	104	32	16	60	80	32	452
62648132_zpid	62648132_zpid	11237	162 Stockholm St, Brooklyn, NY 11237	40.69926	-73.922669	0.112428338621	12	0.306161737058	7	0.258310497149	3	9	5	3300	700000	28	1498	2002	184	77	130	183	146	26	21	10	64	76	26	275
30628190_zpid	30628190_zpid	11221	458 Central Ave, Brooklyn, NY 11221	40.692265	-73.915348	0.272563219063	7	0.337102997122	4	0.653760864013	2	1	1	2700	655000	20	1600	1910	179	47	123	166	116	42	43	9	76	61	51	217
30598205_zpid	30598205_zpid	11233	2266 Pacific St, Brooklyn, NY 11233	40.675162	-73.908956	0.200667907804	6	0.255521163605	5	0.401130883763	6	5	2	900	1700000	0	5359	1899	166	14	97	137	93	36	29	16	46	55	25	156
30709826_zpid	30709826_zpid	11228	1414 82nd St, Brooklyn, NY 11228	40.614583	-74.009101	0.329100253706	8	0.364233925103	2	0.727562241198	1	5	4	2520	1250000	10	2500	1935	8	15	2	17	1	30	48	34	24	7	4	63
30713862_zpid	30713862_zpid	11214	1641 Cropsey Ave, Brooklyn, NY 11214	40.604688	-74.010853	0.188430724101	6	0.367737339547	2	0.851980403417	0	3	1.5	2390	555000	61	1564	1930	13	8	10	19	6	29	13	34	17	2	2	56
