30571103_zpid	30571103_zpid	11217	179 Wyckoff St, Brooklyn, NY 11217	40.684785	-73.986973	0.176367515257	11	0.314665741752	2	0.361511897763	6	9	3	2700	2395000	0	2000	1899	27	57	5	34	11	37	40	13	14	13	10	104
30762131_zpid	30762131_zpid	11234	1490 E 48th St, Brooklyn, NY 11234	40.624311	-73.929674	0.175792035706	11	0.233749176315	2	1.79026065383	0	3	1.5	1410	385000	50	2000	1935	24	17	13	20	20	50	30	24	18	5	3	106
68314760_zpid	68314760_zpid	11234	6686 Avenue M, Brooklyn, NY 11234	40.62344	-73.914109	0.455257656066	5	0.796266263307	0	2.78395796574	0	3	4	2200	680000	6	2711	2005	19	4	9	10	4	51	21	22	19	7	5	93
30581241_zpid	30581241_zpid	11232	749 42nd St, Brooklyn, NY 11232	40.6463279	-73.99982	0.115716555527	8	0.14269622483	8	0.46422647734	1	5	2	975	805000	38	1878	1905	68	37	28	29	27	52	18	12	8	8	6	84
30604621_zpid	30604621_zpid	11221	120 Ralph Ave, Brooklyn, NY 11221	40.685833	-73.923549	0.241008938178	9	0.556305156993	3	0.436250046745	2	2	1	1237	525000	18	1325	1927	133	52	72	101	77	18	13	6	28	42	20	159
29791366_zpid	29791366_zpid	10473	407 Bolton Ave, Bronx, NY 10473	40.813747	-73.857552	0.570670264085	2	0.882638678591	0	2.15141185691	0	3	2	1500	207500	69	1116	1925	36	9	17	34	10	34	10	15	14	19	6	86
30600858_zpid	30600858_zpid	11233	264 Macdougal St, Brooklyn, NY 11233	40.680178	-73.909648	0.235737358679	6	0.265739332414	4	0.210310562882	6	6	4	2970	392500	57	1800	1900	186	18	145	158	113	37	32	13	48	75	24	174
30613413_zpid	30613413_zpid	11238	411 Classon Ave, Brooklyn, NY 11238	40.686932	-73.959337	0.400558578832	10	0.410246877565	6	0.224755389292	5	6	4	3596	1725000	0	19	1901	99	102	61	86	54	19	33	14	37	14	25	129
30730468_zpid	30730468_zpid	11214	128 Bay 40th St, Brooklyn, NY 11214	40.595144	-73.989214	0.366298446361	8	0.317024800376	5	0.349074427815	1	4	2	1728	663000	26	1800	1965	84	32	56	60	32	144	128	84	84	32	12	292
30695066_zpid	30695066_zpid	11209	537 Bay Ridge Pkwy, Brooklyn, NY 11209	40.6290819	-74.021362	0.141635512954	14	0.138122615033	4	0.358062818352	2	5	2	3300	935000	11	2463	1899	75	25	38	43	28	37	47	49	26	22	5	126
30626812_zpid	30626812_zpid	11221	1120 Greene Ave, Brooklyn, NY 11221	40.693225	-73.923871	0.26735901712	9	0.255850069702	5	0.417410426737	4	4	4	3060	200000	16	1700	1901	205	68	86	116	94	48	40	19	62	43	30	271
30781450_zpid	30781450_zpid	11234	1411 E 68th St, Brooklyn, NY 11234	40.621395	-73.912643	0.385345138227	4	0.53720712806	1	2.95595426177	0	5	4	3254	665000	57	3600	1986	23	4	8	15	5	44	28	21	22	4	7	83
30574331_zpid	30574331_zpid	11232	207 31st St, Brooklyn, NY 11232	40.656383	-73.99983	0.251497763664	5	0.471706368293	1	0.44605426237	2	4	2	1680	630000	40	2000	1930	23	32	12	17	11	9	27	14	13	1	9	66
30764598_zpid	30764598_zpid	11234	1536 E 54th St, Brooklyn, NY 11234	40.620187	-73.923378	0.233130950387	12	0.503770737325	1	2.48702138291	0	3	1.5	1382	280000	157	2400	1920	11	25	4	10	9	40	28	17	20	4	8	130
30790200_zpid	30790200_zpid	11235	85 Corbin Pl, Brooklyn, NY 11235	40.579896	-73.954226	0.0909280833612	10	0.402686806573	4	0.645815237619	1	2	2	1720	590500	8	1503	1940	212	43	48	62	41	53	50	31	39	29	12	148
30580272_zpid	30580272_zpid	11218	570 17th St, Brooklyn, NY 11218	40.65666	-73.980022	0.269360395019	10	0.209643459328	4	0.442849634994	1	4	3	2110	2025000	7	1600	1931	2	5	8	5	5	10	8	8	6	0	2	20
29842640_zpid	29842640_zpid	10461	2936 Harrington Ave, Bronx, NY 10461	40.840603	-73.831062	0.41859759133	4	0.637530307399	1	0.57264228482	2	3	3	1504	442000	2	2227	1925	52	22	12	16	15	54	43	24	10	6	1	83
29789142_zpid	29789142_zpid	10470	140 E 236th St, Bronx, NY 10470	40.8976309	-73.871235	0.172140833785	1	0.323839186271	1	0.744217941096	1	5	2	2780	427000	16	5000	1920	53	12	10	9	7	36	12	14	14	6	1	63
30733792_zpid	30733792_zpid	11224	3739 Oceanic Ave, Brooklyn, NY 11224	40.575545	-74.004498	0.663291613364	1	0.299572224709	2	1.97815499283	0	6	2.5	2080	100000	263	6000	1930	188	52	56	160	48	16	68	28	68	52	4	188
30592072_zpid	30592072_zpid	11213	1111 Park Pl, Brooklyn, NY 11213	40.673198	-73.940785	0.251483286909	9	0.288713507122	4	0.455919728361	2	4	3	2862	1405000	10	3000	1901	293	73	140	144	132	36	36	12	39	68	23	290
30574456_zpid	30574456_zpid	11232	159 32nd St, Brooklyn, NY 11232	40.6564226	-74.0015015	0.112172124256	4	0.521967680921	3	0.331641090415	2	6	3	2850	970000	12	1421	1910	23	30	13	17	12	8	38	19	14	1	9	79
30607193_zpid	30607193_zpid	11206	240 Vernon Ave, Brooklyn, NY 11206	40.695199	-73.942049	0.112980629042	10	0.114094702571	4	0.568747997133	3	3	1	1100	425000	90	2000	1931	115	39	60	92	54	53	20	36	17	36	23	152
30587564_zpid	30587564_zpid	11215	536 4th St, Brooklyn, NY 11215	40.66825	-73.97618	0.278604466338	14	0.750478826926	0	0.412124013444	1	6	4	2559	6450000	0	3400	1899	29	36	13	23	11	12	55	32	21	4	12	141
30714258_zpid	30714258_zpid	11214	180 Bay 26th St, Brooklyn, NY 11214	40.600187	-74.000807	0.120298118556	6	0.159633941765	7	0.535060787332	2	3	1.5	1256	255000	199	2900	1925	181	20	50	46	35	75	44	31	18	16	10	128
30696183_zpid	30696183_zpid	11209	7706 Narrows Ave, Brooklyn, NY 11209	40.631797	-74.0367909	0.51679150503	2	0.914013955683	0	0.980112481871	0	3	1.5	1622	867000	57	2613	1925	9	5	2	5	3	16	27	53	9	0	1	30
30771661_zpid	30771661_zpid	11236	1341 E 80th St, Brooklyn, NY 11236	40.629374	-73.903555	0.891669902447	0	0.735420250282	1	1.92898521616	0	8	4	3920	630000	32	49	1960	176	20	64	76	36	196	92	28	108	20	32	224
30625859_zpid	30625859_zpid	11221	53 Stockholm St, Brooklyn, NY 11221	40.696375	-73.926187	0.286552373902	14	0.205448052819	5	0.194025568265	3	6	3	1392	737500	3	1667	1930	164	89	72	99	77	57	33	23	49	37	29	248
30623401_zpid	30623401_zpid	11211	320 Humboldt St, Brooklyn, NY 11211	40.712869	-73.942127	0.0970695697493	10	0.0927220414038	4	0.175811744185	4	7	4	1968	1750000	9	2500	1901	33	82	18	50	28	33	42	8	24	14	17	169
30732697_zpid	30732697_zpid	11224	1524 Hart Pl, Brooklyn, NY 11224	40.581855	-73.983975	0.577641381922	3	0.132658110753	1	0.545221549401	1	3	2	1950	75000	282	1498	1930	28	4	15	22	10	12	20	10	6	9	1	43
30731496_zpid	30731496_zpid	11214	163 Bay 46th St, Brooklyn, NY 11214	40.5889765	-73.9878223	0.27901833776	4	0.731396810007	1	0.343318281336	1	2	1	1940	470000	17	2680	1931	12	8	9	26	6	22	24	21	28	8	5	49
30623173_zpid	30623173_zpid	11211	148 Devoe St, Brooklyn, NY 11211	40.713506	-73.945032	0.260602068721	14	0.100907761724	4	0.143948186446	4	3	3	1850	24000	268	1406	1901	32	92	25	63	28	36	53	8	23	13	18	215
30587195_zpid	30587195_zpid	11215	475 1st St, Brooklyn, NY 11215	40.671432	-73.9765531	0.12334258097	13	0.18603769207	4	0.644316781796	2	4	3.5	1600	1825000	102	1683	1901	32	46	10	28	17	17	66	39	27	9	14	183
30696749_zpid	30696749_zpid	11209	7805 Colonial Rd, Brooklyn, NY 11209	40.6302892	-74.0338293	0.473611370827	8	0.825365068183	0	0.705480217187	1	3	1	1648	865000	44	3000	1925	37	30	7	13	11	32	41	72	14	3	2	73
30639865_zpid	30639865_zpid	11207	471 Miller Ave, Brooklyn, NY 11207	40.669114	-73.890027	0.263354914294	7	0.478752548265	6	0.410612227002	4	6	3	1880	649999	0	1742	1930	136	22	97	105	109	24	44	7	52	46	22	218
30669478_zpid	30669478_zpid	11210	2341 Foster Ave, Brooklyn, NY 11210	40.638395	-73.9546249	0.159841352076	5	0.163429718995	4	0.553303233156	1	7	3	3564	1100000	0	2116	1910	115	17	69	65	47	25	14	9	12	32	6	132
30723937_zpid	30723937_zpid	11230	787 E 19th St, Brooklyn, NY 11230	40.6314909	-73.958337	0.27183539619	8	0.527502874746	4	0.372750833745	3	8	2.5	3293	1450000	15	7200	1905	360	52	264	248	300	128	108	112	52	68	12	388
30723937_zpid	30723937_zpid	11230	787 E 19th St, Brooklyn, NY 11230	40.6314909	-73.958337	0.27183539619	7	0.527502874746	4	0.372750833745	3	8	2.5	3293	1450000	15	7200	1905	360	52	264	248	300	128	108	112	52	68	12	388
30764108_zpid	30764108_zpid	11234	4402 Avenue M, Brooklyn, NY 11234	40.620776	-73.932732	0.309824930638	9	0.283791040394	3	1.84098292135	0	3	1	2300	440000	6	2300	1920	39	32	16	30	25	43	33	18	15	11	0	154
112508832_zpid	112508832_zpid	11233	838 Halsey St, Brooklyn, NY 11233	40.684902	-73.92065	0.178704376937	6	0.401212126514	4	0.380308730772	3	9	4	3700	1500000	0	1817	1909	160	51	115	121	103	11	28	14	49	75	17	220
30793666_zpid	30793666_zpid	11229	12 Landis Ct, Brooklyn, NY 11229	40.588201	-73.926579	0.413716397113	2	1.15811261952	0	2.33572636308	0	2	1	1200	329000	0	1700	1925	1	3	1	16	0	1	28	10	19	1	3	35
30736644_zpid	30736644_zpid	11223	2121 W 10th St, Brooklyn, NY 11223	40.5955059	-73.9809443	0.365367866481	7	0.108496062207	3	0.26699738388	4	6	4	2470	1450000	0	2300	1930	38	14	6	20	8	32	26	33	18	4	4	60
30650162_zpid	30650162_zpid	11208	1013 Hemlock St, Brooklyn, NY 11208	40.6636447	-73.8659411	0.507051822507	1	0.159875092176	4	1.40594125609	0	5	3	1602	539000	24	2600	1920	20	3	6	10	3	8	18	3	5	6	1	45
30590070_zpid	30590070_zpid	11238	428 Saint Marks Ave, Brooklyn, NY 11238	40.6766	-73.960781	0.202183022382	14	0.255504963156	6	0.335333651189	6	4	3	1848	1600000	0	2409	1915	804	800	308	392	344	200	164	184	200	144	72	932
30637916_zpid	30637916_zpid	11208	132 Elton St, Brooklyn, NY 11208	40.6804429	-73.884983	0.282945396773	7	0.134514520173	5	0.0623759731787	3	6	3	1920	660000	5	1100	1930	252	52	172	164	176	144	104	80	104	80	48	436
72690393_zpid	72690393_zpid	11235	191 Jaffrey St, Brooklyn, NY 11235	40.578291	-73.942362	0.877444775803	0	1.37027406254	0	1.38261963217	0	4	4	3676	2150000	0	3120	2006	68	20	4	44	12	56	76	28	44	4	4	104
72690393_zpid	72690393_zpid	11235	191 Jaffrey St, Brooklyn, NY 11235	40.578291	-73.942362	0.71493377024	1	1.37027406254	0	1.38261963217	0	4	4	3676	2150000	0	3120	2006	68	20	4	44	12	56	76	28	44	4	4	104
29850709_zpid	29850709_zpid	10464	162 Rochelle St, Bronx, NY 10464	40.838859	-73.782522	0.549036084239	1	3.66135724196	0	4.06692037088	0	5	2	1734	530000	80	2500	1927	3	4	1	1	0	1	11	3	7	1	4	14
30611356_zpid	30611356_zpid	11216	355 Herkimer St, Brooklyn, NY 11216	40.679415	-73.941642	0.215179854718	9	0.235421974442	7	0.0869102320775	3	5	3	2268	585000	45	1785	1911	167	78	76	118	64	21	30	18	37	34	26	188
30586774_zpid	30586774_zpid	11217	54 8th Ave, Brooklyn, NY 11217	40.674102	-73.972923	0.181119272967	14	0.182804721347	5	0.218659629815	2	9	6.25	5986	1960000	142	2000	1886	20	17	3	8	1	5	25	9	18	7	7	65
30594095_zpid	30594095_zpid	11225	189 Crown St, Brooklyn, NY 11225	40.666735	-73.954398	0.304755673612	10	0.384369769359	6	0.338714813937	5	4	2	2400	175000	315	2400	1910	529	82	227	223	206	26	27	13	62	93	30	312
30622197_zpid	30622197_zpid	11222	103 Monitor St, Brooklyn, NY 11222	40.7227675	-73.9424152	0.259586508018	12	0.12053108022	1	0.775991879467	0	1	1	900	70000	265	1800	1910	29	49	18	49	13	16	39	25	27	8	14	155
30692025_zpid	30692025_zpid	11220	175 Bay Ridge Ave, Brooklyn, NY 11220	40.637093	-74.0294459	0.111774618237	9	0.220338179856	3	0.564666526632	1	5	2	1992	880000	4	2901	1925	144	60	100	104	68	112	84	116	40	44	8	240
30601206_zpid	30601206_zpid	11233	1095 Herkimer St, Brooklyn, NY 11233	40.67809	-73.9171889	0.238972528913	2	0.475936660956	4	0.372205761607	2	4	3	1701	415000	15	15	1899	248	20	142	179	124	47	39	17	61	76	36	238
30573832_zpid	30573832_zpid	11232	136 20th St, Brooklyn, NY 11232	40.663977	-73.996724	0.242757303704	8	0.414320000857	1	0.362470274224	2	3	3	1960	890000	31	1561	1910	28	19	14	19	8	18	23	23	14	7	4	59
30774084_zpid	30774084_zpid	11236	745 E 101st St, Brooklyn, NY 11236	40.646406	-73.898109	0.314161779833	6	0.262942815228	2	0.317179217249	2	2	1	770	110000	218	2000	1955	50	11	23	21	12	43	17	6	14	14	6	96
30762896_zpid	30762896_zpid	11234	2024 Schenectady Ave, Brooklyn, NY 11234	40.6225499	-73.930521	0.13504813082	9	0.327992679456	2	1.84485119209	0	5	2.5	1950	455000	8	2425	1920	34	23	14	21	20	35	35	26	19	7	0	129
30667978_zpid	30667978_zpid	11226	2514 Beverley Rd, Brooklyn, NY 11226	40.644654	-73.953528	0.168056383766	6	0.396951791872	5	0.389072438231	2	3	1.5	1408	340000	32	1879	1930	348	60	174	196	144	84	43	13	41	75	29	345
30717840_zpid	30717840_zpid	11230	1392 E 2nd St, Brooklyn, NY 11230	40.615749	-73.973523	0.155122267071	8	0.191453822397	2	0.0885425236897	2	7	4	3198	1599000	0	3079	1925	27	7	12	22	13	41	32	21	14	5	6	58
29842911_zpid	29842911_zpid	10461	1555 Merry Ave, Bronx, NY 10461	40.842602	-73.829064	0.186300893783	6	0.361770765695	1	0.553668831157	2	3	2	1355	417000	0	1560	1955	220	52	60	60	60	168	144	60	24	40	16	344
29842911_zpid	29842911_zpid	10461	1555 Merry Ave, Bronx, NY 10461	40.842602	-73.829064	0.186300893783	6	0.361770765695	1	0.553668831157	2	3	2	1355	380000	50	1560	1955	220	52	60	60	60	168	144	60	24	40	16	344
30751088_zpid	30751088_zpid	11210	857 E 28th St, Brooklyn, NY 11210	40.629969	-73.949158	0.256372060362	3	0.283251601798	3	0.343892058546	1	3	3.5	1440	605000	5	2000	1925	109	25	37	36	33	50	37	21	27	8	5	143
30760300_zpid	30760300_zpid	11234	1133 E 54th St, Brooklyn, NY 11234	40.630364	-73.923901	0.150756730966	6	0.420536890442	2	2.02447031776	0	4	2.5	2180	478400	20	2033	1950	43	16	23	27	14	56	20	26	17	17	2	80
30612216_zpid	30612216_zpid	11205	684 Myrtle Ave, Brooklyn, NY 11205	40.6943441	-73.9563513	0.0818581347562	7	0.0547536063491	7	0.631867406902	3	2	1	811	3950000	3	1780	1958	133	83	32	68	34	41	53	45	29	12	23	185
30684551_zpid	30684551_zpid	11219	1312 45th St, Brooklyn, NY 11219	40.636843	-73.989527	0.264710345186	3	0.431868933429	8	0.449389789057	2	8	3	4800	2300000	0	2071	1931	80	16	33	61	26	43	110	73	25	14	11	164
30608156_zpid	30608156_zpid	11221	111 Van Buren St, Brooklyn, NY 11221	40.690505	-73.9413579	0.141964122296	11	0.1976656632	4	0.852593346295	0	7	3	3525	1100000	2	2500	1915	182	49	92	132	93	30	30	12	37	48	27	215
30775250_zpid	30775250_zpid	11236	1260 E 95th St, Brooklyn, NY 11236	40.640278	-73.900169	0.217361171594	7	0.416509331542	1	0.723836005206	1	4	2	1872	427450	70	2233	1925	55	20	24	23	20	50	25	11	16	17	8	94
30689397_zpid	30689397_zpid	11219	1310 64th St, Brooklyn, NY 11219	40.626207	-74.000787	0.260639117525	6	0.484589088926	3	0.330149362409	4	9	4.5	2700	940000	16	2500	2000	51	12	22	22	13	57	65	51	12	8	18	126
30572976_zpid	30572976_zpid	11231	116 2nd St, Brooklyn, NY 11231	40.677483	-73.991799	0.203498666037	9	0.383257757189	2	0.420694695348	3	2	2	1540	1125000	36	2000	1899	13	18	1	19	9	11	34	28	18	2	2	75
30626807_zpid	30626807_zpid	11221	17 Goodwin Pl, Brooklyn, NY 11221	40.692036	-73.924099	0.152991841621	10	0.122510334065	5	0.309141693287	3	3	2	2763	925000	18	1481	1930	217	54	93	135	107	47	39	17	60	49	33	289
29826386_zpid	29826386_zpid	10467	3708 Willett Ave, Bronx, NY 10467	40.8820091	-73.8650181	0.210351221743	3	0.41549629004	2	0.281295659762	3	6	3.5	4156	608000	5	4791	1910	221	11	87	94	100	64	22	4	39	44	18	199
30739031_zpid	30739031_zpid	11223	31 Lancaster Ave, Brooklyn, NY 11223	40.5929069	-73.963541	0.446564415652	13	0.602715456332	1	0.754697157569	0	3	1.5	3213	1065000	33	3000	1950	40	12	8	23	13	24	33	15	12	5	2	52
29822781_zpid	29822781_zpid	10467	2719 Holland Ave, Bronx, NY 10467	40.866192	-73.865685	0.149449647291	10	0.16653533585	6	0.163491259537	2	4	2	1524	255000	102	2500	1910	357	26	159	171	162	35	31	17	44	58	32	224
29823260_zpid	29823260_zpid	10469	2734 Tenbroeck Ave, Bronx, NY 10469	40.866334	-73.852559	0.501980857713	5	0.508430786224	3	0.629664650486	1	3	2.5	2140	365000	31	2075	1925	21	12	11	12	8	42	28	19	27	8	6	85
30626910_zpid	30626910_zpid	11237	1370 Greene Ave, Brooklyn, NY 11237	40.699491	-73.917732	0.109303774264	11	0.351636771837	7	0.190711927287	4	4	2	1600	799000	0	2000	1901	220	107	164	208	156	40	37	25	94	82	32	349
30769301_zpid	30769301_zpid	11236	923 E 84th St, Brooklyn, NY 11236	40.636989	-73.909526	0.0514252843834	6	0.220443330004	2	1.25617149395	0	3	1	832	429000	5	2178	1930	168	24	76	72	40	328	120	52	120	60	44	404
30623171_zpid	30623171_zpid	11211	290 Manhattan Ave, Brooklyn, NY 11211	40.713451	-73.945697	0.249448075836	15	0.150123180543	4	0.186066388145	4	4	2.5	1780	1340000	8	1375	1901	36	111	25	65	30	33	52	10	21	14	17	219
29834908_zpid	29834908_zpid	10466	3691 Secor Ave, Bronx, NY 10466	40.886387	-73.832772	0.367467186169	1	0.296852148008	2	0.268235121632	1	3	1	1248	339200	43	2874	1925	30	10	11	14	1	20	16	14	14	5	2	53
30782116_zpid	30782116_zpid	11234	2049 E 68th St, Brooklyn, NY 11234	40.61925	-73.910273	0.198754755259	5	0.235393936337	1	3.1324902969	0	3	1	1224	415000	128	1800	1960	15	7	9	15	6	20	23	10	22	2	6	71
30619886_zpid	30619886_zpid	11222	88 India St, Brooklyn, NY 11222	40.731898	-73.956833	0.0800189323074	13	0.158301443137	4	0.306062886095	1	1	1	1500	31500	266	2125	1899	73	117	49	62	36	53	39	23	26	18	12	226
30585851_zpid	30585851_zpid	11215	291 14th St, Brooklyn, NY 11215	40.665629	-73.987171	0.143455223734	20	0.192066236929	6	0.481980178833	4	3	3	1512	175000	307	1875	1901	84	88	26	67	23	46	72	23	31	25	19	225
30619656_zpid	30619656_zpid	11222	356 Mcguinness Blvd, Brooklyn, NY 11222	40.7348402	-73.9521275	0.228862175098	9	0.410638802606	3	0.547093213069	1	2	1	3750	1100000	93	1750	1931	284	252	212	204	128	164	116	80	76	80	40	664
30619656_zpid	30619656_zpid	11222	356 Mcguinness Blvd, Brooklyn, NY 11222	40.7348402	-73.9521275	0.228862175098	9	0.410638802606	2	0.547093213069	1	2	1	3750	1100000	93	1750	1931	284	252	212	204	128	164	116	80	76	80	40	664
30668374_zpid	30668374_zpid	11226	455 E 19th St, Brooklyn, NY 11226	40.639747	-73.959908	0.319381285891	9	0.312057586129	6	0.361180061123	3	8	5	3950	1799000	32	7110	1899	480	109	212	212	203	62	36	31	56	88	11	344
30619369_zpid	30619369_zpid	11249	55 S 5th St, Brooklyn, NY 11249	40.7122537	-73.9662451	0.123436643328	7	0.220323494789	2	0.828641722947	0	4	4	3200	3295000	0	1473	1910	92	320	28	104	36	84	80	128	72	12	28	340
30619369_zpid	30619369_zpid	11249	55 S 5th St, Brooklyn, NY 11249	40.7122537	-73.9662451	0.123436643328	8	0.220323494789	2	0.828641722947	0	4	4	3200	3295000	0	1473	1910	92	320	28	104	36	84	80	128	72	12	28	340
30636715_zpid	30636715_zpid	11207	188 Sunnyside Ave, Brooklyn, NY 11207	40.682131	-73.890407	0.378812406883	3	0.28545126886	4	0.495007613403	2	3	1	2926	375000	49	2000	1910	71	31	45	47	35	54	39	33	33	19	6	108
30794622_zpid	30794622_zpid	11229	2572 Gerritsen Ave, Brooklyn, NY 11229	40.595273	-73.928194	0.289366051762	2	0.826925907168	0	2.27946015729	0	3	1	1360	433000	29	1485	1965	8	60	4	28	4	24	44	20	48	12	8	96
30643075_zpid	30643075_zpid	11208	584 Ridgewood Ave, Brooklyn, NY 11208	40.686444	-73.867595	0.224019863773	8	0.150441559638	6	0.544601012132	3	6	2	3570	609500	112	1864	1899	60	29	43	58	34	54	24	11	32	24	5	126
30661246_zpid	30661246_zpid	11226	314 E 32nd St, Brooklyn, NY 11226	40.642921	-73.947085	0.379399099766	4	0.111715195166	5	0.289457104055	2	6	2	2140	490000	33	2003	1899	194	40	73	90	70	54	35	8	18	43	20	161
29785108_zpid	29785108_zpid	10457	718 E 180th St, Bronx, NY 10457	40.8476292	-73.8882703	0.0484185544987	12	0.351878982577	3	0.965190681135	0	5	5	4092	510000	65	4138	1920	239	50	133	138	120	24	13	3	48	57	22	215
30773349_zpid	30773349_zpid	11236	992 E 96th St, Brooklyn, NY 11236	40.64628	-73.905348	0.127453649341	5	0.868553940994	0	0.298370248424	2	5	2	1840	261000	6	3000	1925	41	7	21	32	17	61	23	9	6	20	8	93
30793558_zpid	30793558_zpid	11229	27 Nova Ct, Brooklyn, NY 11229	40.587488	-73.92424	0.323334670173	2	1.37068009262	0	2.52980939287	0	3	2	2000	380000	20	1800	2006	2	3	1	14	0	0	31	11	24	2	5	41
30656573_zpid	30656573_zpid	11203	821 E 49th St, Brooklyn, NY 11203	40.641339	-73.930001	0.161791691329	7	0.960461903101	0	1.56257975398	0	11	3.5	3840	430000	75	2550	1930	94	17	20	22	19	48	36	13	26	17	6	121
79726147_zpid	79726147_zpid	11213	1516 Park Pl, Brooklyn, NY 11213	40.671945	-73.926968	0.226860961454	8	0.512202207264	4	0.607902447587	1	3	2	3515	515000	32	2163	2006	243	30	145	145	134	36	20	7	29	60	21	227
30637359_zpid	30637359_zpid	11208	261 Arlington Ave, Brooklyn, NY 11208	40.680974	-73.885171	0.297523103507	7	0.17653675245	5	0.122830224497	3	6	2	2130	450000	132	2475	1920	63	15	40	38	39	37	25	19	25	17	12	102
30674476_zpid	30674476_zpid	11218	513 E 3rd St, Brooklyn, NY 11218	40.639593	-73.976393	0.414114627681	10	0.201187115932	10	0.417719416934	2	4	2	1786	830000	2	2000	1925	228	64	79	93	53	84	40	75	35	20	10	241
30708731_zpid	30708731_zpid	11214	2272 79th St, Brooklyn, NY 11214	40.604608	-73.988031	0.236816312072	10	0.514817557733	6	0.573397758835	2	6	4	26	953000	97	4000	1920	408	24	116	184	144	236	120	116	72	32	32	332
30708731_zpid	30708731_zpid	11214	2272 79th St, Brooklyn, NY 11214	40.604608	-73.988031	0.236816312072	11	0.454867368682	6	0.573397758835	2	6	4	26	953000	97	4000	1920	408	24	116	184	144	236	120	116	72	32	32	332
30754833_zpid	30754833_zpid	11210	2524 Avenue M, Brooklyn, NY 11210	40.618924	-73.949442	0.501039001977	3	0.326310022092	1	0.853820967078	0	7	3.5	1484	1050000	13	2300	1905	8	1	2	11	0	13	24	7	23	1	1	42
30730677_zpid	30730677_zpid	11214	70 Bay 43rd St, Brooklyn, NY 11214	40.594007	-73.9867979	0.412281660939	8	0.389630115505	5	0.411556553143	3	5	2	1225	470000	132	1920	1950	36	28	24	72	16	64	96	76	84	32	16	216
30624104_zpid	30624104_zpid	11211	41 Orient Ave, Brooklyn, NY 11211	40.715259	-73.940025	0.257988166241	10	0.370598993029	3	0.348537431023	2	4	3	1833	1200000	31	1829	1920	28	139	16	47	21	30	39	11	26	13	20	177
30747137_zpid	30747137_zpid	11229	2301 E 24th St, Brooklyn, NY 11229	40.595192	-73.9464239	0.381517192885	13	0.476146831226	5	0.73855178105	1	5	2	3080	660000	70	2200	1930	63	15	22	27	27	33	33	26	25	12	4	91
30792506_zpid	30792506_zpid	11235	2817 Batchelder St, Brooklyn, NY 11235	40.58491	-73.935739	0.60164758919	1	0.706230445767	1	1.57249836532	0	4	2	1600	640000	15	2800	1920	56	12	23	32	28	27	21	15	28	9	5	92
30667877_zpid	30667877_zpid	11226	2314 Beverley Rd, Brooklyn, NY 11226	40.644534	-73.955145	0.284162408544	7	0.318282555074	4	0.526259107321	1	4	3	1500	249000	183	1500	1910	424	106	235	254	232	69	44	15	59	91	25	418
29850342_zpid	29850342_zpid	10464	41 Centre St, Bronx, NY 10464	40.844061	-73.788259	0.258580310984	3	3.16544550471	0	3.4156925738	0	4	2	1742	575000	6	5000	1901	64	52	20	24	12	4	144	40	28	12	84	164
29850342_zpid	29850342_zpid	10464	41 Centre St, Bronx, NY 10464	40.844061	-73.788259	0.258580310984	3	2.88921061074	0	3.4156925738	0	4	2	1742	575000	6	5000	1901	64	52	20	24	12	4	144	40	28	12	84	164
