30608260_zpid	30608260_zpid	11216	527 Greene Ave, Brooklyn, NY 11216	40.688782	-73.949795	0.341366191949	12	0.350690693475	4	0.200246646297	1	7	3	2400	678947	43	2003	1901	148	66	81	110	83	31	33	13	33	42	34	207
30631514_zpid	30631514_zpid	11212	77 Tapscott St, Brooklyn, NY 11212	40.6660576	-73.9202653	0.210360915603	10	0.235098653968	7	0.25320396761	2	7	4	25	460000	19	2500	1930	266	17	90	90	87	32	31	11	40	41	12	169
29813336_zpid	29813336_zpid	10462	1855 Holland Ave, Bronx, NY 10462	40.847045	-73.865143	0.15552288949	6	0.189439386349	2	0.34244960956	1	4	3	2240	500000	33	3000	1910	172	19	80	92	78	81	36	18	32	34	17	176
30580636_zpid	30580636_zpid	11215	334 20th St, Brooklyn, NY 11215	40.659795	-73.989828	0.363465291373	12	0.322145828253	6	0.676259268582	2	3	2	1800	1125000	0	1800	1905	104	164	56	136	52	104	152	40	52	28	28	416
30637245_zpid	30637245_zpid	11207	138 Warwick St, Brooklyn, NY 11207	40.680726	-73.888002	0.231808043287	7	0.203479784769	5	0.296853166724	3	5	2	2148	145000	268	4000	1960	68	35	53	65	46	45	37	16	36	22	5	121
30732852_zpid	30732852_zpid	11224	3709 Nautilus Ave, Brooklyn, NY 11224	40.576334	-74.0035429	0.684121339733	1	0.180776047243	2	1.89020689454	0	4	2	1851	340000	82	2600	1945	50	14	15	40	13	5	20	7	19	13	1	52
30705654_zpid	30705654_zpid	11204	1729 Bay Ridge Pkwy, Brooklyn, NY 11204	40.614524	-73.997335	0.173264799856	12	0.18753531082	7	0.299264879507	2	8	4	3312	1200000	3	3000	1931	56	44	24	136	28	156	88	56	44	16	16	248
30705654_zpid	30705654_zpid	11204	1729 Bay Ridge Pkwy, Brooklyn, NY 11204	40.614524	-73.997335	0.173264799856	11	0.18753531082	7	0.299264879507	2	8	4	3312	1200000	3	3000	1931	56	44	24	136	28	156	88	56	44	16	16	248
30774963_zpid	30774963_zpid	11236	918 E 107th St, Brooklyn, NY 11236	40.64793	-73.89309	0.0866534048788	3	0.0932061117671	3	0.615053763715	1	5	2	2080	360000	16	1999	1960	29	7	17	15	7	24	9	1	13	5	8	65
30652188_zpid	30652188_zpid	11203	738 Lenox Rd, Brooklyn, NY 11203	40.65497	-73.93245	0.320381422187	7	0.394279313993	3	1.36445763882	0	3	2	1844	148000	313	980100.0	1940	186	22	92	70	90	62	41	7	37	41	17	196
30634076_zpid	30634076_zpid	11207	115 Sheffield Ave, Brooklyn, NY 11207	40.674653	-73.897296	0.199355728787	6	0.358091575029	7	0.0643491236174	9	10	4	1800	465000	27	25	1899	66	15	59	75	50	36	36	20	19	31	11	134
30642667_zpid	30642667_zpid	11208	176 Chestnut St, Brooklyn, NY 11208	40.683609	-73.875905	0.0877833839197	8	0.282561621929	6	0.184828848091	2	5	3.5	2250	450000	23	3750	1920	96	35	59	73	48	52	41	15	65	36	11	189
30692491_zpid	30692491_zpid	11209	21 Bay Ridge Pl, Brooklyn, NY 11209	40.635701	-74.027862	0.0554513206805	11	0.0435997062421	3	0.387589795942	2	4	2	2100	899000	6	1963	1920	119	19	31	43	29	30	24	82	17	13	3	121
30665707_zpid	30665707_zpid	11226	68 Woodruff Ave, Brooklyn, NY 11226	40.653062	-73.963542	0.230607566105	11	0.268808851404	5	0.286130786491	2	2	1	1000	214000	229	2525	1905	396	69	223	224	214	25	36	27	48	71	13	333
30778759_zpid	30778759_zpid	11236	10540 Avenue M, Brooklyn, NY 11236	40.641445	-73.886168	0.820479608644	0	0.631880364672	2	1.44595794366	0	5	3	2273	580000	21	5000	1960	14	1	12	12	7	2	12	3	11	3	2	35
30610560_zpid	30610560_zpid	11216	245 Halsey St, Brooklyn, NY 11216	40.682772	-73.943237	0.0913024835845	10	0.303877794511	9	0.375577534533	3	6	4	2100	65000	316	1750	1920	584	344	380	540	320	72	156	88	188	188	108	804
30761598_zpid	30761598_zpid	11210	4008 Avenue K, Brooklyn, NY 11210	40.625496	-73.936857	0.248658107126	1	0.85467996264	0	1.22386939586	0	3	2	1744	235000	195	2000	1935	61	7	28	33	20	35	35	10	19	12	9	73
30665147_zpid	30665147_zpid	11225	211 Fenimore St, Brooklyn, NY 11225	40.6585607	-73.9554263	0.281270787221	13	0.411567936628	9	0.483143680874	4	7	4	2091	1235000	16	3100	1915	450	96	218	162	175	32	42	21	61	67	14	285
30790201_zpid	30790201_zpid	11235	87 Corbin Pl, Brooklyn, NY 11235	40.579852	-73.954216	0.0888206403278	10	0.401473799782	4	0.644730332315	1	2	2.5	1720	590000	59	1483	1940	205	43	48	63	41	53	52	29	39	29	11	146
30709766_zpid	30709766_zpid	11228	1246 82nd St, Brooklyn, NY 11228	40.6168	-74.012771	0.381734508471	4	0.711423088571	1	1.09128448114	0	5	5	6000	2799000	0	60	1920	6	14	0	13	0	20	35	20	17	4	1	48
30706910_zpid	30706910_zpid	11214	2161 77th St, Brooklyn, NY 11214	40.607583	-73.98916	0.273937982315	11	0.42837243284	7	0.743235418455	1	6	3	3600	890000	44	2482	1920	77	8	23	36	21	50	32	22	14	7	9	77
30667047_zpid	30667047_zpid	11226	142 E 28th St, Brooklyn, NY 11226	40.645755	-73.951233	0.0352725722862	6	0.404839330963	8	0.205525013251	3	3	1.5	1424	479000	0	2511	1925	1268	192	516	568	420	404	148	76	112	268	144	1124
30710808_zpid	30710808_zpid	11214	1666 84th St, Brooklyn, NY 11214	40.610155	-74.004501	0.156133373368	10	0.317157319493	7	0.338576453018	2	8	5	5292	710000	194	7409	1989	50	11	22	24	9	22	32	29	22	6	7	106
30790944_zpid	30790944_zpid	11235	271 Exeter St, Brooklyn, NY 11235	40.575619	-73.947639	0.466419042769	5	0.974878933586	0	1.17537504406	0	4	3.5	4000	1625000	25	4160	2003	1	7	2	5	2	6	24	15	16	1	1	26
30609977_zpid	30609977_zpid	11221	518 Putnam Ave, Brooklyn, NY 11221	40.6848529	-73.940665	0.14801802199	9	0.296152536695	6	0.54925829178	1	12	4	3240	1280000	22	1800	1899	124	27	77	93	66	12	24	9	35	38	9	146
30765220_zpid	30765220_zpid	11234	1725 E 46th St, Brooklyn, NY 11234	40.618196	-73.930411	0.215989422726	8	0.611728538548	2	2.18527819034	0	3	1.5	1376	450000	8	2150	1920	10	57	3	10	5	39	30	19	10	8	2	134
29845854_zpid	29845854_zpid	10465	1022 Wilcox Ave, Bronx, NY 10465	40.834426	-73.819205	0.107562178536	2	0.136835263725	1	1.77965504472	0	3	2	1813	430000	3	1838	1961	5	5	7	10	7	14	23	24	12	4	3	38
30637721_zpid	30637721_zpid	11207	78 Van Siclen Ave, Brooklyn, NY 11207	40.678482	-73.892097	0.145060328367	6	0.125087759547	5	0.0880574494966	5	6	3	2010	510000	36	2395	1915	468	172	332	376	256	404	208	192	192	148	52	804
30637721_zpid	30637721_zpid	11207	78 Van Siclen Ave, Brooklyn, NY 11207	40.678482	-73.892097	0.145060328367	6	0.125087759547	6	0.0880574494966	5	6	3	2010	510000	36	2395	1915	468	172	332	376	256	404	208	192	192	148	52	804
30771092_zpid	30771092_zpid	11236	1273 E 83rd St, Brooklyn, NY 11236	40.630698	-73.90377	0.775101112841	0	0.688463908228	1	1.78360318017	0	4	3	1920	559000	0	2200	1940	56	9	18	24	12	64	23	7	32	6	10	76
30698623_zpid	30698623_zpid	11209	522 82nd St, Brooklyn, NY 11209	40.623727	-74.024268	0.0741583777114	15	0.0985316573775	4	0.367657021866	2	2	1	2267	930000	27	2267	1920	127	54	38	47	36	41	33	30	10	28	5	196
30631489_zpid	30631489_zpid	11212	2029 Union St, Brooklyn, NY 11212	40.6667289	-73.9213879	0.172241902954	9	0.12119585508	5	0.246643193632	2	8	4	3456	370800	66	2400	1930	229	15	71	79	72	28	22	7	33	34	8	142
30781330_zpid	30781330_zpid	11234	1427 E 64th St, Brooklyn, NY 11234	40.61928	-73.915037	0.15793849868	6	0.52685755825	1	3.141002977	0	3	1.5	1280	520000	39	2809	1920	13	10	8	13	3	23	28	6	20	3	6	94
30793720_zpid	30793720_zpid	11229	21 Bartlett Pl, Brooklyn, NY 11229	40.588986	-73.926933	0.408303396898	2	1.10566278612	0	2.31299553139	0	3	1	1200	240000	29	1750	1930	8	24	4	60	4	4	108	44	76	4	12	140
30642393_zpid	30642393_zpid	11208	127 Autumn Ave, Brooklyn, NY 11208	40.687213	-73.870759	0.102100186936	7	0.33735937655	5	0.339228456997	3	4	3	1352	435000	11	2188	1910	86	36	58	81	42	71	39	16	46	37	6	179
30593144_zpid	30593144_zpid	11216	569 Eastern Pkwy, Brooklyn, NY 11216	40.670229	-73.949468	0.0762660698873	11	0.21209434078	4	0.122421748285	4	3	3	3072	1523509	0	2012	1901	169	51	84	92	86	12	24	3	25	36	21	136
30758452_zpid	30758452_zpid	11210	1011 E 38th St, Brooklyn, NY 11210	40.630536	-73.939381	0.369478636089	2	0.42752806759	2	0.743385465029	1	4	1.5	1555	374000	13	2000	1930	256	28	160	144	120	144	108	76	84	52	40	372
30758452_zpid	30758452_zpid	11210	1011 E 38th St, Brooklyn, NY 11210	40.630536	-73.939381	0.369478636089	3	0.42752806759	2	0.743385465029	1	4	1.5	1555	374000	13	2000	1930	256	28	160	144	120	144	108	76	84	52	40	372
29842903_zpid	29842903_zpid	10461	2997 Zulette Ave, Bronx, NY 10461	40.842492	-73.829283	0.194203099183	6	0.383719092896	1	0.554639058937	2	3	1	1512	348000	32	2500	1930	220	52	68	60	64	164	144	56	24	44	16	356
30694229_zpid	30694229_zpid	11209	606 72nd St, Brooklyn, NY 11209	40.629726	-74.018887	0.285386580162	11	0.349516465676	5	0.559540954383	2	5	2	2176	1100000	0	4000	1901	12	15	8	23	5	24	34	40	19	3	4	91
30694440_zpid	30694440_zpid	11209	39 74th St, Brooklyn, NY 11209	40.6341139	-74.034875	0.258959293104	7	0.661340496766	2	0.928870912216	0	5	3	2649	1825000	6	4000	1901	70	7	12	20	15	37	30	91	18	2	2	67
30566370_zpid	30566370_zpid	11201	308 State St, Brooklyn, NY 11201	40.688691	-73.9877448	0.0524149988913	15	0.424618833038	5	0.205881170587	10	5	3	4300	5450000	7	2250	1847	47	102	13	67	14	19	58	29	29	8	13	247
30722513_zpid	30722513_zpid	11223	1811 Stillwell Ave, Brooklyn, NY 11223	40.602309	-73.9859649	0.428229396207	8	0.425872482555	6	0.507194834792	3	4	2	2400	2200000	0	3500	1931	30	22	11	8	6	33	20	35	10	6	4	54
30642919_zpid	30642919_zpid	11208	226 Autumn Ave, Brooklyn, NY 11208	40.684684	-73.870727	0.187901572838	5	0.17096252627	5	0.306837258594	2	5	3	2000	699000	0	2003	1910	116	40	68	97	53	72	39	11	65	46	7	200
30608635_zpid	30608635_zpid	11216	234 Lexington Ave, Brooklyn, NY 11216	40.687263	-73.952368	0.198025004754	10	0.241717803612	6	0.30611202634	2	5	3.5	2400	1520000	21	1500	1899	572	476	348	476	316	144	128	60	140	200	148	968
30650485_zpid	30650485_zpid	11212	1004 E New York Ave, Brooklyn, NY 11212	40.6639539	-73.9292339	0.27823749235	13	0.126507569573	8	0.556606027038	2	4	2.5	2374	460000	12	1981	1945	117	5	53	55	38	26	8	5	15	19	8	111
29854600_zpid	29854600_zpid	10471	611 W 254th St, Bronx, NY 10471	40.902704	-73.90833	0.55392400797	4	0.46069342818	3	0.507954972263	1	5	5	4008	1200000	33	14810.400000000001	1960	7	7	3	5	3	3	28	5	10	0	2	20
29778671_zpid	29778671_zpid	10454	750 E 137th St, Bronx, NY 10454	40.803523	-73.912348	0.222662768247	4	0.565219528498	2	0.250115482102	2	2	3	1872	250000	16	1500	1920	49	5	15	33	18	11	10	7	12	10	7	68
30589981_zpid	30589981_zpid	11238	98 Underhill Ave, Brooklyn, NY 11238	40.677639	-73.966026	0.224516262316	13	0.247239412425	5	0.48453452823	4	1	1.5	1185	750000	147	1520	1910	159	154	63	84	79	31	49	40	47	34	14	224
30637317_zpid	30637317_zpid	11207	217 Arlington Ave, Brooklyn, NY 11207	40.680756	-73.886634	0.294005137804	7	0.256058675567	5	0.190984156607	3	6	2	3708	630000	93	20	1925	184	120	124	176	104	144	124	48	128	72	12	340
30615514_zpid	30615514_zpid	11217	67 S Elliott Pl, Brooklyn, NY 11217	40.687688	-73.975398	0.0457806888309	8	0.0989588953005	2	0.0700506507579	8	6	2	3040	1995000	23	2000	1905	59	65	23	33	12	11	26	22	20	11	11	139
30692845_zpid	30692845_zpid	11209	7012 Narrows Ave, Brooklyn, NY 11209	40.637259	-74.034574	0.3788016085	4	0.625798861476	1	0.979685528943	0	2	1	2790	660000	117	2078	1925	34	3	6	12	6	25	15	66	9	3	1	37
30599804_zpid	30599804_zpid	11233	529 Bainbridge St, Brooklyn, NY 11233	40.682935	-73.915807	0.103894634842	6	0.304679663792	3	0.380893723302	4	7	3	2700	370000	34	2000	1910	210	41	151	164	127	30	40	16	50	90	16	240
30638146_zpid	30638146_zpid	11207	183 Ashford St, Brooklyn, NY 11207	40.678329	-73.885881	0.113121327703	9	0.230242233238	6	0.208411232729	5	6	2	1584	505000	32	1799	2007	188	68	168	208	140	156	112	20	140	76	8	372
30789269_zpid	30789269_zpid	11235	33 Brighton 5th Walk, Brooklyn, NY 11235	40.5804306	-73.9630723	0.270424526761	7	0.252361346835	5	0.343274313001	2	4	2	1218	535000	0	1600	1935	520	240	272	372	172	296	208	120	176	104	108	1020
30789269_zpid	30789269_zpid	11235	33 Brighton 5th Walk, Brooklyn, NY 11235	40.5804306	-73.9630723	0.157225622763	8	0.252361346835	5	0.343274313001	2	4	2	1218	535000	0	1600	1935	520	240	272	372	172	296	208	120	176	104	108	1020
30779183_zpid	30779183_zpid	11236	1589 E 96th St, Brooklyn, NY 11236	40.634645	-73.891616	0.219044001687	6	0.255830321532	4	1.59199126659	0	3	1	3300	158000	2	1650	1910	33	9	16	22	3	37	13	17	12	7	1	52
94719077_zpid	94719077_zpid	10456	768 E 161st St, Bronx, NY 10456	40.821003	-73.904221	0.218279345221	10	0.0713631318354	9	0.259904409228	3	9	6	3995	520100	9	1645	1925	66	13	28	41	23	15	6	1	11	10	17	67
30658571_zpid	30658571_zpid	11203	309 E 45th St, Brooklyn, NY 11203	40.654264	-73.935211	0.330705473431	7	0.415810951281	3	1.27148499294	0	3	1	1248	450000	112	2365	1920	480	60	248	200	244	208	140	24	116	128	32	548
30794066_zpid	30794066_zpid	11229	54 Dare Ct, Brooklyn, NY 11229	40.5885534	-73.9224712	0.16010305461	2	1.48410184147	0	2.68480715555	0	2	1	720	150000	28	1800	2013	8	12	4	60	0	4	128	44	96	8	20	160
30721253_zpid	30721253_zpid	11223	1701 Stillwell Ave, Brooklyn, NY 11223	40.604989	-73.986483	0.143215690978	8	0.620927341901	5	0.531499973065	2	5	3	2436	1150000	32	4499	1920	23	14	6	9	8	33	14	16	8	3	1	38
30773357_zpid	30773357_zpid	11236	9507 Farragut Rd, Brooklyn, NY 11236	40.645981	-73.905694	0.162235882108	5	0.90144631876	0	0.333207633936	2	8	3	1968	550000	19	2848	1925	42	7	25	33	18	61	23	9	7	20	8	102
30688253_zpid	30688253_zpid	11219	1255 59th St, Brooklyn, NY 11219	40.629987	-73.9984209	0.368617155408	5	0.416966739239	6	0.296446704751	4	6	3	2268	510000	88	2000	1899	24	8	17	20	16	39	75	44	14	6	7	108
30689934_zpid	30689934_zpid	11220	832 67th St, Brooklyn, NY 11220	40.630792	-74.013112	0.223735863445	9	0.208627714828	6	0.466126143792	2	3	2	1905	980000	7	2000	1935	17	4	11	16	7	23	30	9	5	6	1	47
29841112_zpid	29841112_zpid	10465	3200 Baisley Ave, Bronx, NY 10465	40.836992	-73.8211	0.248285773035	2	0.20855422413	1	1.4585600429	0	3	2	2128	570000	26	4791	1957	6	6	7	7	7	7	27	12	12	4	4	40
29785736_zpid	29785736_zpid	10457	2062 Ryer Ave, Bronx, NY 10457	40.852168	-73.900794	0.0869753056621	10	0.175839913567	8	0.421462680642	5	6	3	2036	372000	10	2503	1901	1776	164	788	792	792	124	84	60	276	288	104	1248
29785736_zpid	29785736_zpid	10457	2062 Ryer Ave, Bronx, NY 10457	40.852168	-73.900794	0.0869753056621	10	0.175839913567	9	0.421462680642	5	6	3	2036	372000	10	2503	1901	1776	164	788	792	792	124	84	60	276	288	104	1248
30583388_zpid	30583388_zpid	11215	283 1st St, Brooklyn, NY 11215	40.674625	-73.983068	0.0967192389023	15	0.254162076427	6	0.299581735084	3	4	5	2784	1800000	32	2000	1901	68	78	28	42	26	26	34	36	26	13	16	156
30728810_zpid	30728810_zpid	11229	1814 E 28th St, Brooklyn, NY 11229	40.606719	-73.945338	0.290397591652	2	0.761104394705	0	1.07671219938	0	5	2.5	3340	935000	5	4000	1925	9	11	4	19	5	31	32	31	19	2	1	87
29814806_zpid	29814806_zpid	10461	1641 Tenbroeck Ave, Bronx, NY 10461	40.849426	-73.847679	0.533669677359	4	0.671620154866	1	1.12808287771	0	3	2	1512	318000	0	2178	1935	57	13	10	27	13	30	29	12	23	5	3	74
29831287_zpid	29831287_zpid	10469	2906 Tiemann Ave, Bronx, NY 10469	40.868927	-73.838928	0.806287666223	0	0.723556370792	1	0.631180816476	1	7	3	2900	565000	7	2000	1965	38	13	26	26	14	36	24	15	23	5	11	67
29783902_zpid	29783902_zpid	10460	1457 Bryant Ave, Bronx, NY 10460	40.83185	-73.888165	0.358186423347	7	0.348160410878	7	0.363119691763	3	9	3	3300	520000	82	2000	1923	141	14	56	73	55	16	8	4	22	32	9	101
30773162_zpid	30773162_zpid	11236	987 E 92nd St, Brooklyn, NY 11236	40.644838	-73.908578	0.0986260850998	3	0.81379945968	0	0.603159111273	1	5	3	2172	372319	2	1808	1935	172	32	116	124	72	212	136	24	48	88	32	444
30791366_zpid	30791366_zpid	11235	184 Oxford St, Brooklyn, NY 11235	40.57884	-73.938232	0.597831065913	1	1.3971934201	0	1.61754221292	0	1	1	1280	320000	86	2000	1925	2	5	0	6	0	12	11	3	8	1	1	19
30788031_zpid	30788031_zpid	11234	2335 E 66th St, Brooklyn, NY 11234	40.613027	-73.906591	0.511957002346	3	0.525983274616	1	3.76470838729	0	4	2.5	2300	685000	47	4007	1960	0	14	4	7	1	6	14	9	11	1	2	47
29835406_zpid	29835406_zpid	10466	3918 Amundson Ave, Bronx, NY 10466	40.889749	-73.835516	0.479705492142	2	0.380716889106	4	0.425753211968	1	2	1	1118	300000	7	3750	1925	48	6	14	24	4	50	28	13	27	8	3	65
30783433_zpid	30783433_zpid	11234	6415 Strickland Ave, Brooklyn, NY 11234	40.61525	-73.910313	0.241802404124	6	0.234165836508	1	3.56824163623	0	4	4	2432	765000	127	39	1960	14	12	10	10	6	18	15	12	16	0	4	49
30661049_zpid	30661049_zpid	11203	457 E 40th St, Brooklyn, NY 11203	40.644562	-73.938998	0.333400954864	3	0.508548741292	2	0.843468822898	0	3	2	1936	355000	6	2169	1945	120	20	48	40	56	124	48	20	52	32	8	220
30692526_zpid	30692526_zpid	11220	372 Bay Ridge Ave, Brooklyn, NY 11220	40.634668	-74.0241829	0.0583189370256	14	0.0526615148684	4	0.0757813976553	2	4	1.5	1000	873000	33	1955	1915	180	128	104	120	80	88	108	64	36	56	24	344
30718240_zpid	30718240_zpid	11230	916 Avenue M, Brooklyn, NY 11230	40.617223	-73.965096	0.219422035641	5	0.222502724926	6	0.483398614072	1	6	2	2400	865000	17	26	1920	368	76	84	144	124	220	224	68	116	28	12	532
30718240_zpid	30718240_zpid	11230	916 Avenue M, Brooklyn, NY 11230	40.617223	-73.965096	0.219422035641	6	0.222502724926	6	0.483398614072	1	6	2	2400	865000	17	26	1920	368	76	84	144	124	220	224	68	116	28	12	532
30628020_zpid	30628020_zpid	11221	415 Wilson Ave, Brooklyn, NY 11221	40.694515	-73.914361	0.296052766728	8	0.217521232629	3	0.61491445255	3	4	3	2064	840000	10	1875	1920	108	27	87	117	79	27	34	8	52	44	31	159
30598274_zpid	30598274_zpid	11212	1707 E New York Ave, Brooklyn, NY 11212	40.67487	-73.905344	0.426692200308	6	0.505933307886	5	0.196938020145	9	3	3	2400	240000	18	1072	1901	28	6	11	13	15	2	6	4	3	8	10	30
30681984_zpid	30681984_zpid	11204	1817 66th St, Brooklyn, NY 11204	40.618362	-73.9900399	0.227368060941	10	0.107954871729	5	0.258973126938	2	6	3	2640	1288000	20	2500	1930	70	23	38	60	27	63	43	93	27	14	10	165
30737231_zpid	30737231_zpid	11223	2171 E 4th St, Brooklyn, NY 11223	40.597189	-73.967424	0.657707311289	4	0.411479571119	3	0.516920024242	1	3	3	2352	1435000	1	2000	1925	156	44	28	116	40	108	116	192	76	16	16	300
30750333_zpid	30750333_zpid	11235	2658 Batchelder St, Brooklyn, NY 11235	40.588463	-73.937019	0.242349453371	7	0.38986322441	2	1.4590953802	0	5	3	2232	707000	13	1950	1960	34	10	23	25	12	26	14	23	22	9	5	101
30779661_zpid	30779661_zpid	11236	10562 Flatlands 9th St, Brooklyn, NY 11236	40.6395849	-73.883266	0.784832772813	0	0.80338679114	0	1.75594208252	0	3	1.5	1872	275000	47	4000	1960	32	4	32	24	8	12	32	8	44	8	8	104
30640391_zpid	30640391_zpid	11207	488 Van Siclen Ave, Brooklyn, NY 11207	40.667664	-73.889307	0.290468548786	6	0.527111274175	8	0.241139489861	4	6	3	2240	599000	15	2375	1901	716	88	516	492	492	100	156	44	228	252	92	952
30640391_zpid	30640391_zpid	11207	488 Van Siclen Ave, Brooklyn, NY 11207	40.667664	-73.889307	0.290468548786	6	0.527111274175	7	0.241139489861	4	6	3	2240	599000	15	2375	1901	716	88	516	492	492	100	156	44	228	252	92	952
30642389_zpid	30642389_zpid	11208	137 Autumn Ave, Brooklyn, NY 11208	40.68698	-73.870702	0.113439893841	6	0.316269199426	5	0.364664241331	3	7	3	3210	789000	0	1799	1905	89	37	58	82	43	72	39	16	52	37	6	181
30790775_zpid	30790775_zpid	11235	4180 Ocean Ave, Brooklyn, NY 11235	40.578437	-73.947768	0.431484399521	5	0.913142468317	0	1.08548887904	0	3	4	2599	1825000	5	6000	1945	68	32	20	40	24	40	116	76	92	4	4	144
30595713_zpid	30595713_zpid	11213	1542 Pacific St, Brooklyn, NY 11213	40.676774	-73.938277	0.270976598879	7	0.366512549499	6	0.412557721065	2	7	5	3250	1649000	8	2143	1910	166	38	73	78	70	35	26	8	31	35	12	169
30758369_zpid	30758369_zpid	11234	910 E 55th St, Brooklyn, NY 11234	40.635008	-73.924033	0.116585817946	4	0.466924898724	2	2.00906200147	0	1	1	2087	580000	10	1999	1957	104	32	12	48	12	96	76	36	68	24	4	164
30786554_zpid	30786554_zpid	11234	2113 E 37th St, Brooklyn, NY 11234	40.608422	-73.92822	0.31043231845	1	0.939173143926	0	2.50127474932	0	3	2.5	1120	730000	2	2225	1920	1	8	2	2	1	15	21	20	19	0	3	57
30724499_zpid	30724499_zpid	11230	1000 E 19th St, Brooklyn, NY 11230	40.6262029	-73.957986	0.29825623638	5	0.296718522728	2	0.258129727071	2	7	2.5	3042	790000	142	4000	1910	192	20	87	104	105	37	23	29	20	38	10	177
30745281_zpid	30745281_zpid	11229	2158 Ford St, Brooklyn, NY 11229	40.599396	-73.938125	0.340921434349	7	0.401642695008	4	1.50487688323	0	3	2.25	1584	420000	73	1800	1950	26	9	9	12	7	8	34	14	15	2	2	67
30623230_zpid	30623230_zpid	11211	338 Humboldt St, Brooklyn, NY 11211	40.713515	-73.942299	0.120125971776	11	0.165542485338	4	0.188588376316	4	2	1	960	1200000	34	1000	1901	34	84	20	54	27	36	47	6	27	15	19	183
