30740573_zpid	30740573_zpid	11235	2838 Brighton 7th St, Brooklyn, NY 11235	40.582212	-73.962332	0.0563882349562	10	0.229606824396	5	0.513992186749	1	4	2	1692	166667	69	2375	1920	104	34	37	61	26	81	52	32	34	19	23	168
30631894_zpid	30631894_zpid	11212	487 Thomas S Boyland St, Brooklyn, NY 11212	40.668839	-73.91311	0.273385268891	7	0.319489230276	7	0.782500464967	0	4	2	1340	265000	109	2000	1987	48	8	25	39	20	29	25	7	20	10	12	105
30775264_zpid	30775264_zpid	11236	1302 E 95th St, Brooklyn, NY 11236	40.639515	-73.899325	0.286933954585	6	0.305618183565	2	0.822831668605	0	5	2	1600	594000	7	2200	1925	50	19	21	25	16	55	24	16	16	16	7	93
64592108_zpid	64592108_zpid	11233	1636 Prospect Pl, Brooklyn, NY 11233	40.672575	-73.922387	0.404118490417	5	0.318568806773	3	0.690076088834	1	5	3	2934	585000	4	1603	2004	230	28	125	108	106	17	19	5	35	42	17	164
30619206_zpid	30619206_zpid	11211	194 S 2nd St, Brooklyn, NY 11211	40.71226	-73.9601239	0.180051787728	16	0.239174026107	5	0.476320391409	3	4	4	2640	3200000	0	3000	1910	500	908	348	536	276	116	188	96	136	124	104	1176
30619206_zpid	30619206_zpid	11211	194 S 2nd St, Brooklyn, NY 11211	40.71226	-73.9601239	0.180051787728	17	0.239174026107	5	0.476320391409	3	4	4	2640	3200000	0	3000	1910	500	908	348	536	276	116	188	96	136	124	104	1176
30602518_zpid	30602518_zpid	11221	898 Lafayette Ave, Brooklyn, NY 11221	40.691355	-73.936488	0.283290783052	9	0.473403047416	5	0.655206553551	2	2	1	4000	105000	71	1800	1920	183	54	91	129	102	37	31	13	36	50	41	223
79720905_zpid	79720905_zpid	10458	370 E 201st St, Bronx, NY 10458	40.869258	-73.8825972	0.219468291658	12	0.315374214186	7	0.303965485905	3	10	4	3460	615000	80	1184	2006	464	33	77	81	85	31	19	9	24	33	7	123
30623511_zpid	30623511_zpid	11211	156 Powers St, Brooklyn, NY 11211	40.712091	-73.944823	0.132780422374	13	0.154886975118	4	0.282964409997	5	3	2.5	3120	2100000	14	1975	1910	24	82	21	51	29	28	43	5	19	13	14	170
29832601_zpid	29832601_zpid	10466	833 E 229th St, Bronx, NY 10466	40.8895089	-73.854674	0.262409910035	6	0.479603604296	3	0.472939778496	2	5	3	2122	409000	6	2861	1915	151	16	83	71	57	90	28	5	30	31	17	146
30628392_zpid	30628392_zpid	11221	1224 Putnam Ave, Brooklyn, NY 11221	40.6913937	-73.9153948	0.183252984828	7	0.42755576856	4	0.574133449854	2	3	1.5	2040	435000	33	1700	1910	181	47	120	163	114	48	41	8	76	63	52	215
29777881_zpid	29777881_zpid	10451	295 E 163rd St, Bronx, NY 10451	40.827113	-73.916393	0.0651461211496	11	0.340973403677	7	0.179532956572	1	5	3	2580	420000	14	1742	1920	171	28	68	72	59	9	16	15	20	17	22	155
30609602_zpid	30609602_zpid	11216	409 Putnam Ave, Brooklyn, NY 11216	40.684829	-73.944954	0.13798936658	9	0.315532449517	8	0.621203458687	2	10	3	3360	654241	12	1500	1915	660	372	384	572	400	84	140	72	200	232	84	900
30765032_zpid	30765032_zpid	11234	1753 Ryder St, Brooklyn, NY 11234	40.615183	-73.933276	0.281914198595	5	0.428237642105	2	2.19664174495	0	4	3	1464	850000	0	4000	1920	6	44	3	11	3	26	29	17	24	3	3	86
30737243_zpid	30737243_zpid	11223	2134 Ocean Pkwy, Brooklyn, NY 11223	40.59693	-73.965941	0.271763737878	8	0.307329567176	3	0.63423224169	1	5	6	9200	7700000	0	8120	1993	47	18	9	33	15	27	30	17	19	6	3	68
30650682_zpid	30650682_zpid	11203	106 E 51st St, Brooklyn, NY 11203	40.6595129	-73.93049	0.109725821204	10	0.455825507822	4	0.877944055696	0	7	2.5	3052	520000	12	1999	1930	87	16	50	44	50	41	23	12	14	26	9	99
30601526_zpid	30601526_zpid	11233	1190 Herkimer St, Brooklyn, NY 11233	40.677465	-73.9141549	0.420181424866	4	0.230933375435	3	0.307638800409	3	4	2	1860	955000	2	1387	1899	266	25	160	175	125	59	34	23	64	74	35	223
30605027_zpid	30605027_zpid	11233	494 Halsey St, Brooklyn, NY 11233	40.6833849	-73.9344713	0.174807314427	9	0.272710263013	6	0.547864386286	2	6	6	2720	1690000	0	2000	1899	69	41	53	71	35	5	21	4	16	18	15	101
30756159_zpid	30756159_zpid	11234	1509 E 32nd St, Brooklyn, NY 11234	40.615983	-73.942873	0.370902684182	2	0.280241396923	3	1.40826547264	0	4	2	1600	636000	11	2500	1930	13	5	11	12	3	21	16	12	21	4	3	62
30603616_zpid	30603616_zpid	11221	519 Madison St, Brooklyn, NY 11221	40.686535	-73.93677	0.185852368869	11	0.1620039902	5	0.81312927838	0	2	1	850	116250	49	2000	1910	162	41	89	126	64	30	38	13	40	49	24	197
29783105_zpid	29783105_zpid	10460	780 Elsmere Pl, Bronx, NY 10460	40.843261	-73.888999	0.274177104572	5	0.246573530189	2	0.673391939111	1	4	3	1521	400500	38	2500	1901	192	12	93	79	86	13	13	5	31	29	17	139
29836525_zpid	29836525_zpid	10466	637 E 233rd St, Bronx, NY 10466	40.8943294	-73.8594199	0.390786660277	2	0.191097548199	2	0.206986463227	4	7	5	3150	579000	0	2861	1940	234	24	94	81	123	60	19	4	40	47	16	200
30581971_zpid	30581971_zpid	11217	113 6th Ave, Brooklyn, NY 11217	40.678726	-73.975386	0.158476539125	15	0.310310777752	6	0.235364036255	8	5	3	3360	3400000	12	1492	1930	68	113	22	39	27	29	58	58	39	14	27	145
29846602_zpid	29846602_zpid	10465	238B Throggs Neck Blvd, Bronx, NY 10465	40.8183599	-73.8129132	0.374824692409	4	0.434367215121	1	3.45650939187	0	5	3	3024	210000	171	2052	2001	24	40	4	28	20	48	84	48	44	24	36	252
30770492_zpid	30770492_zpid	11236	1162 E 85th St, Brooklyn, NY 11236	40.633227	-73.904875	0.625094961261	6	0.705817041108	3	1.51637126667	0	4	2.5	2117	203000	194	2117	1960	51	8	19	28	9	67	31	9	26	6	10	77
30636553_zpid	30636553_zpid	11207	147 Sunnyside Ave, Brooklyn, NY 11207	40.682025	-73.891772	0.308844617279	2	0.214037387868	4	0.472744669506	2	5	2.5	2408	536850	10	2400	1910	76	30	43	45	35	54	39	34	32	18	6	101
30791016_zpid	30791016_zpid	11235	19 Hastings St, Brooklyn, NY 11235	40.580671	-73.944745	0.683295193072	2	1.04595347143	0	1.05502892876	0	4	2.5	1984	1500000	20	6000	1915	17	7	2	14	3	8	25	11	16	1	2	29
30738371_zpid	30738371_zpid	11223	2213 E 8th St, Brooklyn, NY 11223	40.5955861	-73.9623466	0.365075826154	8	0.303185284361	4	0.608559547486	2	3	2.5	1280	998500	8	2100	1930	30	16	7	22	12	21	34	17	10	4	3	56
30783091_zpid	30783091_zpid	11234	2328 E 72nd St, Brooklyn, NY 11234	40.616327	-73.902699	0.674903771962	1	0.5762171382	1	3.37674803539	0	3	1.5	1649	575000	16	2500	1980	8	52	12	32	8	32	68	40	60	4	12	204
30700664_zpid	30700664_zpid	11209	44 89th St, Brooklyn, NY 11209	40.622824	-74.039129	0.128011057892	3	0.670211350528	1	0.906821742762	0	3	4	2610	930000	14	2400	1925	45	18	11	27	11	22	24	12	11	2	2	56
29782720_zpid	29782720_zpid	10457	1824 Anthony Ave, Bronx, NY 10457	40.846899	-73.9033029	0.0759495566558	11	0.282328948934	9	0.303445158433	4	6	4	1500	413800	39	5250	1910	401	83	230	238	214	35	26	17	68	63	27	316
30667524_zpid	30667524_zpid	11226	295 E 17th St, Brooklyn, NY 11226	40.643377	-73.962566	0.196955403857	9	0.21775683334	4	0.188754181802	2	8	4.5	4500	1085000	32	6000	1899	1820	324	1044	1024	1116	168	108	80	272	288	36	1444
30665742_zpid	30665742_zpid	11226	20 Clarkson Ave, Brooklyn, NY 11226	40.6546398	-73.958936	0.170052021866	12	0.138296501896	5	0.227982442188	2	5	4	2595	1500000	19	2209	1925	502	100	267	250	234	40	38	24	63	67	18	347
30639633_zpid	30639633_zpid	11207	441 Ashford St, Brooklyn, NY 11207	40.671475	-73.884244	0.279663529547	9	0.536509293922	3	0.417582228756	4	4	3	1920	520200	6	1800	1920	44	11	28	34	27	26	22	5	24	23	10	91
30778241_zpid	30778241_zpid	11236	1557 E 94th St, Brooklyn, NY 11236	40.634548	-73.894257	0.370375979148	7	0.250704419118	4	1.49247755408	0	6	3	2000	10	4	2000	1950	36	14	20	24	5	52	16	17	14	12	0	71
29780090_zpid	29780090_zpid	10459	1024 Prospect Ave, Bronx, NY 10459	40.824204	-73.8994	0.118063229504	6	0.124378753385	6	0.312557464649	3	6	2	1520	294000	23	1830	1901	169	29	93	120	103	21	16	5	30	47	25	192
83045439_zpid	83045439_zpid	11233	36A Rochester Ave, Brooklyn, NY 11233	40.677895	-73.927767	0.236387677219	4	0.347765523128	3	0.298782184597	2	4	3	2808	650000	85	1372	2007	92	33	57	81	60	15	13	2	28	32	15	137
29826722_zpid	29826722_zpid	10467	707 E 215th St, Bronx, NY 10467	40.880635	-73.863979	0.230626078343	4	0.28974517243	2	0.372283132876	3	7	4	2300	625000	94	4085	1915	960	68	376	400	356	304	112	12	160	184	76	820
30579571_zpid	30579571_zpid	11220	235 60th St, Brooklyn, NY 11220	40.643116	-74.021673	0.327537680461	7	0.349590496791	5	0.375124930168	2	7	3	2700	800000	21	1999	1920	82	25	36	46	41	36	38	18	29	18	4	127
30787948_zpid	30787948_zpid	11234	2604 National Dr, Brooklyn, NY 11234	40.605623	-73.903085	1.38147400608	0	1.39926013068	0	4.52142371379	0	4	4	3780	2500000	0	4800	1965	0	0	0	2	0	0	5	1	5	2	0	7
30643368_zpid	30643368_zpid	11208	272 Autumn Ave, Brooklyn, NY 11208	40.683565	-73.870447	0.15763193888	6	0.199289478628	7	0.28479168698	2	3	2	1350	450000	2	1875	1910	125	37	73	100	65	71	36	12	75	48	8	205
29789466_zpid	29789466_zpid	10470	227 E 238th St, Bronx, NY 10470	40.89957	-73.869938	0.411085673555	2	0.325534593848	1	0.754089849386	0	3	1.5	1550	420000	37	4008	1925	55	12	7	9	6	41	14	15	15	5	3	76
29842822_zpid	29842822_zpid	10461	2992 Zulette Ave, Bronx, NY 10461	40.842039	-73.829365	0.243252675753	6	0.423272986755	1	0.595712087708	2	3	2	1704	446000	7	2500	1920	216	48	60	56	56	164	132	56	24	32	12	320
79714107_zpid	79714107_zpid	11238	26 Butler Pl APT 46, Brooklyn, NY 11238	40.675025	-73.9681589	0.100787003095	16	0.268990134335	5	0.228061699959	3	2	1	767	593000	36	13503.6	2005	162	117	65	85	74	19	34	21	35	32	7	181
30598099_zpid	30598099_zpid	11233	2276 Atlantic Ave, Brooklyn, NY 11233	40.6759739	-73.910041	0.130313485029	6	0.133712484473	3	0.287012200374	6	6	4	2649	452500	13	1667	1901	213	20	131	173	114	41	33	22	57	72	30	193
30598148_zpid	30598148_zpid	11233	2044 Pacific St, Brooklyn, NY 11233	40.675705	-73.917975	0.111361083474	2	0.476838552957	4	0.450896730687	2	5	3.5	1848	749000	14	1356	1901	189	17	113	116	77	24	32	19	53	44	40	189
30653139_zpid	30653139_zpid	11203	115 E 57th St, Brooklyn, NY 11203	40.653215	-73.923398	0.19025753974	9	0.316301199116	3	1.09432939983	0	5	2	1876	415000	2	2565	1945	129	16	44	61	51	39	20	7	16	25	13	118
30615875_zpid	30615875_zpid	11217	130 Fort Greene Pl, Brooklyn, NY 11217	40.685648	-73.976566	0.0275753462869	9	0.180116825153	2	0.125530125039	9	6	3.5	3440	2600000	18	1700	1899	69	99	33	47	21	23	36	44	36	19	24	202
29793878_zpid	29793878_zpid	10473	2224 Turnbull Ave, Bronx, NY 10473	40.823929	-73.847896	0.473208333878	3	0.415917406698	2	1.19543912735	0	3	1	1248	286590	18	3000	1930	80	48	56	28	20	104	44	12	40	16	24	220
30726090_zpid	30726090_zpid	11230	1481 E 17th St, Brooklyn, NY 11230	40.61397	-73.95703	0.446765585113	8	0.233779686522	7	0.452753574133	2	6	3.75	1907	750000	57	3000	1925	115	15	56	81	45	89	33	36	20	11	3	144
30647473_zpid	30647473_zpid	11207	782 New Jersey Ave, Brooklyn, NY 11207	40.660064	-73.890994	0.289991492998	3	0.271438411758	5	0.60616123114	3	5	2	1722	477000	31	1900	1920	172	16	100	90	91	22	39	11	37	61	11	187
30656423_zpid	30656423_zpid	11203	539 E 55th St, Brooklyn, NY 11203	40.644309	-73.924447	0.180794052225	3	0.812205137565	0	1.92640547178	0	3	2.5	1633	382000	23	1800	1940	96	20	17	17	17	21	34	4	8	8	5	80
30629849_zpid	30629849_zpid	11207	1008 Halsey St, Brooklyn, NY 11207	40.686437	-73.91415	0.294566404997	7	0.189478650808	3	0.202691198689	2	6	5	4000	999000	14	1825	1915	69	18	57	80	48	17	19	9	18	33	15	116
30633943_zpid	30633943_zpid	11207	131 New Jersey Ave, Brooklyn, NY 11207	40.676711	-73.895795	0.168409547751	5	0.394819019354	4	0.243388009334	8	3	2	1568	475000	2	2500	1901	97	21	68	82	52	60	40	35	25	33	13	167
30740235_zpid	30740235_zpid	11235	2652 Hubbard St, Brooklyn, NY 11235	40.58574	-73.963001	0.310931724971	9	0.534276287794	3	0.758823103209	0	4	2	1750	599000	16	2032	1935	30	24	20	34	11	44	43	31	18	8	9	93
30781916_zpid	30781916_zpid	11234	2024 E 65th St, Brooklyn, NY 11234	40.617869	-73.9131589	0.225474494268	6	0.324332499269	1	3.34372589804	0	3	3	1480	649000	0	2000	1930	18	8	12	13	5	24	22	10	18	2	5	78
30731067_zpid	30731067_zpid	11214	128 Bay 44th St, Brooklyn, NY 11214	40.5918694	-73.9878079	0.362432501262	6	0.629522892797	1	0.480053291754	2	6	3	2323	900000	81	3867	1925	36	36	28	72	4	72	120	84	104	28	20	264
30716639_zpid	30716639_zpid	11230	1165 Ocean Pkwy, Brooklyn, NY 11230	40.6201172	-73.9690622	0.394043887855	5	0.383462935527	4	0.529025752007	2	3	1	1274	750000	16	3005	1930	41	13	12	22	17	35	54	21	25	4	3	78
30787930_zpid	30787930_zpid	11234	22 Montana Pl, Brooklyn, NY 11234	40.606337	-73.9036239	1.29038023044	0	1.30845960931	0	4.4895982607	0	3	2.5	2588	1200000	100	4300	1965	0	1	0	2	0	0	6	1	6	2	0	8
30723755_zpid	30723755_zpid	11230	764 Rugby Rd, Brooklyn, NY 11230	40.6306749	-73.963651	0.168895659558	7	0.367866390148	6	0.230981303283	3	4	2.5	2582	965000	46	4000	1910	77	36	60	55	57	60	42	45	27	17	11	143
30707390_zpid	30707390_zpid	11214	1924 77th St, Brooklyn, NY 11214	40.610423	-73.99467	0.212308355682	15	0.169939485618	10	0.607763128211	3	7	4	3588	1320000	15	3049	1931	92	9	28	35	18	41	33	22	23	9	6	114
30672047_zpid	30672047_zpid	11218	14 Chester Ave, Brooklyn, NY 11218	40.645274	-73.985285	0.429977141771	7	0.437992498767	6	0.49308520749	1	6	3	2680	895000	40	2583	1920	48	20	21	31	22	32	38	37	3	9	2	121
30720448_zpid	30720448_zpid	11223	1634 W 7th St, Brooklyn, NY 11223	40.607073	-73.980741	0.233426075366	12	0.287567033326	6	0.352186321402	3	3	1.5	1200	535000	39	1150	1930	77	18	36	19	29	64	16	27	13	10	3	77
29828612_zpid	29828612_zpid	10469	1142 E 214th St, Bronx, NY 10469	40.876178	-73.852787	0.153560766659	8	0.433161043894	1	0.915878119376	0	3	2	2018	365000	37	1873	1945	79	9	38	70	54	43	14	9	27	25	16	128
30782120_zpid	30782120_zpid	11234	2039 E 68th St, Brooklyn, NY 11234	40.619421	-73.910464	0.216592401115	5	0.258660898902	1	3.11768185425	0	4	2.5	1944	525000	126	2300	1960	15	5	9	15	6	20	22	8	22	2	6	67
30601328_zpid	30601328_zpid	11233	1305 Herkimer St, Brooklyn, NY 11233	40.6777	-73.910121	0.0909236963284	6	0.0754694862366	3	0.103873860592	8	4	1	2700	725000	2	1999	1905	244	27	171	198	142	49	41	26	62	86	30	227
30611403_zpid	30611403_zpid	11216	44 Herkimer St, Brooklyn, NY 11216	40.679526	-73.951803	0.24811020067	10	0.250011305256	9	0.211208049605	5	5	2.5	2800	629500	43	1800	1906	290	164	126	171	144	24	51	24	53	62	45	269
30637237_zpid	30637237_zpid	11207	104 Warwick St, Brooklyn, NY 11207	40.681501	-73.888201	0.31073092812	7	0.286596008782	5	0.346911595128	3	9	4	4150	660000	25	4748	1910	264	128	184	232	160	168	136	64	136	76	24	408
30612528_zpid	30612528_zpid	11205	282 Dekalb Ave, Brooklyn, NY 11205	40.6893109	-73.967445	0.205670088404	11	0.270164612871	3	0.17228126916	5	4	3	2208	1725000	97	1425	1901	48	60	21	34	19	31	21	10	18	16	10	119
30763933_zpid	30763933_zpid	11234	1673 Kimball St, Brooklyn, NY 11234	40.6167429	-73.9341945	0.337124102561	6	0.46704102379	3	2.12139081773	0	7	3.25	4077	610000	86	4000	2011	13	48	7	15	5	42	27	23	26	8	1	129
89069362_zpid	89069362_zpid	11230	1389 E 18th St, Brooklyn, NY 11230	40.616656	-73.956565	0.222019754702	7	0.299583982062	5	0.262327045713	1	2	2	1060	620000	134	3000	2008	138	20	51	81	49	60	34	32	16	14	4	140
29813519_zpid	29813519_zpid	10462	1839 Muliner Ave, Bronx, NY 10462	40.847401	-73.861524	0.200397055849	7	0.207819994123	2	0.605034351939	1	5	3	2820	470000	16	24	1960	82	27	45	59	33	84	39	29	28	24	14	122
30584492_zpid	30584492_zpid	11215	337 8th St, Brooklyn, NY 11215	40.669113	-73.98388	0.0875331948135	20	0.122757049767	4	0.420309445982	3	5	3	2766	2675000	5	1825	1899	320	372	128	240	88	104	252	168	140	72	104	1044
30584492_zpid	30584492_zpid	11215	337 8th St, Brooklyn, NY 11215	40.669113	-73.98388	0.0875331948135	20	0.122757049767	2	0.420309445982	3	5	3	2766	2675000	5	1825	1899	320	372	128	240	88	104	252	168	140	72	104	1044
30665407_zpid	30665407_zpid	11225	244 Hawthorne St, Brooklyn, NY 11225	40.657489	-73.952156	0.140429824044	10	0.153899750247	7	0.18522101999	2	3	3	1926	1450000	7	4240	1920	964	132	424	368	296	152	112	36	104	160	28	616
30665407_zpid	30665407_zpid	11225	244 Hawthorne St, Brooklyn, NY 11225	40.657489	-73.952156	0.140429824044	10	0.153899750247	6	0.18522101999	2	3	3	1926	1450000	7	4240	1920	964	132	424	368	296	152	112	36	104	160	28	616
30585613_zpid	30585613_zpid	11215	231 13th St, Brooklyn, NY 11215	40.667643	-73.989558	0.124865541175	15	0.183575909259	2	0.307721109579	3	4	2	2088	1155375	31	1250	1901	90	86	32	75	32	43	70	28	40	20	17	248
30624149_zpid	30624149_zpid	11211	32 Sharon St, Brooklyn, NY 11211	40.715048	-73.937882	0.343877824896	9	0.462911778996	2	0.410885618886	2	2	1	1386	499999	82	2000	1955	24	115	12	37	17	25	31	11	21	12	17	129
30692026_zpid	30692026_zpid	11220	171 Bay Ridge Ave, Brooklyn, NY 11220	40.6371139	-74.029514	0.117942530163	9	0.226304659689	3	0.570864811282	1	6	3	2900	930000	16	2900	1925	144	60	100	104	68	112	80	112	40	44	8	232
30605231_zpid	30605231_zpid	11233	712 Halsey St # A, Brooklyn, NY 11233	40.684363	-73.92532	0.370157112363	10	0.46996940679	4	0.640354692856	3	5	3	3240	713000	22	1800	1910	137	62	88	104	67	15	16	13	41	35	24	165
30655633_zpid	30655633_zpid	11236	653 Rockaway Pkwy, Brooklyn, NY 11236	40.6534819	-73.911132	0.385090134119	6	0.410603212419	2	0.989868072816	0	6	2.5	3480	520000	26	2695	1920	35	2	14	19	21	30	16	8	4	6	3	62
30791289_zpid	30791289_zpid	11235	131 Langham St, Brooklyn, NY 11235	40.5799949	-73.940823	0.491027211635	1	1.26753034454	0	1.36402976117	0	2	2	1980	90000	270	2000	1935	36	28	16	56	32	48	52	20	64	4	4	104
30791289_zpid	30791289_zpid	11235	131 Langham St, Brooklyn, NY 11235	40.5799949	-73.940823	0.87732368635	0	1.26753034454	0	1.36402976117	0	2	2	1980	90000	270	2000	1935	36	28	16	56	32	48	52	20	64	4	4	104
30697686_zpid	30697686_zpid	11209	8015 Narrows Ave, Brooklyn, NY 11209	40.629218	-74.037208	0.665324860475	5	1.11145474104	0	0.990018551725	0	6	4	2420	2499000	0	5467	1925	4	7	1	4	2	9	24	17	8	2	1	39
29787777_zpid	29787777_zpid	10458	2756 Bainbridge Ave, Bronx, NY 10458	40.866843	-73.889787	0.257604010454	9	0.252339582373	10	0.313690437456	6	4	2	2970	372500	5	2970	1910	589	75	218	237	291	38	19	3	82	67	30	323
30571049_zpid	30571049_zpid	11217	160 Hoyt St, Brooklyn, NY 11217	40.685533	-73.988845	0.0699136824077	15	0.394926221649	3	0.183385445017	4	5	3	3200	971500	166	1600	1899	19	46	2	25	4	26	33	9	9	5	6	65
29854011_zpid	29854011_zpid	10471	6218 Spencer Ave, Bronx, NY 10471	40.91144	-73.897871	0.34919368316	11	0.369224214647	5	1.53177922817	0	5	3.5	2080	717500	33	3742	1927	7	6	6	7	3	6	14	9	6	1	2	28
29853542_zpid	29853542_zpid	10471	267 W 259th St, Bronx, NY 10471	40.9066868	-73.8991435	0.225440467606	4	0.226466302504	3	1.29603168782	0	5	2	2160	384000	19	2300	1925	10	8	5	10	6	18	29	10	15	2	7	50
30730097_zpid	30730097_zpid	11214	8669 26th Ave, Brooklyn, NY 11214	40.595069	-73.986183	0.292470032632	8	0.281555097718	6	0.298365947997	4	6	6	2450	1399000	0	3000	1965	10	6	5	13	4	14	23	22	15	3	4	43
30732285_zpid	30732285_zpid	11224	3845 Maple Ave, Brooklyn, NY 11224	40.579362	-74.007829	0.244854146896	1	0.545915524042	1	2.25901195398	0	3	2	1626	499000	0	4000	1925	15	9	6	16	7	1	16	1	9	2	2	29
30694667_zpid	30694667_zpid	11209	638 73rd St, Brooklyn, NY 11209	40.62877	-74.018787	0.305949151385	12	0.358420243072	6	0.578205072383	1	3	2	2000	650000	16	20	1901	17	13	10	27	15	23	33	39	18	3	3	84
29844025_zpid	29844025_zpid	10465	1635 Ohm Ave, Bronx, NY 10465	40.847349	-73.821399	0.778906301952	0	0.472816031919	1	0.784851063606	0	3	3	1296	470000	16	2500	1957	1	3	2	3	0	12	22	10	6	0	0	20
29789392_zpid	29789392_zpid	10470	218 E 238th St, Bronx, NY 10470	40.899133	-73.870146	0.360849999528	2	0.303622034852	1	0.739204452509	1	3	3	2000	464000	19	4247	1899	54	12	8	10	7	40	12	16	15	5	2	74
30691967_zpid	30691967_zpid	11220	113 Bay Ridge Ave, Brooklyn, NY 11220	40.637577	-74.0316351	0.302780512362	9	0.405442115342	3	0.755695104964	0	2	3	2580	340000	317	1900	1931	136	52	68	76	44	84	64	84	20	16	4	184
30691967_zpid	30691967_zpid	11220	113 Bay Ridge Ave, Brooklyn, NY 11220	40.637577	-74.0316351	0.302780512362	9	0.405442115342	2	0.755695104964	0	2	3	2580	340000	317	1900	1931	136	52	68	76	44	84	64	84	20	16	4	184
30644949_zpid	30644949_zpid	11208	193 Fountain Ave, Brooklyn, NY 11208	40.675418	-73.875073	0.176832805288	9	0.186718361582	4	0.250534381306	2	4	2	1200	285000	51	2000	1930	164	18	88	101	72	54	49	8	44	50	16	194
