29798210_zpid	29798210_zpid	10472	1790 E 174th St, Bronx, NY 10472	40.834501	-73.867611	0.36735914539	8	0.41594651905	5	0.333068438284	2	3	2	1242	175000	187	3855	1899	193	150	52	64	49	31	18	10	26	41	11	136
30673944_zpid	30673944_zpid	11218	292 E 8th St, Brooklyn, NY 11218	40.642865	-73.97183	0.134830334359	13	0.348369595829	8	0.637653960516	3	5	2	2200	1165000	2	2408	1901	164	55	63	82	50	55	44	32	32	21	12	203
30758914_zpid	30758914_zpid	11234	1230 E 46th St, Brooklyn, NY 11234	40.631015	-73.932344	0.396254826214	5	0.9230941985	0	1.30819637547	0	3	2	1440	530000	14	6600	1950	64	36	48	44	12	84	68	52	64	32	4	244
30603279_zpid	30603279_zpid	11221	802 Lexington Ave, Brooklyn, NY 11221	40.690205	-73.926733	0.149129273967	11	0.2331890659	3	0.382111755708	2	5	2	2394	650000	6	1900	1899	896	272	420	580	536	208	128	52	152	224	152	1184
30695776_zpid	30695776_zpid	11209	261 77th St, Brooklyn, NY 11209	40.630425	-74.029098	0.135504707349	17	0.532849007576	4	0.312517071055	2	5	3	2530	1240000	14	4360	1910	89	43	39	29	28	52	54	72	14	16	7	134
29842587_zpid	29842587_zpid	10461	2895 Zulette Ave, Bronx, NY 10461	40.84232	-73.833043	0.263066692252	6	0.664269891317	1	0.325199649627	2	3	2	2106	499000	3	1899	1920	308	56	80	64	76	160	136	72	52	56	16	460
30605989_zpid	30605989_zpid	11233	135 Bainbridge St, Brooklyn, NY 11233	40.6809779	-73.9322454	0.142459206901	9	0.13149397611	4	0.220601429226	2	7	4	3600	825000	38	2000	1910	111	57	79	103	58	13	25	6	30	28	20	154
29776810_zpid	29776810_zpid	10454	445 E 139th St, Bronx, NY 10454	40.809277	-73.920636	0.243596010143	5	0.158637928749	6	0.201922555814	3	4	2	2400	525000	106	1667	1910	251	31	121	150	123	13	18	12	35	40	21	243
30792837_zpid	30792837_zpid	11229	2216 Stuart St, Brooklyn, NY 11229	40.601718	-73.934101	0.0287961865284	3	0.0543472860835	1	1.86445780819	0	3	5	1092	480000	15	2200	1925	15	6	4	6	2	8	28	13	8	0	2	35
89069886_zpid	89069886_zpid	10456	314 E 166th St, Bronx, NY 10456	40.8299546	-73.9144176	0.0299104873892	9	0.28027568287	7	0.471830497245	2	6	3	2439	440000	36	1017	2007	468	57	193	203	243	29	30	5	81	65	27	295
29821081_zpid	29821081_zpid	10469	2439 Esplanade Ave, Bronx, NY 10469	40.8623681	-73.8527051	0.554701437338	2	0.408103274258	3	0.454150521793	1	3	2.5	2281	632000	10	5684	1955	20	9	10	10	8	38	30	16	24	8	6	74
30612976_zpid	30612976_zpid	11238	412 Adelphi St, Brooklyn, NY 11238	40.68526	-73.970585	0.392668964282	12	0.409992674054	3	0.299181549891	9	5	4	2552	1950000	15	1775	1901	104	47	52	63	53	25	31	9	17	21	19	94
30645306_zpid	30645306_zpid	11208	225 Fountain Ave, Brooklyn, NY 11208	40.674509	-73.87486	0.20137980665	8	0.171138366746	5	0.251789776363	2	5	3	1280	434600	119	1667	1930	708	80	388	440	328	228	176	28	132	224	72	772
30673069_zpid	30673069_zpid	11218	89 Church Ave, Brooklyn, NY 11218	40.6427615	-73.9799591	0.0907749822245	9	0.0274061540922	10	0.144398756821	1	2	1	3135	995000	33	2560	1931	95	30	38	45	36	57	54	41	15	14	11	169
30749697_zpid	30749697_zpid	11235	1527 Voorhies Ave, Brooklyn, NY 11235	40.5859908	-73.9529796	0.116691416655	10	0.139737477042	4	0.141519107428	1	3	1.5	2080	725000	38	2000	1930	140	21	29	58	26	36	31	24	32	17	13	151
29843031_zpid	29843031_zpid	10461	1438 Hollywood Ave, Bronx, NY 10461	40.84251	-73.826911	0.299620190051	4	0.264966322312	1	0.675389847839	1	3	2	1474	380000	14	5000	1930	31	10	6	9	13	35	27	12	5	5	1	53
30573269_zpid	30573269_zpid	11231	320 Van Brunt St, Brooklyn, NY 11231	40.6791299	-74.0111571	0.109108539263	4	0.0249877604139	4	1.27628575978	0	4	4	4075	1200000	16	2250	1925	28	54	15	21	11	6	28	8	11	8	2	57
30794265_zpid	30794265_zpid	11229	60 Florence Ave, Brooklyn, NY 11229	40.591042	-73.925877	0.249761023931	2	1.16374742753	0	2.43464478899	0	3	2	1248	396499	7	1734	1920	1	7	1	13	1	1	23	9	20	2	3	34
29785186_zpid	29785186_zpid	10457	2145 Prospect Ave, Bronx, NY 10457	40.848598	-73.885857	0.200210851836	12	0.534525261624	3	1.04571760576	0	5	2	2464	485000	0	2687	1910	155	32	76	95	70	23	8	4	29	41	20	132
30633550_zpid	30633550_zpid	11212	920 Rockaway Ave, Brooklyn, NY 11212	40.657167	-73.9078339	0.15074839801	6	0.0955774830239	3	0.6088344836	2	3	1.5	1148	329000	5	1800	1986	132	14	98	85	66	30	30	11	44	30	12	168
30725764_zpid	30725764_zpid	11230	1466 E 13th St, Brooklyn, NY 11230	40.613759	-73.961393	0.151437552517	10	0.138970391057	6	0.461445294416	2	9	4.5	7680	1650000	24	2000	1899	76	16	29	49	31	93	29	31	30	9	2	138
83044024_zpid	83044024_zpid	11213	519 Herkimer St, Brooklyn, NY 11213	40.67912	-73.936227	0.245051808148	8	0.190831006755	6	0.400993450166	2	8	5	4	720000	12	2000	2005	76	6	38	41	38	28	18	6	20	15	8	85
79723872_zpid	79723872_zpid	10472	1551 Bruckner Blvd, Bronx, NY 10472	40.824158	-73.87673	0.208215010976	6	0.3128565907	4	0.533536265088	2	8	6	3054	530000	14	1568	2009	469	45	152	165	150	39	20	3	45	62	18	237
30765723_zpid	30765723_zpid	11234	1421 E 57th St, Brooklyn, NY 11234	40.618791	-73.919768	0.176301485298	11	0.825786204614	0	2.82678730371	0	3	1.5	1384	485000	21	2168	1925	44	36	32	20	36	132	120	48	80	12	32	476
30693209_zpid	30693209_zpid	11209	99 72nd St, Brooklyn, NY 11209	40.635259	-74.033334	0.147283969034	8	0.506209368138	2	0.841768145721	0	5	4	2880	1185000	7	2000	1925	114	8	14	23	21	38	26	92	20	4	2	77
30626138_zpid	30626138_zpid	11237	153 Saint Nicholas Ave, Brooklyn, NY 11237	40.704907	-73.9167499	0.0634204735224	12	0.212176940391	5	0.186730939475	5	5	3	2500	1699999	0	2250	1920	110	62	81	94	82	44	28	18	52	42	15	173
29823246_zpid	29823246_zpid	10469	2725 Tenbroeck Ave, Bronx, NY 10469	40.866311	-73.853148	0.452497056188	6	0.459776831291	3	0.672540961901	1	2	1	2125	280000	26	1088	1950	25	11	12	13	8	44	30	15	26	9	7	81
30610973_zpid	30610973_zpid	11216	53 Macdonough St, Brooklyn, NY 11216	40.6811549	-73.944333	0.262264699876	13	0.128759895102	7	0.323923336549	3	1	1	2400	1100000	107	2000	1899	210	106	105	166	103	33	41	23	57	61	30	252
30708908_zpid	30708908_zpid	11228	1468 80th St, Brooklyn, NY 11228	40.614935	-74.006657	0.452775678611	9	0.422814363185	3	0.535347792807	1	3	1.5	1296	555000	50	2630	1920	6	16	4	17	1	25	36	43	20	6	2	58
30783770_zpid	30783770_zpid	11234	1864 E 33rd St, Brooklyn, NY 11234	40.610265	-73.936025	0.436054342669	3	0.408858825203	1	1.84997361174	0	3	2	1536	600000	56	2000	1925	1	8	4	7	3	11	18	22	24	3	1	41
30567927_zpid	30567927_zpid	11201	281 Henry St, Brooklyn, NY 11201	40.692073	-73.995276	0.172974749356	16	0.212892999199	4	0.434141890761	6	6	4	5025	7200000	3	1542	1905	220	448	92	220	76	108	276	160	128	40	52	912
29812672_zpid	29812672_zpid	10460	620 Baker Ave, Bronx, NY 10460	40.841675	-73.866052	0.305087231414	9	0.444249901977	6	0.626698846964	1	5	2	2227	435000	17	2000	1901	205	23	69	82	91	47	19	11	28	42	26	132
30613248_zpid	30613248_zpid	11238	116 Saint James Pl, Brooklyn, NY 11238	40.686388	-73.964691	0.148859568847	9	0.156027300066	3	0.246360574399	3	5	4	3780	2450000	33	2083	1900	576	400	332	468	364	156	176	52	160	96	92	704
30664374_zpid	30664374_zpid	11225	193 Ocean Ave, Brooklyn, NY 11225	40.658287	-73.962011	0.145728865564	12	0.144162052208	5	0.336237547975	2	4	3.5	3672	167000	252	2750	1901	288	92	148	118	136	7	33	16	46	37	10	189
30790005_zpid	30790005_zpid	11235	1022 Ocean View Ave, Brooklyn, NY 11235	40.5800623	-73.9589867	0.111105570723	11	0.104369203229	5	0.32973188053	1	9	3	2520	487500	80	2520	1950	241	63	76	93	59	81	55	30	51	38	24	281
30706134_zpid	30706134_zpid	11204	1660 Bay Ridge Pkwy, Brooklyn, NY 11204	40.6153379	-73.9992251	0.135432326529	11	0.188397358582	5	0.235603383676	2	4	3	1440	560000	59	1500	1930	10	10	6	24	7	25	14	16	8	3	3	44
29844494_zpid	29844494_zpid	10465	2928 Greene Pl, Bronx, NY 10465	40.832032	-73.825841	0.144249245337	4	0.570453213162	2	1.58547238933	0	2	2	1625	400000	0	2375	1925	6	14	4	10	3	12	25	13	10	1	5	44
29852593_zpid	29852593_zpid	10471	380 W 245th St, Bronx, NY 10471	40.891212	-73.90475	0.447599186058	6	0.745932557796	1	0.565287865854	1	6	5	4400	3762500	201	7575	1940	120	24	8	4	4	4	64	12	20	0	4	56
29853719_zpid	29853719_zpid	10471	6044 Tyndall Ave, Bronx, NY 10471	40.9092569	-73.900349	0.417617858489	5	0.446287109655	5	1.29940021658	0	3	1.5	1632	655000	8	2355	1925	12	10	6	10	5	18	25	10	16	2	5	45
30672324_zpid	30672324_zpid	11218	3351 12th Ave, Brooklyn, NY 11218	40.6450249	-73.9823	0.212901177	9	0.18508382318	8	0.247071595735	1	5	3	2898	910000	38	3045	1935	59	28	31	40	31	38	42	31	12	13	9	154
30736197_zpid	30736197_zpid	11223	2113 E 4th St, Brooklyn, NY 11223	40.59872	-73.967699	0.378117964442	4	0.41878661131	4	0.562315907842	2	3	3	2072	1836000	0	2000	1935	42	17	13	30	11	32	31	61	20	6	4	83
30619080_zpid	30619080_zpid	11249	99 S 2nd St APT 1, Brooklyn, NY 11249	40.714032	-73.9637215	0.161510650293	11	0.381990924315	4	0.67065828152	1	1	1	3700	3550000	1	1600	1899	26	94	7	27	6	30	19	20	23	3	7	107
30793348_zpid	30793348_zpid	11229	21 Canton Ct, Brooklyn, NY 11229	40.5869809	-73.9205128	0.366426288582	1	1.68819061483	0	2.8440669845	0	3	1	1470	420000	19	1800	1920	2	3	1	13	0	0	22	8	19	2	3	32
29834905_zpid	29834905_zpid	10466	3697 Secor Ave, Bronx, NY 10466	40.886635	-73.832748	0.345587405221	1	0.287806137645	2	0.24555901909	1	3	3	1248	420000	2	2857	1925	32	10	12	14	1	22	16	13	16	5	3	56
30571098_zpid	30571098_zpid	11217	160 Bond St, Brooklyn, NY 11217	40.684806	-73.986523	0.185806460528	12	0.328689028217	2	0.395438817643	8	3	2	2100	2475000	0	1875	1899	30	58	5	35	11	39	43	16	16	14	10	113
30566975_zpid	30566975_zpid	11217	173 Bergen St, Brooklyn, NY 11217	40.685497	-73.986787	0.173707056343	14	0.395330879334	2	0.351465505442	7	6	1	3100	3750000	0	1942	1910	28	60	5	31	11	33	42	16	15	14	12	106
30566888_zpid	30566888_zpid	11201	90 Dean St, Brooklyn, NY 11201	40.686919	-73.989611	0.0338888595374	16	0.386185476889	4	0.136290326185	7	5	2.5	3520	2270000	114	2000	1910	38	87	9	52	9	19	34	24	18	10	7	180
30768207_zpid	30768207_zpid	11236	653 Varkens Hook Rd, Brooklyn, NY 11236	40.640523	-73.910541	0.326152722807	6	0.467828190466	3	1.00235078956	0	5	3	1530	340000	130	2680	1920	46	8	26	22	11	74	31	15	24	15	9	118
30638423_zpid	30638423_zpid	11207	180 Van Siclen Ave, Brooklyn, NY 11207	40.6757004	-73.8913233	0.37060780885	7	0.432427851026	4	0.232808563927	5	4	2	1760	450000	100	2500	1901	452	100	336	448	316	352	164	120	172	212	72	936
30782122_zpid	30782122_zpid	11234	2035 E 68th St, Brooklyn, NY 11234	40.619504	-73.910555	0.225736675222	5	0.270011319031	1	3.11050676864	0	4	2.5	1944	75000	102	2000	1960	15	5	8	14	6	20	22	8	22	2	5	68
30689802_zpid	30689802_zpid	11219	1258 66th St, Brooklyn, NY 11219	40.625638	-74.0030589	0.323518891854	5	0.431816155438	3	0.528990858599	3	4	3	1782	700000	21	3789	1920	55	13	14	18	9	51	53	51	13	6	16	109
30774538_zpid	30774538_zpid	11236	9904 Flatlands Ave, Brooklyn, NY 11236	40.644598	-73.898697	0.282454550429	6	0.670672260363	1	0.351150157247	2	3	3	3600	385000	31	3615	1930	59	10	25	19	18	58	17	8	12	18	10	99
30707496_zpid	30707496_zpid	11214	2114 77th St, Brooklyn, NY 11214	40.607842	-73.990367	0.184095291693	12	0.323204556608	5	0.72087578005	1	7	5	2932	730000	51	4000	1925	81	10	27	38	22	58	38	27	14	8	9	90
30603168_zpid	30603168_zpid	11221	678 Lexington Ave, Brooklyn, NY 11221	40.689557	-73.932406	0.439840730419	10	0.386856409969	4	0.519088502888	1	5	2	940	450000	21	3402	2002	896	208	464	600	460	244	152	60	176	252	204	1100
30650511_zpid	30650511_zpid	11212	5 E 92nd St, Brooklyn, NY 11212	40.663924	-73.929477	0.269618224442	11	0.140456898762	7	0.577401664727	2	4	2.5	2029	400000	35	1785	1945	428	16	196	208	144	104	32	16	60	72	32	436
30782366_zpid	30782366_zpid	11234	2030 E 74th St, Brooklyn, NY 11234	40.622088	-73.906655	0.609417628217	1	0.587881783981	1	2.76463641827	0	3	2	924	549000	0	2000	1925	18	2	9	9	6	26	14	9	18	3	3	48
30674472_zpid	30674472_zpid	11218	525 E 3rd St, Brooklyn, NY 11218	40.6392529	-73.976329	0.377431368536	9	0.167794024183	9	0.385108676341	2	4	2	1700	1580000	10	5000	1925	220	66	77	89	52	85	43	79	34	19	8	238
30698127_zpid	30698127_zpid	11209	8119 Ridge Blvd, Brooklyn, NY 11209	40.627152	-74.032144	0.197339511961	13	0.685817245671	1	0.589256025203	2	4	3	2401	1525000	0	3633	1930	55	38	16	23	12	42	43	44	7	7	2	103
30636710_zpid	30636710_zpid	11207	170 Sunnyside Ave, Brooklyn, NY 11207	40.681917	-73.890839	0.337698953126	3	0.243582955666	4	0.465193713463	2	4	2	2552	517000	14	2050	1910	81	31	51	52	41	62	39	34	36	19	7	112
29822552_zpid	29822552_zpid	10469	2543 Tiemann Ave, Bronx, NY 10469	40.863952	-73.83823	0.444439972866	3	0.2800114557	1	0.925312551769	0	3	3	1500	380000	20	2482	1950	10	10	4	5	1	14	22	14	15	2	2	50
30604257_zpid	30604257_zpid	11221	199 Malcolm X Blvd # 4, Brooklyn, NY 11221	40.686184	-73.929457	0.011720774736	10	0.0669759783131	3	0.717766045251	1	3	1	4680	850000	116	2080	1910	142	36	74	114	82	37	21	8	26	46	25	168
94719918_zpid	94719918_zpid	11207	46 Schenck Ave, Brooklyn, NY 11207	40.6802916	-73.8905949	0.221219631673	4	0.175585616435	4	0.292600486299	2	8	3	3524	560000	36	1850	2008	105	42	68	81	53	66	49	35	46	32	11	164
30610984_zpid	30610984_zpid	11216	210 Macon St, Brooklyn, NY 11216	40.681683	-73.942424	0.230602007589	10	0.261500741024	8	0.236537320916	3	4	4	2124	700000	34	1600	1899	159	81	91	128	80	18	37	21	36	44	27	197
29785250_zpid	29785250_zpid	10460	1022 Old Kingsbridge Rd, Bronx, NY 10460	40.8501569	-73.8833737	0.106194970852	9	0.471369790135	2	1.13296025221	0	4	3	1756	330000	19	2178	1901	103	13	46	48	69	11	5	3	11	20	10	85
68314619_zpid	68314619_zpid	11223	2356 W 11th St, Brooklyn, NY 11223	40.589988	-73.981361	0.213735205283	4	0.408721205006	2	0.240004956848	3	3	1	2730	641497	117	1750	2011	10	8	4	9	6	13	8	11	11	2	2	12
30655680_zpid	30655680_zpid	11203	1137 Schenectady Ave, Brooklyn, NY 11203	40.645159	-73.932276	0.367117381813	7	0.554063828334	2	1.4091394371	0	5	3	1800	479166	4	1999	1945	37	17	12	12	16	39	23	6	15	11	6	91
30619261_zpid	30619261_zpid	11249	63 S 4th St, Brooklyn, NY 11249	40.71296	-73.9654986	0.0823620908091	8	0.319824652806	3	0.82271644154	0	8	4	3200	3199000	0	1344	1910	100	344	32	136	32	92	84	152	80	12	32	380
30727468_zpid	30727468_zpid	11229	1750 E 19th St, Brooklyn, NY 11229	40.607448	-73.954432	0.261844202563	4	0.285827401713	3	0.316855315087	1	5	2.5	1842	870000	8	4000	1930	168	37	53	52	63	73	62	43	20	19	3	192
30735785_zpid	30735785_zpid	11223	1952 E 1st St, Brooklyn, NY 11223	40.600601	-73.971494	0.544604009545	5	0.200759993424	3	0.300289864165	3	3	2	2166	1500000	15	3000	1925	33	17	16	27	12	48	28	70	26	8	4	107
30706955_zpid	30706955_zpid	11228	1164 77th St, Brooklyn, NY 11228	40.620638	-74.011587	0.317473170243	4	0.460511226376	1	1.08136945159	0	3	1.5	1312	710000	30	2003	1920	6	13	2	19	2	35	43	23	19	1	4	56
30664495_zpid	30664495_zpid	11225	244 Lincoln Rd, Brooklyn, NY 11225	40.661079	-73.954633	0.346248175399	10	0.397237982122	6	0.369213813612	3	4	3	2700	800000	64	2100	1910	492	96	210	185	182	33	43	20	46	72	23	301
83178378_zpid	83178378_zpid	10459	867 E 169th St, Bronx, NY 10459	40.8290944	-73.896586	0.428913388226	7	0.415513544877	7	0.416634942004	2	8	6	2821	479968	46	2613	2008	203	84	106	140	110	25	23	6	30	49	23	199
30583625_zpid	30583625_zpid	11215	390 1st St, Brooklyn, NY 11215	40.672466	-73.979645	0.0249615130346	14	0.424603602471	3	0.614060873539	2	1	1	8800	212500	292	2750	1921	62	78	23	47	28	26	53	43	29	15	22	212
30627141_zpid	30627141_zpid	11237	290 Bleecker St, Brooklyn, NY 11237	40.699655	-73.916385	0.13803806363	11	0.248803566749	6	0.301601462452	4	5	3	2034	1052500	9	1500	1920	187	89	152	189	136	39	33	24	85	74	31	319
30757614_zpid	30757614_zpid	11234	1722 E 36th St, Brooklyn, NY 11234	40.614007	-73.936509	0.250331752886	4	0.12593756781	2	1.89585289764	0	3	1	952	445000	13	1800	1935	4	18	7	11	3	26	24	21	36	5	2	72
30787557_zpid	30787557_zpid	11234	2769 E 64th St, Brooklyn, NY 11234	40.605845	-73.913827	1.13734294128	0	1.32213544472	0	3.63221911419	0	3	1	1324	537000	8	2300	1965	3	4	2	5	3	16	4	25	19	2	1	23
30662212_zpid	30662212_zpid	11203	751 E 46th St, Brooklyn, NY 11203	40.642962	-73.933053	0.114037278741	5	0.80728178357	0	1.3394359947	0	6	5	2080	749000	0	2500	1935	112	56	44	56	36	140	88	32	76	44	12	376
