30627058_zpid	30627058_zpid	11221	328 Central Ave, Brooklyn, NY 11221	40.695243	-73.92066	0.400220731871	10	0.0821974321354	6	0.389155564652	4	4	2	2640	435000	28	2500	1930	164	45	76	97	62	31	28	13	63	28	25	179
30664499_zpid	30664499_zpid	11225	254 Lincoln Rd, Brooklyn, NY 11225	40.661095	-73.954338	0.321668137672	11	0.3753327632	6	0.346940364012	3	4	2	1780	1450000	23	2100	1910	491	96	203	178	180	34	44	21	45	70	21	309
30631470_zpid	30631470_zpid	11212	1172 E New York Ave, Brooklyn, NY 11212	40.666495	-73.923408	0.171165784532	13	0.181796507991	6	0.201438851468	1	7	5	3280	375000	152	2763	1930	274	14	95	87	83	29	19	8	28	42	7	166
30749375_zpid	30749375_zpid	11235	2541 E 26th St, Brooklyn, NY 11235	40.590175	-73.94353	0.160472901088	11	0.353874723962	4	0.969533388925	0	4	3	1728	719000	0	2800	1950	60	16	14	22	10	37	30	40	34	4	1	100
30737864_zpid	30737864_zpid	11223	11 Stryker St, Brooklyn, NY 11223	40.5935563	-73.9723623	0.357296195343	6	0.530562311975	2	0.291436717723	4	5	5	3000	890000	11	1933	1920	228	40	68	132	40	188	128	160	108	24	24	496
30737864_zpid	30737864_zpid	11223	11 Stryker St, Brooklyn, NY 11223	40.5935563	-73.9723623	0.357296195343	3	0.530562311975	4	0.291436717723	4	5	5	3000	890000	11	1933	1920	228	40	68	132	40	188	128	160	108	24	24	496
30755848_zpid	30755848_zpid	11229	1551 E 28th St, Brooklyn, NY 11229	40.613312	-73.946009	0.198563427702	2	0.677655601851	3	1.12335304835	0	5	1	1980	796500	12	4000	1915	43	5	20	16	9	21	27	11	17	3	2	68
30666104_zpid	30666104_zpid	11226	137 Martense St, Brooklyn, NY 11226	40.651728	-73.95431	0.380662538964	11	0.244944731902	9	0.411859416202	4	5	3	2096	560000	27	2600	1901	556	91	263	261	256	88	43	20	69	84	23	404
30573183_zpid	30573183_zpid	11231	190 W 9th St, Brooklyn, NY 11231	40.674801	-73.998682	0.120614522153	8	0.465949678509	1	0.121158943221	1	1	1	2280	340000	167	1875	1910	20	25	6	10	6	15	37	8	11	3	6	89
29852837_zpid	29852837_zpid	10471	5140 Post Rd, Bronx, NY 10471	40.896944	-73.898165	0.640485097104	1	0.961074079244	0	0.77751440293	0	3	1.5	1500	455000	22	3471	1920	26	1	6	5	5	4	12	3	6	0	4	21
30595017_zpid	30595017_zpid	11225	289 Sterling St, Brooklyn, NY 11225	40.663312	-73.951582	0.182978582871	7	0.0748059922372	6	0.0885823516774	4	3	3	1765	1499000	0	1800	1910	446	84	175	157	157	36	36	17	39	71	18	282
30737674_zpid	30737674_zpid	11223	14 Corso Ct, Brooklyn, NY 11223	40.5946447	-73.9747595	0.292635987068	4	0.318544468956	3	0.197437527038	4	4	1	2244	317100	24	435	1926	168	48	44	144	44	232	100	148	112	28	36	420
30737674_zpid	30737674_zpid	11223	14 Corso Ct, Brooklyn, NY 11223	40.5946447	-73.9747595	0.292635987068	7	0.318544468956	3	0.197437527038	4	4	1	2244	317100	24	435	1926	168	48	44	144	44	232	100	148	112	28	36	420
29781590_zpid	29781590_zpid	10457	1695 Clay Ave, Bronx, NY 10457	40.844125	-73.9051999	0.334589618029	8	0.155056689819	5	0.460247748544	4	5	3.5	1904	390000	2	1812	1901	331	74	207	234	209	27	24	13	55	60	26	254
30676229_zpid	30676229_zpid	11230	339 Parkville Ave, Brooklyn, NY 11230	40.633073	-73.967646	0.281617423169	9	0.0609753551572	7	0.467005799158	2	6	2.5	3000	225000	33	1500	1910	79	39	54	46	43	54	38	41	26	16	8	140
30622345_zpid	30622345_zpid	11222	164 Engert Ave, Brooklyn, NY 11222	40.721522	-73.944338	0.192155852024	12	0.166520100418	1	0.680293203447	1	6	3	2376	736000	94	1500	1910	29	48	16	46	9	14	36	20	23	9	9	148
30695060_zpid	30695060_zpid	11209	551 Bay Ridge Pkwy, Brooklyn, NY 11209	40.628888	-74.021007	0.162841094832	13	0.17180064319	5	0.392132522129	2	3	1	1300	745000	116	2731	1899	66	24	33	40	25	35	46	48	25	21	5	120
29792588_zpid	29792588_zpid	10473	1755 Seward Ave, Bronx, NY 10473	40.819077	-73.865553	0.260671589642	3	0.321027866203	2	1.39156532642	0	8	3	3550	500000	5	2500	1920	51	16	20	17	19	19	17	6	22	10	5	78
30597114_zpid	30597114_zpid	11213	1625 Union St, Brooklyn, NY 11213	40.668317	-73.936498	0.273787927791	13	0.341964816991	7	0.307114019194	2	3	1	3552	777000	11	2000	1901	575	58	230	236	237	54	51	21	47	83	48	347
30733979_zpid	30733979_zpid	11224	4310 Beach 43rd St, Brooklyn, NY 11224	40.574726	-74.009531	0.505713141669	1	0.708707870415	1	2.41139962567	0	5	4	4632	875500	149	11761.2	1960	40	20	12	72	16	0	52	0	16	8	0	68
30756738_zpid	30756738_zpid	11234	1633 Marine Pkwy, Brooklyn, NY 11234	40.612949	-73.941996	0.15367024867	2	0.352979317375	2	1.41900106605	0	3	1	1512	610000	22	3000	1925	3	5	2	11	2	15	12	14	26	3	2	54
30599315_zpid	30599315_zpid	11233	633 Macdonough St, Brooklyn, NY 11233	40.683848	-73.920926	0.295467644046	7	0.483628306827	3	0.46030900548	3	3	3	2268	1522500	9	1800	1899	191	55	139	147	127	20	28	14	57	85	22	246
30669011_zpid	30669011_zpid	11226	536 E 18th St, Brooklyn, NY 11226	40.637616	-73.961131	0.191811935573	11	0.237325789536	6	0.315091940808	2	5	3.5	4542	2725000	0	5000	1905	342	53	160	148	155	41	24	27	41	62	9	234
29822702_zpid	29822702_zpid	10467	2816 Olinville Ave, Bronx, NY 10467	40.867244	-73.868021	0.204178893757	9	0.135633744526	6	0.208741890386	2	2	1	2800	340000	153	2000	1965	335	26	152	170	160	33	29	12	45	56	33	219
30575436_zpid	30575436_zpid	11220	773 45th St, Brooklyn, NY 11220	40.644278	-74.000975	0.0911443857798	7	0.09692774545	9	0.604857980522	2	7	2	3884	1275000	26	2003	1940	56	22	25	34	26	46	37	12	17	4	2	91
30784076_zpid	30784076_zpid	11234	1850 E 37th St, Brooklyn, NY 11234	40.612404	-73.933426	0.32843089446	3	0.404130209794	1	2.10248482951	0	2	1	994	270000	160	1800	1940	3	20	3	7	3	18	30	26	33	1	2	52
30614043_zpid	30614043_zpid	11216	294 Gates Ave, Brooklyn, NY 11216	40.685426	-73.955069	0.0688884817304	12	0.0426535912993	6	0.503776553395	5	7	3	3200	1250000	15	2200	1899	127	109	72	85	53	27	36	17	19	29	33	194
30767244_zpid	30767244_zpid	11236	566 E 89th St, Brooklyn, NY 11236	40.642919	-73.910678	0.229247781836	6	0.607751665888	2	0.853742665379	0	3	2	1120	370000	3	2481	1910	32	5	23	18	11	53	27	4	19	18	4	92
30624730_zpid	30624730_zpid	11206	18 Fayette St, Brooklyn, NY 11206	40.700186	-73.939729	0.106470492705	11	0.146159940325	5	0.118187031048	2	5	5	3750	1375000	5	1900	1931	79	122	40	45	25	29	33	19	25	18	12	185
30639873_zpid	30639873_zpid	11207	455 Miller Ave, Brooklyn, NY 11207	40.669543	-73.8901379	0.282874133057	6	0.472174113865	6	0.362134080187	4	6	3	2080	550000	15	1900	1930	124	20	92	100	104	26	40	7	51	47	22	219
30779561_zpid	30779561_zpid	11236	1454 E 104th St, Brooklyn, NY 11236	40.637713	-73.8854	0.511248754969	5	0.573017458875	2	1.70919831119	0	3	1.5	1584	412000	7	2133	1960	64	16	48	44	8	28	28	16	52	8	8	132
79712091_zpid	79712091_zpid	11215	425 14th St APT C4, Brooklyn, NY 11215	40.6629814	-73.9821826	0.115196648394	14	0.0884363142342	6	0.32693529341	2	1	1	900	455000	110	8000	1920	67	62	23	50	21	35	54	28	27	9	12	140
30596766_zpid	30596766_zpid	11213	1137 Lincoln Pl, Brooklyn, NY 11213	40.670356	-73.938731	0.229849343204	10	0.268756337194	7	0.333803424271	2	3	3	2400	999000	0	1705	1899	397	63	157	177	178	39	53	18	45	73	41	324
30732015_zpid	30732015_zpid	11214	2063 Shore Pkwy, Brooklyn, NY 11214	40.585887	-73.9894149	0.47899552534	4	0.510871078464	1	0.579882840644	1	2	2	928	658000	0	1454	1945	8	6	8	15	5	14	22	13	13	3	2	32
83044812_zpid	83044812_zpid	11234	1323 E 70th St, Brooklyn, NY 11234	40.6236123	-73.9126082	0.543387165392	5	0.759143138911	0	2.72123775658	0	6	4.5	3870	940000	14	7839	2005	20	3	7	10	3	46	15	21	16	4	5	86
29837639_zpid	29837639_zpid	10466	2035 Edenwald Ave, Bronx, NY 10466	40.893401	-73.84239	0.657489720792	1	0.445486715562	3	1.1261180607	0	3	1.5	2688	185000	192	2482	1930	41	5	14	21	7	64	44	14	36	12	6	73
59996902_zpid	59996902_zpid	11208	868 Hegeman Ave, Brooklyn, NY 11208	40.66456	-73.880289	0.298186871684	7	0.195427363781	4	0.348294828009	2	4	2.5	2500	440000	89	1700	2000	53	7	52	46	41	15	29	3	19	21	11	99
30575180_zpid	30575180_zpid	11220	245 45th St, Brooklyn, NY 11220	40.651361	-74.012699	0.132866472835	9	0.250758057874	8	0.352738432431	2	5	2	1728	700000	21	1761	1920	29	15	23	33	11	11	23	7	15	8	4	64
30714865_zpid	30714865_zpid	11214	258 Bay 13th St, Brooklyn, NY 11214	40.604475	-74.012129	0.267000439772	4	0.468792265178	2	0.959942171623	0	3	1.5	1392	615000	18	1648	1945	12	6	8	17	5	22	10	21	13	0	1	51
30567582_zpid	30567582_zpid	11201	60 Pierrepont St APT 3, Brooklyn, NY 11201	40.695476	-73.99487	0.032296793925	15	0.29593097714	5	0.267851942817	7	2	1	7455	874000	38	2500	1894	61	110	25	30	21	12	66	39	29	8	15	183
30791401_zpid	30791401_zpid	11235	1624 Shore Blvd, Brooklyn, NY 11235	40.580622	-73.938188	0.962126171803	0	1.20003405664	0	1.51986179198	0	2	4	3000	285000	197	2250	2003	36	28	28	56	32	52	64	12	84	8	4	148
30791401_zpid	30791401_zpid	11235	1624 Shore Blvd, Brooklyn, NY 11235	40.580622	-73.938188	0.401762342796	1	1.20003405664	0	1.51986179198	0	2	4	3000	285000	197	2250	2003	36	28	28	56	32	52	64	12	84	8	4	148
30615016_zpid	30615016_zpid	11205	68 Clermont Ave, Brooklyn, NY 11205	40.695521	-73.9716569	0.285717747849	7	0.280320753648	2	0.931759885307	0	1	1	3120	625000	152	2000	2002	51	68	26	33	25	42	11	27	19	17	10	123
30754501_zpid	30754501_zpid	11210	1352 E 35th St, Brooklyn, NY 11210	40.621053	-73.941279	0.378482126927	2	0.382391422806	2	1.41757048936	0	6	2	3575	710000	11	2639	1925	76	16	48	52	28	152	120	36	56	12	8	232
30754501_zpid	30754501_zpid	11210	1352 E 35th St, Brooklyn, NY 11210	40.621053	-73.941279	0.378482126927	3	0.382391422806	2	1.41757048936	0	6	2	3575	710000	11	2639	1925	76	16	48	52	28	152	120	36	56	12	8	232
30691348_zpid	30691348_zpid	11220	6648 Bergen Pl, Brooklyn, NY 11220	40.639631	-74.028319	0.33586467139	8	0.425959952507	3	0.666217890283	1	4	4	1312	705000	18	2667	1925	35	14	23	24	15	23	22	30	6	10	2	51
29783818_zpid	29783818_zpid	10459	1224 Bryant Ave, Bronx, NY 10459	40.829548	-73.888691	0.409761323942	4	0.392648643375	7	0.273073861246	3	4	2	1640	280000	17	2003	1910	176	30	58	90	76	30	23	8	25	25	20	150
29818234_zpid	29818234_zpid	10462	2109 Muliner Ave, Bronx, NY 10462	40.854038	-73.862279	0.304425362157	9	0.273925503646	3	0.154533392747	2	3	2.5	1966	335000	59	1916	1945	455	39	92	69	88	32	35	16	37	33	29	222
29828131_zpid	29828131_zpid	10469	1033 E 214th St, Bronx, NY 10469	40.87735	-73.855122	0.389100438294	5	0.628957296983	1	0.949052902729	0	6	4	2880	490000	25	2375	1920	77	7	40	71	48	56	12	9	27	26	15	108
30582011_zpid	30582011_zpid	11217	101 Park Pl, Brooklyn, NY 11217	40.678638	-73.97502	0.136809450716	16	0.34269428871	6	0.243989876426	8	5	4	3600	2600000	21	2000	1899	264	440	88	148	104	112	232	224	156	48	108	608
30582011_zpid	30582011_zpid	11217	101 Park Pl, Brooklyn, NY 11217	40.678638	-73.97502	0.136809450716	17	0.34269428871	6	0.243989876426	8	5	4	3600	2600000	21	2000	1899	264	440	88	148	104	112	232	224	156	48	108	608
62648129_zpid	62648129_zpid	11221	158 Central Ave, Brooklyn, NY 11221	40.6992409	-73.9275371	0.120091005973	17	0.15829793027	4	0.154508134739	4	3	1.5	3585	256000	157	2232	2001	100	45	41	67	38	37	19	13	29	29	17	144
30720670_zpid	30720670_zpid	11223	1665 W 4th St, Brooklyn, NY 11223	40.6066925	-73.9772757	0.201813223593	10	0.192383441946	6	0.403347272148	4	6	5	3768	1599000	0	2500	1930	86	26	43	25	31	73	25	44	27	12	4	111
30736553_zpid	30736553_zpid	11223	2694 86th St, Brooklyn, NY 11223	40.594667	-73.982365	0.427588125384	8	0.260475794214	3	0.411216387932	4	5	3	2160	752000	24	2160	1960	36	16	6	19	9	26	21	25	16	4	4	49
30607475_zpid	30607475_zpid	11206	120 Marcus Garvey Blvd, Brooklyn, NY 11206	40.694499	-73.940618	0.100365702149	10	0.193105062442	3	0.515938302406	3	4	4	2772	510000	20	1320	1931	436	160	204	304	188	144	80	116	88	132	68	592
30607475_zpid	30607475_zpid	11206	120 Marcus Garvey Blvd, Brooklyn, NY 11206	40.694499	-73.940618	0.100365702149	10	0.193105062442	3	0.515938302406	3	4	4	2772	1595000	0	1320	1931	436	160	204	304	188	144	80	116	88	132	68	592
30623234_zpid	30623234_zpid	11211	212 Devoe St, Brooklyn, NY 11211	40.713777	-73.942346	0.138171236685	14	0.15710196493	4	0.168641408606	4	6	4	2520	1700000	8	1500	1901	35	88	20	55	27	36	49	6	27	15	19	185
30739488_zpid	30739488_zpid	11223	2413 E 2nd St, Brooklyn, NY 11223	40.5903567	-73.968009	0.0897460638266	6	0.549869280919	1	0.533914765806	1	4	2.25	1408	370000	192	2000	1930	160	40	64	92	36	156	136	132	56	16	20	292
30599913_zpid	30599913_zpid	11233	398 Bainbridge St, Brooklyn, NY 11233	40.6819636	-73.9209063	0.347746165439	6	0.433311242955	3	0.362652377246	2	2	2	2175	670000	122	1725	1901	226	58	140	170	136	24	35	12	63	92	27	265
30601208_zpid	30601208_zpid	11233	1091 Herkimer St, Brooklyn, NY 11233	40.6780959	-73.917299	0.233906898362	2	0.484293325102	4	0.362961835353	2	4	2.5	1610	635000	28	1533	1899	247	21	143	179	123	46	39	17	61	76	36	238
122026948_zpid	122026948_zpid	11203	491 Rutland Rd, Brooklyn, NY 11203	40.659988	-73.944367	0.314260462489	4	0.27278989621	7	0.568669443709	2	9	7	150	1550000	12	2000	1800	91	19	54	50	35	24	27	16	11	14	13	67
30602949_zpid	30602949_zpid	11221	904 Greene Ave, Brooklyn, NY 11221	40.690382	-73.931823	0.36685199884	9	0.449664457848	4	0.416026190402	1	7	4	550	1350000	12	1775	1899	211	61	107	131	120	53	30	16	39	62	44	277
29780834_zpid	29780834_zpid	10474	823 Manida St, Bronx, NY 10474	40.817165	-73.889721	0.145245972708	8	0.221259582174	6	0.426859540894	2	5	2	2560	365000	140	2500	1901	175	14	103	98	90	16	17	11	37	27	17	156
30651421_zpid	30651421_zpid	11212	250 E 92nd St # 1, Brooklyn, NY 11212	40.659176	-73.924909	0.211805118791	13	0.400117432232	5	0.648348095737	1	8	4	4185	520800	21	2500	1930	1940	72	736	816	596	176	72	28	152	232	108	972
29833078_zpid	29833078_zpid	10466	953 E 228th St, Bronx, NY 10466	40.887676	-73.851479	0.200483105042	8	0.380233754211	3	0.746790413421	1	3	1	1474	250000	156	3637	1901	99	15	52	45	30	88	16	6	34	26	18	96
29778547_zpid	29778547_zpid	10452	916 Summit Ave, Bronx, NY 10452	40.831323	-73.930955	0.109394857821	1	0.406540559305	4	0.497464511411	3	8	5	5128	550000	19	1912	1901	291	31	118	123	126	25	11	3	49	56	17	201
30715490_zpid	30715490_zpid	11230	820 E 8th St, Brooklyn, NY 11230	40.629391	-73.969245	0.270567044178	8	0.491556398037	8	0.642731018237	3	3	2	1288	300000	2	2178	1925	115	34	50	43	47	64	47	51	23	14	12	143
30660078_zpid	30660078_zpid	11226	115 E 31st St, Brooklyn, NY 11226	40.647947	-73.948014	0.0925890621047	6	0.365449372601	5	0.327038910768	2	3	3	3420	440000	55	1089000	1920	224	31	66	77	60	73	23	13	24	31	19	164
30650958_zpid	30650958_zpid	11212	128 E 94th St, Brooklyn, NY 11212	40.662093	-73.925691	0.131606457815	12	0.144826007931	6	0.388263426126	1	6	3	3840	500000	16	2500	1935	422	13	132	138	128	48	16	8	33	59	20	243
30771340_zpid	30771340_zpid	11236	1276 E 87th St, Brooklyn, NY 11236	40.632351	-73.901361	0.512063139108	3	0.447289755765	2	1.59273839832	0	5	2.5	1966	469000	0	1992	1955	53	14	25	28	10	63	25	12	28	9	12	95
30573588_zpid	30573588_zpid	11215	155 17th St, Brooklyn, NY 11215	40.665795	-73.994242	0.136505473476	10	0.601295696739	2	0.123210935065	3	4	3	2626	1690000	0	1878	1899	36	39	11	26	17	17	45	8	21	10	6	123
30587444_zpid	30587444_zpid	11215	599 3rd St, Brooklyn, NY 11215	40.669126	-73.975074	0.317810283057	13	0.644354266462	1	0.544144566125	1	5	4.5	3840	3950000	10	1726	1901	28	32	11	25	11	12	55	33	23	5	10	140
30698759_zpid	30698759_zpid	11209	8514 Narrows Ave, Brooklyn, NY 11209	40.625928	-74.039264	0.751209643616	0	0.903417676378	0	0.986425556983	0	4	3.5	3675	1575000	56	4725	1940	11	7	0	10	1	15	19	11	6	2	1	40
30783525_zpid	30783525_zpid	11229	1852 Madison Pl, Brooklyn, NY 11229	40.608556	-73.9392419	0.459957287991	3	0.577316936139	1	1.56970007845	0	3	2	1800	510000	57	2178	1930	3	6	5	14	6	10	13	8	8	1	2	30
30733802_zpid	30733802_zpid	11224	4030 Surf Ave, Brooklyn, NY 11224	40.574892	-74.007078	0.567722016334	2	0.517344924797	1	2.20331646223	0	5	2.5	3000	471000	53	3000	1920	26	9	7	30	5	2	18	4	9	3	0	32
30714485_zpid	30714485_zpid	11228	8886 15th Ave, Brooklyn, NY 11228	40.605829	-74.015691	0.379183147567	3	0.79568576823	0	1.20286813857	0	3	2	1536	999000	0	2617	1950	7	2	2	6	1	12	18	22	11	1	3	32
30671493_zpid	30671493_zpid	11218	118 E 4th St, Brooklyn, NY 11218	40.649619	-73.977936	0.170274840198	11	0.584244202662	1	0.18355531909	2	5	2	2500	1400000	21	3100	1910	152	120	72	120	76	136	100	128	76	24	20	372
30671493_zpid	30671493_zpid	11218	118 E 4th St, Brooklyn, NY 11218	40.649619	-73.977936	0.170274840198	11	0.0860718896723	2	0.18355531909	2	5	2	2500	1400000	21	3100	1910	152	120	72	120	76	136	100	128	76	24	20	372
30769295_zpid	30769295_zpid	11236	953 E 84th St, Brooklyn, NY 11236	40.636511	-73.908984	0.121566908866	6	0.258815469134	2	1.2798544154	0	3	2.5	2920	220000	257	3000	1935	41	7	17	19	10	84	28	14	29	12	11	94
30788518_zpid	30788518_zpid	11234	2458 E 66th St, Brooklyn, NY 11234	40.610352	-73.907141	0.767691403175	0	0.790310192054	0	4.06576846377	0	4	2.5	1970	650000	78	5450	1960	2	4	2	5	1	8	8	8	15	1	1	26
30604756_zpid	30604756_zpid	11233	493 Halsey St, Brooklyn, NY 11233	40.683956	-73.933106	0.0639802336562	8	0.237916429972	4	0.549153429747	1	5	2	2500	528750	74	1667	1899	81	51	63	90	39	8	23	6	21	19	17	124
30737032_zpid	30737032_zpid	11223	2161 West St, Brooklyn, NY 11223	40.595718	-73.970837	0.525501344431	4	0.722286413689	3	0.216442300435	4	4	2.5	1732	350000	26	2570	1945	112	20	60	112	28	184	100	228	104	16	20	368
30737032_zpid	30737032_zpid	11223	2161 West St, Brooklyn, NY 11223	40.595718	-73.970837	0.525501344431	5	0.722286413689	3	0.216442300435	4	4	2.5	1732	350000	26	2570	1945	112	20	60	112	28	184	100	228	104	16	20	368
30609342_zpid	30609342_zpid	11216	272 Monroe St, Brooklyn, NY 11216	40.6855518	-73.9482476	0.150405776485	10	0.184240194304	8	0.565482344441	2	4	3.5	2734	1700000	9	2000	1915	196	88	102	143	106	36	45	23	56	66	32	268
29789411_zpid	29789411_zpid	10470	274 E 238th St, Bronx, NY 10470	40.899354	-73.868135	0.484466091899	3	0.23026152966	1	0.624845866081	1	3	2.5	1782	500000	3	1807	1964	264	72	48	92	36	172	56	80	68	20	20	348
30607395_zpid	30607395_zpid	11206	158 Tompkins Ave, Brooklyn, NY 11206	40.693725	-73.946256	0.0667226883375	7	0.398028493675	2	0.305429933581	3	5	2	1800	1600000	0	1600	1931	428	144	300	428	224	180	88	160	124	148	96	636
30699884_zpid	30699884_zpid	11209	81 88th St, Brooklyn, NY 11209	40.623706	-74.037681	0.218202257556	7	0.631577415265	1	0.792502785755	0	4	3	2066	1070000	7	2500	1930	128	76	32	108	36	112	104	68	48	8	8	256
30701090_zpid	30701090_zpid	11228	641 92nd St, Brooklyn, NY 11228	40.615849	-74.0248639	0.294807795861	9	0.537460605387	3	0.53984707235	1	4	3	1400	700000	9	1012	1899	8	0	12	20	4	20	56	28	20	0	4	64
30613240_zpid	30613240_zpid	11238	429 Washington Ave, Brooklyn, NY 11238	40.6856269	-73.964941	0.175976705617	8	0.195837822508	4	0.275576334014	3	6	2	3400	1710000	25	2600	1901	163	112	87	122	97	40	47	15	41	26	27	192
30786632_zpid	30786632_zpid	11234	2134 Ryder St, Brooklyn, NY 11234	40.608736	-73.926846	0.362242801831	1	1.03287692835	0	2.61723726351	0	3	2	1356	159000	280	2500	1925	1	9	3	5	1	16	23	15	18	0	4	74
30759231_zpid	30759231_zpid	11234	1120 E 53rd St, Brooklyn, NY 11234	40.631775	-73.92564	0.238744595622	5	0.571856698678	2	1.86249607205	0	4	2	1626	430000	15	21	1945	36	13	13	24	12	46	24	14	14	16	3	73
30733947_zpid	30733947_zpid	11224	4532 Beach 45th St, Brooklyn, NY 11224	40.5758662	-74.010602	0.368902950762	1	0.753587190464	0	2.48921705338	0	3	1.75	1368	135000	238	2940	1965	44	24	12	60	12	0	44	0	16	4	0	56
30599496_zpid	30599496_zpid	11233	656 Macdonough St, Brooklyn, NY 11233	40.683503	-73.919842	0.24310472828	7	0.443206569916	3	0.41846676502	3	4	1	5250	450000	134	2500	1910	222	56	145	160	131	22	32	11	60	87	24	259
30733957_zpid	30733957_zpid	11224	4623 Beach 46th St, Brooklyn, NY 11224	40.575923	-74.011179	0.364573218417	1	0.79988332826	0	2.53746242632	0	4	2.5	2504	499950	51	2557	1960	10	6	3	15	3	0	10	0	4	1	0	14
29846564_zpid	29846564_zpid	10465	3206 Schley Ave, Bronx, NY 10465	40.826876	-73.814489	0.601861826904	2	0.727631423041	1	2.63764808263	0	3	3	2244	459000	0	2500	2004	11	2	6	11	0	4	13	16	12	0	4	34
30713319_zpid	30713319_zpid	11214	96 Bay 25th St, Brooklyn, NY 11214	40.6022729	-73.999771	0.211269182553	8	0.305433827181	9	0.288009052952	3	3	2	1281	699000	2	1441	1915	170	19	43	53	43	80	39	38	19	18	10	181
30672482_zpid	30672482_zpid	11218	25 Clara St, Brooklyn, NY 11218	40.643681	-73.981589	0.197681130812	9	0.156197078085	7	0.166315326482	1	7	3	2640	1220000	12	2600	1920	360	120	160	200	152	224	208	156	60	56	40	736
30672482_zpid	30672482_zpid	11218	25 Clara St, Brooklyn, NY 11218	40.643681	-73.981589	0.197681130812	9	0.156197078085	9	0.166315326482	1	7	3	2640	1220000	12	2600	1920	360	120	160	200	152	224	208	156	60	56	40	736
30587855_zpid	30587855_zpid	11215	495 9th St APT 4, Brooklyn, NY 11215	40.666194	-73.979566	0.0875797606386	17	0.483842639333	3	0.0629855778822	2	2	1	4580	2560000	30	1574	1920	39	58	17	39	12	22	59	38	26	7	17	156
55677279_zpid	55677279_zpid	11207	669 Alabama Ave, Brooklyn, NY 11207	40.65978	-73.89445	0.424743868514	1	0.200189717353	3	0.420307361344	3	3	1.5	1172	389000	0	1803	2000	193	14	118	108	113	31	44	13	35	56	16	224
30639402_zpid	30639402_zpid	11208	439 Shepherd Ave, Brooklyn, NY 11208	40.673744	-73.880402	0.191130738492	7	0.307293242721	3	0.0520538710851	2	3	2	1152	349000	0	2500	1920	664	104	336	396	280	204	148	48	132	248	96	720
30737673_zpid	30737673_zpid	11223	10 Corso Ct, Brooklyn, NY 11223	40.5946512	-73.9749307	0.283256262932	7	0.360247871049	2	0.205898347131	4	5	2	1870	490000	28	1180	1925	156	48	40	136	48	224	100	148	100	24	36	408
30737673_zpid	30737673_zpid	11223	10 Corso Ct, Brooklyn, NY 11223	40.5946512	-73.9749307	0.283256262932	4	0.360247871049	2	0.205898347131	4	5	2	1870	490000	28	1180	1925	156	48	40	136	48	224	100	148	100	24	36	408
30659939_zpid	30659939_zpid	11203	4511 Snyder Ave, Brooklyn, NY 11203	40.650052	-73.934608	0.184448384969	5	0.270903592812	3	1.2671441759	0	3	2	1808	147000	199	2000	1920	133	9	73	59	67	36	27	5	31	31	8	141
2109252188_zpid	2109252188_zpid	11228	1357 77th St, Brooklyn, NY 11228	40.618407	-74.006995	0.165834642704	10	0.365805636663	3	0.699536749887	1	3	1	2210	710000	22	2300	1925	11	14	7	25	8	51	50	43	22	3	3	77
