30676365_zpid	30676365_zpid	11230	294 Parkville Ave, Brooklyn, NY 11230	40.632038	-73.968528	0.392216148124	10	0.198100480034	6	0.591229940424	2	10	5	3180	714000	129	2504	1925	86	40	59	48	53	56	43	55	30	17	12	158
30567367_zpid	30567367_zpid	11201	13 Pineapple St, Brooklyn, NY 11201	40.6989517	-73.9954732	0.13155222801	14	0.277343653991	2	0.260661733604	3	7	3.5	3264	925000	305	2550	1830	39	81	15	23	16	7	37	20	17	6	9	105
30607020_zpid	30607020_zpid	11206	199 Vernon Ave, Brooklyn, NY 11206	40.695457	-73.943959	0.0944550499618	9	0.224457903394	3	0.427216447684	4	4	2	3480	551200	129	2500	1935	118	43	67	108	55	53	18	37	19	36	27	158
30646789_zpid	30646789_zpid	11207	747 New Jersey Ave, Brooklyn, NY 11207	40.661138	-73.891141	0.170103590134	3	0.2128411342	5	0.502024449508	3	5	3	2988	651000	3	2000	1910	224	18	123	122	125	26	48	10	48	78	14	233
29776954_zpid	29776954_zpid	10454	467 E 143rd St, Bronx, NY 10454	40.8115764	-73.9183024	0.439228652866	4	0.170714892561	7	0.435061998606	3	5	2	1492	100500	146	2500	1899	184	31	93	109	97	9	12	10	26	23	12	172
30772021_zpid	30772021_zpid	11236	1373 E 88th St, Brooklyn, NY 11236	40.631489	-73.898428	0.550534599726	4	0.243861859416	2	1.71272955073	0	5	2	2412	569000	0	2413	1960	44	11	22	25	9	54	25	11	26	9	9	70
30661047_zpid	30661047_zpid	11203	463 E 40th St, Brooklyn, NY 11203	40.644443	-73.938988	0.329303242723	3	0.517506848137	2	0.84535155125	0	2	2	1582	450000	0	2150	1945	120	20	48	40	56	136	52	20	56	32	8	220
30570948_zpid	30570948_zpid	11231	162 W 9th St, Brooklyn, NY 11231	40.675134	-73.999852	0.115264449507	8	0.361043823758	2	0.225875284141	1	2	1	2520	400000	150	2108	1901	84	108	28	48	36	64	152	32	48	20	24	388
30783424_zpid	30783424_zpid	11234	2128 E 65th St, Brooklyn, NY 11234	40.616158	-73.911265	0.158977176641	7	0.197526107703	1	3.4867347372	0	4	4	3000	960000	11	5000	1950	17	10	10	10	6	18	19	9	18	0	6	50
29815881_zpid	29815881_zpid	10461	2840 Laurie Ave, Bronx, NY 10461	40.848491	-73.835644	0.295151490559	8	0.484217691101	1	0.319478138172	2	2	2	1406	375000	8	2374	1950	69	12	17	14	13	25	17	12	8	12	6	68
30643665_zpid	30643665_zpid	11208	28 Fountain Ave, Brooklyn, NY 11208	40.679379	-73.87666	0.397073533884	11	0.365706070596	5	0.363987749942	5	6	3	1368	95000	262	2500	1910	452	92	256	328	256	196	196	80	224	112	52	816
30671593_zpid	30671593_zpid	11218	204 Prospect Park SW, Brooklyn, NY 11218	40.6522467	-73.9728434	0.305332520872	7	0.478844613607	2	0.368770495118	1	3	3.5	2000	1675500	15	990	1920	19	13	9	19	10	22	15	18	16	4	3	38
30625153_zpid	30625153_zpid	11237	105 Wilson Ave, Brooklyn, NY 11237	40.701638	-73.926832	0.0260548991559	15	0.204405179242	5	0.423591398703	5	3	2	4500	620000	52	2500	1931	165	104	105	151	122	32	24	6	35	62	26	282
30780849_zpid	30780849_zpid	11234	7210 Bergen Ct, Brooklyn, NY 11234	40.624591	-73.9109579	0.624080974294	2	0.828776017297	0	2.57373767577	0	6	3.5	3013	585000	16	2117	1965	19	3	7	7	2	41	14	20	16	4	5	73
64708180_zpid	64708180_zpid	10460	1987 Southern Blvd, Bronx, NY 10460	40.8437569	-73.8857699	0.125801059163	11	0.123334194806	4	0.616954093317	2	3	1	3991	525000	23	1707	2006	1176	76	500	480	572	128	68	48	196	164	88	852
29784496_zpid	29784496_zpid	10458	521 E 187th St, Bronx, NY 10458	40.857192	-73.8901659	0.264794692066	5	0.282526135818	5	0.476812634995	1	10	4	3312	255528	38	1785	1901	473	64	174	195	200	18	39	17	49	73	29	357
30793215_zpid	30793215_zpid	11229	2337 Plumb 1st St, Brooklyn, NY 11229	40.59593	-73.9319979	0.368659002452	7	0.614851766608	1	1.95939370144	0	3	2	1000	619999	0	1999	1925	28	60	0	24	8	28	72	24	72	12	8	136
30760267_zpid	30760267_zpid	11234	1247 E 53rd St, Brooklyn, NY 11234	40.628695	-73.924653	0.0903673458171	5	0.497901998543	3	1.99613116707	0	3	2.5	1773	452000	6	1817	1940	44	14	29	25	15	61	22	32	20	19	4	101
30639510_zpid	30639510_zpid	11207	417 Miller Ave, Brooklyn, NY 11207	40.6705763	-73.8905262	0.227621885593	6	0.213909596434	5	0.245316448788	4	1	1	1640	450000	60	1900	1930	123	20	100	105	103	49	38	19	48	48	24	246
29792023_zpid	29792023_zpid	10473	538 Bolton Ave, Bronx, NY 10473	40.816647	-73.857766	0.567226464692	2	0.560633829417	1	1.85091606978	0	3	2	1800	340000	79	26136.0	1925	33	9	7	30	9	28	13	16	16	10	7	70
30781834_zpid	30781834_zpid	11234	2064 E 63rd St, Brooklyn, NY 11234	40.616216	-73.913821	0.310626530339	6	0.389630645079	1	3.40420696509	0	5	2	2080	555000	25	2233	1955	13	10	8	7	4	19	19	6	16	1	3	55
30631233_zpid	30631233_zpid	11207	29 Aberdeen St, Brooklyn, NY 11207	40.681802	-73.906533	0.144020022727	4	0.244274035641	3	0.130605501359	7	3	1	3900	293046	50	2000	1899	63	19	49	63	47	12	19	14	12	24	8	119
29833147_zpid	29833147_zpid	10466	960 E 230th St, Bronx, NY 10466	40.888573	-73.850635	0.247710760726	7	0.305466910304	3	0.771769489145	0	3	1.5	2040	399000	0	2038	1925	92	11	47	35	31	92	16	5	30	16	15	90
30740661_zpid	30740661_zpid	11235	712 Banner Ave, Brooklyn, NY 11235	40.5831645	-73.9609247	0.198450237748	10	0.198113848888	7	0.612947527006	2	3	2	3040	125000	122	2500	1930	133	35	41	65	37	70	47	31	39	19	26	175
30666272_zpid	30666272_zpid	11218	83 Westminster Rd, Brooklyn, NY 11218	40.647091	-73.968089	0.0622280224347	12	0.751461348258	0	0.439878978659	3	6	3	3876	2600000	0	5500	1905	69	18	34	37	35	22	9	10	17	18	3	93
29845921_zpid	29845921_zpid	10465	1004 Dean Ave, Bronx, NY 10465	40.834439	-73.817427	0.251186592312	3	0.27089575934	1	1.87687385604	0	3	3	2268	428500	24	2090	1960	4	3	5	8	6	10	20	12	11	4	3	32
30716303_zpid	30716303_zpid	11230	935 E 9th St, Brooklyn, NY 11230	40.62609	-73.967107	0.373422945756	6	0.458286990107	4	0.542757028212	2	5	4	2303	2100000	6	4000	1930	468	96	164	204	228	160	172	168	88	68	36	536
30621687_zpid	30621687_zpid	11222	186 Nassau Ave, Brooklyn, NY 11222	40.7252597	-73.9457026	0.00751994191813	13	0.300765649204	3	0.47538981441	1	8	4	4725	1509000	64	2389	1923	35	70	19	36	12	21	37	24	28	11	13	178
30601703_zpid	30601703_zpid	11233	1889 Eastern Pkwy, Brooklyn, NY 11233	40.676895	-73.908402	0.196596564244	4	0.183654714182	3	0.267632962064	8	8	3	2727	372500	164	1986	1910	194	22	132	164	112	37	33	21	53	70	28	184
30777017_zpid	30777017_zpid	11236	1437 E 91st St, Brooklyn, NY 11236	40.6355	-73.899017	0.110620840572	5	0.271285869897	3	1.26450757548	0	4	2.5	1680	550000	13	3708	1925	34	20	19	23	7	52	19	10	17	10	6	85
29789463_zpid	29789463_zpid	10470	245 E 238th St, Bronx, NY 10470	40.89964	-73.869302	0.448332970681	2	0.299833319737	1	0.71807866728	1	4	3	1272	400000	3	8000	1925	54	15	7	10	6	42	14	17	16	5	4	78
30768779_zpid	30768779_zpid	11236	717 E 87th St, Brooklyn, NY 11236	40.6400598	-73.9092176	0.208639836277	6	0.46480794661	2	0.962355509608	0	5	3	1960	497000	20	3005	1920	45	9	28	23	12	79	35	14	19	15	11	123
30746091_zpid	30746091_zpid	11229	2240 E 26th St, Brooklyn, NY 11229	40.596862	-73.945359	0.333938961019	8	0.389066361666	3	0.847834964361	0	3	2	2024	716000	22	2200	1940	45	21	18	29	28	27	39	24	33	14	7	115
64778499_zpid	64778499_zpid	11234	1325 E 66th St, Brooklyn, NY 11234	40.62197	-73.91533	0.262283918218	5	0.726260642214	1	2.97443317552	0	3	2.5	2526	550000	23	2806	2003	16	5	4	10	3	46	25	22	21	6	8	95
30650136_zpid	30650136_zpid	11208	709 Cozine Ave, Brooklyn, NY 11208	40.662416	-73.867079	0.563542358285	1	0.261770702195	3	1.46989502586	0	3	1.5	1120	325000	47	1800	1970	19	4	6	8	2	7	21	3	5	4	1	42
29853600_zpid	29853600_zpid	10471	5902 Delafield Ave, Bronx, NY 10471	40.9068989	-73.9029466	0.0877246324752	4	0.160814767049	3	0.995078552757	0	3	2.5	2706	715000	16	3325	1930	13	13	3	9	6	19	34	8	16	4	7	52
30630664_zpid	30630664_zpid	11207	79 Cooper St, Brooklyn, NY 11207	40.6858379	-73.90962	0.282142826541	10	0.31589537845	3	0.335334651524	4	5	3.5	2880	770000	21	1600	1899	134	32	114	154	86	28	37	17	37	64	25	214
30741647_zpid	30741647_zpid	11229	1933 E 12th St, Brooklyn, NY 11229	40.6022545	-73.9602626	0.435146076209	10	0.289521926842	6	0.49227143764	2	3	2	1394	1249000	0	3250	1925	292	92	80	112	108	204	80	52	32	24	20	296
30741647_zpid	30741647_zpid	11229	1933 E 12th St, Brooklyn, NY 11229	40.6022545	-73.9602626	0.435146076209	9	0.289521926842	6	0.49227143764	2	3	2	1394	1249000	0	3250	1925	292	92	80	112	108	204	80	52	32	24	20	296
29852493_zpid	29852493_zpid	10463	3220 Fairfield Ave APT 4C, Bronx, NY 10463	40.8846608	-73.9133871	0.268224006967	8	0.359463440017	2	0.947088858775	0	2	2	1050	485000	108	14810.400000000001	1989	66	15	10	28	12	25	44	15	18	4	7	70
30607707_zpid	30607707_zpid	11206	188 Tompkins Ave, Brooklyn, NY 11206	40.692507	-73.945989	0.0708675005277	9	0.339892226875	3	0.419693584791	2	4	1	2400	305000	41	1500	1931	348	112	276	384	200	124	64	144	112	120	84	552
30783002_zpid	30783002_zpid	11234	2371 E 70th St, Brooklyn, NY 11234	40.614924	-73.902859	0.708604771714	1	0.610726104018	1	3.53319589462	0	3	1	1998	585000	149	2550	1970	2	12	2	8	0	5	19	9	13	1	3	48
29836902_zpid	29836902_zpid	10466	4235 Digney Ave, Bronx, NY 10466	40.894245	-73.852102	0.342020867895	4	0.357840144248	2	0.466890833745	2	4	2	1674	529999	0	2356	1955	137	11	63	56	71	77	35	8	36	24	7	161
30778566_zpid	30778566_zpid	11236	1360 E 101st St, Brooklyn, NY 11236	40.637797	-73.889274	0.428337977879	5	0.258268728357	3	1.44932220841	0	3	1	4	475000	116	4094	1955	26	7	22	21	1	19	15	11	13	6	2	60
30589813_zpid	30589813_zpid	11238	942 Bergen St, Brooklyn, NY 11238	40.6766924	-73.9559656	0.263639113196	12	0.547255766569	6	0.255547123355	6	2	1	5700	845000	114	1662	1931	105	99	43	49	51	31	20	19	29	19	19	136
30728566_zpid	30728566_zpid	11229	1872 E 23rd St, Brooklyn, NY 11229	40.604926	-73.949788	0.603699361216	4	0.702581055532	5	0.796475644773	0	3	2.5	1840	890000	127	1839	1920	75	16	27	30	32	66	61	27	25	7	2	124
30664575_zpid	30664575_zpid	11225	281 Maple St, Brooklyn, NY 11225	40.660993	-73.951527	0.118601808378	7	0.232011726813	6	0.202917303088	2	5	2	2176	900000	17	2000	1910	450	78	176	160	160	45	37	15	40	71	15	291
30672461_zpid	30672461_zpid	11218	103 Chester Ave, Brooklyn, NY 11218	40.642971	-73.983109	0.236732977392	9	0.24158876046	7	0.313328328381	1	7	3	3810	860000	24	3219	1920	88	32	43	50	46	52	58	50	11	15	9	196
30602990_zpid	30602990_zpid	11221	91 Malcolm X Blvd, Brooklyn, NY 11221	40.6906139	-73.930313	0.256383261762	9	0.35298090324	3	0.328992776417	2	4	3	2200	900000	18	1600	1899	199	73	104	136	118	56	33	18	36	63	41	284
29791656_zpid	29791656_zpid	10473	432 Castle Hill Ave, Bronx, NY 10473	40.816025	-73.846913	0.362668085953	3	0.394624221461	2	2.0712127132	0	5	2.5	2073	442000	23	2968	1965	13	4	13	3	3	13	7	4	7	3	3	35
30605000_zpid	30605000_zpid	11233	391 Macon St, Brooklyn, NY 11233	40.682839	-73.936078	0.231821484525	8	0.308205529541	6	0.518019567063	2	6	3	3420	2200000	10	1975	1899	47	18	34	50	20	5	21	3	13	13	8	71
30748263_zpid	30748263_zpid	11235	2466 E 27th St, Brooklyn, NY 11235	40.591852	-73.943474	0.248614517021	12	0.325677290733	2	1.05768324658	0	4	3	2900	676000	92	2200	1940	212	60	48	52	32	108	96	120	100	4	4	264
30748263_zpid	30748263_zpid	11235	2466 E 27th St, Brooklyn, NY 11235	40.591852	-73.943474	0.248614517021	12	0.325677290733	3	1.05768324658	0	4	3	2900	676000	92	2200	1940	212	60	48	52	32	108	96	120	100	4	4	264
29780796_zpid	29780796_zpid	10474	1176 Burnett Pl, Bronx, NY 10474	40.814179	-73.891532	0.323538324428	9	0.428215388853	4	0.465349017464	1	2	1	3000	172200	41	3920	1910	99	15	69	68	54	16	11	5	27	12	8	116
30755410_zpid	30755410_zpid	11210	1528 E 22nd St, Brooklyn, NY 11210	40.61457	-73.952563	0.488177362363	4	0.207703481647	5	0.669930297052	1	3	2	1956	560000	36	1941	1925	23	2	2	8	5	22	15	10	7	1	8	31
29849390_zpid	29849390_zpid	10465	269 Brinsmade Ave, Bronx, NY 10465	40.816504	-73.821264	0.477844356807	1	0.435658469272	1	3.10832292465	0	3	3	1332	419000	33	2458	1965	18	14	13	5	7	25	18	14	14	8	8	53
29790660_zpid	29790660_zpid	10473	227 Newman Ave, Bronx, NY 10473	40.81026	-73.854725	0.606095195314	1	1.25235136114	0	2.60286877273	0	2	1	1170	410000	114	2775	1925	29	9	17	20	10	16	15	15	8	16	3	63
30773698_zpid	30773698_zpid	11236	1056 E 96th St, Brooklyn, NY 11236	40.644836	-73.903729	0.171373552822	5	1.00319989844	0	0.257187235686	2	4	3	1510	380000	3	2500	1925	60	10	25	37	19	61	24	12	9	21	9	94
29839409_zpid	29839409_zpid	10470	650 E 241st St, Bronx, NY 10470	40.903928	-73.852051	0.36951583882	5	0.148246917244	1	0.149955235248	3	3	3.5	1700	327800	9	1306	1961	456	48	256	256	240	108	76	20	100	96	16	532
30747520_zpid	30747520_zpid	11229	2339 Bragg St, Brooklyn, NY 11229	40.595581	-73.934854	0.173224646899	9	0.544231872304	3	1.71690486803	0	4	2	1540	529000	6	2831	1955	8	17	0	6	1	9	17	5	17	3	2	39
30723346_zpid	30723346_zpid	11223	15 Colin Pl, Brooklyn, NY 11223	40.6029	-73.9717919	0.330015946438	6	0.0679967972861	5	0.0596555583051	3	6	3	2392	1250000	24	5148	1920	57	19	20	26	14	66	30	87	23	11	3	106
30707395_zpid	30707395_zpid	11214	1940 77th St, Brooklyn, NY 11214	40.610188	-73.994276	0.179051351033	15	0.134059204372	9	0.65001825645	3	6	4	2520	770000	109	2500	1920	88	10	26	33	17	45	36	26	23	9	6	109
30731708_zpid	30731708_zpid	11223	2550 Stillwell Ave, Brooklyn, NY 11223	40.585651	-73.9835	0.304362520364	3	0.344034577897	1	0.355815119989	1	3	1.5	1480	427000	26	2000	1901	2	3	0	0	2	6	2	1	2	1	0	4
29851879_zpid	29851879_zpid	10463	3061 Scenic Pl, Bronx, NY 10463	40.8848252	-73.9201652	0.705297490908	1	0.921932715575	0	0.740504685355	1	5	4	48	2550000	2	12632.4	1915	12	5	2	8	6	6	21	5	5	0	0	11
30596089_zpid	30596089_zpid	11213	1313 Prospect Pl, Brooklyn, NY 11213	40.673628	-73.932906	0.215510537667	9	0.275770250735	3	0.526661282092	2	7	3	3210	740000	23	2555	1899	278	34	124	132	128	30	22	9	39	46	14	225
29844388_zpid	29844388_zpid	10465	1629 Bayview Ave, Bronx, NY 10465	40.8471339	-73.81761	1.05008780298	0	0.741997468887	1	1.02659196799	0	3	1.5	1665	400000	40	2482	1950	1	2	0	4	0	13	16	15	5	1	0	28
30791753_zpid	30791753_zpid	11235	2749 E 23rd St, Brooklyn, NY 11235	40.5855441	-73.9449857	0.168811957838	7	0.750342297492	0	0.789637964899	0	6	2	2240	910000	8	4200	1901	35	10	11	30	5	38	22	26	23	4	5	92
30590612_zpid	30590612_zpid	11238	564 Park Pl, Brooklyn, NY 11238	40.674399	-73.95934	0.299333908887	12	0.345999318664	2	0.150710041817	4	2	1	3000	5000	24	2620	1899	228	176	113	114	95	32	25	25	42	36	17	203
79718338_zpid	79718338_zpid	10459	859 E 169th St, Bronx, NY 10459	40.829281	-73.896809	0.40441377327	6	0.428526895748	7	0.429600627042	2	8	5	3197	700000	101	1843	2006	190	80	103	135	105	25	22	6	28	46	21	186
30567428_zpid	30567428_zpid	11201	165 Columbia Hts, Brooklyn, NY 11201	40.6975977	-73.9965796	0.242603961458	12	0.324997270785	1	0.295218002457	4	1	1	4172	9800000	5	2340	1899	43	79	19	22	18	5	43	18	18	8	12	124
30612410_zpid	30612410_zpid	11205	481 Dekalb Ave, Brooklyn, NY 11205	40.690849	-73.957868	0.0636940726739	9	0.116834339622	5	0.287979029283	3	4	2	6480	975000	44	2700	1920	532	320	136	208	120	112	132	124	104	40	96	608
30567510_zpid	30567510_zpid	11201	163 Hicks St, Brooklyn, NY 11201	40.6967519	-73.994825	0.146426871708	14	0.199546911443	4	0.166914534835	5	5	4	3000	4000000	5	1642	1899	52	102	22	25	20	10	55	29	22	8	12	147
30573835_zpid	30573835_zpid	11232	142 20th St, Brooklyn, NY 11232	40.663873	-73.996551	0.230551869658	8	0.408823656196	1	0.354870798962	2	4	3	1736	995000	7	2500	1910	28	19	14	19	8	18	23	23	14	7	4	59
30659850_zpid	30659850_zpid	11203	238 E 43rd St, Brooklyn, NY 11203	40.6499901	-73.9372315	0.185186196364	3	0.472299259503	3	1.04682081148	0	3	2.5	1040	201000	166	1040	1923	123	12	70	61	62	43	17	3	25	26	9	106
30633907_zpid	30633907_zpid	11207	112 Miller Ave, Brooklyn, NY 11207	40.678576	-73.893024	0.101224462831	6	0.09932477519	5	0.148233440642	5	7	3	2128	500000	3	2000	1901	115	39	85	92	61	81	47	36	44	34	13	171
30694245_zpid	30694245_zpid	11209	643 73rd St, Brooklyn, NY 11209	40.629043	-74.01832	0.25742872159	12	0.394394074166	6	0.612407226961	1	3	2.5	1496	625000	24	2000	1910	40	48	28	92	20	88	116	144	64	12	12	308
30589406_zpid	30589406_zpid	11238	888 Pacific St, Brooklyn, NY 11238	40.6801306	-73.9645356	0.162179067888	13	0.324928351506	5	0.43017036449	4	6	3	2040	1995000	0	1283	1930	103	179	42	96	64	44	52	42	44	17	23	229
68310630_zpid	68310630_zpid	11207	659 Ashford St, Brooklyn, NY 11207	40.665721	-73.882694	0.0930216420602	7	0.136603298797	5	0.107795744075	2	5	3	2532	455325	114	4000	2005	75	7	50	41	33	21	22	8	25	26	12	106
30595544_zpid	30595544_zpid	11225	421 Lincoln Rd, Brooklyn, NY 11225	40.6618675	-73.9488021	0.156361387289	7	0.197557078314	6	0.198448437559	3	2	1	1962	30500	267	2237	1926	364	69	136	140	131	49	37	19	36	65	14	271
30609308_zpid	30609308_zpid	11216	139 Madison St, Brooklyn, NY 11216	40.684596	-73.95347	0.189966234234	9	0.121109485761	7	0.455738708247	5	7	7	3680	1800000	0	2000	1899	185	167	97	124	82	32	42	19	39	49	39	266
30636793_zpid	30636793_zpid	11208	26 Norwood Ave, Brooklyn, NY 11208	40.68555	-73.880379	0.364374890849	6	0.490891557635	4	0.461755557085	3	6	2	2470	185000	320	1983	1901	92	28	56	62	46	38	22	13	38	25	10	122
30761737_zpid	30761737_zpid	11234	1247 Ryder St, Brooklyn, NY 11234	40.621783	-73.937091	0.210666558274	1	0.536564246733	1	1.51939334493	0	3	2.5	2036	370000	144	1997	1940	48	7	25	26	23	29	20	14	13	9	1	98
30664424_zpid	30664424_zpid	11226	7 Parkside Ct, Brooklyn, NY 11226	40.6558149	-73.961087	0.0942285487796	13	0.0411466279294	4	0.067642526371	3	5	3	3672	1400000	20	1943	1910	1212	224	676	684	636	72	116	88	148	192	48	848
30664424_zpid	30664424_zpid	11226	7 Parkside Ct, Brooklyn, NY 11226	40.6558149	-73.961087	0.0942285487796	11	0.0411466279294	4	0.067642526371	3	5	3	3672	1400000	20	1943	1910	1212	224	676	684	636	72	116	88	148	192	48	848
30747227_zpid	30747227_zpid	11235	2511 Avenue X, Brooklyn, NY 11235	40.593561	-73.9449379	0.355252032942	11	0.511395066702	3	0.884269304914	0	3	2	2112	645000	45	2200	1940	54	10	10	13	13	17	20	25	22	0	1	55
30613166_zpid	30613166_zpid	11238	407 Vanderbilt Ave, Brooklyn, NY 11238	40.6859899	-73.968108	0.169685313586	10	0.189964185099	3	0.288830890925	4	4	7.5	6592	4600000	16	2475	2002	121	63	58	79	61	32	35	10	24	23	23	123
30572897_zpid	30572897_zpid	11231	20 2nd St, Brooklyn, NY 11231	40.67892	-73.994915	0.0928632056062	11	0.684959804895	3	0.207947141299	2	2	2	2280	2550000	28	1800	1901	30	43	12	39	15	17	59	36	24	7	4	153
30748454_zpid	30748454_zpid	11235	2481 Coyle St, Brooklyn, NY 11235	40.592418	-73.935213	0.197669492732	6	0.392638544766	3	1.7151937975	0	5	3	1520	605000	11	1999	1955	6	13	9	3	5	4	7	14	6	2	3	58
2139979756_zpid	2139979756_zpid	11225	995 Washington Ave, Brooklyn, NY 11225	40.6652101	-73.9613215	0.238323094678	7	0.150432910548	3	0.407196081618	3	4	4.5	4000	75600	84	2049	2015	296	39	129	110	139	9	16	9	44	30	17	185
30735188_zpid	30735188_zpid	11223	2066 W 11th St, Brooklyn, NY 11223	40.596596	-73.982614	0.33734739216	9	0.238945525863	6	0.309685845716	3	5	2	1976	950000	12	2178	1925	104	84	40	88	32	128	108	160	52	28	12	228
30735188_zpid	30735188_zpid	11223	2066 W 11th St, Brooklyn, NY 11223	40.596596	-73.982614	0.33734739216	8	0.238945525863	5	0.309685845716	3	5	2	1976	950000	12	2178	1925	104	84	40	88	32	128	108	160	52	28	12	228
30631365_zpid	30631365_zpid	11207	36 Marginal St W, Brooklyn, NY 11207	40.678745	-73.89824	0.209073086251	3	0.463165287876	2	0.198248335036	9	2	2	1720	350000	8	2500	1910	224	52	140	124	84	116	124	112	76	76	20	424
29835407_zpid	29835407_zpid	10466	3920 Amundson Ave, Bronx, NY 10466	40.889833	-73.835548	0.484279453963	2	0.385706581248	4	0.431855346066	1	4	1.5	1678	245000	52	2500	1925	48	6	14	24	4	51	28	13	28	8	3	66
30715960_zpid	30715960_zpid	11230	117 Avenue J, Brooklyn, NY 11230	40.623894	-73.97511	0.277753022379	5	0.331557479371	5	0.180701582049	3	3	2.5	1284	567875	75	1800	1920	43	12	8	20	7	12	24	34	7	1	4	46
30719693_zpid	30719693_zpid	11204	1549 W 2nd St, Brooklyn, NY 11204	40.6095421	-73.9759466	0.133166103864	12	0.331259274335	7	0.264039346067	4	3	1	1170	648000	21	1742	1920	556	68	100	108	128	248	56	80	40	20	20	312
29835417_zpid	29835417_zpid	10466	3950 Amundson Ave, Bronx, NY 10466	40.890598	-73.835842	0.484515182891	2	0.438730638121	3	0.493008104733	1	5	2	1372	445000	17	5000	1910	50	6	15	23	4	54	28	16	28	8	4	66
