30787527_zpid	30787527_zpid	11234	2744 E 64th St, Brooklyn, NY 11234	40.606622	-73.913521	1.06636300904	0	1.23185777059	0	3.67574674406	0	6	3	2120	759000	0	2500	1965	3	4	2	5	3	17	4	27	20	2	1	26
30788878_zpid	30788878_zpid	11234	2664 E 66th St, Brooklyn, NY 11234	40.606958	-73.910044	1.00765717459	0	1.14573466009	0	3.97068781996	0	4	3	2116	1100000	0	4000	1960	3	5	1	6	2	18	7	28	21	2	1	33
30742436_zpid	30742436_zpid	11229	1926 E 28th St, Brooklyn, NY 11229	40.604186	-73.944862	0.231862219433	3	0.478751706841	2	1.08201912416	0	4	2	1820	730000	101	4791	1920	22	17	9	21	8	28	42	15	28	1	3	100
29833785_zpid	29833785_zpid	10466	1046 E 232nd St, Bronx, NY 10466	40.889182	-73.847348	0.216289252007	5	0.105662856344	3	0.9619471827	0	5	3	1711	497000	23	4094	1930	46	14	25	20	13	69	20	4	30	16	9	68
30784590_zpid	30784590_zpid	11234	1770 E 53rd St, Brooklyn, NY 11234	40.615251	-73.923862	0.43230484974	8	0.986111445605	0	2.8051578488	0	3	2	1540	588888	0	2000	1955	17	17	11	12	13	37	24	21	21	7	8	115
89073794_zpid	89073794_zpid	11225	610 Eastern Pkwy, Brooklyn, NY 11225	40.669292	-73.94821	0.220306563423	14	0.348525461039	6	0.22213895846	3	2	1.5	3600	995000	36	1890	1925	148	33	58	76	54	12	10	7	14	29	5	90
29827907_zpid	29827907_zpid	10469	973 E 221st St, Bronx, NY 10469	40.882571	-73.853694	0.357980134191	5	0.421074039906	2	0.77216998276	0	4	3	2000	420000	18	1990	1935	65	16	29	29	30	37	6	4	19	11	3	54
29853574_zpid	29853574_zpid	10471	5927 Fieldston Rd, Bronx, NY 10471	40.907374	-73.900484	0.237076933342	4	0.237888945371	3	1.20830729401	0	3	2	2254	650000	11	4750	1960	11	11	4	10	5	17	35	10	16	2	6	51
2099374354_zpid	2099374354_zpid	11210	32O8 Farragut Rd, Brooklyn, NY 11210	40.6363305	-73.9470581	0.52628567262	2	0.314160771145	4	0.392120846712	2	5	5	2100	960000	0	3250	1920	337	36	186	174	183	71	42	14	41	70	9	350
30791425_zpid	30791425_zpid	11235	146 Pembroke St, Brooklyn, NY 11235	40.5797219	-73.937359	0.514976541325	1	1.30822064475	0	1.62915156153	0	5	3	1991	695000	0	1800	1940	9	6	4	9	8	12	12	3	11	2	1	30
30770627_zpid	30770627_zpid	11236	1121 E 87th St, Brooklyn, NY 11236	40.635178	-73.903757	0.460110260503	7	0.621315472504	3	1.28761822314	0	3	1	608	259700	134	2094	1910	50	16	25	25	13	69	21	12	24	13	10	94
29798638_zpid	29798638_zpid	10460	1171 Wyatt St, Bronx, NY 10460	40.838826	-73.875342	0.29882030175	4	0.384469757616	1	0.375527243148	2	5	2	2232	395000	5	2500	1901	81	14	23	26	35	7	9	5	16	10	5	61
30609982_zpid	30609982_zpid	11221	532 Putnam Ave, Brooklyn, NY 11221	40.684907	-73.940205	0.170215536067	10	0.273104164521	6	0.557769655185	1	4	2.75	3332	920000	47	1850	1899	127	29	77	93	67	12	24	9	36	39	10	150
30677450_zpid	30677450_zpid	11204	1925 50th St, Brooklyn, NY 11204	40.626008	-73.978224	0.092975640393	8	0.108950532299	7	0.192930661966	3	4	1.25	1520	810000	21	2003	1920	12	7	5	15	3	13	36	28	22	5	3	53
30670518_zpid	30670518_zpid	11218	282 Windsor Pl, Brooklyn, NY 11218	40.656795	-73.975213	0.239258941769	7	0.196818943999	2	0.579926815559	1	5	4	2940	1985587	26	2000	1910	2	7	6	8	2	13	10	11	9	0	1	24
30769972_zpid	30769972_zpid	11236	1058 E 85th St, Brooklyn, NY 11236	40.63496	-73.906796	0.373142927343	8	0.474758146042	2	1.36716974486	0	9	3	1890	198000	242	2100	1965	42	6	16	25	11	73	25	12	33	7	10	86
30738910_zpid	30738910_zpid	11223	2402 E 4th St, Brooklyn, NY 11223	40.591489	-73.9669009	0.184059609187	6	0.706897229758	1	0.655159623451	2	5	3.5	2005	765000	15	1760	1945	208	32	60	104	44	140	152	100	52	16	12	264
30738496_zpid	30738496_zpid	11223	2323 W 7th St, Brooklyn, NY 11223	40.5923142	-73.9777041	0.492726095024	6	0.10729571759	3	0.0634582657649	5	7	2.5	2520	850000	31	3195	1960	144	64	44	92	40	156	88	140	76	28	24	324
30738496_zpid	30738496_zpid	11223	2323 W 7th St, Brooklyn, NY 11223	40.5923142	-73.9777041	0.09269897039	8	0.10729571759	2	0.0634582657649	5	7	2.5	2520	850000	31	3195	1960	144	64	44	92	40	156	88	140	76	28	24	324
30576723_zpid	30576723_zpid	11220	233 50th St, Brooklyn, NY 11220	40.648749	-74.015938	0.333604369831	8	0.362712521779	6	0.440090564053	2	6	2	3540	470000	67	20	1910	45	12	32	50	19	30	37	20	22	8	4	113
30649545_zpid	30649545_zpid	11208	973 Hegeman Ave, Brooklyn, NY 11208	40.666526	-73.876893	0.259843835705	6	0.439012295733	4	0.576643111796	1	5	3	4068	350000	86	1800	1920	87	12	78	80	64	25	38	9	24	33	16	152
30787896_zpid	30787896_zpid	11234	261 Arkansas Dr, Brooklyn, NY 11234	40.607297	-73.903412	1.20101243458	0	1.21734533777	0	4.38318832814	0	4	2	2506	1250000	0	4200	1960	0	1	0	5	0	0	7	1	7	2	0	9
30567758_zpid	30567758_zpid	11201	21 State St, Brooklyn, NY 11201	40.692346	-73.998803	0.14300296813	13	0.454238168597	3	0.730298767423	3	2	2	780	2750000	0	908	1970	30	57	20	27	11	24	48	26	18	4	7	118
30625092_zpid	30625092_zpid	11237	205 Knickerbocker Ave, Brooklyn, NY 11237	40.7036	-73.926298	0.0107760008673	12	0.0891577978851	5	0.467741553216	4	1	1	4500	535000	163	2500	1931	161	121	100	153	116	48	36	7	30	64	25	318
30746103_zpid	30746103_zpid	11229	2270 E 26th St, Brooklyn, NY 11229	40.596164	-73.94523	0.359733995728	8	0.392790576848	4	0.845636269304	0	3	2	1771	710000	15	2200	1940	26	20	12	25	17	26	33	24	21	7	4	93
30655479_zpid	30655479_zpid	11236	626 E 94th St, Brooklyn, NY 11236	40.652432	-73.914938	0.308711035524	6	0.726597867805	1	1.01104076456	0	3	2	1771	350000	18	2217	1945	47	4	15	26	20	44	17	10	8	11	4	85
30706672_zpid	30706672_zpid	11228	1515 77th St, Brooklyn, NY 11228	40.616383	-74.0036219	0.181622101557	11	0.35785449358	5	0.409517544195	2	7	3	3968	1549000	0	2700	1920	7	6	5	16	6	39	23	40	14	3	1	54
30694028_zpid	30694028_zpid	11209	259 73rd St, Brooklyn, NY 11209	40.633241	-74.027991	0.0793930747286	14	0.241418770432	4	0.434566935273	2	5	3	3120	920000	23	2000	1925	146	32	48	51	38	41	46	108	23	18	5	159
30784145_zpid	30784145_zpid	11234	1828 E 38th St, Brooklyn, NY 11234	40.613247	-73.933144	0.371626966524	3	0.406059653421	1	2.1461396223	0	2	1	924	460000	11	1800	1925	12	172	8	32	12	84	128	88	120	8	12	256
29786346_zpid	29786346_zpid	10468	2340 Aqueduct Ave, Bronx, NY 10468	40.860855	-73.90513	0.198710433855	4	0.158249344325	10	0.292155940762	5	4	1.5	1664	80000	263	1289	1901	493	67	216	269	275	34	33	15	79	81	50	367
30793858_zpid	30793858_zpid	11229	41 Ira Ct, Brooklyn, NY 11229	40.591531	-73.9297859	0.375552759988	3	0.83307824928	0	2.12368231042	0	4	2.5	1050	525000	76	3570	1945	2	5	1	6	1	1	19	5	17	3	2	19
30670871_zpid	30670871_zpid	11218	102 Seeley St, Brooklyn, NY 11218	40.653539	-73.978323	0.182210159713	8	0.351668706077	3	0.469428633628	1	5	2.5	3080	855000	43	1700	1910	5	16	12	15	6	21	18	25	14	0	3	46
30747589_zpid	30747589_zpid	11229	2313 Brigham St, Brooklyn, NY 11229	40.596265	-73.934042	0.272495956657	9	0.552968792308	3	1.7887274391	0	5	2.5	2440	640000	12	2000	1960	17	16	3	7	2	9	19	7	17	3	2	45
30787915_zpid	30787915_zpid	11234	107 Indiana Pl, Brooklyn, NY 11234	40.6059742	-73.9047866	1.29164567167	0	1.31349530741	0	4.38585958621	0	4	4	2348	880000	26	4100	1965	0	1	0	2	0	1	7	1	7	2	1	11
29850661_zpid	29850661_zpid	10464	75 Ditmars St, Bronx, NY 10464	40.849525	-73.789515	0.307079704848	3	3.10452344508	0	3.18656544302	0	4	3	2000	947500	56	14810.400000000001	1958	3	30	2	4	1	2	23	16	4	1	15	44
30626689_zpid	30626689_zpid	11237	364 Harman St, Brooklyn, NY 11237	40.701197	-73.917195	0.216881352649	11	0.288157847717	8	0.308949125105	5	7	2	1748	990000	8	2384	1920	259	114	175	239	168	47	43	30	99	90	31	379
30577049_zpid	30577049_zpid	11220	440 50th St, Brooklyn, NY 11220	40.645649	-74.011698	0.14814196426	10	0.152585949277	11	0.207603902549	3	4	3	3012	999000	0	2003	1901	141	60	64	110	61	32	68	33	38	37	13	279
29788387_zpid	29788387_zpid	10468	3120 Jerome Ave, Bronx, NY 10468	40.875376	-73.888085	0.0667227760532	9	0.12263211059	4	0.274861048403	3	8	3	3150	425000	92	2482	1930	190	13	62	44	43	6	6	0	10	17	8	88
30613743_zpid	30613743_zpid	11238	200 Saint James Pl, Brooklyn, NY 11238	40.684214	-73.964251	0.12376556861	8	0.165628072722	4	0.226074566478	3	1	1	3008	1100000	55	682585.2	1899	572	560	300	508	356	188	236	64	180	96	128	820
83045250_zpid	83045250_zpid	11235	11 W End Ave, Brooklyn, NY 11235	40.581221	-73.953401	0.174521175316	9	0.536589381928	6	0.634945988285	1	2	3	1500	50000	118	2100	1996	884	104	188	240	176	224	164	92	160	84	44	560
83045250_zpid	83045250_zpid	11235	11 W End Ave, Brooklyn, NY 11235	40.581221	-73.953401	0.174521175316	10	0.536589381928	6	0.634945988285	1	2	3	1500	50000	118	2100	1996	884	104	188	240	176	224	164	92	160	84	44	560
29796951_zpid	29796951_zpid	10472	1148 Olmstead Ave, Bronx, NY 10472	40.830698	-73.853601	0.0400397380783	12	0.499229992233	6	0.429269975996	2	12	5	3564	550000	2	2557	1925	80	16	54	57	39	38	27	7	39	20	9	97
30647355_zpid	30647355_zpid	11207	779 Williams Ave, Brooklyn, NY 11207	40.656561	-73.895532	0.697309303296	2	0.569262217618	1	0.395084747298	2	6	2	1692	450000	15	2062	1925	56	8	39	46	25	20	24	11	15	28	6	88
30643671_zpid	30643671_zpid	11208	50 Fountain Ave, Brooklyn, NY 11208	40.678947	-73.876551	0.364280865642	12	0.400848848262	6	0.402343146026	5	5	2	1512	409000	135	1799	1899	428	84	244	328	228	192	188	80	208	100	40	780
29825827_zpid	29825827_zpid	10467	3367 Olinville Ave, Bronx, NY 10467	40.8751869	-73.868438	0.101008321417	7	0.198887513791	4	0.313496106875	3	5	3	1680	410000	124	4181	1915	231	30	93	98	94	35	25	8	35	31	15	179
83048090_zpid	83048090_zpid	11213	1552 Pacific St, Brooklyn, NY 11213	40.676755	-73.9379189	0.300299639882	9	0.336546340487	6	0.431020754462	2	3	2	3120	402799	16	2143	2004	164	39	72	78	68	33	27	8	31	33	12	167
30580215_zpid	30580215_zpid	11215	548 17th St, Brooklyn, NY 11215	40.657146	-73.980897	0.199219887013	10	0.26212670529	6	0.398408597102	1	4	2.5	1720	1908000	9	1945	1910	27	26	15	19	15	18	16	8	15	2	7	55
30611428_zpid	30611428_zpid	11216	162 Herkimer St, Brooklyn, NY 11216	40.679331	-73.948014	0.139401285081	11	0.0878549080349	7	0.107283770115	5	7	3	2872	625159	28	1710	1901	357	132	161	233	180	38	51	17	77	87	29	336
121711118_zpid	121711118_zpid	11228	945 79th St, Brooklyn, NY 11228	40.623143	-74.017657	0.593080406338	8	0.519863005438	4	0.908954784373	0	3	2.5	1700	440363	12	4658	1996	14	5	8	11	7	20	35	20	13	2	3	35
30671446_zpid	30671446_zpid	11218	130 E 3rd St, Brooklyn, NY 11218	40.649018	-73.978761	0.0768240723806	9	0.167280530935	5	0.266517736122	2	5	2	1592	752500	34	1817	1925	52	28	19	28	24	29	31	28	19	5	6	103
30626953_zpid	30626953_zpid	11237	349 Bleecker St, Brooklyn, NY 11237	40.701401	-73.915378	0.0993971782085	12	0.32539641335	6	0.362786922767	5	7	3	3036	900000	3	1851	1920	188	83	146	181	126	48	40	27	85	68	30	311
30761477_zpid	30761477_zpid	11234	1007 E 59th St, Brooklyn, NY 11234	40.628427	-73.918916	0.407321608647	4	0.160567595023	2	2.47599040821	0	7	5	3181	649000	0	2108	1975	80	36	72	48	40	152	56	84	52	60	12	284
30654922_zpid	30654922_zpid	11203	5211 Beverley Rd, Brooklyn, NY 11203	40.646704	-73.927437	0.488177570959	7	0.446749569227	3	1.82659638138	0	3	2	2059	346000	10	2000	1945	83	22	30	22	33	41	33	10	14	18	8	122
30730544_zpid	30730544_zpid	11214	122 Bay 41st St, Brooklyn, NY 11214	40.594735	-73.988463	0.375327143695	7	0.328414876532	5	0.358205742519	1	3	2	1540	725000	17	1742	1955	80	28	56	72	28	116	128	96	84	32	16	264
30655615_zpid	30655615_zpid	11236	632 Rockaway Pkwy, Brooklyn, NY 11236	40.653492	-73.912139	0.346033719928	6	0.351979164283	2	0.954180387295	0	3	1.5	2180	499000	15	110	1945	38	2	14	21	21	32	16	8	5	6	3	63
30573469_zpid	30573469_zpid	11231	398 Van Brunt St, Brooklyn, NY 11231	40.676618	-74.014111	0.483768920344	1	0.351370478124	3	1.43929852008	0	6	5	4000	2485000	28	2250	1899	22	46	6	17	1	5	27	4	8	5	2	51
30767172_zpid	30767172_zpid	11236	588 E 88th St, Brooklyn, NY 11236	40.642375	-73.911295	0.306034898705	5	0.55887236943	2	0.929161959438	0	6	3	2580	550000	22	1960	1960	40	5	24	19	9	53	26	5	23	19	5	100
30591942_zpid	30591942_zpid	11216	105 1/2 Rogers Ave, Brooklyn, NY 11216	40.6739295	-73.9527568	0.0405437900691	11	0.262356521008	2	0.421492816452	6	1	1	3420	709500	15	1703	1930	344	89	188	220	202	24	40	16	51	72	41	288
30788383_zpid	30788383_zpid	11234	2374 E 66th St, Brooklyn, NY 11234	40.6119739	-73.906949	0.602913350606	3	0.621959424028	1	3.88453169579	0	4	3	3083	1349000	0	6517	1960	0	12	2	4	1	6	11	8	10	0	0	37
30752319_zpid	30752319_zpid	11210	1039 E 26th St, Brooklyn, NY 11210	40.625404	-73.950207	0.294030530409	2	0.358430109647	2	0.855236545552	0	4	1	900	700000	26	2942	1925	59	9	36	25	24	47	25	14	34	7	4	87
30767123_zpid	30767123_zpid	11236	576 E 87th St, Brooklyn, NY 11236	40.642353	-73.9125	0.394504851488	5	0.794456098094	0	1.0190373492	0	7	3.5	1596	610000	8	2020	1960	37	5	22	19	7	47	25	6	22	12	5	92
29835072_zpid	29835072_zpid	10466	3720 Rombouts Ave, Bronx, NY 10466	40.887177	-73.829953	0.191001176647	2	0.217084362339	2	0.145344441647	1	3	3	1122	352450	16	2500	1925	18	8	11	14	1	16	19	13	14	5	1	55
30719633_zpid	30719633_zpid	11204	1564 W 2nd St, Brooklyn, NY 11204	40.609196	-73.976337	0.177220327582	11	0.350467560351	7	0.287800640297	5	2	2	1540	620000	29	2000	1920	141	18	27	29	32	59	13	20	10	6	6	82
30753591_zpid	30753591_zpid	11210	1224 E 35th St, Brooklyn, NY 11210	40.624132	-73.941869	0.321402943981	3	0.56203683254	3	1.08475874936	0	4	3	1378	605000	4	2000	1925	484	52	232	200	180	292	196	68	112	64	32	476
30753591_zpid	30753591_zpid	11210	1224 E 35th St, Brooklyn, NY 11210	40.624132	-73.941869	0.187166499795	4	0.56203683254	3	1.08475874936	0	4	3	1378	605000	4	2000	1925	484	52	232	200	180	292	196	68	112	64	32	476
30774533_zpid	30774533_zpid	11236	939 E 99th St, Brooklyn, NY 11236	40.6440311	-73.8980078	0.238783792296	8	0.660798730076	2	0.436544673826	2	8	4.5	5219	550000	133	62	1920	244	28	112	80	72	220	72	36	60	76	32	392
30774533_zpid	30774533_zpid	11236	939 E 99th St, Brooklyn, NY 11236	40.6440311	-73.8980078	0.238783792296	7	0.660798730076	2	0.436544673826	2	8	4.5	5219	550000	133	62	1920	244	28	112	80	72	220	72	36	60	76	32	392
30666719_zpid	30666719_zpid	11226	200 Rugby Rd, Brooklyn, NY 11226	40.644755	-73.966329	0.322339926055	10	0.453088450836	2	0.165365673032	3	4	3	3120	2100000	0	7200	1955	185	30	98	105	124	16	12	9	32	35	4	161
30596194_zpid	30596194_zpid	11213	167 Schenectady Ave, Brooklyn, NY 11213	40.673117	-73.933193	0.229789221361	9	0.240065444716	4	0.47024602855	2	3	1	2400	540000	134	1800	1920	340	40	161	167	161	31	29	13	40	57	20	248
30581160_zpid	30581160_zpid	11232	729 41st St, Brooklyn, NY 11232	40.647154	-73.999691	0.176195925814	8	0.230006885024	8	0.463355629009	1	4	1	1240	780000	32	2504	1915	304	160	116	120	108	208	72	48	32	40	24	344
30581160_zpid	30581160_zpid	11232	729 41st St, Brooklyn, NY 11232	40.647154	-73.999691	0.176195925814	7	0.230006885024	8	0.463355629009	1	4	1	1240	780000	32	2504	1915	304	160	116	120	108	208	72	48	32	40	24	344
30572913_zpid	30572913_zpid	11231	52 2nd St, Brooklyn, NY 11231	40.67845	-73.993921	0.118715251618	9	0.587271268661	2	0.256844782239	2	3	2	2344	1385000	35	1800	1901	80	148	32	120	44	48	212	140	88	28	16	536
30788616_zpid	30788616_zpid	11234	2550 E 66th St, Brooklyn, NY 11234	40.608529	-73.908225	0.899264294696	0	0.974773422226	0	4.16062359809	0	4	2	2310	660000	22	4000	1965	2	4	2	8	2	13	9	18	17	2	1	31
30641653_zpid	30641653_zpid	11208	52 Hemlock St, Brooklyn, NY 11208	40.688601	-73.872563	0.262778270216	6	0.165744847222	5	0.149172153647	3	5	2	2904	550800	13	1578	1915	76	23	50	63	34	57	33	15	39	30	5	136
30685108_zpid	30685108_zpid	11219	4815 Fort Hamilton Pkwy, Brooklyn, NY 11219	40.638373	-73.997094	0.205774327113	7	0.35485330325	9	0.305246148981	2	3	1	3492	702000	115	1847	1899	296	60	156	204	200	124	272	256	156	56	28	596
30785782_zpid	30785782_zpid	11234	2011 E 35th St, Brooklyn, NY 11234	40.609139	-73.931562	0.216732103924	1	0.735025035339	1	2.2192712282	0	3	1	1134	540000	3	2000	1925	8	36	16	8	8	44	96	92	88	4	8	152
30618633_zpid	30618633_zpid	11211	207 N 5th St, Brooklyn, NY 11211	40.715614	-73.956692	0.185485339729	15	0.242390867951	4	0.252871289527	3	6	3	3375	2985000	17	2500	1900	352	868	168	340	152	148	188	80	88	76	80	996
29848958_zpid	29848958_zpid	10465	4308 E Tremont Ave, Bronx, NY 10465	40.8155659	-73.815781	0.434066591294	3	0.466828773225	1	3.51509719903	0	6	3.5	1950	500000	41	3049	1965	7	8	2	5	4	14	16	11	12	3	8	47
29834990_zpid	29834990_zpid	10466	3710 Harper Ave, Bronx, NY 10466	40.887352	-73.833049	0.313591785169	2	0.237221074224	2	0.214206386248	1	3	2	1520	360000	8	2374	1940	34	9	15	18	3	30	19	13	18	9	3	66
30620648_zpid	30620648_zpid	11222	1032 Lorimer St, Brooklyn, NY 11222	40.726472	-73.953059	0.118874472819	12	0.164742026322	4	0.253807391834	2	6	3	3250	1285000	44	2500	1899	52	87	21	50	22	36	39	29	20	17	12	189
55677707_zpid	55677707_zpid	11234	32 Georgetown Ln, Brooklyn, NY 11234	40.622224	-73.914025	0.348123309972	5	0.678161510211	1	2.90752945101	0	5	2.5	1648	515000	46	2678	1996	88	12	36	52	12	192	120	92	84	20	32	408
30610117_zpid	30610117_zpid	11216	191 Hancock St, Brooklyn, NY 11216	40.6829279	-73.9484049	0.157174320098	11	0.149688892318	8	0.284240646348	5	5	3	3600	1805000	13	2000	1899	246	146	138	173	124	28	60	26	61	73	30	312
29847514_zpid	29847514_zpid	10465	10 Schuyler Ter, Bronx, NY 10465	40.809744	-73.802617	1.40166644928	0	1.67863874834	0	4.7419633057	0	2	1	535	95000	166	923	1951	1	3	1	1	0	2	3	9	1	0	1	6
30661417_zpid	30661417_zpid	11203	518 E 35th St, Brooklyn, NY 11203	40.642333	-73.944119	0.172854761678	4	0.365748099086	4	0.448116030392	2	3	2.5	1392	379000	33	2000	1920	130	8	83	73	75	44	19	6	21	27	9	111
30574925_zpid	30574925_zpid	11232	208 42nd St, Brooklyn, NY 11232	40.653211	-74.012184	0.338215226822	7	0.187747107324	6	0.509893149939	2	4	4	1440	699000	0	1698	1917	25	16	14	12	16	10	36	12	9	4	1	54
30601817_zpid	30601817_zpid	11206	11 Lewis Ave, Brooklyn, NY 11206	40.69767	-73.937686	0.122910687272	9	0.165284038397	4	0.178832539217	2	5	2	10440	335000	43	2610	1901	92	59	33	53	36	39	33	18	33	24	13	182
30663468_zpid	30663468_zpid	11203	972 E 45th St, Brooklyn, NY 11203	40.63744	-73.933988	0.270083071171	7	1.04157183659	0	1.25040379777	0	3	2	1904	400000	14	1464	1945	60	36	24	44	40	108	80	16	68	32	20	252
30783437_zpid	30783437_zpid	11234	2169 E 64th St, Brooklyn, NY 11234	40.615251	-73.910727	0.207698407342	7	0.24766654197	2	3.5753051654	0	3	2	972	625000	66	5000	1950	16	12	11	11	6	18	15	12	16	0	4	50
29791538_zpid	29791538_zpid	10473	403 Torry Ave, Bronx, NY 10473	40.814673	-73.849408	0.132283808021	3	0.630324248314	2	2.19062796131	0	4	3	1694	363542	14	1949	1965	15	4	6	5	3	14	9	8	9	5	3	31
