30585055_zpid	30585055_zpid	11215	354 10th St, Brooklyn, NY 11215	40.66868	-73.987523	0.159425729452	15	0.14897739947	4	0.250035525996	4	5	3.5	2080	2300000	24	1667	1899	92	103	32	72	29	41	59	38	42	24	25	260
30654449_zpid	30654449_zpid	11203	320 E 55th St, Brooklyn, NY 11203	40.649972	-73.925641	0.313545789885	8	0.31469467027	3	1.50071345869	0	3	2.5	1400	470000	0	2150	1925	144	15	48	51	56	51	39	7	18	29	7	144
30631362_zpid	30631362_zpid	11207	22 Marginal St W, Brooklyn, NY 11207	40.6790785	-73.8981998	0.245113995205	3	0.454897475947	2	0.235412000745	9	5	3	2260	448000	125	24	1910	204	52	116	116	76	124	124	112	80	76	20	412
29842461_zpid	29842461_zpid	10461	2822 Zulette Ave # 2, Bronx, NY 10461	40.841827	-73.836111	0.161236067058	4	0.775532836855	0	0.227341967891	3	4	2.5	2214	412000	28	2375	1960	264	64	80	64	60	140	84	52	48	36	12	308
30764779_zpid	30764779_zpid	11234	1435 E 56th St, Brooklyn, NY 11234	40.62061	-73.920911	0.270565183984	11	0.623846506088	1	2.63683099944	0	3	2	952	465000	0	1800	1920	10	7	8	12	11	39	26	13	22	7	9	117
30614724_zpid	30614724_zpid	11238	579 Classon Ave, Brooklyn, NY 11238	40.6809909	-73.9582899	0.129304335551	10	0.14551634902	5	0.20047275364	4	2	1	3300	1995000	16	2083	1910	436	608	260	348	272	172	164	116	132	84	136	808
30789322_zpid	30789322_zpid	11235	29 Brighton 7th Ct, Brooklyn, NY 11235	40.5810897	-73.9613385	0.104961281934	9	0.149421722052	5	0.381293695038	1	3	1	1408	386000	97	1435	1910	192	56	60	83	46	84	56	32	45	32	26	247
2099067611_zpid	2099067611_zpid	11229	1948 E 27th St, Brooklyn, NY 11229	40.603504	-73.945686	0.331810948746	3	0.433202900435	2	0.984130832836	0	3	2	1292	629000	0	1800	1940	88	64	52	96	32	148	152	56	116	4	12	452
30603188_zpid	30603188_zpid	11221	110 Malcolm X Blvd, Brooklyn, NY 11221	40.689802	-73.93074	0.337116516793	9	0.364431851941	4	0.426285724686	2	7	3	2600	600000	76	2000	1899	200	68	107	157	124	58	36	18	38	67	39	273
30712901_zpid	30712901_zpid	11228	136 Bay 11th St, Brooklyn, NY 11228	40.607956	-74.011082	0.130521740302	7	0.443796815635	4	0.789845784044	0	4	2.5	2018	650000	91	867715.2000000001	1955	28	40	8	44	8	84	132	116	88	8	20	208
30700715_zpid	30700715_zpid	11209	22 Colonial Gdns, Brooklyn, NY 11209	40.6224329	-74.0394026	0.14774077263	3	0.669945525628	1	0.930243630965	0	3	2	1800	655000	104	2100	1925	49	18	12	26	10	20	24	11	11	2	2	54
30774306_zpid	30774306_zpid	11236	1180 E 94th St, Brooklyn, NY 11236	40.641484	-73.902727	0.304323616114	8	0.662827490584	1	0.580269465925	1	6	5	2484	615000	20	5000	1925	216	44	84	88	72	228	104	36	64	64	32	372
30695557_zpid	30695557_zpid	11228	966 Bay Ridge Pkwy, Brooklyn, NY 11228	40.624548	-74.015018	0.416264410413	3	0.285823738221	2	1.05834117595	0	3	1.5	2225	559000	53	2250	1925	15	9	10	20	7	42	40	28	15	4	4	59
30600654_zpid	30600654_zpid	11233	167 Macdougal St, Brooklyn, NY 11233	40.680053	-73.914828	0.379570606147	3	0.443616165028	6	0.384002737387	4	3	2	3200	613000	92	2000	1910	300	41	186	210	143	48	53	20	73	97	33	263
29789135_zpid	29789135_zpid	10470	116 E 236th St, Bronx, NY 10470	40.897539	-73.872089	0.126912292631	1	0.394799097661	1	0.809052169461	0	3	2	2260	517000	7	2500	1925	53	12	10	8	7	32	9	13	13	6	1	59
30673133_zpid	30673133_zpid	11218	311 E 2nd St, Brooklyn, NY 11218	40.643907	-73.978136	0.0318525591447	12	0.190324629171	8	0.131098089501	2	4	3	1432	658000	112	1775	1920	564	156	176	284	196	240	236	140	84	72	64	844
30673133_zpid	30673133_zpid	11218	311 E 2nd St, Brooklyn, NY 11218	40.643907	-73.978136	0.0318525591447	11	0.190324629171	8	0.131098089501	2	4	3	1432	658000	112	1775	1920	564	156	176	284	196	240	236	140	84	72	64	844
30793801_zpid	30793801_zpid	11229	1 Joval Ct, Brooklyn, NY 11229	40.589773	-73.928431	0.441968011708	2	0.963409127104	0	2.19807252127	0	3	2	1467	460000	26	3570	1930	1	3	1	12	1	1	20	8	18	1	3	30
30773751_zpid	30773751_zpid	11236	9804 Farragut Rd, Brooklyn, NY 11236	40.647141	-73.902723	0.127569177721	5	0.642617702513	1	0.0915202225742	2	4	2	2694	460000	79	2000	1960	160	28	96	124	64	236	76	40	28	72	32	316
30773751_zpid	30773751_zpid	11236	9804 Farragut Rd, Brooklyn, NY 11236	40.647141	-73.902723	0.127569177721	4	0.642617702513	1	0.0915202225742	2	4	2	2694	460000	79	2000	1960	160	28	96	124	64	236	76	40	28	72	32	316
29784470_zpid	29784470_zpid	10458	2421 Lorillard Pl, Bronx, NY 10458	40.857093	-73.888926	0.118694402129	10	0.219478510502	4	0.505445700805	1	4	1	3870	560000	17	2250	1931	442	78	170	199	186	22	40	17	50	70	29	335
2099774633_zpid	2099774633_zpid	11228	292 Bay 10 St, Brooklyn, NY 11228	40.605281	-74.015058	0.353263199967	3	0.728736806248	1	1.16454312545	0	3	2	1472	985000	0	1938	1920	28	8	8	24	4	36	64	84	40	4	8	124
30698809_zpid	30698809_zpid	11209	246 83rd St, Brooklyn, NY 11209	40.625806	-74.031675	0.111038873114	14	0.597619686858	2	0.444086237635	2	5	4.5	8000	1450000	117	8000	2008	73	47	27	36	18	46	33	27	14	9	2	141
79723682_zpid	79723682_zpid	11233	1774 Dean St, Brooklyn, NY 11233	40.675484	-73.9290429	0.241957502001	8	0.447846517298	4	0.454771574762	2	8	5	2850	670000	17	2055	2005	53	14	36	42	28	10	12	1	17	17	7	83
30623798_zpid	30623798_zpid	11222	16 N Henry St, Brooklyn, NY 11222	40.71958	-73.942286	0.167351988589	10	0.398459014044	2	0.577831757058	1	2	3	4700	2110000	21	3000	1910	84	120	52	120	24	40	96	68	76	24	32	368
30606805_zpid	30606805_zpid	11206	142 Ellery St, Brooklyn, NY 11206	40.69832	-73.947642	0.231911639313	7	0.466364307166	6	0.262333043697	4	2	1	1000	206500	278	1983	1992	80	24	37	64	35	35	16	24	23	18	22	135
30671235_zpid	30671235_zpid	11218	654 Vanderbilt St, Brooklyn, NY 11218	40.653856	-73.974607	0.156906368357	5	0.407615954422	2	0.463090169589	1	4	2	1680	1265000	29	1800	1899	10	13	9	15	7	18	16	17	12	1	3	39
30587638_zpid	30587638_zpid	11215	588 5th St, Brooklyn, NY 11215	40.667352	-73.976101	0.286388222612	14	0.641822059324	1	0.374816305082	1	4	3	3744	3775000	0	2000	1901	112	132	56	92	40	36	180	120	84	16	36	468
30587638_zpid	30587638_zpid	11215	588 5th St, Brooklyn, NY 11215	40.667352	-73.976101	0.286388222612	13	0.641822059324	1	0.374816305082	1	4	3	3744	3775000	0	2000	1901	112	132	56	92	40	36	180	120	84	16	36	468
30761620_zpid	30761620_zpid	11210	4040 Hubbard Pl, Brooklyn, NY 11210	40.6249265	-73.9356159	0.267678038513	7	0.739324506991	1	1.34445479722	0	4	2	1232	285000	85	1761	1915	41	5	18	25	10	21	26	9	17	8	9	59
30749883_zpid	30749883_zpid	11235	2639 E 23rd St, Brooklyn, NY 11235	40.587681	-73.946221	0.109663301317	11	0.543221488729	3	0.676391251796	1	6	3	2305	995000	13	8698	1930	50	13	11	32	5	49	30	32	37	6	3	119
30699831_zpid	30699831_zpid	11209	325 87th St, Brooklyn, NY 11209	40.6227189	-74.030394	0.0552878828368	15	0.364288866972	5	0.168685377091	2	4	2	2007	1289000	0	2000	1910	79	66	34	45	19	66	30	27	14	13	5	226
30766685_zpid	30766685_zpid	11236	517 E 78th St, Brooklyn, NY 11236	40.638373	-73.918602	0.476040111057	5	0.56477589379	2	1.68879439044	0	7	3	3100	515000	139	2200	1960	18	7	13	14	6	20	24	9	16	6	6	45
30733812_zpid	30733812_zpid	11224	4011 Atlantic Ave, Brooklyn, NY 11224	40.5744169	-74.0065866	0.634716181247	1	0.51509034262	1	2.16964553636	0	4	4	3000	1500000	0	4007	1960	29	9	9	28	4	3	16	4	8	3	0	33
30633647_zpid	30633647_zpid	11212	610 Osborn St, Brooklyn, NY 11212	40.656827	-73.905807	0.230269248611	4	0.195873146428	3	0.594407468619	2	4	1	3239	400000	70	2500	1930	82	13	60	60	47	28	25	8	41	16	8	137
30688169_zpid	30688169_zpid	11219	1144 58th St, Brooklyn, NY 11219	40.631787	-74.000814	0.40384760001	6	0.387524326972	6	0.385884300698	4	6	3	2400	1615000	15	4007	1910	51	11	25	32	20	51	62	45	19	8	8	122
30704688_zpid	30704688_zpid	11204	2031 73rd St, Brooklyn, NY 11204	40.611659	-73.989554	0.104266061841	13	0.0689701342056	8	0.649723322316	2	3	2.5	1992	770000	12	2000	1930	268	56	96	160	136	196	112	88	88	40	8	416
30704688_zpid	30704688_zpid	11204	2031 73rd St, Brooklyn, NY 11204	40.611659	-73.989554	0.104266061841	15	0.0689701342056	8	0.649723322316	2	3	2.5	1992	770000	12	2000	1930	268	56	96	160	136	196	112	88	88	40	8	416
30727470_zpid	30727470_zpid	11229	1760 E 19th St, Brooklyn, NY 11229	40.607228	-73.954388	0.273587249393	4	0.310597045263	3	0.331400251424	1	4	2.5	2694	1050000	16	4000	1930	179	37	53	53	65	76	62	43	19	19	3	194
30729876_zpid	30729876_zpid	11214	75 Bay 38th St, Brooklyn, NY 11214	40.596747	-73.989237	0.190892820197	5	0.198670543766	5	0.229731171857	2	3	3.5	1840	505000	42	1916	1936	148	56	60	76	48	188	136	76	60	24	12	348
30729876_zpid	30729876_zpid	11214	75 Bay 38th St, Brooklyn, NY 11214	40.596747	-73.989237	0.190892820197	9	0.198670543766	5	0.229731171857	2	3	3.5	1840	505000	42	1916	1936	148	56	60	76	48	188	136	76	60	24	12	348
29818568_zpid	29818568_zpid	10461	2025 Tenbroeck Ave, Bronx, NY 10461	40.855826	-73.8525968	0.257478433771	3	0.858347981063	0	0.414930268036	2	3	2	3095	260000	230	3908	1940	20	2	4	7	2	18	21	11	10	3	2	51
30763241_zpid	30763241_zpid	11234	1483 E 53rd St, Brooklyn, NY 11234	40.622319	-73.923971	0.0884264216954	12	0.30318690687	1	2.3173688673	0	3	2	868	469000	0	1800	1925	9	29	6	12	8	42	31	18	17	8	8	118
30584583_zpid	30584583_zpid	11215	136 8th St, Brooklyn, NY 11215	40.672253	-73.991424	0.29039742474	10	0.382169206645	3	0.247088824955	3	6	3.5	3000	1510000	31	2500	1899	112	180	72	144	32	112	160	116	76	44	40	452
79716559_zpid	79716559_zpid	11221	221 Malcolm X Blvd, Brooklyn, NY 11221	40.6853989	-73.929265	0.085089712172	9	0.146741913743	2	0.683075180274	1	4	2	1200	495000	34	1917	2006	122	35	59	101	70	32	17	4	18	41	20	146
30779367_zpid	30779367_zpid	11236	1408 E 101st St, Brooklyn, NY 11236	40.637091	-73.888488	0.336116592357	7	0.305846725764	4	1.55150303133	0	5	2.5	1835	430000	52	2000	1960	22	7	18	17	1	17	13	8	12	4	2	53
30742790_zpid	30742790_zpid	11229	1977 Batchelder St, Brooklyn, NY 11229	40.603571	-73.939275	0.330387059789	4	0.507184620054	3	1.48572190129	0	3	3	1344	525000	51	2600	1915	17	9	13	14	9	13	34	20	20	0	4	61
30794122_zpid	30794122_zpid	11229	101 Abbey Ct, Brooklyn, NY 11229	40.5900779	-73.922868	0.0503223483892	2	1.42463352998	0	2.66849828021	0	2	1	1400	425000	0	1800	1925	8	24	8	60	0	4	124	48	88	4	16	160
79713540_zpid	79713540_zpid	10469	1520 Burke Ave, Bronx, NY 10469	40.873055	-73.84374	0.421062179889	6	0.52785167785	1	0.451512958353	1	9	3	4764	749000	114	7362	2006	46	12	36	30	21	43	29	10	34	18	8	85
30740056_zpid	30740056_zpid	11223	2505 E 2nd St, Brooklyn, NY 11223	40.588451	-73.9676269	0.28342089142	6	0.424054444447	1	0.574811637014	1	3	3.5	1595	645000	116	2200	1945	208	40	40	64	24	88	124	116	52	4	24	284
30615784_zpid	30615784_zpid	11205	306 Clermont Ave, Brooklyn, NY 11205	40.688676	-73.9702889	0.207538120471	12	0.380790028988	3	0.384097719615	5	5	4	3888	2495000	0	1767	1900	49	45	20	32	15	33	21	8	19	14	8	91
29792381_zpid	29792381_zpid	10473	655 Soundview Ave, Bronx, NY 10473	40.818835	-73.86386	0.257870949019	3	0.429244297471	2	1.44594100134	0	2	1.5	1840	430000	90	1960	1955	67	14	25	25	21	26	16	7	26	11	9	92
30735088_zpid	30735088_zpid	11223	2033 Stillwell Ave, Brooklyn, NY 11223	40.5971239	-73.9849694	0.131638572013	10	0.185335283928	7	0.169930849838	2	4	5.5	4920	1450000	30	1999	1931	20	11	6	13	5	21	22	37	12	4	2	37
30742585_zpid	30742585_zpid	11229	1921 E 28th St, Brooklyn, NY 11229	40.6043209	-73.9444053	0.191116242088	3	0.483121958573	2	1.12295407965	0	5	2	1512	590000	24	1800	1930	22	16	9	20	8	26	41	13	28	1	3	89
30748321_zpid	30748321_zpid	11235	2472 E 28th St, Brooklyn, NY 11235	40.591808	-73.942509	0.177051906298	13	0.24808873921	3	1.12615493524	0	3	2.5	2548	655000	29	2025	1946	55	16	16	12	8	24	24	29	22	2	1	67
30600732_zpid	30600732_zpid	11233	1905 Fulton St, Brooklyn, NY 11233	40.678992	-73.920305	0.311440576999	2	0.296729062946	1	0.105892376628	1	6	2	3500	350000	6	1969	1901	174	29	117	140	94	35	38	16	58	70	29	217
30789418_zpid	30789418_zpid	11235	7 Brighton 1st Ct, Brooklyn, NY 11235	40.5784531	-73.9661364	0.165020830034	8	0.248035181809	9	0.311094745076	2	2	2	784	475000	16	1481	1901	416	160	252	320	232	208	128	68	176	76	84	892
30789418_zpid	30789418_zpid	11235	7 Brighton 1st Ct, Brooklyn, NY 11235	40.5784531	-73.9661364	0.165020830034	7	0.248035181809	9	0.311094745076	2	2	2	784	475000	16	1481	1901	416	160	252	320	232	208	128	68	176	76	84	892
30620265_zpid	30620265_zpid	11222	1093 Lorimer St, Brooklyn, NY 11222	40.7279089	-73.954426	0.0380867873262	16	0.115098764886	4	0.250930723695	2	3	1.5	2500	2100000	5	1275	1899	65	86	23	49	27	46	36	28	21	14	14	190
30782065_zpid	30782065_zpid	11234	2050 E 67th St, Brooklyn, NY 11234	40.618335	-73.911253	0.112947677273	7	0.197733204542	1	3.25100112408	0	3	1.75	1260	435000	145	2000	1930	17	9	12	14	7	23	25	10	21	3	5	71
29789917_zpid	29789917_zpid	10470	414 E 241st St, Bronx, NY 10470	40.901792	-73.864885	0.158262464031	4	0.536844086373	1	0.734816748111	1	4	1.5	1900	389000	9	2250	1920	43	16	5	19	9	22	11	17	10	4	4	58
30636757_zpid	30636757_zpid	11207	230 Sunnyside Ave, Brooklyn, NY 11207	40.682726	-73.889152	0.441549940104	6	0.407055350401	4	0.490763571841	2	3	1.5	1140	482300	109	2200	1899	51	29	35	36	30	44	29	17	29	11	5	85
30666680_zpid	30666680_zpid	11218	125 Stratford Rd, Brooklyn, NY 11218	40.64566	-73.9687639	0.229033531099	10	0.595363498827	2	0.393956646359	4	7	4	2865	2375000	0	5000	1899	76	29	38	56	48	29	17	15	20	20	6	118
30634090_zpid	30634090_zpid	11207	345 Liberty Ave, Brooklyn, NY 11207	40.6744621	-73.8971753	0.176034750073	6	0.335943519513	7	0.053703003876	9	3	2	2000	540000	1	1600	1901	66	13	58	75	49	37	39	20	19	29	11	130
30773285_zpid	30773285_zpid	11236	954 E 95th St, Brooklyn, NY 11236	40.64638	-73.906978	0.264708282731	4	1.00474706425	0	0.434198166239	1	3	2.5	1216	309000	16	2	1925	41	7	25	33	18	54	27	5	7	21	7	91
30732221_zpid	30732221_zpid	11224	3746 Bayview Ave, Brooklyn, NY 11224	40.580574	-74.005683	0.452896670397	1	0.476485256851	1	2.06891535082	0	4	2	1520	450000	66	2000	1985	96	28	16	48	16	4	40	8	32	4	8	92
30792957_zpid	30792957_zpid	11229	2283 Plumb 1st St, Brooklyn, NY 11229	40.597376	-73.932231	0.455556022042	6	0.455556241943	1	1.95263913961	0	2	1	868	296640	62	1800	1930	68	72	4	28	8	36	92	32	68	12	8	180
30598102_zpid	30598102_zpid	11233	2280 Atlantic Ave, Brooklyn, NY 11233	40.675962	-73.909863	0.138755432775	7	0.140555208802	3	0.291891278467	6	7	6	1536	500000	100	1655	1901	211	20	126	170	112	40	32	22	54	71	30	193
64679744_zpid	64679744_zpid	10453	1737 Grand Ave, Bronx, NY 10453	40.849532	-73.913623	0.27986399386	10	0.217099347154	7	0.193479393887	6	7	2	3240	26500	108	1742	1920	647	57	267	273	267	127	38	19	103	83	24	396
30644225_zpid	30644225_zpid	11208	387 Grant Ave, Brooklyn, NY 11208	40.68135	-73.86656	0.392593410791	7	0.306952318855	10	0.496002754706	3	5	2.5	1360	480100	6	1969	1910	108	29	49	65	42	51	23	10	72	28	6	182
30728349_zpid	30728349_zpid	11229	1814 E 17th St, Brooklyn, NY 11229	40.605571	-73.956055	0.308221350881	4	0.49944759558	5	0.37616638821	2	6	4	3014	965000	17	2000	1930	720	152	240	236	252	328	232	120	96	80	32	776
30728349_zpid	30728349_zpid	11229	1814 E 17th St, Brooklyn, NY 11229	40.605571	-73.956055	0.308221350881	4	0.49944759558	6	0.37616638821	2	6	4	3014	965000	17	2000	1930	720	152	240	236	252	328	232	120	96	80	32	776
30778887_zpid	30778887_zpid	11236	1639 E 91st St, Brooklyn, NY 11236	40.631606	-73.894675	0.383347574496	7	0.177576628774	4	1.7814102016	0	3	1.5	1216	453000	5	2000	1925	36	7	15	14	6	32	16	13	16	6	3	52
30773789_zpid	30773789_zpid	11236	10413 Glenwood Rd, Brooklyn, NY 11236	40.648953	-73.896906	0.27472111376	4	0.259873690158	3	0.282784019227	2	5	3	1404	425000	15	1890	1925	92	24	64	60	8	84	44	12	52	16	16	268
30773789_zpid	30773789_zpid	11236	10413 Glenwood Rd, Brooklyn, NY 11236	40.648953	-73.896906	0.0297178555657	5	0.259873690158	3	0.282784019227	2	5	3	1404	425000	15	1890	1925	92	24	64	60	8	84	44	12	52	16	16	268
30721400_zpid	30721400_zpid	11223	1782 W 11th St, Brooklyn, NY 11223	40.603412	-73.983903	0.252711922579	9	0.505012000148	5	0.305380342876	2	3	2	1588	860000	7	2700	1915	66	26	29	18	22	56	22	40	15	8	5	84
29836421_zpid	29836421_zpid	10466	4035 Amundson Ave, Bronx, NY 10466	40.892438	-73.837095	0.495351131111	2	0.637220624324	4	0.69985495204	1	3	3	2340	439999	0	2500	1932	46	4	15	24	3	58	26	13	27	9	4	61
29851348_zpid	29851348_zpid	10475	3556 Ropes Ave, Bronx, NY 10475	40.889564	-73.818867	0.933949897077	0	0.323366197358	1	1.01686866972	0	7	5	3300	655000	8	9579	1969	0	0	0	1	0	2	2	1	0	0	1	1
29812779_zpid	29812779_zpid	10460	1714 Garfield St, Bronx, NY 10460	40.842963	-73.8681749	0.409982756935	5	0.539459876312	3	0.462993887514	2	5	2	2440	3900000	8	2500	1920	133	16	37	40	43	42	14	10	24	27	23	97
30612772_zpid	30612772_zpid	11238	390 Lafayette Ave, Brooklyn, NY 11238	40.688691	-73.959621	0.222489092918	10	0.216999082703	8	0.0429752010738	3	1	1	2688	639619	96	1190	1899	63	74	35	59	29	12	18	12	29	10	17	90
30674420_zpid	30674420_zpid	11218	552 E 3rd St, Brooklyn, NY 11218	40.638621	-73.976792	0.337029034885	8	0.0878937078054	11	0.304904095418	2	6	2.5	2600	1175000	7	2550	1925	187	55	76	88	66	89	44	106	32	20	6	228
30604221_zpid	30604221_zpid	11221	788 Putnam Ave, Brooklyn, NY 11221	40.686054	-73.930342	0.0680183509306	9	0.0617493906552	3	0.745443612626	1	4	3	2558	1500000	0	1873	1899	135	31	64	114	76	34	22	7	22	41	24	164
30762689_zpid	30762689_zpid	11234	1165 E 59th St, Brooklyn, NY 11234	40.624772	-73.918526	0.251438525911	6	0.568601922737	2	2.61855018442	0	3	1.5	2660	263000	219	2358	1955	76	24	88	56	52	208	68	124	76	56	24	416
29794239_zpid	29794239_zpid	10472	1072 Colgate Ave, Bronx, NY 10472	40.825128	-73.880942	0.164872471936	7	0.278048640137	3	0.413360730441	3	4	2.5	1860	315000	34	2500	1950	463	30	143	154	134	35	24	6	37	58	11	252
30610949_zpid	30610949_zpid	11216	136 Macon St, Brooklyn, NY 11216	40.681295	-73.945474	0.180090243372	11	0.159927565498	7	0.367276509427	3	9	5	3760	1750000	4	2000	1910	262	111	122	180	131	43	45	18	60	74	31	281
112504755_zpid	112504755_zpid	10469	938 E 219th St, Bronx, NY 10469	40.881079	-73.855819	0.500602251112	7	0.654061323271	1	0.656654725694	1	6	5	2000	519307	53	2714	2011	77	8	35	41	31	45	5	4	25	11	6	71
29781349_zpid	29781349_zpid	10474	528 Barretto St, Bronx, NY 10474	40.81086	-73.888096	0.0214500339212	3	0.520528786702	3	0.913444334289	0	7	2	2640	395000	131	2500	1935	44	9	41	42	33	15	18	2	16	8	6	88
30641588_zpid	30641588_zpid	11208	2 Cypress Ct, Brooklyn, NY 11208	40.6875467	-73.8732297	0.297749737195	5	0.14908845025	5	0.272637326905	3	6	5	2400	499000	98	1932	1935	86	35	58	73	43	64	38	15	46	39	7	170
30765083_zpid	30765083_zpid	11234	1739 Kimball St, Brooklyn, NY 11234	40.615859	-73.932811	0.220443443764	6	0.497210473145	3	2.25521682822	0	3	1.5	936	565000	47	3000	1920	7	43	2	12	2	29	30	17	22	3	2	94
29833134_zpid	29833134_zpid	10466	909 E 229th St, Bronx, NY 10466	40.888889	-73.85268	0.205314925351	8	0.480683256339	4	0.626291530837	2	5	2	1704	549000	0	6398	1910	125	17	56	50	40	96	22	6	30	24	18	102
30705638_zpid	30705638_zpid	11204	1776 74th St, Brooklyn, NY 11204	40.6140929	-73.996016	0.125344390692	16	0.0971038556456	7	0.393764461001	2	6	3.5	1870	1250000	4	4000	1930	76	44	32	156	32	148	92	76	40	20	20	260
30705638_zpid	30705638_zpid	11204	1776 74th St, Brooklyn, NY 11204	40.6140929	-73.996016	0.125344390692	15	0.0971038556456	7	0.393764461001	2	6	3.5	1870	1250000	4	4000	1930	76	44	32	156	32	148	92	76	40	20	20	260
30773152_zpid	30773152_zpid	11236	1013 E 92nd St, Brooklyn, NY 11236	40.644341	-73.908006	0.0502067983511	3	0.848434724565	0	0.580221236458	1	2	1.5	994	385840	113	1947	1960	196	36	120	132	72	248	136	28	52	88	32	484
29817435_zpid	29817435_zpid	10462	1913 Muliner Ave, Bronx, NY 10462	40.849352	-73.862139	0.204507240854	11	0.375641999759	4	0.535201462079	2	4	2.5	1584	400000	32	2785	1955	265	23	79	73	50	75	44	25	31	24	14	148
2099932645_zpid	2099932645_zpid	10466	3879 Amundson Ave # 1, Bronx, NY 10466	40.888717	-73.835674	0.483834962976	2	0.383071555028	4	0.409950909024	1	4	3	1500	449000	0	2000	1957	41	6	16	22	5	46	25	12	26	8	2	66
30605794_zpid	30605794_zpid	11233	490 Macdonough St, Brooklyn, NY 11233	40.6827699	-73.9267758	0.326333857686	6	0.42476034517	3	0.505096278841	2	4	3	2584	1560000	11	2000	1899	140	73	107	130	81	16	13	13	49	45	24	203
29821259_zpid	29821259_zpid	10469	2509 Tenbroeck Ave, Bronx, NY 10469	40.863245	-73.853222	0.522713540187	2	0.371713879007	3	0.523193358883	1	3	2	1564	310000	50	2091	1950	24	10	7	10	5	42	27	15	27	5	6	63
29835240_zpid	29835240_zpid	10466	3953 Hill Ave, Bronx, NY 10466	40.890095	-73.839042	0.740964242892	1	0.395206750535	4	0.719065100523	1	5	2.5	2035	250000	2	2661	1932	50	8	12	18	5	57	24	13	28	13	5	64
30720361_zpid	30720361_zpid	11223	1619 W 11th St, Brooklyn, NY 11223	40.6069985	-73.984086	0.202181889568	8	0.47046296976	5	0.465562853711	2	5	2.5	2088	725000	24	2225	1920	212	56	92	52	76	156	56	60	40	16	12	228
