30705895_zpid	30705895_zpid	11228	1158 Bay Ridge Pkwy, Brooklyn, NY 11228	40.621924	-74.010658	0.330329165507	7	0.369251889074	2	1.02988090351	0	3	3	2000	955000	4	1799	1915	9	13	2	23	3	41	47	37	19	2	4	67
30765422_zpid	30765422_zpid	11234	1690 E 52nd St, Brooklyn, NY 11234	40.618162	-73.925121	0.0916486705633	11	0.645579582111	1	2.5077733296	0	2	2	864	408100	114	2000	1920	13	50	5	6	10	31	28	22	18	6	7	139
30573483_zpid	30573483_zpid	11231	373 Van Brunt St, Brooklyn, NY 11231	40.676332	-74.0136689	0.48499750798	1	0.352492570277	3	1.39768687513	0	5	4	3345	700000	106	1900	1899	22	46	6	17	1	6	29	4	8	5	2	57
30571245_zpid	30571245_zpid	11201	10 Wyckoff St, Brooklyn, NY 11201	40.686791	-73.99327	0.0778629096583	16	0.306610879756	4	0.215610642982	4	5	4	2100	2800000	27	1349	1899	37	78	10	52	5	31	54	31	21	11	7	186
30743305_zpid	30743305_zpid	11229	2078 E 22nd St, Brooklyn, NY 11229	40.6004999	-73.949915	0.133558567561	2	0.401883767564	5	0.525571032869	2	7	3	2600	250100	188	3000	1930	86	36	29	30	42	75	54	20	28	13	8	169
30580574_zpid	30580574_zpid	11218	575 20th St, Brooklyn, NY 11218	40.6550439	-73.981016	0.415008381667	8	0.350145809667	3	0.630231234185	2	5	3	3000	1350000	19	2003	1930	1	7	8	7	4	9	11	14	7	0	2	26
30679559_zpid	30679559_zpid	11204	2137 58th St, Brooklyn, NY 11204	40.618759	-73.978331	0.339520552236	7	0.578243300315	3	0.34238059996	3	3	2	2370	660000	12	1742	1935	18	5	3	15	10	19	22	23	15	4	4	52
30791196_zpid	30791196_zpid	11235	118 Langham St, Brooklyn, NY 11235	40.580315	-73.94143	0.820398212022	0	1.23724189097	0	1.30155442817	0	6	4	2922	2800000	0	6000	1940	24	7	5	17	11	16	20	5	17	1	1	33
30699105_zpid	30699105_zpid	11209	157 85th St, Brooklyn, NY 11209	40.625371	-74.03419	0.323062187705	8	0.64298085275	1	0.57337331314	1	5	2.5	2500	2100000	6	5000	1925	25	28	10	24	8	39	32	24	12	5	1	88
30667363_zpid	30667363_zpid	11218	291 Westminster Rd, Brooklyn, NY 11218	40.6418139	-73.96709	0.287382577315	8	0.255673800154	4	0.287689003761	2	3	2	2716	257000	259	5000	1899	80	39	41	46	23	35	19	23	15	8	6	128
30782905_zpid	30782905_zpid	11234	7421 Avenue W, Brooklyn, NY 11234	40.6180603	-73.9015331	0.763949583813	0	0.671958712509	1	3.183148709	0	3	2	1696	969000	0	4800	1920	2	7	2	7	2	6	19	6	14	1	3	40
30631223_zpid	30631223_zpid	11207	38 Furman Ave, Brooklyn, NY 11207	40.682148	-73.906642	0.108387634322	4	0.224999328691	3	0.127964803498	6	4	1	3000	125000	275	2000	1910	64	21	51	70	50	13	20	14	15	24	8	123
30729748_zpid	30729748_zpid	11214	72 Bay 35th St, Brooklyn, NY 11214	40.59841	-73.9917959	0.205215160661	9	0.237275019903	7	0.426499506332	2	5	3	2350	1188000	0	1933	1965	97	17	34	46	35	83	47	30	25	15	3	133
29782912_zpid	29782912_zpid	10456	1389 Clinton Ave, Bronx, NY 10456	40.83374	-73.899395	0.1626997868	6	0.30483189776	6	0.752190829966	0	7	2	1770	399000	61	1769	1901	203	17	72	96	45	22	9	9	13	27	14	134
30631370_zpid	30631370_zpid	11207	33 Marginal St E, Brooklyn, NY 11207	40.679186	-73.8964419	0.274645510883	4	0.306027627986	3	0.307452392314	8	3	2	1575	121680	63	2200	1910	79	28	56	62	41	57	36	35	27	27	8	135
30722582_zpid	30722582_zpid	11223	1836 W 11th St, Brooklyn, NY 11223	40.602035	-73.9836064	0.25260851821	9	0.562726937067	7	0.346093599257	3	7	4	3000	900000	72	3300	1925	59	26	27	16	18	54	24	39	15	7	4	80
30694571_zpid	30694571_zpid	11209	457 74th St, Brooklyn, NY 11209	40.6309169	-74.023061	0.122297088601	18	0.184085540418	5	0.244771963526	2	5	2	2108	958000	9	1818	1915	240	172	164	208	96	172	212	248	100	64	28	640
30651304_zpid	30651304_zpid	11203	53 E 54th St, Brooklyn, NY 11203	40.657854	-73.926836	0.24655259763	12	0.556652736869	4	0.843437820366	0	4	2	2068	550000	3	2200	1945	149	18	57	59	67	59	25	12	17	26	13	118
30763518_zpid	30763518_zpid	11234	5715 Avenue M, Brooklyn, NY 11234	40.622016	-73.919815	0.262017045736	10	0.637864836197	1	2.64160168661	0	4	1	1440	445000	8	1896	1930	8	7	9	8	6	38	27	24	21	7	9	118
30660465_zpid	30660465_zpid	11226	3203 Beverley Rd, Brooklyn, NY 11226	40.645485	-73.946857	0.328186108312	4	0.323964630875	4	0.182696130113	3	4	3	2352	565000	5	1690	1910	203	41	76	88	72	72	27	11	21	36	22	159
30572729_zpid	30572729_zpid	11231	7 2nd St, Brooklyn, NY 11231	40.6794945	-73.994853	0.0319860063285	11	0.649998030056	3	0.144896708207	2	4	4	2425	1700000	47	1930	1920	28	45	14	47	16	20	59	38	27	7	5	156
30794179_zpid	30794179_zpid	11229	115 Canton Ct, Brooklyn, NY 11229	40.590242	-73.924154	0.160528104789	2	1.31466788195	0	2.56337481884	0	2	1	1200	179000	164	1800	1925	1	6	1	16	0	1	29	11	21	1	4	36
30746244_zpid	30746244_zpid	11229	2202 E 28th St, Brooklyn, NY 11229	40.597943	-73.943664	0.168637681498	6	0.232647932656	3	1.01711534022	0	4	2.5	2061	686000	22	1800	1940	68	64	36	52	36	72	144	100	88	12	20	420
30746244_zpid	30746244_zpid	11229	2202 E 28th St, Brooklyn, NY 11229	40.597943	-73.943664	0.168637681498	6	0.232647932656	2	1.01711534022	0	4	2.5	2061	686000	22	1800	1940	68	64	36	52	36	72	144	100	88	12	20	420
30573856_zpid	30573856_zpid	11232	230 20th St, Brooklyn, NY 11232	40.661943	-73.993285	0.0166801473265	11	0.461860619896	3	0.387960570542	2	7	3	1768	1275000	0	1311	1910	27	17	14	20	9	14	17	18	11	7	4	61
30735201_zpid	30735201_zpid	11223	2069 W 12th St, Brooklyn, NY 11223	40.596512	-73.982957	0.314300103415	8	0.26511914194	5	0.340147869592	3	5	4	2550	1040000	23	2550	1925	23	19	8	18	7	31	27	39	13	7	3	52
30696559_zpid	30696559_zpid	11228	7711 Fort Hamilton Pkwy, Brooklyn, NY 11228	40.624415	-74.018016	0.516038709621	10	0.430146853827	4	0.867482163201	0	3	3	1480	800000	19	2559	1925	40	20	36	40	28	84	108	60	44	8	12	120
30774474_zpid	30774474_zpid	11236	1147 E 98th St, Brooklyn, NY 11236	40.643724	-73.898825	0.184711506762	5	0.720032545292	2	0.414327458859	1	5	3	1872	575000	127	2350	1925	244	28	104	84	72	216	76	32	64	80	36	408
30774474_zpid	30774474_zpid	11236	1147 E 98th St, Brooklyn, NY 11236	40.643724	-73.898825	0.184711506762	6	0.720032545292	2	0.414327458859	1	5	3	1872	575000	127	2350	1925	244	28	104	84	72	216	76	32	64	80	36	408
30571693_zpid	30571693_zpid	11231	16 Butler St, Brooklyn, NY 11231	40.684664	-73.994101	0.0880286438187	20	0.4504720384	4	0.319274712183	2	5	4	4083	3500000	0	2500	1901	12	30	12	37	13	13	25	15	21	3	6	102
30726284_zpid	30726284_zpid	11230	1529 E 12th St, Brooklyn, NY 11230	40.6119119	-73.961405	0.320776567763	6	0.169177771388	7	0.471057030535	2	6	1.5	2144	1412500	16	3000	1940	136	60	64	112	80	252	88	112	108	24	8	368
30726284_zpid	30726284_zpid	11230	1529 E 12th St, Brooklyn, NY 11230	40.6119119	-73.961405	0.320776567763	7	0.169177771388	6	0.471057030535	2	6	1.5	2144	1412500	16	3000	1940	136	60	64	112	80	252	88	112	108	24	8	368
30641780_zpid	30641780_zpid	11208	43 Lincoln Ave, Brooklyn, NY 11208	40.689417	-73.870455	0.205147482647	7	0.359035343076	6	0.186207509583	3	4	2	1888	435000	41	2144	1901	49	20	44	54	30	43	27	9	26	23	3	104
30590088_zpid	30590088_zpid	11238	431 Prospect Pl, Brooklyn, NY 11238	40.676451	-73.961839	0.117771930321	13	0.164684131559	6	0.40195385075	6	4	3	2367	1999000	0	2185	1901	213	217	89	108	102	51	41	48	55	43	18	251
29794111_zpid	29794111_zpid	10473	828 Havemeyer Ave, Bronx, NY 10473	40.8242975	-73.8459044	0.519939138676	3	0.482471546105	2	1.21319919729	0	4	2	1900	386666	37	1300	1930	18	9	12	6	5	22	9	3	9	4	4	41
30604856_zpid	30604856_zpid	11233	523 Halsey St, Brooklyn, NY 11233	40.684076	-73.931833	0.0672080286158	7	0.221048823168	4	0.53275261971	1	6	2.5	2856	999000	3	1437	1927	106	59	70	104	50	16	22	10	28	26	20	142
62647078_zpid	62647078_zpid	11233	1020 Herkimer St, Brooklyn, NY 11233	40.677763	-73.919743	0.166955194022	2	0.36018756054	2	0.184793619654	1	5	2	2700	785000	4	1960	2002	188	22	131	149	102	34	36	14	53	67	29	225
30771867_zpid	30771867_zpid	11236	8509 Avenue N, Brooklyn, NY 11236	40.630082	-73.900364	0.723136389866	2	0.469281912677	1	1.84905236889	0	5	3	1800	540000	16	2400	1960	196	28	76	92	40	212	92	40	104	28	36	276
30615656_zpid	30615656_zpid	11217	163 Dekalb Ave, Brooklyn, NY 11217	40.689396	-73.973496	0.0803159778868	11	0.342968209373	3	0.251985412377	8	5	2	3200	290000	277	1071	1899	132	148	76	72	36	28	40	56	44	36	24	248
30783376_zpid	30783376_zpid	11234	2451 E 74th St, Brooklyn, NY 11234	40.615631	-73.898801	1.01309758404	0	0.914284691374	0	3.46305765391	0	6	2.75	2970	805000	6	5720	1970	2	10	1	5	0	2	14	5	8	1	2	29
29849402_zpid	29849402_zpid	10465	239 Brinsmade Ave, Bronx, NY 10465	40.815576	-73.820713	0.546707148314	2	0.493795410162	1	3.21491946325	0	3	2	2500	430000	5	2482	1955	18	11	12	5	6	24	18	12	14	7	7	44
30748475_zpid	30748475_zpid	11235	2427 Coyle St, Brooklyn, NY 11235	40.593611	-73.935453	0.0638546463833	8	0.434441094228	3	1.67580552164	0	5	3	2244	668470	108	2000	1955	6	12	9	2	5	3	7	10	5	2	1	51
2099408904_zpid	2099408904_zpid	11214	157 Bay 47 Street #2, Brooklyn, NY 11214	40.588141	-73.98743	0.23368443697	4	0.63265690067	1	0.319474310585	1	6	3	3465	1199000	0	2417	1965	13	9	8	27	6	22	20	23	26	9	4	46
79722940_zpid	79722940_zpid	10467	725 E 211th St, Bronx, NY 10467	40.877645	-73.864641	0.203611678243	7	0.10103185557	2	0.148049888638	4	5	4	2787	499000	0	2787	2009	214	16	77	73	69	47	27	3	37	34	17	156
30781750_zpid	30781750_zpid	11234	2066 E 61st St, Brooklyn, NY 11234	40.615194	-73.915323	0.265697168239	6	0.548968378422	1	3.36355218881	0	3	2	1510	515000	117	827640	1960	8	10	8	7	3	24	18	8	19	1	3	52
59988080_zpid	59988080_zpid	10475	3408 Wright Ave, Bronx, NY 10475	40.880974	-73.8331089	0.683637200715	1	0.307920292384	4	0.437573170445	1	5	5	3300	385000	0	2178	2000	2	1	8	15	7	13	15	8	7	4	2	56
29812842_zpid	29812842_zpid	10462	1731 Victor St, Bronx, NY 10462	40.844445	-73.866938	0.29180011874	7	0.358290166351	2	0.504401922102	2	4	2	2997	456000	94	2997	1901	83	12	45	55	44	55	22	12	16	26	10	111
30764389_zpid	30764389_zpid	11234	4904 Avenue M, Brooklyn, NY 11234	40.6211408	-73.9278822	0.122343259001	9	0.303617680276	2	2.11708313684	0	3	2	1600	350000	144	2000	1955	11	37	3	16	6	42	33	13	17	6	5	144
29818021_zpid	29818021_zpid	10461	1902 Tenbroeck Ave, Bronx, NY 10461	40.8536519	-73.8503	0.467114740498	6	0.748490101319	1	0.724461350224	1	3	1.5	2200	477000	28	2500	1940	25	3	3	9	7	16	24	6	12	4	1	62
30598224_zpid	30598224_zpid	11233	2344 Pacific St, Brooklyn, NY 11233	40.675081	-73.907756	0.259039918137	5	0.327057057582	5	0.394439513606	6	6	3	2280	263000	28	2054	1901	516	40	312	468	296	124	112	52	164	192	84	520
30732186_zpid	30732186_zpid	11224	3861 Ocean View Ave, Brooklyn, NY 11224	40.5801572	-74.0087201	0.200761143376	1	0.652474833372	1	2.3206573194	0	3	2	1890	650000	50	4400	1960	9	5	2	11	4	1	12	0	9	1	2	14
30732924_zpid	30732924_zpid	11224	2814 W 35th St, Brooklyn, NY 11224	40.576671	-74.001327	0.629654059501	1	0.0942675059597	2	1.70101760912	0	4	2	2532	662500	24	3563	1901	204	80	56	140	52	20	88	40	68	56	4	244
30737632_zpid	30737632_zpid	11223	2277 W 6th St, Brooklyn, NY 11223	40.592536	-73.976411	0.465511261934	6	0.191786341699	3	0.155134922242	5	7	5	3220	945000	18	2291	1930	35	14	9	21	8	41	23	35	23	6	7	89
30607943_zpid	30607943_zpid	11216	228 Tompkins Ave, Brooklyn, NY 11216	40.691019	-73.945759	0.237644275448	11	0.345694120305	4	0.507082515936	2	5	2.5	2750	275000	32	1667	1899	268	108	108	184	144	48	44	20	60	80	56	276
30570362_zpid	30570362_zpid	11231	87 Woodhull St, Brooklyn, NY 11231	40.6811264	-74.0015646	0.229765360861	14	0.293654090261	3	0.611772744901	1	7	4	3280	1194000	74	2200	1900	30	50	24	52	16	17	52	37	17	9	13	171
30738821_zpid	30738821_zpid	11223	2366 E 2nd St, Brooklyn, NY 11223	40.591493	-73.968807	0.0762721958925	6	0.626464430913	1	0.505153537038	2	3	2	1456	749000	5	2000	1920	172	44	68	108	40	164	152	136	56	20	12	372
89069446_zpid	89069446_zpid	10456	791 E 169TH St, Bronx, NY 10456	40.8304979	-73.8989385	0.185275074973	6	0.206483528303	9	0.599485801044	1	5	2	1441	439282	22	1244	1986	159	13	81	96	59	37	7	8	14	29	16	138
29853630_zpid	29853630_zpid	10471	443 W 259th St, Bronx, NY 10471	40.906972	-73.90337	0.0588506626078	4	0.126672947702	3	0.964256753558	0	4	3	1810	874900	0	3240	1920	12	12	3	10	6	13	34	8	15	4	7	51
29831675_zpid	29831675_zpid	10466	687 E 224th St, Bronx, NY 10466	40.887479	-73.861287	0.25141805037	5	0.0951960992492	2	0.0999594992031	3	5	4	3030	511500	9	3030	1910	289	21	100	126	111	65	21	7	40	64	13	186
30566825_zpid	30566825_zpid	11217	243 Dean St, Brooklyn, NY 11217	40.685234	-73.9840509	0.150296671192	10	0.482392629918	2	0.414098979515	9	4	2	4000	4995000	0	2100	1852	55	89	12	45	14	39	59	26	27	18	16	185
30763299_zpid	30763299_zpid	11234	1458 E 54th St, Brooklyn, NY 11234	40.622095	-73.923586	0.116393009928	9	0.344040937144	1	2.35804601135	0	3	1.5	756	355000	0	1800	1925	40	124	24	48	32	164	116	64	80	36	36	464
30651641_zpid	30651641_zpid	11212	213 E 95th St, Brooklyn, NY 11212	40.661074	-73.922514	0.107042453228	10	0.264452502745	7	0.410767708355	2	8	4	3198	432500	16	3250	1931	574	23	204	214	184	55	26	10	45	78	31	306
30588056_zpid	30588056_zpid	11215	661 10th St, Brooklyn, NY 11215	40.664852	-73.978594	0.0981323114746	14	0.403882140133	3	0.214067847276	2	1	1	3928	2825000	35	1804	1910	44	48	18	33	14	12	45	30	18	6	8	126
30719305_zpid	30719305_zpid	11204	1527 W 9th St, Brooklyn, NY 11204	40.6095726	-73.9826967	0.0719268078639	13	0.166152697068	7	0.266165695866	2	3	2	1344	754000	18	2000	1930	572	116	148	212	256	296	92	132	72	48	32	532
30719305_zpid	30719305_zpid	11204	1527 W 9th St, Brooklyn, NY 11204	40.6095726	-73.9826967	0.0719268078639	14	0.166152697068	7	0.266165695866	2	3	2	1344	754000	18	2000	1930	572	116	148	212	256	296	92	132	72	48	32	532
30701516_zpid	30701516_zpid	11209	9308 Fort Hamilton Pkwy, Brooklyn, NY 11209	40.6163839	-74.028412	0.0827740626014	10	0.240480560906	5	0.239922201742	2	5	2	2040	990000	7	2906	1915	324	104	80	100	88	208	116	80	16	28	20	532
30745339_zpid	30745339_zpid	11229	2145 Ford St, Brooklyn, NY 11229	40.5997569	-73.937612	0.378017823785	7	0.344098374185	4	1.54903005241	0	3	2	1632	505000	15	1783	1940	25	9	9	11	7	7	32	13	16	2	2	66
30602991_zpid	30602991_zpid	11221	89 Malcolm X Blvd, Brooklyn, NY 11221	40.69067	-73.930323	0.254196202003	9	0.348537211223	3	0.323568261759	2	3	3	3300	539000	130	1600	1899	197	73	104	136	119	55	33	18	37	63	41	281
30669990_zpid	30669990_zpid	11230	1110 Ocean Ave, Brooklyn, NY 11230	40.635303	-73.95857	0.289913355747	11	0.309438035391	4	0.357594410319	2	6	4.5	4232	770000	82	5575	1899	53	11	42	41	49	19	13	4	6	10	1	51
30794113_zpid	30794113_zpid	11229	44 Noel Ave, Brooklyn, NY 11229	40.587919	-73.923335	0.246474139472	2	1.42998796253	0	2.60793684278	0	6	2	2160	92000	265	3600	1945	2	3	1	15	0	1	32	11	24	2	5	41
30573289_zpid	30573289_zpid	11231	82 Pioneer St, Brooklyn, NY 11231	40.678142	-74.009507	0.201159594508	4	0.171831354106	3	1.10579296202	0	2	1.5	2040	1300000	20	1667	1899	31	57	15	27	12	14	32	9	11	11	3	76
30633852_zpid	30633852_zpid	11207	47 Wyona St, Brooklyn, NY 11207	40.678225	-73.89428	0.165782447127	5	0.183544251183	5	0.230254949109	4	6	2.5	1871	550000	14	2500	1910	105	34	72	90	65	72	49	39	40	31	14	166
62635876_zpid	62635876_zpid	10465	222 Outlook Ave, Bronx, NY 10465	40.846167	-73.815389	1.22189630611	0	0.893921659042	0	1.24016088253	0	5	4	3393	849000	0	2879	2002	1	1	0	3	0	10	13	9	5	1	0	25
30626394_zpid	30626394_zpid	11221	601 Van Buren St, Brooklyn, NY 11221	40.692711	-73.925877	0.174823952758	9	0.168514786893	4	0.257654177837	3	6	4	2232	1235000	10	2000	1901	198	73	84	109	105	52	42	22	48	41	26	303
30694964_zpid	30694964_zpid	11209	438 74th St, Brooklyn, NY 11209	40.6308455	-74.0237884	0.143951850804	18	0.188820998462	5	0.190380239276	2	3	2.5	2640	908800	28	1698	1899	64	42	41	53	29	47	56	63	25	17	8	177
30634853_zpid	30634853_zpid	11207	474 Miller Ave, Brooklyn, NY 11207	40.668762	-73.890516	0.208438238114	8	0.438271578911	6	0.39256900815	4	5	2.5	2000	479000	136	2000	2004	155	22	111	118	125	24	45	7	51	54	20	229
64442988_zpid	64442988_zpid	11234	6605 Avenue N, Brooklyn, NY 11234	40.621086	-73.914266	0.248842261986	7	0.593001131382	1	3.03333460132	0	3	2	1800	449202	134	2327	2004	16	6	4	10	2	24	27	21	19	4	7	93
30717243_zpid	30717243_zpid	11230	1213 E 9th St, Brooklyn, NY 11230	40.61938	-73.965825	0.111547185721	6	0.211820578584	7	0.577327224651	1	6	3	2552	1599000	0	3000	1925	440	48	128	200	164	168	232	64	108	48	16	520
30655038_zpid	30655038_zpid	11203	346 E 57th St, Brooklyn, NY 11203	40.6473746	-73.9233661	0.32133214217	8	0.658607521244	2	1.67616047004	0	4	2	2090	255000	153	2500	1930	66	8	22	22	22	28	26	7	10	15	8	87
30772252_zpid	30772252_zpid	11236	1460 E 86th St, Brooklyn, NY 11236	40.628931	-73.89879	0.829881366429	0	0.485222247188	1	1.98977688611	0	5	3	2268	276000	205	1800	1960	124	24	52	64	20	156	80	28	88	20	28	188
30793403_zpid	30793403_zpid	11229	13 Opal Ct, Brooklyn, NY 11229	40.5864819	-73.924436	0.430226782531	1	1.39451252795	0	2.51282322291	0	2	1	810	210000	23	1800	1949	2	3	1	14	0	0	31	11	18	2	5	39
29784409_zpid	29784409_zpid	10458	511 E 183rd St, Bronx, NY 10458	40.8549538	-73.891946	0.0350038740677	12	0.333000640491	6	0.734480467391	1	7	3	4560	154000	135	2010	1901	349	64	135	150	145	17	27	11	34	51	22	227
30613564_zpid	30613564_zpid	11238	84 Lexington Ave, Brooklyn, NY 11238	40.68654	-73.958631	0.332742661786	13	0.366319391384	7	0.286710080917	5	8	4	2880	2075000	25	3500	1901	420	416	272	348	216	80	136	60	152	60	116	516
62635360_zpid	62635360_zpid	10454	439 E 142nd St, Bronx, NY 10454	40.811272	-73.919565	0.41030702617	5	0.282343402822	6	0.3926489471	3	3	1	3972	330750	153	3252	2000	213	28	103	120	107	9	15	11	29	29	15	204
30782899_zpid	30782899_zpid	11234	2250 E 74th St, Brooklyn, NY 11234	40.618485	-73.902646	0.676521802042	1	0.588253871559	1	3.13647970503	0	5	5	2500	550000	188	4000	1984	4	6	5	10	2	13	20	7	14	2	4	42
29834379_zpid	29834379_zpid	10466	1147 E 223rd St, Bronx, NY 10466	40.8823915	-73.8483935	0.100273505033	7	0.17989252443	4	0.92985682232	0	3	3	1534	347500	12	1799	1955	148	28	60	36	36	132	20	4	80	28	12	128
30730660_zpid	30730660_zpid	11214	8701 26th Ave, Brooklyn, NY 11214	40.594315	-73.986918	0.379351759144	8	0.354829160009	5	0.377336752752	3	4	2	1540	752500	13	2000	1945	60	28	20	68	16	60	96	96	64	24	16	204
30586296_zpid	30586296_zpid	11215	458 7th Ave, Brooklyn, NY 11215	40.662973	-73.985178	0.108810334031	17	0.217616162545	7	0.519548345219	3	6	3	2565	2400000	6	1178	1899	67	72	28	63	26	40	61	25	25	10	13	158
30626923_zpid	30626923_zpid	11237	271 Bleecker St, Brooklyn, NY 11237	40.699533	-73.917232	0.109640554196	10	0.311893649419	6	0.230500101569	4	4	1	3120	650000	35	2000	1899	218	105	166	211	146	39	35	26	95	78	31	353
30608554_zpid	30608554_zpid	11221	405 Throop Ave, Brooklyn, NY 11221	40.688939	-73.9421238	0.301930497904	9	0.175313107792	3	0.807663348618	0	6	3	3025	685000	16	1800	1899	198	53	101	144	101	29	32	13	40	53	27	230
30652924_zpid	30652924_zpid	11203	361 E 51st St, Brooklyn, NY 11203	40.652956	-73.929207	0.166056759799	9	0.186610860324	3	1.42339809405	0	5	2	1800	369000	0	2000	1910	241	26	96	96	106	78	38	8	37	43	19	211
94716339_zpid	94716339_zpid	11208	194 Fountain Ave, Brooklyn, NY 11208	40.675406	-73.8756551	0.214890242254	8	0.148158861551	5	0.299654765546	2	7	5	3640	1700	8	2000	2009	672	80	352	404	284	220	200	32	172	196	64	772
30781546_zpid	30781546_zpid	11234	1407 E 70th St, Brooklyn, NY 11234	40.622379	-73.911128	0.548024798699	5	0.590269705975	1	2.81365297295	0	4	2	1504	669000	0	2450	1984	120	12	44	52	20	200	92	88	96	20	28	316
79727654_zpid	79727654_zpid	11238	735 Dean St APT 3B, Brooklyn, NY 11238	40.6798791	-73.9658489	0.185565722906	13	0.398197215994	5	0.421074322458	3	1	1	750	640000	26	2400	1930	108	161	39	75	46	43	41	41	40	15	18	195
30762698_zpid	30762698_zpid	11234	1139 E 59th St, Brooklyn, NY 11234	40.625383	-73.918593	0.275581828324	6	0.500362541337	2	2.59064592229	0	6	4	2525	670000	122	2356	1955	88	28	88	56	52	208	76	124	68	68	24	396
30587316_zpid	30587316_zpid	11215	546 1st St, Brooklyn, NY 11215	40.669975	-73.9744769	0.334851962247	11	0.550158848726	1	0.642008458938	2	5	2.5	4600	3400000	26	2100	1910	120	136	28	88	44	48	232	120	80	24	32	564
29844218_zpid	29844218_zpid	10465	1530 Stadium Ave, Bronx, NY 10465	40.845149	-73.820009	0.819973651857	0	0.492824305922	1	1.05181320672	0	3	3	1836	529000	0	2500	1975	4	44	16	16	0	60	124	68	36	4	0	136
30733998_zpid	30733998_zpid	11224	3822 Atlantic Ave, Brooklyn, NY 11224	40.5735389	-74.005357	0.774230751026	0	0.517953047807	1	2.085048941	0	3	3.5	2057	280000	251	3000	1965	29	7	8	27	4	3	12	6	6	4	0	30
83048461_zpid	83048461_zpid	11221	635 Lexington Ave, Brooklyn, NY 11221	40.689649	-73.935777	0.372831686765	9	0.375551700753	4	0.717229651712	1	3	2	1100	387000	76	2000	2005	816	180	460	664	400	156	136	68	152	240	152	964
83048461_zpid	83048461_zpid	11221	635 Lexington Ave, Brooklyn, NY 11221	40.689649	-73.935777	0.372831686765	11	0.375551700753	4	0.717229651712	1	3	2	1100	387000	76	2000	2005	816	180	460	664	400	156	136	68	152	240	152	964
29822162_zpid	29822162_zpid	10469	1523 Fielding St, Bronx, NY 10469	40.863756	-73.842509	0.212788927256	3	0.62819497249	1	0.720403085868	1	3	2.5	2149	350000	85	2247	1940	17	11	5	9	2	19	22	14	16	2	4	55
30752565_zpid	30752565_zpid	11210	3109 Avenue K, Brooklyn, NY 11210	40.624753	-73.945106	0.144987640096	3	0.390940227224	2	0.924952378071	0	3	1	1417	421500	49	2000	1925	120	14	54	47	39	77	47	21	36	15	5	123
29819540_zpid	29819540_zpid	10469	2303 Tenbroeck Ave, Bronx, NY 10469	40.8600799	-73.8532695	0.516338339864	4	0.454169830145	2	0.22896001351	1	3	3	1260	455000	21	2805	1989	11	5	5	7	6	20	24	14	17	4	5	50
29847005_zpid	29847005_zpid	10465	3167 Wissman Ave, Bronx, NY 10465	40.82095	-73.807444	0.122599912035	1	0.893428732948	0	3.52448915654	0	2	2	910	275100	113	5400	1940	68	48	12	20	8	28	36	36	40	12	8	132
