30768241_zpid	30768241_zpid	11236	617 E 87th St, Brooklyn, NY 11236	40.641571	-73.9108509	0.340818788912	5	0.575791614259	3	0.947723875385	0	5	2.5	2457	550000	80	5998	1935	45	6	28	21	11	57	29	9	24	15	7	119
30618626_zpid	30618626_zpid	11211	224 N 6th St, Brooklyn, NY 11211	40.715784	-73.9563919	0.186706498057	12	0.27024253667	4	0.243449454489	3	4	3	1358	2300000	2	2500	1899	328	856	120	328	112	148	196	84	80	72	80	940
30618626_zpid	30618626_zpid	11211	224 N 6th St, Brooklyn, NY 11211	40.715784	-73.9563919	0.186706498057	15	0.27024253667	4	0.243449454489	3	4	3	1358	2300000	2	2500	1899	328	856	120	328	112	148	196	84	80	72	80	940
30566304_zpid	30566304_zpid	11201	142 Lawrence St, Brooklyn, NY 11201	40.6919018	-73.9864621	0.259180080439	15	0.34903668796	5	0.0782428325752	10	1	1	3860	495000	311	1150	1905	43	86	7	46	11	8	75	37	31	2	10	256
30793727_zpid	30793727_zpid	11229	41 Bartlett Pl, Brooklyn, NY 11229	40.58944	-73.926239	0.339664010494	2	1.15236407479	0	2.37685662892	0	4	3	2100	875000	0	3360	1940	2	6	1	15	1	1	28	11	20	1	3	35
30733625_zpid	30733625_zpid	11224	2825 W 16th St, Brooklyn, NY 11224	40.578355	-73.9836909	0.192263632375	2	0.503539692294	5	0.23232310031	2	3	1	900	550000	35	4748	2015	224	32	92	140	104	60	108	52	48	68	16	328
30684933_zpid	30684933_zpid	11219	4709 Fort Hamilton Pkwy, Brooklyn, NY 11219	40.63893	-73.996247	0.265595532727	7	0.371090972191	9	0.275458000977	2	4	4	3240	940000	21	1872	1910	300	68	176	276	224	152	288	248	152	84	32	636
30638001_zpid	30638001_zpid	11207	125 Van Siclen Ave, Brooklyn, NY 11207	40.6773049	-73.891204	0.252086183193	6	0.276261738223	5	0.0633143979468	5	7	4	3124	540000	123	2000	2005	114	43	85	96	55	100	43	36	49	44	13	215
30595461_zpid	30595461_zpid	11225	207 Lincoln Rd, Brooklyn, NY 11225	40.661479	-73.955663	0.39680838908	8	0.39747907961	8	0.430056303406	3	4	2	2820	2100000	1	2050	1905	526	112	203	161	167	27	40	19	52	64	22	298
30742368_zpid	30742368_zpid	11229	1930 E 27th St, Brooklyn, NY 11229	40.603964	-73.945773	0.311225250354	2	0.482571591412	2	1.00318548188	0	3	2	1600	294000	213	2400	1935	88	60	52	92	28	144	144	60	112	4	8	424
29784616_zpid	29784616_zpid	10457	2054 Arthur Ave, Bronx, NY 10457	40.848245	-73.8919109	0.286678253413	11	0.368712392065	3	0.668343991908	1	5	2	1168	389000	0	1790	1930	294	59	140	148	126	30	17	15	50	57	24	273
29793598_zpid	29793598_zpid	10473	2029 Turnbull Ave, Bronx, NY 10473	40.823559	-73.854082	0.445250587528	4	0.391967975133	3	1.209716154	0	3	1	2009	274900	62	2060	1940	77	23	24	24	17	16	18	5	13	8	5	74
30692593_zpid	30692593_zpid	11220	542 Bay Ridge Ave, Brooklyn, NY 11220	40.632717	-74.0199219	0.0898119480751	14	0.377768938011	6	0.38461713782	2	3	3.5	1216	650000	31	1951	1920	120	100	44	56	44	80	124	52	40	28	20	292
30637555_zpid	30637555_zpid	11208	93 Shepherd Ave, Brooklyn, NY 11208	40.682643	-73.88216	0.159234039236	7	0.228454600487	3	0.225606949621	3	5	2	1992	100000	191	2038	1910	320	136	196	212	212	192	124	92	140	84	56	604
30571030_zpid	30571030_zpid	11201	106 Bergen St, Brooklyn, NY 11201	40.686104	-73.989687	0.0699228201885	15	0.454277420295	3	0.0992898842759	7	4	4	2520	2700000	2	1808	1899	33	70	9	43	8	18	30	21	16	6	7	142
30691403_zpid	30691403_zpid	11220	229 67th St, Brooklyn, NY 11220	40.638423	-74.026115	0.17516166665	11	0.304183393006	3	0.448894421557	1	4	4	2400	600000	57	1594	1915	68	22	39	43	36	29	31	31	14	19	5	89
30637383_zpid	30637383_zpid	11208	100 Ridgewood Ave, Brooklyn, NY 11208	40.682528	-73.885109	0.351492481359	5	0.309161981755	5	0.290042259261	2	3	3	1609	391000	20	2000	1920	64	17	34	35	37	38	24	18	26	18	11	103
30570621_zpid	30570621_zpid	11231	37 4th Pl, Brooklyn, NY 11231	40.678806	-74.000479	0.215647988585	12	0.439986019298	3	0.541413178979	2	3	2.5	2520	2745000	0	2000	1899	152	180	88	164	60	72	232	108	48	44	44	688
30570621_zpid	30570621_zpid	11231	37 4th Pl, Brooklyn, NY 11231	40.678806	-74.000479	0.215647988585	13	0.439986019298	3	0.541413178979	2	3	2.5	2520	2745000	0	2000	1899	152	180	88	164	60	72	232	108	48	44	44	688
29828001_zpid	29828001_zpid	10469	1029 E 211th St, Bronx, NY 10469	40.87551	-73.856898	0.14522552438	6	0.786088351678	0	0.830710358049	0	4	2	1848	482000	124	2482	1945	60	4	31	51	30	49	21	8	33	24	16	85
30733343_zpid	30733343_zpid	11224	2313 Mermaid Ave, Brooklyn, NY 11224	40.5762209	-73.990579	0.563215368574	3	0.262973088013	4	0.801445433674	0	1	1	3246	75000	139	1967	1932	85	11	48	49	30	8	18	6	18	27	6	100
30659730_zpid	30659730_zpid	11203	3907 Snyder Ave, Brooklyn, NY 11203	40.6496353	-73.9404624	0.19131158575	3	0.373937411311	2	0.781287151088	0	3	2	1500	449000	0	1200	1920	101	19	70	65	63	50	14	7	24	27	5	106
30734447_zpid	30734447_zpid	11223	1923 W 9th St, Brooklyn, NY 11223	40.6002321	-73.9809081	0.0922839136037	8	0.473525972836	5	0.34168075834	3	3	1	1649	660000	7	1600	1925	144	76	72	100	68	264	120	188	76	28	24	304
30734447_zpid	30734447_zpid	11223	1923 W 9th St, Brooklyn, NY 11223	40.6002321	-73.9809081	0.0922839136037	10	0.473525972836	5	0.34168075834	3	3	1	1649	660000	7	1600	1925	144	76	72	100	68	264	120	188	76	28	24	304
30749653_zpid	30749653_zpid	11235	2611 E 11th St, Brooklyn, NY 11235	40.587003	-73.959068	0.106117472887	8	0.353469218582	4	0.415506908748	1	4	2	1824	940000	4	2660	1950	380	64	84	180	116	216	160	112	128	64	44	456
30749653_zpid	30749653_zpid	11235	2611 E 11th St, Brooklyn, NY 11235	40.587003	-73.959068	0.106117472887	8	0.222308713475	5	0.415506908748	1	4	2	1824	940000	4	2660	1950	380	64	84	180	116	216	160	112	128	64	44	456
29826107_zpid	29826107_zpid	10469	3312A Paulding Ave, Bronx, NY 10469	40.873465	-73.8581279	0.106420688811	8	0.772122961689	0	0.796033606562	0	3	2	1575	300000	58	1785	1950	55	4	28	27	20	45	29	6	34	21	12	67
30570940_zpid	30570940_zpid	11231	146 W 9th St, Brooklyn, NY 11231	40.675338	-74.000367	0.137787370415	8	0.313662416787	2	0.274026050263	1	1	1	1995	820000	55	1313	1901	22	27	8	14	10	17	37	8	10	8	7	104
30669121_zpid	30669121_zpid	11226	466 E 25th St, Brooklyn, NY 11226	40.638891	-73.953384	0.14830874226	5	0.117791897905	4	0.436821509288	1	9	5	3630	720000	116	4800	1899	382	91	178	170	186	51	31	15	45	84	13	292
30650719_zpid	30650719_zpid	11203	141 E 51st St, Brooklyn, NY 11203	40.658733	-73.929828	0.167717992215	11	0.516917114524	5	0.899780906517	0	10	4	2667	580000	113	26	1950	121	16	57	45	58	52	25	12	15	28	15	116
30602162_zpid	30602162_zpid	11221	473 Kosciuszko St, Brooklyn, NY 11221	40.692587	-73.9362	0.351918732858	10	0.448160657476	6	0.516334019122	2	4	4	2430	1250000	4	1800	1931	148	64	73	105	89	39	28	15	26	49	38	196
30586355_zpid	30586355_zpid	11215	157 Prospect Ave, Brooklyn, NY 11215	40.6661875	-73.9936156	0.138865089529	10	0.538755737345	1	0.106567186514	4	3	3	1848	860000	2	1312	1899	48	49	14	36	17	21	45	9	22	13	8	137
30624375_zpid	30624375_zpid	11206	24 Scholes St, Brooklyn, NY 11206	40.7079639	-73.9495479	0.26441668477	15	0.170467715173	8	0.275970729436	6	4	2	2640	50000	235	2500	1920	36	51	16	35	26	10	20	9	14	7	3	86
29851833_zpid	29851833_zpid	10463	3058 Independence Ave, Bronx, NY 10463	40.883646	-73.916417	0.526614001552	6	0.635964134727	1	0.735719444724	1	4	3.5	2500	810000	129	2482	1986	23	11	2	15	10	16	31	12	8	1	1	40
30602435_zpid	30602435_zpid	11221	1025 Lafayette Ave, Brooklyn, NY 11221	40.692449	-73.930789	0.178877555383	11	0.26461490998	4	0.194088345257	3	4	2	1698	770000	11	1615	1993	155	91	83	116	106	52	36	17	34	53	42	266
30594980_zpid	30594980_zpid	11225	177 Sterling St, Brooklyn, NY 11225	40.663083	-73.955188	0.360624813188	10	0.380010687435	5	0.368271428667	3	3	3	2128	1075000	0	2000	1910	471	89	184	157	175	18	36	19	49	70	21	282
30767565_zpid	30767565_zpid	11234	748 E 58th St, Brooklyn, NY 11234	40.636789	-73.921307	0.187454657902	4	0.449795526737	2	1.97663887819	0	2	2	2376	546000	30	2200	1960	16	7	1	8	3	15	11	5	10	2	1	32
30659712_zpid	30659712_zpid	11203	3901 Snyder Ave, Brooklyn, NY 11203	40.6496247	-73.9406728	0.182890543093	5	0.360117178152	1	0.763996981879	0	4	3	1200	360400	137	20	1920	101	19	73	69	63	58	14	7	24	29	6	107
30609592_zpid	30609592_zpid	11216	360 Tompkins Ave, Brooklyn, NY 11216	40.685096	-73.944573	0.0992486145563	9	0.357493478179	8	0.655909787318	2	5	3	2400	1999999	0	1700	1915	592	204	364	520	388	76	124	68	192	220	80	820
30584955_zpid	30584955_zpid	11215	147 11th St, Brooklyn, NY 11215	40.670815	-73.992628	0.320782313761	11	0.571329253031	3	0.242220216791	4	3	1	1050	1380000	0	2500	1901	172	180	84	144	80	104	204	104	84	56	44	532
30791872_zpid	30791872_zpid	11235	2620 Voorhies Ave, Brooklyn, NY 11235	40.586739	-73.942424	0.326259067839	5	0.564311562224	1	0.991873498718	0	7	4.5	3116	987250	25	6000	1930	100	40	60	104	48	148	96	112	140	12	24	380
30791872_zpid	30791872_zpid	11235	2620 Voorhies Ave, Brooklyn, NY 11235	40.586739	-73.942424	0.326259067839	4	0.564311562224	1	0.991873498718	0	7	4.5	3116	987250	25	6000	1930	100	40	60	104	48	148	96	112	140	12	24	380
30608192_zpid	30608192_zpid	11216	312 Clifton Pl, Brooklyn, NY 11216	40.688782	-73.952094	0.233727419958	11	0.37417959358	6	0.136603994323	2	5	2.5	3600	1300000	14	2000	1900	119	68	69	95	62	32	25	13	27	35	33	197
30699089_zpid	30699089_zpid	11209	130 84th St, Brooklyn, NY 11209	40.625829	-74.034903	0.382662697901	8	0.70887931844	1	0.651468923785	1	3	2	2567	939000	107	2567	1925	24	20	10	21	8	34	28	24	14	4	1	87
30637055_zpid	30637055_zpid	11208	45 Hale Ave, Brooklyn, NY 11208	40.6841447	-73.8807055	0.291870569158	6	0.33603356355	3	0.30958109904	3	5	3	1540	380625	2	3224	1910	85	31	54	62	57	44	28	23	43	24	13	149
30601326_zpid	30601326_zpid	11233	1311 Herkimer St, Brooklyn, NY 11233	40.677692	-73.909979	0.0974632606758	6	0.0812992110626	3	0.111393905628	8	6	6	2922	1280000	4	2000	1905	244	27	167	195	141	49	41	26	62	85	30	225
30604959_zpid	30604959_zpid	11233	713 Halsey St, Brooklyn, NY 11233	40.684987	-73.924004	0.316310207088	9	0.541267381975	5	0.537181930978	3	5	3	3012	999000	25	2000	1899	141	57	95	104	79	13	18	13	41	59	18	188
30597138_zpid	30597138_zpid	11213	1206 Eastern Pkwy, Brooklyn, NY 11213	40.668195	-73.928674	0.282629027055	11	0.293484502916	8	0.368744154539	2	6	3.5	4245	1730000	2	4356	1915	1656	176	972	876	804	152	116	52	164	372	140	1196
30597138_zpid	30597138_zpid	11213	1206 Eastern Pkwy, Brooklyn, NY 11213	40.668195	-73.928674	0.282629027055	13	0.293484502916	8	0.368744154539	2	6	3.5	4245	1730000	2	4356	1915	1656	176	972	876	804	152	116	52	164	372	140	1196
30786261_zpid	30786261_zpid	11234	1874 E 53rd St, Brooklyn, NY 11234	40.612662	-73.923577	0.521232114645	5	1.21702823545	0	2.92725638313	0	5	3	2970	599000	0	2800	1925	14	9	10	9	10	30	29	18	20	5	8	104
30592713_zpid	30592713_zpid	11216	5 Saint Charles Pl, Brooklyn, NY 11216	40.671716	-73.955402	0.162839918332	11	0.448336477505	4	0.257564666158	5	2	1	900	600000	105	1810	1910	660	172	368	420	372	72	96	24	100	148	84	636
30592713_zpid	30592713_zpid	11216	5 Saint Charles Pl, Brooklyn, NY 11216	40.671716	-73.955402	0.162839918332	13	0.448336477505	4	0.257564666158	5	2	1	900	600000	105	1810	1910	660	172	368	420	372	72	96	24	100	148	84	636
30793947_zpid	30793947_zpid	11229	11 Lois Ave, Brooklyn, NY 11229	40.586674	-73.921924	0.369810287995	1	1.58519716099	0	2.7248692841	0	2	2.5	1190	280000	17	1800	1925	2	3	1	13	0	0	29	9	20	2	5	36
29845229_zpid	29845229_zpid	10465	575 Logan Ave, Bronx, NY 10465	40.824966	-73.818571	0.545133687542	1	0.451289703217	2	2.58077281662	0	4	2	1798	351200	140	1800	1960	13	17	6	15	5	13	18	20	13	0	5	60
30674066_zpid	30674066_zpid	11218	273 E 9th St, Brooklyn, NY 11218	40.6418466	-73.970138	0.115989278319	13	0.179426905142	5	0.53751806635	2	3	1.5	1800	1425000	8	1480	1901	620	236	236	292	176	192	140	144	108	68	48	764
30672754_zpid	30672754_zpid	11218	212 E 3rd St, Brooklyn, NY 11218	40.646707	-73.978339	0.178108768272	10	0.276026104122	4	0.317597432451	2	4	3	2224	1286000	16	3000	1925	77	37	22	40	37	30	47	30	20	10	10	143
30664356_zpid	30664356_zpid	11203	4614 Farragut Rd, Brooklyn, NY 11203	40.637005	-73.932211	0.359750520695	7	1.14300850331	0	1.38372043116	0	4	2.5	2000	365000	65	2033	1958	15	8	4	11	9	22	21	5	14	7	5	67
89068649_zpid	89068649_zpid	10466	847 E 226th St, Bronx, NY 10466	40.8872691	-73.8553933	0.134706616615	9	0.442738062777	4	0.424734694463	3	8	6	4556	675000	15	2859	2006	174	12	88	91	62	79	25	10	35	38	18	145
29848221_zpid	29848221_zpid	10465	850 Quincy Ave, Bronx, NY 10465	40.827908	-73.827007	0.363840671086	2	0.339237970287	1	1.89698797971	0	3	2	1400	174000	162	2500	1925	11	12	4	10	3	14	22	19	10	2	6	56
29842373_zpid	29842373_zpid	10461	1500 Mayflower Ave, Bronx, NY 10461	40.840738	-73.834389	0.303572837201	4	0.847271464725	0	0.38407739454	3	3	3	1728	475000	0	3480	1940	72	18	20	19	15	44	26	23	13	9	3	90
30637554_zpid	30637554_zpid	11208	95 Shepherd Ave, Brooklyn, NY 11208	40.682589	-73.882147	0.153897509394	7	0.223330363744	3	0.22111693133	3	7	2	1992	430000	16	2038	1910	324	136	196	212	212	192	124	92	140	84	56	616
29850484_zpid	29850484_zpid	10464	103 Carroll St, Bronx, NY 10464	40.8458789	-73.786601	0.197304680278	3	3.30650186477	0	3.49862579349	0	4	2	1602	419021	0	1711	1960	68	76	24	28	12	4	148	36	28	8	124	188
29850484_zpid	29850484_zpid	10464	103 Carroll St, Bronx, NY 10464	40.8458789	-73.786601	0.197304680278	3	3.0929263713	0	3.49862579349	0	4	2	1602	419021	0	1711	1960	68	76	24	28	12	4	148	36	28	8	124	188
30766928_zpid	30766928_zpid	11236	536 E 84th St, Brooklyn, NY 11236	40.641652	-73.915479	0.619198800862	5	0.735819269143	1	1.27877890311	0	5	3	1296	375000	118	1833	1960	112	20	80	52	24	128	128	36	80	28	24	284
29780118_zpid	29780118_zpid	10459	850 E 167th St, Bronx, NY 10459	40.825967	-73.898059	0.230256106086	5	0.227722164942	5	0.428601762672	3	5	3	1680	480000	4	2299	1993	150	35	97	125	103	18	16	6	27	44	22	196
30667477_zpid	30667477_zpid	11226	1608 Beverley Rd, Brooklyn, NY 11226	40.64419	-73.96369	0.291821823028	9	0.305802198633	4	0.0683869981827	3	3	1	650	330000	32	2300	1938	442	73	268	257	265	28	23	19	62	76	10	343
30585241_zpid	30585241_zpid	11215	427 11th St, Brooklyn, NY 11215	40.666663	-73.9841999	0.187955539364	19	0.15553861264	6	0.331758397153	4	2	2.5	1114	1427427	2	877	1901	76	84	26	68	22	40	71	39	29	20	26	246
30697746_zpid	30697746_zpid	11209	179 81st St, Brooklyn, NY 11209	40.628138	-74.032968	0.287589507686	9	0.300418966549	2	0.654901212762	2	6	3	2082	1895000	0	4373	1920	29	37	13	15	10	35	44	45	11	5	3	83
29827781_zpid	29827781_zpid	10469	936 E 219th St, Bronx, NY 10469	40.8812278	-73.8558323	0.484217763245	7	0.647162246659	2	0.648066673644	1	6	5	2000	519308	53	5706	2011	75	7	32	39	28	41	5	3	25	11	6	70
30744990_zpid	30744990_zpid	11229	2136 E 28th St, Brooklyn, NY 11229	40.599252	-73.943928	0.240832532756	6	0.0969263187545	3	1.01436992387	0	4	2	1782	300000	81	3005	1940	19	17	9	15	9	14	36	13	20	3	5	111
30751948_zpid	30751948_zpid	11210	1740 Flatbush Ave, Brooklyn, NY 11210	40.627662	-73.942649	0.345174563169	5	0.400555498636	2	0.713915291911	1	6	2	3420	1125000	0	1600	1920	153	23	80	61	62	79	41	24	33	20	12	172
30788484_zpid	30788484_zpid	11234	2406 E 65th St, Brooklyn, NY 11234	40.611638	-73.907867	0.633543284022	2	0.637023406407	1	3.93097095669	0	3	2.5	2560	850000	13	6200	1965	1	14	2	5	1	10	7	10	10	1	0	31
29791365_zpid	29791365_zpid	10473	429 Bolton Ave, Bronx, NY 10473	40.814282	-73.857774	0.578914235561	2	0.821256498273	0	2.08931419496	0	4	2	1340	375000	0	2500	1920	38	9	15	36	10	36	11	15	15	20	9	92
30598608_zpid	30598608_zpid	11233	489 Ralph Ave, Brooklyn, NY 11233	40.672503	-73.921931	0.427854322319	4	0.305034504699	3	0.695036024857	1	2	2	1760	670000	19	2058	1910	237	28	130	115	108	17	19	6	37	42	17	175
30641891_zpid	30641891_zpid	11208	66 Grant Ave, Brooklyn, NY 11208	40.689349	-73.869007	0.196637298605	6	0.328941360677	6	0.270550222646	2	6	4	2040	600000	17	2875	1899	46	23	32	45	29	41	23	9	23	19	2	93
30735512_zpid	30735512_zpid	11223	2021 W 7th St, Brooklyn, NY 11223	40.5981064	-73.9786228	0.0966164193474	5	0.252315522751	4	0.0828288313274	5	5	2.5	3480	650000	3	3000	1925	132	92	44	120	36	224	100	184	104	32	24	348
30663571_zpid	30663571_zpid	11203	925 E 45th St, Brooklyn, NY 11203	40.638563	-73.933528	0.340864374549	7	1.14833998982	0	1.26687497288	0	4	2	1785	448000	0	2700	1940	112	40	48	64	48	156	96	28	88	52	24	344
29778807_zpid	29778807_zpid	10456	580 E 168th St, Bronx, NY 10456	40.830243	-73.904011	0.185856594626	6	0.19385712971	7	1.02548710217	0	5	2	1620	520000	2	2975	1901	350	24	131	149	110	48	14	15	26	52	26	247
30613911_zpid	30613911_zpid	11238	52 Downing St, Brooklyn, NY 11238	40.6841549	-73.9612269	0.183269107986	13	0.160292247193	6	0.474649960692	5	2	1	3600	33500	255	2030	1931	142	180	77	126	76	46	58	21	51	19	41	212
30743474_zpid	30743474_zpid	11229	2021 E 23rd St, Brooklyn, NY 11229	40.60139	-73.948544	0.209211195547	4	0.461047234819	3	0.666139738757	1	3	1.5	1700	643000	12	1700	1940	75	22	27	28	34	58	48	20	30	10	6	155
79721378_zpid	79721378_zpid	10467	723 E 211th St, Bronx, NY 10467	40.87766	-73.8647079	0.199216652056	7	0.0959399343287	2	0.142581616233	4	5	4	2787	425000	39	958	2006	212	16	77	73	69	46	26	3	36	34	17	156
30761342_zpid	30761342_zpid	11234	1027 E 57th St, Brooklyn, NY 11234	40.627861	-73.920728	0.280335910379	5	0.268543498708	3	2.34025711522	0	6	2	2472	685000	6	2400	1960	112	40	108	96	84	168	72	88	64	92	24	372
30717936_zpid	30717936_zpid	11230	314 Avenue M, Brooklyn, NY 11230	40.616439	-73.971758	0.0589396857333	7	0.0592675034502	2	0.251768573565	2	6	3	2640	1350000	0	2639	1930	41	8	14	23	19	44	39	24	21	5	5	63
30619041_zpid	30619041_zpid	11211	402 Grand St, Brooklyn, NY 11211	40.7116691	-73.95426	0.14561408905	20	0.274182526822	6	0.316488324194	5	4	1	4425	225000	214	1950	1910	147	354	89	117	80	37	43	26	31	24	26	338
