64701228_zpid	64701228_zpid	11233	2110 Dean St, Brooklyn, NY 11233	40.674874	-73.917743	0.196812239312	2	0.471198881083	4	0.535194132031	2	5	3	2598	313016	133	2144	2003	188	15	115	107	75	23	34	17	51	43	31	180
29791029_zpid	29791029_zpid	10473	324 Stephens Ave, Bronx, NY 10473	40.812511	-73.853636	0.348742371507	1	0.988693783145	0	2.3839856668	0	3	1	1200	187500	161	2243	1920	136	20	72	80	48	84	48	76	44	76	12	264
30591152_zpid	30591152_zpid	11216	1372 Pacific St, Brooklyn, NY 11216	40.677145	-73.944975	0.129421461236	10	0.296139081217	8	0.306514607623	3	7	3	2255	1188888	0	1668	1901	267	50	124	176	137	32	25	8	53	58	27	236
30766930_zpid	30766930_zpid	11236	540 E 84th St, Brooklyn, NY 11236	40.64157	-73.915389	0.607474545773	6	0.725120910087	1	1.27596288559	0	3	1	1800	192000	298	2000	1960	31	5	20	13	8	38	32	9	22	8	6	75
30790250_zpid	30790250_zpid	11235	1123 Ocean View Ave, Brooklyn, NY 11235	40.5794304	-73.9550248	0.156736982016	11	0.320411752308	5	0.563964753027	1	8	3	3410	1300000	4	2450	1940	820	200	184	236	160	212	208	124	168	116	52	620
30790250_zpid	30790250_zpid	11235	1123 Ocean View Ave, Brooklyn, NY 11235	40.5794304	-73.9550248	0.156736982016	9	0.320411752308	5	0.563964753027	1	8	3	3410	1300000	4	2450	1940	820	200	184	236	160	212	208	124	168	116	52	620
30766296_zpid	30766296_zpid	11236	239 E 89th St, Brooklyn, NY 11236	40.648463	-73.916044	0.126660676383	5	0.771457392226	0	1.2156425618	0	8	4	3300	610100	35	2000	1960	15	5	14	12	8	29	22	5	9	10	4	69
30788159_zpid	30788159_zpid	11234	38 Barlow Dr N, Brooklyn, NY 11234	40.610467	-73.905468	0.807674058099	0	0.824232845583	0	4.03989884122	0	5	3	3900	875000	39	7367	1960	0	36	4	16	0	20	36	20	44	8	0	128
29789750_zpid	29789750_zpid	10470	322 E 241st St, Bronx, NY 10470	40.901586	-73.866764	0.350846323394	1	0.473399186064	1	0.764875307172	0	4	1.5	1786	405000	11	3001	1920	53	16	6	19	10	26	11	18	14	6	5	66
30665303_zpid	30665303_zpid	11225	340 Fenimore St, Brooklyn, NY 11225	40.658442	-73.951228	0.130276350654	6	0.180273924008	6	0.173985330231	2	3	4	1680	1365000	0	1724	1920	254	41	107	97	93	39	30	8	31	46	9	175
30670250_zpid	30670250_zpid	11210	1428 Flatbush Ave, Brooklyn, NY 11210	40.635744	-73.95122	0.257162154748	3	0.23273748553	4	0.442894950778	2	4	4	5851	2900000	0	3000	1933	788	136	380	340	336	188	136	76	100	172	24	912
29813175_zpid	29813175_zpid	10462	1757 Bronxdale Ave, Bronx, NY 10462	40.846089	-73.859482	0.0340947013971	9	0.319912916875	4	0.814954171515	0	5	3	2320	370000	21	2308	1920	141	24	37	49	23	64	36	29	28	20	8	108
30674748_zpid	30674748_zpid	11218	321 E 9th St, Brooklyn, NY 11218	40.640805	-73.9699009	0.233358314209	10	0.067139675773	5	0.507837902733	2	1	1	2800	654000	122	1800	1925	748	224	280	304	156	200	136	152	108	64	36	800
30767316_zpid	30767316_zpid	11234	953 E 53rd St, Brooklyn, NY 11234	40.6359629	-73.925434	0.205119222317	4	0.62193004036	1	1.90810969446	0	4	2.5	2155	200000	169	2000	1950	25	7	2	9	3	17	16	6	15	4	1	40
30701116_zpid	30701116_zpid	11209	145 Battery Ave, Brooklyn, NY 11209	40.615651	-74.024402	0.339595336144	7	0.564554859265	3	0.580598261633	1	4	2.5	2722	730000	46	2585	1925	26	11	10	9	8	15	11	4	1	2	1	33
30792168_zpid	30792168_zpid	11235	2930 Voorhies Ave, Brooklyn, NY 11235	40.587106	-73.939024	0.266942137665	7	0.474806816654	1	1.27936002282	0	3	2.5	2000	510000	36	1785	1960	42	8	25	31	17	33	18	27	33	10	5	102
2100851905_zpid	2100851905_zpid	11208	740 Shepherd Avenue, Brooklyn, NY 11208	40.666174	-73.878288	0.18053897368	6	0.328549748958	4	0.458531692279	1	6	3	1560	595000	4	2000	1866	91	9	75	72	55	25	38	9	23	30	16	145
30612747_zpid	30612747_zpid	11238	338 Lafayette Ave, Brooklyn, NY 11238	40.688402	-73.961964	0.348683234587	11	0.338364357488	6	0.168249814025	3	4	4	3506	1830000	34	1875	1905	70	79	40	60	29	19	36	13	31	10	13	105
30726807_zpid	30726807_zpid	11229	1664 E 12th St, Brooklyn, NY 11229	40.608506	-73.96134	0.247185254175	8	0.518832948357	6	0.298475161207	1	6	2	2200	600000	102	2600	1910	272	76	124	124	96	140	64	76	44	44	32	488
30726807_zpid	30726807_zpid	11229	1664 E 12th St, Brooklyn, NY 11229	40.608506	-73.96134	0.247185254175	8	0.518832948357	5	0.298475161207	1	6	2	2200	600000	102	2600	1910	272	76	124	124	96	140	64	76	44	44	32	488
29786945_zpid	29786945_zpid	10463	115 Van Cortlandt Ave W, Bronx, NY 10463	40.884268	-73.893044	0.426160859838	3	0.151209318918	1	0.66013976282	1	3	2.5	2320	380000	54	3746	1940	459	13	35	46	39	19	27	17	19	10	9	81
30759709_zpid	30759709_zpid	11210	1099 E 42nd St, Brooklyn, NY 11210	40.6281109	-73.935308	0.0621342738034	8	0.851580708459	0	1.1672477036	0	6	3	2040	599000	9	2400	1930	29	3	17	27	7	28	25	12	13	8	7	61
30701117_zpid	30701117_zpid	11209	143 Battery Ave, Brooklyn, NY 11209	40.615699	-74.024361	0.340284922458	7	0.559878420654	3	0.583534987937	1	2	1	2142	740000	53	2625	1938	26	11	10	9	8	15	11	4	1	2	1	38
89068642_zpid	89068642_zpid	10461	2842 Roebling Ave, Bronx, NY 10461	40.8426697	-73.8350551	0.0976923780552	6	0.809993688284	0	0.170377663411	3	4	3	3200	526500	26	4800	2008	77	13	22	16	18	31	23	15	13	12	3	99
30647779_zpid	30647779_zpid	11207	188 Malta St, Brooklyn, NY 11207	40.656165	-73.893502	0.573456543721	1	0.590161453853	1	0.562025861732	1	5	2	1760	245000	6	2334	1940	47	6	38	38	20	16	23	12	17	27	6	97
29840160_zpid	29840160_zpid	10470	727 E 242nd St, Bronx, NY 10470	40.905633	-73.848293	0.122070308796	6	0.239817908739	3	0.340995452428	2	6	3	1980	515000	0	2500	1920	107	9	62	54	58	25	18	5	19	18	3	109
29836546_zpid	29836546_zpid	10466	676 E 234th St, Bronx, NY 10466	40.894243	-73.858002	0.288895557841	3	0.130035468374	2	0.12507514292	4	4	3	2280	442000	77	33	1920	234	18	104	77	123	75	26	4	47	46	15	213
30631224_zpid	30631224_zpid	11207	40 Furman Ave, Brooklyn, NY 11207	40.682192	-73.906601	0.102720041428	4	0.227492852378	3	0.123899410909	6	7	2	1000	620000	121	2000	1910	65	21	52	71	50	13	20	14	15	24	9	124
30670710_zpid	30670710_zpid	11218	12 Terrace Pl, Brooklyn, NY 11218	40.653333	-73.9809609	0.391299640098	8	0.478572138779	3	0.589313904232	1	4	3	2452	1025000	41	2000	1948	1	12	8	8	5	15	12	18	8	0	2	32
30574691_zpid	30574691_zpid	11232	435 37th St, Brooklyn, NY 11232	40.653314	-74.003827	0.203156743031	6	0.320832911694	4	0.140751825379	2	4	2	1635	1050000	24	1803	1901	64	51	26	29	31	10	41	15	18	10	7	113
30753795_zpid	30753795_zpid	11230	1767 Ocean Ave, Brooklyn, NY 11230	40.618989	-73.954724	0.0818356490786	3	0.397375573138	3	0.423487698049	1	3	3.5	1296	650000	15	2189	1925	114	19	51	83	52	33	29	16	17	29	5	153
94717207_zpid	94717207_zpid	11239	623 Vandalia Ave, Brooklyn, NY 11239	40.6573371	-73.8699959	0.449398875705	2	0.287475748789	2	1.52907866436	0	2	1	1800	417984	43	1900	2011	1	0	0	0	0	0	1	2	2	0	0	12
30705472_zpid	30705472_zpid	11228	1452 74th St, Brooklyn, NY 11228	40.618576	-74.003452	0.105985201515	9	0.366702464177	3	0.403742592957	2	6	2	2000	133000	56	3000	1930	44	32	44	92	44	164	156	172	56	8	12	336
30733879_zpid	30733879_zpid	11224	5114 Ocean View Ave, Brooklyn, NY 11224	40.580337	-74.01018	0.136613581758	1	0.771798560504	0	2.42552037105	0	5	3	3008	500000	23	3283	1950	28	20	12	44	16	4	28	0	32	4	8	44
30723968_zpid	30723968_zpid	11230	878 E 12th St, Brooklyn, NY 11230	40.627731	-73.964996	0.333324453763	8	0.38421998148	5	0.33134594465	2	8	4.5	3916	725000	34	2000	1950	77	25	39	39	47	57	35	48	20	16	9	133
30781536_zpid	30781536_zpid	11234	1443 E 70th St, Brooklyn, NY 11234	40.621771	-73.910445	0.478164045542	5	0.511992723599	1	2.86354745628	0	5	3.5	2110	500000	15	2916	1984	23	2	10	15	6	44	23	15	25	4	7	77
30697704_zpid	30697704_zpid	11209	8002 Colonial Rd, Brooklyn, NY 11209	40.628995	-74.035003	0.481362894937	7	0.995362633182	0	0.806311268116	0	5	4	2600	937500	168	6933	1925	14	9	2	8	3	27	34	25	9	2	2	50
29813313_zpid	29813313_zpid	10462	1826 Hunt Ave, Bronx, NY 10462	40.846239	-73.86523	0.122771683633	6	0.164960646788	1	0.396112194432	1	6	2	3148	295000	86	2374	1910	118	19	68	79	60	76	35	18	26	29	17	158
29790042_zpid	29790042_zpid	10473	209 Harding Park, Bronx, NY 10473	40.805587	-73.856826	1.14834573275	0	1.79223843207	0	3.02546093081	0	1	2	1040	279000	0	2478	1939	8	6	7	8	5	5	10	5	4	3	2	27
30637532_zpid	30637532_zpid	11208	143 Shepherd Ave, Brooklyn, NY 11208	40.681456	-73.8818639	0.0755829146144	7	0.135260538493	3	0.154140670289	3	5	2.5	2240	420000	61	2000	1930	340	148	240	284	244	200	136	104	152	104	60	696
30624071_zpid	30624071_zpid	11211	3A Maspeth Ave, Brooklyn, NY 11211	40.7150914	-73.9424985	0.177104226783	12	0.176530520571	4	0.143657686935	3	2	2	1000	1050000	0	1194	1910	31	90	17	55	26	34	54	10	31	15	22	192
30670995_zpid	30670995_zpid	11218	68 E 2nd St, Brooklyn, NY 11218	40.650366	-73.9799759	0.231375492784	9	0.636435858143	2	0.360553992284	2	4	3	1552	895000	27	1655	1910	60	92	44	80	48	92	84	84	52	8	12	220
30628333_zpid	30628333_zpid	11221	1110 Putnam Ave, Brooklyn, NY 11221	40.688364	-73.918133	0.0747852411354	8	0.253790076526	4	0.264980138422	2	2	2	2950	664350	110	2000	1905	177	55	97	141	90	37	28	8	54	51	43	195
30695561_zpid	30695561_zpid	11228	978 Bay Ridge Pkwy, Brooklyn, NY 11228	40.624377	-74.0147269	0.423523830338	3	0.300529640404	2	1.08934417037	0	8	4	2700	970000	26	2500	1930	16	10	10	19	7	45	40	25	16	4	4	58
83050115_zpid	83050115_zpid	11217	149 Bergen St, Brooklyn, NY 11217	40.685796	-73.9875409	0.160345869196	13	0.417920629152	2	0.28302286583	7	5	6	4220	700000	136	2000	1920	24	57	5	32	10	27	39	12	13	9	9	88
30715429_zpid	30715429_zpid	11214	1615 Shore Pkwy, Brooklyn, NY 11214	40.596463	-73.99866	0.228368220573	7	0.348638765064	1	0.732461016673	1	4	3	2724	525000	43	2280	1905	400	48	100	160	104	232	88	52	56	40	28	308
30715429_zpid	30715429_zpid	11214	1615 Shore Pkwy, Brooklyn, NY 11214	40.596463	-73.99866	0.228368220573	8	0.348638765064	1	0.732461016673	1	4	3	2724	525000	43	2280	1905	400	48	100	160	104	232	88	52	56	40	28	308
30571262_zpid	30571262_zpid	11201	54 Wyckoff St, Brooklyn, NY 11201	40.686136	-73.991777	0.0940876565669	17	0.382475440778	4	0.0772441044946	5	3	1	781	2742500	105	2500	1900	40	64	10	47	8	18	41	29	16	10	6	156
30641589_zpid	30641589_zpid	11208	4 Cypress Ct, Brooklyn, NY 11208	40.6874908	-73.8732143	0.296790165192	5	0.154336397222	5	0.278459153963	3	8	5	2400	655000	6	2156	1935	348	140	232	296	172	256	156	60	184	156	28	680
30739828_zpid	30739828_zpid	11223	33 Dank Ct, Brooklyn, NY 11223	40.5868115	-73.9731835	0.146903560582	4	0.127120135669	2	0.325380974203	2	6	3	2812	999999	0	1999	1965	67	11	7	13	6	14	29	20	13	1	4	70
30606360_zpid	30606360_zpid	11233	266 Bainbridge St, Brooklyn, NY 11233	40.681288	-73.926364	0.305645425668	7	0.355499341211	3	0.426215892012	2	3	3	1376	750000	3	927	1899	154	70	115	143	93	20	19	13	50	53	27	218
30669044_zpid	30669044_zpid	11226	962 Ocean Ave, Brooklyn, NY 11226	40.638769	-73.959209	0.342393847131	11	0.342013181516	5	0.46273664425	2	3	3	2000	1225000	35	7200	1910	466	108	199	204	197	52	35	26	52	82	10	318
30720196_zpid	30720196_zpid	11230	1573 E 9th St, Brooklyn, NY 11230	40.610555	-73.964149	0.462846771596	8	0.301525043302	2	0.574736983425	1	3	2	1720	630000	19	2000	1925	116	64	56	100	68	168	92	56	80	20	4	356
30626526_zpid	30626526_zpid	11237	443 Harman St, Brooklyn, NY 11237	40.703105	-73.916029	0.146743342965	13	0.218815976687	5	0.216936779463	6	11	3	2040	635000	32	2000	1920	183	82	136	175	129	47	37	27	76	67	28	296
30612690_zpid	30612690_zpid	11238	353 Washington Ave, Brooklyn, NY 11238	40.688002	-73.965405	0.100311444824	12	0.132891689652	4	0.0577516563805	3	3	1.5	1100	65000	256	3751	1920	112	46	62	83	70	29	34	8	33	21	18	126
30758140_zpid	30758140_zpid	11234	1130 E 51st St, Brooklyn, NY 11234	40.633483	-73.927705	0.196396939619	5	0.72781580019	1	1.68581212164	0	2	1	1695	437500	9	2150	1940	29	9	15	22	12	26	21	6	15	14	2	67
30730471_zpid	30730471_zpid	11214	134 Bay 40th St, Brooklyn, NY 11214	40.595025	-73.989334	0.380776457711	8	0.333683954824	4	0.365747500198	1	3	1	1764	728000	22	1740	1965	21	5	14	17	7	34	33	26	21	8	3	73
30608712_zpid	30608712_zpid	11216	767 Marcy Ave, Brooklyn, NY 11216	40.687655	-73.947373	0.127243142752	13	0.339533651807	6	0.438776565576	1	3	1.5	2160	445000	43	1537	1899	146	59	72	107	83	25	36	13	42	47	29	196
30694347_zpid	30694347_zpid	11228	7201 10th Ave, Brooklyn, NY 11228	40.6257639	-74.0121	0.245732214133	5	0.235196422063	5	0.846644805676	0	7	4	2870	980000	3	2000	1940	10	7	5	21	3	43	31	31	10	3	1	68
30659137_zpid	30659137_zpid	11203	174 E 43rd St, Brooklyn, NY 11203	40.651693	-73.937466	0.368088677348	2	0.464226261515	3	1.02705584394	0	3	1	2240	280000	186	2800	1915	134	13	81	64	67	57	24	9	27	31	8	126
30584047_zpid	30584047_zpid	11215	297 6th St, Brooklyn, NY 11215	40.671729	-73.9857789	0.163874676287	14	0.30692446575	4	0.23456652757	3	4	3	45	2350000	21	1667	1910	65	83	31	55	24	34	50	46	30	20	22	203
30696806_zpid	30696806_zpid	11209	240 78th St, Brooklyn, NY 11209	40.629412	-74.030208	0.226904487261	16	0.610951630725	3	0.398603566326	1	5	6.5	5001	1200000	133	5466	1920	65	42	31	22	22	50	43	65	11	12	5	111
29827100_zpid	29827100_zpid	10467	861 E 215th St, Bronx, NY 10467	40.8792989	-73.8591478	0.50762612335	4	0.544710626464	1	0.587866611661	2	4	3	2340	379000	10	2291	1935	588	52	272	308	224	196	32	4	88	160	44	528
30647378_zpid	30647378_zpid	11207	738 Alabama Ave # 1, Brooklyn, NY 11207	40.6580749	-73.893838	0.726482177812	1	0.377893671103	3	0.461364964565	2	5	3	2320	329000	47	2400	1925	91	9	66	71	49	27	40	14	21	40	8	131
30641745_zpid	30641745_zpid	11208	359 Etna St, Brooklyn, NY 11208	40.687774	-73.8706909	0.0840597170739	7	0.33202958067	6	0.28777963626	3	5	2.5	1710	360000	44	1710	1910	78	34	56	73	38	59	36	16	42	33	5	162
30696242_zpid	30696242_zpid	11209	86 77th St, Brooklyn, NY 11209	40.631217	-74.03451	0.433012148699	7	0.79334355792	0	0.77787528575	0	3	2	177	1150000	9	2613	1930	42	8	10	12	11	32	39	81	14	3	1	58
30633978_zpid	30633978_zpid	11207	94 Wyona St, Brooklyn, NY 11207	40.676974	-73.894513	0.275438100531	5	0.310573211734	4	0.260470610125	6	2	1	1722	313635	142	2500	1901	103	32	68	91	48	82	51	51	35	35	14	197
30779389_zpid	30779389_zpid	11236	1466 E 101st St, Brooklyn, NY 11236	40.636082	-73.887369	0.272254281121	6	0.410314990544	2	1.6974223595	0	4	2.5	1560	515000	2	2000	1960	18	8	13	10	0	12	12	8	14	4	2	47
29831700_zpid	29831700_zpid	10466	670 E 225th St, Bronx, NY 10466	40.8879	-73.86157	0.226151275115	6	0.147305545348	2	0.104316218071	3	3	1	2275	555000	113	3049	1915	289	22	98	124	111	71	21	9	39	62	13	184
30781991_zpid	30781991_zpid	11234	1540 E 66th St, Brooklyn, NY 11234	40.618041	-73.912135	0.148628294634	7	0.24684853661	1	3.30156958053	0	5	2.5	1897	409000	7	2000	1930	19	9	12	15	6	21	23	9	19	3	5	72
30592680_zpid	30592680_zpid	11216	19 Saint Francis Pl, Brooklyn, NY 11216	40.671562	-73.956391	0.0963010658364	13	0.485369450166	5	0.17657655006	6	4	3	3232	1250000	12	1810	1910	572	136	352	388	328	68	80	24	84	128	76	516
30592680_zpid	30592680_zpid	11216	19 Saint Francis Pl, Brooklyn, NY 11216	40.671562	-73.956391	0.0963010658364	11	0.485369450166	5	0.17657655006	6	4	3	3232	1250000	12	1810	1910	572	136	352	388	328	68	80	24	84	128	76	516
30634886_zpid	30634886_zpid	11207	395 Pennsylvania Ave, Brooklyn, NY 11207	40.66765	-73.894429	0.14694429211	6	0.186072948615	11	0.337926924117	5	6	3	2000	480000	38	2003	1899	162	18	109	121	116	22	43	10	40	39	15	190
30763947_zpid	30763947_zpid	11234	1627 Kimball St, Brooklyn, NY 11234	40.617711	-73.934888	0.311061140278	8	0.467733434496	3	1.9990130792	0	3	2	1668	604000	1	2000	1920	48	196	44	72	44	172	132	84	92	28	4	544
29828111_zpid	29828111_zpid	10469	1046 E 214th St, Bronx, NY 10469	40.876838	-73.854837	0.340717789595	8	0.601348315074	1	0.975952109895	0	4	3	1800	350000	69	19	1945	71	7	38	71	46	56	12	9	26	26	15	111
30782894_zpid	30782894_zpid	11234	2224 E 74th St, Brooklyn, NY 11234	40.61897	-73.903187	0.643284409406	1	0.56013807248	1	3.083837956	0	4	2	1810	850000	2	6000	1955	11	6	6	10	5	13	18	10	16	3	3	51
30701101_zpid	30701101_zpid	11228	99 Dahlgren Pl, Brooklyn, NY 11228	40.617094	-74.0245149	0.292337241334	8	0.404939890688	4	0.577230236249	2	3	2	1704	899000	0	1361	1920	32	0	12	24	4	28	72	32	20	0	4	72
30731571_zpid	30731571_zpid	11214	141 Bay 47th St, Brooklyn, NY 11214	40.588434	-73.987132	0.209397413299	4	0.65612495662	1	0.288216278761	1	5	3.5	2800	590000	86	3880	1964	13	9	8	26	6	22	20	22	26	9	5	45
29789498_zpid	29789498_zpid	10470	235 E 239th St, Bronx, NY 10470	40.900266	-73.869917	0.479019980891	2	0.386433470257	1	0.803224581287	0	3	2	2784	410000	37	4007	1950	54	12	7	9	6	41	14	15	16	5	3	75
30731969_zpid	30731969_zpid	11214	2760 Cropsey Ave, Brooklyn, NY 11214	40.586756	-73.989171	0.414797185401	4	0.567803714601	1	0.512568974049	1	2	1.5	928	474750	27	1680	1945	12	10	9	22	5	21	21	18	20	7	4	40
30793919_zpid	30793919_zpid	11229	28 Eaton Ct, Brooklyn, NY 11229	40.587231	-73.9215107	0.313459932769	1	1.59938823159	0	2.75993739979	0	3	3	700	399000	15	1800	1925	2	3	1	13	0	0	28	9	20	2	5	36
29854511_zpid	29854511_zpid	10471	5245 Blackstone Ave, Bronx, NY 10471	40.900834	-73.909881	0.765885006054	0	0.706075035115	1	0.500293626928	1	6	4.5	4938	950500	222	20037.600000000002	1957	6	3	2	5	1	2	22	4	5	0	1	17
30639052_zpid	30639052_zpid	11208	174 Atkins Ave, Brooklyn, NY 11208	40.674798	-73.879337	0.280424586119	8	0.210386431581	4	0.140574396505	4	6	3	2760	350000	13	2000	1910	664	100	392	444	336	204	176	56	168	244	88	820
30635286_zpid	30635286_zpid	11212	689 Mother Gaston Blvd, Brooklyn, NY 11212	40.6619979	-73.904556	0.349157837748	4	0.30439720242	7	0.245432315992	4	3	1.5	558	242000	51	1800	1985	39	11	38	29	21	11	23	5	30	10	5	78
30567328_zpid	30567328_zpid	11201	51 Cranberry St, Brooklyn, NY 11201	40.699919	-73.993092	0.115014013614	14	0.262040737063	2	0.152091911154	4	6	4	3924	8650000	0	2508	1829	108	292	52	112	56	44	140	88	72	32	20	392
30663569_zpid	30663569_zpid	11203	929 E 45th St, Brooklyn, NY 11203	40.6384339	-73.933515	0.355260166095	7	1.14014572909	0	1.26981747408	0	5	2	1785	487000	19	2200	1940	112	40	48	64	48	152	92	28	88	48	20	340
30773498_zpid	30773498_zpid	11236	9030 Farragut Rd, Brooklyn, NY 11236	40.643574	-73.908275	0.0444661226747	5	0.851685952255	0	0.641921339367	1	2	2	1292	265000	39	1916	1920	42	9	28	23	16	61	37	8	17	22	8	114
30570497_zpid	30570497_zpid	11231	16 2nd Pl, Brooklyn, NY 11231	40.6801109	-74.000748	0.316857241878	14	0.425824903112	3	0.54574234102	2	7	4	5984	5500000	0	3400	1899	144	188	100	196	68	60	228	128	88	44	52	708
30570497_zpid	30570497_zpid	11231	16 2nd Pl, Brooklyn, NY 11231	40.6801109	-74.000748	0.316857241878	13	0.425824903112	3	0.54574234102	2	7	4	5984	5500000	0	3400	1899	144	188	100	196	68	60	228	128	88	44	52	708
30713509_zpid	30713509_zpid	11214	164 Bay 32nd St, Brooklyn, NY 11214	40.597969	-73.995836	0.26929821786	6	0.328709019808	7	0.471736362226	1	5	2.5	3300	490000	156	2613	1965	113	13	34	45	31	87	36	20	21	13	4	109
30675645_zpid	30675645_zpid	11218	577 E 8th St, Brooklyn, NY 11218	40.635739	-73.969871	0.387188654423	7	0.32672487654	9	0.6023838947	2	8	5	3648	1350000	2	3500	1930	572	136	228	208	128	292	136	244	64	56	40	636
30675645_zpid	30675645_zpid	11218	577 E 8th St, Brooklyn, NY 11218	40.635739	-73.969871	0.387188654423	7	0.32672487654	10	0.6023838947	2	8	5	3648	1350000	2	3500	1930	572	136	228	208	128	292	136	244	64	56	40	636
30734819_zpid	30734819_zpid	11223	121 Van Sicklen St, Brooklyn, NY 11223	40.60132	-73.97411	0.362606200874	5	0.20321697365	3	0.257770892798	4	2	2	1176	575000	13	1785	1930	33	21	15	24	10	70	26	77	29	6	3	101
30740062_zpid	30740062_zpid	11235	2506 Hubbard St, Brooklyn, NY 11235	40.5889348	-73.9635524	0.276516355104	8	0.755085890785	0	0.826211512709	0	4	3	2100	749000	0	1140	1955	21	11	8	15	7	35	37	24	15	7	3	58
30626005_zpid	30626005_zpid	11221	18 Stockholm St, Brooklyn, NY 11221	40.695094	-73.926743	0.316342897124	14	0.233998242285	6	0.261899870194	4	6	3	3150	1200000	3	2482	1901	212	97	80	106	96	58	44	24	47	39	35	291
30761540_zpid	30761540_zpid	11210	3924 Avenue K, Brooklyn, NY 11210	40.625451	-73.937566	0.223666419451	1	0.870210340778	0	1.18342660263	0	4	3	1640	599000	0	2373	1930	65	9	28	34	24	37	37	15	22	12	10	80
30637979_zpid	30637979_zpid	11207	146A Van Siclen Ave, Brooklyn, NY 11207	40.676764	-73.891541	0.31385951295	6	0.319011340161	4	0.113268955728	5	6	3	1720	314000	35	1742	1950	476	164	332	400	240	376	176	136	188	196	56	892
30763681_zpid	30763681_zpid	11234	2246 Ralph Ave, Brooklyn, NY 11234	40.6230339	-73.917969	0.307741658182	5	0.765519139572	0	2.73413761067	0	5	2.5	2340	560000	36	2003	1960	11	8	9	10	6	34	22	20	20	9	7	110
30588246_zpid	30588246_zpid	11215	580 11th St, Brooklyn, NY 11215	40.664174	-73.979996	0.0382380965979	15	0.269797388095	6	0.234890606556	2	6	3.5	2376	2700000	8	1800	1910	53	57	24	41	17	20	50	34	21	6	10	124
