79725777_zpid	79725777_zpid	10472	1557 Bruckner Blvd, Bronx, NY 10472	40.824187	-73.876522	0.208642528516	6	0.300581103094	4	0.537541117888	2	2	1	3054	665000	110	1768	2005	467	45	151	162	147	39	20	3	44	60	18	233
30688421_zpid	30688421_zpid	11219	913 60th St, Brooklyn, NY 11219	40.634098	-74.00672	0.0626200413377	9	0.34198150369	9	0.323293076563	2	6	2.5	1860	700000	47	2003	1905	38	13	17	26	10	47	35	23	13	7	6	75
29786806_zpid	29786806_zpid	10468	2733 Claflin Ave, Bronx, NY 10468	40.869955	-73.9011359	0.161288713395	6	0.148486487924	8	0.413446538332	2	6	2	2670	385000	3	4456	1910	532	34	169	157	183	37	16	12	60	54	20	281
30743135_zpid	30743135_zpid	11229	2074 E 17th St, Brooklyn, NY 11229	40.599431	-73.954915	0.331283345624	9	0.0462914038302	6	0.0869375977907	2	8	3.25	3727	1140000	8	3483	1930	508	128	136	140	208	328	156	84	96	52	20	612
29840960_zpid	29840960_zpid	10465	1179 Ellsworth Ave, Bronx, NY 10465	40.836784	-73.82324	0.32244315796	4	0.292575123079	1	1.35454675288	0	3	1.5	1776	490000	79	2375	1965	6	7	8	5	7	6	26	11	9	4	4	35
30789243_zpid	30789243_zpid	11235	2958 Brighton 5th St, Brooklyn, NY 11235	40.5797396	-73.9634941	0.28785333676	7	0.250418359246	6	0.297467384906	2	2	2	1296	540000	123	900	1940	568	272	292	404	212	300	212	116	180	112	120	1092
30789243_zpid	30789243_zpid	11235	2958 Brighton 5th St, Brooklyn, NY 11235	40.5797396	-73.9634941	0.242010241622	8	0.250418359246	6	0.297467384906	2	2	2	1296	540000	123	900	1940	568	272	292	404	212	300	212	116	180	112	120	1092
29846019_zpid	29846019_zpid	10465	3287 Lafayette Ave, Bronx, NY 10465	40.8335265	-73.8167202	0.339560171385	3	0.366946600368	1	1.99201638655	0	2	1	654	305000	5	1080	1920	6	3	7	8	6	13	20	23	12	4	2	31
30660729_zpid	30660729_zpid	11203	1198 New York Ave, Brooklyn, NY 11203	40.643863	-73.946235	0.281546537655	5	0.216627420158	3	0.268028358898	2	5	3	2100	270000	16	1742	1910	112	5	92	70	77	27	13	6	23	19	14	84
30789630_zpid	30789630_zpid	11235	622 Ocean View Ave, Brooklyn, NY 11235	40.579498	-73.961453	0.114423540884	9	0.113774559425	5	0.204613322701	2	7	4	2520	285000	188	3000	1925	832	272	292	408	244	312	224	124	200	128	120	1188
30789630_zpid	30789630_zpid	11235	622 Ocean View Ave, Brooklyn, NY 11235	40.579498	-73.961453	0.114423540884	10	0.113774559425	5	0.204613322701	2	7	4	2520	285000	188	3000	1925	832	272	292	408	244	312	224	124	200	128	120	1188
29818617_zpid	29818617_zpid	10461	2069 Tenbroeck Ave, Bronx, NY 10461	40.856512	-73.852965	0.254491482398	3	0.776598036217	0	0.335305627196	2	4	4	3600	240000	255	5621	1931	20	2	4	5	2	16	21	9	8	3	2	42
30714029_zpid	30714029_zpid	11214	200 Bay 17th St, Brooklyn, NY 11214	40.603732	-74.007906	0.0785348705844	8	0.10761229874	5	0.702000679436	1	7	6	3484	850000	127	2417	1930	26	22	15	31	6	38	24	51	19	2	4	92
30622956_zpid	30622956_zpid	11211	35 Devoe St, Brooklyn, NY 11211	40.713457	-73.94995	0.0928360012265	16	0.253460337361	5	0.0825536044916	3	4	4	2690	2230000	14	2500	1901	204	592	140	300	152	140	176	72	76	48	52	832
29781950_zpid	29781950_zpid	10453	1685 Townsend Ave, Bronx, NY 10453	40.846098	-73.91265	0.184771406058	8	0.241976752098	7	0.212847944935	3	10	3	2730	535000	17	3325	1920	417	36	179	156	167	62	17	9	44	52	13	232
30735683_zpid	30735683_zpid	11223	224 Lake St, Brooklyn, NY 11223	40.5986	-73.974131	0.316588953392	4	0.449921224487	3	0.289896123442	4	3	3	1620	745000	2	1800	1925	29	20	11	32	9	52	25	67	25	6	7	100
29842449_zpid	29842449_zpid	10461	2829 Maitland Ave, Bronx, NY 10461	40.840882	-73.835987	0.265586778486	3	0.79871817449	0	0.333040466259	3	2	2	1197	349900	77	2613	1933	67	17	19	17	13	41	22	19	11	8	3	82
30637085_zpid	30637085_zpid	11208	82 Norwood Ave, Brooklyn, NY 11208	40.684084	-73.879985	0.296240039965	6	0.328862455627	3	0.297703221088	3	8	3	1948	550000	120	1618	1910	102	30	50	66	52	45	26	20	48	25	11	156
30649597_zpid	30649597_zpid	11208	433 Atkins Ave, Brooklyn, NY 11208	40.667977	-73.876802	0.261274672127	8	0.462370438856	6	0.61285056559	1	8	3	2800	649000	0	2317	1910	384	56	328	364	260	148	148	36	112	176	72	656
30570464_zpid	30570464_zpid	11231	30 Woodhull St, Brooklyn, NY 11231	40.681305	-74.0037679	0.098264808542	13	0.246600770795	4	0.798742827185	0	3	3	1200	425000	162	1875	1899	28	48	20	40	19	12	40	32	7	9	9	126
29789588_zpid	29789588_zpid	10470	358 E 236th St, Bronx, NY 10470	40.898303	-73.865081	0.231488018736	4	0.221749471004	1	0.374760003968	1	3	2	1500	400000	5	2725	1922	288	72	48	96	48	148	52	72	72	24	20	324
30763669_zpid	30763669_zpid	11234	2216 Ralph Ave, Brooklyn, NY 11234	40.623705	-73.918045	0.28209106887	5	0.690562172379	1	2.69922942049	0	5	3	2240	607950	17	2000	1960	15	7	10	10	8	42	23	22	19	12	7	114
30745864_zpid	30745864_zpid	11229	2266 E 22nd St, Brooklyn, NY 11229	40.595871	-73.949051	0.315112271115	8	0.476778488903	5	0.521127142284	2	6	3	2772	560000	83	3101	1925	79	12	30	31	39	46	44	33	28	14	6	124
30788344_zpid	30788344_zpid	11234	2217 E 64th St, Brooklyn, NY 11234	40.614569	-73.9099279	0.267174553425	5	0.300421445904	1	3.63629909494	0	1	1	4320	144547	146	5000	1955	8	48	20	28	16	72	40	32	44	0	12	164
30778775_zpid	30778775_zpid	11236	10541 Flatlands 7th St, Brooklyn, NY 11236	40.641239	-73.885917	0.832631026935	0	0.648929295399	2	1.47463057533	0	4	3	2346	535000	40	4200	1960	15	1	12	12	6	3	12	2	11	3	2	35
30706938_zpid	30706938_zpid	11228	1124 77th St, Brooklyn, NY 11228	40.62123	-74.012569	0.422888750007	4	0.531536513257	2	1.17233593211	0	3	3	2150	899000	4	2000	1920	5	13	2	18	2	39	49	24	19	1	3	51
30763219_zpid	30763219_zpid	11234	1488 E 53rd St, Brooklyn, NY 11234	40.622189	-73.924614	0.0325168283124	11	0.268387398575	1	2.27814916553	0	3	2	1024	390000	5	1800	1925	9	29	6	13	8	44	31	17	17	8	8	118
29790686_zpid	29790686_zpid	10473	244 Newman Ave, Bronx, NY 10473	40.81078	-73.854219	0.534480944897	1	1.18127522564	0	2.55973204006	0	3	1	900	260000	182	2786	1930	32	8	18	18	13	17	13	15	9	18	3	65
30754720_zpid	30754720_zpid	11210	2218 Avenue M, Brooklyn, NY 11210	40.618589	-73.952429	0.246204533806	3	0.575976947643	3	0.598793489216	1	4	2.5	2288	1395000	0	4000	1920	1	1	1	7	0	15	19	11	15	1	4	23
30740654_zpid	30740654_zpid	11235	3030 Coney Island Ave, Brooklyn, NY 11235	40.582469	-73.9603039	0.18711006129	10	0.104874427349	6	0.54109112049	2	6	4	4040	820000	1	2525	1930	780	164	220	292	168	328	216	144	188	112	112	796
30740654_zpid	30740654_zpid	11235	3030 Coney Island Ave, Brooklyn, NY 11235	40.582469	-73.9603039	0.18711006129	11	0.104874427349	6	0.54109112049	2	6	4	4040	820000	1	2525	1930	780	164	220	292	168	328	216	144	188	112	112	796
30575678_zpid	30575678_zpid	11220	622 45th St, Brooklyn, NY 11220	40.645964	-74.0047249	0.341670098447	9	0.298426785053	9	0.555552220987	1	5	2	2832	1200000	10	1999	1910	356	184	184	276	156	184	240	88	84	68	32	724
30589003_zpid	30589003_zpid	11215	413A Prospect Ave, Brooklyn, NY 11215	40.66064	-73.984279	0.165937264244	14	0.116143112934	7	0.373821281642	2	5	3	2034	970000	40	1300	1901	56	50	22	43	27	33	44	20	19	8	12	109
30595935_zpid	30595935_zpid	11213	1289 Saint Marks Ave, Brooklyn, NY 11213	40.674121	-73.926131	0.362243505715	9	0.551588292276	4	0.645106231659	2	3	2	1000	645000	13	1920	1910	564	48	376	396	320	72	44	12	76	128	48	584
30595935_zpid	30595935_zpid	11213	1289 Saint Marks Ave, Brooklyn, NY 11213	40.674121	-73.926131	0.362243505715	10	0.551588292276	4	0.645106231659	2	3	2	1000	645000	13	1920	1910	564	48	376	396	320	72	44	12	76	128	48	584
30789085_zpid	30789085_zpid	11235	2928 Brighton 1st St, Brooklyn, NY 11235	40.5798579	-73.9666388	0.0424174000469	7	0.405402953547	8	0.424970422505	3	4	3	1605	610000	15	2000	1930	320	136	220	284	164	220	132	60	164	60	68	744
30789085_zpid	30789085_zpid	11235	2928 Brighton 1st St, Brooklyn, NY 11235	40.5798579	-73.9666388	0.326755080382	6	0.405402953547	8	0.424970422505	3	4	3	1605	610000	15	2000	1930	320	136	220	284	164	220	132	60	164	60	68	744
30601589_zpid	30601589_zpid	11233	1258 Herkimer St, Brooklyn, NY 11233	40.677352	-73.911909	0.106476771873	6	0.117138531307	3	0.159119441445	5	6	3	2565	395000	38	1653	1901	255	25	177	189	132	54	40	24	63	88	32	237
83048524_zpid	83048524_zpid	11210	1474 New York Ave, Brooklyn, NY 11210	40.636892	-73.945486	0.57118624163	2	0.3369169371	4	0.422166759751	2	8	6	3240	735000	116	2039	2005	308	26	179	165	148	54	35	13	37	62	8	310
29786238_zpid	29786238_zpid	10453	2108 Harrison Ave, Bronx, NY 10453	40.855665	-73.908644	0.36840296025	10	0.418919558247	9	0.259166281394	4	3	3	2340	415000	83	2340	1991	650	30	227	272	266	59	29	21	105	79	29	359
29826547_zpid	29826547_zpid	10467	736 E 211th St, Bronx, NY 10467	40.8772779	-73.864125	0.261820011962	8	0.160635926124	2	0.193271001435	4	7	4	3540	530000	0	2382	1915	832	48	316	284	272	188	100	16	132	136	68	616
83049216_zpid	83049216_zpid	11230	1494 Ocean Ave, Brooklyn, NY 11230	40.6254459	-73.956756	0.385441094778	4	0.375118747916	2	0.340357460336	2	2	1	907	340366	25	13068.0	1922	167	7	72	89	94	30	17	14	15	37	7	153
30742017_zpid	30742017_zpid	11229	1943 E 19th St, Brooklyn, NY 11229	40.602866	-73.952935	0.499534670075	4	0.41626026483	3	0.470762898544	1	4	3	1800	999999	2	3149	1920	488	160	152	144	212	332	244	76	72	40	16	644
30742017_zpid	30742017_zpid	11229	1943 E 19th St, Brooklyn, NY 11229	40.602866	-73.952935	0.499534670075	4	0.409951650308	4	0.470762898544	1	4	3	1800	999999	2	3149	1920	488	160	152	144	212	332	244	76	72	40	16	644
30651598_zpid	30651598_zpid	11212	1100 Winthrop St, Brooklyn, NY 11212	40.661631	-73.923136	0.188287408054	11	0.232760488938	7	0.350058535019	2	7	5	3280	550000	2	2600	1931	548	17	192	212	171	51	23	9	43	72	29	298
30726370_zpid	30726370_zpid	11230	1553 E 14th St, Brooklyn, NY 11230	40.611527	-73.959448	0.348193878629	6	0.325491167067	4	0.346203644761	2	2	1	2881	254000	198	3001	1920	71	19	38	42	30	65	21	32	20	7	2	105
30656775_zpid	30656775_zpid	11203	925 E 49th St, Brooklyn, NY 11203	40.638737	-73.929715	0.404855195899	8	1.0935377969	0	1.58521144716	0	7	2.5	3648	519000	41	4000	1930	68	13	13	22	18	38	28	11	19	10	5	95
30784116_zpid	30784116_zpid	11234	1833 E 37th St, Brooklyn, NY 11234	40.6129559	-73.93329	0.357333016477	3	0.398739238793	1	2.12666428623	0	3	2	1064	161000	272	1800	1925	3	43	2	8	3	20	32	25	32	2	3	63
30788335_zpid	30788335_zpid	11234	2271 E 64th St, Brooklyn, NY 11234	40.6136	-73.908941	0.380257076101	3	0.407048270514	1	3.72800342607	0	4	4	5000	1695000	0	5000	1955	0	12	4	6	2	11	8	10	12	0	1	48
30793908_zpid	30793908_zpid	11229	44 Dare Ct, Brooklyn, NY 11229	40.5880112	-73.9218778	0.222376057643	2	1.54656048487	0	2.73145820141	0	3	1	936	360000	21	2700	1925	2	3	1	13	0	0	31	10	24	2	5	38
30763559_zpid	30763559_zpid	11234	1298 E 58th St, Brooklyn, NY 11234	40.622829	-73.91983	0.187916516877	8	0.614733497079	1	2.6004247278	0	5	2.5	1440	493000	25	3000	1960	11	7	9	9	8	35	27	22	19	8	10	116
30762054_zpid	30762054_zpid	11234	4610 Flatlands Ave, Brooklyn, NY 11234	40.623784	-73.930986	0.0503730870031	9	0.337121547496	2	1.73077732371	0	4	3	1542	540000	6	2143	1950	140	72	56	80	76	184	136	100	68	24	4	440
30643527_zpid	30643527_zpid	11208	3460 Fulton St, Brooklyn, NY 11208	40.684588	-73.867909	0.374493044901	9	0.0569788972672	8	0.519732731038	2	6	2	2460	302172	73	2178	1920	75	29	46	68	41	50	23	10	48	32	5	151
29826792_zpid	29826792_zpid	10467	729 E 217th St, Bronx, NY 10467	40.881968	-73.862261	0.115477600774	4	0.490730484179	2	0.211805218105	3	4	1	3724	296000	5	3770	1920	226	16	103	114	101	82	19	3	45	62	16	208
30665706_zpid	30665706_zpid	11226	37 Saint Pauls Pl, Brooklyn, NY 11226	40.653013	-73.963301	0.22166768294	11	0.259956059014	5	0.278048582498	2	1	1	3140	225000	215	2991	1899	412	73	233	239	218	25	38	27	49	73	14	343
30698775_zpid	30698775_zpid	11209	114 83rd St, Brooklyn, NY 11209	40.626616	-74.03506	0.410251296174	7	0.508240760407	1	0.712829197392	1	3	3	2620	555000	219	3000	1930	25	20	10	16	10	27	33	24	12	6	2	83
30717207_zpid	30717207_zpid	11230	1260 E 10th St, Brooklyn, NY 11230	40.618411	-73.965279	0.124816548592	6	0.229440251524	6	0.504634747481	1	5	2.5	1417	820000	47	2308	1910	108	8	29	44	38	47	59	18	29	10	3	135
30575521_zpid	30575521_zpid	11220	242 45th St, Brooklyn, NY 11220	40.6511126	-74.0130499	0.114828626178	7	0.290529273443	8	0.353041423189	2	4	2	2400	695000	20	1736	1910	29	15	25	37	14	12	26	7	15	8	4	66
30698585_zpid	30698585_zpid	11209	472 82nd St, Brooklyn, NY 11209	40.624459	-74.025474	0.0630677322967	14	0.0563256302473	4	0.316143294914	2	7	3	3192	1375000	0	2400	1910	136	60	44	52	41	42	36	35	13	32	5	225
30589517_zpid	30589517_zpid	11238	590 Dean St, Brooklyn, NY 11238	40.680444	-73.970574	0.203707204942	18	0.368444367446	6	0.373694639399	6	3	2	2800	800000	104	1779	1910	356	256	152	204	116	68	136	64	76	48	52	488
30605534_zpid	30605534_zpid	11233	449 Macdonough St, Brooklyn, NY 11233	40.68303	-73.928082	0.230058553119	7	0.324970641723	3	0.465270219263	2	4	4	3024	1545000	11	1758	1899	134	69	98	119	71	15	14	12	47	40	23	187
79715388_zpid	79715388_zpid	11233	2317 Dean St, Brooklyn, NY 11233	40.674861	-73.9107499	0.152225387451	8	0.17805293601	5	0.404194167844	5	7	3.5	3300	685000	7	1050	2005	211	17	126	161	101	41	34	20	50	69	28	182
30770873_zpid	30770873_zpid	11236	18 Paerdegat 9th St, Brooklyn, NY 11236	40.629328	-73.905924	0.89395685506	0	0.908937862836	0	1.95918422224	0	1	1	2375	525000	14	1983	1965	172	12	44	80	32	204	64	20	88	12	24	156
30731738_zpid	30731738_zpid	11214	2534 W 15th St, Brooklyn, NY 11214	40.5859493	-73.9844255	0.255504576815	3	0.35682037642	1	0.326709424185	1	3	2	1500	750000	11	5000	1901	28	20	36	68	12	56	52	40	44	20	8	116
30732309_zpid	30732309_zpid	11224	3716 Polar St, Brooklyn, NY 11224	40.580022	-74.004435	0.539187336809	1	0.362209110931	1	1.98293294789	0	5	2	2000	500000	70	2003	1983	164	40	44	116	48	12	52	12	44	40	8	172
30773733_zpid	30773733_zpid	11236	9726 Farragut Rd, Brooklyn, NY 11236	40.646856	-73.9031399	0.0801724991247	4	0.678119375781	1	0.111244614762	2	3	2	1184	144000	277	2000	1930	40	8	24	30	16	62	17	10	8	20	8	80
30744205_zpid	30744205_zpid	11229	2055 Coyle St, Brooklyn, NY 11229	40.601897	-73.93699	0.234130412915	4	0.260515459018	3	1.6266382601	0	4	3	2268	570000	29	1742	1930	24	8	9	9	6	13	35	14	12	0	3	58
29785756_zpid	29785756_zpid	10457	2021 Valentine Ave, Bronx, NY 10457	40.851048	-73.9007479	0.155456718622	10	0.0511045049392	8	0.383786294005	4	3	2	1360	225000	136	1635	1901	438	45	196	182	183	34	26	18	67	67	29	313
30780347_zpid	30780347_zpid	11234	1263 E 69th St, Brooklyn, NY 11234	40.624283	-73.914377	0.530201638468	4	0.732798711638	1	2.70584732871	0	8	8	1298	600000	46	4650	1975	80	16	36	48	28	208	60	92	64	36	24	340
30744250_zpid	30744250_zpid	11229	2077 Bragg St, Brooklyn, NY 11229	40.601466	-73.936002	0.160659849884	4	0.168305666407	3	1.70142587337	0	3	2.5	1782	610000	6	1440	1935	15	7	5	7	4	12	33	16	12	0	3	50
64498064_zpid	64498064_zpid	11207	637 Livonia Ave, Brooklyn, NY 11207	40.6650009	-73.893536	0.333340448698	3	0.11446684694	8	0.121768030345	3	8	3	3520	630000	128	20	2004	242	19	150	143	167	26	51	11	50	67	16	270
30732288_zpid	30732288_zpid	11224	4407 Sea Gate Ave, Brooklyn, NY 11224	40.5796455	-74.0059952	0.402413161405	1	0.42654143617	1	2.10819581543	0	5	4	1922	628000	0	3010	1930	30	9	5	18	6	2	15	2	10	2	2	34
30636542_zpid	30636542_zpid	11207	171 Sunnyside Ave, Brooklyn, NY 11207	40.6824	-73.891165	0.368659019983	3	0.273275588501	4	0.51571764371	2	4	2	2383	302000	138	3293	1910	66	28	42	43	30	54	38	34	31	14	7	94
30606927_zpid	30606927_zpid	11206	881 Myrtle Ave, Brooklyn, NY 11206	40.6958089	-73.9474539	0.189514660348	8	0.508246082362	6	0.136747236679	4	3	2	1200	190000	28	1900	1920	103	37	71	105	50	56	20	44	29	30	30	159
30659823_zpid	30659823_zpid	11203	226 E 43rd St, Brooklyn, NY 11203	40.6503101	-73.9372727	0.386428926766	2	0.464635061113	3	1.04071623173	0	3	2	2000	425000	9	2000	1925	130	12	74	61	66	44	16	3	28	26	9	111
29835089_zpid	29835089_zpid	10466	3631 Provost Ave, Bronx, NY 10466	40.887168	-73.828604	0.222041869102	2	0.287890342482	2	0.226051690938	1	3	2	1152	289800	47	3702	1952	15	7	8	12	0	13	18	12	10	2	1	47
30773074_zpid	30773074_zpid	11236	919 E 94th St, Brooklyn, NY 11236	40.647044	-73.908269	0.342254745372	4	0.932409607188	0	0.543899816679	1	7	4	1915	475000	10	1454	1965	31	6	19	31	16	42	26	7	9	18	6	83
30718639_zpid	30718639_zpid	11230	1619 Mcdonald Ave, Brooklyn, NY 11230	40.6133874	-73.9735642	0.0557806488349	8	0.399899063661	4	0.20229409209	3	3	1	1900	80000	309	2128	1931	31	7	12	24	13	46	24	22	11	7	5	70
29791394_zpid	29791394_zpid	10473	456 Bolton Ave, Bronx, NY 10473	40.815103	-73.857388	0.542848644067	2	0.735423898827	1	2.01941403665	0	2	1.5	857	315000	81	1089000	1920	33	9	10	28	9	31	14	14	17	16	7	79
30761858_zpid	30761858_zpid	11234	2066 E 41st St, Brooklyn, NY 11234	40.623136	-73.933856	0.19622279665	8	0.208277410455	2	1.58825615853	0	3	2	1283	150000	228	1833	1925	160	44	72	88	92	120	108	88	60	24	0	412
30606977_zpid	30606977_zpid	11206	39 Vernon Ave, Brooklyn, NY 11206	40.694682	-73.950646	0.199068201704	8	0.399591731193	6	0.164387124929	3	7	4	7600	380000	46	3386	1910	48	17	44	67	36	26	15	17	24	19	18	109
2103579395_zpid	2103579395_zpid	11234	2240 East 70, Brooklyn, NY 11234	40.616875	-73.905759	0.409600283675	2	0.311278327308	1	3.33139165555	0	4	3	1225	640000	0	2500	1965	11	14	8	13	6	12	22	11	20	2	5	62
30786734_zpid	30786734_zpid	11234	2133 Kimball St, Brooklyn, NY 11234	40.609477	-73.925698	0.405702741753	1	1.13228486528	0	2.71570058631	0	3	2.5	936	436000	31	2500	1920	6	9	1	6	2	21	22	16	16	0	6	72
30734529_zpid	30734529_zpid	11223	1924 W 6th St, Brooklyn, NY 11223	40.600509	-73.978628	0.180190049305	6	0.507461686465	3	0.340693276482	4	7	5	2136	620000	127	2395	1925	160	100	80	100	72	296	108	228	96	32	28	396
30734529_zpid	30734529_zpid	11223	1924 W 6th St, Brooklyn, NY 11223	40.600509	-73.978628	0.180190049305	6	0.433368167905	4	0.340693276482	4	7	5	2136	620000	127	2395	1925	160	100	80	100	72	296	108	228	96	32	28	396
30791608_zpid	30791608_zpid	11235	3320 Shore Pkwy, Brooklyn, NY 11235	40.584485	-73.953038	0.215449701786	10	0.296543305044	5	0.284519047266	1	3	2	1728	660000	120	1045	1930	135	20	36	56	29	43	35	30	32	19	12	150
30696660_zpid	30696660_zpid	11228	1052 77th St, Brooklyn, NY 11228	40.622133	-74.014098	0.586015895748	2	0.548439357777	2	1.20982782348	0	4	3	2475	1150000	8	2000	1950	10	10	8	19	6	37	49	25	18	3	4	49
30598705_zpid	30598705_zpid	11233	1829 Park Pl, Brooklyn, NY 11233	40.671797	-73.916681	0.546027718042	4	0.473985734479	5	0.873848349719	0	14	11	3300	483000	13	2000	1899	198	11	108	114	78	10	12	9	29	37	22	146
30711786_zpid	30711786_zpid	11228	72 Bay 10th St, Brooklyn, NY 11228	40.609705	-74.0104209	0.170045602556	8	0.254152121743	4	0.759407226977	0	3	1.5	1500	610000	46	2522	1930	7	12	3	13	2	21	41	32	27	4	6	60
29848443_zpid	29848443_zpid	10465	2874 Schley Ave, Bronx, NY 10465	40.823865	-73.821163	0.492825424687	1	0.396649535614	2	2.56351542266	0	3	2	1188	420000	99	2193	1960	13	19	8	18	7	14	22	21	12	1	3	57
30580458_zpid	30580458_zpid	11215	334 19th St, Brooklyn, NY 11215	40.6602696	-73.9889193	0.309035291575	13	0.22923890484	5	0.662841395004	1	2	3	1414	1306800	11	1503	1910	33	46	16	39	16	34	48	15	18	8	8	114
30642751_zpid	30642751_zpid	11208	92 Pine St, Brooklyn, NY 11208	40.6843239	-73.873718	0.15003704542	7	0.0909867306571	6	0.125906989704	3	3	1	2430	240000	184	1833	1899	108	47	66	101	58	72	44	18	70	44	10	203
30606055_zpid	30606055_zpid	11233	332 Malcolm X Blvd, Brooklyn, NY 11233	40.6814908	-73.92898	0.203863537296	8	0.241390307637	4	0.279021949333	2	2	1	2544	40000	22	1425	1901	128	71	94	130	70	15	20	11	38	41	28	193
29776828_zpid	29776828_zpid	10454	407 E 139th St, Bronx, NY 10454	40.8097	-73.921638	0.234712935292	5	0.0913321568435	6	0.290695668852	2	3	2	2160	352000	110	1667	1910	213	30	103	130	110	10	18	12	31	37	19	219
29827319_zpid	29827319_zpid	10467	866 E 220th St, Bronx, NY 10467	40.882383	-73.857356	0.394428496478	5	0.562147957264	2	0.479210020936	2	5	3	2232	489000	18	2856	1927	89	7	44	61	46	49	9	1	26	35	5	88
30756818_zpid	30756818_zpid	11234	1640 E 32nd St, Brooklyn, NY 11234	40.613477	-73.940836	0.130426060657	2	0.24706663956	2	1.53122383764	0	4	2	2400	600000	24	2500	1930	5	13	4	12	2	17	16	16	30	3	3	62
30611743_zpid	30611743_zpid	11205	126 Washington Ave, Brooklyn, NY 11205	40.694785	-73.967494	0.165648770718	7	0.156289666622	2	0.720352523839	1	1	1	1440	1005000	8	1667	1901	65	91	36	39	41	48	12	21	27	23	15	181
30585775_zpid	30585775_zpid	11215	244 13th St, Brooklyn, NY 11215	40.667074	-73.989461	0.109536792798	16	0.174944899375	4	0.342201139726	3	2	1	2724	1350000	55	1500	1899	356	336	108	304	120	184	292	104	152	84	80	988
30585775_zpid	30585775_zpid	11215	244 13th St, Brooklyn, NY 11215	40.667074	-73.989461	0.109536792798	17	0.174944899375	4	0.342201139726	3	2	1	2724	1350000	55	1500	1899	356	336	108	304	120	184	292	104	152	84	80	988
29781802_zpid	29781802_zpid	10453	113 E 179th St, Bronx, NY 10453	40.8517411	-73.9062204	0.115161907944	13	0.161279463592	9	0.170157190997	6	4	3	2232	319000	19	1624	1899	465	50	222	221	214	35	20	20	79	63	22	313
30570594_zpid	30570594_zpid	11231	18 3rd Pl, Brooklyn, NY 11231	40.679241	-74.000978	0.27806585962	13	0.451616878369	3	0.584879250397	2	8	4	2520	3795000	0	2000	1910	39	49	24	44	21	18	57	29	16	12	11	179
30613653_zpid	30613653_zpid	11238	447 Classon Ave, Brooklyn, NY 11238	40.6854314	-73.9591842	0.379174274621	14	0.371100376201	7	0.390345428154	5	2	1	2840	1400000	30	1272	1899	117	159	76	116	66	29	40	16	44	19	37	163
30631117_zpid	30631117_zpid	11207	101 Pilling St, Brooklyn, NY 11207	40.684914	-73.906997	0.213024814354	6	0.325254473473	2	0.328820931063	4	5	3	2700	857875	26	2003	1905	364	96	352	452	264	76	120	52	124	164	68	708
30626593_zpid	30626593_zpid	11221	364 Evergreen Ave, Brooklyn, NY 11221	40.6941201	-73.9240901	0.349751389736	9	0.330378282821	6	0.408011783892	4	6	4	2000	526000	50	1611	1901	202	80	87	122	85	45	36	17	52	36	28	262
30793110_zpid	30793110_zpid	11229	2433 Stuart St, Brooklyn, NY 11229	40.598456	-73.9296789	0.546564049048	5	0.48068552976	1	2.18333193242	0	3	2	1563	100000	133	2025	1955	13	17	1	7	2	7	21	7	12	3	2	37
30701932_zpid	30701932_zpid	11209	9540 Fort Hamilton Pkwy, Brooklyn, NY 11209	40.614184	-74.030175	0.181950330909	9	0.36735311009	3	0.239220176526	1	2	1.25	1836	749000	7	1125	1950	288	104	80	80	96	196	140	144	28	32	16	416
29827181_zpid	29827181_zpid	10467	856 E 217th St, Bronx, NY 10467	40.880374	-73.858769	0.588483080985	4	0.610603246469	2	0.508993992817	2	3	1	2454	170000	0	2854	1925	157	13	74	79	68	59	9	2	26	46	10	140
30631369_zpid	30631369_zpid	11207	35 Marginal St E, Brooklyn, NY 11207	40.679129	-73.896426	0.272946561819	4	0.305384600113	3	0.303267185058	8	3	2	1200	65000	303	2000	1925	81	28	56	64	40	58	34	35	27	28	8	135
