29822737_zpid	29822737_zpid	10467	2710 Cruger Ave, Bronx, NY 10467	40.865924	-73.866043	0.1695955269	11	0.136532193867	6	0.122734970126	2	6	2	1690	92500	248	2500	1925	373	25	158	167	164	32	29	17	45	57	31	236
30728046_zpid	30728046_zpid	11229	3131 Nostrand Ave, Brooklyn, NY 11229	40.608017	-73.9430717	0.312101699179	3	0.762818699536	0	1.24813923284	0	3	2	1827	560000	2	2310	1930	19	7	9	21	8	16	24	19	19	2	2	63
30659778_zpid	30659778_zpid	11203	208 E 42nd St, Brooklyn, NY 11203	40.6507294	-73.9382749	0.295034854687	2	0.537686990892	3	0.954461395207	0	3	2	1692	85000	133	2600	1915	111	12	71	61	59	58	19	6	27	27	9	110
30778734_zpid	30778734_zpid	11236	1332 E 105th St, Brooklyn, NY 11236	40.640217	-73.886946	0.724693414066	2	0.569964179203	1	1.44854188091	0	3	1.5	2600	385000	39	2600	1955	20	1	14	15	7	4	12	4	12	3	2	46
30733085_zpid	30733085_zpid	11224	2837 W 32nd St, Brooklyn, NY 11224	40.576334	-73.99845	0.440749571246	1	0.220426323515	2	1.4607429785	0	2	2.5	1200	425000	11	2375	1985	232	92	104	176	84	16	64	36	92	80	4	324
30735468_zpid	30735468_zpid	11223	2044 W 6th St, Brooklyn, NY 11223	40.597685	-73.978092	0.137896221295	4	0.236517781578	3	0.0914267376596	5	5	4	2312	650000	46	2000	1925	176	84	56	128	40	208	88	192	112	32	20	376
30735468_zpid	30735468_zpid	11223	2044 W 6th St, Brooklyn, NY 11223	40.597685	-73.978092	0.137896221295	4	0.123363893005	4	0.0914267376596	5	5	4	2312	650000	46	2000	1925	176	84	56	128	40	208	88	192	112	32	20	376
30642629_zpid	30642629_zpid	11208	192 Richmond St, Brooklyn, NY 11208	40.682665	-73.877034	0.122697170496	9	0.324947160749	5	0.280520669113	3	6	3	3420	212000	192	3000	1910	90	36	47	68	44	46	40	19	54	28	10	192
29846085_zpid	29846085_zpid	10465	857 Vincent Ave, Bronx, NY 10465	40.831755	-73.81947	0.350304541057	4	0.390416830675	2	1.95731277507	0	3	1.5	1489	391400	35	2500	1955	24	24	20	56	12	72	100	104	56	12	16	148
30733729_zpid	30733729_zpid	11224	3812 Nautilus Ave, Brooklyn, NY 11224	40.575662	-74.005937	0.562566677075	1	0.390458126757	1	2.09792498768	0	6	3	4110	450000	26	6000	1930	41	13	13	35	10	4	18	4	10	6	2	41
29792969_zpid	29792969_zpid	10473	2156 Virgil Pl, Bronx, NY 10473	40.822206	-73.84917	0.34348135927	3	0.253906461724	2	1.36031812225	0	3	3	1944	380000	1	2038	1960	47	19	20	15	11	26	11	5	15	7	8	59
30655035_zpid	30655035_zpid	11203	338 E 57th St, Brooklyn, NY 11203	40.6475442	-73.923388	0.340027244122	8	0.641135977791	2	1.65918505465	0	3	2	1925	498200	121	2000	1930	66	8	22	22	23	31	27	7	10	15	9	89
30780730_zpid	30780730_zpid	11234	39 Georgetown Ln, Brooklyn, NY 11234	40.622213	-73.9134739	0.379550745562	5	0.651465883003	1	2.89254029736	0	3	4.5	1616	560000	15	2657	1998	84	12	36	52	12	188	116	88	80	16	32	380
30706545_zpid	30706545_zpid	11228	1367 77th St, Brooklyn, NY 11228	40.618249	-74.006736	0.190505886781	10	0.380452409708	3	0.681687263521	2	3	2	1561	855000	17	2267	1925	13	12	7	23	8	48	48	50	22	2	3	79
30793091_zpid	30793091_zpid	11229	2479 Stuart St, Brooklyn, NY 11229	40.597646	-73.92878	0.539814959626	5	0.597195348336	1	2.24583322653	0	3	2	1660	500000	9	1992	1955	4	60	0	16	4	20	68	24	40	12	8	108
30788107_zpid	30788107_zpid	11234	386 Mayfair Dr S, Brooklyn, NY 11234	40.607833	-73.905543	1.07607278448	0	1.09692590645	0	4.33278279926	0	4	2	2056	1225000	127	4408	1960	2	1	0	6	0	2	8	2	9	2	1	18
29840655_zpid	29840655_zpid	10475	3344 Palmer Ave, Bronx, NY 10475	40.879376	-73.835263	0.857759032699	0	0.514073215308	3	0.230074035232	1	4	3.5	2838	500000	80	6000	1933	0	0	8	12	7	11	11	3	8	4	1	37
30570132_zpid	30570132_zpid	11231	10 Carroll St, Brooklyn, NY 11231	40.6833699	-74.005472	0.1797220511	8	0.195682287274	3	0.984742553022	0	2	2	2601	200000	195	1118	1931	9	32	13	24	7	14	28	32	6	3	6	94
30641141_zpid	30641141_zpid	11207	606 Ashford St, Brooklyn, NY 11207	40.667115	-73.883644	0.082353003977	7	0.135684168685	3	0.0907611147138	2	5	3	3000	464000	3	1800	1930	78	9	54	44	33	21	27	8	28	29	14	123
30609181_zpid	30609181_zpid	11216	337 Tompkins Ave, Brooklyn, NY 11216	40.6864009	-73.94428	0.0427027095092	10	0.261452220201	7	0.733335650031	1	1	1	2280	226000	57	1586	1920	444	132	212	384	284	56	96	52	136	148	76	568
30703666_zpid	30703666_zpid	11228	1135 72nd St, Brooklyn, NY 11228	40.624279	-74.008938	0.328696471808	6	0.367663114805	5	0.84720464604	0	3	2	1440	970000	18	3432	1930	11	5	4	16	3	49	35	32	10	2	3	59
30646998_zpid	30646998_zpid	11207	770 Hendrix St, Brooklyn, NY 11207	40.66249	-73.886355	0.230053479445	6	0.310086836173	7	0.38913175984	2	1	1	3276	190000	225	2500	1930	172	9	112	91	83	24	33	7	40	58	14	175
83044932_zpid	83044932_zpid	11237	174 Knickerbocker Ave, Brooklyn, NY 11237	40.70378	-73.927616	0.102293305636	12	0.197444268181	4	0.536266929794	3	9	7	3750	780000	112	2500	2006	123	96	86	130	98	47	32	8	19	48	20	264
30770789_zpid	30770789_zpid	11236	8 Paerdegat 8th St, Brooklyn, NY 11236	40.629474	-73.906907	0.825393431377	0	0.841357790947	0	1.95959745777	0	3	1	2750	295500	210	1992	1965	144	8	36	76	28	216	64	16	68	20	24	148
29784889_zpid	29784889_zpid	10457	642 E 182nd St, Bronx, NY 10457	40.85112	-73.888903	0.34719465074	7	0.415362313774	3	1.01197841036	0	5	3	2400	326000	83	1818	1997	184	37	95	125	94	23	13	8	39	45	22	171
30630053_zpid	30630053_zpid	11207	50 Eldert St, Brooklyn, NY 11207	40.6863151	-73.9132836	0.323969778784	7	0.180944967463	3	0.275337060812	2	1	1	1218	380000	31	952	1915	82	19	75	92	60	23	21	9	21	40	17	133
30734615_zpid	30734615_zpid	11223	1982 W 5th St, Brooklyn, NY 11223	40.599295	-73.977326	0.0866175899144	5	0.420759897002	4	0.254103931151	5	3	2	2556	680000	15	1800	1901	36	24	17	28	12	65	24	69	23	7	7	107
30620544_zpid	30620544_zpid	11222	175 Mcguinness Blvd, Brooklyn, NY 11222	40.7282	-73.950608	0.0857124831872	17	0.197364559275	4	0.36138981274	2	4	2	2625	885000	32	2500	1920	232	280	100	192	88	148	128	140	80	68	60	772
30620544_zpid	30620544_zpid	11222	175 Mcguinness Blvd, Brooklyn, NY 11222	40.7282	-73.950608	0.0857124831872	19	0.197364559275	4	0.36138981274	2	4	2	2625	885000	32	2500	1920	232	280	100	192	88	148	128	140	80	68	60	772
30731171_zpid	30731171_zpid	11214	115 Bay 46th St, Brooklyn, NY 11214	40.589992	-73.986686	0.259322050639	4	0.761445086734	0	0.278190391219	1	5	3	1328	699000	6	1909	1905	12	8	7	23	5	19	24	22	26	7	4	46
29839161_zpid	29839161_zpid	10470	4543 Bronx Blvd, Bronx, NY 10470	40.902735	-73.855879	0.3100971117	5	0.49322184179	2	0.423846693002	3	3	1.5	1224	350000	4	2526	1990	101	12	26	35	22	21	7	4	12	20	3	74
30664084_zpid	30664084_zpid	11210	3622 Farragut Rd, Brooklyn, NY 11210	40.6364469	-73.9414819	0.513273906039	1	0.537557824833	3	0.657558151848	2	3	2	1280	397000	15	1900	1935	143	8	109	103	103	42	20	7	32	28	6	183
79724141_zpid	79724141_zpid	11233	1770 Dean St, Brooklyn, NY 11233	40.675491	-73.929182	0.237517317447	9	0.436707858026	4	0.450487854338	2	8	6	2876	120000	16	2178	2005	51	12	31	39	26	10	11	1	14	14	7	73
30713977_zpid	30713977_zpid	11214	8791 17th Ave, Brooklyn, NY 11214	40.60469	-74.008536	0.111529428979	7	0.185100259806	6	0.679921428125	1	4	3	1470	810000	0	1837	1920	23	20	14	32	6	38	21	48	19	2	3	90
29787925_zpid	29787925_zpid	10458	262 E 197th St, Bronx, NY 10458	40.8681446	-73.8896918	0.129631465797	8	0.137942514493	9	0.346590910608	6	8	3	2700	235000	17	3393	1935	608	77	206	235	268	42	20	3	70	63	27	323
30737242_zpid	30737242_zpid	11223	2126 Ocean Pkwy, Brooklyn, NY 11223	40.597048	-73.965965	0.541423239149	7	0.302879114458	3	0.634364875087	1	5	6	5000	2750000	19	4060	1925	47	19	11	35	15	30	28	17	19	6	4	69
30769714_zpid	30769714_zpid	11236	1 Paerdegat 4th St, Brooklyn, NY 11236	40.631101	-73.910826	0.471810217464	5	0.507766247959	4	1.89010199144	0	6	3	3025	565000	32	3233	1965	100	16	40	48	16	144	60	8	72	12	4	144
30662401_zpid	30662401_zpid	11203	646 E 38th St, Brooklyn, NY 11203	40.6397	-73.940955	0.43630811226	3	0.599540942532	2	0.630519023328	1	5	2	2256	442120	17	2292	1925	452	24	244	248	224	132	72	24	72	88	24	384
63194939_zpid	63194939_zpid	11224	2008 Mermaid Ave, Brooklyn, NY 11224	40.576108	-73.987118	0.286582641687	2	0.200875228052	4	0.518637536866	1	3	2	1901	569999	0	2810	2003	74	14	38	45	32	16	29	9	12	26	8	92
29829874_zpid	29829874_zpid	10469	3332 Eastchester Rd, Bronx, NY 10469	40.875624	-73.845256	0.19342616318	6	0.239619004825	2	0.685434685876	1	6	2	2643	348075	3	2178	1930	58	13	42	56	37	34	29	11	33	17	11	116
30783432_zpid	30783432_zpid	11234	6419 Strickland Ave, Brooklyn, NY 11234	40.615322	-73.9102	0.241531449896	6	0.223572468194	2	3.55848467842	0	4	4	2432	900000	66	4250	1960	13	13	8	10	6	18	14	12	16	0	4	50
30663098_zpid	30663098_zpid	11210	3805 Farragut Rd, Brooklyn, NY 11210	40.637026	-73.940064	0.61767677309	3	0.650211175222	2	0.777396420771	0	3	1	1512	360000	13	3001	1920	120	8	97	92	89	32	16	3	29	27	5	158
30598985_zpid	30598985_zpid	11221	91 Ralph Ave, Brooklyn, NY 11221	40.6869299	-73.923214	0.206545707651	10	0.452813412263	3	0.310956534895	2	2	1	2824	650000	29	1900	1925	162	51	79	123	87	28	21	7	34	47	28	189
30613973_zpid	30613973_zpid	11238	450 Classon Ave, Brooklyn, NY 11238	40.684491	-73.959436	0.313972751221	13	0.373034309333	5	0.490728938569	5	10	5	4500	2245000	19	2092	1931	118	176	76	114	68	30	47	18	52	20	42	197
30599501_zpid	30599501_zpid	11233	674 Macdonough St, Brooklyn, NY 11233	40.683574	-73.919224	0.194871635015	7	0.404420720566	3	0.379372447319	4	3	2	3300	625000	136	2000	1910	217	55	143	156	127	23	36	10	61	92	23	257
30636557_zpid	30636557_zpid	11207	139 Sunnyside Ave, Brooklyn, NY 11207	40.681905	-73.892019	0.288697429842	3	0.194699416911	3	0.460459484058	2	4	3	2408	610000	12	2400	1910	312	124	188	192	152	224	156	144	128	80	24	424
30573391_zpid	30573391_zpid	11231	380 Van Brunt St, Brooklyn, NY 11231	40.6770939	-74.013519	0.410962609246	2	0.278539041016	3	1.39951737169	0	3	3	2160	660000	50	1500	1899	22	46	6	17	1	6	28	6	8	5	2	53
30695821_zpid	30695821_zpid	11209	349 77th St, Brooklyn, NY 11209	40.629862	-74.02674	0.216523907395	20	0.32462644367	5	0.104770413958	2	5	2	2850	973000	29	3097	1905	90	53	46	35	26	49	62	56	20	19	8	180
30753663_zpid	30753663_zpid	11210	1118 E 36th St, Brooklyn, NY 11210	40.623475	-73.940735	0.217626706087	2	0.575176502093	3	1.19432739325	0	3	1	1196	443000	64	2000	1920	73	9	30	33	24	62	42	11	25	9	6	76
30574316_zpid	30574316_zpid	11232	206 30th St, Brooklyn, NY 11232	40.656587	-73.999583	0.274866867643	5	0.444654062145	1	0.4424465106	2	4	2	1530	665000	77	2203	1910	23	31	12	16	11	9	29	17	13	1	8	65
30618886_zpid	30618886_zpid	11249	147 Grand St, Brooklyn, NY 11249	40.7149298	-73.9619704	0.0891103401398	11	0.210102334137	4	0.493065522043	1	1	1	3915	2325000	31	1512	1899	65	92	7	33	7	36	19	19	26	37	3	130
30604904_zpid	30604904_zpid	11233	589 Halsey St, Brooklyn, NY 11233	40.684411	-73.928907	0.0730517051624	7	0.2593542698	2	0.582503034677	1	5	2	1680	949000	0	1600	1901	121	63	82	108	58	15	12	11	35	30	20	154
30793915_zpid	30793915_zpid	11229	31 Dare Ct, Brooklyn, NY 11229	40.5873863	-73.9214823	0.297115067338	1	1.59682888909	0	2.76262232755	0	2	1	752	215000	37	1800	1925	2	3	1	13	0	0	29	9	20	2	5	36
30691361_zpid	30691361_zpid	11220	6645 Bergen Pl, Brooklyn, NY 11220	40.639432	-74.027816	0.316169062827	9	0.398193584227	3	0.622625476806	1	4	3	2160	1188000	0	3000	2001	39	17	25	27	16	25	24	31	8	11	2	57
29788246_zpid	29788246_zpid	10458	3184 Grand Concourse, Bronx, NY 10458	40.8765361	-73.8851345	0.233279111397	9	0.197574512461	4	0.36003891318	4	1	1	80811	11000	225	27007.2	1963	288	18	32	46	30	11	5	5	7	17	8	77
30791177_zpid	30791177_zpid	11235	182 Kensington St, Brooklyn, NY 11235	40.578622	-73.942039	0.909582738509	0	1.36888987738	0	1.37753279955	0	3	3	2000	930000	20	3000	1930	68	20	4	44	12	56	76	28	44	4	4	104
30791177_zpid	30791177_zpid	11235	182 Kensington St, Brooklyn, NY 11235	40.578622	-73.942039	0.670329390248	1	1.36888987738	0	1.37753279955	0	3	3	2000	930000	20	3000	1930	68	20	4	44	12	56	76	28	44	4	4	104
29783159_zpid	29783159_zpid	10460	1832 Marmion Ave, Bronx, NY 10460	40.8410734	-73.8886296	0.270936570777	9	0.337157601774	4	0.428085998207	2	6	2	2208	387000	26	2057	1920	189	11	101	100	96	17	18	3	28	28	15	161
30743350_zpid	30743350_zpid	11229	2016 E 23rd St, Brooklyn, NY 11229	40.601472	-73.949142	0.215718376922	4	0.490617323695	5	0.622518691373	1	4	4	1590	899000	0	2300	1920	80	23	30	31	41	64	48	17	29	12	6	160
30730687_zpid	30730687_zpid	11214	96 Bay 43rd St, Brooklyn, NY 11214	40.593553	-73.987273	0.427406141637	8	0.439527931595	5	0.463608772151	2	3	2	1297	798000	3	1933	1960	32	36	24	64	12	68	100	80	88	28	16	236
29834414_zpid	29834414_zpid	10466	1153 E 223rd St # A, Bronx, NY 10466	40.8822543	-73.8481982	0.122661915848	7	0.199665750461	4	0.909305749573	0	4	2.5	1534	392000	3	1850	1945	22	6	14	8	9	31	5	1	18	7	2	33
30695826_zpid	30695826_zpid	11209	333 77th St, Brooklyn, NY 11209	40.629978	-74.027232	0.183804172811	20	0.367979574961	5	0.147834376084	2	6	4	2204	750000	24	3125	1905	93	52	45	37	28	52	61	58	18	18	7	186
30671237_zpid	30671237_zpid	11218	658 Vanderbilt St, Brooklyn, NY 11218	40.6539069	-73.974483	0.14653300464	5	0.409658050703	2	0.470942908157	1	3	1	900	150000	323	2430	1890	10	13	9	15	7	18	15	15	12	1	3	39
30787796_zpid	30787796_zpid	11234	466 Mayfair Dr S, Brooklyn, NY 11234	40.6079719	-73.908077	0.960257338357	0	1.03776472352	0	4.15792783953	0	4	3	2240	530000	16	6490	1960	2	4	2	7	2	12	7	17	18	4	1	28
30782197_zpid	30782197_zpid	11234	2014 E 71st St, Brooklyn, NY 11234	40.6210049	-73.909134	0.41041496876	4	0.419861730275	1	2.92079976214	0	3	2.5	1072	406850	91	2000	1925	18	3	8	14	6	29	23	12	23	3	3	64
30642333_zpid	30642333_zpid	11208	145 Hemlock St, Brooklyn, NY 11208	40.686435	-73.871498	0.203968837522	6	0.266593925501	5	0.400260669218	3	6	3	3027	415000	51	1900	1910	95	40	67	89	50	78	41	16	58	45	8	197
30691990_zpid	30691990_zpid	11220	6821 Bliss Ter, Brooklyn, NY 11220	40.6379189	-74.0316	0.315616735097	7	0.422122879968	2	0.768446027034	0	3	2	1750	215000	204	2175	1929	34	13	17	19	11	21	17	21	5	4	1	56
30732367_zpid	30732367_zpid	11224	3833 Cypress Ave, Brooklyn, NY 11224	40.578735	-74.007245	0.297516818878	2	0.474681460265	1	2.20415067988	0	6	4	4884	700000	21	6000	1927	29	9	7	23	7	1	20	2	14	2	2	34
30595667_zpid	30595667_zpid	11233	1907 Pacific St, Brooklyn, NY 11233	40.676566	-73.925686	0.46103627017	5	0.290505762372	2	0.42725618303	2	5	3	1920	625000	74	1600	1910	75	28	59	68	47	12	18	2	20	31	12	118
30700651_zpid	30700651_zpid	11228	8824 7th Ave, Brooklyn, NY 11228	40.617046	-74.022057	0.235984973262	5	0.496382954237	3	0.781826656553	0	2	1	1000	1150000	5	1731	1965	9	0	3	7	1	11	25	8	7	1	1	24
30644675_zpid	30644675_zpid	11208	24 Doscher St, Brooklyn, NY 11208	40.6770062	-73.873341	0.0552096289799	8	0.247090659348	7	0.20919681893	5	5	2	1404	250000	9	1428	1925	168	22	86	101	59	59	56	13	73	40	12	234
30735330_zpid	30735330_zpid	11223	2035 W 10th St, Brooklyn, NY 11223	40.597441	-73.9812479	0.304033101967	5	0.193202019992	5	0.178459189992	5	3	1.5	2020	690000	13	1967	1930	33	21	10	24	9	44	29	40	18	7	4	77
30642486_zpid	30642486_zpid	11208	157 Nichols Ave, Brooklyn, NY 11208	40.686931	-73.868941	0.104033125842	8	0.221565305401	6	0.452852555239	3	7	2	3120	315000	55	1899	1899	63	32	44	58	37	66	33	13	38	26	4	148
30591585_zpid	30591585_zpid	11216	1134 Bergen St, Brooklyn, NY 11216	40.675721	-73.948183	0.264472810699	11	0.176593212027	7	0.296015007859	3	7	4	3696	1800000	8	2300	1899	361	84	142	204	182	36	33	11	59	68	33	285
30770238_zpid	30770238_zpid	11236	1161 E 81st St, Brooklyn, NY 11236	40.631737	-73.907354	0.626756913967	5	0.638802466338	2	1.72441290451	0	4	3	1400	440000	4	1600	1955	39	6	15	18	10	64	26	4	26	6	7	62
30704640_zpid	30704640_zpid	11204	1939 73rd St, Brooklyn, NY 11204	40.612886	-73.991572	0.146548185985	13	0.149660949569	7	0.748065060221	1	5	2.75	2400	1342000	3	2500	1930	59	15	20	39	20	46	31	23	21	10	4	110
30643543_zpid	30643543_zpid	11208	304 Grant Ave, Brooklyn, NY 11208	40.683453	-73.867572	0.400190353848	9	0.185228284316	8	0.525270055599	2	5	2	1488	298000	158	3123	1910	81	29	47	69	43	54	19	9	64	30	7	160
30787913_zpid	30787913_zpid	11234	117 Indiana Pl, Brooklyn, NY 11234	40.605779	-73.904742	1.31195170812	0	1.33536538233	0	4.38595529679	0	3	3	2624	775000	58	4100	1965	0	1	0	2	0	1	7	1	7	2	1	11
30582440_zpid	30582440_zpid	11217	697 Degraw St, Brooklyn, NY 11217	40.677851	-73.979959	0.0552681639428	16	0.197407642086	5	0.272603670578	4	6	3.5	1050	2199000	24	1970	1899	54	184	26	25	21	43	44	48	36	11	15	131
30719748_zpid	30719748_zpid	11230	1656 E 2nd St, Brooklyn, NY 11230	40.609331	-73.972298	0.188431684214	10	0.228310966233	4	0.0791104106867	3	12	8	4090	700000	122	2940	1928	11	3	2	18	4	25	10	8	3	4	2	53
30692071_zpid	30692071_zpid	11220	6816 Madeline Ct, Brooklyn, NY 11220	40.636899	-74.027761	0.0543231510245	10	0.118713233427	3	0.428263190124	1	3	2	1192	538000	109	1400	1925	50	17	29	29	25	28	25	29	11	13	3	67
30792419_zpid	30792419_zpid	11235	2838 Batchelder St, Brooklyn, NY 11235	40.5844189	-73.936231	0.234521505435	2	0.82312247794	0	1.54017765529	0	3	2.5	2040	573000	64	2000	1932	58	13	23	33	28	31	21	14	28	9	5	93
30585431_zpid	30585431_zpid	11215	329 12th St, Brooklyn, NY 11215	40.6667429	-73.985967	0.171177674209	20	0.139740741245	5	0.48096280838	4	4	3	2032	1790000	21	1668	1901	85	89	27	70	23	44	72	32	30	25	24	252
30668152_zpid	30668152_zpid	11218	1109 Ditmas Ave, Brooklyn, NY 11218	40.635834	-73.966885	0.259075338773	8	0.24066030324	9	0.35567104211	2	6	5	2760	2299000	0	4000	1935	75	21	35	33	18	52	25	21	6	8	7	88
29841075_zpid	29841075_zpid	10465	3193 Fairmount Ave, Bronx, NY 10465	40.836175	-73.8213789	0.171014928392	4	0.133965950311	1	1.51316241428	0	3	2	1440	375000	29	1306	1945	6	7	7	8	7	10	28	13	11	4	4	44
64818800_zpid	64818800_zpid	10456	1325 Clinton Ave, Bronx, NY 10456	40.832188	-73.900533	0.137597291016	5	0.116956209105	7	0.767095233436	0	6	4.5	4068	490000	29	2863	2003	240	19	94	132	76	37	10	9	16	38	20	192
30623093_zpid	30623093_zpid	11211	101 Ainslie St, Brooklyn, NY 11211	40.71268	-73.950467	0.174221453237	18	0.211916096728	7	0.162279125246	4	2	1	2400	1685000	8	2500	1899	304	612	236	308	204	140	160	68	84	56	52	856
30733995_zpid	30733995_zpid	11224	4050 Atlantic Ave, Brooklyn, NY 11224	40.5744169	-74.008145	0.572921497725	1	0.621863152615	1	2.29992566208	0	14	13.5	7989	5800000	0	15245.999999999998	1955	12	5	6	22	4	1	15	4	7	2	0	23
29847209_zpid	29847209_zpid	10465	278 Pennyfield Ave, Bronx, NY 10465	40.814582	-73.807587	0.770881524322	0	1.02147379897	0	4.0599132253	0	3	1	1900	415000	78	2744	1935	12	20	8	8	0	12	76	32	28	4	16	120
30574872_zpid	30574872_zpid	11232	317 42nd St, Brooklyn, NY 11232	40.6520705	-74.0093608	0.33634534098	9	0.0838159661848	7	0.352830349417	2	6	3	2340	790000	11	1900	1910	46	37	24	32	27	10	49	21	16	11	4	107
89072251_zpid	89072251_zpid	10456	789 E 169th St, Bronx, NY 10456	40.8305299	-73.8989875	0.180263335271	6	0.2012663151	9	0.603848957219	1	5	2	2540	397500	19	1161	2013	162	13	81	97	59	37	7	8	15	29	15	138
30614364_zpid	30614364_zpid	11238	497 Franklin Ave, Brooklyn, NY 11238	40.6816406	-73.955521	0.0229691158323	10	0.103713698828	7	0.0841722258007	4	4	3	2037	1100000	24	871	1930	284	332	188	264	168	108	112	44	84	56	116	536
30614364_zpid	30614364_zpid	11238	497 Franklin Ave, Brooklyn, NY 11238	40.6816406	-73.955521	0.0229691158323	11	0.103713698828	7	0.0841722258007	4	4	3	2037	1100000	24	871	1930	284	332	188	264	168	108	112	44	84	56	116	536
30760924_zpid	30760924_zpid	11234	1388 E 49th St, Brooklyn, NY 11234	40.6272049	-73.929066	0.162212076754	9	0.41905374739	1	1.68993007214	0	3	2.5	2808	718000	2	2200	1930	34	18	18	28	16	53	29	19	22	7	3	84
