30730002_zpid	30730002_zpid	11214	53 Bay 40th St, Brooklyn, NY 11214	40.596245	-73.987353	0.182838103209	8	0.141185288649	6	0.168346079405	2	3	1.5	1674	660000	22	1775	1950	17	11	10	11	7	24	26	20	15	5	3	54
30723902_zpid	30723902_zpid	11230	825 E 18th St, Brooklyn, NY 11230	40.630738	-73.959202	0.16434561032	8	0.521013363277	5	0.262858388062	3	5	4	3000	1250000	22	5000	1907	141	18	76	79	86	41	30	33	16	19	4	106
29834788_zpid	29834788_zpid	10466	3881 Amundson Ave, Bronx, NY 10466	40.888762	-73.835691	0.485088193452	2	0.384248780933	4	0.411967590197	1	3	2	1701	365000	47	1785	1957	41	6	16	22	5	45	24	12	26	8	2	65
30696275_zpid	30696275_zpid	11209	7725 Colonial Rd, Brooklyn, NY 11209	40.630588	-74.033695	0.467211536421	8	0.449656793497	2	0.697881354463	1	3	2	1478	1350000	0	2600	1925	200	124	52	56	52	140	168	344	56	16	8	316
30696275_zpid	30696275_zpid	11209	7725 Colonial Rd, Brooklyn, NY 11209	40.630588	-74.033695	0.467211536421	8	0.792973026655	0	0.697881354463	1	3	2	1478	1350000	0	2600	1925	200	124	52	56	52	140	168	344	56	16	8	316
30723749_zpid	30723749_zpid	11230	734 Rugby Rd, Brooklyn, NY 11230	40.631338	-73.963789	0.229210609592	7	0.294282458996	6	0.29323857587	3	8	3	3170	1990000	0	4000	1910	69	38	58	53	48	61	42	48	30	14	11	139
30732170_zpid	30732170_zpid	11214	133 Bay 53rd St, Brooklyn, NY 11214	40.582669	-73.98714	0.654103929449	2	0.183147367159	1	0.743952389046	1	1	2	640	399000	0	2000	1920	3	4	5	12	3	8	7	7	5	2	1	13
30613659_zpid	30613659_zpid	11238	435A Classon Ave, Brooklyn, NY 11238	40.685759	-73.959113	0.368850801773	14	0.379911794885	7	0.355936945361	5	7	4	2470	2275000	11	1280	1899	109	139	71	100	56	28	38	16	43	16	37	145
30673140_zpid	30673140_zpid	11218	295 E 2nd St, Brooklyn, NY 11218	40.64425	-73.978224	0.0691516697445	11	0.169904240907	9	0.124997661394	2	4	1	1568	663000	63	2000	1920	596	156	172	284	212	216	220	136	84	64	64	848
30673140_zpid	30673140_zpid	11218	295 E 2nd St, Brooklyn, NY 11218	40.64425	-73.978224	0.0691516697445	11	0.169904240907	8	0.124997661394	2	4	1	1568	663000	63	2000	1920	596	156	172	284	212	216	220	136	84	64	64	848
30707267_zpid	30707267_zpid	11214	1635 78th St, Brooklyn, NY 11214	40.614191	-74.001469	0.146787598798	10	0.0672857042303	6	0.105683593187	3	7	3	2800	1390000	0	2475	1920	132	24	40	96	24	68	80	84	48	24	20	340
29784449_zpid	29784449_zpid	10458	2410 Lorillard Pl, Bronx, NY 10458	40.85661	-73.888672	0.126349011383	10	0.161629208303	3	0.563018805009	1	5	3	2372	450000	3	2448	1900	426	77	157	197	176	25	40	17	49	65	29	313
30739668_zpid	30739668_zpid	11235	2458 E 7th St, Brooklyn, NY 11235	40.590248	-73.962922	0.330349566089	8	0.848960369323	0	0.829763160217	0	5	2	2256	515000	34	2256	1940	35	13	10	15	10	32	31	21	16	4	2	53
29845395_zpid	29845395_zpid	10465	4189 E Tremont Ave, Bronx, NY 10465	40.81786	-73.816154	0.183917557566	4	0.228354976801	1	3.32669012885	0	4	2	1912	499000	0	2442	1955	8	8	3	8	5	18	15	12	13	4	10	65
30623055_zpid	30623055_zpid	11211	199 Devoe St, Brooklyn, NY 11211	40.714124	-73.942243	0.157562158437	12	0.161085223626	4	0.160418545758	4	5	2.5	2960	1150000	27	740	1901	37	91	19	56	27	38	50	7	30	15	22	190
30737980_zpid	30737980_zpid	11223	2203 West St, Brooklyn, NY 11223	40.5948171	-73.970811	0.458272154302	4	0.590483515751	2	0.2560268569	3	4	3	2110	920000	1	2153	1960	168	32	64	124	28	176	124	120	112	24	24	448
30737980_zpid	30737980_zpid	11223	2203 West St, Brooklyn, NY 11223	40.5948171	-73.970811	0.21369480929	8	0.688448542628	1	0.2560268569	3	4	3	2110	920000	1	2153	1960	168	32	64	124	28	176	124	120	112	24	24	448
29785622_zpid	29785622_zpid	10457	2088 Valentine Ave, Bronx, NY 10457	40.8526979	-73.899578	0.0544186231083	10	0.187327590938	9	0.390420667997	5	8	3	2922	296800	58	1785	1901	430	39	184	193	201	29	24	14	62	70	25	295
30599585_zpid	30599585_zpid	11233	701 Decatur St, Brooklyn, NY 11233	40.68375	-73.915225	0.172574676093	7	0.212007491707	3	0.306051533882	3	5	3	4860	825000	15	2000	1899	792	144	548	600	488	80	140	44	188	336	48	852
30625853_zpid	30625853_zpid	11221	69 Stockholm St, Brooklyn, NY 11221	40.696804	-73.9257669	0.241169526508	14	0.158745121945	7	0.180743195182	3	4	2	1056	234000	32	2500	1930	149	81	70	101	71	52	29	22	48	40	27	222
29778371_zpid	29778371_zpid	10452	981 Woodycrest Ave, Bronx, NY 10452	40.832321	-73.928549	0.141567187756	3	0.401004687326	4	0.541112446474	3	6	3	2546	490000	13	3422	1901	374	43	162	175	184	33	13	3	72	71	27	289
30738664_zpid	30738664_zpid	11223	17 Southgate Ct, Brooklyn, NY 11223	40.591245	-73.972307	0.171475673976	8	0.566380731472	2	0.244336830925	3	7	3.5	2784	675000	33	1916	1925	53	11	16	19	8	40	35	42	21	5	5	100
29776843_zpid	29776843_zpid	10454	413 E 140th St, Bronx, NY 10454	40.810294	-73.921113	0.280746336522	4	0.168191394804	6	0.320106681559	3	4	3	2350	200000	26	1700	1901	222	33	103	128	108	9	16	11	30	36	18	215
30778273_zpid	30778273_zpid	11236	1538 E 95th St, Brooklyn, NY 11236	40.6349329	-73.894216	0.337861059824	6	0.283783645545	4	1.45543584656	0	5	2.5	1596	363000	32	43	1920	36	13	19	26	4	52	19	15	15	11	0	75
29835017_zpid	29835017_zpid	10466	3811 Secor Ave, Bronx, NY 10466	40.8882649	-73.832609	0.236084828684	2	0.1438800938	2	0.14942821981	1	2	1	944	350000	41	2395	1930	36	11	15	18	3	33	28	15	18	9	3	74
30792424_zpid	30792424_zpid	11235	3073 Emmons Ave, Brooklyn, NY 11235	40.584278	-73.9367251	0.191545998381	2	0.824408591121	0	1.50206589141	0	4	3	3600	300000	213	2808	1927	56	14	23	34	26	31	21	13	28	8	4	90
30634450_zpid	30634450_zpid	11207	302 Pennsylvania Ave, Brooklyn, NY 11207	40.670046	-73.8957609	0.125104458181	5	0.114591011836	10	0.504885079658	4	6	2	1933	590000	115	3100	1910	109	16	87	96	94	22	33	8	32	29	22	171
30660477_zpid	30660477_zpid	11226	181 E 32nd St, Brooklyn, NY 11226	40.646311	-73.946867	0.258148415198	5	0.289133891847	4	0.222386117534	3	5	2.25	3000	150000	123	2000	1910	223	36	74	90	69	74	24	11	20	38	21	159
30613409_zpid	30613409_zpid	11238	43 Lexington Ave, Brooklyn, NY 11238	40.686789	-73.960521	0.446347516336	10	0.44001605509	6	0.235092612856	3	2	1	2400	1750000	18	2000	1930	117	112	68	92	61	25	44	14	45	18	29	140
30791185_zpid	30791185_zpid	11235	165 Jaffrey St, Brooklyn, NY 11235	40.578842	-73.942477	0.877339631661	0	1.32519411752	0	1.33363734995	0	4	3.5	2932	1722050	26	4000	1940	68	20	4	44	12	56	80	28	44	4	4	104
30791185_zpid	30791185_zpid	11235	165 Jaffrey St, Brooklyn, NY 11235	40.578842	-73.942477	0.663414331629	1	1.32519411752	0	1.33363734995	0	4	3.5	2932	1722050	26	4000	1940	68	20	4	44	12	56	80	28	44	4	4	104
30734258_zpid	30734258_zpid	11223	1950 W 10th St, Brooklyn, NY 11223	40.599472	-73.9822159	0.208647312533	7	0.429007041557	6	0.342408105561	3	7	2	2300	998000	4	2300	1925	33	17	12	21	9	47	31	44	15	8	4	69
29850126_zpid	29850126_zpid	10464	123 Horton St, Bronx, NY 10464	40.839559	-73.784234	0.427066826605	1	3.55088081041	0	3.90387779166	0	5	3	1974	500000	6	4010	1945	11	5	4	3	3	1	16	3	8	3	10	21
30593124_zpid	30593124_zpid	11216	294 New York Ave, Brooklyn, NY 11216	40.67028	-73.947985	0.198145483394	12	0.268316630468	6	0.242628262384	3	5	4	4028	2000000	13	1900	1901	132	42	74	66	66	11	21	3	18	28	17	118
30737879_zpid	30737879_zpid	11223	2262 West St, Brooklyn, NY 11223	40.593508	-73.971076	0.268934043029	6	0.638177745858	1	0.343614312069	3	6	3	4200	995000	8	2178	1935	272	48	76	124	36	184	132	152	108	24	24	468
30620866_zpid	30620866_zpid	11222	140 Diamond St, Brooklyn, NY 11222	40.727544	-73.947681	0.0728922388431	15	0.384455358315	4	0.443729369753	2	4	2	1800	1700000	7	100	1920	29	58	19	25	11	28	29	30	19	16	13	154
30635925_zpid	30635925_zpid	11207	608 Pennsylvania Ave, Brooklyn, NY 11207	40.662272	-73.89377	0.224733711282	4	0.0905973715844	5	0.279675847685	5	7	3	2560	494200	16	2400	1910	291	17	152	144	158	35	50	14	44	79	17	283
30587783_zpid	30587783_zpid	11215	451 8th St, Brooklyn, NY 11215	40.667252	-73.980031	0.0786851264503	19	0.487248947409	4	0.1116282701	2	4	3.5	2295	3325000	7	1733	1901	34	63	17	43	16	25	67	40	31	7	18	187
30612247_zpid	30612247_zpid	11205	280 Washington Ave, Brooklyn, NY 11205	40.6902764	-73.9667219	0.296978966297	10	0.362233319742	4	0.219215236547	3	3	2	6690	3200000	104	5000	1905	49	72	21	32	19	33	23	9	22	17	11	135
29788314_zpid	29788314_zpid	10468	22 E 198th St, Bronx, NY 10468	40.870845	-73.892644	0.298239869018	10	0.0272110042567	7	0.358918471269	4	2	2	1081	460000	111	1600	1930	355	33	140	128	132	21	16	4	42	35	14	165
30722652_zpid	30722652_zpid	11223	1874 W 10th St, Brooklyn, NY 11223	40.601261	-73.982562	0.141648288786	9	0.561146693901	6	0.350243163968	3	4	2.5	1500	850000	10	2000	1950	47	23	21	19	14	55	30	45	16	6	4	85
30663613_zpid	30663613_zpid	11203	1448 Schenectady Ave, Brooklyn, NY 11203	40.637385	-73.9321159	0.381366930264	7	1.17100929709	0	1.40596412104	0	4	3	1920	460000	23	2025	1965	15	8	4	11	9	31	22	7	14	7	6	69
30573551_zpid	30573551_zpid	11231	383 Van Brunt St, Brooklyn, NY 11231	40.676061	-74.0141388	0.496632880436	2	0.326481021507	3	1.43323943203	0	3	1	4092	1095000	122	1980	1925	22	46	6	17	1	5	27	4	7	5	2	56
30668383_zpid	30668383_zpid	11226	941 Ocean Ave, Brooklyn, NY 11226	40.639625	-73.95868	0.273755391795	10	0.240093560095	4	0.463425158794	3	1	1	1860	1680000	36	10211	1910	537	109	244	241	231	59	33	23	62	97	11	375
30734601_zpid	30734601_zpid	11223	1950 W 5th St, Brooklyn, NY 11223	40.599982	-73.977454	0.134968777763	5	0.483295371593	3	0.313440047089	4	3	3	1728	500000	46	1800	1920	42	25	17	26	14	69	24	65	24	7	7	101
30596097_zpid	30596097_zpid	11213	1206 Saint Marks Ave, Brooklyn, NY 11213	40.67383	-73.929725	0.0615779658772	8	0.502204300251	4	0.612640875545	2	5	2.5	2407	835000	16	2246	1910	241	28	134	146	125	29	21	4	32	49	18	228
30755736_zpid	30755736_zpid	11210	1425 E 28th St, Brooklyn, NY 11210	40.616388	-73.946595	0.471667426059	2	0.420212187405	3	1.09057007527	0	3	6	2500	932500	7	3000	1940	68	8	4	40	16	64	64	52	32	0	16	136
30701637_zpid	30701637_zpid	11209	356 94th St, Brooklyn, NY 11209	40.616934	-74.031886	0.108113679757	11	0.100752610972	5	0.100617713418	2	3	2	2248	989000	0	1800	1925	121	32	32	31	31	71	46	33	6	13	8	181
30613936_zpid	30613936_zpid	11238	54 Irving Pl, Brooklyn, NY 11238	40.683356	-73.96016	0.197900239977	11	0.272038489818	4	0.447569955373	5	6	4	3200	1025000	44	2020	1931	103	156	64	113	66	37	49	20	47	15	44	196
30766059_zpid	30766059_zpid	11236	246 E 86th St, Brooklyn, NY 11236	40.646667	-73.91847	0.389765230007	3	0.979698219939	0	1.40377032765	0	2	1	1296	255000	42	1437	1945	10	2	9	11	7	16	14	3	6	6	4	46
30766970_zpid	30766970_zpid	11236	565 E 84th St, Brooklyn, NY 11236	40.641406	-73.9144419	0.554439419139	6	0.692177110971	1	1.21347159493	0	4	3	1720	490000	7	2000	1960	152	28	88	52	36	196	140	36	104	32	36	368
30624536_zpid	30624536_zpid	11206	244 Montrose Ave, Brooklyn, NY 11206	40.707458	-73.939058	0.0922962916479	11	0.388729193287	4	0.0737914574291	3	3	1	3600	80000	142	2500	1931	61	153	36	42	25	19	27	13	20	10	8	121
30597881_zpid	30597881_zpid	11213	734 Empire Blvd, Brooklyn, NY 11213	40.663549	-73.938059	0.225191299865	8	0.150408510078	7	0.73560120668	2	1	1	1776	315500	148	1819	1920	267	20	72	82	80	30	26	7	22	29	18	126
30577303_zpid	30577303_zpid	11220	425 52nd St, Brooklyn, NY 11220	40.64508	-74.012832	0.0501112851891	8	0.208301343164	10	0.101533926765	3	6	3	2400	990000	2	1986	1899	528	220	232	440	212	152	276	144	160	100	36	1036
30577303_zpid	30577303_zpid	11220	425 52nd St, Brooklyn, NY 11220	40.64508	-74.012832	0.0501112851891	9	0.208301343164	11	0.101533926765	3	6	3	2400	990000	2	1986	1899	528	220	232	440	212	152	276	144	160	100	36	1036
30770315_zpid	30770315_zpid	11236	1155 E 82nd St, Brooklyn, NY 11236	40.632316	-73.906768	0.620192706393	5	0.643170982044	2	1.64927722682	0	3	2	1120	449000	0	1600	1960	176	32	64	88	40	276	108	24	112	24	40	264
29846370_zpid	29846370_zpid	10465	620 Vincent Ave, Bronx, NY 10465	40.827478	-73.8151479	0.55727232805	2	0.672959923684	1	2.55091943212	0	2	1	1852	410000	7	3200	1920	44	12	24	44	0	28	52	72	52	0	16	144
30738146_zpid	30738146_zpid	11223	2303 E 4th St, Brooklyn, NY 11223	40.5939708	-73.9668703	0.143303104704	7	0.592369809268	1	0.595722272603	1	4	3	2184	875000	3	2000	1955	216	48	44	120	52	128	164	92	72	20	16	288
30738146_zpid	30738146_zpid	11223	2303 E 4th St, Brooklyn, NY 11223	40.5939708	-73.9668703	0.390912293595	4	0.592369809268	1	0.595722272603	1	4	3	2184	875000	3	2000	1955	216	48	44	120	52	128	164	92	72	20	16	288
30606614_zpid	30606614_zpid	11233	806 Herkimer St, Brooklyn, NY 11233	40.678187	-73.926698	0.274708425102	5	0.252147733492	3	0.364656854611	2	5	2.5	1470	378500	31	1237	1901	100	52	69	86	66	17	16	5	29	38	16	150
30621292_zpid	30621292_zpid	11222	704 Humboldt St, Brooklyn, NY 11222	40.726025	-73.945231	0.10001919512	13	0.360801422839	3	0.53301283968	1	1	1	2090	275000	194	1658	1899	30	51	15	30	10	23	35	20	24	11	10	140
30655533_zpid	30655533_zpid	11236	656 E 95th St, Brooklyn, NY 11236	40.652234	-73.913494	0.359137563035	6	0.648124719298	1	1.05377266189	0	5	3	2585	535000	16	2000	1940	47	4	15	24	23	35	17	8	6	10	3	74
30639274_zpid	30639274_zpid	11207	385 Ashford St, Brooklyn, NY 11207	40.672885	-73.884609	0.186682910237	9	0.49536886281	4	0.354062566584	3	5	3	3000	360000	30	1800	1920	26	13	25	27	21	39	23	13	23	17	9	103
30595735_zpid	30595735_zpid	11213	1698 Pacific St, Brooklyn, NY 11213	40.676454	-73.9323579	0.0369701716968	9	0.148100315531	5	0.351920179178	1	4	2	1920	525000	132	2143	1920	85	14	38	60	45	33	23	9	19	12	7	132
30764946_zpid	30764946_zpid	11234	1337 E 59th St, Brooklyn, NY 11234	40.620942	-73.918119	0.147868041795	10	0.814040552234	0	2.82395966259	0	2	1	1237	285000	156	1900	1925	20	28	12	28	32	140	108	76	80	24	28	404
30747077_zpid	30747077_zpid	11229	2333 E 22nd St, Brooklyn, NY 11229	40.594252	-73.948161	0.201295352027	12	0.572347446256	3	0.601955725686	1	3	1	3600	960000	26	3000	1926	63	12	22	26	28	34	32	25	25	12	4	74
30637387_zpid	30637387_zpid	11208	110 Ridgewood Ave, Brooklyn, NY 11208	40.68257	-73.884824	0.334615095241	5	0.303572866691	4	0.292408386192	2	3	2.5	1582	116000	237	2000	1915	65	18	37	37	37	38	26	18	26	19	11	109
30722593_zpid	30722593_zpid	11223	1882 W 11th St, Brooklyn, NY 11223	40.6010319	-73.983464	0.216151485962	10	0.499382359411	7	0.41558905897	3	4	2	2268	1349000	5	3000	1925	124	88	52	64	36	208	116	168	60	24	16	268
30722593_zpid	30722593_zpid	11223	1882 W 11th St, Brooklyn, NY 11223	40.6010319	-73.983464	0.216151485962	9	0.499382359411	6	0.41558905897	3	4	2	2268	1349000	5	3000	1925	124	88	52	64	36	208	116	168	60	24	16	268
30598052_zpid	30598052_zpid	11233	2105 Pacific St # A, Brooklyn, NY 11233	40.6760063	-73.9172904	0.144938591858	2	0.418573429832	3	0.468674787141	2	7	3	2150	950000	0	1667	1901	196	17	120	125	92	33	33	19	54	53	38	186
30618637_zpid	30618637_zpid	11211	115 Roebling St, Brooklyn, NY 11211	40.715171	-73.95591	0.107297129556	14	0.307340150886	4	0.322323974059	3	2	1	3500	899000	67	2500	1800	332	864	148	340	132	160	192	88	72	72	80	1040
30618637_zpid	30618637_zpid	11211	115 Roebling St, Brooklyn, NY 11211	40.715171	-73.95591	0.107297129556	15	0.307340150886	4	0.322323974059	3	2	1	3500	899000	67	2500	1800	332	864	148	340	132	160	192	88	72	72	80	1040
30788751_zpid	30788751_zpid	11234	2675 E 63rd St, Brooklyn, NY 11234	40.607778	-73.912218	0.885694205196	0	1.07957955801	0	3.81297596425	0	4	2	1152	572500	12	2100	1960	3	6	1	7	3	19	4	27	20	2	1	31
30615228_zpid	30615228_zpid	11205	81 Willoughby Ave, Brooklyn, NY 11205	40.6917837	-73.9697482	0.168730573891	12	0.374041017523	3	0.501645124724	3	5	4	4500	2750000	36	2197	1899	70	88	32	50	35	49	26	12	32	23	15	176
30789206_zpid	30789206_zpid	11235	47 Brighton 3rd Ct, Brooklyn, NY 11235	40.5802925	-73.9651559	0.15099056496	7	0.359699527104	7	0.439458902876	2	3	1	864	385000	134	1600	1925	416	200	236	356	172	240	156	96	164	88	104	932
30789206_zpid	30789206_zpid	11235	47 Brighton 3rd Ct, Brooklyn, NY 11235	40.5802925	-73.9651559	0.360547668286	6	0.359699527104	7	0.439458902876	2	3	1	864	385000	134	1600	1925	416	200	236	356	172	240	156	96	164	88	104	932
30769452_zpid	30769452_zpid	11236	8720 Flatlands Ave, Brooklyn, NY 11236	40.638968	-73.907386	0.123131351082	6	0.481492886185	2	0.975046349275	0	8	3	2160	700000	12	5400	1899	39	7	27	21	11	85	34	14	25	15	9	116
29854530_zpid	29854530_zpid	10471	4977 Henry Hudson Pkwy W # 4977, Bronx, NY 10471	40.897886	-73.908471	0.908738643663	0	0.952895843309	0	0.828703060188	0	3	3.5	1305	660000	6	112384.8	1940	0	0	12	24	4	4	100	0	4	0	0	32
29844320_zpid	29844320_zpid	10465	1639 Research Ave, Bronx, NY 10465	40.8472409	-73.819489	0.921020373111	0	0.602347242152	1	0.900608411109	0	3	3	1750	585000	18	5227	1957	1	2	2	4	0	12	17	14	6	1	0	26
30598978_zpid	30598978_zpid	11221	105 Ralph Ave, Brooklyn, NY 11221	40.686541	-73.923171	0.197379888783	9	0.496094885505	3	0.352175969616	2	6	4.5	4050	637000	110	1500	2013	150	50	74	116	81	28	18	7	32	45	26	172
30748465_zpid	30748465_zpid	11235	2455 Coyle St, Brooklyn, NY 11235	40.5930139	-73.935333	0.130691207649	7	0.408552368005	3	1.69436172864	0	6	3.5	2440	332500	161	2000	1955	6	13	9	2	5	3	7	12	6	2	1	55
30593115_zpid	30593115_zpid	11216	844 Lincoln Pl, Brooklyn, NY 11216	40.6704597	-73.9486325	0.142505878505	11	0.218558856268	4	0.197242250226	3	5	3	2592	1350000	23	1700	1928	156	47	81	84	84	12	23	3	23	33	19	127
30782063_zpid	30782063_zpid	11234	2044 E 67th St, Brooklyn, NY 11234	40.618421	-73.911345	0.125199338528	7	0.209775507707	1	3.24363186034	0	3	1	1260	425000	77	2000	1930	17	9	11	14	6	23	26	11	22	3	5	73
