83179276_zpid	83179276_zpid	10474	635 Barretto St, Bronx, NY 10474	40.81309	-73.889264	0.201381717386	7	0.34500349589	4	0.691068018993	1	3	1	3295	685000	101	1875	2007	112	17	92	77	63	21	16	3	25	16	13	139
30697236_zpid	30697236_zpid	11209	8025 Shore Rd, Brooklyn, NY 11209	40.629921	-74.039662	0.836286551587	0	1.22973138531	0	1.19578311056	0	3	5	4182	705000	254	5005	1930	2	2	0	2	0	3	14	3	7	0	1	22
30579882_zpid	30579882_zpid	11215	519 17th St, Brooklyn, NY 11215	40.657859	-73.981126	0.123769602726	14	0.180934172756	6	0.32732519286	1	3	1.5	1610	1350000	0	1655	1920	132	128	64	88	60	88	76	52	64	8	28	244
30595451_zpid	30595451_zpid	11225	233 Lincoln Rd, Brooklyn, NY 11225	40.661525	-73.954942	0.363735811663	8	0.397095953422	6	0.371150040243	3	4	2	3249	1500000	8	2050	1905	523	105	200	168	183	25	43	18	45	68	22	295
30715118_zpid	30715118_zpid	11214	294 Bay 20th St, Brooklyn, NY 11214	40.600713	-74.0074549	0.397775573579	5	0.356315136091	3	0.893925544866	0	3	1.75	1645	256000	223	2650	1940	78	7	27	26	15	33	32	37	10	7	7	99
30777802_zpid	30777802_zpid	11236	10817 Flatlands 7th St, Brooklyn, NY 11236	40.6422577	-73.8843186	0.679605344011	1	0.519019770164	1	1.55957315011	0	3	2.5	2252	392500	21	2700	1965	24	4	16	24	16	8	44	8	32	8	4	84
30792074_zpid	30792074_zpid	11235	2701 E 28th St, Brooklyn, NY 11235	40.587012	-73.941055	0.301249659807	5	0.497074425279	1	1.10752554696	0	5	3.5	1600	899000	0	1600	1925	24	10	15	24	12	34	21	29	36	4	5	96
30633104_zpid	30633104_zpid	11212	862 Thomas S Boyland St, Brooklyn, NY 11212	40.659309	-73.911306	0.287482499515	5	0.245899836359	5	0.416446409607	2	4	1	1600	155000	63	1600	1983	880	60	552	496	368	136	160	60	208	132	68	792
68310494_zpid	68310494_zpid	11207	73 Stewart St, Brooklyn, NY 11207	40.681765	-73.903082	0.306655417974	4	0.528322491952	1	0.184455623281	9	4	3	3290	499000	128	1700	2004	33	15	25	36	22	4	13	13	9	9	4	78
30711622_zpid	30711622_zpid	11228	37 Bay 7th St, Brooklyn, NY 11228	40.611376	-74.011561	0.0840193591603	6	0.271307437006	1	0.913520145587	0	4	1	2960	970000	6	2320	1930	9	15	3	18	2	24	42	37	27	6	6	68
30572792_zpid	30572792_zpid	11215	502 Carroll St, Brooklyn, NY 11215	40.676658	-73.985835	0.414213448127	12	0.304005222705	4	0.241435577284	2	5	4	2280	1400000	39	1311	1931	37	47	16	23	15	23	24	31	11	5	9	79
30750106_zpid	30750106_zpid	11235	2701 Voorhies Ave, Brooklyn, NY 11235	40.587219	-73.942133	0.316774291998	6	0.505487165257	1	1.01695237275	0	5	5.5	2571	740000	125	2500	1920	24	8	15	26	13	38	26	33	36	2	6	99
30574718_zpid	30574718_zpid	11232	444 37th St, Brooklyn, NY 11232	40.652854	-74.003997	0.154816829589	5	0.268262779465	4	0.185302850859	2	4	2	1950	999000	35	1870	1901	71	48	27	33	32	12	46	18	16	12	8	120
30700518_zpid	30700518_zpid	11209	46 Gatling Pl, Brooklyn, NY 11209	40.618971	-74.024873	0.215227139554	10	0.194769948094	5	0.509734811978	2	3	2	2375	857000	11	1700	1940	280	184	68	96	72	120	76	56	4	36	12	592
29780207_zpid	29780207_zpid	10455	905 E 156th St, Bronx, NY 10455	40.817244	-73.901056	0.19384094729	10	0.196642653552	8	0.26745079722	5	5	2	2092	275000	11	2242	1910	215	14	71	91	52	22	22	9	29	30	17	182
30664185_zpid	30664185_zpid	11210	801 E 38th St, Brooklyn, NY 11210	40.635762	-73.939941	0.500946928959	1	0.541354715784	1	0.727552139853	1	4	2	1352	475000	9	2000	1930	160	32	184	196	236	140	88	28	92	80	12	488
30653113_zpid	30653113_zpid	11203	56 E 58th St, Brooklyn, NY 11203	40.653987	-73.923156	0.175312983157	9	0.363926792865	3	1.0115971982	0	3	4	2038	549000	0	1623	1945	125	20	46	60	46	38	18	6	16	24	13	109
30723166_zpid	30723166_zpid	11223	34 Kings Pl, Brooklyn, NY 11223	40.603627	-73.9753099	0.0868185183267	7	0.305454929541	3	0.253377824286	3	3	2	2200	1650000	0	5000	1920	90	24	43	29	31	85	23	60	26	15	6	132
30583029_zpid	30583029_zpid	11215	687 President St, Brooklyn, NY 11215	40.675598	-73.979853	0.0695866055919	14	0.105510206366	5	0.334940299754	3	4	3	2434	3031415	12	1726	1899	60	56	26	33	26	21	28	29	20	11	9	132
30773056_zpid	30773056_zpid	11236	864 E 95th St, Brooklyn, NY 11236	40.648063	-73.9088529	0.457653680468	4	0.921931465242	0	0.611920936279	1	3	2	814	515000	0	5790	1899	26	5	18	27	18	35	29	8	8	13	4	99
30789396_zpid	30789396_zpid	11235	3069 Brighton 1st St, Brooklyn, NY 11235	40.5769745	-73.9668823	0.120481808144	7	0.289518685484	8	0.155468441207	2	3	1	1498	520000	61	3500	1910	72	34	48	63	42	43	30	11	38	16	13	174
30574446_zpid	30574446_zpid	11232	179 32nd St, Brooklyn, NY 11232	40.6560606	-74.0010868	0.145511966863	4	0.541640440293	2	0.336144699486	2	6	3	3240	890000	40	1800	1910	92	120	52	68	48	32	140	64	52	4	36	292
30735145_zpid	30735145_zpid	11223	2047 W 13th St, Brooklyn, NY 11223	40.596916	-73.98399	0.216219994801	8	0.271233817682	6	0.255497155652	3	5	2	1900	595000	72	2350	1925	21	14	7	17	7	28	26	39	13	7	2	44
29789212_zpid	29789212_zpid	10470	127 E 237th St, Bronx, NY 10470	40.898685	-73.871813	0.255923219169	1	0.399276895856	1	0.835091802512	0	3	2	2390	515000	23	4007	1920	53	12	9	7	7	35	12	14	14	6	1	62
30782068_zpid	30782068_zpid	11234	2058 E 67th St, Brooklyn, NY 11234	40.618208	-73.911112	0.0946712975449	7	0.179674068027	1	3.26183425412	0	3	2	1920	535000	5	2000	1930	68	44	52	60	28	92	96	40	84	8	24	284
30618295_zpid	30618295_zpid	11206	727 Flushing Ave, Brooklyn, NY 11206	40.700663	-73.9436044	0.299986643914	10	0.308534819853	6	0.213920359741	4	2	2	900	1400000	5	1215	1931	69	115	27	44	24	34	30	18	25	16	16	151
30642292_zpid	30642292_zpid	11208	21 Kiely Pl, Brooklyn, NY 11208	40.686345	-73.8721811	0.25537624624	6	0.241444532776	4	0.375990774686	3	7	2	2970	400000	134	1742	1901	98	40	68	87	47	79	41	17	62	46	8	199
30602356_zpid	30602356_zpid	11221	919 Lafayette Ave, Brooklyn, NY 11221	40.6918999	-73.935649	0.365191788608	11	0.527524967826	7	0.590784055446	2	4	3.5	1920	1350000	6	1600	1899	168	56	85	120	96	38	34	15	31	51	40	220
30636448_zpid	30636448_zpid	11207	35 Bulwer Pl, Brooklyn, NY 11207	40.682848	-73.894112	0.383196080227	3	0.315961617712	3	0.602228469979	1	3	2	1564	675000	4	2625	1925	236	92	152	124	108	140	108	128	84	60	24	320
30722562_zpid	30722562_zpid	11223	1851 W 13th St, Brooklyn, NY 11223	40.6015326	-73.984938	0.344727984805	8	0.438610379573	7	0.455182002609	3	2	1	3750	284000	237	2500	1932	28	23	8	10	4	43	26	39	13	6	4	61
30729386_zpid	30729386_zpid	11214	2341 82nd St, Brooklyn, NY 11214	40.602358	-73.987954	0.331694112893	8	0.317928757536	6	0.4980444907	3	4	1	2400	980000	26	3000	1920	98	16	25	39	33	55	37	32	19	8	6	113
30673648_zpid	30673648_zpid	11218	267 Dahill Rd, Brooklyn, NY 11218	40.64086	-73.97982	0.150115404331	10	0.193694421556	10	0.354310382338	2	4	2.75	1836	650000	14	1783	1920	91	29	35	49	42	63	56	75	20	13	9	183
30775776_zpid	30775776_zpid	11236	1075 E 105th St, Brooklyn, NY 11236	40.644627	-73.8910439	0.401310549201	3	0.365323592424	3	0.940204372899	0	3	2.5	1700	380000	25	1700	1960	43	5	21	20	13	23	13	3	13	9	7	70
30657637_zpid	30657637_zpid	11225	343 Winthrop St, Brooklyn, NY 11225	40.657421	-73.948406	0.148983988608	5	0.184931907299	8	0.137013614794	3	5	3	3090	640000	5	2112	1910	504	84	240	228	216	116	76	20	80	104	24	420
29786356_zpid	29786356_zpid	10468	2321 Grand Ave, Bronx, NY 10468	40.8609042	-73.9048159	0.174266317274	5	0.152575376343	10	0.288961659707	5	9	3	4125	530000	125	1875	1910	527	74	228	285	287	34	34	15	79	84	52	382
30776767_zpid	30776767_zpid	11236	1122 E 105th St, Brooklyn, NY 11236	40.6436599	-73.890765	0.511511202157	4	0.475526348368	3	0.993845357312	0	4	2	1960	480000	27	1568	1960	45	5	18	21	12	25	14	5	13	10	7	64
30666288_zpid	30666288_zpid	11226	100 Rugby Rd, Brooklyn, NY 11226	40.647263	-73.966803	0.115731081531	9	0.714354147633	1	0.389829316042	3	7	3	2990	2100000	23	6000	1905	226	33	141	132	165	14	11	8	38	41	5	198
30640376_zpid	30640376_zpid	11207	513 Miller Ave, Brooklyn, NY 11207	40.668086	-73.8897609	0.251189913916	6	0.511727670527	6	0.298048165618	4	5	3	2360	650000	2	2311	1901	176	23	134	126	129	27	42	10	56	62	19	244
30668157_zpid	30668157_zpid	11218	493 Stratford Rd, Brooklyn, NY 11218	40.636373	-73.96699	0.28103485375	8	0.281284773985	9	0.382567338457	2	6	3	2592	274000	202	4000	1909	93	24	46	37	23	52	29	24	12	9	6	104
30606686_zpid	30606686_zpid	11233	17A Kane Pl, Brooklyn, NY 11233	40.677574	-73.923425	0.401626670807	4	0.134957417562	1	0.206966729812	2	4	3	2070	870000	2	1507	1901	452	108	292	336	228	64	108	24	136	156	84	644
30784584_zpid	30784584_zpid	11234	1754 E 53rd St, Brooklyn, NY 11234	40.615612	-73.923902	0.393422146361	8	0.946523410962	0	2.77481541423	0	8	6	2684	630000	5	3000	1925	17	16	9	11	11	37	25	22	20	6	7	118
30769209_zpid	30769209_zpid	11236	930 E 83rd St, Brooklyn, NY 11236	40.636206	-73.91063	0.119473808689	6	0.123537835932	2	1.37940314546	0	7	4.5	2400	585000	8	2003	1960	37	6	20	19	8	86	25	12	25	11	9	101
30727615_zpid	30727615_zpid	11229	1825 E 22nd St, Brooklyn, NY 11229	40.60702	-73.950554	0.557414964496	5	0.478306647065	2	0.640706283588	1	3	2	1915	765000	22	3000	1930	147	30	36	41	46	75	67	32	23	13	1	135
30649504_zpid	30649504_zpid	11208	947 Hegeman Ave, Brooklyn, NY 11208	40.666099	-73.877736	0.220754204278	6	0.375837789429	4	0.505424918603	1	5	2	990	460000	62	1000	1925	86	10	75	73	55	26	42	9	23	31	15	145
30629968_zpid	30629968_zpid	11207	1190 Halsey St, Brooklyn, NY 11207	40.690947	-73.909729	0.100162385039	8	0.748956111772	2	0.53773329787	2	6	2.5	3000	690000	13	2000	1925	104	31	76	92	69	19	22	16	38	43	21	164
30671504_zpid	30671504_zpid	11218	2905 Fort Hamilton Pkwy, Brooklyn, NY 11218	40.648963	-73.977772	0.13156853008	10	0.520868494022	4	0.192258409859	2	5	4	4400	210500	283	1986	1899	248	136	84	136	128	144	120	120	76	36	28	440
30671504_zpid	30671504_zpid	11218	2905 Fort Hamilton Pkwy, Brooklyn, NY 11218	40.648963	-73.977772	0.13156853008	10	0.159857673075	4	0.192258409859	2	5	4	4400	210500	283	1986	1899	248	136	84	136	128	144	120	120	76	36	28	440
30749722_zpid	30749722_zpid	11235	2644 E 19th St, Brooklyn, NY 11235	40.587193	-73.950616	0.165584542487	11	0.267892362762	3	0.301001505863	1	5	5	4400	1725000	6	4400	2012	288	80	64	188	52	188	128	108	132	64	20	640
30737538_zpid	30737538_zpid	11223	2232 W 6th St, Brooklyn, NY 11223	40.593488	-73.9773249	0.123023346173	7	0.120398558218	2	0.114645721352	4	6	4	1680	476000	135	2199	1935	136	72	40	96	40	184	92	152	100	32	28	336
30737538_zpid	30737538_zpid	11223	2232 W 6th St, Brooklyn, NY 11223	40.593488	-73.9773249	0.359208636343	5	0.120398558218	3	0.114645721352	4	6	4	1680	476000	135	2199	1935	136	72	40	96	40	184	92	152	100	32	28	336
30674475_zpid	30674475_zpid	11218	515 E 3rd St, Brooklyn, NY 11218	40.6395229	-73.97638	0.406536695571	10	0.194152551052	10	0.410912171279	2	5	2	1711	915000	5	3000	1925	900	268	312	364	212	328	160	300	140	80	40	964
30674475_zpid	30674475_zpid	11218	515 E 3rd St, Brooklyn, NY 11218	40.6395229	-73.97638	0.406536695571	9	0.194152551052	10	0.410912171279	2	5	2	1711	915000	5	3000	1925	900	268	312	364	212	328	160	300	140	80	40	964
30601719_zpid	30601719_zpid	11233	1904 Eastern Pkwy, Brooklyn, NY 11233	40.677129	-73.907635	0.261092724124	4	0.246866139529	3	0.305200177486	8	5	3	1925	625000	3	1740	1925	173	19	119	159	104	35	32	16	51	68	25	170
30785967_zpid	30785967_zpid	11234	2055 E 38th St, Brooklyn, NY 11234	40.609822	-73.928493	0.17812768029	2	0.903196364091	0	2.48130820608	0	3	2.5	1320	665000	8	2000	1925	12	44	8	20	4	72	108	92	84	0	20	260
30711821_zpid	30711821_zpid	11228	21 Bay 10th St, Brooklyn, NY 11228	40.610329	-74.009063	0.0984335362106	10	0.129700686425	5	0.67328639402	1	3	2	1622	740000	27	2103	1930	8	13	3	14	2	25	40	31	27	5	6	56
30580816_zpid	30580816_zpid	11215	274 22nd St, Brooklyn, NY 11215	40.659797	-73.992846	0.159622133299	7	0.475380168738	4	0.447925267278	2	2	1	1944	998000	6	2003	1901	17	31	10	26	12	14	23	6	8	4	6	75
29779869_zpid	29779869_zpid	10459	830 E 169th St, Bronx, NY 10459	40.82929	-73.897926	0.324190117908	6	0.350486452195	8	0.521559742779	2	4	2	2952	90000	8	2027	1901	174	77	96	116	98	21	14	5	21	43	19	153
30766496_zpid	30766496_zpid	11203	5525 Whitty Ln, Brooklyn, NY 11203	40.640619	-73.924705	0.355077662477	5	0.96047068196	0	2.00377800961	0	3	2	1296	325000	23	1710	1940	76	13	16	14	13	18	27	10	7	7	4	67
30599202_zpid	30599202_zpid	11233	813 Halsey St, Brooklyn, NY 11233	40.685459	-73.91997	0.137015093934	8	0.323618524233	3	0.304224542452	2	5	2.5	2499	855000	6	1850	1899	141	45	100	103	94	6	23	6	39	68	12	211
30727948_zpid	30727948_zpid	11229	1737 E 28th St, Brooklyn, NY 11229	40.608707	-73.945132	0.444731288554	3	0.795940730479	0	1.07187221323	0	3	1.5	1400	655000	17	2200	1930	16	7	9	22	7	28	23	31	21	3	2	79
30783464_zpid	30783464_zpid	11234	2156 E 66th St, Brooklyn, NY 11234	40.616159	-73.910037	0.152694343508	6	0.131344187494	1	3.46443225397	0	5	3	1937	660000	13	3775	1960	15	11	9	12	7	18	16	12	18	1	5	52
122025621_zpid	122025621_zpid	11201	112 Congress St, Brooklyn, NY 11201	40.6891006	-73.9984848	0.146895207953	17	0.398438139086	4	0.722686041841	1	4	5	3462	3411138	5	730	2013	30	30	10	32	7	23	47	30	17	7	2	114
30762104_zpid	30762104_zpid	11234	4710 Flatlands Ave, Brooklyn, NY 11234	40.624451	-73.92997	0.162972759429	11	0.262017390997	2	1.7607929339	0	4	4.5	1564	492500	18	6950	1955	96	72	52	84	80	196	124	88	72	20	8	384
30762104_zpid	30762104_zpid	11234	4710 Flatlands Ave, Brooklyn, NY 11234	40.624451	-73.92997	0.162972759429	10	0.262017390997	2	1.7607929339	0	4	4.5	1564	492500	18	6950	1955	96	72	52	84	80	196	124	88	72	20	8	384
30638539_zpid	30638539_zpid	11208	285 Shepherd Ave, Brooklyn, NY 11208	40.677555	-73.881358	0.305858810173	9	0.32963423986	4	0.384221005286	3	7	3	2166	20000	24	1950	1930	528	88	268	384	260	164	188	96	140	156	44	776
30756423_zpid	30756423_zpid	11234	1514 E 36th St, Brooklyn, NY 11234	40.617441	-73.94038	0.471509778869	3	0.0268435864578	4	1.60721728884	0	3	2.5	2400	500000	23	2400	1935	24	14	16	20	6	31	22	17	26	6	3	96
30584010_zpid	30584010_zpid	11215	292 5th St, Brooklyn, NY 11215	40.67215	-73.985977	0.189248419225	14	0.355673185082	4	0.244077879285	3	1	1	2772	1000000	97	2000	1910	62	81	30	53	27	34	49	47	26	20	20	203
79529802_zpid	79529802_zpid	10469	947 E 211th St, Bronx, NY 10469	40.876031	-73.858542	0.195333206043	7	0.636053346398	1	0.682009607955	1	9	6	3487	650000	103	2733	2006	48	4	24	35	22	43	13	6	27	22	16	62
29791750_zpid	29791750_zpid	10473	2238 Lacombe Ave, Bronx, NY 10473	40.816876	-73.845934	0.309445501032	3	0.271161004502	2	1.9968108004	0	5	2	1558	400000	36	1767	1960	14	3	13	2	3	11	7	3	7	3	3	40
30631950_zpid	30631950_zpid	11212	113 Osborn St, Brooklyn, NY 11212	40.6696894	-73.9086494	0.0612038383884	6	0.0677140977045	8	0.564686093462	1	2	2.5	3600	480000	0	1250	1940	83	11	26	37	31	11	24	7	14	14	15	116
30781664_zpid	30781664_zpid	11234	2025 E 59th St, Brooklyn, NY 11234	40.615273	-73.917136	0.112625001791	6	0.688453505649	1	3.23510294614	0	4	3.5	1245	509000	0	3009	1945	48	32	44	28	52	112	76	40	72	20	20	344
29817350_zpid	29817350_zpid	10462	1909 Barnes Ave # 1, Bronx, NY 10462	40.848465	-73.8638	0.149152182939	8	0.267971707012	4	0.394226212972	2	7	4	4159	599000	21	2375	1910	299	26	104	98	95	84	47	22	39	38	17	199
30634411_zpid	30634411_zpid	11207	384 Miller Ave, Brooklyn, NY 11207	40.671481	-73.891207	0.16485756852	5	0.279476664243	3	0.154355244117	4	9	4	2700	413400	49	2000	1899	121	22	99	102	94	60	41	24	47	38	24	224
30730389_zpid	30730389_zpid	11214	8734 25th Ave, Brooklyn, NY 11214	40.595386	-73.990201	0.360164226202	6	0.351852231237	5	0.384475466454	1	6	3	2140	825000	29	1933	1935	30	11	16	19	9	44	39	22	22	9	3	77
2099648601_zpid	2099648601_zpid	11236	1029 East 95th Street, Brooklyn, NY 11236	40.645166	-73.904859	0.159383429097	5	0.84939566871	0	0.303365265906	1	5	2	2525	699000	0	1760	1930	45	9	25	36	21	62	23	10	11	23	9	104
30748114_zpid	30748114_zpid	11235	2417 E 22nd St, Brooklyn, NY 11235	40.59251	-73.947832	0.199522710978	11	0.500538521392	4	0.690335659873	1	5	2.5	2964	480000	39	2350	1930	34	10	5	18	7	25	28	30	26	3	1	64
29783508_zpid	29783508_zpid	10459	1295 Intervale Ave, Bronx, NY 10459	40.830021	-73.893914	0.192207818428	5	0.285355219674	7	0.175461890937	2	3	1.5	1152	235000	8	1755	1988	226	89	95	139	115	39	29	6	28	50	25	199
94719208_zpid	94719208_zpid	11239	582 Vandalia Ave, Brooklyn, NY 11239	40.656456	-73.8711615	0.410268776887	2	0.273536598329	2	1.52482631009	0	2	1	2448	419656	64	2322	2009	1	0	0	0	0	0	1	2	2	0	0	12
29787968_zpid	29787968_zpid	10458	2932 Valentine Ave, Bronx, NY 10458	40.8709	-73.8871039	0.223430765693	9	0.253219435003	6	0.143532113716	4	10	5	2583	539000	8	2000	1899	649	40	127	149	148	40	22	10	51	49	18	236
30784279_zpid	30784279_zpid	11234	1872 Kimball St, Brooklyn, NY 11234	40.613444	-73.930851	0.301925663035	3	0.597829035427	1	2.33971518191	0	3	1.5	1216	470000	22	2150	1930	6	35	3	4	1	23	25	25	23	1	2	64
30612422_zpid	30612422_zpid	11205	495 Dekalb Ave, Brooklyn, NY 11205	40.690902	-73.957149	0.0186862534874	8	0.116897243417	5	0.334373551722	2	3	1	4975	600000	131	2000	1955	568	312	148	236	132	116	152	132	104	40	84	620
30781352_zpid	30781352_zpid	11234	1464 E 65th St, Brooklyn, NY 11234	40.618663	-73.914032	0.265121518105	6	0.421384670858	1	3.24854056553	0	3	2	1600	524000	15	2400	1920	80	36	44	48	20	92	108	40	80	8	24	348
30735839_zpid	30735839_zpid	11223	1949 E 1st St, Brooklyn, NY 11223	40.600698	-73.970924	0.568606985859	7	0.208884375907	4	0.305586323071	2	4	2	1990	1350000	14	3049	1923	35	21	15	29	12	45	31	71	24	10	4	107
30671675_zpid	30671675_zpid	11219	1021 38th St, Brooklyn, NY 11219	40.644929	-73.991448	0.230439556717	5	0.373153619041	5	0.286410381476	2	4	2	2060	450000	113	2107	1899	108	16	84	136	44	96	80	152	52	36	12	272
30589646_zpid	30589646_zpid	11238	574 Carlton Ave, Brooklyn, NY 11238	40.679729	-73.971833	0.163029397267	17	0.340641579117	4	0.268624176842	8	5	3.5	3600	1549000	78	2000	1910	55	52	23	34	16	9	28	12	15	7	11	85
29782668_zpid	29782668_zpid	10456	1340 Clay Ave, Bronx, NY 10456	40.835057	-73.908812	0.115629771275	8	0.271391187784	8	0.610766368643	1	5	2	2660	265000	13	2250	1940	397	54	156	181	184	41	22	14	69	60	29	268
30670876_zpid	30670876_zpid	11218	415 Vanderbilt St, Brooklyn, NY 11218	40.653156	-73.9777307	0.119956307919	7	0.308290617891	2	0.40936198804	1	2	1	1000	210000	320	1800	1910	10	21	13	20	12	21	22	27	17	1	4	53
29838864_zpid	29838864_zpid	10466	4373 Wilder Ave, Bronx, NY 10466	40.8990374	-73.8443655	0.424108481016	2	0.519671774732	1	0.695696610052	1	1	1	546	204000	1	2125	1910	52	7	27	24	14	26	38	12	23	8	3	66
30587751_zpid	30587751_zpid	11215	518 7th St, Brooklyn, NY 11215	40.667102	-73.979063	0.155567960375	16	0.569139181668	4	0.139840661317	2	4	3	2700	2525000	20	2000	1901	32	55	17	32	15	17	63	36	24	6	14	163
30773402_zpid	30773402_zpid	11236	1324 Rockaway Pkwy, Brooklyn, NY 11236	40.647062	-73.904871	0.115789117882	5	0.823971093873	0	0.259171658549	2	6	2	1224	437750	14	2500	1920	38	7	21	32	16	54	21	10	8	18	6	80
29789529_zpid	29789529_zpid	10470	340 E 234th St, Bronx, NY 10470	40.896775	-73.86551	0.547649934885	2	0.172122273259	1	0.269110912362	1	7	3	2385	1250000	0	14810.400000000001	1878	260	68	48	84	36	132	40	56	64	12	16	280
30574471_zpid	30574471_zpid	11232	182A 32nd St, Brooklyn, NY 11232	40.6560653	-74.0015924	0.103111874692	4	0.560389743563	3	0.300918083	2	2	1.5	1855	1080000	8	1660	1987	92	120	52	64	48	36	152	68	60	4	36	332
29784245_zpid	29784245_zpid	10458	467 E 185th St, Bronx, NY 10458	40.8567876	-73.8924482	0.142036479619	11	0.411146325238	7	0.544930883173	3	3	3	1296	225000	18	1667	1910	434	44	192	189	220	24	31	14	43	70	29	325
30668694_zpid	30668694_zpid	11226	1172 Rogers Ave, Brooklyn, NY 11226	40.641329	-73.951784	0.338712028119	6	0.258073467501	4	0.322747842097	2	9	4	3780	969000	0	2625	1920	416	112	185	194	167	74	43	19	40	88	21	346
30730373_zpid	30730373_zpid	11214	145 Bay 38th St, Brooklyn, NY 11214	40.595325	-73.990715	0.383863068154	6	0.389440111522	5	0.421931211193	1	6	2	2256	800000	41	2900	1930	128	44	64	88	40	160	152	84	88	40	12	308
29786645_zpid	29786645_zpid	10453	1937 Loring Pl S, Bronx, NY 10453	40.8550679	-73.9144444	0.108030495223	6	0.108227073091	3	0.442094682875	2	8	3	2440	494000	24	2250	1910	401	23	118	156	153	81	28	10	74	42	17	201
30602557_zpid	30602557_zpid	11221	293 Van Buren St, Brooklyn, NY 11221	40.691207	-73.935221	0.388234055975	10	0.544748757637	6	0.590703939742	2	3	1	2418	489000	19	1783	1899	176	40	93	129	101	41	29	14	36	50	44	226
30756611_zpid	30756611_zpid	11234	3820 Flatlands Ave, Brooklyn, NY 11234	40.618971	-73.938314	0.503545072028	4	0.228955569749	3	1.73301569908	0	6	3	2200	670000	109	2613	1925	38	15	19	22	11	40	29	22	26	7	3	105
30636565_zpid	30636565_zpid	11207	26 Sunnyside Ct, Brooklyn, NY 11207	40.683265	-73.8898169	0.506806144336	3	0.415268527836	4	0.572268025826	2	3	1	3000	230000	161	1600	1901	200	100	136	124	108	144	108	76	104	40	24	280
30592436_zpid	30592436_zpid	11216	641 Saint Johns Pl, Brooklyn, NY 11216	40.672498	-73.956785	0.0569198798564	13	0.481664030711	5	0.231909786255	6	2	1.5	1100	930000	19	1600	1899	616	128	360	400	324	72	84	32	80	140	88	520
