30722699_zpid	30722699_zpid	11223	1842 W 9th St, Brooklyn, NY 11223	40.602078	-73.981765	0.134441408596	9	0.448074407877	6	0.237538711792	3	5	3	2160	796000	40	3000	1925	292	108	128	72	84	240	120	180	80	32	20	356
30722699_zpid	30722699_zpid	11223	1842 W 9th St, Brooklyn, NY 11223	40.602078	-73.981765	0.134441408596	10	0.448074407877	5	0.237538711792	3	5	3	2160	796000	40	3000	1925	292	108	128	72	84	240	120	180	80	32	20	356
30623132_zpid	30623132_zpid	11211	141 Ainslie St, Brooklyn, NY 11211	40.7127701	-73.9488584	0.165536899213	15	0.150509851901	6	0.140518896125	4	3	2.5	1200	1510000	16	1000	1901	54	132	35	65	34	33	51	15	21	12	16	197
30572266_zpid	30572266_zpid	11231	457 Union St, Brooklyn, NY 11231	40.680537	-73.990222	0.396696629959	11	0.256640978956	2	0.348014547323	3	4	3	2567	2688000	2	2084	1910	15	24	2	24	10	13	29	30	16	3	2	93
30652462_zpid	30652462_zpid	11203	40 E 58th St, Brooklyn, NY 11203	40.6545312	-73.9231915	0.140523306872	9	0.391162129638	2	0.964243399644	0	3	2.5	2038	440000	14	1566	1940	124	20	46	56	48	39	17	7	14	21	13	110
29783384_zpid	29783384_zpid	10460	1530 Seabury Pl, Bronx, NY 10460	40.83506	-73.890942	0.242800915991	6	0.19523327078	4	0.366761438714	2	4	3	2300	417000	86	7000	1987	162	23	68	91	70	20	13	3	21	31	11	150
64580451_zpid	64580451_zpid	11222	169 Engert Ave, Brooklyn, NY 11222	40.7218073	-73.9436379	0.205347996917	13	0.129829288966	1	0.717242772653	1	2	1	23450	1100000	25	7260	2004	30	46	17	45	10	15	37	20	29	9	12	142
29827918_zpid	29827918_zpid	10469	951 E 221st St, Bronx, NY 10469	40.882803	-73.8544639	0.314045321305	4	0.474578442361	2	0.703871855656	1	5	2	2040	323500	32	2038	1935	62	15	26	27	25	32	4	3	18	8	2	48
30680008_zpid	30680008_zpid	11204	1770 59th St, Brooklyn, NY 11204	40.622723	-73.987353	0.559224357883	3	0.215039019769	4	0.345068429724	2	4	2	2200	975000	14	2003	1940	20	12	20	22	5	48	54	84	24	8	7	106
30762522_zpid	30762522_zpid	11234	1283 E 55th St, Brooklyn, NY 11234	40.625479	-73.922431	0.182354387833	7	0.429379301184	2	2.28197222543	0	3	2	1288	398000	30	4000	1955	20	14	22	15	11	48	23	26	19	14	9	84
30698431_zpid	30698431_zpid	11209	8225 Shore Rd, Brooklyn, NY 11209	40.62814	-74.039565	0.820629909211	0	1.11559065475	0	1.12190111552	0	4	3.5	3000	2750000	56	10000	1950	5	2	0	4	0	2	19	10	6	1	1	29
30582705_zpid	30582705_zpid	11217	64 7th Ave APT 1A, Brooklyn, NY 11217	40.6755564	-73.9747293	0.0566106832091	15	0.0721697081484	6	0.288317254716	4	1	1	448	185000	164	2550	1889	34	49	7	18	9	8	39	12	27	8	7	100
30667689_zpid	30667689_zpid	11226	387 Rugby Rd, Brooklyn, NY 11226	40.640291	-73.964896	0.149106909965	10	0.197219063927	7	0.110540912579	3	2	2.5	2835	100000	270	3233	1910	157	34	68	65	46	33	20	18	13	16	4	117
30659625_zpid	30659625_zpid	11203	312 E 38th St, Brooklyn, NY 11203	40.649588	-73.942001	0.164587689289	3	0.286221195997	1	0.654764213352	1	3	2	1600	200000	5	2003	1950	540	84	424	380	344	272	56	28	100	136	40	492
30709781_zpid	30709781_zpid	11228	1253 83rd St, Brooklyn, NY 11228	40.61647	-74.012805	0.404706387822	4	0.68201434053	1	1.08221445201	0	6	3	2940	999000	26	3000	1940	6	14	0	13	0	19	32	18	15	4	1	42
30721836_zpid	30721836_zpid	11223	1729 W 5th St, Brooklyn, NY 11223	40.6053065	-73.9779445	0.0593067253062	11	0.0411116730997	4	0.255253730521	3	7	4	2720	1125000	31	2600	1920	105	24	48	28	38	98	24	49	25	14	6	117
30636582_zpid	30636582_zpid	11207	207 Sunnyside Ave, Brooklyn, NY 11207	40.682849	-73.890006	0.462964278931	4	0.368558658257	4	0.556451097663	2	4	4	2080	579000	106	23	1901	56	30	34	35	29	42	32	27	28	12	6	84
30674643_zpid	30674643_zpid	11218	394 E 8th St, Brooklyn, NY 11218	40.640369	-73.971354	0.295731724122	11	0.163001407669	6	0.633454598567	2	2	1	810	720000	32	2400	1925	209	58	79	93	51	72	47	68	29	21	12	226
29788571_zpid	29788571_zpid	10467	246 E 207th St, Bronx, NY 10467	40.875424	-73.878348	0.0917470800765	10	0.214616683992	5	0.080484476521	3	4	3	2432	440000	117	2500	1915	529	61	168	185	204	67	30	31	62	53	26	260
30641682_zpid	30641682_zpid	11208	25 Hemlock St, Brooklyn, NY 11208	40.6893109	-73.872184	0.278165902652	6	0.218471861488	6	0.0766443844658	3	6	3.5	1000	457500	61	20	1925	70	20	44	61	31	53	31	13	31	25	3	113
30765397_zpid	30765397_zpid	11234	1761 E 51st St, Brooklyn, NY 11234	40.617439	-73.925406	0.164582764526	10	0.718985677912	1	2.54309418779	0	3	1.5	1092	455000	10	3000	1920	64	192	20	28	40	116	108	96	72	20	24	572
30614344_zpid	30614344_zpid	11216	37 Jefferson Ave # 2, Brooklyn, NY 11216	40.6827956	-73.9558629	0.154480742385	10	0.155220669056	7	0.205911748503	3	1	1	4520	200000	170	1600	1899	97	99	45	51	36	20	31	13	15	21	39	158
30612720_zpid	30612720_zpid	11238	312 Lafayette Ave, Brooklyn, NY 11238	40.688272	-73.963099	0.294466725864	13	0.305472676658	5	0.2245026934	3	2	1	900	325000	137	1900	1905	69	50	56	77	55	24	35	11	32	17	12	113
29852985_zpid	29852985_zpid	10471	232 W 256th St, Bronx, NY 10471	40.903021	-73.89798	0.363900966118	4	0.364014174719	3	1.36266922895	0	3	2.5	1408	259000	186	2223	1920	12	2	3	4	5	20	14	6	15	0	2	29
83044387_zpid	83044387_zpid	11206	101 Hart St, Brooklyn, NY 11206	40.69354	-73.947529	0.09538462478	7	0.490950888042	4	0.251463877976	3	8	5.5	4124	1179000	0	1944	2007	360	116	268	384	208	132	72	148	116	112	92	560
30762247_zpid	30762247_zpid	11234	1426 E 51st St, Brooklyn, NY 11234	40.625625	-73.926874	0.269314120774	9	0.205198245628	1	1.92948538844	0	4	4	1915	112000	122	2000	1935	92	76	68	84	56	212	116	92	96	20	24	356
30694027_zpid	30694027_zpid	11209	261 73rd St, Brooklyn, NY 11209	40.633226	-74.027923	0.0745115981439	14	0.238960630618	4	0.430171639668	2	5	3	2100	971500	13	2000	1925	146	32	48	51	38	41	46	108	23	18	5	159
30671423_zpid	30671423_zpid	11218	95 E 2nd St, Brooklyn, NY 11218	40.649584	-73.979245	0.133439229015	9	0.141022051686	2	0.294013845502	2	5	2	2040	350000	190	2000	1925	164	112	76	100	100	112	96	116	64	20	20	348
30671423_zpid	30671423_zpid	11218	95 E 2nd St, Brooklyn, NY 11218	40.649584	-73.979245	0.133439229015	9	0.554653663518	1	0.294013845502	2	5	2	2040	350000	190	2000	1925	164	112	76	100	100	112	96	116	64	20	20	348
30671409_zpid	30671409_zpid	11218	129 E 2nd St, Brooklyn, NY 11218	40.648786	-73.979086	0.0444508855988	9	0.469284891701	4	0.301241404989	2	3	2	1850	815000	69	1800	1925	212	108	72	104	92	84	116	108	76	20	24	392
29792496_zpid	29792496_zpid	10473	2261 Cincinnatus Ave, Bronx, NY 10473	40.82088	-73.84611	0.210922551173	2	0.157784586908	2	1.56368361303	0	3	2	1730	259000	48	1900	1935	22	3	11	2	3	13	7	0	9	1	2	45
30730399_zpid	30730399_zpid	11214	8756 25th Ave, Brooklyn, NY 11214	40.59495	-73.990654	0.404090165418	8	0.41291061063	5	0.445554708626	1	5	3.5	2160	998000	12	1950	1960	34	7	16	21	9	43	38	21	24	10	3	78
29812027_zpid	29812027_zpid	10461	2445 Saint Raymonds Ave, Bronx, NY 10461	40.84007	-73.8489479	0.297892108542	10	0.296962060433	6	0.430030258796	3	6	3	2040	451500	80	2383	1960	123	16	43	37	29	26	22	13	23	11	6	134
30700918_zpid	30700918_zpid	11209	251 92nd St, Brooklyn, NY 11209	40.619754	-74.033697	0.0694044692334	12	0.119205601865	5	0.449270708103	2	5	3	2928	850000	44	4000	1925	103	45	31	50	34	72	38	29	10	7	6	177
30762405_zpid	30762405_zpid	11234	1391 E 53rd St, Brooklyn, NY 11234	40.624664	-73.924224	0.251888042225	11	0.253870723671	2	2.17759791319	0	4	3	1732	489000	0	1800	1940	13	19	17	11	10	57	31	24	20	11	9	98
30606212_zpid	30606212_zpid	11233	295 Bainbridge St, Brooklyn, NY 11233	40.68191	-73.92483	0.451563256565	7	0.362083731366	3	0.450556255394	2	16	9	5787	1133275	29	1807	1927	183	74	119	148	90	24	19	15	49	61	28	225
30636049_zpid	30636049_zpid	11212	750 Sackman St, Brooklyn, NY 11212	40.658965	-73.902455	0.395526004113	3	0.538645277485	4	0.273396018986	4	5	2	2283	494400	111	2282	1910	57	10	39	47	31	16	20	6	26	13	6	98
30626101_zpid	30626101_zpid	11237	156 Stockholm St, Brooklyn, NY 11237	40.699171	-73.922758	0.115013827015	12	0.295520745116	6	0.263276729421	3	7	5	3300	695000	39	1500	2001	177	76	128	181	146	24	19	10	64	76	26	272
29840403_zpid	29840403_zpid	10466	959 E 241st St, Bronx, NY 10466	40.902339	-73.84425	0.316743310904	4	0.546145484739	2	0.543052610849	1	8	4	3190	396354	26	2400	1931	44	6	23	22	10	14	25	11	14	7	1	54
30739737_zpid	30739737_zpid	11235	723 Desmond Ct, Brooklyn, NY 11235	40.590868	-73.9619422	0.353570813852	9	0.808027230365	0	0.752393188454	0	3	2.5	1800	400000	182	1800	1945	34	10	9	12	11	32	27	19	14	4	2	45
30793444_zpid	30793444_zpid	11229	19 Gain Ct, Brooklyn, NY 11229	40.586723	-73.922961	0.367553837789	1	1.50078123651	0	2.63716024791	0	3	2	1250	150000	262	1800	1920	2	3	1	13	0	0	30	9	20	2	5	36
30601730_zpid	30601730_zpid	11233	1412 Herkimer St, Brooklyn, NY 11233	40.67704	-73.9068099	0.33049216062	4	0.316607831374	3	0.277098262931	9	5	4	2724	100000	13	1960	1910	612	72	396	540	344	128	120	64	180	236	88	600
30763821_zpid	30763821_zpid	11234	1571 Hendrickson St, Brooklyn, NY 11234	40.619535	-73.93446	0.287766282817	8	0.286663988661	3	1.85276729827	0	4	2	2380	610000	22	2700	1920	128	164	60	92	64	156	124	92	52	40	4	544
30605777_zpid	30605777_zpid	11233	464A Macdonough St, Brooklyn, NY 11233	40.6827031	-73.9278782	0.269720335941	7	0.331986368106	3	0.442814052658	2	4	3	2382	1175000	5	1767	1899	137	70	101	123	71	14	14	12	48	41	24	186
30696544_zpid	30696544_zpid	11209	635 78th St, Brooklyn, NY 11209	40.625414	-74.0201249	0.323794556801	12	0.408490559361	5	0.662661295077	1	3	2	1500	805000	3	1999	1915	69	23	18	25	20	17	30	32	12	24	2	90
30794160_zpid	30794160_zpid	11229	2854 Gerritsen Ave, Brooklyn, NY 11229	40.590433	-73.922886	0.0711850739265	2	1.41974052001	0	2.67252034627	0	3	3	1216	435000	105	1440	1955	1	6	1	15	0	1	31	12	22	1	4	39
30750108_zpid	30750108_zpid	11235	2675 E 27th St, Brooklyn, NY 11235	40.5874979	-73.942048	0.302141561131	6	0.474317093134	2	1.0256909563	0	3	1.5	1328	520000	26	2600	1905	17	10	11	23	5	37	27	32	31	2	5	98
30695288_zpid	30695288_zpid	11209	7517 Colonial Rd, Brooklyn, NY 11209	40.632183	-74.0330199	0.280832465666	10	0.43533913798	4	0.690196570233	1	3	1	1664	850000	22	2000	1925	312	84	72	96	80	184	164	428	76	28	12	408
30695288_zpid	30695288_zpid	11209	7517 Colonial Rd, Brooklyn, NY 11209	40.632183	-74.0330199	0.280832465666	10	0.627782884884	2	0.690196570233	1	3	1	1664	850000	22	2000	1925	312	84	72	96	80	184	164	428	76	28	12	408
30650173_zpid	30650173_zpid	11208	702 Cozine Ave, Brooklyn, NY 11208	40.6619291	-73.8672207	0.607473094562	2	0.316056886172	3	1.47545127558	0	3	2	800	344000	9	1662	1930	18	4	5	8	2	7	20	3	5	4	1	38
30723741_zpid	30723741_zpid	11230	1304 Glenwood Rd, Brooklyn, NY 11230	40.631923	-73.96437	0.192444463007	7	0.236856154413	3	0.374770999324	2	5	4	2300	999999	87	5000	1903	70	37	52	48	41	64	37	38	25	12	8	133
30720383_zpid	30720383_zpid	11223	1659 W 10th St, Brooklyn, NY 11223	40.60622	-73.982909	0.174187412701	7	0.397256498127	4	0.334735768185	2	5	2	2904	990000	18	2000	1925	69	17	35	18	29	58	20	24	14	8	3	74
29788170_zpid	29788170_zpid	10458	208 E Mosholu Pkwy S, Bronx, NY 10458	40.87363	-73.883538	0.12222352704	11	0.0474159310354	5	0.369507625445	4	8	4	2715	150000	273	2844	1910	597	27	66	91	59	25	14	12	12	29	11	142
30726890_zpid	30726890_zpid	11229	1619 E 15th St, Brooklyn, NY 11229	40.609991	-73.958254	0.1799938869	4	0.277022454093	5	0.151149397072	1	7	3	2808	760000	9	2252	1920	97	24	38	40	34	35	22	23	11	13	6	162
30592676_zpid	30592676_zpid	11216	26 Saint Francis Pl APT 2, Brooklyn, NY 11216	40.671563	-73.956981	0.0670670199282	12	0.466763987855	5	0.138007000283	6	1	1	1000	81000	40	1584	1910	123	28	69	83	73	14	17	6	18	27	17	108
30787046_zpid	30787046_zpid	11234	2037 E 55th St, Brooklyn, NY 11234	40.612687	-73.920489	0.343486110113	2	1.06444513399	0	3.18583441734	0	3	1	1560	413700	0	2000	1920	17	4	10	11	10	30	19	14	18	5	6	97
121230084_zpid	121230084_zpid	10469	958 E 219th St, Bronx, NY 10469	40.880845	-73.855078	0.524794122174	7	0.614516725677	1	0.723986758138	1	9	6	2572	600000	1	3484	2004	87	16	38	45	36	56	5	4	25	14	7	80
29830087_zpid	29830087_zpid	10469	3340 Kingsland Ave, Bronx, NY 10469	40.876455	-73.84374	0.201487455593	4	0.334265304192	2	0.598047284202	1	5	2.5	1960	345000	6	2374	1955	45	9	34	37	28	38	34	15	37	16	8	104
30635122_zpid	30635122_zpid	11207	483 Pennsylvania Ave, Brooklyn, NY 11207	40.665506	-73.893885	0.287172882027	3	0.129658997011	8	0.129129474105	3	2	1	2000	215000	34	2000	1901	223	18	132	129	149	23	49	11	51	54	18	253
30712868_zpid	30712868_zpid	11228	139 Bay 10th St, Brooklyn, NY 11228	40.608083	-74.011401	0.141978293414	7	0.446777635502	4	0.816930412031	0	4	2.5	1476	540000	46	2368	1925	7	12	2	11	2	22	33	29	22	3	5	53
30641395_zpid	30641395_zpid	11208	20 Logan St, Brooklyn, NY 11208	40.686266	-73.879222	0.310113990719	6	0.466327065792	3	0.544949252241	3	5	2	1680	620000	100	2325	1920	72	31	43	51	33	42	18	12	36	22	7	114
29785431_zpid	29785431_zpid	10460	784 Garden St, Bronx, NY 10460	40.84934	-73.883819	0.0272628338558	10	0.542646857754	3	1.0557502428	0	6	2	1760	419000	2	1698	1901	186	14	75	68	99	11	9	5	20	25	16	121
30731485_zpid	30731485_zpid	11214	207 Bay 46th St, Brooklyn, NY 11214	40.5881995	-73.9886213	0.334173993651	4	0.678218815296	1	0.416697845985	1	3	2	1360	550000	22	1916	1930	13	10	8	24	6	22	22	22	27	8	5	48
30634226_zpid	30634226_zpid	11212	123 Powell St, Brooklyn, NY 11212	40.671675	-73.904185	0.331197079199	7	0.28051407649	10	0.317535237304	5	1	1	1300	485000	11	2500	1903	67	8	23	25	23	6	13	5	6	12	12	67
30750381_zpid	30750381_zpid	11235	2610 Ford St, Brooklyn, NY 11235	40.589675	-73.936288	0.277665039821	8	0.338798580881	2	1.54176889313	0	5	4	2440	785000	9	3000	1960	12	12	10	9	9	13	8	17	14	4	5	93
83179318_zpid	83179318_zpid	10473	331 Admiral Ln # 234, Bronx, NY 10473	40.8080196	-73.8540095	0.807595854435	0	1.45430198204	0	2.8551029647	0	4	3	1393	408500	38	1289	2006	19	10	20	16	9	13	16	14	9	9	4	51
29790653_zpid	29790653_zpid	10473	249 Newman Ave, Bronx, NY 10473	40.8108689	-73.854866	0.556502278219	1	1.19881551507	0	2.53637134183	0	3	2	980	385000	110	2785	1930	32	8	18	23	13	19	13	15	9	18	3	69
30580973_zpid	30580973_zpid	11232	665 40th St, Brooklyn, NY 11232	40.648554	-74.000479	0.34508265071	7	0.388712619356	6	0.577634736702	2	5	2	2000	998000	19	2003	1910	288	180	104	140	128	184	88	40	36	40	28	336
30730432_zpid	30730432_zpid	11214	8733 25th Ave, Brooklyn, NY 11214	40.59509	-73.989715	0.379677374205	8	0.347246938407	5	0.379714043328	1	3	2	18	635000	57	173804.40000000002	1950	100	20	60	68	32	152	148	84	76	36	12	296
30614198_zpid	30614198_zpid	11216	96 Madison St, Brooklyn, NY 11216	40.6840161	-73.9552372	0.224253680347	10	0.13841760021	7	0.346498230785	5	7	4	2520	460000	74	1875	1905	552	460	260	304	216	100	132	60	88	128	180	764
30766652_zpid	30766652_zpid	11234	649 E 59th St, Brooklyn, NY 11234	40.638065	-73.919937	0.368772641392	4	0.555995595565	2	1.80229495905	0	4	2	3600	539000	7	2000	1965	60	8	4	20	8	20	32	8	40	8	4	96
30651409_zpid	30651409_zpid	11212	226 E 92nd St, Brooklyn, NY 11212	40.659811	-73.925622	0.261997372926	11	0.392806251225	5	0.60271214354	1	8	4	4080	729000	0	2500	1930	1784	56	640	736	572	172	68	28	140	232	96	932
30657578_zpid	30657578_zpid	11203	665 Hawthorne St, Brooklyn, NY 11203	40.658826	-73.938267	0.530000023366	6	0.494092310809	5	1.00739532029	0	7	2	3410	793000	1	2500	1940	89	21	52	44	33	35	30	19	26	18	11	107
83178389_zpid	83178389_zpid	10455	713 Southern Blvd # B, Bronx, NY 10455	40.8139541	-73.8987406	0.0423439040709	9	0.336714506901	6	0.308233592755	3	8	5	3120	735000	0	2200	2004	788	64	284	296	204	104	64	56	164	108	52	644
30613988_zpid	30613988_zpid	11238	490 Classon Ave, Brooklyn, NY 11238	40.683417	-73.959237	0.27423497015	11	0.293869485401	4	0.392742797072	4	4	3	1700	1375000	20	2375	1899	392	660	236	424	260	140	180	80	180	60	164	724
30647869_zpid	30647869_zpid	11208	988 Cleveland St, Brooklyn, NY 11208	40.660634	-73.87849	0.324153507899	4	0.357284872719	3	0.769910041894	0	3	1.5	1224	130000	247	1800	1960	18	2	18	6	12	6	15	1	5	4	5	30
29836414_zpid	29836414_zpid	10466	4073 Amundson Ave, Bronx, NY 10466	40.893242	-73.837394	0.511380477381	1	0.568376824498	4	0.779363193106	0	3	2.5	1408	435000	97	3742	1935	38	3	6	13	4	56	26	11	23	8	5	50
83178205_zpid	83178205_zpid	10455	653 Eagle Ave, Bronx, NY 10455	40.817099	-73.910884	0.324798909679	9	0.248071830295	11	0.267946078873	2	5	3	3000	3200000	4	3049	2004	141	28	41	66	45	21	25	7	27	27	17	161
30736647_zpid	30736647_zpid	11223	2113 W 10th St, Brooklyn, NY 11223	40.5956944	-73.9809838	0.36143990428	7	0.101384906897	3	0.252129337086	4	3	3.5	3510	950000	23	2308	1930	37	14	6	21	8	34	26	35	18	6	4	63
30782184_zpid	30782184_zpid	11234	2021 E 69th St, Brooklyn, NY 11234	40.6202169	-73.909955	0.309088049109	5	0.334654451211	1	3.02156611971	0	3	2.5	1765	598000	2	2730	1970	72	12	32	56	24	100	96	52	92	12	20	256
30775692_zpid	30775692_zpid	11236	10569 Flatlands 1st St, Brooklyn, NY 11236	40.646627	-73.890635	0.2092488426	2	0.176284192886	3	0.866989615616	0	4	2	2	463500	59	1999	1960	152	20	48	56	48	60	40	8	40	24	28	216
30775692_zpid	30775692_zpid	11236	10569 Flatlands 1st St, Brooklyn, NY 11236	40.646627	-73.890635	0.2092488426	2	0.176284192886	3	0.866989615616	0	4	2	2	629000	0	1999	1960	152	20	48	56	48	60	40	8	40	24	28	216
30775692_zpid	30775692_zpid	11236	10569 Flatlands 1st St, Brooklyn, NY 11236	40.646627	-73.890635	0.2092488426	3	0.176284192886	3	0.866989615616	0	4	2	2	463500	59	1999	1960	152	20	48	56	48	60	40	8	40	24	28	216
30775692_zpid	30775692_zpid	11236	10569 Flatlands 1st St, Brooklyn, NY 11236	40.646627	-73.890635	0.2092488426	3	0.176284192886	3	0.866989615616	0	4	2	2	629000	0	1999	1960	152	20	48	56	48	60	40	8	40	24	28	216
30783042_zpid	30783042_zpid	11234	2374 E 71st St, Brooklyn, NY 11234	40.615068	-73.902546	0.726846984119	1	0.628465290567	1	3.51662905381	0	3	3	1665	697000	10	2717	1970	2	12	2	8	0	4	19	9	12	1	3	48
30665789_zpid	30665789_zpid	11218	34 E 10th St, Brooklyn, NY 11218	40.647569	-73.970817	0.23178526169	9	0.814195277317	0	0.486344512887	3	3	2	1800	596000	63	1869	1930	96	28	40	55	53	29	23	21	23	21	6	119
30789152_zpid	30789152_zpid	11235	2921 Brighton 1st St, Brooklyn, NY 11235	40.5801005	-73.9662321	0.0597896703679	7	0.398555278632	8	0.463313796953	3	2	2	1330	560000	5	2989	1930	328	144	240	320	168	228	132	68	156	72	72	764
30789152_zpid	30789152_zpid	11235	2921 Brighton 1st St, Brooklyn, NY 11235	40.5801005	-73.9662321	0.344454106506	6	0.398555278632	8	0.463313796953	3	2	2	1330	560000	5	2989	1930	328	144	240	320	168	228	132	68	156	72	72	764
30772639_zpid	30772639_zpid	11236	767 Remsen Ave, Brooklyn, NY 11236	40.648977	-73.915297	0.0882798098603	4	0.712950293818	1	1.16481725546	0	6	4	3450	590000	11	2000	1955	24	4	14	17	10	31	22	7	10	11	5	73
94715517_zpid	94715517_zpid	11239	621 Vandalia Ave, Brooklyn, NY 11239	40.6573155	-73.8700626	0.444949301693	2	0.287925469678	2	1.52639038356	0	2	1	2430	355560	43	1900	2009	1	0	0	0	0	0	1	2	2	0	0	12
30651214_zpid	30651214_zpid	11203	110 E 53rd St, Brooklyn, NY 11203	40.65751	-73.928381	0.123778824562	11	0.559230822606	5	0.937690721191	0	6	3	2440	630100	9	4000	1940	144	19	58	55	69	65	28	13	20	27	17	126
30769318_zpid	30769318_zpid	11236	948 E 85th St, Brooklyn, NY 11236	40.636815	-73.9088529	0.104193837619	6	0.272446183414	2	1.24479970939	0	2	1	3960	630000	129	2200	1970	43	7	19	20	10	84	30	14	30	14	12	99
30706081_zpid	30706081_zpid	11228	1554 Bay Ridge Pkwy, Brooklyn, NY 11228	40.616594	-74.001816	0.151652747047	11	0.297389734748	5	0.359076432291	2	4	4	2640	815000	59	3300	1930	8	3	7	11	8	33	18	33	10	3	0	55
30587083_zpid	30587083_zpid	11215	37 Montgomery Pl, Brooklyn, NY 11215	40.6712644	-73.9729011	0.335471653391	13	0.382432675397	4	0.478639962504	3	5	3	2625	4257000	11	1501	1901	14	25	4	18	10	10	42	20	15	5	5	123
30621240_zpid	30621240_zpid	11222	695 Humboldt St, Brooklyn, NY 11222	40.7259426	-73.9457204	0.0795429532179	12	0.368170048919	3	0.490851502561	1	7	3	2115	883000	57	1045	1910	31	57	17	32	12	24	39	23	27	12	13	159
30582514_zpid	30582514_zpid	11217	27 Lincoln Pl, Brooklyn, NY 11217	40.67754	-73.978638	0.116608205455	17	0.213671201431	5	0.378365436665	5	4	6	3555	4022087	22	1787	1899	68	197	27	29	25	38	56	49	36	12	17	146
30654035_zpid	30654035_zpid	11236	583 E 92nd St, Brooklyn, NY 11236	40.652866	-73.917141	0.175187915379	7	0.670515814713	1	0.958368999	0	3	2	1974	371500	5	2200	1940	164	12	44	88	56	140	56	28	40	48	16	228
30750485_zpid	30750485_zpid	11210	865 E 21st St, Brooklyn, NY 11210	40.632452	-73.956293	0.474403265108	8	0.610154471154	3	0.573980329249	3	5	3.5	2229	75000	297	4000	1915	39	14	23	31	32	23	13	12	16	7	3	62
30573517_zpid	30573517_zpid	11231	43 Dikeman St, Brooklyn, NY 11231	40.675115	-74.011567	0.538250775474	2	0.266645476633	4	1.20817681151	0	4	2	2080	1496277	17	2000	1915	92	204	24	80	4	32	120	16	32	28	8	228
30660311_zpid	30660311_zpid	11203	509 E 45th St, Brooklyn, NY 11203	40.649075	-73.934662	0.276101227678	5	0.347884117477	2	1.27481370434	0	3	2	2080	367000	25	2000	1920	480	40	240	208	228	148	112	4	92	92	28	464
94719789_zpid	94719789_zpid	11207	52 Schenck Ave, Brooklyn, NY 11207	40.680182	-73.8903747	0.200059616365	5	0.194098366488	4	0.287216671888	2	7	4	3524	559000	39	2500	2008	424	172	280	324	216	260	196	140	188	132	44	668
83047043_zpid	83047043_zpid	11216	218 Lexington Ave, Brooklyn, NY 11216	40.6872	-73.952889	0.160327277998	10	0.268976324259	5	0.324951821613	3	3	2	1200	390000	114	2003	2007	520	464	312	436	288	132	120	60	108	172	144	912
30652657_zpid	30652657_zpid	11212	399 E 95th St, Brooklyn, NY 11212	40.657518	-73.918543	0.325155334605	10	0.176597921813	4	0.476340046082	1	7	2.5	2318	495000	129	2535	1955	447	15	204	208	155	66	24	10	35	65	31	287
64576916_zpid	64576916_zpid	11234	1314 E 69th St, Brooklyn, NY 11234	40.623084	-73.913918	0.429834367633	5	0.753888956385	0	2.81489945382	0	3	4	2300	599749	124	2613	2005	80	16	36	40	16	196	92	92	72	24	24	384
29852510_zpid	29852510_zpid	10463	3220 Fairfield Ave APT 8D, Bronx, NY 10463	40.8846608	-73.9133871	0.268224006967	8	0.359463440017	2	0.947088858775	0	2	2	1075	435000	74	14810.400000000001	1989	66	15	10	28	12	25	44	15	18	4	7	70
30690418_zpid	30690418_zpid	11219	1173 Bay Ridge Ave, Brooklyn, NY 11219	40.625315	-74.006337	0.232198592507	7	0.407907173335	5	0.680935325897	1	6	3	1648	742000	36	4454	1955	30	9	12	13	8	29	35	39	8	3	14	83
68314618_zpid	68314618_zpid	11223	2354 W 11th St, Brooklyn, NY 11223	40.590036	-73.98137	0.210502023175	4	0.404789546854	2	0.242253506867	3	3	1	2730	600000	32	1800	2005	9	8	4	9	6	13	8	11	11	2	2	12
2103575320_zpid	2103575320_zpid	11207	217 Covert St, Brooklyn, NY 11207	40.690871	-73.9081889	0.0309478332961	8	0.800127648914	0	0.421069693813	2	10	4	5625	1999000	0	2526	1912	96	31	75	89	67	19	20	13	38	41	20	159
29792643_zpid	29792643_zpid	10473	1773 Seward Ave, Bronx, NY 10473	40.81919	-73.864621	0.281879038284	3	0.356596091816	2	1.39438890778	0	7	3	3350	540000	3	2500	1920	59	15	24	21	19	20	17	6	24	11	7	85
