30702021_zpid	30702021_zpid	11209	423 Marine Ave, Brooklyn, NY 11209	40.61391	-74.031691	0.0953916022278	9	0.350742443447	3	0.255104948156	1	3	2	1680	690000	17	2178	1915	70	30	22	23	26	50	36	36	7	8	4	109
29842490_zpid	29842490_zpid	10461	2819 Wellman Ave, Bronx, NY 10461	40.841557	-73.8362779	0.19292930289	4	0.763806392395	0	0.256729609303	3	2	2	1530	346500	19	2500	1925	264	64	80	64	52	144	84	48	44	36	12	304
30604332_zpid	30604332_zpid	11221	916 Putnam Ave, Brooklyn, NY 11221	40.686637	-73.92524	0.368543149003	10	0.40757981725	4	0.416962803419	2	4	4	2832	1589000	0	1968	1899	179	56	86	130	94	29	19	6	32	58	29	218
30715403_zpid	30715403_zpid	11214	1910 19th Ln, Brooklyn, NY 11214	40.599621	-74.006461	0.398872927894	5	0.471455013068	3	0.890551643324	0	3	2	1584	699500	21	1710	1945	104	9	27	22	20	32	32	32	7	8	9	86
30584908_zpid	30584908_zpid	11215	515 10th St, Brooklyn, NY 11215	40.666791	-73.982574	0.119885819572	19	0.337750576215	5	0.200142562063	4	1	1	2494	2315000	26	1800	1901	60	82	23	59	18	38	62	43	31	13	19	228
30642475_zpid	30642475_zpid	11208	59 Obrien Pl, Brooklyn, NY 11208	40.686904	-73.868722	0.118535307593	9	0.211933625023	6	0.467657181422	3	5	3	3377	340000	149	2000	1899	63	32	44	58	37	64	33	13	37	26	4	144
30778583_zpid	30778583_zpid	11236	1351 E 101st St, Brooklyn, NY 11236	40.638271	-73.889038	0.477736883407	5	0.299640995543	3	1.42898951847	0	3	2	1416	475000	8	4000	1960	26	6	22	21	2	17	17	11	13	4	2	58
29835427_zpid	29835427_zpid	10466	3980 Amundson Ave, Bronx, NY 10466	40.891429	-73.83617	0.457882546469	2	0.508339493605	3	0.568303211165	1	5	2	3359	395000	142	3166	1920	49	5	16	23	4	51	28	11	27	9	4	63
29780743_zpid	29780743_zpid	10459	1125 Southern Blvd, Bronx, NY 10459	40.827025	-73.892211	0.302558173155	2	0.0296449147473	7	0.336378936518	5	4	2	1842	185000	170	1125	1901	284	51	108	151	121	39	35	11	44	39	32	266
30620912_zpid	30620912_zpid	11222	54 Norman Ave, Brooklyn, NY 11222	40.7247119	-73.95322	0.122855455516	16	0.360918877031	4	0.164142358275	2	6	5	1406	1739800	23	1393	1931	40	65	17	41	14	25	31	23	17	13	8	170
30659710_zpid	30659710_zpid	11203	3909 Snyder Ave, Brooklyn, NY 11203	40.6496386	-73.9403908	0.194493992737	3	0.378693840281	2	0.787182169909	0	3	2.5	2040	300000	28	1785	1920	101	19	71	64	65	50	14	7	26	29	5	108
30699081_zpid	30699081_zpid	11209	8411 Colonial Rd, Brooklyn, NY 11209	40.6258709	-74.03562	0.443411341351	8	0.734349948756	1	0.70566092741	1	3	2	1752	1180000	11	3550	1925	104	80	36	72	32	108	116	88	48	16	8	340
30776416_zpid	30776416_zpid	11236	1145 E 99th St, Brooklyn, NY 11236	40.640628	-73.894114	0.317213985858	5	0.434461324267	2	0.936462563352	0	3	3	1642	439900	59	2000	1955	55	9	27	25	18	30	21	10	14	16	4	80
62635626_zpid	62635626_zpid	10473	431 Zerega Ave, Bronx, NY 10473	40.816405	-73.844868	0.400819051097	3	0.29386275921	2	2.07083866022	0	3	2	3696	445000	147	3247	2005	12	3	5	2	2	9	5	3	5	3	3	35
30777029_zpid	30777029_zpid	11236	1434 E 92nd St, Brooklyn, NY 11236	40.635829	-73.898803	0.0701562785239	5	0.231554224182	3	1.23221324336	0	8	4	3762	460000	40	3222	1925	34	21	22	23	7	54	23	10	16	12	6	86
30765212_zpid	30765212_zpid	11234	1747 E 46th St, Brooklyn, NY 11234	40.617724	-73.930358	0.163276859852	8	0.651622235432	2	2.2276747432	0	3	3	1216	499900	0	1999	1920	36	216	12	36	12	140	128	76	40	28	8	492
30680537_zpid	30680537_zpid	11204	2124 60th St, Brooklyn, NY 11204	40.617451	-73.98022	0.284726142748	11	0.526252651413	5	0.406130976601	4	6	3	2680	1178000	18	2609	1930	53	12	12	26	18	46	35	31	19	5	7	85
30723138_zpid	30723138_zpid	11223	98 Van Sicklen St, Brooklyn, NY 11223	40.602078	-73.974797	0.26459059691	7	0.228390781736	4	0.241796961778	4	5	4	9337	850500	153	9337	1920	56	25	27	29	18	80	27	88	23	12	5	110
111908458_zpid	111908458_zpid	11233	456 Ralph Ave, Brooklyn, NY 11233	40.673524	-73.92246	0.437204995144	4	0.423539609878	3	0.585955077388	1	6	5	3800	569201	43	2482	2012	188	29	116	105	94	20	21	4	37	38	18	174
30749756_zpid	30749756_zpid	11235	2635 E 19th St, Brooklyn, NY 11235	40.587521	-73.950083	0.217311508409	11	0.281377422749	3	0.351198760813	1	10	6	3536	824000	127	3700	1920	268	72	52	168	32	196	128	112	128	52	16	636
29819793_zpid	29819793_zpid	10469	1391 Pelham Pkwy N, Bronx, NY 10469	40.858868	-73.846884	0.482939409175	2	0.987557619177	0	0.721976881989	1	4	3	2520	560000	18	2500	1955	10	4	2	8	3	17	15	3	10	1	2	30
29781172_zpid	29781172_zpid	10474	1221 Gilbert Pl, Bronx, NY 10474	40.818137	-73.887671	0.0609965527004	5	0.189100105135	4	0.395855653233	1	7	4	2548	320000	14	2500	1901	148	12	91	89	79	14	19	10	33	25	13	143
30722713_zpid	30722713_zpid	11223	1883 W 10th St, Brooklyn, NY 11223	40.601127	-73.981959	0.089225904506	9	0.543114447163	6	0.339559391387	3	7	3	1520	740000	31	2400	1925	49	25	23	19	15	59	29	45	18	6	4	78
30765147_zpid	30765147_zpid	11234	1724 Hendrickson St, Brooklyn, NY 11234	40.6168367	-73.9321361	0.171371954434	8	0.604342505823	3	2.21098130653	0	4	2.25	2248	419210	110	2000	1920	28	168	8	40	12	132	128	84	72	24	4	472
30698078_zpid	30698078_zpid	11209	8120 Colonial Rd, Brooklyn, NY 11209	40.6278984	-74.0353747	0.477447495372	7	0.940797073293	0	0.82705114039	0	4	3.5	3133	2150000	11	5467	1920	36	48	12	32	12	104	124	92	44	12	8	232
29780744_zpid	29780744_zpid	10459	1123 Southern Blvd, Bronx, NY 10459	40.826983	-73.892212	0.300682485966	4	0.0342520918865	7	0.331794706023	5	5	3	1842	210000	59	1132	1900	284	47	108	152	121	39	34	11	44	39	32	267
30737664_zpid	30737664_zpid	11223	2232 W 5th St, Brooklyn, NY 11223	40.593615	-73.97624	0.21057202361	9	0.210591813943	2	0.195449645518	4	4	3	1408	749888	2	1900	1925	36	18	10	27	10	49	24	36	24	7	8	106
30672724_zpid	30672724_zpid	11218	214 E 2nd St, Brooklyn, NY 11218	40.646292	-73.979243	0.0942720358466	10	0.19862325252	4	0.253259559024	2	6	1.5	2560	910000	27	3249	1935	73	34	27	40	37	30	47	28	16	9	9	139
30665042_zpid	30665042_zpid	11225	96 Rutland Rd, Brooklyn, NY 11225	40.6587419	-73.957435	0.247285749734	12	0.311980725213	8	0.514824373684	4	5	3	3250	2300000	0	1800	1920	436	113	201	161	180	25	50	21	58	55	14	267
30674009_zpid	30674009_zpid	11218	236 E 9th St, Brooklyn, NY 11218	40.642764	-73.970843	0.0532032976539	12	0.296550273101	5	0.560207571278	2	3	3	2910	735000	16	2300	1910	628	212	232	304	184	188	144	120	108	72	44	768
30585794_zpid	30585794_zpid	11215	225 14th St, Brooklyn, NY 11215	40.666795	-73.989557	0.126044439481	16	0.190518132132	4	0.319349984069	3	3	2	1310	1375000	4	2000	1899	90	82	28	76	30	45	70	24	37	20	20	243
63054739_zpid	63054739_zpid	11207	230 New Lots Ave, Brooklyn, NY 11207	40.659781	-73.897131	0.727348319087	1	0.350521360151	4	0.212341668677	4	3	1.5	2007	300000	10	1750	2002	164	12	94	80	86	28	30	11	25	44	14	178
30566832_zpid	30566832_zpid	11217	229 Dean St, Brooklyn, NY 11217	40.685417	-73.984521	0.113009282938	11	0.472348405711	2	0.385631579057	9	4	3.5	3780	1397478	76	2200	1852	53	84	8	43	14	37	56	24	22	18	16	162
64876562_zpid	64876562_zpid	10463	3235 Riverdale Ave, Bronx, NY 10463	40.883581	-73.9081162	0.236844792182	11	0.227009451162	5	0.576233004413	2	4	2	3519	750000	149	1957	2002	208	44	58	52	53	43	48	15	29	20	14	157
29784673_zpid	29784673_zpid	10457	2282 Arthur Ave, Bronx, NY 10457	40.852616	-73.889607	0.289932217962	11	0.32228135533	3	0.988298935323	0	5	4	2204	410000	111	1306	2007	174	28	91	114	86	20	10	6	37	38	21	166
30722890_zpid	30722890_zpid	11223	1864 W 6th St, Brooklyn, NY 11223	40.60196	-73.978886	0.197958893765	7	0.362161931558	4	0.251245005152	3	7	2	3840	767350	122	2442	1920	276	112	168	104	116	356	124	252	92	48	20	412
30722890_zpid	30722890_zpid	11223	1864 W 6th St, Brooklyn, NY 11223	40.60196	-73.978886	0.197958893765	6	0.362161931558	4	0.251245005152	3	7	2	3840	767350	122	2442	1920	276	112	168	104	116	356	124	252	92	48	20	412
30761270_zpid	30761270_zpid	11234	1185 E 56th St, Brooklyn, NY 11234	40.626847	-73.921562	0.300625006013	6	0.401570236562	3	2.30199749279	0	5	2	2396	415000	29	2400	1960	108	44	112	88	84	212	76	104	68	84	28	336
30597050_zpid	30597050_zpid	11213	888 Eastern Pkwy, Brooklyn, NY 11213	40.668749	-73.938884	0.0799226618514	11	0.276434350793	7	0.305530870688	2	4	3.5	3168	780000	56	2420	1901	357	49	139	164	168	54	56	17	41	53	40	280
30570487_zpid	30570487_zpid	11231	606 Henry St, Brooklyn, NY 11231	40.680307	-74.001522	0.289788019657	14	0.378359390571	3	0.608506487647	2	8	4	4000	4399000	0	1932	1930	33	50	27	48	23	16	50	30	19	12	13	173
29843089_zpid	29843089_zpid	10465	3202 Rawlins Ave, Bronx, NY 10465	40.8386319	-73.821864	0.441440267679	2	0.401699643565	1	1.2812173794	0	3	1.5	1407	425000	35	4841	1925	5	11	11	2	7	3	24	12	9	4	3	36
30601776_zpid	30601776_zpid	11233	18 Jardine Pl, Brooklyn, NY 11233	40.6764816	-73.905436	0.450536137502	5	0.438109612564	3	0.234325393686	8	4	5	2088	490000	30	1564	1920	123	14	68	108	70	24	22	14	34	43	17	115
30614832_zpid	30614832_zpid	11238	184 Lefferts Pl, Brooklyn, NY 11238	40.680231	-73.95693	0.104330245736	12	0.150160294312	7	0.10159412923	4	6	4.5	4500	390000	35	1667	1899	97	132	60	77	56	43	32	24	26	20	29	182
30776693_zpid	30776693_zpid	11236	10310 Avenue K, Brooklyn, NY 11236	40.643326	-73.891978	0.53615117645	5	0.501217968418	3	0.912431927386	0	3	2	1577	338879	3	1927	1960	46	5	18	21	15	30	18	7	10	13	7	73
30777060_zpid	30777060_zpid	11236	1435 E 92nd St, Brooklyn, NY 11236	40.63626	-73.898095	0.0443524142828	5	0.156776658839	3	1.19974173715	0	6	5	2000	440000	29	3081	1920	33	22	23	26	8	56	22	13	15	12	6	87
30745294_zpid	30745294_zpid	11229	2179 Batchelder St, Brooklyn, NY 11229	40.598872	-73.938388	0.296336511264	7	0.424127544554	3	1.47408584246	0	3	1	1534	440000	14	1800	1950	104	40	36	52	28	32	108	44	64	8	8	256
30745294_zpid	30745294_zpid	11229	2179 Batchelder St, Brooklyn, NY 11229	40.598872	-73.938388	0.296336511264	7	0.424127544554	4	1.47408584246	0	3	1	1534	440000	14	1800	1950	104	40	36	52	28	32	108	44	64	8	8	256
30634058_zpid	30634058_zpid	11207	76 Williams Ave, Brooklyn, NY 11207	40.674442	-73.900695	0.368382296618	3	0.586889011434	6	0.226339941077	8	4	3	1962	325000	136	1568	1901	23	6	26	37	25	10	23	10	12	7	5	59
30570890_zpid	30570890_zpid	11231	518 Court St, Brooklyn, NY 11231	40.6762024	-73.9991273	0.0240382070629	8	0.413465887956	1	0.237850089533	2	1	1	3000	1100000	103	1600	1931	28	32	7	19	9	15	48	10	11	6	7	115
30636964_zpid	30636964_zpid	11208	35 Shepherd Ave, Brooklyn, NY 11208	40.684067	-73.882514	0.310831461326	5	0.374886559224	2	0.362127023408	3	5	3	1974	336000	18	1800	1905	288	100	180	212	200	148	108	80	140	76	48	508
30587424_zpid	30587424_zpid	11215	646 2nd St, Brooklyn, NY 11215	40.668754	-73.974084	0.409620635408	13	0.532717605381	2	0.593563380827	1	7	4.5	7670	1731025	6	3800	1901	23	26	11	22	10	9	48	24	15	5	6	120
30633666_zpid	30633666_zpid	11212	591 Osborn St, Brooklyn, NY 11212	40.657329	-73.905354	0.244793109734	4	0.252188999586	3	0.540100423187	3	8	3	2080	419967	14	2350	1930	90	14	71	64	51	27	29	8	41	20	10	147
30603183_zpid	30603183_zpid	11221	708 Lexington Ave, Brooklyn, NY 11221	40.689697	-73.9312	0.374896948786	10	0.361174603756	4	0.452989746313	1	3	4.5	2868	765000	15	1875	1905	852	264	444	636	512	228	140	64	144	268	160	1092
29825359_zpid	29825359_zpid	10467	3308 Capuchin Way, Bronx, NY 10467	40.872991	-73.863879	0.216645707676	8	0.296270461568	3	0.331043932099	2	6	5	2751	550000	27	3367	2015	211	31	81	85	77	39	25	8	30	35	15	165
30609534_zpid	30609534_zpid	11216	225 Putnam Ave, Brooklyn, NY 11216	40.683892	-73.9530599	0.253618038855	10	0.198317266356	6	0.407007125926	5	3	2	1902	1175000	0	1668	1900	178	165	84	120	83	32	43	19	42	52	44	270
30620810_zpid	30620810_zpid	11222	144 Newell St, Brooklyn, NY 11222	40.727295	-73.94852	0.084122365794	15	0.359842604301	5	0.376533650371	2	4	4	3180	2150000	0	1500	1901	38	72	23	43	14	33	34	33	18	16	13	183
30641618_zpid	30641618_zpid	11208	70 Hemlock St, Brooklyn, NY 11208	40.688168	-73.872456	0.238839932416	6	0.177128303897	5	0.19752887903	3	6	3.5	2480	402000	57	2052	1920	78	31	50	68	37	61	36	16	42	31	6	153
30721879_zpid	30721879_zpid	11223	1711 W 4th St, Brooklyn, NY 11223	40.6058042	-73.9771012	0.145803384168	9	0.129676068859	6	0.345520702435	3	7	4	3080	1080000	23	2648	1925	93	29	45	28	34	81	24	46	25	12	4	120
30656858_zpid	30656858_zpid	11225	509 Maple St, Brooklyn, NY 11225	40.661456	-73.94389	0.14694554053	4	0.108144433732	6	0.604907922465	2	3	1.5	1600	265000	97	2000	1915	190	11	63	81	84	23	22	11	20	25	6	126
29788118_zpid	29788118_zpid	10458	2979 Valentine Ave, Bronx, NY 10458	40.872162	-73.8860466	0.149829854332	9	0.264767261979	7	0.120070070394	4	6	3	2370	365000	53	871	1901	701	31	112	138	122	33	19	12	34	43	13	210
30748449_zpid	30748449_zpid	11235	2478 Bragg St, Brooklyn, NY 11235	40.5925749	-73.934898	0.18824006954	6	0.42340146079	3	1.7384371307	0	6	2	2244	175000	296	2000	1955	6	12	9	2	5	4	7	14	6	2	2	57
30619106_zpid	30619106_zpid	11249	127 S 2nd St, Brooklyn, NY 11249	40.713639	-73.962504	0.0602981123151	13	0.314419423082	4	0.625600356986	2	1	1	3000	416000	70	2500	1910	100	360	28	108	24	120	72	64	88	12	24	420
30619106_zpid	30619106_zpid	11249	127 S 2nd St, Brooklyn, NY 11249	40.713639	-73.962504	0.0602981123151	10	0.314419423082	4	0.625600356986	2	1	1	3000	416000	70	2500	1910	100	360	28	108	24	120	72	64	88	12	24	420
30729622_zpid	30729622_zpid	11214	2370 85th St, Brooklyn, NY 11214	40.599925	-73.989333	0.039087842162	7	0.0478393476552	6	0.325456558269	2	3	2	1600	410500	62	1900	1925	364	64	84	152	96	276	168	104	88	48	8	444
29783447_zpid	29783447_zpid	10459	1291 Chisholm St, Bronx, NY 10459	40.830075	-73.89586	0.447843536969	4	0.388485655931	7	0.338945149888	2	7	4	1437	325000	49	3000	1901	199	81	88	123	101	29	22	5	26	47	22	181
59997181_zpid	59997181_zpid	11234	2365 E 69th St, Brooklyn, NY 11234	40.61448	-73.90357	0.676947087347	1	0.581364518021	1	3.58453982767	0	4	3.5	2448	636670	29	2613	2001	0	48	12	28	4	20	76	36	52	4	12	180
30756481_zpid	30756481_zpid	11234	1521 E 36th St, Brooklyn, NY 11234	40.617655	-73.939787	0.488284316753	3	0.0538299010265	4	1.6572071909	0	4	3.5	1472	445000	141	2100	1925	24	14	18	22	11	34	22	20	26	6	3	97
29790563_zpid	29790563_zpid	10473	1860 Obrien Ave, Bronx, NY 10473	40.81084	-73.85845	0.776526792628	0	1.19960233945	0	2.42702592896	0	3	2	1200	124000	198	2500	1925	37	7	17	26	10	19	10	17	10	19	4	72
30729835_zpid	30729835_zpid	11214	67 Bay 37th St, Brooklyn, NY 11214	40.59732	-73.9898089	0.154049801985	9	0.229366449455	5	0.255477168591	2	2	1	3420	1498000	11	3100	1930	40	14	13	20	11	61	38	23	18	7	2	94
30781143_zpid	30781143_zpid	11234	1578 E 58th St, Brooklyn, NY 11234	40.6157309	-73.919063	0.0535611954738	7	0.832670125874	0	3.07511552828	0	4	2	1528	415000	7	1992	1955	16	10	13	9	14	36	21	13	20	6	6	101
29853953_zpid	29853953_zpid	10471	6137 Liebig Ave, Bronx, NY 10471	40.9109	-73.901382	0.517845091658	7	0.545479246894	6	1.32015061439	0	2	1.5	990	425000	82	2375	1920	7	9	6	9	4	7	25	10	9	2	3	35
30664446_zpid	30664446_zpid	11225	170 Lincoln Rd, Brooklyn, NY 11225	40.660926	-73.95712	0.291091568571	11	0.334500261377	8	0.439615894463	4	2	1	2720	125000	283	5250	1910	447	107	196	168	179	22	46	20	62	58	19	305
29790640_zpid	29790640_zpid	10473	244 Soundview Ave, Bronx, NY 10473	40.810632	-73.85522	0.595480343864	1	1.2366331144	0	2.5479172276	0	3	2	1480	315000	21	2221	1960	34	9	19	23	13	19	15	15	9	19	3	72
30692335_zpid	30692335_zpid	11209	11 70th St, Brooklyn, NY 11209	40.638088	-74.035386	0.493781170679	3	0.718736409409	1	1.07230964463	0	3	2	1692	795000	28	2775	1945	124	12	20	40	20	84	56	176	32	4	4	132
30676264_zpid	30676264_zpid	11230	94 Parkville Ave, Brooklyn, NY 11230	40.629137	-73.974547	0.130829893884	7	0.325005981111	6	0.214089002412	2	5	3	2208	620000	79	2028	1905	68	38	31	39	37	39	31	58	15	8	9	89
30689876_zpid	30689876_zpid	11219	1408 66th St, Brooklyn, NY 11219	40.6237955	-73.9998266	0.0308302473335	7	0.442364965841	3	0.315763089132	3	8	3	2320	998000	11	1960	1965	44	8	14	16	11	49	59	49	12	7	15	111
29836439_zpid	29836439_zpid	10466	4022 Amundson Ave, Bronx, NY 10466	40.892327	-73.836501	0.44917908013	2	0.590604640812	4	0.65451509328	1	5	2.5	2700	565000	5	3750	1932	45	4	15	22	2	53	25	13	28	9	4	58
29813213_zpid	29813213_zpid	10462	1821 Amethyst St, Bronx, NY 10462	40.8455	-73.868243	0.15709067362	8	0.422980947693	1	0.370909288631	2	3	2	2300	330000	22	1999	1899	89	10	55	61	54	61	21	14	15	27	13	119
30580649_zpid	30580649_zpid	11215	354A 20th St, Brooklyn, NY 11215	40.659353	-73.989097	0.38122627756	13	0.303655147124	5	0.74622071727	1	4	3	2295	1700000	9	1670	1905	29	43	16	34	14	28	40	12	15	7	7	101
30667509_zpid	30667509_zpid	11226	304 E 18th St, Brooklyn, NY 11226	40.643654	-73.962253	0.232606771237	11	0.254515509479	4	0.200141747422	2	6	3	4500	972500	124	5500	1899	496	84	292	279	309	42	29	23	74	84	11	409
29841172_zpid	29841172_zpid	10465	3247 Fairmount Ave, Bronx, NY 10465	40.836615	-73.819577	0.209218197534	2	0.177796481494	1	1.57642433205	0	4	2	1564	380000	21	2258	1955	5	5	7	8	7	9	24	13	10	4	3	38
30753766_zpid	30753766_zpid	11210	1850 Flatbush Ave, Brooklyn, NY 11210	40.6245321	-73.9392689	0.106070805958	3	0.745833235832	1	1.16400641786	0	3	3	2040	318000	49	1700	1931	71	10	28	35	24	52	39	16	26	12	9	82
64633689_zpid	64633689_zpid	11233	218 Mother Gaston Blvd, Brooklyn, NY 11233	40.674042	-73.908676	0.130978434666	7	0.372744583332	5	0.492847270485	6	2	1	3612	392442	126	1924	2003	142	12	73	117	67	30	26	18	36	45	19	122
30788886_zpid	30788886_zpid	11234	2698 E 66th St, Brooklyn, NY 11234	40.60638	-73.910937	1.05422907309	0	1.21568498816	0	3.88345559781	0	5	4	3558	950000	24	4950	1960	3	4	1	6	3	17	5	27	21	2	1	26
30610508_zpid	30610508_zpid	11216	419 Tompkins Ave, Brooklyn, NY 11216	40.683061	-73.943618	0.0493528695742	11	0.279315386635	9	0.420080042943	3	3	2	2100	100000	34	1600	1899	644	328	404	592	364	76	160	76	200	216	108	848
30579804_zpid	30579804_zpid	11215	421 17th St, Brooklyn, NY 11215	40.660009	-73.984702	0.201464993107	13	0.0612201153559	6	0.41545017325	1	2	1	972	1275000	4	1202	1910	46	48	22	41	28	32	42	18	18	8	14	99
2102050948_zpid	2102050948_zpid	10471	421 W 260th St, Bronx, NY 10471	40.9083012	-73.9020068	0.243993604692	4	0.294352506434	3	1.12735575558	0	3	2	2222	3900	7	3049	1976	11	13	5	14	10	18	31	10	16	4	6	50
