30656497_zpid	30656497_zpid	11203	820 E 49th St, Brooklyn, NY 11203	40.641342	-73.930584	0.197575923538	6	0.959082445666	0	1.51361074359	0	3	3	1280	450000	6	2400	1925	77	18	16	24	17	47	37	13	24	16	6	118
30699112_zpid	30699112_zpid	11209	115 85th St, Brooklyn, NY 11209	40.625668	-74.035447	0.428001789639	8	0.707900962657	1	0.68178667355	1	4	5	1848	1699000	0	3301	1910	26	20	9	21	8	29	29	22	13	4	2	87
30623877_zpid	30623877_zpid	11222	116 Beadel St, Brooklyn, NY 11222	40.721844	-73.936156	0.408360152671	2	0.658510396235	1	1.04905411415	0	4	2.5	2000	994000	6	2000	1910	14	21	7	15	7	4	21	20	19	3	6	64
29778068_zpid	29778068_zpid	10456	1044 Morris Ave, Bronx, NY 10456	40.829545	-73.915895	0.0656073473729	8	0.168833125425	6	0.424929946397	2	12	4	3300	360000	2	1846	1929	419	50	165	174	212	21	24	3	74	59	26	256
30653362_zpid	30653362_zpid	11212	441 Rockaway Pkwy, Brooklyn, NY 11212	40.657503	-73.915559	0.170539144563	12	0.332261425014	5	0.444469107194	1	7	4	3198	540000	16	2750	1920	387	18	202	195	151	59	31	10	35	65	26	265
30761625_zpid	30761625_zpid	11234	4135 Kings Hwy, Brooklyn, NY 11234	40.625322	-73.934426	0.259715641041	8	0.650693588692	1	1.39511513547	0	3	1	1152	410000	92	2090	1930	33	7	16	21	21	25	24	16	13	4	0	65
30780690_zpid	30780690_zpid	11234	14 Bergen Beach Pl, Brooklyn, NY 11234	40.622376	-73.915252	0.305906519155	5	0.755348181482	0	2.93017834351	0	3	2	1750	430000	35	2883	1996	19	5	8	8	5	54	25	23	19	6	9	100
30634320_zpid	30634320_zpid	11207	316 Miller Ave, Brooklyn, NY 11207	40.6732299	-73.891662	0.168817925942	8	0.130607506811	7	0.105169605277	4	3	1	1800	179000	241	3000	1997	118	20	88	107	95	64	37	25	39	44	21	226
29827459_zpid	29827459_zpid	10469	938 E 212th St, Bronx, NY 10469	40.876331	-73.858414	0.224156753445	6	0.633687606444	1	0.685111979618	1	5	4	800	495000	0	2811	1935	45	4	24	36	23	43	11	5	24	22	15	61
30735254_zpid	30735254_zpid	11223	2072 W 10th St, Brooklyn, NY 11223	40.596479	-73.981646	0.396857426342	7	0.156714433925	5	0.239205718009	4	3	2	1910	765000	11	4000	1920	27	21	10	23	9	35	29	41	18	7	5	65
29792916_zpid	29792916_zpid	10473	2140 Homer Ave, Bronx, NY 10473	40.821429	-73.849982	0.305264644472	4	0.232948600651	2	1.43732999376	0	3	2	1344	459000	0	3920	1940	47	18	20	16	10	23	13	2	15	7	5	60
29833188_zpid	29833188_zpid	10466	936 E 231st St, Bronx, NY 10466	40.889521	-73.851072	0.186103798574	8	0.367940624888	4	0.676196548657	1	4	2	2160	460000	69	3310	1950	89	10	41	36	33	98	21	6	27	15	13	92
64663945_zpid	64663945_zpid	11234	1373 E 66th St, Brooklyn, NY 11234	40.621172	-73.914437	0.242449146756	7	0.609921293547	1	3.0293935988	0	3	2	2202	640000	105	2456	2004	16	7	4	10	2	25	27	19	18	4	7	97
30608081_zpid	30608081_zpid	11216	248 Tompkins Ave, Brooklyn, NY 11216	40.690361	-73.945006	0.322494521769	11	0.328482818096	5	0.558365738953	2	3	3	1680	561696	113	2033	1931	284	96	120	200	152	48	48	20	64	76	60	304
29854628_zpid	29854628_zpid	10471	6000 Independence Ave, Bronx, NY 10471	40.909926	-73.905593	0.388042543711	4	0.358027906319	3	0.976398720202	0	4	2.5	2836	390000	210	11761.2	1955	4	8	3	9	5	6	21	3	5	4	4	29
30737543_zpid	30737543_zpid	11223	2248 W 6th St, Brooklyn, NY 11223	40.593131	-73.977258	0.111270831731	7	0.114038008912	2	0.0939892919018	5	2	2	1748	555000	10	2178	1940	140	68	44	104	48	184	100	148	100	28	28	344
30737543_zpid	30737543_zpid	11223	2248 W 6th St, Brooklyn, NY 11223	40.593131	-73.977258	0.111270831731	7	0.114038008912	3	0.0939892919018	5	2	2	1748	555000	10	2178	1940	140	68	44	104	48	184	100	148	100	28	28	344
30631149_zpid	30631149_zpid	11207	16 Pilling St, Brooklyn, NY 11207	40.682709	-73.908432	0.0641301210607	6	0.071791674553	3	0.172083200714	6	3	1	3600	162500	26	2000	1905	80	20	64	90	57	15	25	16	14	30	13	145
79710049_zpid	79710049_zpid	11207	722 New Lots Ave, Brooklyn, NY 11207	40.665725	-73.883599	0.0641849899425	8	0.179961519698	5	0.06492907856	2	8	4	3066	636406	127	1800	2004	94	8	61	52	41	23	26	9	33	39	15	124
30768992_zpid	30768992_zpid	11236	977 E 77th St, Brooklyn, NY 11236	40.63271	-73.9135529	0.187198562096	5	0.282742237284	4	1.84029882011	0	4	3	2024	625000	102	2733	1960	20	3	14	9	6	23	23	3	19	5	3	47
30691172_zpid	30691172_zpid	11220	318 64th St, Brooklyn, NY 11220	40.63941	-74.022591	0.300576688241	11	0.470289695801	8	0.453329078999	2	3	1	1144	530000	17	1079	1925	102	33	54	56	49	30	42	32	26	23	5	121
30635279_zpid	30635279_zpid	11212	655 Mother Gaston Blvd, Brooklyn, NY 11212	40.662684	-73.904734	0.380325990324	3	0.288279208905	8	0.214131319283	4	3	1	1116	299000	11	1800	1985	32	11	32	17	12	8	24	5	18	7	6	58
29781801_zpid	29781801_zpid	10453	115 E 179th St, Bronx, NY 10453	40.8517177	-73.90617	0.110427302799	13	0.158531784206	9	0.165820153194	6	5	4	2232	371400	72	1619	1899	452	50	218	212	207	32	20	20	78	61	22	308
30654477_zpid	30654477_zpid	11203	397 E 54th St, Brooklyn, NY 11203	40.649	-73.9258909	0.405778224609	7	0.406363240306	3	1.60439475642	0	4	3	2337	550000	3	1999	1950	116	14	48	42	46	44	33	8	16	26	9	139
30789136_zpid	30789136_zpid	11235	230 Brighton 2nd Ln, Brooklyn, NY 11235	40.5791384	-73.9656243	0.231550761714	6	0.28831526907	7	0.397683755309	2	3	3	2692	356200	27	1800	1930	464	176	296	388	252	224	156	84	200	92	88	972
30789136_zpid	30789136_zpid	11235	230 Brighton 2nd Ln, Brooklyn, NY 11235	40.5791384	-73.9656243	0.159207505515	7	0.28831526907	7	0.397683755309	2	3	3	2692	356200	27	1800	1930	464	176	296	388	252	224	156	84	200	92	88	972
30574692_zpid	30574692_zpid	11232	433 37th St, Brooklyn, NY 11232	40.653344	-74.003878	0.198033360057	5	0.32359837819	4	0.136023130133	2	4	2	1830	999999	19	1799	1901	64	51	26	29	31	10	41	15	19	10	7	114
89072019_zpid	89072019_zpid	11205	230 Spencer St, Brooklyn, NY 11205	40.691494	-73.954835	0.202802235399	9	0.095661425996	6	0.322708477744	3	1	1	800	1049000	26	1758	2009	143	69	35	63	35	31	43	33	25	14	18	159
30719241_zpid	30719241_zpid	11204	1529 W 10th St, Brooklyn, NY 11204	40.6094177	-73.9835263	0.126554643152	12	0.228623706706	7	0.307730007585	2	8	5	3128	1350000	9	3000	1930	90	24	36	46	61	73	20	31	20	12	5	122
30679163_zpid	30679163_zpid	11204	1883 58th St, Brooklyn, NY 11204	40.6220838	-73.9839433	0.35414975954	2	0.507267151906	3	0.528266931646	3	6	3	3300	1150000	4	1603	1899	19	11	8	20	7	42	42	77	29	5	6	98
30780526_zpid	30780526_zpid	11234	1208 Bergen Ave, Brooklyn, NY 11234	40.6272499	-73.913345	0.763886787744	0	0.557260017682	1	2.36828070473	0	7	4	3000	640000	2	2200	1970	84	12	40	28	24	176	24	72	44	20	20	212
30720778_zpid	30720778_zpid	11223	1645 W 2nd St, Brooklyn, NY 11223	40.607353	-73.9755379	0.293023195099	9	0.341509061423	6	0.272759526015	4	4	3	2580	545000	128	1833	1960	91	19	43	27	28	61	21	32	23	13	2	102
30664249_zpid	30664249_zpid	11210	845 E 39th St, Brooklyn, NY 11210	40.636286	-73.939047	0.592406639286	2	0.634855783283	1	0.821401408349	0	4	3	4100	450000	18	4100	1920	31	7	41	44	53	20	13	6	20	15	3	98
30599611_zpid	30599611_zpid	11233	41 Thomas S Boyland St, Brooklyn, NY 11233	40.683896	-73.914407	0.241876431924	7	0.145475302251	3	0.323770537846	3	5	3.5	3420	1175000	7	1520	1901	676	144	532	556	452	64	128	24	172	304	40	752
30761551_zpid	30761551_zpid	11210	1240 E 40th St, Brooklyn, NY 11210	40.624801	-73.936829	0.183955591782	1	0.838477869087	0	1.27851399241	0	3	4	1574	205000	183	2500	1915	244	28	108	132	76	136	132	36	84	44	36	276
30761551_zpid	30761551_zpid	11210	1240 E 40th St, Brooklyn, NY 11210	40.624801	-73.936829	0.183955591782	2	0.838477869087	0	1.27851399241	0	3	4	1574	205000	183	2500	1915	244	28	108	132	76	136	132	36	84	44	36	276
30627126_zpid	30627126_zpid	11237	1446 Myrtle Ave, Brooklyn, NY 11237	40.6987921	-73.9169006	0.0465252076539	10	0.272436108146	6	0.237616874576	4	3	1	2700	4050000	21	1680	1931	183	84	153	186	137	34	30	20	82	71	26	301
30658802_zpid	30658802_zpid	11203	128 E 35th St, Brooklyn, NY 11203	40.6522448	-73.9451601	0.317688474332	4	0.441434659834	6	0.404203711574	2	1	1	700	430000	132	2002	1920	114	20	66	81	56	67	16	8	23	30	6	116
30776252_zpid	30776252_zpid	11236	1321 E 96th St, Brooklyn, NY 11236	40.63981	-73.897395	0.255908826784	5	0.269801743752	2	0.849734599452	0	4	2	1529	180000	3	1609	1920	46	17	27	28	15	49	25	12	12	20	5	90
30657836_zpid	30657836_zpid	11203	125 E 45th St, Brooklyn, NY 11203	40.65902	-73.935704	0.400724640074	7	0.386738730632	3	1.12396623012	0	3	2	1720	237500	30	2000	1950	121	20	88	71	56	43	34	21	29	30	9	132
30638322_zpid	30638322_zpid	11208	179 Shepherd Ave, Brooklyn, NY 11208	40.68038	-73.881594	0.0428196006126	7	0.137098419518	3	0.174295887345	4	3	2	1550	499999	0	2529	1910	368	132	252	288	232	200	168	108	160	108	64	716
30700587_zpid	30700587_zpid	11228	75 Battery Ave, Brooklyn, NY 11228	40.617089	-74.023148	0.250065191913	6	0.44411238967	3	0.691129162608	1	2	1	2840	1200000	24	3125	1912	8	0	3	7	1	9	21	8	6	0	1	21
30660591_zpid	30660591_zpid	11203	371 E 35th St, Brooklyn, NY 11203	40.646112	-73.943945	0.320869534364	5	0.142777479866	3	0.438287377823	2	5	2	1980	146500	197	1500	1920	324	32	308	204	224	140	56	16	72	64	60	300
30793910_zpid	30793910_zpid	11229	45 Dare Ct, Brooklyn, NY 11229	40.587978	-73.9221518	0.223670568741	2	1.52498984476	0	2.70815283156	0	3	2.5	950	499000	94	1800	1925	2	3	1	13	0	0	31	11	24	2	5	39
30654730_zpid	30654730_zpid	11203	594 E 48th St, Brooklyn, NY 11203	40.647158	-73.932143	0.472641181651	8	0.339987180762	3	1.43872861367	0	2	1	1376	210000	166	2500	1925	87	15	28	26	33	31	23	4	12	17	10	100
29778810_zpid	29778810_zpid	10456	1207 Franklin Ave, Bronx, NY 10456	40.830029	-73.90416	0.167065781183	7	0.179158510682	7	1.03805054106	0	8	3	1304	275000	2	1916	1901	345	21	131	144	110	50	15	13	26	52	26	248
30656420_zpid	30656420_zpid	11203	547 E 55th St, Brooklyn, NY 11203	40.644157	-73.924429	0.183061274302	3	0.826322278356	0	1.92726888657	0	3	2.5	1929	10	113	1800	1940	99	20	19	16	17	20	35	4	8	9	5	81
30603218_zpid	30603218_zpid	11221	119 Malcolm X Blvd, Brooklyn, NY 11221	40.689545	-73.930098	0.318314350969	9	0.331385795476	3	0.436353186739	2	5	4	2400	1645000	0	1700	1910	205	60	110	154	123	60	35	16	38	68	39	285
30599454_zpid	30599454_zpid	11233	616A Macdonough St, Brooklyn, NY 11233	40.6833979	-73.9216647	0.352525564725	8	0.547898928773	3	0.518826902106	3	5	3	2364	700000	35	1875	1899	189	53	124	147	116	23	27	13	53	78	25	240
30769875_zpid	30769875_zpid	11236	1047 E 81st St, Brooklyn, NY 11236	40.633442	-73.909276	0.388352209655	5	0.397557661758	2	1.59893631359	0	3	1.75	1224	335000	0	1800	1960	42	5	15	22	7	73	26	9	28	8	7	84
30765535_zpid	30765535_zpid	11234	1632 E 54th St, Brooklyn, NY 11234	40.6176869	-73.923112	0.248296144314	11	0.753904143954	0	2.67194807775	0	3	2	1320	440000	29	4000	1920	14	20	7	7	10	30	26	17	23	4	6	123
30663430_zpid	30663430_zpid	11203	723 E 43rd St, Brooklyn, NY 11203	40.637617	-73.935401	0.172899978423	5	0.959391728511	0	1.12969533834	0	5	3	2052	535600	116	2800	1935	68	36	28	52	40	116	64	16	72	40	20	232
30612145_zpid	30612145_zpid	11205	151 Willoughby Ave, Brooklyn, NY 11205	40.692002	-73.966091	0.178195686049	11	0.486069926793	4	0.396375291736	2	4	2.5	2520	980000	75	1189	1901	61	85	34	39	31	45	25	14	28	20	14	158
30756883_zpid	30756883_zpid	11234	1662 E 33rd St, Brooklyn, NY 11234	40.613572	-73.939718	0.0468915663099	2	0.152100864888	2	1.6236134792	0	4	2	2600	428000	26	2500	1927	4	13	5	12	2	19	19	20	36	4	3	66
30681449_zpid	30681449_zpid	11204	2109 64th St, Brooklyn, NY 11204	40.615739	-73.982558	0.301078630842	12	0.294095326537	5	0.279452540663	3	6	4	2061	1277000	0	2917	1920	80	23	24	43	40	61	43	38	24	8	6	139
2099099621_zpid	2099099621_zpid	11234	1449 E 51st St, Brooklyn, NY 11234	40.625136	-73.926231	0.335622338685	9	0.163796149227	1	2.00171812445	0	3	2	1035	489000	0	2300	1928	12	20	15	12	7	51	32	24	19	5	6	89
30770169_zpid	30770169_zpid	11236	7 Paerdegat 6th St, Brooklyn, NY 11236	40.630512	-73.909016	0.623577044069	3	0.64102099317	2	1.89613987125	0	6	3	2110	615000	29	2000	1965	120	20	24	48	20	160	60	12	88	12	16	148
30702066_zpid	30702066_zpid	11209	180 Marine Ave, Brooklyn, NY 11209	40.61563	-74.035378	0.178774638103	8	0.14241611795	3	0.355071574322	1	5	1	3900	1220000	10	4000	1915	191	30	29	27	29	58	45	48	6	10	7	131
30712640_zpid	30712640_zpid	11214	21 Bay 32nd St, Brooklyn, NY 11214	40.60034	-73.992655	0.215942538997	9	0.119689340272	8	0.201515108232	3	8	3	3600	1160000	31	3920	1930	155	21	39	65	47	90	43	32	26	14	8	158
30789334_zpid	30789334_zpid	11235	2952 Brighton 8th St, Brooklyn, NY 11235	40.5804093	-73.9610395	0.125820430683	9	0.0954069737232	5	0.306174966855	1	2	1	692	125000	129	1742	1910	872	232	276	372	216	328	228	124	196	136	104	1048
30789334_zpid	30789334_zpid	11235	2952 Brighton 8th St, Brooklyn, NY 11235	40.5804093	-73.9610395	0.125820430683	11	0.0954069737232	5	0.306174966855	1	2	1	692	125000	129	1742	1910	872	232	276	372	216	328	228	124	196	136	104	1048
30788033_zpid	30788033_zpid	11234	2327 E 66th St, Brooklyn, NY 11234	40.613251	-73.906677	0.486899852209	3	0.500484561932	1	3.74070032832	0	5	6	3797	1799000	0	4000	1960	0	14	4	8	1	6	13	9	11	1	2	47
30716290_zpid	30716290_zpid	11230	915 Avenue J, Brooklyn, NY 11230	40.624832	-73.966609	0.229989350209	7	0.410477884346	4	0.495046933194	2	7	4	3024	2500000	24	4000	1930	128	22	44	52	50	31	45	33	22	17	6	141
30680117_zpid	30680117_zpid	11204	1960 59th St, Brooklyn, NY 11204	40.620199	-73.983148	0.134893802448	3	0.666206626708	2	0.348673555876	3	4	4	2750	1150000	9	2003	1925	18	9	10	21	9	38	31	39	22	6	5	85
30729160_zpid	30729160_zpid	11229	1880 Stuart St, Brooklyn, NY 11229	40.607173	-73.940167	0.291349034685	3	0.74496519598	1	1.50081803249	0	3	2	1890	545000	21	1800	1930	7	9	5	14	6	15	23	14	14	1	2	40
29850634_zpid	29850634_zpid	10464	25 Tier St, Bronx, NY 10464	40.848242	-73.790901	0.347536081241	3	2.88547174821	0	3.09164536757	0	3	2	1891	730000	15	15681.599999999999	1925	5	27	2	3	1	0	23	6	2	0	13	38
29812104_zpid	29812104_zpid	10461	2438 Buck St, Bronx, NY 10461	40.84118	-73.850387	0.169814422017	9	0.443248420718	7	0.593679820277	2	3	2	1756	336000	20	2400	1962	105	10	36	29	24	28	20	18	21	9	7	113
30660123_zpid	30660123_zpid	11226	135 E 32nd St, Brooklyn, NY 11226	40.647517	-73.947035	0.179859850624	5	0.277771489572	5	0.314517489246	2	5	2.5	3000	560000	25	2000	1910	187	21	61	72	53	69	23	12	22	31	18	143
30624177_zpid	30624177_zpid	11211	68 Sharon St, Brooklyn, NY 11211	40.714984	-73.936188	0.459274302431	8	0.568409149472	2	0.496597226507	2	3	1	1000	182500	310	2041	1989	22	106	8	29	15	18	22	11	17	10	15	98
30726705_zpid	30726705_zpid	11210	1551 E 23rd St, Brooklyn, NY 11210	40.612639	-73.950694	0.524504121283	2	0.322106995204	3	0.746265537742	1	3	2	1280	550000	19	1950	1925	23	1	2	4	5	22	12	9	5	1	8	30
30671105_zpid	30671105_zpid	11218	68 E 4th St, Brooklyn, NY 11218	40.650996	-73.978169	0.254916044471	9	0.644062557112	2	0.242645810961	1	4	3	1971	999000	19	1908	1920	112	92	64	112	64	132	108	120	68	12	16	272
30779294_zpid	30779294_zpid	11236	1425 E 99th St, Brooklyn, NY 11236	40.636214	-73.8892149	0.255178036422	5	0.255937688721	4	1.57788905589	0	2	1	1560	530450	110	2833	1960	20	9	17	17	1	19	10	9	15	5	1	60
29852675_zpid	29852675_zpid	10471	480 W 246th St, Bronx, NY 10471	40.893357	-73.907549	0.650344799267	3	0.893319300073	0	0.869872916857	0	4	3	1846	815000	114	5000	1948	72	20	8	12	4	8	116	12	20	0	4	76
30703846_zpid	30703846_zpid	11204	1618 71st St, Brooklyn, NY 11204	40.618088	-73.9980439	0.0895358618453	9	0.227232642695	4	0.180890262469	3	3	1	1020	660000	1	1750	1910	33	15	13	43	14	24	17	27	13	7	3	65
29848970_zpid	29848970_zpid	10465	4332 E Tremont Ave, Bronx, NY 10465	40.814912	-73.815434	0.51212722248	3	0.545271368705	1	3.58540247255	0	3	2.5	1728	470000	3	3040	1955	24	16	8	20	16	32	68	32	40	8	28	156
30693755_zpid	30693755_zpid	11228	7115 Fort Hamilton Pkwy, Brooklyn, NY 11228	40.627275	-74.013756	0.104436603506	3	0.0520485599594	5	0.844784834292	0	1	1	4680	890000	122	1946	1931	48	20	20	64	12	132	84	72	28	8	4	200
83047045_zpid	83047045_zpid	11212	130 Osborn St, Brooklyn, NY 11212	40.6692759	-73.9087322	0.0994360299249	6	0.024378495325	8	0.570627442248	2	3	1	2814	350000	25	1877	2007	82	12	26	37	31	20	25	7	14	15	14	115
29786351_zpid	29786351_zpid	10468	2352 Aqueduct Ave, Bronx, NY 10468	40.8611942	-73.9050085	0.200227176496	5	0.119900301561	10	0.324515613538	5	4	1	1480	150000	68	2178	1901	534	73	229	292	291	36	33	18	81	86	47	384
30788009_zpid	30788009_zpid	11234	139 Whitman Dr, Brooklyn, NY 11234	40.610081	-73.902462	0.981590104189	0	0.989856630817	0	4.07161605208	0	3	4.5	2216	995000	42	7535	1960	0	8	0	5	0	0	8	3	8	2	1	25
30722812_zpid	30722812_zpid	11223	1848 W 7th St, Brooklyn, NY 11223	40.602161	-73.9798131	0.153421602659	9	0.357819778116	4	0.201382828886	3	5	2	2204	505000	20	1063	1930	272	104	152	96	108	364	124	252	96	48	24	380
30722812_zpid	30722812_zpid	11223	1848 W 7th St, Brooklyn, NY 11223	40.602161	-73.9798131	0.153421602659	8	0.357819778116	4	0.201382828886	3	5	2	2204	505000	20	1063	1930	272	104	152	96	108	364	124	252	96	48	24	380
30573372_zpid	30573372_zpid	11231	62 Sullivan St, Brooklyn, NY 11231	40.677326	-74.0110909	0.28925541406	3	0.178124447583	4	1.20556689653	0	4	2	2800	791115	49	2500	1920	27	63	11	23	8	14	30	9	10	8	3	69
30654004_zpid	30654004_zpid	11236	577 E 92nd St, Brooklyn, NY 11236	40.65297	-73.917254	0.178833883591	7	0.656120221128	1	0.947562582494	0	6	3	3480	550000	24	2400	1920	41	3	11	22	14	35	14	7	10	10	4	57
30732953_zpid	30732953_zpid	11224	2889 W 36th St, Brooklyn, NY 11224	40.5749173	-74.0015582	0.541281425229	1	0.276844408521	2	1.74100431883	0	3	2	1430	539000	0	3408	1988	212	84	80	160	56	16	76	32	60	64	0	264
29852672_zpid	29852672_zpid	10471	4570 Henry Hudson Pkwy, Bronx, NY 10471	40.89287	-73.907678	0.597426635228	3	0.838072212748	0	0.857754752232	0	6	4.5	5000	1980000	60	10117	1930	18	5	2	3	1	2	29	3	5	0	1	18
30768888_zpid	30768888_zpid	11236	926 E 77th St, Brooklyn, NY 11236	40.63338	-73.915073	0.0897356344502	6	0.254084117065	3	1.85231370443	0	4	2.5	2200	503500	77	2199	1960	76	28	64	40	16	96	88	28	76	20	16	200
83044116_zpid	83044116_zpid	11236	9202 Avenue K, Brooklyn, NY 11236	40.6377949	-73.900526	0.224358964922	6	0.30000114656	3	0.99251145927	0	4	2	1750	300000	6	1433	1931	42	20	21	22	13	49	21	8	15	11	8	79
30611923_zpid	30611923_zpid	11205	138A Classon Ave, Brooklyn, NY 11205	40.695791	-73.9617236	0.227728106654	10	0.297834517924	9	0.7826538173	0	6	4	2700	975000	29	16	1905	47	62	24	37	23	32	18	30	26	9	22	146
30793178_zpid	30793178_zpid	11229	2330 Plumb 1st St, Brooklyn, NY 11229	40.596066	-73.932548	0.339578608205	8	0.58868729643	2	1.91359168917	0	2	1	980	369000	129	1800	1920	36	60	0	20	8	28	76	24	72	12	8	164
30599399_zpid	30599399_zpid	11233	785 Macdonough St, Brooklyn, NY 11233	40.684496	-73.915026	0.235562523822	7	0.168510242533	3	0.239269244711	2	8	3	2700	845000	8	1742	1910	164	35	118	123	96	11	32	6	38	77	9	187
30740160_zpid	30740160_zpid	11235	2509 Hubbard St, Brooklyn, NY 11235	40.5888587	-73.9632324	0.248498697813	7	0.777074767448	0	0.797874010274	0	4	2.5	2000	645000	36	1730	1925	27	12	9	15	10	40	37	25	15	8	4	61
30609671_zpid	30609671_zpid	11221	453 Putnam Ave, Brooklyn, NY 11221	40.685045	-73.943025	0.146276207274	12	0.295733018506	9	0.599017209992	1	7	4	3860	965000	6	2000	1899	97	25	63	68	60	13	17	9	27	37	8	114
30661334_zpid	30661334_zpid	11226	333 E 32nd St, Brooklyn, NY 11226	40.642493	-73.946457	0.338117079571	4	0.168215808746	5	0.326055479502	2	3	2.5	1492	435000	15	2563	1910	153	32	62	79	62	41	31	7	16	34	14	138
30722810_zpid	30722810_zpid	11223	1842 W 7th St, Brooklyn, NY 11223	40.60227	-73.9798327	0.162336663849	8	0.346969337352	3	0.189192645678	3	3	1.5	1254	755000	8	1409	1930	276	104	152	96	116	364	120	248	96	48	28	384
30722810_zpid	30722810_zpid	11223	1842 W 7th St, Brooklyn, NY 11223	40.60227	-73.9798327	0.162336663849	8	0.346969337352	4	0.189192645678	3	3	1.5	1254	755000	8	1409	1930	276	104	152	96	116	364	120	248	96	48	28	384
30759834_zpid	30759834_zpid	11234	1797 Troy Ave, Brooklyn, NY 11234	40.628422	-73.933391	0.189941774234	8	0.747325302355	1	1.30037471756	0	3	1	1600	514100	10	1600	1935	17	7	14	14	8	31	19	16	14	4	1	47
30608175_zpid	30608175_zpid	11216	278 Clifton Pl, Brooklyn, NY 11216	40.688652	-73.953249	0.143013752707	10	0.337974650014	6	0.200717415653	2	6	4	3400	2200000	8	1867	1931	408	240	256	344	216	116	96	44	72	136	128	732
30611366_zpid	30611366_zpid	11216	289 Herkimer St, Brooklyn, NY 11216	40.679528	-73.943644	0.26484150558	9	0.0685358676963	7	0.239230586649	3	8	6	3200	7500	42	2000	1905	241	84	109	166	112	38	40	22	55	57	32	240
30698036_zpid	30698036_zpid	11228	1034 80th St, Brooklyn, NY 11228	40.6207459	-74.016298	0.665565021428	2	0.72255460838	1	1.0449654605	0	3	2.5	1328	775000	22	2000	1925	15	7	6	11	5	24	50	23	19	2	4	37
110542009_zpid	110542009_zpid	11238	37 Lexington Ave, Brooklyn, NY 11238	40.686759	-73.960771	0.455707724395	10	0.448953428858	7	0.242654549989	3	4	3	4990	1200000	58	2000	2011	464	516	272	372	244	132	184	64	200	72	116	612
30763943_zpid	30763943_zpid	11234	1641 Kimball St, Brooklyn, NY 11234	40.61746	-73.9346039	0.347038774393	8	0.492336734307	3	2.03549400862	0	3	2	2000	538000	22	2000	1920	12	48	9	15	6	41	32	22	25	7	1	135
30726579_zpid	30726579_zpid	11230	2068 Ocean Ave, Brooklyn, NY 11230	40.611469	-73.954103	0.219178704612	4	0.141873007552	4	0.441786068124	1	6	2.5	3000	1825100	19	5000	1935	60	7	35	36	25	30	8	23	6	5	3	57
30717176_zpid	30717176_zpid	11230	1243 E 8th St, Brooklyn, NY 11230	40.618786	-73.966647	0.192165119959	6	0.307717311871	6	0.62609592473	1	5	5	2776	895000	23	2500	1915	76	15	23	38	33	44	56	20	29	7	3	117
30568049_zpid	30568049_zpid	11201	24 Schermerhorn St, Brooklyn, NY 11201	40.691069	-73.992935	0.124508153731	18	0.122821986996	4	0.278034925048	9	5	4	3930	6799000	0	2054	1846	244	420	80	232	44	116	304	164	156	44	40	1100
30568049_zpid	30568049_zpid	11201	24 Schermerhorn St, Brooklyn, NY 11201	40.691069	-73.992935	0.124508153731	19	0.122821986996	4	0.278034925048	9	5	4	3930	6799000	0	2054	1846	244	420	80	232	44	116	304	164	156	44	40	1100
30776786_zpid	30776786_zpid	11236	1170 E 105th St, Brooklyn, NY 11236	40.642817	-73.889824	0.623173665517	3	0.587231127856	4	1.10192838772	0	3	2	1585	420000	12	2000	1960	26	2	14	16	12	21	11	5	14	8	6	55
