30596322_zpid	30596322_zpid	11233	506 Ralph Ave, Brooklyn, NY 11233	40.672146	-73.922573	0.360733273512	5	0.276143996284	3	0.739310955998	1	7	5	3120	420000	124	2000	2004	223	26	123	101	101	17	18	5	34	38	13	159
30607764_zpid	30607764_zpid	11221	841 Dekalb Ave, Brooklyn, NY 11221	40.69261	-73.942596	0.294811376085	9	0.0679452561692	5	0.630243554762	1	3	1.5	1100	696381	62	2200	1931	91	38	40	78	48	19	21	6	16	26	19	136
30623247_zpid	30623247_zpid	11211	390 Union Ave, Brooklyn, NY 11211	40.7121118	-73.9510772	0.155604375205	17	0.224878702572	6	0.193241992105	6	8	3	2700	2899000	0	2083	1899	107	214	76	90	62	37	42	18	18	15	17	239
30636742_zpid	30636742_zpid	11207	57 Hendrix St, Brooklyn, NY 11207	40.6811999	-73.891357	0.247786576047	4	0.155094899027	4	0.381342440811	2	5	3	2646	555000	7	1600	1920	360	148	232	276	188	268	172	140	168	116	44	556
30692395_zpid	30692395_zpid	11220	126 Bay Ridge Ave, Brooklyn, NY 11220	40.637065	-74.031098	0.243039411861	10	0.339888605569	4	0.692793034514	1	6	2	2512	998000	16	1958	1930	172	56	88	96	56	88	76	84	24	36	4	220
30692395_zpid	30692395_zpid	11220	126 Bay Ridge Ave, Brooklyn, NY 11220	40.637065	-74.031098	0.243039411861	10	0.339888605569	3	0.692793034514	1	6	2	2512	998000	16	1958	1930	172	56	88	96	56	88	76	84	24	36	4	220
30638711_zpid	30638711_zpid	11207	308 Ashford St, Brooklyn, NY 11207	40.674886	-73.885578	0.280068310543	7	0.490088950034	4	0.416212618262	4	5	2	2424	500000	12	954	1930	46	14	41	47	30	51	28	13	33	24	9	129
30789075_zpid	30789075_zpid	11234	2248 E 63rd St, Brooklyn, NY 11234	40.613362	-73.910593	0.336634186334	4	0.442995951971	1	3.77893985084	0	6	5	3900	1899000	0	4791	1950	1	5	3	5	2	13	5	14	11	1	1	29
64634946_zpid	64634946_zpid	10464	690 Bridge St, Bronx, NY 10464	40.8565208	-73.7906604	0.116086282233	1	3.23902426665	0	3.09318902976	0	3	2.5	1400	460000	82	1600	2002	0	7	0	2	0	2	6	18	4	1	2	8
30591424_zpid	30591424_zpid	11213	1277 Bergen St, Brooklyn, NY 11213	40.675938	-73.942851	0.126825023856	10	0.445769491267	9	0.474236802162	3	2	2	3500	1495000	25	1908	1931	269	44	114	118	100	23	21	5	36	50	19	215
30781388_zpid	30781388_zpid	11234	1418 E 66th St, Brooklyn, NY 11234	40.620238	-73.914133	0.223813591052	7	0.520211645911	1	3.11832639479	0	4	3	1860	525000	121	5103	1970	18	11	8	11	4	22	26	17	22	3	6	93
30791475_zpid	30791475_zpid	11235	1716 Shore Blvd, Brooklyn, NY 11235	40.580618	-73.937442	1.00144787805	0	1.20854625333	0	1.57634080689	0	3	2.5	1774	995000	3	2400	1950	11	7	6	14	8	14	18	4	20	3	1	37
29781723_zpid	29781723_zpid	10457	247 E 175th St, Bronx, NY 10457	40.846914	-73.905829	0.217872641962	11	0.279172663055	8	0.379849006869	5	6	2	2080	460000	77	2178	1901	404	84	243	264	250	28	20	14	70	65	31	305
30636992_zpid	30636992_zpid	11208	70 Highland Pl, Brooklyn, NY 11208	40.6836941	-73.8819873	0.255568939475	6	0.317329549598	2	0.302821768897	3	5	3	1650	510000	22	2567	1910	79	28	46	54	51	42	28	23	36	19	12	141
30672584_zpid	30672584_zpid	11218	178 Dahill Rd, Brooklyn, NY 11218	40.642849	-73.980891	0.0894227880018	9	0.0549941487358	9	0.16764564281	1	5	2	2200	699000	43	2940	1925	93	32	40	46	37	58	59	41	15	14	11	186
29843594_zpid	29843594_zpid	10465	1436 Stadium Ave, Bronx, NY 10465	40.842147	-73.820124	0.814518884389	0	0.5614837219	1	1.16952318296	0	3	2.5	1823	229000	245	5793	1940	4	44	20	12	0	36	104	56	16	4	4	156
83044154_zpid	83044154_zpid	11208	59 Shepherd Ave, Brooklyn, NY 11208	40.683538	-73.882373	0.252741313317	6	0.318378834578	3	0.308118004904	3	9	3	4350	650000	98	2047	1915	324	120	200	224	212	160	120	88	144	84	48	568
30634673_zpid	30634673_zpid	11207	347 Pennsylvania Ave, Brooklyn, NY 11207	40.668863	-73.894729	0.0872942544904	5	0.0834220117687	9	0.470867473127	6	3	2	2700	80000	134	2000	1901	127	15	103	111	109	22	41	10	35	35	21	203
30623604_zpid	30623604_zpid	11211	580 Grand St, Brooklyn, NY 11211	40.710921	-73.948588	0.00629264971932	13	0.0574054698842	6	0.346784017897	6	3	2	3400	859000	119	2000	1920	80	153	66	74	57	28	38	13	19	17	9	213
30731121_zpid	30731121_zpid	11214	144 27th Ave, Brooklyn, NY 11214	40.590807	-73.987792	0.3570063242	4	0.747239397773	1	0.404701570209	1	6	3.75	3484	875000	39	2383	1967	52	32	28	72	12	80	116	88	104	28	20	248
29828088_zpid	29828088_zpid	10469	1021 E 213th St, Bronx, NY 10469	40.876851	-73.855796	0.320930668834	6	0.68208092536	1	0.895391029493	0	5	2	2688	299000	0	7250	1935	68	6	36	67	45	57	14	9	26	25	15	103
30742482_zpid	30742482_zpid	11229	1967 E 27th St, Brooklyn, NY 11229	40.603164	-73.94503	0.315350631641	3	0.375985094896	2	1.01666164672	0	4	2.5	1998	630000	25	1833	1940	92	72	52	88	36	140	156	64	120	8	12	444
30618384_zpid	30618384_zpid	11211	184 N 9th St, Brooklyn, NY 11211	40.7184462	-73.9560667	0.0961252671837	13	0.172236329734	4	0.142074397486	2	6	3	2700	1600000	41	2000	1910	42	117	15	55	18	26	36	14	11	11	14	143
30669768_zpid	30669768_zpid	11230	664 Rugby Rd, Brooklyn, NY 11230	40.633305	-73.964167	0.043344971326	6	0.0868341115916	4	0.229354965654	2	4	2.5	2500	700000	94	3000	1910	49	35	40	40	36	60	35	34	22	10	5	114
30626804_zpid	30626804_zpid	11221	23 Goodwin Pl, Brooklyn, NY 11221	40.691998	-73.923896	0.164191640518	10	0.12006020313	5	0.297192969249	3	6	3	2040	245000	11	2070	1901	872	228	372	540	424	188	164	68	248	192	128	1144
30626804_zpid	30626804_zpid	11221	23 Goodwin Pl, Brooklyn, NY 11221	40.691998	-73.923896	0.164191640518	10	0.12006020313	6	0.297192969249	3	6	3	2040	245000	11	2070	1901	872	228	372	540	424	188	164	68	248	192	128	1144
30788549_zpid	30788549_zpid	11234	2512 E 64th St, Brooklyn, NY 11234	40.609887	-73.90939	0.719991222764	1	0.818434026164	0	4.09463616061	0	4	3.5	1869	939000	0	4100	1960	2	6	3	3	3	16	9	12	16	1	1	29
30689565_zpid	30689565_zpid	11219	1115 66th St, Brooklyn, NY 11219	40.627884	-74.005838	0.185276115006	8	0.17431743431	5	0.392006003628	1	5	3	3380	1005000	61	4000	1925	45	17	13	19	9	37	50	44	14	6	15	113
29833446_zpid	29833446_zpid	10466	1022 E 226th St, Bronx, NY 10466	40.885254	-73.850688	0.21093706187	6	0.202726054569	2	0.868853064111	0	5	3	2289	381600	136	2726	1902	236	40	108	80	72	236	40	20	132	80	48	280
30737404_zpid	30737404_zpid	11223	2156 E 9th St, Brooklyn, NY 11223	40.596799	-73.962126	0.190926752694	9	0.174855499605	7	0.59319022467	2	6	3	3348	630000	71	4000	1925	128	76	44	96	44	92	128	56	36	20	16	220
30737404_zpid	30737404_zpid	11223	2156 E 9th St, Brooklyn, NY 11223	40.596799	-73.962126	0.261442475084	8	0.174855499605	7	0.59319022467	2	6	3	3348	630000	71	4000	1925	128	76	44	96	44	92	128	56	36	20	16	220
30663137_zpid	30663137_zpid	11210	670 E 40th St, Brooklyn, NY 11210	40.639064	-73.938999	0.535411726112	3	0.891822332593	0	0.801377257108	0	3	2	1824	465000	10	1900	1930	25	3	35	31	47	9	6	0	13	11	3	77
30642238_zpid	30642238_zpid	11208	272 Etna St, Brooklyn, NY 11208	40.686553	-73.873719	0.299483995273	4	0.223042088705	4	0.373963673053	2	6	3	2080	640000	109	1709	1910	105	39	67	86	53	63	37	17	58	45	9	193
30793184_zpid	30793184_zpid	11229	2344 Plumb 1st St, Brooklyn, NY 11229	40.595769	-73.9324929	0.323803907813	8	0.621986453609	2	1.91695929758	0	2	3.25	883	270000	149	1800	1920	32	60	0	20	8	28	72	24	72	12	8	140
30669867_zpid	30669867_zpid	11230	691 Rugby Rd, Brooklyn, NY 11230	40.632713	-73.963468	0.130251553112	6	0.141828457085	4	0.269810503601	2	8	2.5	2667	978500	20	5000	1910	76	32	54	53	48	64	39	34	23	15	5	127
30747508_zpid	30747508_zpid	11229	2371 Bragg St, Brooklyn, NY 11229	40.594867	-73.934719	0.113418602339	8	0.536630685593	3	1.72843525179	0	3	2	1760	445000	122	1999	1955	7	16	0	5	1	7	17	5	18	3	2	32
30664439_zpid	30664439_zpid	11225	122 Lincoln Rd, Brooklyn, NY 11225	40.660838	-73.95857	0.168555380477	11	0.273979287337	8	0.322307887238	3	2	1	3397	1300000	18	5250	1910	446	108	195	159	176	17	44	22	62	56	15	291
29850077_zpid	29850077_zpid	10464	124 Pilot St, Bronx, NY 10464	40.840921	-73.784717	0.270273103353	2	3.48898153017	0	3.81046285635	0	4	3	1632	460000	25	4486	1940	44	28	20	16	12	8	92	28	32	12	48	104
30745859_zpid	30745859_zpid	11229	2248 E 22nd St, Brooklyn, NY 11229	40.59623	-73.949118	0.352504340254	9	0.47503936028	6	0.522410186573	2	3	2	1216	450000	26	2439	1925	82	15	30	31	41	53	49	34	32	14	6	138
29827108_zpid	29827108_zpid	10467	845 E 215th St, Bronx, NY 10467	40.879463	-73.859658	0.467532063863	4	0.507142845482	1	0.550926572243	2	4	2	1152	29000	284	6000	1935	156	13	70	78	57	51	10	2	23	41	11	144
30630542_zpid	30630542_zpid	11207	611 Wilson Ave # A, Brooklyn, NY 11207	40.690266	-73.90697	0.147669488836	6	0.804481233318	0	0.298113633743	2	6	3	3120	800000	24	1481	1925	91	31	74	89	67	21	21	14	40	38	20	163
30600064_zpid	30600064_zpid	11233	604 Bainbridge St, Brooklyn, NY 11233	40.682788	-73.912881	0.157830009085	5	0.213253123727	4	0.205044320915	4	6	4	3000	999000	12	2000	1899	164	32	136	135	95	19	29	6	45	63	14	182
30761554_zpid	30761554_zpid	11210	49 Alton Pl, Brooklyn, NY 11210	40.624609	-73.936926	0.162162074901	1	0.826007946921	0	1.28778344314	0	4	2	3000	379200	140	3000	1915	62	7	27	33	19	33	32	11	20	11	9	67
30777684_zpid	30777684_zpid	11236	1239 E 105th St, Brooklyn, NY 11236	40.641999	-73.8881059	0.749933259808	1	0.639862759242	3	1.27130690589	0	4	4	5000	238000	254	5000	1970	80	8	44	40	32	44	44	12	52	28	20	176
30737629_zpid	30737629_zpid	11223	2285 W 6th St, Brooklyn, NY 11223	40.592341	-73.976376	0.190930894151	9	0.201488023833	2	0.162329283598	5	3	2	1748	439000	88	2400	1930	136	56	36	80	24	160	92	136	84	24	24	344
30618978_zpid	30618978_zpid	11249	62 Grand St, Brooklyn, NY 11249	40.7156847	-73.965167	0.194463182466	9	0.456434161447	3	0.686979676699	1	4	2.5	3300	3500000	18	2000	1920	64	328	24	108	24	112	76	60	88	8	16	408
30618978_zpid	30618978_zpid	11249	62 Grand St, Brooklyn, NY 11249	40.7156847	-73.965167	0.194463182466	12	0.456434161447	3	0.686979676699	1	4	2.5	3300	3500000	18	2000	1920	64	328	24	108	24	112	76	60	88	8	16	408
29848991_zpid	29848991_zpid	10465	176 Revere Ave, Bronx, NY 10465	40.81542	-73.816152	0.442570368132	3	0.471442216649	1	3.50260799903	0	3	2	1090	193000	5	3060	1996	7	8	2	5	4	13	16	11	11	3	7	49
30782264_zpid	30782264_zpid	11234	2046 E 72nd St, Brooklyn, NY 11234	40.620917	-73.907801	0.447572585943	2	0.431442593601	1	2.908803388	0	3	2	1036	485000	8	2000	1925	18	3	8	11	6	20	20	7	21	3	4	67
30776380_zpid	30776380_zpid	11236	1126 E 99th St # 1, Brooklyn, NY 11236	40.640741	-73.895017	0.317946727355	5	0.407939035822	2	0.875432538801	0	1	1	1320	347500	53	4000	1955	52	9	30	23	20	32	24	11	13	17	5	85
30591078_zpid	30591078_zpid	11216	1137 Dean St, Brooklyn, NY 11216	40.677216	-73.951947	0.180866165598	12	0.325440943926	8	0.340281756144	5	10	9.5	3700	1970000	9	1875	1899	315	100	153	216	189	33	44	19	55	63	48	292
30740021_zpid	30740021_zpid	11223	14 Brighton Ct, Brooklyn, NY 11223	40.5870914	-73.9671367	0.37158471883	6	0.403592233165	2	0.663953027809	1	4	3	2070	799000	0	2000	1960	304	28	28	44	16	60	96	84	44	4	16	180
30740021_zpid	30740021_zpid	11223	14 Brighton Ct, Brooklyn, NY 11223	40.5870914	-73.9671367	0.37158471883	6	0.403592233165	1	0.663953027809	1	4	3	2070	799000	0	2000	1960	304	28	28	44	16	60	96	84	44	4	16	180
29792006_zpid	29792006_zpid	10473	515 Bolton Ave, Bronx, NY 10473	40.816055	-73.858203	0.533429451286	2	0.621192408017	1	1.89434699816	0	4	3	2500	420000	31	6490	1920	37	9	8	33	9	32	15	15	16	14	8	83
30673347_zpid	30673347_zpid	11218	221 E 8th St, Brooklyn, NY 11218	40.6447689	-73.971589	0.14681180276	9	0.527054213408	6	0.601950983718	3	7	4	2760	240000	320	2000	1901	120	38	49	63	41	44	31	26	27	16	8	168
30736797_zpid	30736797_zpid	11223	2141 W 7th St, Brooklyn, NY 11223	40.5953698	-73.9781174	0.179457594233	6	0.167147603059	2	0.24948551433	4	3	2	1120	647000	15	1600	1925	136	56	28	108	40	184	92	140	100	16	32	328
30602986_zpid	30602986_zpid	11221	99 Malcolm X Blvd, Brooklyn, NY 11221	40.690284	-73.930249	0.271501634419	9	0.379936681344	3	0.361321030365	2	5	2	3300	899000	0	1598	1899	199	68	108	138	119	56	33	18	36	62	41	289
30626259_zpid	30626259_zpid	11221	229 Central Ave, Brooklyn, NY 11221	40.697265	-73.923198	0.221728629574	14	0.261078414482	7	0.332961144317	3	5	3	2500	376000	90	1967	1931	124	47	66	80	62	44	19	18	45	25	23	167
30765181_zpid	30765181_zpid	11234	1741 Hendrickson St, Brooklyn, NY 11234	40.6167919	-73.9313899	0.112668270255	8	0.653704860306	2	2.25286447756	0	3	1	2264	598000	14	2167	1920	28	228	8	36	12	124	124	84	68	24	4	440
30629930_zpid	30629930_zpid	11207	1118 Halsey St, Brooklyn, NY 11207	40.689216	-73.911436	0.265214248482	11	0.515906541967	2	0.539093405935	3	3	2	3360	278000	42	871200	1930	113	30	85	121	82	22	24	18	44	52	26	186
30640974_zpid	30640974_zpid	11207	533 Van Siclen Ave, Brooklyn, NY 11207	40.6664389	-73.888437	0.359270628103	10	0.408887044886	8	0.0947049646812	4	5	2	1190	300000	68	1750	1930	884	80	528	496	508	128	140	48	244	292	92	984
30747348_zpid	30747348_zpid	11229	2370 E 28th St, Brooklyn, NY 11229	40.593966	-73.942926	0.180122193692	11	0.164747929457	4	1.04397602344	0	5	2	2592	999000	2	2787	1940	4	7	3	14	3	14	21	17	12	0	1	42
30785168_zpid	30785168_zpid	11234	1922 E 38th St, Brooklyn, NY 11234	40.611755	-73.931456	0.152922586159	3	0.585377207888	1	2.2538207919	0	3	2	2128	600000	27	2000	1930	16	64	16	12	8	52	104	120	108	8	12	224
29792498_zpid	29792498_zpid	10473	2253 Cincinnatus Ave, Bronx, NY 10473	40.820847	-73.846354	0.196293214618	2	0.138181064975	2	1.56113733795	0	5	2.5	1730	399000	0	1925	1935	88	24	48	8	20	52	28	0	40	4	8	180
30789180_zpid	30789180_zpid	11235	10 Brighton 3RD Pl, Brooklyn, NY 11235	40.5793478	-73.9645121	0.224108440219	7	0.241673567147	7	0.331542318639	2	8	3.5	1500	468888	17	1350	1915	540	268	320	416	260	248	180	104	200	116	108	1104
30789180_zpid	30789180_zpid	11235	10 Brighton 3RD Pl, Brooklyn, NY 11235	40.5793478	-73.9645121	0.266827876778	6	0.241673567147	7	0.331542318639	2	8	3.5	1500	468888	17	1350	1915	540	268	320	416	260	248	180	104	200	116	108	1104
30612670_zpid	30612670_zpid	11238	149 Greene Ave, Brooklyn, NY 11238	40.6868458	-73.9661753	0.0193052274426	10	0.0248760644604	3	0.182268790268	5	6	3	3240	2300000	96	3049	1899	137	63	73	98	81	34	40	8	34	24	23	149
30723312_zpid	30723312_zpid	11223	33 Lake St, Brooklyn, NY 11223	40.603372	-73.9729289	0.251259439386	9	0.1336867807	4	0.0510046957881	3	4	2	2220	699999	6	1500	1910	54	21	25	29	19	70	26	89	23	15	1	106
30639522_zpid	30639522_zpid	11207	346 Van Siclen Ave, Brooklyn, NY 11207	40.6712813	-73.8901352	0.144035995025	5	0.372125036538	3	0.170746066515	4	6	3	1800	514000	8	1710	1901	113	25	85	83	82	57	36	21	51	44	24	221
29845893_zpid	29845893_zpid	10465	1032 Clarence Ave, Bronx, NY 10465	40.834909	-73.818446	0.161741921056	2	0.174895799383	1	1.78038614888	0	3	2	1692	374000	12	1711	1950	4	3	7	8	7	10	21	13	11	4	3	38
30717953_zpid	30717953_zpid	11230	1458 E 4th St, Brooklyn, NY 11230	40.6150639	-73.971384	0.170991897241	8	0.215564412709	3	0.237856712517	3	8	3	3792	990000	117	4007	1920	160	40	56	104	80	200	148	88	92	20	24	336
30650137_zpid	30650137_zpid	11208	693 Cozine Ave, Brooklyn, NY 11208	40.662346	-73.867542	0.554119109689	2	0.271861105481	3	1.43494896103	0	2	2	848	325000	16	3598	1920	19	4	6	8	2	7	21	3	5	4	1	43
30744270_zpid	30744270_zpid	11229	2114 E 12th St, Brooklyn, NY 11229	40.5979389	-73.960389	0.0674795172815	9	0.171509866523	7	0.40628462583	2	7	4	5844	1450000	2	3900	1920	208	100	36	72	60	132	60	32	24	0	8	224
30631408_zpid	30631408_zpid	11207	50 Sunnyside Ave, Brooklyn, NY 11207	40.680304	-73.894312	0.13104764357	3	0.138615930061	3	0.361570942958	3	1	1	1800	195000	55	2500	1910	360	128	220	232	180	220	148	148	132	112	40	520
29846516_zpid	29846516_zpid	10465	548 Ellsworth Ave, Bronx, NY 10465	40.825915	-73.814955	0.562623199239	5	0.700578351376	1	2.68895219861	0	3	1.5	1650	300000	144	2500	1930	11	5	6	15	1	6	15	18	13	0	4	46
30581665_zpid	30581665_zpid	11217	122 Saint Marks Pl, Brooklyn, NY 11217	40.680949	-73.978384	0.106351613092	11	0.173704162853	5	0.277723389617	8	2	1	2700	4999999	0	2000	1899	68	234	33	37	31	52	52	70	40	12	25	215
30787677_zpid	30787677_zpid	11234	2767 E 66th St, Brooklyn, NY 11234	40.604659	-73.912605	1.2978386215	0	1.42617902087	0	3.7099866992	0	4	2.5	2426	1399000	0	4051	1970	3	3	2	5	3	12	5	16	15	2	1	22
29815924_zpid	29815924_zpid	10461	2803 Laurie Ave, Bronx, NY 10461	40.848193	-73.83529	0.253305130101	8	0.475029512528	1	0.276048190436	2	8	3	3200	575000	21	1757	1960	76	13	18	15	16	30	19	12	9	12	7	76
29812155_zpid	29812155_zpid	10461	2431 Buck St, Bronx, NY 10461	40.8409958	-73.85121	0.209855749492	10	0.510546578842	7	0.612685052812	3	5	2	1600	380000	73	1568	1920	89	9	28	26	17	26	19	16	18	8	4	87
30575102_zpid	30575102_zpid	11232	738 43rd St, Brooklyn, NY 11232	40.645558	-74.000998	0.199357849754	9	0.152402440931	9	0.569601026017	1	3	1	2048	748000	25	2003	1920	68	35	28	29	26	52	18	11	7	8	6	81
30567379_zpid	30567379_zpid	11201	36 Orange St, Brooklyn, NY 11201	40.699097	-73.9942962	0.0645445254348	14	0.214404812626	2	0.208319191555	5	4	3	2840	2275000	120	1298	1899	144	336	52	92	64	32	136	80	72	28	32	416
30567379_zpid	30567379_zpid	11201	36 Orange St, Brooklyn, NY 11201	40.699097	-73.9942962	0.0645445254348	16	0.214404812626	2	0.208319191555	5	4	3	2840	2275000	120	1298	1899	144	336	52	92	64	32	136	80	72	28	32	416
30754554_zpid	30754554_zpid	11234	3613 Avenue M, Brooklyn, NY 11234	40.620514	-73.93939	0.347528997374	1	0.327347046664	2	1.5386952229	0	4	3	2046	499000	0	1817	1935	35	10	19	16	10	30	21	16	12	7	2	83
30653781_zpid	30653781_zpid	11203	117 E 59th St, Brooklyn, NY 11203	40.651372	-73.921357	0.235519243055	7	0.499609840139	2	1.19991737764	0	1	1	1777	210000	171	2000	1940	224	20	80	120	80	104	88	20	28	48	16	280
30673843_zpid	30673843_zpid	11218	390 E 5th St, Brooklyn, NY 11218	40.642624	-73.975675	0.18734916678	14	0.329522051423	9	0.373105322592	1	5	4	2420	1499000	1	3000	1910	205	58	70	94	62	65	51	61	31	24	17	224
30608548_zpid	30608548_zpid	11221	439 Lexington Ave, Brooklyn, NY 11221	40.688569	-73.944506	0.201375783682	10	0.283300506215	5	0.6181333193	1	3	2.5	3000	250000	21	25	1899	476	156	276	344	280	80	88	32	100	148	52	560
