29783102_zpid	29783102_zpid	10460	772 Elsmere Pl, Bronx, NY 10460	40.8434454	-73.8891915	0.252332195362	5	0.662445671818	1	0.696342430696	1	3	2	1360	210000	23	2060	1901	191	11	92	78	84	13	13	5	31	29	17	136
29791825_zpid	29791825_zpid	10473	551 Beach Ave, Bronx, NY 10473	40.816576	-73.86308	0.11947330011	2	0.662458711072	2	1.70572134613	0	3	1	1440	365000	13	2500	1925	66	16	24	34	22	41	16	19	24	15	9	102
89067246_zpid	89067246_zpid	11221	656 Knickerbocker Ave, Brooklyn, NY 11221	40.6951775	-73.9120009	0.109430861398	11	0.407667427255	4	0.499722954442	3	6	5	3593	635000	71	963	2008	80	15	67	81	62	17	23	5	32	36	18	124
29827921_zpid	29827921_zpid	10469	945 E 221st St, Bronx, NY 10469	40.882869	-73.854668	0.303528043806	4	0.489327402074	2	0.68573620759	2	4	3	2002	240000	162	1990	1935	224	60	100	104	92	124	16	12	72	28	8	184
30743360_zpid	30743360_zpid	11229	2046 E 23rd St, Brooklyn, NY 11229	40.600803	-73.949019	0.140814531599	4	0.468424605368	6	0.607537358128	1	3	1.5	1400	305000	202	1950	1925	69	23	28	30	34	64	56	17	29	11	7	156
29827024_zpid	29827024_zpid	10467	826 E 214th St, Bronx, NY 10467	40.878682	-73.8607229	0.442710950401	5	0.402840783578	1	0.493978633475	2	6	4	3792	380000	16	3310	1920	144	14	55	66	45	50	14	2	21	30	12	141
30607214_zpid	30607214_zpid	11206	104 Marcus Garvey Blvd, Brooklyn, NY 11206	40.6952581	-73.9407235	0.0361615270223	10	0.113314145191	4	0.479499375765	3	3	2	3300	930000	16	1596	1931	456	184	240	332	200	156	88	128	92	148	68	704
30642002_zpid	30642002_zpid	11208	104 Etna St, Brooklyn, NY 11208	40.685071	-73.879434	0.274604114597	6	0.443839499372	4	0.410728285801	3	4	2	1904	460000	14	2500	1910	364	132	224	256	184	188	108	52	176	104	36	544
29781745_zpid	29781745_zpid	10457	250 Mount Hope Pl, Bronx, NY 10457	40.8478489	-73.904416	0.0911225014671	11	0.155613116068	8	0.293165255787	5	6	2	1898	340000	19	3555	1899	387	72	229	232	214	29	23	14	70	64	28	297
30614070_zpid	30614070_zpid	11216	65 Monroe St, Brooklyn, NY 11216	40.68501	-73.956272	0.168757265639	12	0.136069422708	7	0.453366712712	5	5	3	3120	650000	141	1575	1899	99	92	53	59	39	24	22	14	14	20	33	150
79714966_zpid	79714966_zpid	11233	342 Thomas S Boyland St, Brooklyn, NY 11233	40.672701	-73.914314	0.36870621958	5	0.395112705608	5	0.710629315376	1	3	5	3876	900000	7	1520	2005	648	56	400	428	272	80	88	56	132	144	96	552
79714966_zpid	79714966_zpid	11233	342 Thomas S Boyland St, Brooklyn, NY 11233	40.672701	-73.914314	0.36870621958	4	0.395112705608	5	0.710629315376	1	3	5	3876	900000	7	1520	2005	648	56	400	428	272	80	88	56	132	144	96	552
30783239_zpid	30783239_zpid	11234	2438 E 70th St, Brooklyn, NY 11234	40.613599	-73.902099	0.833787121312	0	0.73892894824	1	3.6797258996	0	5	4	2330	565000	57	3500	1980	0	12	2	7	0	4	17	8	9	1	2	35
30670430_zpid	30670430_zpid	11218	162 Terrace Pl, Brooklyn, NY 11218	40.655249	-73.976027	0.207374461005	7	0.211589954446	2	0.607911101362	2	2	1.5	1000	219056	39	2950	1930	9	10	12	13	7	21	16	15	11	1	3	42
29836578_zpid	29836578_zpid	10466	674 E 235th St, Bronx, NY 10466	40.894946	-73.857593	0.325999013282	4	0.209006195989	2	0.195404153882	3	6	2	3422	212000	7	2861	1915	832	60	396	304	480	280	104	20	172	168	52	792
30773139_zpid	30773139_zpid	11236	1010 E 92nd St, Brooklyn, NY 11236	40.644174	-73.908588	0.0306670187637	3	0.796716838458	0	0.632545355668	1	4	1	2340	200000	49	19	1920	44	9	31	33	18	61	33	5	13	22	8	120
30762151_zpid	30762151_zpid	11234	1509 E 48th St, Brooklyn, NY 11234	40.623908	-73.929077	0.209195412035	9	0.176367896498	1	1.85684818298	0	3	3	1316	262500	11	2000	1935	20	17	11	21	15	51	29	24	18	5	4	113
29843981_zpid	29843981_zpid	10465	1527 Stadium Ave, Bronx, NY 10465	40.845031	-73.8206019	0.768809152465	0	0.441992668736	1	1.02702353905	0	3	2.5	1952	470000	20	2992	1967	4	24	16	16	0	60	124	68	36	4	0	140
30642670_zpid	30642670_zpid	11208	198 Chestnut St, Brooklyn, NY 11208	40.683139	-73.875775	0.0348582178257	8	0.289172874406	7	0.168100274928	2	4	2	2860	488000	44	3750	1920	89	37	56	78	50	53	40	16	66	35	11	195
29795647_zpid	29795647_zpid	10472	1265 Evergreen Ave, Bronx, NY 10472	40.830475	-73.881822	0.309168332417	7	0.256269630263	2	0.30777442993	3	7	2	2592	440000	33	2613	1930	193	28	89	97	90	40	20	7	38	32	6	166
29785269_zpid	29785269_zpid	10458	740 E 183rd St, Bronx, NY 10458	40.851416	-73.884367	0.255006398789	9	0.309378135854	2	1.23366547675	0	8	4	2510	549000	0	2509	1940	1188	244	380	468	464	52	56	24	128	204	52	712
30608591_zpid	30608591_zpid	11221	541 Lexington Ave, Brooklyn, NY 11221	40.689155	-73.940069	0.207568036845	9	0.226226316193	3	0.970622178626	0	4	3	2142	100000	196	1700	1899	908	232	460	636	420	132	144	56	180	240	132	1024
30702376_zpid	30702376_zpid	11209	5 Jackson Ct, Brooklyn, NY 11209	40.6116839	-74.032636	0.228299191681	6	0.54726089665	2	0.513790979095	1	3	3	1782	950000	0	1295	1940	38	13	12	11	10	30	25	25	5	6	4	46
30602739_zpid	30602739_zpid	11221	793 Greene Ave, Brooklyn, NY 11221	40.690295	-73.936276	0.308977216349	9	0.412385466411	5	0.715360600265	1	6	2	2400	985000	23	1600	1899	206	55	109	149	98	36	32	17	39	58	41	228
30635429_zpid	30635429_zpid	11212	492 Junius St, Brooklyn, NY 11212	40.662547	-73.901461	0.611775406386	3	0.271632170849	8	0.136175682477	5	3	1	1116	250000	69	784080	1985	13	9	11	3	1	9	17	0	9	4	4	29
30600936_zpid	30600936_zpid	11233	60 Hull St, Brooklyn, NY 11233	40.678908	-73.914313	0.479572218144	4	0.372527625398	5	0.302522692792	3	6	3	2208	361000	61	1591	1899	280	29	186	203	137	54	48	21	71	82	37	247
30620332_zpid	30620332_zpid	11222	209 Guernsey St, Brooklyn, NY 11222	40.7277485	-73.9554408	0.0498332722748	16	0.201881451058	4	0.291696191332	2	4	2.5	2632	2800000	5	1250	1901	66	86	24	49	29	41	37	28	25	14	12	185
30764516_zpid	30764516_zpid	11234	5220 Avenue M, Brooklyn, NY 11234	40.6213	-73.924525	0.0929452931652	12	0.346485487021	1	2.33745779722	0	2	1.5	1034	395000	9	1600	1929	8	27	6	11	9	39	31	16	19	6	8	121
30788657_zpid	30788657_zpid	11234	2216 E 57th Pl, Brooklyn, NY 11234	40.609263	-73.913366	0.810835708266	0	0.948702616909	0	3.75698842142	0	5	3	2552	606000	49	3000	1965	2	5	2	6	3	19	5	23	19	2	1	28
30623746_zpid	30623746_zpid	11222	149 Kingsland Ave, Brooklyn, NY 11222	40.721547	-73.94127	0.149764934841	10	0.266846586391	1	0.811926983678	0	6	3	1976	1525000	9	1829	1910	27	41	16	41	11	11	35	23	28	6	12	125
29843968_zpid	29843968_zpid	10465	3206 Ampere Ave, Bronx, NY 10465	40.846032	-73.820777	0.775560317628	0	0.449472912465	1	0.934178519039	0	3	2.5	1732	490000	3	2300	1950	4	16	16	16	0	60	116	60	32	4	0	124
30734341_zpid	30734341_zpid	11223	1992 W 9th St, Brooklyn, NY 11223	40.598584	-73.9811129	0.247047405082	9	0.300657886049	5	0.207818503429	5	4	3	2597	816100	36	2000	1950	35	23	11	27	10	49	30	45	21	8	6	85
30772381_zpid	30772381_zpid	11236	1425 E 87th St, Brooklyn, NY 11236	40.630229	-73.898242	0.691218503342	3	0.336962567863	1	1.85365031149	0	6	2.5	2760	655000	15	2000	1960	46	8	19	20	6	50	24	8	23	8	5	60
30611220_zpid	30611220_zpid	11216	40 Decatur St, Brooklyn, NY 11216	40.680281	-73.941743	0.216438271037	9	0.230759682232	6	0.0847814206763	3	4	5	3261	1859000	0	1286	1899	700	308	372	532	304	96	132	84	160	180	108	808
30723062_zpid	30723062_zpid	11223	254 Highlawn Ave, Brooklyn, NY 11223	40.603501	-73.976371	0.117740726977	7	0.255143348775	3	0.339809511305	4	3	2	1760	660000	36	2500	1930	364	104	164	124	124	348	112	196	88	56	28	544
30723062_zpid	30723062_zpid	11223	254 Highlawn Ave, Brooklyn, NY 11223	40.603501	-73.976371	0.117740726977	8	0.255143348775	3	0.339809511305	4	3	2	1760	660000	36	2500	1930	364	104	164	124	124	348	112	196	88	56	28	544
29793542_zpid	29793542_zpid	10473	2063 Lafayette Ave, Bronx, NY 10473	40.823	-73.852878	0.555206928581	4	0.509247554966	3	1.25908989887	0	3	2	1584	376000	2	3998	1979	91	22	25	27	13	20	17	5	16	11	5	69
30612760_zpid	30612760_zpid	11238	348 Classon Ave, Brooklyn, NY 11238	40.6885993	-73.9602095	0.247022655104	12	0.239620010786	5	0.0326643701134	3	3	1	2000	330000	150	2500	1955	260	292	148	240	116	56	84	48	120	44	68	376
30612760_zpid	30612760_zpid	11238	348 Classon Ave, Brooklyn, NY 11238	40.6885993	-73.9602095	0.247022655104	11	0.239620010786	6	0.0326643701134	3	3	1	2000	330000	150	2500	1955	260	292	148	240	116	56	84	48	120	44	68	376
30773783_zpid	30773783_zpid	11236	637 E 103rd St, Brooklyn, NY 11236	40.6489059	-73.8983839	0.149920111201	4	0.344500834648	2	0.207578298859	2	6	2	1872	262650	75	2500	1930	104	24	68	64	8	108	28	24	36	28	16	264
30773783_zpid	30773783_zpid	11236	637 E 103rd St, Brooklyn, NY 11236	40.6489059	-73.8983839	0.149920111201	5	0.344500834648	2	0.207578298859	2	6	2	1872	262650	75	2500	1930	104	24	68	64	8	108	28	24	36	28	16	264
30704918_zpid	30704918_zpid	11228	1436 73rd St, Brooklyn, NY 11228	40.619387	-74.003269	0.179797038971	9	0.327292350108	3	0.372888133991	2	5	2.75	1868	895000	7	3998	1925	52	36	44	100	44	164	156	168	64	8	12	336
30789618_zpid	30789618_zpid	11235	3065 Brighton 6th St, Brooklyn, NY 11235	40.578108	-73.9613509	0.165999222915	13	0.150128337244	5	0.0497319378102	2	6	2	1800	700000	3	2500	1932	800	276	280	388	228	296	200	88	164	128	100	1104
30789618_zpid	30789618_zpid	11235	3065 Brighton 6th St, Brooklyn, NY 11235	40.578108	-73.9613509	0.168007255209	11	0.150128337244	6	0.0497319378102	2	6	2	1800	700000	3	2500	1932	800	276	280	388	228	296	200	88	164	128	100	1104
30729145_zpid	30729145_zpid	11229	1844 Stuart St, Brooklyn, NY 11229	40.60779	-73.940847	0.315724599493	3	0.697032966591	1	1.43738226275	0	3	2	1890	520000	14	1742	1930	19	7	6	18	7	17	21	18	17	2	2	47
30785114_zpid	30785114_zpid	11234	1964 E 37th St, Brooklyn, NY 11234	40.6105189	-73.931316	0.100177077556	3	0.65768491993	1	2.24882604333	0	2	1.5	896	440000	22	1800	1925	12	44	12	12	8	60	124	108	112	4	8	176
30724563_zpid	30724563_zpid	11230	1012 E 12th St, Brooklyn, NY 11230	40.624484	-73.96438	0.172964139491	6	0.236494516507	5	0.316430459651	2	4	3.5	1836	550000	40	2003	1920	87	19	39	49	52	48	34	31	22	16	7	138
29843247_zpid	29843247_zpid	10465	3206 Parsifal Pl, Bronx, NY 10465	40.839118	-73.821391	0.484863889457	2	0.445321703626	2	1.27252530276	0	3	2	2100	499000	23	3001	1930	4	11	9	2	6	4	25	15	9	2	3	36
30733967_zpid	30733967_zpid	11224	4412 Beach 44th St, Brooklyn, NY 11224	40.5752293	-74.0101771	0.442024512766	1	0.738578229497	1	2.45941320859	0	4	2.5	2420	630000	9	3015	1930	44	20	12	68	12	0	48	0	16	8	0	64
30661054_zpid	30661054_zpid	11203	438 E 42nd St, Brooklyn, NY 11203	40.64473	-73.937642	0.447087497274	3	0.593130051376	2	0.95676646288	0	4	2	2112	354000	66	2150	1945	15	5	4	6	8	24	12	3	13	6	0	51
30791099_zpid	30791099_zpid	11235	125 Girard St, Brooklyn, NY 11235	40.579516	-73.945455	0.654681195562	3	1.09824526661	0	1.10268725137	0	4	3.5	2220	1575000	49	6667	1920	17	6	3	11	3	9	23	10	19	1	1	27
30769341_zpid	30769341_zpid	11236	941 E 85th St, Brooklyn, NY 11236	40.637286	-73.908529	0.107270974369	7	0.310508068698	2	1.18566454055	0	6	4	3583	20000	14	2700	1960	41	7	22	18	11	83	30	15	33	14	13	102
30606612_zpid	30606612_zpid	11233	802 Herkimer St, Brooklyn, NY 11233	40.678194	-73.926831	0.265352502918	5	0.262851433654	3	0.353913991565	2	8	4	1800	559500	4	1800	1901	99	52	69	86	66	17	16	5	28	37	17	148
30759485_zpid	30759485_zpid	11234	942 E 58th St, Brooklyn, NY 11234	40.631905	-73.92081	0.401995493728	6	0.196952925269	3	2.26915551694	0	4	4.5	2805	340000	2	3000	2009	112	44	68	88	44	156	60	88	32	56	8	216
30656070_zpid	30656070_zpid	11203	1189 Schenectady Ave, Brooklyn, NY 11203	40.643744	-73.932128	0.226191352804	5	0.704667938789	1	1.42960683014	0	3	2	1456	453000	7	2000	1920	34	20	12	15	11	34	22	8	17	10	4	100
30738735_zpid	30738735_zpid	11223	2341 W 1st St, Brooklyn, NY 11223	40.59152	-73.971065	0.105897857617	7	0.579183351861	2	0.342381616649	3	3	2	2000	29000	313	2000	1935	37	10	15	21	8	43	38	41	24	5	5	102
30773680_zpid	30773680_zpid	11236	1041 E 95th St, Brooklyn, NY 11236	40.645019	-73.904418	0.158332043313	5	0.817741657279	0	0.283149277444	2	4	4.5	3280	500000	17	5425	1930	46	10	24	36	20	66	23	10	11	24	9	98
30629675_zpid	30629675_zpid	11207	1075 Halsey St, Brooklyn, NY 11207	40.688396	-73.9129449	0.211011344884	9	0.35920946829	3	0.382446818488	2	6	3	3300	850000	18	2000	1920	91	21	70	99	54	20	25	12	25	41	18	145
30583071_zpid	30583071_zpid	11215	616 President St, Brooklyn, NY 11215	40.6761	-73.9824639	0.162857473835	16	0.136437324752	5	0.145941414533	1	7	4	3281	2500000	0	1750	1920	236	232	108	144	96	80	112	140	68	40	40	464
30793373_zpid	30793373_zpid	11229	18 Eaton Ct, Brooklyn, NY 11229	40.5867119	-73.9209391	0.381691896706	1	1.66275831651	0	2.80809307601	0	3	2	1960	432600	91	40	1960	2	3	1	13	0	0	25	9	19	2	3	33
30715923_zpid	30715923_zpid	11230	839 E 10th St, Brooklyn, NY 11230	40.628392	-73.966583	0.409566165764	8	0.532711242069	5	0.428977756471	2	3	2.5	1564	792000	30	3000	1925	100	23	52	47	58	58	44	47	25	12	11	142
30789661_zpid	30789661_zpid	11235	3041 Brighton 7th St, Brooklyn, NY 11235	40.5787886	-73.960743	0.0990424210983	11	0.126797118189	7	0.132995922731	2	3	2	845	80000	22	1690127.9999999998	1925	225	66	77	106	66	75	51	25	50	35	25	290
30748288_zpid	30748288_zpid	11235	2437 E 26th St, Brooklyn, NY 11235	40.592435	-73.943954	0.274345604384	12	0.311060865754	3	0.997665857025	0	3	2	1961	740000	5	2200	1940	200	60	48	52	32	84	92	112	80	4	4	248
30748288_zpid	30748288_zpid	11235	2437 E 26th St, Brooklyn, NY 11235	40.592435	-73.943954	0.274345604384	12	0.311060865754	2	0.997665857025	0	3	2	1961	740000	5	2200	1940	200	60	48	52	32	84	92	112	80	4	4	248
30652666_zpid	30652666_zpid	11212	373 E 95th St, Brooklyn, NY 11212	40.657967	-73.919049	0.346048834153	10	0.114730825106	4	0.451028936616	1	9	5	3213	623000	16	3250	1930	474	16	214	216	166	70	26	11	37	69	35	308
29834999_zpid	29834999_zpid	10466	3715 Secor Ave, Bronx, NY 10466	40.887466	-73.832678	0.280586582887	2	0.207154659997	2	0.180836067564	1	3	1.5	1120	330000	8	1088	1930	34	10	15	18	3	30	23	14	18	8	3	66
30750521_zpid	30750521_zpid	11210	726 E 23rd St, Brooklyn, NY 11210	40.632475	-73.954988	0.569447483982	5	0.5055777077	2	0.621892729861	3	6	2	2640	775000	10	4000	1920	43	15	23	32	41	34	17	15	19	11	2	74
30624587_zpid	30624587_zpid	11206	264 Boerum St, Brooklyn, NY 11206	40.706235	-73.936961	0.313371818549	8	0.414966207129	2	0.295745638405	3	5	2	1780	865000	31	2187	1930	45	113	28	25	17	19	31	10	16	10	8	104
30748694_zpid	30748694_zpid	11235	2521 E 12th St, Brooklyn, NY 11235	40.589109	-73.958147	0.192634884584	13	0.340414197499	3	0.417821876345	2	8	3	3600	605000	117	3600	1933	200	72	44	116	68	164	136	116	96	36	16	380
30748694_zpid	30748694_zpid	11235	2521 E 12th St, Brooklyn, NY 11235	40.589109	-73.958147	0.192634884584	13	0.340414197499	4	0.417821876345	2	8	3	3600	605000	117	3600	1933	200	72	44	116	68	164	136	116	96	36	16	380
30634878_zpid	30634878_zpid	11207	415 Pennsylvania Ave, Brooklyn, NY 11207	40.667165	-73.894304	0.158049991185	6	0.237378494798	10	0.28602526554	5	3	1	3000	510000	46	2000	1901	175	20	113	123	131	21	46	10	45	42	16	196
30625287_zpid	30625287_zpid	11221	906 Willoughby Ave, Brooklyn, NY 11221	40.696339	-73.932265	0.122403236685	12	0.34291445072	5	0.302148833002	3	5	2	1980	140000	23	1646	1940	82	83	35	57	52	33	26	16	21	31	25	162
30671840_zpid	30671840_zpid	11218	3815 12th Ave, Brooklyn, NY 11218	40.6419956	-73.988128	0.515078741135	5	0.183041900114	10	0.534918918588	3	7	3	2800	610000	46	2000	1931	26	14	27	38	21	50	46	53	4	9	1	107
30794054_zpid	30794054_zpid	11229	74 Canton Ct, Brooklyn, NY 11229	40.589333	-73.922826	0.0857363741123	2	1.4387368769	0	2.66230880863	0	3	2	1300	212000	144	1780	1920	2	3	2	15	0	1	32	12	24	2	5	41
83048154_zpid	83048154_zpid	11209	474 Bay Ridge Pkwy, Brooklyn, NY 11209	40.6295968	-74.0232581	0.0555734527218	19	0.0438724545396	4	0.190935296408	2	2	1	3240	900000	26	2178	1910	60	37	35	41	22	43	57	69	28	15	7	156
30757079_zpid	30757079_zpid	11234	1631 E 36th St, Brooklyn, NY 11234	40.615805	-73.937686	0.31259484367	3	0.241354703934	3	1.84582746497	0	3	1.5	1064	517000	5	1800	1920	12	16	11	21	5	42	23	19	39	8	3	102
30656247_zpid	30656247_zpid	11203	654 E 53rd St, Brooklyn, NY 11203	40.643388	-73.926868	0.179822321076	5	0.794157293885	0	1.85913693852	0	2	2	1408	520000	112	24	1925	105	21	25	19	21	35	33	11	11	11	7	110
30757151_zpid	30757151_zpid	11234	1628 E 38th St, Brooklyn, NY 11234	40.616529	-73.93676	0.420841689209	3	0.335006755807	2	1.9168350859	0	3	1	1064	449800	9	1800	1925	52	76	40	72	20	168	112	80	152	28	8	480
30768176_zpid	30768176_zpid	11236	623 E 85th St, Brooklyn, NY 11236	40.64075	-73.912404	0.430927465817	6	0.617910431639	1	1.10754230522	0	9	3	3415	289000	226	2900	1975	41	6	26	14	10	63	29	11	24	11	10	100
30631957_zpid	30631957_zpid	11212	424 Mother Gaston Blvd, Brooklyn, NY 11212	40.6686063	-73.9068917	0.11265093723	7	0.0771298361872	11	0.423687303176	4	3	4	5000	325000	139	2500	1930	77	11	25	28	23	11	25	6	12	13	13	108
30609919_zpid	30609919_zpid	11221	458 Putnam Ave, Brooklyn, NY 11221	40.684831	-73.9430098	0.161787265225	12	0.316832020533	9	0.575972922096	2	6	4	3760	1550000	9	2000	1915	87	22	62	63	59	10	16	8	27	37	6	106
29846872_zpid	29846872_zpid	10465	512 Reynolds Ave, Bronx, NY 10465	40.8219554	-73.8093779	0.0776852068	2	0.767204279117	0	3.3313176303	0	3	1	1836	449000	0	2421	1960	18	9	3	5	2	7	8	8	10	3	2	29
30611203_zpid	30611203_zpid	11216	1501 Fulton St, Brooklyn, NY 11216	40.6801342	-73.9412763	0.17533334	8	0.266124129487	7	0.0425474182854	3	2	1	3600	700000	124	1800	1910	160	75	80	111	63	24	30	19	35	35	24	175
83179229_zpid	83179229_zpid	10469	1496 Hicks St, Bronx, NY 10469	40.8793141	-73.8478354	0.265142359169	6	0.287295410555	3	0.830091842269	0	5	3	3540	415000	19	935	2007	73	20	31	56	48	32	14	9	27	16	6	95
30623814_zpid	30623814_zpid	11222	87 Kingsland Ave, Brooklyn, NY 11222	40.719363	-73.940889	0.109671508005	9	0.471121738165	2	0.597110656902	1	4	2	1683	535000	110	1280	1910	15	27	12	25	5	6	22	18	11	4	7	81
30602605_zpid	30602605_zpid	11221	473 Van Buren St, Brooklyn, NY 11221	40.69186	-73.929624	0.119433990414	9	0.210589094304	3	0.178580642417	3	3	3	1920	825000	1	1598	1899	175	79	93	121	124	46	40	15	38	54	36	284
30731076_zpid	30731076_zpid	11214	160 Bay 44th St, Brooklyn, NY 11214	40.5913309	-73.988433	0.307472403825	5	0.695770002493	1	0.482223362254	2	4	3	2100	789000	9	21	1950	48	32	44	72	12	72	136	84	104	28	20	264
30615129_zpid	30615129_zpid	11205	158 Carlton Ave, Brooklyn, NY 11205	40.692849	-73.973088	0.0523329018654	9	0.0806350331335	3	0.629556004684	1	8	4	3100	2200000	0	2000	1899	51	66	28	34	24	33	23	15	24	17	10	123
30698436_zpid	30698436_zpid	11209	8220 Narrows Ave, Brooklyn, NY 11209	40.627996	-74.038342	0.716902016544	4	1.04811495662	0	1.02720620367	0	6	3.5	5746	10999000	0	20037.600000000002	1917	20	20	0	20	0	24	88	64	32	4	4	140
30698185_zpid	30698185_zpid	11209	363 82nd St, Brooklyn, NY 11209	40.626116	-74.02779	0.204458884308	15	0.30871476698	4	0.385155690906	2	5	2.5	1920	800000	65	2187	1925	114	67	45	44	23	54	44	49	15	33	5	209
30639276_zpid	30639276_zpid	11207	379 Ashford St, Brooklyn, NY 11207	40.672993	-73.884636	0.183336310627	8	0.494295507681	4	0.351657243613	3	5	2.5	1773	481650	134	1773	2003	29	13	27	27	21	39	23	13	23	17	9	104
29829146_zpid	29829146_zpid	10469	3521 Tiemann Ave, Bronx, NY 10469	40.878852	-73.844689	0.12054015673	6	0.345658695483	3	0.570776562982	1	7	3	3351	395460	2	4200	1970	43	11	26	28	27	40	18	13	32	17	5	86
30567284_zpid	30567284_zpid	11201	11 Cranberry St, Brooklyn, NY 11201	40.700387	-73.994803	0.21412857841	12	0.358047107927	1	0.30558701563	3	6	4.5	6700	467481	150	2569	1826	100	256	36	100	64	32	116	80	68	28	20	344
