30624271_zpid	30624271_zpid	11211	14 Catherine St, Brooklyn, NY 11211	40.713227	-73.937101	0.329972503768	10	0.411228626239	2	0.318931570858	3	3	1.5	1600	925000	25	1877	1910	23	104	9	30	16	21	19	8	14	10	14	111
30605847_zpid	30605847_zpid	11233	522A Macdonough St, Brooklyn, NY 11233	40.682863	-73.925314	0.421799163511	7	0.475076208155	3	0.560094198079	2	5	3	3217	715000	94	1950	1901	151	74	100	121	74	16	18	13	43	44	25	204
30653557_zpid	30653557_zpid	11203	374 E 53rd St, Brooklyn, NY 11203	40.650708	-73.927672	0.198494328557	8	0.215825978585	3	1.53253567953	0	3	2.5	1274	344500	75	2000	1920	193	22	64	63	69	69	40	8	26	31	11	188
30760537_zpid	30760537_zpid	11210	4106 Avenue J, Brooklyn, NY 11210	40.627398	-73.936165	0.466229849661	1	0.841837038512	0	1.14307254466	0	3	2	1386	350000	23	2000	1920	53	5	25	32	15	30	30	16	16	9	7	73
30783510_zpid	30783510_zpid	11229	1816 Madison Pl, Brooklyn, NY 11229	40.609194	-73.939952	0.458413589186	3	0.524294887148	1	1.51073255728	0	3	2.5	1352	454000	71	2000	1930	15	6	8	16	7	6	11	9	10	2	3	41
30739292_zpid	30739292_zpid	11223	2463 W 2nd St, Brooklyn, NY 11223	40.5888023	-73.9715571	0.233876469837	6	0.274053138849	1	0.245169455546	2	4	2	2300	839000	0	2500	1930	344	52	64	84	40	136	180	152	72	20	28	424
30699103_zpid	30699103_zpid	11209	171 85th St, Brooklyn, NY 11209	40.625287	-74.033837	0.294432480168	8	0.49405977637	2	0.543097543741	1	5	4	4500	2150000	25	5000	1925	30	30	16	29	11	41	31	22	13	6	2	94
64656355_zpid	64656355_zpid	11234	6612 Avenue M, Brooklyn, NY 11234	40.622436	-73.9156409	0.30030612982	5	0.782143302695	0	2.93689585248	0	3	2.5	2214	520000	37	1785	2002	14	5	4	8	5	50	25	21	18	6	7	95
29847282_zpid	29847282_zpid	10465	3229 Glennon Pl, Bronx, NY 10465	40.815831	-73.8021569	0.836080455958	0	1.38322487776	0	4.24487423698	0	2	1	964	290000	71	2060	1940	2	1	2	0	0	2	9	6	4	0	0	16
55541129_zpid	55541129_zpid	10458	705 E 183rd St, Bronx, NY 10458	40.85213	-73.8851572	0.215030461739	12	0.213054644137	2	1.13386294919	0	6	3	2000	465000	0	1725	2000	312	66	106	132	131	14	21	8	40	51	16	209
30682163_zpid	30682163_zpid	11219	1512 66th St, Brooklyn, NY 11219	40.622297	-73.99752	0.263538783078	9	0.318736844339	4	0.299976403449	4	6	3	2720	1350000	6	2575	1930	31	6	9	15	9	41	30	39	10	4	6	85
30730353_zpid	30730353_zpid	11214	136 Bay 38th St, Brooklyn, NY 11214	40.59577	-73.990981	0.352133427462	8	0.379949239601	5	0.411724848171	2	9	5.5	3116	1430000	13	2900	1927	164	40	72	96	48	208	160	100	92	36	12	368
29776896_zpid	29776896_zpid	10454	444 E 142nd St, Bronx, NY 10454	40.810835	-73.919718	0.365282134649	5	0.296549392743	6	0.344998240386	3	6	3	2112	250000	25	1650	1910	226	34	114	129	116	9	15	11	29	32	17	217
30780525_zpid	30780525_zpid	11234	1206 Bergen Ave, Brooklyn, NY 11234	40.627265	-73.913425	0.758697102423	0	0.550624519323	1	2.36952834213	0	6	4	3150	615000	89	3150	1970	84	12	40	28	24	184	20	72	48	24	20	216
30771695_zpid	30771695_zpid	11236	1354 E 83rd St, Brooklyn, NY 11236	40.6292029	-73.902887	0.883745127042	0	0.698370690524	1	1.94462160663	0	5	3.5	2496	210000	7	2400	1960	172	24	68	72	32	184	88	32	92	20	32	232
30625152_zpid	30625152_zpid	11237	107 Wilson Ave, Brooklyn, NY 11237	40.701596	-73.926761	0.0329005940118	14	0.204909291028	5	0.419670259771	5	3	3	5500	2105000	18	2482	1931	169	107	107	156	126	32	24	6	43	64	26	289
112079078_zpid	112079078_zpid	11231	332 Bond St, Brooklyn, NY 11231	40.6794819	-73.9899928	0.424263279728	10	0.334978102439	2	0.392329012348	3	6	3.5	3750	2800000	16	1500	2005	13	25	2	20	10	12	29	30	13	3	2	78
29832403_zpid	29832403_zpid	10466	816 E 225th St, Bronx, NY 10466	40.886444	-73.8570079	0.176260756789	7	0.306084487743	3	0.330968851905	2	6	3	3298	220000	11	2613	1970	150	13	83	94	69	75	21	11	32	42	15	134
30607796_zpid	30607796_zpid	11216	706 Dekalb Ave, Brooklyn, NY 11216	40.69153	-73.94793	0.237073245237	11	0.507973404127	6	0.356125846233	2	7	3	2403	283200	129	2054	2004	256	124	124	180	140	56	52	24	56	88	56	324
30595631_zpid	30595631_zpid	11213	1639 Pacific St, Brooklyn, NY 11213	40.677112	-73.936325	0.379071627091	8	0.200998648987	5	0.494194298936	2	3	3	1897	270000	66	1312	1905	162	35	64	71	62	34	25	7	31	29	13	162
29818261_zpid	29818261_zpid	10462	2058 Muliner Ave, Bronx, NY 10462	40.8528189	-73.861733	0.384602696482	10	0.372902873268	4	0.2011215213	3	8	5	3032	628300	94	3000	1970	445	35	82	59	77	41	39	15	38	29	23	176
30793382_zpid	30793382_zpid	11229	4 Frank Ct, Brooklyn, NY 11229	40.586113	-73.92079	0.449155315495	1	1.69647267649	0	2.82198202691	0	3	2	1120	280000	16	1785	1920	2	3	1	13	0	0	17	8	15	2	2	29
30716605_zpid	30716605_zpid	11230	1017 E 10th St, Brooklyn, NY 11230	40.62418	-73.96578	0.133601582055	5	0.325805908477	5	0.439463168904	2	5	2.5	2230	1150000	1	3000	1930	98	19	40	49	49	37	46	30	19	16	6	139
29828149_zpid	29828149_zpid	10469	1028 E 215th St, Bronx, NY 10469	40.8776579	-73.855154	0.410289900903	5	0.636258429279	1	0.937235408463	0	5	3	2375	495000	8	2352	1899	76	7	41	70	48	60	13	9	27	25	15	107
30707391_zpid	30707391_zpid	11214	1928 77th St, Brooklyn, NY 11214	40.610374	-73.994585	0.204857330046	15	0.162109827636	10	0.616771340456	3	8	5	3536	1299000	30	3000	1931	92	9	26	34	17	41	33	23	23	9	6	113
30637388_zpid	30637388_zpid	11208	112 Ridgewood Ave, Brooklyn, NY 11208	40.6825789	-73.884754	0.330519464829	5	0.302340916161	4	0.293142567404	2	5	3	1850	669000	0	2000	1950	65	19	37	37	37	39	26	18	26	19	11	110
30694252_zpid	30694252_zpid	11209	7215 Stewart Ave, Brooklyn, NY 11209	40.6294217	-74.018735	0.277903264776	12	0.358988335101	6	0.573490487514	2	4	3	2800	840000	7	2850	1920	10	14	8	23	5	23	32	40	17	3	4	90
30570762_zpid	30570762_zpid	11231	165 Luquer St, Brooklyn, NY 11231	40.677526	-73.9989839	0.0580470185398	11	0.461280689952	2	0.356946024094	2	5	5	3600	3300000	13	2083	1900	29	34	7	22	9	17	59	15	13	6	8	137
30665508_zpid	30665508_zpid	11225	629 Rogers Ave, Brooklyn, NY 11225	40.65621	-73.952734	0.0662926206806	11	0.205036147945	8	0.255324356346	4	4	3	3888	18500	43	2081	1905	200	33	109	88	56	31	22	6	32	34	5	123
29816578_zpid	29816578_zpid	10461	1954 Mulford Ave, Bronx, NY 10461	40.851269	-73.8344429	0.37646758663	6	0.33959453129	1	0.520850839861	2	3	1	1836	450000	4	2304	1950	68	16	15	16	17	33	19	16	11	6	6	56
30633392_zpid	30633392_zpid	11212	790 Mother Gaston Blvd, Brooklyn, NY 11212	40.659259	-73.904506	0.312242034026	4	0.362965081025	4	0.449206388313	4	13	1.5	1116	265000	134	1800	1986	85	14	61	59	43	26	30	6	34	18	9	141
30636461_zpid	30636461_zpid	11207	19 Crosby Ave, Brooklyn, NY 11207	40.6821879	-73.895501	0.358654484982	3	0.323421207441	3	0.590187981745	2	3	1	1572	550000	4	6125	1920	240	100	168	148	108	160	100	124	84	64	32	332
30623888_zpid	30623888_zpid	11222	138 Beadel St, Brooklyn, NY 11222	40.72204	-73.935398	0.475634550748	2	0.717947748139	1	1.10709598035	0	1	1	1200	790000	41	2000	1910	14	16	7	14	6	5	19	18	14	3	6	59
30693143_zpid	30693143_zpid	11209	7106 Narrows Ave, Brooklyn, NY 11209	40.63596	-74.035119	0.316753694413	5	0.652496966452	1	0.998067342925	0	4	3	3212	1318000	6	2000	1925	40	6	7	13	7	30	16	70	10	2	1	43
30592725_zpid	30592725_zpid	11216	756 Saint Johns Pl, Brooklyn, NY 11216	40.671585	-73.953333	0.237209233125	14	0.277228542492	3	0.29768979558	5	5	4	2610	750000	21	1836	1910	224	61	118	133	124	19	33	9	33	47	29	194
30603778_zpid	30603778_zpid	11221	710 Monroe St, Brooklyn, NY 11221	40.687774	-73.9283279	0.200572678426	10	0.19895350823	4	0.55150693951	2	5	2.5	1433	339000	57	1433	1899	184	46	103	142	116	47	32	10	33	62	32	248
30589456_zpid	30589456_zpid	11238	594 Franklin Ave, Brooklyn, NY 11238	40.677992	-73.955586	0.119300744041	11	0.410460937064	5	0.290589074123	5	6	3	3040	1400000	0	1598	1931	95	102	44	66	58	31	17	18	25	20	19	153
30622130_zpid	30622130_zpid	11222	125 Engert Ave, Brooklyn, NY 11222	40.721792	-73.945639	0.137183228012	15	0.201539825325	1	0.571320428651	1	7	3	2430	1190000	19	1710	1910	28	64	15	45	10	13	36	16	22	9	9	161
30604094_zpid	30604094_zpid	11221	881 Putnam Ave, Brooklyn, NY 11221	40.6870199	-73.925875	0.324123069056	10	0.357459422833	4	0.420736655895	2	5	2	2250	1063000	7	1875	1901	181	57	95	149	104	33	25	6	33	61	30	234
30788170_zpid	30788170_zpid	11234	80 Barlow Dr N, Brooklyn, NY 11234	40.6093509	-73.905064	0.93445533828	0	0.95186312062	0	4.16143068384	0	4	3.5	2320	1300000	83	7600	1960	8	16	4	24	0	12	36	16	28	8	4	80
29793964_zpid	29793964_zpid	10473	2224 Hermany Ave, Bronx, NY 10473	40.824609	-73.848336	0.389587732785	3	0.493910048697	2	1.11268674511	0	3	1.5	1000	310000	6	1724	1925	23	13	13	9	7	26	12	5	9	4	6	51
30624723_zpid	30624723_zpid	11206	29 Fayette St, Brooklyn, NY 11206	40.700704	-73.939915	0.157124083705	11	0.115188289753	5	0.113525833815	3	3	1	2700	999000	15	1571	1920	64	126	36	40	23	26	32	16	25	16	10	169
83042929_zpid	83042929_zpid	11233	178 Ralph Ave, Brooklyn, NY 11233	40.683752	-73.92316	0.36365138002	9	0.559313962842	4	0.575127423876	3	3	2	2340	125000	8	1260	1920	175	56	113	130	98	21	23	15	48	70	20	225
30767169_zpid	30767169_zpid	11236	580 E 88th St, Brooklyn, NY 11236	40.642497	-73.9114309	0.308015131088	5	0.54613783141	2	0.932219835919	0	7	4	2137	585000	37	1950	1960	40	5	24	19	8	55	24	5	23	18	5	97
30592906_zpid	30592906_zpid	11213	956 Saint Johns Pl, Brooklyn, NY 11213	40.671135	-73.946857	0.273715721827	13	0.293931994576	4	0.364825628046	3	7	3	3546	50000	55	2372	1915	185	29	90	85	76	22	25	6	26	30	15	163
30772184_zpid	30772184_zpid	11236	1426 E 85th St, Brooklyn, NY 11236	40.62901	-73.90019	0.83765700867	0	0.54386703891	1	1.9691204054	0	5	2.5	2760	525000	137	2000	1960	40	7	18	19	9	42	20	9	24	6	8	58
30651872_zpid	30651872_zpid	11203	50 E 56th St, Brooklyn, NY 11203	40.656056	-73.925335	0.206118333939	10	0.412290798345	2	0.969338675539	0	6	5	3700	675000	112	2825	2001	155	22	62	67	69	56	28	7	18	27	15	132
30756952_zpid	30756952_zpid	11234	1612 E 35th St, Brooklyn, NY 11234	40.615374	-73.939269	0.232755317143	2	0.223747258177	2	1.71924623452	0	3	2	1200	609000	0	2200	1925	52	52	44	76	24	144	100	84	148	32	16	388
30689166_zpid	30689166_zpid	11219	1375 64th St, Brooklyn, NY 11219	40.625623	-73.998885	0.188089804329	5	0.646300827743	2	0.192874995781	4	5	3	1520	191000	243	1799	1910	46	9	19	23	15	60	67	61	14	9	17	126
29854140_zpid	29854140_zpid	10471	4695 Arlington Ave, Bronx, NY 10471	40.8942707	-73.9102244	0.800184410698	0	0.987098519392	0	1.11685373246	0	3	4	2626	1193000	15	7136	1952	72	20	8	16	4	8	136	8	24	0	4	76
30660305_zpid	30660305_zpid	11203	522 E 46th St, Brooklyn, NY 11203	40.648781	-73.934267	0.319905771117	5	0.341421425823	3	1.30689513514	0	3	2	1224	270000	15	4583	1920	120	11	54	53	54	36	28	1	20	23	7	112
89070804_zpid	89070804_zpid	10452	1525 Plimpton Ave, Bronx, NY 10452	40.845599	-73.9210368	0.189026554942	5	0.528651446931	6	0.550389395344	2	16	7	4500	1100000	0	2448	2010	204	32	79	81	75	23	18	14	29	20	5	103
64561566_zpid	64561566_zpid	11217	391 Dean St APT 1C, Brooklyn, NY 11217	40.6828355	-73.9783935	0.110003242132	14	0.380096783255	2	0.0989107741197	9	3	2	1138	1200000	11	8000	2005	67	122	35	44	28	43	49	69	40	20	32	225
63067556_zpid	63067556_zpid	10473	104 Bolton Ave, Bronx, NY 10473	40.807378	-73.855591	0.923624206765	0	1.5722595893	0	2.87097762383	0	5	3	2380	430000	67	20	2005	16	9	20	14	9	10	14	13	7	10	4	48
30660031_zpid	30660031_zpid	11226	3110 Snyder Ave, Brooklyn, NY 11226	40.648774	-73.9480169	0.134929066591	5	0.36498670142	6	0.26526322669	2	9	3	3000	520000	123	1670	1910	254	33	92	79	89	76	22	11	30	37	18	183
30768445_zpid	30768445_zpid	11236	707 E 79th St, Brooklyn, NY 11236	40.63642	-73.915218	0.219504194691	6	0.205733947126	2	1.60403611314	0	5	2.5	2223	15000	16	1975	1960	32	9	26	17	11	50	32	14	28	10	8	89
30596720_zpid	30596720_zpid	11233	1631 Saint Johns Pl, Brooklyn, NY 11233	40.670436	-73.923169	0.231376041103	9	0.150174279899	3	0.632898757719	1	8	4	4104	1325000	19	19	1925	193	24	96	84	87	15	14	5	23	33	10	128
30667812_zpid	30667812_zpid	11226	342 E 22nd St, Brooklyn, NY 11226	40.643588	-73.95681	0.196510213816	10	0.263969135195	4	0.653285656742	3	1	1	2160	495000	40	2000	1910	582	117	289	292	273	66	41	27	70	100	25	469
30737642_zpid	30737642_zpid	11223	2249 W 6th St, Brooklyn, NY 11223	40.59317	-73.976534	0.394296091278	6	0.175326079658	2	0.151827071084	4	4	3	2000	405600	100	2000	1930	36	15	12	21	10	46	24	37	26	6	7	99
30728228_zpid	30728228_zpid	11229	1866 E 13th St, Brooklyn, NY 11229	40.6038872	-73.9595532	0.507434984997	9	0.377532080957	6	0.552813183972	2	9	4.5	6000	1500000	0	3200	1920	97	23	34	33	31	56	23	17	16	12	5	117
94719941_zpid	94719941_zpid	11215	285 20th St, Brooklyn, NY 11215	40.6611649	-73.991064	0.190829613118	14	0.380869348302	4	0.497035715229	2	2	2	2280	3000000	10	3625	1931	40	49	15	39	15	34	44	12	17	8	10	115
30614867_zpid	30614867_zpid	11205	27 N Elliott Pl, Brooklyn, NY 11205	40.697353	-73.977215	0.424753122558	4	0.530057091906	2	0.90311595121	0	5	3	1575	350000	12	1465	1899	16	8	5	13	13	22	4	18	0	11	5	42
30604971_zpid	30604971_zpid	11216	417 Marcus Garvey Blvd APT 1, Brooklyn, NY 11216	40.6828387	-73.9377289	0.196359873831	9	0.273601169716	7	0.418653394726	2	2	1	3944	381600	136	1900	1899	152	232	108	188	84	20	60	52	60	44	52	284
30653609_zpid	30653609_zpid	11203	347 E 53rd St, Brooklyn, NY 11203	40.651304	-73.9270839	0.132104771839	8	0.143038976373	3	1.44970368132	0	4	2	2000	699000	0	1999	1920	208	21	75	81	84	78	40	9	29	39	17	214
30607473_zpid	30607473_zpid	11206	118 Marcus Garvey Blvd, Brooklyn, NY 11206	40.6946014	-73.94061	0.089183181972	10	0.182784080229	3	0.508806869669	3	3	2.5	1922	310000	149	1333	1931	436	176	204	312	192	144	88	116	92	132	68	612
30618715_zpid	30618715_zpid	11249	64 N 3rd St, Brooklyn, NY 11249	40.717312	-73.9633489	0.144896786388	10	0.237322277504	3	0.495008674473	1	4	2	1300	3200000	15	2155	1901	63	105	8	30	5	40	21	25	23	38	3	137
30692787_zpid	30692787_zpid	11219	1044 Bay Ridge Ave, Brooklyn, NY 11219	40.626818	-74.00954	0.152770292537	7	0.328930100142	6	0.619540244309	1	4	4	3091	1400000	5	2483	1925	92	36	24	48	12	64	64	104	32	4	12	256
30692787_zpid	30692787_zpid	11219	1044 Bay Ridge Ave, Brooklyn, NY 11219	40.626818	-74.00954	0.152770292537	6	0.328930100142	6	0.619540244309	1	4	4	3091	1400000	5	2483	1925	92	36	24	48	12	64	64	104	32	4	12	256
30605728_zpid	30605728_zpid	11233	308 Malcolm X Blvd, Brooklyn, NY 11233	40.68229	-73.929225	0.217047079546	8	0.212394744261	4	0.349592087188	1	3	1	1100	920000	40	1376	1927	136	70	99	124	72	16	20	11	41	39	24	190
29790379_zpid	29790379_zpid	10473	1524 Harding Park, Bronx, NY 10473	40.808652	-73.85733	0.878567038305	0	1.44856350285	0	2.68798688642	0	3	3	595	150000	0	1230	1925	116	40	76	72	36	56	60	44	40	64	12	240
30726933_zpid	30726933_zpid	11229	1667 E 19th St, Brooklyn, NY 11229	40.609384	-73.954198	0.155639534236	4	0.0923852617515	4	0.315723357952	1	5	4.5	2500	749500	32	2475	1920	147	32	46	44	44	59	53	38	24	16	3	166
30794281_zpid	30794281_zpid	11229	71 Bartlett Pl, Brooklyn, NY 11229	40.5901263	-73.9251843	0.245554388402	2	1.22933783674	0	2.47533222048	0	2	1	685	250000	19	1750	1920	2	6	1	16	1	1	29	11	21	1	4	36
30636583_zpid	30636583_zpid	11207	205 Sunnyside Ave, Brooklyn, NY 11207	40.682794	-73.890127	0.452051184984	4	0.357497724439	4	0.561319927494	2	1	1	3405	300000	168	5500	1901	56	29	34	35	29	43	33	27	28	12	6	84
30641623_zpid	30641623_zpid	11208	88 Hemlock St, Brooklyn, NY 11208	40.687836	-73.8723739	0.226037832819	6	0.193976141701	5	0.234798514971	3	6	3	2000	640000	8	1600	1920	81	33	54	72	39	62	37	16	46	35	7	171
29847666_zpid	29847666_zpid	10465	1001 Calhoun Ave, Bronx, NY 10465	40.830184	-73.828465	0.157793265724	2	0.565701174817	1	1.63371257642	0	6	3	2964	460000	15	2452	1965	11	14	8	9	4	12	26	15	9	2	6	48
30784337_zpid	30784337_zpid	11234	1852 Hendrickson St, Brooklyn, NY 11234	40.614671	-73.92979	0.181142555127	4	0.696509555692	1	2.46059348488	0	4	2	1936	480000	80	2650	1940	44	160	8	24	12	100	104	84	76	8	8	356
30788214_zpid	30788214_zpid	11234	73 Barlow Dr N, Brooklyn, NY 11234	40.61008	-73.904526	0.88322422452	0	0.897530076706	0	4.07767142708	0	5	5	5920	485000	193	4817	2001	0	8	1	5	0	3	8	4	9	2	0	31
29847062_zpid	29847062_zpid	10465	198 Longstreet Ave, Bronx, NY 10465	40.819361	-73.805586	0.353193213371	1	1.0343176897	0	3.76053253388	0	3	3	2210	600000	134	2178	1998	17	10	4	4	2	7	17	10	10	3	2	36
29831618_zpid	29831618_zpid	10466	628 E 223rd St, Bronx, NY 10466	40.886955	-73.86376	0.267678338317	4	0.265233046292	1	0.311285420141	2	7	5	3976	580000	19	2500	2006	224	11	68	95	90	46	12	5	25	46	10	130
30723681_zpid	30723681_zpid	11230	1119 Coney Island Ave, Brooklyn, NY 11230	40.63033	-73.9658649	0.32689894879	9	0.37831117013	7	0.376015489108	3	8	4	3640	700000	26	22	1930	83	44	58	53	55	58	48	56	29	16	11	152
30625336_zpid	30625336_zpid	11221	155 Central Ave, Brooklyn, NY 11221	40.6992986	-73.9268998	0.0730511850049	16	0.141266583113	4	0.165873650497	3	3	1	4125	1050000	28	2500	1931	96	42	42	65	39	37	15	13	28	28	16	141
30668337_zpid	30668337_zpid	11226	485 E 17th St, Brooklyn, NY 11226	40.638984	-73.961784	0.302715024619	11	0.300348244043	7	0.280107360964	3	6	4.5	4000	1900000	12	5500	1901	1560	256	684	724	704	196	124	120	192	272	40	1112
30668337_zpid	30668337_zpid	11226	485 E 17th St, Brooklyn, NY 11226	40.638984	-73.961784	0.302715024619	10	0.300348244043	7	0.280107360964	3	6	4.5	4000	1900000	12	5500	1901	1560	256	684	724	704	196	124	120	192	272	40	1112
30772136_zpid	30772136_zpid	11236	1440 E 85th St, Brooklyn, NY 11236	40.628744	-73.8998979	0.863325123267	0	0.552331739998	1	2.0005399728	0	7	4	2046	798000	0	26136.0	1960	38	6	13	16	7	39	21	9	21	5	8	50
30643360_zpid	30643360_zpid	11208	269 Hemlock St, Brooklyn, NY 11208	40.68325	-73.870735	0.136006491756	6	0.193622596605	7	0.257545420758	1	1	1	2840	400000	22	2000	1910	134	40	81	106	69	72	39	12	82	49	8	214
29784434_zpid	29784434_zpid	10458	2396 Lorillard Pl, Bronx, NY 10458	40.856125	-73.889097	0.113748586344	10	0.133886202049	3	0.606863555157	1	4	2	1536	289000	36	1672	1901	449	78	163	199	192	25	39	16	55	70	29	318
30567252_zpid	30567252_zpid	11201	32 Hicks St, Brooklyn, NY 11201	40.7010303	-73.9933217	0.235676359565	14	0.387197852929	2	0.240402906772	3	3	4.5	2921	2475000	37	1211	1910	12	62	7	20	7	10	32	17	16	5	4	85
29816572_zpid	29816572_zpid	10461	1942 Mulford Ave, Bronx, NY 10461	40.850869	-73.834482	0.389586077966	6	0.334401953255	1	0.479701501006	2	3	3	1836	445000	12	2304	1958	73	18	13	13	15	34	18	16	11	6	6	66
30661720_zpid	30661720_zpid	11203	504 E 40th St, Brooklyn, NY 11203	40.6432069	-73.939436	0.271439087093	3	0.59006050321	2	0.831459782095	0	3	4	1280	175000	309	3000	1910	240	24	88	72	76	180	80	24	84	52	12	300
30732619_zpid	30732619_zpid	11224	3719 Lyme Ave, Brooklyn, NY 11224	40.577695	-74.004165	0.577910057884	1	0.193034705292	2	1.93914020301	0	6	2	3000	183000	299	3333	1920	50	14	15	41	13	4	20	4	16	13	2	55
30619353_zpid	30619353_zpid	11211	364 S 3rd St, Brooklyn, NY 11211	40.708733	-73.952784	0.0208810408949	16	0.20602811077	8	0.222382943151	6	1	1	1120	125000	60	937	1930	118	243	87	92	67	18	35	17	30	19	13	263
30788078_zpid	30788078_zpid	11234	138 Barlow Dr S, Brooklyn, NY 11234	40.6087	-73.905527	0.985899581232	0	1.00564886501	0	4.23642558276	0	6	5	1836	999000	0	4233	1960	2	1	1	7	0	3	9	3	8	2	1	21
30781678_zpid	30781678_zpid	11234	2014 E 60th St, Brooklyn, NY 11234	40.6156699	-73.9170163	0.123863208677	6	0.665939545468	1	3.21671844372	0	3	3	1760	535000	0	2575	1950	12	8	11	7	13	28	20	11	21	5	5	90
30731793_zpid	30731793_zpid	11214	203 Avenue Z, Brooklyn, NY 11214	40.584766	-73.985395	0.391250377504	3	0.224809506721	1	0.47409445657	1	3	2.5	1800	260000	292	2000	1970	7	6	8	14	5	12	13	10	9	2	2	21
29841101_zpid	29841101_zpid	10465	3215 Fairmount Ave, Bronx, NY 10465	40.836372	-73.820585	0.172409057807	2	0.133388569347	1	1.53905698422	0	3	1	1305	210000	4	2500	1940	6	7	7	8	7	10	27	13	11	4	3	43
30639757_zpid	30639757_zpid	11208	499 Shepherd Ave, Brooklyn, NY 11208	40.672217	-73.880007	0.0869304704386	9	0.362812580513	3	0.222001445672	2	8	4	2320	572000	127	2967	1901	176	25	89	102	82	51	32	10	33	62	26	181
30792204_zpid	30792204_zpid	11235	2716 Brown St, Brooklyn, NY 11235	40.587095	-73.937692	0.307919187735	5	0.500965968163	1	1.39192761849	0	4	3	2275	750000	1	2000	1960	42	6	27	31	19	31	16	24	29	11	5	105
2099299011_zpid	2099299011_zpid	11234	2272 East 60th Place, Brooklyn, NY 11234	40.610826	-73.910751	0.578624031586	3	0.722822321738	1	3.96476090158	0	4	2	1778	759000	0	3100	1960	8	24	8	12	12	72	32	60	68	4	4	124
