30671419_zpid	30671419_zpid	11218	103 E 2nd St, Brooklyn, NY 11218	40.6493477	-73.9793197	0.107955272968	9	0.163467240195	3	0.303462177336	2	5	2	2040	795000	32	2000	1925	188	104	92	108	100	96	104	112	72	20	24	372
30671419_zpid	30671419_zpid	11218	103 E 2nd St, Brooklyn, NY 11218	40.6493477	-73.9793197	0.107955272968	9	0.527730611242	2	0.303462177336	2	5	2	2040	795000	32	2000	1925	188	104	92	108	100	96	104	112	72	20	24	372
29822381_zpid	29822381_zpid	10469	2449 Tiemann Ave, Bronx, NY 10469	40.86221	-73.8382929	0.374775226733	2	0.287107219504	1	1.06171058822	0	4	3	2226	450000	34	4791	1899	9	12	2	6	0	9	27	14	13	2	3	49
29792013_zpid	29792013_zpid	10473	510 Bolton Ave, Bronx, NY 10473	40.815974	-73.857617	0.574344229137	2	0.636595816301	1	1.92364085011	0	3	3	1075	319000	78	2500	1945	33	8	4	33	9	29	16	14	14	11	7	81
30574480_zpid	30574480_zpid	11232	194 32nd St, Brooklyn, NY 11232	40.655695	-74.00116	0.149690415322	4	0.581303574291	3	0.311145021737	2	5	2	3180	735000	73	2003	1940	96	120	52	68	44	32	136	60	60	4	36	276
30574480_zpid	30574480_zpid	11232	194 32nd St, Brooklyn, NY 11232	40.655695	-74.00116	0.149690415322	4	0.581303574291	2	0.311145021737	2	5	2	3180	735000	73	2003	1940	96	120	52	68	44	32	136	60	60	4	36	276
30782312_zpid	30782312_zpid	11234	2024 E 73rd St, Brooklyn, NY 11234	40.62173	-73.907473	0.53985534397	1	0.526071832507	1	2.81489719154	0	3	2.5	1665	579000	30	2633	1965	72	8	36	48	24	108	76	40	72	16	12	232
29848802_zpid	29848802_zpid	10465	312 Brinsmade Ave, Bronx, NY 10465	40.817798	-73.821414	0.375793876865	1	0.351278535866	1	2.99778787667	0	4	3	2112	510000	31	5000	1925	13	15	12	5	9	27	18	11	12	8	8	55
30787768_zpid	30787768_zpid	11234	209 Barlow Dr S, Brooklyn, NY 11234	40.608205	-73.9078849	0.944544470478	0	1.01391095436	0	4.17979270746	0	5	3	3715	340000	252	4400	1960	2	4	2	7	0	11	7	14	15	4	1	27
30579806_zpid	30579806_zpid	11215	417A 17th St, Brooklyn, NY 11215	40.660038	-73.984787	0.19550930288	13	0.0684745814501	6	0.422006254579	1	3	1	1088	1199000	0	1171	1915	46	48	22	42	28	32	42	18	18	8	14	99
30608534_zpid	30608534_zpid	11221	475 Lexington Ave, Brooklyn, NY 11221	40.688799	-73.943094	0.254415179754	10	0.202715624126	4	0.729237073745	1	2	1	1680	35000	252	1400	1899	704	192	348	456	344	100	120	40	128	184	88	752
30608534_zpid	30608534_zpid	11221	475 Lexington Ave, Brooklyn, NY 11221	40.688799	-73.943094	0.212224669549	11	0.202715624126	4	0.729237073745	1	2	1	1680	35000	252	1400	1899	704	192	348	456	344	100	120	40	128	184	88	752
30786739_zpid	30786739_zpid	11234	2115 Kimball St, Brooklyn, NY 11234	40.609787	-73.926046	0.366543963387	1	1.09149047593	0	2.68766952196	0	2	2	1032	455000	25	4000	1955	6	10	1	6	2	21	22	17	16	0	6	73
83044324_zpid	83044324_zpid	11226	342 Parkside Ave, Brooklyn, NY 11226	40.6557633	-73.9577233	0.15351221598	12	0.139333078788	6	0.322817398311	3	6	4	2864	1100000	0	1320	2007	366	83	187	196	176	37	30	19	50	47	17	260
83049791_zpid	83049791_zpid	11238	355 Carlton Ave, Brooklyn, NY 11238	40.686984	-73.971303	0.290450792998	10	0.419818716107	3	0.243259775967	8	4	3.5	2730	2075000	34	1800	1900	83	28	36	50	40	19	17	6	11	19	15	67
55677690_zpid	55677690_zpid	11234	51 Bergen Beach Pl, Brooklyn, NY 11234	40.621571	-73.91382	0.310825758992	5	0.609350189699	1	2.96969231868	0	4	2.5	1444	525000	128	2455	1997	18	4	5	10	2	44	27	23	20	3	7	97
30570923_zpid	30570923_zpid	11231	528 Court St, Brooklyn, NY 11231	40.6757573	-73.9993333	0.0391672909975	8	0.394991256249	1	0.216861793076	2	1	1	1653	1760000	20	1560	1931	26	30	7	19	9	15	45	8	11	6	7	111
83043388_zpid	83043388_zpid	11208	389 Atkins Ave, Brooklyn, NY 11208	40.669189	-73.877363	0.290064203803	10	0.475157427568	4	0.619927570566	2	5	2	2466	546000	27	2500	2005	133	18	101	114	82	49	33	11	30	55	30	185
30786174_zpid	30786174_zpid	11234	2040 Hendrickson St, Brooklyn, NY 11234	40.611618	-73.926392	0.333557899868	2	1.00000230492	0	2.67567551704	0	3	2	1106	477500	23	2000	1925	44	36	16	24	12	116	100	84	60	12	24	344
30689935_zpid	30689935_zpid	11220	834 67th St, Brooklyn, NY 11220	40.630757	-74.013057	0.226421257157	9	0.202648375278	6	0.467764599357	2	4	2	1905	950000	9	2000	1935	14	4	11	16	6	23	30	9	4	5	1	44
30731968_zpid	30731968_zpid	11214	2758 Cropsey Ave, Brooklyn, NY 11214	40.586793	-73.989199	0.415358771137	4	0.572499464086	1	0.512836180608	1	2	2	928	470000	33	2328	1945	12	10	9	23	5	21	21	18	21	7	4	42
30754175_zpid	30754175_zpid	11210	1229 E 28th St, Brooklyn, NY 11210	40.620978	-73.9474539	0.428079454389	2	0.160404390432	2	1.07640384562	0	5	3	1993	999000	1	2850	1925	26	4	3	15	7	39	30	9	22	1	1	59
30664437_zpid	30664437_zpid	11225	108 Lincoln Rd, Brooklyn, NY 11225	40.660815	-73.958934	0.137881651135	11	0.265725370756	8	0.293601182761	3	2	1	3523	245250	295	5250	1910	392	107	182	148	175	16	44	21	61	52	13	280
30704998_zpid	30704998_zpid	11204	1622 73rd St, Brooklyn, NY 11204	40.616866	-73.99912	0.0946282837132	9	0.33133650175	4	0.30389383908	2	2	2	1200	480000	54	1600	1920	9	12	6	25	7	23	13	15	10	2	2	41
30777305_zpid	30777305_zpid	11236	1448 E 98th St, Brooklyn, NY 11236	40.637698	-73.892933	0.187398708231	8	0.112099171174	4	1.24951209563	0	3	3	1512	529000	0	1985	1925	25	10	23	27	4	45	21	13	13	11	2	73
30611633_zpid	30611633_zpid	11205	405 Myrtle Ave, Brooklyn, NY 11205	40.6932786	-73.969595	0.0137254949215	10	0.337183666632	3	0.627898404884	1	3	1	2400	655000	134	1808	1958	73	100	38	49	37	45	27	15	32	23	16	184
30714103_zpid	30714103_zpid	11214	8794 19th Ave, Brooklyn, NY 11214	40.602191	-74.004756	0.186020784146	7	0.244335285785	7	0.615904674065	2	8	4	3105	1168000	3	2631	1901	123	23	33	43	26	62	45	52	16	12	10	137
30771676_zpid	30771676_zpid	11236	8216 Avenue M, Brooklyn, NY 11236	40.629945	-73.904021	0.856699736484	0	0.740153633497	1	1.86905629642	0	6	4	3300	560000	19	2000	1960	200	24	68	92	44	236	92	28	120	20	36	264
30638429_zpid	30638429_zpid	11207	175 Van Siclen Ave, Brooklyn, NY 11207	40.675829	-73.890825	0.364108504755	7	0.398144914012	4	0.227220984924	5	4	2.5	1368	349900	65	2500	1901	428	100	316	400	280	368	148	112	176	192	72	980
30637770_zpid	30637770_zpid	11207	2821 Fulton St, Brooklyn, NY 11207	40.678398	-73.890482	0.138014701206	5	0.178638958291	5	0.117931015462	5	6	2	1800	529000	0	1868	1901	119	42	79	100	63	101	51	38	54	36	14	209
30770221_zpid	30770221_zpid	11236	1156 E 81st St, Brooklyn, NY 11236	40.631604	-73.907814	0.604967647631	5	0.618116163162	2	1.74946624473	0	4	2.5	1485	230000	210	50	1960	156	20	56	68	32	236	96	16	104	24	24	228
29840036_zpid	29840036_zpid	10470	4723 Richardson Ave # 1, Bronx, NY 10470	40.90463	-73.851095	0.258204627519	5	0.0883598596947	2	0.172236569403	3	6	3	3204	455800	49	3750	1920	112	14	65	60	60	26	20	6	24	24	4	126
30744641_zpid	30744641_zpid	11229	2177 E 19th St, Brooklyn, NY 11229	40.5973881	-73.9520272	0.33245989467	11	0.282098663374	5	0.356409853645	2	3	1.5	1595	775000	0	1200	1960	424	136	128	108	192	260	180	104	104	56	20	612
30659708_zpid	30659708_zpid	11203	3915 Snyder Ave, Brooklyn, NY 11203	40.649713	-73.940168	0.19984147125	3	0.398328440603	2	0.804393744875	0	2	1	2676	463000	20	2000	1920	103	19	70	64	66	48	14	7	25	28	5	111
30603186_zpid	30603186_zpid	11221	712 Lexington Ave, Brooklyn, NY 11221	40.689764	-73.9310159	0.358007448128	9	0.364648980333	4	0.439528391405	2	5	4	2868	890000	6	1873	1905	848	280	448	640	512	232	148	72	148	268	160	1100
30757565_zpid	30757565_zpid	11234	1766 E 35th St, Brooklyn, NY 11234	40.61282	-73.936414	0.250418960402	4	0.156930333003	2	1.86651589219	0	3	1.5	1092	552500	4	1800	1935	12	52	16	44	12	80	96	84	136	16	4	240
30667195_zpid	30667195_zpid	11218	210 Stratford Rd, Brooklyn, NY 11218	40.643425	-73.968926	0.0700581579398	10	0.346466317095	4	0.384578734575	2	7	4	2775	2350210	4	5000	1915	110	38	44	54	34	33	24	24	25	13	10	159
63067550_zpid	63067550_zpid	10470	246 E 239th St, Bronx, NY 10470	40.899918	-73.869292	0.473652752544	3	0.326025079538	1	0.738357675204	1	6	3	2820	599000	0	12632.4	2002	54	15	7	9	6	42	14	17	16	5	4	78
30602430_zpid	30602430_zpid	11221	1083 Lafayette Ave, Brooklyn, NY 11221	40.6926879	-73.928863	0.0149002925456	10	0.10373559526	4	0.0729314396506	3	3	2	2536	278000	19	1667	1901	196	80	92	116	129	58	42	14	43	54	37	310
30726533_zpid	30726533_zpid	11230	1510 E 19th St, Brooklyn, NY 11230	40.613232	-73.955497	0.359861852693	8	0.0936163194172	6	0.543828132782	2	4	2.5	1672	620000	53	1330	1910	82	12	49	62	36	62	18	31	17	6	3	86
30652451_zpid	30652451_zpid	11203	14 E 58th St, Brooklyn, NY 11203	40.6551509	-73.923336	0.0779574540474	10	0.424020307585	3	0.917882321617	0	4	2.5	2038	410000	15	2312	1940	120	20	45	56	49	42	17	7	15	20	11	106
29844097_zpid	29844097_zpid	10465	3283 Spencer Dr, Bronx, NY 10465	40.842612	-73.81816	0.885695693814	0	0.688822977292	1	1.3002830066	0	3	1	900	640000	15	3404	1960	1	9	4	4	0	12	24	13	6	1	0	31
30646571_zpid	30646571_zpid	11207	643 Alabama Ave, Brooklyn, NY 11207	40.660368	-73.894814	0.400821989363	1	0.158197291475	3	0.415112454698	4	2	1	3930	369770	37	3666	1924	208	15	123	114	118	30	43	14	38	56	16	227
30571576_zpid	30571576_zpid	11217	486 Warren St, Brooklyn, NY 11217	40.683007	-73.985767	0.11350319699	11	0.211364574832	2	0.554079966029	7	5	5	3200	1900000	29	2003	1900	92	640	28	120	40	204	168	68	76	56	56	524
30566605_zpid	30566605_zpid	11217	355 Pacific St, Brooklyn, NY 11217	40.686985	-73.986485	0.139703913833	14	0.562400766309	3	0.227866695451	9	5	3	3440	4545000	10	2000	1901	26	61	6	30	11	26	40	14	19	14	12	93
30586564_zpid	30586564_zpid	11215	474 7th Ave, Brooklyn, NY 11215	40.6624709	-73.985676	0.092658575453	18	0.148125656374	8	0.532512040647	3	5	3	1440	1440000	12	1810	1899	63	66	24	65	21	39	66	24	26	11	11	141
30598267_zpid	30598267_zpid	11233	2420 Pacific St, Brooklyn, NY 11233	40.675035	-73.905187	0.44552655793	6	0.508917087161	4	0.179794340132	9	4	2	2322	87000	77	876	1927	79	8	51	83	56	21	18	12	27	32	14	85
30760498_zpid	30760498_zpid	11210	1880 Albany Ave, Brooklyn, NY 11210	40.6271429	-73.936792	0.422421899085	1	0.819171499521	0	1.11440027756	0	3	2	1470	385000	26	2000	1920	69	7	35	39	26	39	34	16	18	13	9	84
30635871_zpid	30635871_zpid	11207	551 Alabama Ave, Brooklyn, NY 11207	40.662441	-73.89606	0.414542764365	2	0.232582402778	9	0.263302459242	5	8	2	2320	330000	124	2809	1910	210	14	111	106	120	27	48	12	33	52	13	215
30713500_zpid	30713500_zpid	11214	140 Bay 32nd St, Brooklyn, NY 11214	40.598428	-73.995362	0.140984279348	7	0.340675667823	7	0.410048264219	3	3	1.5	3388	371300	97	2900	1965	524	80	164	200	132	372	168	88	92	56	24	512
112507360_zpid	112507360_zpid	11205	185 Washington Park, Brooklyn, NY 11205	40.6912985	-73.9732567	0.20349912206	12	0.243174010186	3	0.458624247853	5	2	1	800	1200000	60	2200	1900	53	62	24	36	20	30	20	11	26	14	8	114
30737039_zpid	30737039_zpid	11223	2139 West St, Brooklyn, NY 11223	40.5962054	-73.9710886	0.49580350882	4	0.688554950042	4	0.192394253671	3	7	5	3707	1150000	14	2867	1931	24	6	8	23	7	45	21	52	26	1	4	83
30767377_zpid	30767377_zpid	11234	858 E 55th St, Brooklyn, NY 11234	40.636481	-73.924182	0.128938546874	4	0.569922837494	1	2.02296129372	0	5	3	2280	310000	169	2600	1955	18	9	1	7	3	16	17	6	12	3	2	37
30756466_zpid	30756466_zpid	11234	1557 E 36th St, Brooklyn, NY 11234	40.616998	-73.939043	0.41414007135	4	0.139154228063	4	1.72146219498	0	3	4	1472	630000	7	2100	1925	18	15	14	25	6	43	22	20	31	6	3	106
30698453_zpid	30698453_zpid	11209	116 82nd St, Brooklyn, NY 11209	40.6275376	-74.035585	0.479414749068	6	0.526487970917	1	0.81258285086	0	4	4	2160	2175000	2	4266	1910	44	44	12	40	12	104	124	92	44	8	8	224
30698453_zpid	30698453_zpid	11209	116 82nd St, Brooklyn, NY 11209	40.6275376	-74.035585	0.479414749068	6	0.907575205244	0	0.81258285086	0	4	4	2160	2175000	2	4266	1910	44	44	12	40	12	104	124	92	44	8	8	224
30621258_zpid	30621258_zpid	11222	40 Jewel St, Brooklyn, NY 11222	40.726738	-73.946233	0.123125225672	14	0.466708771168	3	0.485671167789	1	6	4	3200	547000	142	1700	1890	33	54	17	31	10	23	31	19	17	10	11	142
30601742_zpid	30601742_zpid	11233	94 Sackman St, Brooklyn, NY 11233	40.676467	-73.906324	0.376639986435	6	0.364610596241	3	0.285310496136	8	2	1	1480	580000	107	1440	1910	138	16	85	122	79	32	25	16	41	55	20	135
30690545_zpid	30690545_zpid	11219	1417 Bay Ridge Ave, Brooklyn, NY 11219	40.6222179	-74.001043	0.211624522734	8	0.298078772384	2	0.345747214659	3	4	3	2484	998000	7	1441	1920	172	32	52	60	36	148	112	108	40	24	28	308
30751824_zpid	30751824_zpid	11210	945 E 32nd St, Brooklyn, NY 11210	40.628238	-73.944889	0.203932543828	3	0.216310674874	2	0.562211446325	1	3	2	1600	619000	0	1999	1925	159	25	67	52	58	78	39	21	29	20	11	157
30784180_zpid	30784180_zpid	11234	1851 E 38th St, Brooklyn, NY 11234	40.613104	-73.9321949	0.309661248584	3	0.487571617776	1	2.22055243993	0	3	3.5	1280	560000	17	2000	1930	16	168	8	20	4	72	132	100	112	4	8	228
29796232_zpid	29796232_zpid	10472	1965 Chatterton Ave, Bronx, NY 10472	40.827515	-73.85776	0.0945897012507	7	0.176205064168	5	0.685879267574	1	3	2	2464	775000	0	2575	1930	75	15	60	52	46	44	29	11	60	22	9	94
30595037_zpid	30595037_zpid	11225	239 Sterling St, Brooklyn, NY 11225	40.663224	-73.9529979	0.251777934534	9	0.194502226686	6	0.189143141846	3	3	3	2400	1750000	14	1999	1910	483	88	181	167	179	27	33	15	44	76	18	296
30782373_zpid	30782373_zpid	11234	2048 E 74th St, Brooklyn, NY 11234	40.621795	-73.906321	0.59857796494	1	0.570438772055	1	2.79294830304	0	3	1	1064	432000	5	2000	1925	18	2	7	8	6	17	15	4	17	2	2	48
30744650_zpid	30744650_zpid	11229	2147 E 19th St, Brooklyn, NY 11229	40.598135	-73.952046	0.303367633299	11	0.237024896143	4	0.352897524818	2	3	2	1452	815000	7	3144	1925	110	33	35	30	51	65	43	26	28	15	6	163
29786944_zpid	29786944_zpid	10463	111 Van Cortlandt Ave W, Bronx, NY 10463	40.884219	-73.8929859	0.430206526979	3	0.145573868321	1	0.665405334765	1	3	3	2289	447000	57	4835	1940	459	13	35	46	39	19	27	17	19	10	9	81
30628837_zpid	30628837_zpid	11221	1319 Jefferson Ave, Brooklyn, NY 11221	40.693299	-73.911654	0.170380829475	11	0.479564370114	3	0.688439735913	3	7	3	2565	555000	19	1900	1905	108	20	83	102	76	28	30	7	41	46	28	145
30670365_zpid	30670365_zpid	11218	643 17th St, Brooklyn, NY 11218	40.655471	-73.977006	0.292734103423	7	0.150725300588	2	0.623192624415	2	5	2.5	2836	1560000	12	3401	1985	24	48	48	48	20	76	56	72	40	0	8	152
30654708_zpid	30654708_zpid	11236	1048 Ralph Ave, Brooklyn, NY 11236	40.649459	-73.920802	0.314149520592	7	0.632402684088	1	1.38762104961	0	3	2	1715	560000	107	2256	1940	20	4	12	18	9	21	12	5	9	11	4	46
30633736_zpid	30633736_zpid	11212	665 Watkins St, Brooklyn, NY 11212	40.655918	-73.904029	0.05194227985	3	0.340729769267	2	0.512157597093	2	8	4	3280	350000	7	2500	1930	62	9	40	46	37	19	16	5	33	13	5	102
30603494_zpid	30603494_zpid	11221	719 Monroe St, Brooklyn, NY 11221	40.68827	-73.928158	0.255651958819	9	0.248739826624	3	0.519548100102	2	9	3.5	3000	980000	25	2000	1899	792	228	416	608	476	196	136	44	136	256	140	1068
30603494_zpid	30603494_zpid	11221	719 Monroe St, Brooklyn, NY 11221	40.68827	-73.928158	0.255651958819	10	0.248739826624	3	0.519548100102	2	9	3.5	3000	980000	25	2000	1899	792	228	416	608	476	196	136	44	136	256	140	1068
30642961_zpid	30642961_zpid	11208	204 Lincoln Ave, Brooklyn, NY 11208	40.685125	-73.86993	0.270556676603	6	0.172404991609	4	0.390007005583	3	4	5	3300	589000	0	1750	1915	106	36	52	86	50	65	37	12	60	39	7	187
72669462_zpid	72669462_zpid	11215	378 12th St APT 4, Brooklyn, NY 11215	40.665404	-73.984306	0.147185845464	16	0.340251588579	7	0.351353782293	5	2	2	1100	830000	47	2500	2006	62	84	23	60	20	41	66	35	28	13	15	198
30652736_zpid	30652736_zpid	11212	367 E 96th St, Brooklyn, NY 11212	40.658502	-73.918207	0.357947629735	9	0.175732755522	4	0.364854631577	1	7	4	3276	250000	311	2500	1930	479	18	228	218	178	71	32	12	39	71	35	310
30589970_zpid	30589970_zpid	11238	248 Saint Marks Ave, Brooklyn, NY 11238	40.678032	-73.967862	0.10599522401	16	0.150875989069	5	0.378352480141	4	5	4	2200	1200000	14	2096	1910	126	101	46	72	48	31	44	38	34	23	13	175
30662349_zpid	30662349_zpid	11203	690 E 37th St, Brooklyn, NY 11203	40.640142	-73.941928	0.368198534808	4	0.525017855837	2	0.547972081559	1	6	3	2520	569000	29	2600	1925	110	7	64	60	60	37	18	6	21	23	6	100
30666645_zpid	30666645_zpid	11218	60 Hinckley Pl, Brooklyn, NY 11218	40.644416	-73.96937	0.109530104797	10	0.454426691645	3	0.412042159382	2	6	3.5	3001	1525000	2	4675	1899	520	152	224	292	224	140	100	84	116	96	32	700
30647374_zpid	30647374_zpid	11207	726 Alabama Ave, Brooklyn, NY 11207	40.6583323	-73.8940327	0.758300806247	0	0.350510127059	3	0.441328601452	2	8	3	2320	463000	44	2400	1925	107	10	75	75	57	28	42	15	22	43	10	144
29852604_zpid	29852604_zpid	10471	4401 Waldo Ave, Bronx, NY 10471	40.8912944	-73.9024517	0.359655980873	5	0.867115250445	0	0.384302694559	2	4	2.5	2500	1100000	75	19602.0	1930	42	10	0	6	1	1	9	1	6	1	2	16
30714588_zpid	30714588_zpid	11228	296 Bay 11th St, Brooklyn, NY 11228	40.60471	-74.014455	0.348526683609	3	0.667092042437	1	1.13396720413	0	3	2.5	1729	635000	91	1885	1955	28	8	8	24	4	36	56	72	40	4	8	120
30749385_zpid	30749385_zpid	11235	2521 E 26th St, Brooklyn, NY 11235	40.590703	-73.943634	0.201471212374	11	0.345287569175	3	0.985208712159	0	4	2.5	1728	630000	8	1875	1950	58	15	13	19	10	34	29	32	29	4	1	95
29824507_zpid	29824507_zpid	10469	2863 Dewitt Pl, Bronx, NY 10469	40.867325	-73.8477	0.409512703697	4	0.932041147228	0	0.268895448917	1	3	2	1024	229671	9	1520	1950	36	15	20	24	15	44	24	19	27	16	4	80
30773286_zpid	30773286_zpid	11236	956 E 95th St, Brooklyn, NY 11236	40.646338	-73.906931	0.260766563995	4	1.0011504124	0	0.430595161885	1	3	1.5	2000	399000	58	2000	1925	41	7	25	33	18	55	27	5	7	21	7	94
30594712_zpid	30594712_zpid	11225	234 Sullivan Pl, Brooklyn, NY 11225	40.664309	-73.953173	0.348740630005	8	0.23765596973	6	0.262499781405	3	2	1	2400	440000	33	2439	1920	528	100	207	197	198	23	35	16	45	88	20	306
30625896_zpid	30625896_zpid	11221	129 Stockholm St, Brooklyn, NY 11221	40.6986009	-73.924	0.186966576023	16	0.176212597535	9	0.298417929553	4	2	1	1317	885000	8	2500	1910	114	41	56	70	42	37	16	18	37	29	20	143
30598106_zpid	30598106_zpid	11233	2296 Atlantic Ave, Brooklyn, NY 11233	40.675928	-73.9093199	0.170099712494	7	0.168009971117	4	0.310619885745	6	9	3	2160	820000	0	1667	1901	199	21	122	164	112	38	30	21	53	70	31	187
30757168_zpid	30757168_zpid	11234	1664 E 38th St, Brooklyn, NY 11234	40.615886	-73.936035	0.400880426492	3	0.296086304784	2	1.98366218143	0	3	1.5	1064	540000	5	1800	1925	36	176	32	60	20	152	100	76	148	28	4	448
30760743_zpid	30760743_zpid	11234	1418 E 46th St, Brooklyn, NY 11234	40.626344	-73.931847	0.309786161928	8	0.499197775781	1	1.51755597977	0	3	3	2052	443300	132	2067	1930	22	14	15	20	15	39	24	16	15	2	1	75
30752895_zpid	30752895_zpid	11210	1255 E 37th St, Brooklyn, NY 11210	40.62598	-73.939872	0.0899162379592	5	0.666695505064	1	1.00667945746	0	1	3	1600	590000	5	4000	1931	89	10	45	47	36	68	45	20	29	16	12	107
30764196_zpid	30764196_zpid	11234	1675 E 46th St, Brooklyn, NY 11234	40.619567	-73.930567	0.27390628119	8	0.509122386333	2	2.06471201759	0	4	2	1320	359000	42	2000	1920	11	59	0	16	8	39	32	19	11	8	1	145
30593139_zpid	30593139_zpid	11216	583 Eastern Pkwy, Brooklyn, NY 11216	40.6702119	-73.9490552	0.110215196534	11	0.225335337923	5	0.153861541456	3	8	3	3342	850000	111	2137	1901	154	47	81	84	82	12	23	3	21	33	18	124
30595026_zpid	30595026_zpid	11225	265 Sterling St, Brooklyn, NY 11225	40.6632729	-73.952213	0.207990393569	7	0.128087376515	6	0.129381133781	4	3	3	2472	605000	70	2000	1910	474	87	183	167	167	29	37	16	42	77	20	296
30606413_zpid	30606413_zpid	11213	45 Albany Ave, Brooklyn, NY 11213	40.679329	-73.938184	0.113485147355	9	0.122498320481	6	0.235164248329	2	12	4	4500	775000	35	2003	1930	85	11	44	48	44	30	20	6	19	18	8	97
62649381_zpid	62649381_zpid	11235	150 Oceana Dr W, Brooklyn, NY 11235	40.5762523	-73.9590776	0.266518097108	9	0.233656891798	6	0.243520865345	1	2	2	1200	775000	13	60983.99999999999	2000	207	55	58	76	57	35	33	13	26	29	16	206
30694368_zpid	30694368_zpid	11228	7208 11th Ave, Brooklyn, NY 11228	40.624575	-74.010409	0.358414656058	7	0.429532942107	5	0.870330503837	0	3	1.5	1520	780000	14	1277	1925	11	8	5	17	5	47	33	30	12	3	2	68
30631948_zpid	30631948_zpid	11212	115 Osborn St, Brooklyn, NY 11212	40.6696291	-73.9086309	0.0675556773016	6	0.0621620432683	8	0.562739556566	1	2	2.5	3600	480000	0	1250	1940	83	11	26	37	31	11	24	7	14	14	15	116
68310449_zpid	68310449_zpid	11238	477 Classon Ave # 2, Brooklyn, NY 11238	40.684238	-73.958881	0.336484770728	13	0.300192430914	7	0.443761193574	5	6	5	2400	777500	109	820	2006	112	168	65	112	62	31	46	17	41	17	41	178
30597991_zpid	30597991_zpid	11203	693 E New York Ave, Brooklyn, NY 11203	40.662462	-73.939732	0.111179674391	6	0.293012859129	5	0.794234965825	0	2	1	3116	855000	8	2250	1923	144	19	102	82	64	32	18	17	23	23	10	107
30728525_zpid	30728525_zpid	11229	1957 E 21st St, Brooklyn, NY 11229	40.605018	-73.951119	0.634242661723	6	0.638573042742	5	0.697108750491	1	4	4	2400	1500000	16	4000	1920	101	23	33	36	38	69	58	28	20	11	3	127
30673974_zpid	30673974_zpid	11218	399 E 7th St, Brooklyn, NY 11218	40.642125	-73.972133	0.181400438	13	0.304744181337	8	0.672048738	3	4	1	2376	1060000	4	3374	1925	166	58	63	82	53	56	42	63	32	20	12	202
