68313888_zpid	68313888_zpid	11237	1414 Putnam Ave, Brooklyn, NY 11237	40.6958432	-73.9108649	0.126481367645	13	0.403717484923	3	0.431022339775	3	2	1	1969	429000	5	2625	2005	97	50	69	83	41	26	16	17	42	37	10	123
30623360_zpid	30623360_zpid	11211	230 Ainslie St, Brooklyn, NY 11211	40.7127913	-73.9450297	0.189927896702	11	0.165401235982	4	0.213956004618	5	6	3	3080	2315000	17	2800	1901	104	352	92	228	116	120	200	28	84	52	60	780
30623360_zpid	30623360_zpid	11211	230 Ainslie St, Brooklyn, NY 11211	40.7127913	-73.9450297	0.189927896702	12	0.165401235982	4	0.213956004618	5	6	3	3080	2315000	17	2800	1901	104	352	92	228	116	120	200	28	84	52	60	780
30604142_zpid	30604142_zpid	11221	704 Putnam Ave, Brooklyn, NY 11221	40.6856859	-73.933623	0.191905488446	7	0.315783443569	5	0.74494916801	1	4	4	3640	1800000	0	2000	1899	147	26	67	118	63	26	27	8	24	41	23	162
29790902_zpid	29790902_zpid	10473	325 Underhill Ave, Bronx, NY 10473	40.811951	-73.858189	0.692332131473	2	1.07697093825	0	2.31755538595	0	4	2	2000	350000	0	1999	1935	33	8	18	29	8	25	8	17	11	20	6	81
30740284_zpid	30740284_zpid	11235	2746 Brighton 7th St, Brooklyn, NY 11235	40.5836309	-73.962603	0.215914869117	8	0.329464101059	5	0.673540165453	1	9	3	2916	657000	34	2090	1930	79	36	29	52	18	54	51	31	23	18	19	155
30787929_zpid	30787929_zpid	11234	16 Montana Pl, Brooklyn, NY 11234	40.60645	-73.90367	1.2772926788	0	1.29533642472	0	4.478129607	0	3	3	3778	2175000	0	4300	1965	0	1	0	4	0	0	6	1	6	2	0	8
30634193_zpid	30634193_zpid	11207	174 Wyona St, Brooklyn, NY 11207	40.674675	-73.8938751	0.29807745162	6	0.258363406028	6	0.226150861556	4	7	3	3450	325750	13	1886	1905	101	21	79	104	75	71	40	34	31	39	20	221
30788164_zpid	30788164_zpid	11234	1 Gaylord Dr N, Brooklyn, NY 11234	40.610563	-73.906533	0.761827170795	0	0.781972287013	0	4.03706580134	0	4	3.5	4096	1000000	183	5965	1960	2	9	2	5	1	7	8	11	14	0	1	32
30595776_zpid	30595776_zpid	11233	1794 Pacific St, Brooklyn, NY 11233	40.676236	-73.928427	0.295878217521	7	0.474100265467	4	0.398769741828	2	4	4	2000	599000	0	1829	1920	60	23	48	56	40	12	14	1	21	24	11	99
29831755_zpid	29831755_zpid	10466	644 E 227th St, Bronx, NY 10466	40.889611	-73.861751	0.161613182929	4	0.328176014779	2	0.21299975532	4	5	3	2805	474900	4	2330	1964	311	19	111	124	121	72	19	6	39	65	14	196
30602639_zpid	30602639_zpid	11221	214 Van Buren St, Brooklyn, NY 11221	40.690432	-73.937793	0.182234671686	10	0.384788185746	5	0.775438235573	0	3	1	3420	319410	54	1742	1899	208	56	106	150	90	39	29	14	45	56	34	233
30643679_zpid	30643679_zpid	11208	66 Fountain Ave, Brooklyn, NY 11208	40.6785629	-73.876453	0.328181033806	12	0.434417114212	6	0.438287675096	5	5	2	1512	440000	4	1799	1899	448	88	244	332	224	196	180	80	200	104	44	796
30608222_zpid	30608222_zpid	11216	437 Greene Ave, Brooklyn, NY 11216	40.688351	-73.95346	0.109355953435	10	0.354503854827	6	0.237432440106	2	5	5.5	3129	999999	37	2000	1931	103	60	64	85	54	29	23	10	19	34	33	183
30702561_zpid	30702561_zpid	11228	6905 11th Ave, Brooklyn, NY 11228	40.626025	-74.00821	0.124832741346	6	0.458149069723	5	0.64381229054	1	5	3	3840	1080000	16	2000	1925	10	6	2	11	1	42	16	22	9	3	1	48
29815585_zpid	29815585_zpid	10461	2964 Daniel St, Bronx, NY 10461	40.844216	-73.83135	0.14172967656	5	0.468003489719	2	0.306466126414	2	5	3	2636	555000	25	2500	1940	130	17	28	25	26	54	36	22	14	17	8	124
30740356_zpid	30740356_zpid	11235	2629 Hubbard St, Brooklyn, NY 11235	40.586291	-73.9626286	0.244420289143	8	0.57341377279	3	0.719505607943	1	3	2.5	1600	530000	5	1600	1930	132	72	80	112	40	172	176	124	72	32	28	348
29846294_zpid	29846294_zpid	10465	742 Wilcox Ave, Bronx, NY 10465	40.830353	-73.816485	0.595337931426	5	0.634159047765	2	2.24789184172	0	4	2	1898	400000	4	2500	1920	5	3	3	11	0	13	16	25	14	1	3	35
30634473_zpid	30634473_zpid	11207	368 New Jersey Ave, Brooklyn, NY 11207	40.670347	-73.894748	0.0876538404936	5	0.168216297669	7	0.44493596886	5	10	3	2970	460000	33	2003	1910	129	17	100	105	115	26	36	8	32	37	22	204
30719083_zpid	30719083_zpid	11230	1487 E 9th St, Brooklyn, NY 11230	40.612774	-73.964568	0.250427723368	6	0.157293764013	3	0.693944616301	2	9	6	2207	1500000	22	4000	1915	196	68	80	140	112	248	144	84	120	28	8	484
30719083_zpid	30719083_zpid	11230	1487 E 9th St, Brooklyn, NY 11230	40.612774	-73.964568	0.250427723368	7	0.157293764013	3	0.693944616301	2	9	6	2207	1500000	22	4000	1915	196	68	80	140	112	248	144	84	120	28	8	484
30567363_zpid	30567363_zpid	11201	70 Willow St, Brooklyn, NY 11201	40.6991102	-73.9952635	0.122743307425	12	0.273366882623	2	0.259371982224	3	11	7.5	9000	12500000	50	5101	1899	29	76	13	22	16	7	31	19	16	6	8	101
29779612_zpid	29779612_zpid	10456	772 E 169th St, Bronx, NY 10456	40.830292	-73.899537	0.149131246859	4	0.174862366903	9	0.648797262116	1	3	1.5	1320	315000	3	1898	1987	191	14	98	110	70	41	7	8	17	38	20	161
30740107_zpid	30740107_zpid	11235	2535 E 6th St, Brooklyn, NY 11235	40.5880902	-73.9638733	0.277550101124	7	0.698365215871	1	0.832246763395	0	4	3	2040	600000	31	1916	1920	80	40	36	56	28	152	156	76	56	28	12	228
30778804_zpid	30778804_zpid	11236	10557 Flatlands 8th St, Brooklyn, NY 11236	40.640939	-73.884967	0.836009662862	0	0.668935670132	1	1.56151901556	0	3	2	2030	335000	49	4000	1960	13	0	11	11	4	3	11	2	11	3	2	28
29813866_zpid	29813866_zpid	10461	2530 Poplar St, Bronx, NY 10461	40.8439639	-73.8489932	0.160618514518	9	0.366391833198	3	0.677616441568	1	3	1.5	1732	338000	68	2874	1895	122	18	37	48	21	43	33	25	27	11	7	140
30740509_zpid	30740509_zpid	11235	24 Brighton 4th Ter, Brooklyn, NY 11235	40.581738	-73.963485	0.102213004092	8	0.318158536349	5	0.490355406262	2	5	5.5	3800	700000	144	25	1930	70	37	45	74	25	71	47	33	33	19	24	189
30767921_zpid	30767921_zpid	11236	638 E 82nd St, Brooklyn, NY 11236	40.638801	-73.9147629	0.333741156425	6	0.413767663556	2	1.39781497012	0	5	3.5	2250	567000	20	1800	1960	33	8	23	16	9	52	27	12	29	11	9	95
30722507_zpid	30722507_zpid	11223	1829 Stillwell Ave, Brooklyn, NY 11223	40.601904	-73.985889	0.403723743919	9	0.398645899843	6	0.474244445562	3	7	4	1040	800000	12	2000	1915	21	13	7	8	4	30	18	37	10	6	3	50
30769198_zpid	30769198_zpid	11236	923 E 82nd St, Brooklyn, NY 11236	40.636103	-73.910989	0.106233343463	6	0.0987244431478	2	1.40550913277	0	6	4.5	2400	572000	21	2000	1960	136	24	84	76	36	320	108	48	104	44	36	380
30641598_zpid	30641598_zpid	11208	55 Crescent St, Brooklyn, NY 11208	40.688107	-73.873352	0.311713315036	5	0.106100464074	4	0.215090766918	3	5	2	1760	490000	129	2253	1930	78	21	52	68	35	60	34	15	44	33	5	142
30717044_zpid	30717044_zpid	11230	627 Avenue M, Brooklyn, NY 11230	40.617342	-73.968018	0.372667089747	8	0.331810712711	6	0.576809347463	3	9	3	3705	1449000	0	2538	1930	60	10	18	28	25	48	54	27	26	5	4	90
30793429_zpid	30793429_zpid	11229	9 Hyman Ct, Brooklyn, NY 11229	40.58645	-73.923171	0.400538255018	1	1.49492926794	0	2.61981270766	0	3	2	1004	370800	72	1800	1925	2	3	1	13	0	0	29	9	20	2	5	36
30712877_zpid	30712877_zpid	11228	111 Bay 10th St, Brooklyn, NY 11228	40.608555	-74.010907	0.198817391015	7	0.379793636519	4	0.777934937812	0	4	2.5	2295	645000	73	1933	1925	7	11	3	12	2	20	35	29	25	2	4	56
29819470_zpid	29819470_zpid	10469	2223 Tenbroeck Ave, Bronx, NY 10469	40.859122	-73.85338	0.417442126723	4	0.519697999584	1	0.177464198035	1	3	1.5	1980	487000	42	2482	1930	7	4	4	4	5	15	23	6	15	4	5	36
30762416_zpid	30762416_zpid	11234	5308 Avenue K, Brooklyn, NY 11234	40.625774	-73.924249	0.310380980118	9	0.320845396456	2	2.12696229579	0	3	3	2248	885000	0	5000	1955	26	17	25	22	19	63	27	26	15	17	9	99
30716603_zpid	30716603_zpid	11230	1025 E 10th St, Brooklyn, NY 11230	40.624013	-73.965749	0.115412377028	5	0.307154761956	5	0.442418822538	2	7	3	3187	996800	36	3000	1930	98	19	40	47	49	34	47	30	21	16	6	139
30659380_zpid	30659380_zpid	11226	3103 Snyder Ave, Brooklyn, NY 11226	40.649209	-73.948202	0.165722003284	5	0.328353685899	6	0.215715595555	2	6	4	2000	799000	0	2000	1910	282	37	118	120	116	71	23	10	37	49	23	214
30726004_zpid	30726004_zpid	11230	1432 E 17th St, Brooklyn, NY 11230	40.615136	-73.957935	0.296122178694	7	0.360506020045	7	0.30272584941	2	9	5	1928	1860500	3	4658	1998	560	112	224	356	204	352	184	172	92	52	12	724
30726004_zpid	30726004_zpid	11230	1432 E 17th St, Brooklyn, NY 11230	40.615136	-73.957935	0.296122178694	7	0.360506020045	6	0.30272584941	2	9	5	1928	1860500	3	4658	1998	560	112	224	356	204	352	184	172	92	52	12	724
64787256_zpid	64787256_zpid	11216	736 Dekalb Ave, Brooklyn, NY 11216	40.6916719	-73.9466939	0.17108884679	9	0.402450476166	4	0.456220784201	2	6	3	2691	283200	129	2300	2002	232	92	104	140	136	48	40	20	52	84	48	252
30650521_zpid	30650521_zpid	11212	36 E 95th St, Brooklyn, NY 11212	40.664243	-73.926882	0.154000036386	14	0.156950518913	7	0.355419796905	2	7	4	3751	420000	138	2700	1930	1180	48	408	400	376	136	44	24	112	172	52	688
30650521_zpid	30650521_zpid	11212	36 E 95th St, Brooklyn, NY 11212	40.664243	-73.926882	0.154000036386	13	0.156950518913	7	0.355419796905	2	7	4	3751	420000	138	2700	1930	1180	48	408	400	376	136	44	24	112	172	52	688
30629894_zpid	30629894_zpid	11207	1066 Halsey St, Brooklyn, NY 11207	40.687944	-73.9126689	0.26551813124	8	0.352820154628	3	0.374352057813	3	6	3	3276	609900	0	1742	1925	99	23	77	105	63	20	26	13	30	50	19	157
29845874_zpid	29845874_zpid	10465	3273 Barkley Ave # B, Bronx, NY 10465	40.834128	-73.8176298	0.243243164283	3	0.267832893854	1	1.89101768818	0	2	2	593	132000	25	921	1940	4	3	5	8	6	12	21	23	12	4	3	34
30602998_zpid	30602998_zpid	11221	952 Greene Ave, Brooklyn, NY 11221	40.690626	-73.929702	0.21179991885	9	0.323323343004	3	0.311495620122	2	8	3	3420	945000	8	1899	1899	204	66	107	136	122	56	35	18	41	61	39	298
30700100_zpid	30700100_zpid	11209	34 Gatling Pl, Brooklyn, NY 11209	40.619332	-74.024558	0.178012165677	10	0.167622810337	5	0.494732364065	2	2	1.5	943	570000	7	1384	1925	72	46	19	26	19	31	19	13	1	12	3	146
29844395_zpid	29844395_zpid	10465	1615 Bayview Ave, Bronx, NY 10465	40.846647	-73.817642	1.04827842391	0	0.721785996321	1	1.05948933718	0	3	2	1600	438000	27	2482	1918	1	2	4	4	0	14	17	15	5	1	0	30
30637361_zpid	30637361_zpid	11208	255 Arlington Ave, Brooklyn, NY 11208	40.680947	-73.885347	0.312123073469	7	0.187111804137	5	0.126350293373	3	5	4	2126	66186	36	2500	2014	63	14	40	38	39	37	25	17	24	17	12	100
30752696_zpid	30752696_zpid	11210	3317 Avenue K, Brooklyn, NY 11210	40.6249589	-73.942954	0.327259626016	3	0.490790262722	2	0.962173536644	0	3	2	1336	400000	27	1600	1915	131	15	63	53	47	81	53	23	31	16	8	135
30772923_zpid	30772923_zpid	11236	9109 Foster Ave, Brooklyn, NY 11236	40.645285	-73.910787	0.252998709124	4	1.13827191757	0	0.770080670447	0	7	3	2880	599000	0	2647	1930	35	4	27	29	15	38	34	4	12	17	5	89
30628197_zpid	30628197_zpid	11221	1239 Putnam Ave, Brooklyn, NY 11221	40.691782	-73.915457	0.224835132001	7	0.38468035409	4	0.61597425201	2	5	3.5	2400	1100000	4	1700	1910	182	47	125	168	115	48	43	9	77	63	53	217
30784771_zpid	30784771_zpid	11234	1663 E 55th St, Brooklyn, NY 11234	40.615984	-73.921422	0.247881025931	9	0.987804004959	0	2.90292679476	0	3	2.5	1815	445000	16	1800	1955	21	6	14	12	14	40	19	17	22	7	7	115
83046049_zpid	83046049_zpid	11221	301 Van Buren St, Brooklyn, NY 11221	40.691231	-73.935016	0.405664331928	11	0.556188526199	7	0.573805997005	2	6	5	3933	1399000	0	1899	2004	173	43	94	124	96	42	27	15	34	49	43	228
30614095_zpid	30614095_zpid	11238	44 Monroe St, Brooklyn, NY 11238	40.684405	-73.95747	0.289737571904	12	0.251266209758	6	0.406758464532	3	4	2	2400	5750000	25	1700	1899	368	472	228	392	228	96	148	64	124	60	148	608
30625005_zpid	30625005_zpid	11206	50 Jefferson St, Brooklyn, NY 11206	40.69839	-73.933264	0.0846540015118	14	0.324576998764	6	0.241105895802	4	2	1	1264	550000	40	2500	1899	71	61	45	45	24	19	26	18	40	20	13	164
30699080_zpid	30699080_zpid	11209	8415 Colonial Rd, Brooklyn, NY 11209	40.625784	-74.0356539	0.445792664621	8	0.72654249284	1	0.703347588809	1	3	2.5	1624	935000	34	3100	1925	104	80	36	72	32	108	116	88	48	16	8	344
29853360_zpid	29853360_zpid	10471	5838 Tyndall Ave, Bronx, NY 10471	40.90644	-73.901003	0.127786372577	4	0.128488889279	3	1.13752523931	0	3	2.5	1632	775000	2	2994	1940	40	32	16	36	28	80	148	36	76	16	24	220
29853360_zpid	29853360_zpid	10471	5838 Tyndall Ave, Bronx, NY 10471	40.90644	-73.901003	0.127786372577	4	0.128488889279	2	1.13752523931	0	3	2.5	1632	775000	2	2994	1940	40	32	16	36	28	80	148	36	76	16	24	220
30636546_zpid	30636546_zpid	11207	163 Sunnyside Ave, Brooklyn, NY 11207	40.6822779	-73.89139	0.347908080323	2	0.252616985735	4	0.501080035735	2	4	1.5	1502	206000	49	3119	1910	69	28	42	43	30	54	38	34	31	14	7	93
30770868_zpid	30770868_zpid	11236	11 Paerdegat 10th St, Brooklyn, NY 11236	40.629069	-73.905702	0.927673139565	0	0.910618930408	0	1.98441310597	0	5	3	2200	515000	85	2200	1965	168	8	44	76	32	204	68	20	84	12	24	156
30766202_zpid	30766202_zpid	11236	8616 Avenue B, Brooklyn, NY 11236	40.647695	-73.918561	0.306041096148	5	0.894134473805	0	1.41619400828	0	3	2	1767	346000	8	3079	1945	13	3	10	10	8	19	18	6	8	6	4	48
83178182_zpid	83178182_zpid	10460	881 Elsmere Pl, Bronx, NY 10460	40.8423238	-73.8862207	0.121320236969	11	0.485272940836	3	0.566701954136	2	8	3	2700	599000	0	1498	2006	302	20	136	126	136	27	21	8	40	43	23	213
30637530_zpid	30637530_zpid	11208	149 Shepherd Ave, Brooklyn, NY 11208	40.681348	-73.881836	0.0669887386643	7	0.130329334542	3	0.1518573545	3	4	2	2480	620000	2	2000	1910	344	148	240	292	244	200	140	104	152	104	60	708
30769307_zpid	30769307_zpid	11236	906 E 85th St, Brooklyn, NY 11236	40.637618	-73.909619	0.0253769384016	7	0.241173401177	2	1.20101822675	0	3	2	1420	410000	19	1833	1960	40	7	20	17	11	81	32	15	30	15	11	103
30752412_zpid	30752412_zpid	11210	1080 E 28th St, Brooklyn, NY 11210	40.624608	-73.948722	0.161920164054	3	0.373771330912	2	0.920470353038	0	5	3	2028	740000	125	2667	1925	60	7	36	24	23	55	29	11	34	7	4	88
30757196_zpid	30757196_zpid	11229	1707 Burnett St, Brooklyn, NY 11229	40.61078	-73.942201	0.254761040878	3	0.48218412605	1	1.34019709533	0	3	2	1912	650000	3	2400	1957	23	4	12	18	8	13	15	14	10	2	2	53
62648149_zpid	62648149_zpid	11207	227 Cooper St, Brooklyn, NY 11207	40.6902479	-73.905261	0.153871129584	5	0.901958257016	0	0.194433853562	2	8	5	3375	640000	17	1875	2002	81	29	56	74	58	18	19	12	38	35	15	143
30607203_zpid	30607203_zpid	11206	256 Vernon Ave, Brooklyn, NY 11206	40.695291	-73.941368	0.0887125827367	10	0.0920946306607	4	0.527089434309	3	6	3	2160	715000	15	1611	1899	500	160	236	344	208	160	84	120	92	144	84	704
30607203_zpid	30607203_zpid	11206	256 Vernon Ave, Brooklyn, NY 11206	40.695291	-73.941368	0.0887125827367	11	0.0920946306607	4	0.527089434309	3	6	3	2160	715000	15	1611	1899	500	160	236	344	208	160	84	120	92	144	84	704
30637445_zpid	30637445_zpid	11208	100 Essex St, Brooklyn, NY 11208	40.682056	-73.883554	0.215375018177	7	0.224461108859	3	0.252007703271	2	6	3	2982	160000	242	2000	1910	292	132	188	212	184	188	128	84	124	76	56	548
2105859696_zpid	2105859696_zpid	11209	476 73rd St, Brooklyn, NY 11209	40.630987	-74.0225899	0.098865600816	17	0.194557595261	6	0.282964089858	2	6	4	2560	1530000	0	1842	1910	232	140	140	200	88	164	200	180	100	64	28	588
30592913_zpid	30592913_zpid	11216	255 New York Ave, Brooklyn, NY 11216	40.67114	-73.947298	0.236742248959	13	0.25922583477	4	0.331727906108	3	6	4	3	1500000	21	1890	1905	156	45	81	87	84	11	20	3	26	36	20	144
29852933_zpid	29852933_zpid	10471	5268 Post Rd, Bronx, NY 10471	40.899038	-73.898034	0.705849780274	2	0.741973460959	1	1.01074053506	0	3	1	1980	615000	0	2613	1935	28	1	7	7	7	10	12	5	9	0	4	22
30602632_zpid	30602632_zpid	11221	198 Van Buren St, Brooklyn, NY 11221	40.690377	-73.938286	0.146882023615	8	0.373065781263	5	0.792030379384	0	5	4	3600	642500	51	3615	1900	208	56	108	154	90	39	32	15	44	56	35	241
30666091_zpid	30666091_zpid	11226	169 Martense St, Brooklyn, NY 11226	40.651775	-73.953377	0.422892395516	10	0.198749435867	6	0.337449618799	2	5	2	2296	412000	50	4500	1901	552	90	268	263	264	99	41	21	73	83	24	413
30630720_zpid	30630720_zpid	11207	1220 Decatur St, Brooklyn, NY 11207	40.689178	-73.90676	0.238320547908	7	0.728193346331	1	0.233676006059	2	2	1	925	630000	18	1850	1899	111	35	83	103	79	22	26	14	42	47	22	183
30661045_zpid	30661045_zpid	11203	469 E 40th St, Brooklyn, NY 11203	40.644312	-73.938976	0.325438975273	3	0.527642329692	2	0.847743004402	0	3	2	1582	355000	26	2962	1945	30	5	13	10	14	34	14	5	16	8	2	55
30782187_zpid	30782187_zpid	11234	6908 Avenue T, Brooklyn, NY 11234	40.62037	-73.910066	0.324629194104	5	0.352891981103	1	3.0071192856	0	3	1.5	1296	460000	57	2400	1965	18	3	8	14	6	26	24	13	23	3	5	64
89067228_zpid	89067228_zpid	11208	793 Fountain Ave, Brooklyn, NY 11208	40.661028	-73.867045	0.70583360218	3	0.416307750636	3	1.52520270115	0	8	3	2964	365000	59	3614	2007	15	4	2	5	2	6	15	2	4	4	1	26
30723960_zpid	30723960_zpid	11230	860 E 12th St, Brooklyn, NY 11230	40.628166	-73.965079	0.308663414756	8	0.42448903883	5	0.315545905029	2	4	2.5	2282	680000	26	2000	1955	308	104	156	152	196	228	160	200	84	64	36	552
30733512_zpid	30733512_zpid	11224	2845 W 20th St, Brooklyn, NY 11224	40.577594	-73.98678	0.274751429863	2	0.362252894653	4	0.469390231508	1	6	4	2886	789000	0	2134	1848	240	52	120	148	108	64	120	48	40	76	16	304
30653432_zpid	30653432_zpid	11203	4815 Snyder Ave, Brooklyn, NY 11203	40.650239	-73.931601	0.146454019573	5	0.0954258641896	3	1.51953205689	0	6	3	1920	495000	35	2003	1920	176	18	80	71	84	56	29	7	30	34	12	190
79724457_zpid	79724457_zpid	10472	1553 Bruckner Blvd, Bronx, NY 10472	40.824167	-73.876666	0.208175911127	6	0.309027028808	4	0.534700624913	2	8	5	3054	383000	50	1567	2005	1872	180	608	656	592	156	80	12	176	248	72	948
29854055_zpid	29854055_zpid	10471	6300 Riverdale Ave, Bronx, NY 10471	40.912653	-73.902106	0.385560631982	6	0.470465669537	2	1.29918961815	0	2	2	80000	174900	0	19166.4	1960	3	7	3	5	1	6	15	7	4	1	3	27
30619262_zpid	30619262_zpid	11249	61 S 4th St, Brooklyn, NY 11249	40.7129829	-73.9655727	0.0886427421268	11	0.317139929627	3	0.829187960702	0	8	4	3200	3050000	0	1410	1910	100	344	32	136	32	92	84	152	80	12	32	380
30619262_zpid	30619262_zpid	11249	61 S 4th St, Brooklyn, NY 11249	40.7129829	-73.9655727	0.0886427421268	8	0.317139929627	3	0.829187960702	0	8	4	3200	3050000	0	1410	1910	100	344	32	136	32	92	84	152	80	12	32	380
30645808_zpid	30645808_zpid	11208	628 Hemlock St, Brooklyn, NY 11208	40.673571	-73.868837	0.213413887945	8	0.218551794541	7	0.341453696481	2	4	2	2370	400000	63	1600	2007	119	14	69	60	38	57	41	7	48	41	15	164
79714704_zpid	79714704_zpid	10463	3816 Waldo Ave APT 3A, Bronx, NY 10463	40.8874315	-73.9033459	0.148975124852	13	0.543596549721	2	0.371649441716	2	3	2	1180	561250	9	10890.0	2004	117	39	52	40	35	34	32	6	22	17	13	101
79708996_zpid	79708996_zpid	11234	23 Bell Point Dr, Brooklyn, NY 11234	40.6102015	-73.9141528	0.687002711368	2	0.879935039864	0	3.69381124027	0	4	4	4313	1150000	102	5060	2007	2	5	2	5	3	18	3	23	19	2	0	25
30702470_zpid	30702470_zpid	11209	196 Battery Ave, Brooklyn, NY 11209	40.614742	-74.025634	0.324117404807	10	0.536463513453	4	0.499721313432	1	1	1	1691	155000	263	1682	1930	33	13	8	7	9	13	15	5	2	3	3	33
30751014_zpid	30751014_zpid	11210	872 E 26th St, Brooklyn, NY 11210	40.629376	-73.951502	0.380416984507	2	0.389038960777	3	0.504673015195	1	4	3	1306	628000	3	2167	1915	35	11	13	18	24	34	21	14	24	6	4	77
30647413_zpid	30647413_zpid	11207	737 Alabama Ave, Brooklyn, NY 11207	40.6582999	-73.893337	0.71519142749	3	0.353248787665	3	0.500148156419	2	5	2	2320	597400	109	2400	1925	87	9	69	74	53	27	40	14	22	39	7	142
30608986_zpid	30608986_zpid	11216	308 Tompkins Ave, Brooklyn, NY 11216	40.687317	-73.9449659	0.0754190264284	9	0.292847431086	5	0.631984711223	1	3	1	4618	420000	47	1559	1931	117	28	57	96	74	16	20	10	31	43	19	145
29850625_zpid	29850625_zpid	10464	75 Bay St, Bronx, NY 10464	40.8477082	-73.788628	0.149822933392	3	3.15065132606	0	3.29044541602	0	2	1	825	397000	6	2500	1940	7	31	3	5	1	2	34	13	5	1	22	47
29843050_zpid	29843050_zpid	10465	3131 Waterbury Ave, Bronx, NY 10465	40.8389095	-73.824258	0.558131943705	3	0.52281098215	2	1.12398687282	0	4	2	1662	442900	66	1960	1920	1	4	3	2	3	3	17	9	6	2	3	25
30778472_zpid	30778472_zpid	11236	1363 E 99th St, Brooklyn, NY 11236	40.637104	-73.890204	0.376981422586	7	0.161645926625	4	1.44841100249	0	4	2	1475	395000	7	1999	1960	24	7	21	20	2	22	14	12	16	7	2	64
30705537_zpid	30705537_zpid	11228	1559 Bay Ridge Pkwy, Brooklyn, NY 11228	40.616904	-74.001292	0.120379644601	10	0.320344698678	5	0.362530879502	2	6	3.5	2520	950000	7	3001	1915	8	3	8	11	8	30	17	33	10	2	1	54
30667355_zpid	30667355_zpid	11218	345 Westminster Rd, Brooklyn, NY 11218	40.640707	-73.966876	0.272265967236	8	0.217592598842	6	0.253329706206	3	6	3	2903	1830000	9	5000	1899	76	35	36	38	16	39	22	27	16	7	5	128
30671171_zpid	30671171_zpid	11218	55 E 4th St, Brooklyn, NY 11218	40.651389	-73.977671	0.194887758745	7	0.598239257949	1	0.239335552716	1	3	3	1818	1260000	19	2500	1899	104	96	64	112	64	112	116	120	68	12	16	268
30671171_zpid	30671171_zpid	11218	55 E 4th St, Brooklyn, NY 11218	40.651389	-73.977671	0.194887758745	7	0.113619677516	2	0.239335552716	1	3	3	1818	1260000	19	2500	1899	104	96	64	112	64	112	116	120	68	12	16	268
83046466_zpid	83046466_zpid	11233	1650 Saint Johns Pl, Brooklyn, NY 11233	40.669892	-73.923175	0.212875042894	10	0.131960433022	5	0.572489830545	1	12	10	5200	749000	19	2000	2006	189	22	93	82	86	15	11	4	20	33	9	126
30790710_zpid	30790710_zpid	11235	116 Dover St, Brooklyn, NY 11235	40.579236	-73.949816	0.28966093154	6	0.745674480235	1	0.928264960841	0	4	4.5	3930	10	53	4500	1920	65	14	14	30	14	22	37	24	26	10	3	65
83178396_zpid	83178396_zpid	10456	272 E 166th St, Bronx, NY 10456	40.8303271	-73.9155652	0.11889302325	8	0.183916107937	7	0.453437517782	2	3	2	3705	167496	89	2394	2003	564	76	239	225	266	30	29	4	87	72	31	326
29842266_zpid	29842266_zpid	10461	2817 Harrington Ave, Bronx, NY 10461	40.839078	-73.835292	0.106175585375	3	0.864892167803	0	0.539680347378	2	7	3	3924	240000	128	4500	1920	50	20	20	17	14	34	22	19	10	7	2	82
30652799_zpid	30652799_zpid	11203	384 E 48th St, Brooklyn, NY 11203	40.6525109	-73.932705	0.125294475894	6	0.133442731009	3	1.43682497747	0	6	3.5	2136	520000	13	2600	1915	178	18	75	61	79	64	39	8	39	36	15	181
2099909131_zpid	2099909131_zpid	11214	1940 80th St, Brooklyn, NY 11214	40.608424	-73.995859	0.128846277006	13	0.18183365535	9	0.472739529193	4	5	4	2475	1899000	0	5998	1915	488	72	148	188	108	248	196	108	112	56	32	640
30674016_zpid	30674016_zpid	11218	256 E 9th St, Brooklyn, NY 11218	40.6423105	-73.9706936	0.0749089092598	12	0.245499693326	5	0.565228160557	2	5	3.5	1360	575000	137	4000	1901	624	232	232	312	168	204	152	128	108	68	44	788
30674016_zpid	30674016_zpid	11218	256 E 9th St, Brooklyn, NY 11218	40.6423105	-73.9706936	0.0749089092598	12	0.245499693326	4	0.565228160557	2	5	3.5	1360	575000	137	4000	1901	624	232	232	312	168	204	152	128	108	68	44	788
30628391_zpid	30628391_zpid	11221	1222 Putnam Ave, Brooklyn, NY 11221	40.691092	-73.91541	0.15448108962	8	0.459528590297	5	0.540833412353	2	3	2	4544	2200000	17	6500	1931	181	42	118	153	111	47	42	9	72	61	53	208
30737979_zpid	30737979_zpid	11223	2207 West St, Brooklyn, NY 11223	40.5947602	-73.970798	0.212220154814	8	0.687667695619	1	0.260424781496	3	4	4	2050	999000	5	2153	1960	168	32	64	124	28	176	128	120	112	24	24	448
29795598_zpid	29795598_zpid	10472	1207 Virginia Ave, Bronx, NY 10472	40.830913	-73.86098	0.212499452206	10	0.165522863847	5	0.257852242663	2	6	2.5	2270	490000	16	2559	1930	119	153	72	62	61	53	32	14	59	31	18	129
30581110_zpid	30581110_zpid	11232	660 40th St, Brooklyn, NY 11232	40.648271	-74.00094	0.337822540215	8	0.376280386423	6	0.600657888041	1	6	3	2200	900000	4	2003	1910	76	53	27	35	33	46	22	11	10	11	7	86
30634255_zpid	30634255_zpid	11207	280 New Jersey Ave, Brooklyn, NY 11207	40.672747	-73.895321	0.108075027323	6	0.0956071898933	5	0.225075763041	7	3	1.5	1130	355000	52	2482	1910	103	12	82	94	88	41	41	17	31	33	21	176
