29785179_zpid	29785179_zpid	10457	2169 Prospect Ave, Bronx, NY 10457	40.84908	-73.885443	0.155608615156	11	0.54723930861	3	1.07828630067	0	3	2	1320	300000	5	1306	1986	592	124	304	376	252	88	28	12	120	160	68	508
29785179_zpid	29785179_zpid	10457	2169 Prospect Ave, Bronx, NY 10457	40.84908	-73.885443	0.155608615156	11	0.54723930861	4	1.07828630067	0	3	2	1320	300000	5	1306	1986	592	124	304	376	252	88	28	12	120	160	68	508
29853479_zpid	29853479_zpid	10471	452 W 258th St, Bronx, NY 10471	40.9056961	-73.9038015	0.103735177595	4	0.119887891922	2	0.889386966519	0	6	3	2140	466000	145	2914	1910	13	10	2	12	6	12	30	8	13	3	6	46
30641663_zpid	30641663_zpid	11208	85 Hemlock St, Brooklyn, NY 11208	40.687963	-73.87186	0.184868746077	6	0.231165735437	5	0.227762552457	3	5	2	2000	577700	115	2000	1925	79	32	54	73	39	59	37	15	43	32	6	165
29778556_zpid	29778556_zpid	10452	1026 Summit Ave, Bronx, NY 10452	40.833885	-73.929516	0.28077781541	3	0.274647648195	3	0.707869046244	3	8	4	2904	995000	0	5000	1901	375	45	163	176	171	35	18	3	72	70	26	280
30774183_zpid	30774183_zpid	11236	9016 Flatlands Ave, Brooklyn, NY 11236	40.640325	-73.905301	0.128912748455	9	0.712806101538	1	0.762461250879	0	3	3	1944	550000	0	1964	1920	41	6	24	22	11	67	29	11	15	17	12	99
72691231_zpid	72691231_zpid	11208	128 Fountain Ave, Brooklyn, NY 11208	40.677	-73.876052	0.212200401457	10	0.291676222684	6	0.378980108042	4	4	3.5	2592	420000	24	2587	2005	492	76	276	320	240	216	204	52	160	140	48	748
30666355_zpid	30666355_zpid	11226	25 E 19th St, Brooklyn, NY 11226	40.649194	-73.961712	0.121139435538	9	0.461782145467	4	0.183096949263	3	2	1	1	1200000	14	3276	1930	2112	332	1420	1232	1468	148	144	64	308	392	56	1988
29833286_zpid	29833286_zpid	10466	960 E 233rd St, Bronx, NY 10466	40.890665	-73.849568	0.034078025114	5	0.34221495344	3	0.722294355038	1	3	2	1050	3225000	8	1698	1925	79	13	39	28	26	75	29	9	28	18	13	91
112501012_zpid	112501012_zpid	11223	2338 W 11TH St, Brooklyn, NY 11223	40.590489	-73.981457	0.184860812856	4	0.369625403257	2	0.267809637357	3	5	7	3120	880000	15	2000	2013	36	36	16	40	24	60	32	48	44	8	8	72
30573833_zpid	30573833_zpid	11232	138 20th St, Brooklyn, NY 11232	40.66395	-73.99668	0.239584960197	8	0.412792021545	1	0.360488900723	2	3	1	1125	258000	142	1561	1910	28	19	14	19	8	18	23	23	14	7	4	59
30750654_zpid	30750654_zpid	11210	729 E 32nd St, Brooklyn, NY 11210	40.633419	-73.945475	0.240691382927	2	0.196508155376	3	0.194231056096	1	6	3	2034	750000	1	4098	1910	136	34	62	64	79	64	37	13	23	29	6	186
83048103_zpid	83048103_zpid	11221	1281 Dekalb Ave, Brooklyn, NY 11221	40.6971745	-73.9265227	0.199813018193	13	0.123354758216	7	0.105911103999	3	4	3	3043	649000	12	1260	2007	137	82	62	88	66	51	30	20	43	36	24	213
29784160_zpid	29784160_zpid	10457	461 E 178th St, Bronx, NY 10457	40.8486469	-73.897647	0.375111638683	10	0.31289304722	7	0.240956866427	2	5	2	1548	376300	106	1782	1899	185	35	98	88	89	25	26	21	37	41	15	218
30760454_zpid	30760454_zpid	11210	1170 E 40th St, Brooklyn, NY 11210	40.626652	-73.937684	0.353955816657	1	0.804225470789	0	1.0870451412	0	9	2.25	1536	450000	69	2500	1910	316	40	148	160	116	176	164	72	80	60	44	360
30760454_zpid	30760454_zpid	11210	1170 E 40th St, Brooklyn, NY 11210	40.626652	-73.937684	0.264247713143	2	0.804225470789	0	1.0870451412	0	9	2.25	1536	450000	69	2500	1910	316	40	148	160	116	176	164	72	80	60	44	360
83042980_zpid	83042980_zpid	11213	1682 Dean St, Brooklyn, NY 11213	40.675664	-73.932209	0.0910819697156	9	0.210278918833	5	0.430416793498	1	9	6	4352	1200000	0	2017	2005	133	17	63	74	60	38	24	8	20	14	10	147
30595539_zpid	30595539_zpid	11225	439 Lincoln Rd, Brooklyn, NY 11225	40.661942	-73.948131	0.213350675054	8	0.240564598406	6	0.246266263585	3	6	3	2520	525000	31	1900	1920	367	68	153	160	154	45	38	20	39	69	12	271
30591229_zpid	30591229_zpid	11213	1449 Dean St, Brooklyn, NY 11213	40.676589	-73.940351	0.0963651841886	9	0.475497156704	6	0.37337798348	2	6	3.5	2505	720000	35	2081	1910	188	38	92	101	91	25	19	7	32	41	20	184
29832058_zpid	29832058_zpid	10466	737 E 226th St, Bronx, NY 10466	40.8882959	-73.858647	0.163623883402	6	0.235658423964	2	0.145784880024	3	14	4	4500	525000	45	2850	1930	315	26	123	138	125	89	28	12	49	65	20	221
30730804_zpid	30730804_zpid	11214	193 Bay 34th St, Brooklyn, NY 11214	40.596098	-73.994677	0.290804426126	9	0.538160554703	6	0.652163582323	2	7	5	2320	1230000	0	2425	1925	73	5	30	43	27	63	31	19	20	12	3	85
29845278_zpid	29845278_zpid	10465	563 Hollywood Ave, Bronx, NY 10465	40.824883	-73.817678	0.370787657055	5	0.521036536384	2	2.63247080161	0	2	2	1664	285000	18	2482	1940	13	16	5	17	5	12	20	20	15	0	4	55
29852756_zpid	29852756_zpid	10471	4701 Fieldston Rd, Bronx, NY 10471	40.895898	-73.903774	0.723987013434	1	1.06926526212	0	0.808604965398	0	4	3.5	2864	1210000	57	9801	1930	0	0	16	16	8	4	60	8	20	0	0	52
30789540_zpid	30789540_zpid	11235	3032 Brighton 4th St, Brooklyn, NY 11235	40.578373	-73.964013	0.180427959344	9	0.129894141963	7	0.244400199038	2	7	3	2808	460000	19	2500	1925	143	61	84	105	66	67	47	22	50	28	26	277
29834962_zpid	29834962_zpid	10466	1466 E 233rd St, Bronx, NY 10466	40.889097	-73.83371	0.318969038201	2	0.218139958028	2	0.257780479382	1	4	2	1788	257250	28	2178	1925	39	10	15	19	3	41	23	16	20	9	3	64
30665443_zpid	30665443_zpid	11225	237 Winthrop St, Brooklyn, NY 11225	40.657192	-73.952172	0.118227415158	10	0.144844184631	7	0.183509076787	3	3	2	1	425000	119	1908	1905	240	29	103	92	66	38	28	8	25	38	7	148
30734423_zpid	30734423_zpid	11223	1977 W 9th St, Brooklyn, NY 11223	40.5989965	-73.9806715	0.20707199296	7	0.334692405256	7	0.213506784263	5	2	2	1056	670000	9	1950	1930	140	96	44	100	40	216	112	200	80	32	24	344
29847798_zpid	29847798_zpid	10465	1024 Brinsmade Ave, Bronx, NY 10465	40.829695	-73.83076	0.347638580648	2	0.705013884652	1	1.53492694051	0	3	2	1908	368740	55	3200	1950	8	10	6	7	3	9	18	14	5	1	5	33
30748003_zpid	30748003_zpid	11235	2482 E 21st St, Brooklyn, NY 11235	40.591793	-73.949217	0.165520300815	12	0.360862279006	4	0.63261709654	2	7	3	3060	885000	18	2613	1930	36	13	6	24	7	24	34	25	31	4	1	87
30700668_zpid	30700668_zpid	11209	8909 Shore Ct, Brooklyn, NY 11209	40.6225565	-74.0386739	0.1765593438	4	0.622009653543	1	0.868364027416	0	3	3	2473	980000	8	1650	1925	46	19	12	29	12	25	24	13	12	2	2	62
30793354_zpid	30793354_zpid	11229	3 Canton Ct, Brooklyn, NY 11229	40.5861979	-73.9196096	0.478405382107	1	1.78746678756	0	2.9214570574	0	3	2	1250	529000	0	16117.199999999999	1920	8	12	4	44	0	0	64	32	52	4	8	96
30768326_zpid	30768326_zpid	11236	1068 Remsen Ave, Brooklyn, NY 11236	40.642604	-73.909071	0.163993468493	6	0.726723411081	2	0.758463540346	0	4	3	1710	546000	11	2051	1930	41	4	25	18	12	65	35	6	22	18	5	109
30608456_zpid	30608456_zpid	11216	217 Lexington Ave, Brooklyn, NY 11216	40.687591	-73.9536229	0.0859900852078	10	0.282259715891	5	0.313313839118	2	8	4	2100	470000	33	1667	1930	113	114	69	97	64	30	25	13	24	38	34	204
30658865_zpid	30658865_zpid	11203	141 E 35th St, Brooklyn, NY 11203	40.651924	-73.944566	0.25744369943	4	0.500400848979	6	0.439825769748	2	2	1	800	555000	17	2000	1910	484	80	304	344	256	272	80	32	92	140	24	488
30736744_zpid	30736744_zpid	11223	2137 W 8th St, Brooklyn, NY 11223	40.5953836	-73.9790867	0.234686884674	6	0.100041814879	3	0.232629800209	4	7	4.5	2450	1106000	11	3300	1931	37	14	4	24	9	43	19	31	23	5	5	66
30777571_zpid	30777571_zpid	11236	1218 E 104th St, Brooklyn, NY 11236	40.641621	-73.88974	0.617025152083	2	0.560704872057	2	1.16627199581	0	3	1.5	1080	283250	42	2613	1960	112	12	52	76	44	72	48	32	52	36	28	204
30602964_zpid	30602964_zpid	11221	100 Malcolm X Blvd, Brooklyn, NY 11221	40.690273	-73.930829	0.31304911278	9	0.409691319897	4	0.381633041633	2	14	4	4400	750000	111	2000	1931	203	67	113	144	127	56	32	20	38	63	42	290
30734163_zpid	30734163_zpid	11223	1967 W 13th St, Brooklyn, NY 11223	40.598822	-73.984341	0.210120152553	8	0.276196213376	6	0.244362982951	3	3	2	1158	620000	15	2800	1925	26	14	10	15	6	29	28	37	12	6	3	50
29844394_zpid	29844394_zpid	10465	1617 Bayview Ave, Bronx, NY 10465	40.846719	-73.817637	1.0507846995	0	0.724575732774	1	1.05453040648	0	3	2.5	1944	525000	10	2600	1960	1	2	2	4	0	14	17	15	5	1	0	29
30590223_zpid	30590223_zpid	11238	142 Underhill Ave, Brooklyn, NY 11238	40.676374	-73.966516	0.138281047589	14	0.232679561283	5	0.385248965822	3	1	1	3248	1300000	105	1783	1931	208	153	77	98	97	28	45	36	47	40	12	239
30649478_zpid	30649478_zpid	11208	878 New Lots Ave, Brooklyn, NY 11208	40.667901	-73.878501	0.124865770926	9	0.323417972645	5	0.47495931904	2	4	1	1984	435000	17	2000	1920	448	56	344	364	252	148	136	48	116	180	104	672
30714677_zpid	30714677_zpid	11228	1592 Independence Ave, Brooklyn, NY 11228	40.603693	-74.014162	0.418280260638	3	0.635743568092	1	1.15232759513	0	2	2	1488	750000	7	1742	1950	7	1	2	5	1	6	10	12	4	1	2	21
29851490_zpid	29851490_zpid	10475	2535 Hollers Ave, Bronx, NY 10475	40.887694	-73.819069	0.914158102984	0	0.508795691225	1	0.992396596033	0	4	2.5	1836	130000	242	1530	1965	0	0	0	1	0	3	2	6	0	0	1	4
29842621_zpid	29842621_zpid	10461	2881 Roebling Ave, Bronx, NY 10461	40.8429969	-73.833427	0.210836083318	6	0.668206510394	1	0.262169079313	2	2	2	1710	445000	0	2374	1920	96	15	20	16	19	35	33	16	11	15	5	111
29828853_zpid	29828853_zpid	10469	1128 E 222nd St, Bronx, NY 10469	40.881485	-73.849604	0.1775704943	8	0.276994633104	3	1.00054965591	0	5	2.5	2612	465000	8	2145	1950	59	19	24	33	37	33	11	8	21	13	2	57
30719542_zpid	30719542_zpid	11204	1551 W 5th St, Brooklyn, NY 11204	40.6094714	-73.9787309	0.30575509451	14	0.266103261781	6	0.377244194903	4	3	5	1472	759000	13	1999	1925	712	112	176	188	228	308	88	88	60	40	24	480
30567248_zpid	30567248_zpid	11201	9 Willow St, Brooklyn, NY 11201	40.70097	-73.9937797	0.245391926241	14	0.387523382997	2	0.263470791592	3	5	4	2559	2700000	23	2719	1980	18	64	8	23	8	10	30	17	16	6	6	87
30737836_zpid	30737836_zpid	11223	2258 W 1st St, Brooklyn, NY 11223	40.5935242	-73.9719749	0.340058610155	3	0.562716813298	4	0.305812572157	4	4	2	1408	418000	182	1640	1920	57	10	17	33	11	45	29	37	26	6	6	121
30740309_zpid	30740309_zpid	11235	2634 E 7th St, Brooklyn, NY 11235	40.586244	-73.962155	0.222473851046	6	0.55258387353	4	0.680192833535	1	3	2	2068	565000	17	2200	1930	144	72	80	116	44	176	168	124	84	32	28	356
30624528_zpid	30624528_zpid	11206	222 Montrose Ave, Brooklyn, NY 11206	40.707365	-73.9402563	0.0486710435636	11	0.342620801132	6	0.0539339147076	4	1	1	4126	280000	144	2500	1920	63	160	34	45	26	16	28	14	20	10	10	128
30757814_zpid	30757814_zpid	11210	873 E 38th St, Brooklyn, NY 11210	40.633924	-73.939757	0.363828575376	1	0.419291790791	1	0.677041898716	1	3	1.5	1335	185000	194	2500	1925	116	28	76	100	80	144	104	48	84	48	12	324
30732625_zpid	30732625_zpid	11224	3743 Lyme Ave, Brooklyn, NY 11224	40.577618	-74.004857	0.52488681896	1	0.249819963708	1	1.99753100709	0	6	4	2200	695000	0	3130	1960	50	14	15	42	13	4	20	4	16	13	2	56
30742153_zpid	30742153_zpid	11229	2015 E 22nd St, Brooklyn, NY 11229	40.602213	-73.9496659	0.285136726443	3	0.501285642081	5	0.620787704298	1	3	3	1316	865000	0	2100	1920	81	24	28	33	39	72	54	17	25	9	6	160
30641349_zpid	30641349_zpid	11207	563 New Lots Ave, Brooklyn, NY 11207	40.6643288	-73.8878849	0.332769414813	7	0.233476306645	7	0.14921628645	3	2	1	2940	463000	24	1418	1910	226	15	145	126	135	30	42	12	56	80	20	254
30591344_zpid	30591344_zpid	11216	1294 Dean St, Brooklyn, NY 11216	40.6764439	-73.946183	0.172153205315	13	0.361757189429	8	0.275727024258	3	5	4	4800	1800000	22	2860	1905	321	66	133	192	167	33	28	11	54	62	30	246
30623456_zpid	30623456_zpid	11211	507 Grand St, Brooklyn, NY 11211	40.7111926	-73.9508196	0.097020268232	13	0.192129243208	7	0.297613167095	6	9	9	5500	351000	91	2500	1920	107	224	82	88	74	29	32	16	21	16	14	235
30789861_zpid	30789861_zpid	11235	154 Neptune Ave, Brooklyn, NY 11235	40.5819312	-73.9590451	0.274350124715	13	0.0661479547607	7	0.511044686204	2	3	3	1182	490000	5	1400	1930	225	47	63	87	43	84	50	34	47	29	27	225
30576500_zpid	30576500_zpid	11220	462 48th St, Brooklyn, NY 11220	40.6464558	-74.0099811	0.0467222383935	11	0.107035095731	9	0.276436559642	2	7	4	2700	870000	110	1999	1910	128	62	56	99	52	41	63	24	31	30	13	252
30623503_zpid	30623503_zpid	11211	140 Powers St, Brooklyn, NY 11211	40.712075	-73.9452079	0.111747667055	10	0.124192515705	5	0.293816299501	5	3	3	1080	1395000	0	750	1910	26	87	21	46	27	27	43	7	19	13	14	175
30612499_zpid	30612499_zpid	11205	305 Vanderbilt Ave, Brooklyn, NY 11205	40.688913	-73.968699	0.236682352749	10	0.28921614245	3	0.254334181599	5	1	1	860	2395000	28	1600	1899	48	50	20	31	19	32	21	8	19	15	10	105
30776388_zpid	30776388_zpid	11236	1144 E 99th St, Brooklyn, NY 11236	40.640377	-73.89461	0.280821181343	5	0.388228010387	2	0.928565762404	0	3	2	1395	555000	0	2000	1955	49	9	29	26	18	32	22	10	13	16	4	86
30718510_zpid	30718510_zpid	11204	1389 W 6th St, Brooklyn, NY 11204	40.611419	-73.979978	0.15072602328	13	0.145451173079	6	0.168009552119	3	5	3	2464	1040000	25	2000	1935	218	35	49	62	75	103	33	36	17	10	8	158
30628281_zpid	30628281_zpid	11221	1369 Putnam Ave, Brooklyn, NY 11221	40.694602	-73.912724	0.157548323874	8	0.350502264773	4	0.569618169	4	12	6	2880	1500000	0	1999	1910	91	21	80	92	68	23	29	6	35	40	26	142
2099051509_zpid	2099051509_zpid	11235	3042 Brighton 14 St # A, Brooklyn, NY 11235	40.57889	-73.955556	0.102799909446	10	0.260225712095	6	0.50255835564	1	8	5	4047	1300000	0	100	1931	796	212	228	272	204	224	220	112	164	120	56	728
2099051509_zpid	2099051509_zpid	11235	3042 Brighton 14 St # A, Brooklyn, NY 11235	40.57889	-73.955556	0.102799909446	9	0.260225712095	6	0.50255835564	1	8	5	4047	1300000	0	100	1931	796	212	228	272	204	224	220	112	164	120	56	728
30782403_zpid	30782403_zpid	11234	2039 E 74th St, Brooklyn, NY 11234	40.622203	-73.9060329	0.649602103237	1	0.621962844278	1	2.7447145171	0	4	2	1092	400000	23	2000	1925	13	1	4	5	6	15	11	4	15	2	2	39
29833136_zpid	29833136_zpid	10466	4112 Bronxwood Ave, Bronx, NY 10466	40.889219	-73.852564	0.242592909959	8	0.47783351251	5	0.605275441055	2	4	3	3000	432000	3	2014	1910	116	16	58	54	41	93	24	5	30	22	15	101
29785935_zpid	29785935_zpid	10453	7 E 181st St, Bronx, NY 10453	40.8557085	-73.9049217	0.222656933899	10	0.30640167099	10	0.312961342061	4	6	2	2750	443000	29	1775	1901	630	50	215	248	245	37	23	17	90	81	27	356
30740065_zpid	30740065_zpid	11235	2516 Hubbard St, Brooklyn, NY 11235	40.588601	-73.963548	0.262210990508	8	0.742062050265	1	0.816426162021	0	6	4	3136	209500	319	3230	1920	20	11	8	15	7	36	39	24	15	7	2	59
30630074_zpid	30630074_zpid	11207	1297 Bushwick Ave, Brooklyn, NY 11207	40.686708	-73.912713	0.346011772802	7	0.22536533222	3	0.326513650432	2	5	3.5	3000	1399000	0	2000	1899	95	20	83	102	66	27	23	13	27	47	20	155
63151039_zpid	63151039_zpid	10459	826 E 170th St, Bronx, NY 10459	40.8331249	-73.8945569	0.143788595989	5	0.102806875199	7	0.403529730056	2	3	1.5	1400	260000	5	932	2001	135	71	64	79	67	25	14	4	17	36	12	135
30750686_zpid	30750686_zpid	11210	1627 New York Ave, Brooklyn, NY 11210	40.633005	-73.9444539	0.146124695526	2	0.114237683337	3	0.269987122805	1	3	1.5	1290	450000	111	2000	1925	134	25	66	63	68	66	35	12	20	24	5	166
83179123_zpid	83179123_zpid	10455	713 Southern Blvd # A, Bronx, NY 10455	40.8139541	-73.8987406	0.0423439040709	9	0.336714506901	6	0.308233592755	3	8	3	2200	799000	0	2199	2004	788	64	284	296	204	104	64	56	164	108	52	644
30792933_zpid	30792933_zpid	11229	3136 Whitney Ave, Brooklyn, NY 11229	40.597226	-73.932915	0.413979255207	9	0.455919488618	1	1.89324951276	0	3	2	1100	459000	0	1170	1925	17	18	3	7	2	10	23	8	18	3	2	46
30665740_zpid	30665740_zpid	11226	16 Clarkson Ave, Brooklyn, NY 11226	40.654639	-73.959066	0.171325005386	13	0.132266397594	5	0.217633065736	2	2	1	3246	400000	44	2320	1905	503	100	267	250	235	45	38	24	64	67	18	347
30748382_zpid	30748382_zpid	11235	2461 E 28th St, Brooklyn, NY 11235	40.592093	-73.941981	0.122496628289	11	0.2148202304	3	1.16808228623	0	5	2.5	1992	510000	96	1990	1940	50	17	14	10	8	19	21	27	18	2	1	66
30646918_zpid	30646918_zpid	11207	665 Wyona St, Brooklyn, NY 11207	40.662233	-73.889796	0.124843383673	6	0.0819082211558	6	0.389594456528	3	2	1	3520	595000	120	3049	1930	932	80	584	536	520	104	184	36	212	340	52	1000
30585236_zpid	30585236_zpid	11215	437 11th St, Brooklyn, NY 11215	40.6665611	-73.9839949	0.174075774538	19	0.134845477965	6	0.313235683095	4	3	2	1162	1399000	0	14	1901	280	336	96	256	88	160	280	152	120	68	100	956
30585236_zpid	30585236_zpid	11215	437 11th St, Brooklyn, NY 11215	40.6665611	-73.9839949	0.174075774538	19	0.293140082157	5	0.313235683095	4	3	2	1162	1399000	0	14	1901	280	336	96	256	88	160	280	152	120	68	100	956
30683511_zpid	30683511_zpid	11219	964 41st St, Brooklyn, NY 11219	40.643641	-73.99484	0.0618940071714	5	0.0960580699085	4	0.298309010068	2	5	2	1920	1080000	7	2261	1940	268	44	168	240	200	144	128	184	108	84	20	452
83049713_zpid	83049713_zpid	11216	209 Lexington Ave, Brooklyn, NY 11216	40.687558	-73.953919	0.0649101260467	10	0.271835151437	5	0.330565287386	2	5	4.5	2652	1060000	13	1667	2007	436	448	276	368	232	120	100	56	80	140	136	792
30748001_zpid	30748001_zpid	11235	2476 E 21st St, Brooklyn, NY 11235	40.591959	-73.9492083	0.149304441602	12	0.374806855747	4	0.622156421236	2	5	2	3060	850000	17	2625	1930	33	11	4	22	7	23	34	24	30	4	1	76
30735752_zpid	30735752_zpid	11223	243 Lake St, Brooklyn, NY 11223	40.5980694	-73.9737345	0.309265506406	4	0.494805004739	3	0.225619152157	4	6	3	2000	1098000	0	3001	1899	27	21	8	30	7	51	25	68	25	6	6	98
29841498_zpid	29841498_zpid	10465	3145 Baisley Ave, Bronx, NY 10465	40.83734	-73.8235739	0.386017080664	4	0.354115221805	1	1.29610927677	0	3	3	1768	467100	44	1873	1945	3	7	5	5	4	5	25	11	7	4	3	32
30696808_zpid	30696808_zpid	11209	248 78th St, Brooklyn, NY 11209	40.629343	-74.029914	0.215903231679	18	0.135240383417	6	0.374710767822	1	8	3	3683	1200000	24	4373	1920	69	45	31	23	22	51	44	64	11	12	5	115
29840670_zpid	29840670_zpid	10475	3312 Rombouts Ave, Bronx, NY 10475	40.880846	-73.82772	0.229867928968	1	0.228945334485	3	0.870179085183	0	2	2	1208	175000	50	2500	1920	7	7	7	21	8	9	12	8	6	3	2	50
30705821_zpid	30705821_zpid	11204	2131 Bay Ridge Pkwy, Brooklyn, NY 11204	40.609171	-73.988488	0.335143935712	11	0.35253382157	7	0.635316752037	1	7	2	4020	1280000	11	2500	1925	54	16	15	30	30	35	20	17	16	8	1	65
30573604_zpid	30573604_zpid	11215	233 17th St APT 4, Brooklyn, NY 11215	40.664085	-73.991466	0.0741103706565	13	0.498336528325	4	0.189690008314	3	2	1	1200	102120	22	2250	1923	58	56	19	46	21	38	56	15	24	15	11	177
30702627_zpid	30702627_zpid	11219	1250 Bay Ridge Ave, Brooklyn, NY 11219	40.624059	-74.004971	0.131837825846	7	0.290735631356	3	0.716844129638	3	6	2	3177	688000	40	2308	1920	44	7	11	16	5	39	35	37	12	3	13	78
30585494_zpid	30585494_zpid	11215	484 11th St, Brooklyn, NY 11215	40.66564	-73.983032	0.0456327270378	16	0.392872091262	6	0.240738689781	3	4	2	1800	2050000	3	1655	1901	66	74	24	63	19	40	67	34	29	12	16	208
30624000_zpid	30624000_zpid	11211	216 Withers St, Brooklyn, NY 11211	40.717387	-73.942725	0.020457439924	9	0.383106781043	4	0.333528666401	3	2	1	1000	850000	3	1000	1910	56	232	52	148	60	100	152	32	100	36	64	488
30624000_zpid	30624000_zpid	11211	216 Withers St, Brooklyn, NY 11211	40.717387	-73.942725	0.020457439924	10	0.383106781043	4	0.333528666401	3	2	1	1000	850000	3	1000	1910	56	232	52	148	60	100	152	32	100	36	64	488
30653424_zpid	30653424_zpid	11203	458 E 49th St, Brooklyn, NY 11203	40.650692	-73.931572	0.0959688905263	5	0.0907214365836	3	1.52058078697	0	4	2	1318	360400	17	2000	1920	177	18	78	73	85	69	29	7	32	35	13	188
30752054_zpid	30752054_zpid	11210	1173 E 37th St, Brooklyn, NY 11210	40.628091	-73.940073	0.321620970597	5	0.551868104809	2	0.829401643645	0	4	2	2053	383000	31	3000	1915	97	11	52	51	39	69	43	26	25	15	13	117
30596511_zpid	30596511_zpid	11213	1487 Sterling Pl, Brooklyn, NY 11213	40.671646	-73.929143	0.183748381649	9	0.388078042275	6	0.443321149291	1	5	3	3492	711000	7	2555	1901	1488	160	840	864	808	152	116	32	168	352	112	1272
30701430_zpid	30701430_zpid	11209	339 94th St, Brooklyn, NY 11209	40.6174596	-74.0321411	0.163653833888	11	0.105245651296	5	0.162020318258	2	3	1.5	1088	130000	72	1059	1925	128	40	32	34	32	75	48	32	6	13	8	180
29827457_zpid	29827457_zpid	10469	934 E 212th St, Bronx, NY 10469	40.876379	-73.858579	0.233070504957	7	0.618808704211	1	0.670448658058	1	6	3	2400	362500	153	2813	1930	46	4	24	36	23	42	11	5	24	22	15	59
30771031_zpid	30771031_zpid	11236	1269 E 82nd St, Brooklyn, NY 11236	40.6303259	-73.904608	0.850075910951	0	0.7692253121	0	1.8325059065	0	4	2.5	2850	414000	28	2200	1955	200	28	60	96	40	264	88	28	120	20	36	240
30580289_zpid	30580289_zpid	11218	598 17th St, Brooklyn, NY 11218	40.656051	-73.979083	0.297751603174	8	0.152241517532	4	0.51452778196	1	6	7	3750	1780000	37	2003	1920	2	9	10	8	5	16	12	13	10	0	2	29
30782884_zpid	30782884_zpid	11234	2243 E 73rd St, Brooklyn, NY 11234	40.618433	-73.9030609	0.640988938641	1	0.552825263847	1	3.14321245285	0	4	4	2960	225500	268	4000	1950	11	7	6	11	5	14	20	9	17	2	4	45
30642586_zpid	30642586_zpid	11208	146 Logan St, Brooklyn, NY 11208	40.68314	-73.878626	0.257228664565	7	0.264407597521	4	0.226531033685	3	3	2.5	1396	360000	8	4615	1920	98	32	54	68	53	51	33	22	50	32	12	176
30718191_zpid	30718191_zpid	11230	1330 E 9th St, Brooklyn, NY 11230	40.616588	-73.965861	0.313639384998	7	0.311106868561	6	0.557947815	2	3	2	1568	527000	36	1999	1925	372	72	92	140	140	248	204	84	124	36	16	516
30718191_zpid	30718191_zpid	11230	1330 E 9th St, Brooklyn, NY 11230	40.616588	-73.965861	0.313639384998	9	0.311106868561	6	0.557947815	2	3	2	1568	527000	36	1999	1925	372	72	92	140	140	248	204	84	124	36	16	516
29844723_zpid	29844723_zpid	10465	928 Hollywood Ave, Bronx, NY 10465	40.831997	-73.822717	0.368307077361	4	0.400406677181	2	1.74863195147	0	4	2	1103	248000	198	5000	1940	20	52	16	48	24	88	128	104	56	12	16	220
30737871_zpid	30737871_zpid	11223	2242 West St, Brooklyn, NY 11223	40.593949	-73.971157	0.365922835617	3	0.637630522549	1	0.299936080615	3	4	3	3120	988000	2	2000	1920	240	52	68	124	36	188	124	152	116	24	24	472
30737871_zpid	30737871_zpid	11223	2242 West St, Brooklyn, NY 11223	40.593949	-73.971157	0.255455306572	6	0.637630522549	1	0.299936080615	3	4	3	3120	988000	2	2000	1920	240	52	68	124	36	188	124	152	116	24	24	472
62648328_zpid	62648328_zpid	11218	207 Prospect Park SW, Brooklyn, NY 11218	40.6520479	-73.9728394	0.311171961921	7	0.658190913833	1	0.352918624586	1	2	1.5	1000	615000	6	884	1990	20	15	12	19	11	22	17	20	19	4	3	41
