30626927_zpid	30626927_zpid	11237	263 Bleecker St, Brooklyn, NY 11237	40.699356	-73.917407	0.0895873713872	11	0.321639255215	7	0.209152129761	4	1	1	1550	475000	38	2000	1901	218	103	164	203	147	40	36	25	92	78	32	341
30669584_zpid	30669584_zpid	11210	1316 Rogers Ave, Brooklyn, NY 11210	40.637654	-73.9514109	0.14008474365	4	0.329271657382	4	0.361266215006	2	6	3	2030	639176	91	1950	1910	184	30	82	72	58	35	25	16	21	40	7	189
30695782_zpid	30695782_zpid	11209	225 77th St, Brooklyn, NY 11209	40.6306579	-74.030094	0.180589910062	14	0.577529532573	4	0.400468747083	2	8	3	2870	1300000	132	6534	1920	81	41	35	27	27	50	39	103	16	15	8	122
83047994_zpid	83047994_zpid	11234	1460 Royce St, Brooklyn, NY 11234	40.623308	-73.907516	0.697704535205	1	0.694310341263	1	2.64257516315	0	6	3	3195	722000	89	3400	2007	18	1	8	8	4	25	14	9	14	3	4	49
30757229_zpid	30757229_zpid	11229	1763 Madison Pl, Brooklyn, NY 11229	40.610351	-73.940474	0.34083933561	3	0.425387086773	1	1.47733163426	0	4	3.5	1800	636850	49	3100	1920	23	4	10	16	8	4	11	9	8	2	2	38
30760711_zpid	30760711_zpid	11234	4505 Avenue K, Brooklyn, NY 11234	40.6257919	-73.932156	0.252939707407	9	0.489929055733	1	1.52532248124	0	3	3	1528	175000	284	2000	1930	34	16	16	22	17	40	25	17	15	3	1	77
30644954_zpid	30644954_zpid	11208	181 Fountain Ave, Brooklyn, NY 11208	40.675744	-73.875153	0.158516319355	8	0.204745607898	5	0.260470186548	2	4	2	1188	318000	28	2000	1930	157	18	84	99	69	50	49	10	45	44	13	194
29797207_zpid	29797207_zpid	10462	2256 Powell Ave, Bronx, NY 10462	40.831242	-73.848733	0.178923174188	10	0.5350367034	3	0.419981056816	2	3	3	1890	383000	5	1855	1950	126	18	33	25	20	40	19	12	11	13	7	102
30780164_zpid	30780164_zpid	11234	1151 E 72nd St, Brooklyn, NY 11234	40.626914	-73.915135	0.613725259146	1	0.46148693064	1	2.46743249279	0	7	6	3135	709000	43	3008	1970	26	3	15	10	10	52	6	19	14	10	6	74
30793342_zpid	30793342_zpid	11229	16 Canton Ct, Brooklyn, NY 11229	40.5866961	-73.9198775	0.418875429526	1	1.74881521466	0	2.89785001514	0	4	1.5	1120	359000	10	1800	1920	2	3	1	13	0	0	16	8	13	2	2	28
30747529_zpid	30747529_zpid	11229	2317 Bragg St, Brooklyn, NY 11229	40.596109	-73.934954	0.225778937241	9	0.557264293025	3	1.71073988475	0	3	2	1760	485000	3	1999	1955	8	17	2	7	1	10	19	7	16	3	2	43
79712264_zpid	79712264_zpid	10459	857 E 169th St, Bronx, NY 10459	40.8292842	-73.8968746	0.399391951041	6	0.423609301481	7	0.434910761158	2	8	5	3569	525000	19	1306	2009	189	80	103	135	105	25	21	6	28	46	21	183
79710166_zpid	79710166_zpid	10452	918 Summit Ave, Bronx, NY 10452	40.831371	-73.930904	0.105001333831	1	0.409589439321	4	0.502857094341	3	6	4	4298	575500	16	2613	2009	291	31	119	123	127	25	11	3	49	56	17	201
30700585_zpid	30700585_zpid	11228	83 Battery Ave, Brooklyn, NY 11228	40.616974	-74.023247	0.265104759912	6	0.451975097429	3	0.681067940693	1	5	4	2080	1149000	0	3127	1920	8	0	3	7	1	9	21	8	6	0	1	21
29850252_zpid	29850252_zpid	10464	39 Earley St, Bronx, NY 10464	40.842797	-73.7875229	0.190727007776	3	2.90336964554	0	3.51768283379	0	3	1.5	1292	455000	30	2375	1925	16	12	5	6	3	2	31	10	8	3	21	37
30786953_zpid	30786953_zpid	11234	2042 E 54th St, Brooklyn, NY 11234	40.611859	-73.921549	0.468253040379	3	1.18772320691	0	3.08524095035	0	5	3.5	2622	575000	55	2500	1960	9	6	8	9	7	30	24	13	15	4	6	93
30788726_zpid	30788726_zpid	11234	2640 E 63rd St, Brooklyn, NY 11234	40.608648	-73.911782	0.793611913813	0	0.977113051904	0	3.8735531843	0	3	1.5	1152	599000	0	2100	1960	2	6	2	6	3	19	6	27	20	2	1	33
30625334_zpid	30625334_zpid	11221	159 Central Ave, Brooklyn, NY 11221	40.6992305	-73.9267919	0.0613263535828	17	0.130100900924	4	0.161200475875	3	2	1	4125	950000	41	2450	1931	98	45	42	66	39	37	16	13	29	29	16	143
29814921_zpid	29814921_zpid	10461	1718 Tenbroeck Ave, Bronx, NY 10461	40.850582	-73.84788	0.547558769014	3	0.693572281718	1	1.12091743854	0	4	3	1800	390000	33	2500	1927	42	12	5	19	8	27	27	8	21	3	2	66
30646730_zpid	30646730_zpid	11207	653 Pennsylvania Ave, Brooklyn, NY 11207	40.661414	-73.892366	0.172624088528	4	0.106403154847	5	0.417337414554	3	7	4	3300	600000	97	2709	1922	1064	68	620	576	596	116	180	48	168	320	76	1092
29823768_zpid	29823768_zpid	10469	2738 Mickle Ave, Bronx, NY 10469	40.86643	-73.840401	0.414309460847	3	0.579755349528	1	0.610290301112	1	3	2	1895	495000	0	2800	1955	30	16	14	16	8	26	25	14	22	6	5	67
30789987_zpid	30789987_zpid	11235	1025 Ocean View Ave, Brooklyn, NY 11235	40.5802825	-73.9588759	0.132998293345	12	0.121081207702	6	0.355139024357	1	5	2	1572	340000	12	1655	1920	1076	252	332	412	264	332	224	124	216	156	116	1156
30789987_zpid	30789987_zpid	11235	1025 Ocean View Ave, Brooklyn, NY 11235	40.5802825	-73.9588759	0.132998293345	11	0.121081207702	5	0.355139024357	1	5	2	1572	340000	12	1655	1920	1076	252	332	412	264	332	224	124	216	156	116	1156
30623796_zpid	30623796_zpid	11222	23 N Henry St, Brooklyn, NY 11222	40.719778	-73.942853	0.202825339265	12	0.364074485756	2	0.589074806532	1	8	3	3540	2495000	0	1612	1910	84	132	52	128	28	40	100	68	80	24	32	376
30574487_zpid	30574487_zpid	11232	206A 32nd St, Brooklyn, NY 11232	40.655459	-74.000767	0.190739385878	4	0.593496526913	2	0.33178437755	2	7	2	2800	565000	87	2000	1925	24	30	13	18	11	8	32	14	14	1	9	66
55541178_zpid	55541178_zpid	10472	1144 Rosedale Ave, Bronx, NY 10472	40.8289169	-73.868267	0.558174226901	4	0.319229119936	4	0.293683694308	2	6	4	2772	600000	5	2224	1998	167	155	56	74	61	49	20	8	38	37	13	163
30794256_zpid	30794256_zpid	11229	59 Gotham Ave, Brooklyn, NY 11229	40.5909257	-73.9257446	0.263343053158	2	1.17537968262	0	2.44322720958	0	4	2	1744	525000	109	5250	1920	4	28	4	56	4	4	96	44	80	4	12	136
30624949_zpid	30624949_zpid	11206	67 Central Ave, Brooklyn, NY 11206	40.701262	-73.930235	0.0259100878826	15	0.164777126065	5	0.448375857246	3	1	1	4125	20000	30	2500	1931	47	61	28	32	13	21	16	12	25	12	10	109
30601469_zpid	30601469_zpid	11233	256 Saratoga Ave, Brooklyn, NY 11233	40.677082	-73.916719	0.201529827405	3	0.392269558393	3	0.444834695861	2	1	1	1920	452400	32	1584	1901	213	16	124	141	101	44	37	18	56	66	33	201
30572034_zpid	30572034_zpid	11231	410 Degraw St, Brooklyn, NY 11231	40.6820762	-73.991363	0.372263198311	14	0.289631773752	2	0.291995372472	2	4	3	2750	2600000	5	1667	1899	9	35	6	32	10	13	31	27	18	4	2	103
29785887_zpid	29785887_zpid	10468	2640 Morris Ave, Bronx, NY 10468	40.866383	-73.896467	0.176356332907	10	0.12864674477	12	0.164436043658	5	5	4	1920	438990	0	1748	1901	550	55	167	170	207	21	19	10	65	57	12	306
29854483_zpid	29854483_zpid	10471	615 W 252nd St, Bronx, NY 10471	40.900003	-73.909434	0.790114836909	0	0.765693824972	0	0.593251810363	1	5	3	4800	1875000	7	19602.0	1955	6	3	1	6	1	1	18	1	4	0	1	15
30761634_zpid	30761634_zpid	11234	4105 Kings Hwy, Brooklyn, NY 11234	40.6247814	-73.9349668	0.293020811041	8	0.324773950651	2	1.39667813015	0	2	1	1708	195000	194	1760	1935	40	7	18	20	21	20	21	16	13	4	0	67
30579938_zpid	30579938_zpid	11218	619 17th St, Brooklyn, NY 11218	40.656018	-73.978104	0.291644907391	8	0.0954257269302	3	0.534862665104	2	1	1	2970	87500	298	1803	1950	2	11	10	10	5	17	13	16	9	0	2	31
30606513_zpid	30606513_zpid	11233	871 Herkimer St, Brooklyn, NY 11233	40.678452	-73.9243989	0.435092742298	4	0.0601763463085	2	0.245630502342	2	4	3	2144	828000	10	1200	1899	117	36	76	99	64	23	25	5	33	49	17	170
30758114_zpid	30758114_zpid	11234	1111 E 48th St, Brooklyn, NY 11234	40.634034	-73.930147	0.154630011835	5	0.938575382118	0	1.48397175267	0	2	1.5	1680	235000	36	21	1940	11	10	11	8	2	16	17	6	9	8	2	46
30721207_zpid	30721207_zpid	11223	1639 E 9th St, Brooklyn, NY 11223	40.608804	-73.963818	0.3410058343	7	0.480669523924	4	0.507504649782	1	7	3	2565	835000	25	3005	1925	120	48	24	64	92	52	56	44	64	20	12	272
30721207_zpid	30721207_zpid	11223	1639 E 9th St, Brooklyn, NY 11223	40.608804	-73.963818	0.3410058343	8	0.480669523924	4	0.507504649782	1	7	3	2565	835000	25	3005	1925	120	48	24	64	92	52	56	44	64	20	12	272
30740055_zpid	30740055_zpid	11223	2507 E 2nd St, Brooklyn, NY 11223	40.5883892	-73.9676973	0.287674672662	6	0.415301455275	1	0.570629330002	1	3	3	1938	685000	12	2200	1945	52	10	10	16	6	21	30	29	13	1	6	71
29853697_zpid	29853697_zpid	10471	310 W 261st St, Bronx, NY 10471	40.90936	-73.89924	0.478610407636	5	0.479488835399	6	1.38818301682	0	3	1	1518	575000	0	3140	1920	48	40	24	40	20	68	96	36	60	8	16	172
30738383_zpid	30738383_zpid	11223	2359 Stillwell Ave, Brooklyn, NY 11223	40.589722	-73.983572	0.134140821719	5	0.556856434589	1	0.0994203135165	2	4	3	1224	565000	16	3999	1899	8	7	4	6	3	8	3	3	5	2	0	5
30602692_zpid	30602692_zpid	11221	296 Van Buren St, Brooklyn, NY 11221	40.69074	-73.935115	0.397692690662	10	0.506182011483	6	0.605598784399	2	5	3.5	2247	565000	54	1783	1899	187	40	100	140	101	43	31	16	35	52	43	232
29785185_zpid	29785185_zpid	10457	2147 Prospect Ave, Bronx, NY 10457	40.848638	-73.885825	0.196290994584	12	0.539455586654	3	1.04840235233	0	5	2	2464	475000	0	2464	1910	155	32	76	94	70	23	8	4	29	41	20	130
30732275_zpid	30732275_zpid	11224	3805 Maple Ave, Brooklyn, NY 11224	40.57953	-74.006357	0.370525241858	1	0.44460276599	1	2.13712889791	0	3	2.5	1540	410000	78	3000	1925	120	36	20	68	24	4	56	8	40	4	8	132
30663000_zpid	30663000_zpid	11210	682 E 38th St, Brooklyn, NY 11210	40.6386759	-73.940854	0.547637581892	3	0.608840311581	1	0.654334270107	1	2	2	1672	378000	21	1600	1940	528	24	408	352	396	104	32	4	96	100	24	640
30752380_zpid	30752380_zpid	11210	1019 E 27th St, Brooklyn, NY 11210	40.625934	-73.9493449	0.248167596091	2	0.266363508267	2	0.781680738133	0	4	3.5	2500	910000	18	26	1925	264	40	148	100	100	232	116	76	132	28	16	368
30601218_zpid	30601218_zpid	11233	1073 Herkimer St, Brooklyn, NY 11233	40.678126	-73.9178419	0.213267849567	2	0.508253900463	3	0.31741962867	2	3	2	1645	636000	21	1567	1899	235	23	148	174	127	38	40	17	61	81	38	233
29850474_zpid	29850474_zpid	10464	96 Hawkins St, Bronx, NY 10464	40.84608	-73.786963	0.17404771315	3	3.07358329352	0	3.46392395428	0	3	2.5	1782	499000	0	2613	1965	17	20	5	7	3	1	36	9	7	2	31	46
29796667_zpid	29796667_zpid	10472	2022 Powell Ave, Bronx, NY 10472	40.830277	-73.85597	0.165605962657	13	0.47513626247	8	0.523803685787	2	7	3	2592	430000	84	2575	1925	94	17	61	62	46	44	30	11	59	23	9	108
30644091_zpid	30644091_zpid	11208	364 Lincoln Ave, Brooklyn, NY 11208	40.68107	-73.86887	0.254839123256	8	0.352158962539	8	0.477554341937	3	2	1	1493	450000	3	20	1899	117	31	55	72	46	53	36	11	94	37	7	224
29851769_zpid	29851769_zpid	10463	3135 Fairfield Ave, Bronx, NY 10463	40.884255	-73.914121	0.340188856104	8	0.431236033876	1	0.91028534824	0	5	5	4039	1500000	0	3057	2009	58	10	6	26	12	19	35	12	14	4	4	57
30723934_zpid	30723934_zpid	11230	807 E 19th St, Brooklyn, NY 11230	40.631059	-73.958295	0.248703521982	8	0.557143522092	5	0.345650876094	3	5	4	2533	1399000	0	4791	1910	133	13	72	69	80	35	27	29	15	18	4	100
30663529_zpid	30663529_zpid	11203	914 E 46th St, Brooklyn, NY 11203	40.638814	-73.9331909	0.315029071483	7	1.18807930643	0	1.29206123598	0	5	2	1392	425000	18	2400	1930	120	44	52	64	48	160	100	40	88	52	24	360
29795691_zpid	29795691_zpid	10472	1250 Bronx River Ave, Bronx, NY 10472	40.829977	-73.882035	0.295622026617	9	0.206025327767	2	0.287871235684	3	7	3	1760	139000	244	2238	1920	207	27	95	104	99	39	23	7	40	32	6	169
30657823_zpid	30657823_zpid	11203	159 E 45th St, Brooklyn, NY 11203	40.6582549	-73.935632	0.372119636994	5	0.469832137842	3	1.20625297195	0	3	2	1720	365000	26	2000	1945	256	64	156	160	112	164	144	68	84	80	20	428
30673257_zpid	30673257_zpid	11218	503 Beverley Rd, Brooklyn, NY 11218	40.643417	-73.975344	0.126626916155	13	0.369119005367	8	0.372609370575	2	2	1.5	5112	1125000	22	3600	2007	200	56	64	93	57	63	51	64	29	21	16	223
2099146626_zpid	2099146626_zpid	11229	2005 E 13th St, Brooklyn, NY 11229	40.6007087	-73.9586351	0.264092731786	9	0.223096153783	7	0.277319164637	2	8	6	4930	3500000	0	3598	1976	85	25	19	31	28	61	23	15	13	5	5	104
83042415_zpid	83042415_zpid	11208	725 Fountain Ave # 1, Brooklyn, NY 11208	40.662672	-73.868439	0.494302968581	3	0.21188822335	3	1.35176848275	0	4	4	3036	314400	31	1870	2006	72	16	24	40	12	32	88	8	24	20	4	160
30699293_zpid	30699293_zpid	11228	664 84th St, Brooklyn, NY 11228	40.6202491	-74.021455	0.303929453065	7	0.341235277064	3	0.646377087688	1	3	1	1280	585000	54	2000	1915	16	3	9	9	6	16	31	14	15	2	3	30
30793568_zpid	30793568_zpid	11229	20 Nova Ct, Brooklyn, NY 11229	40.58707	-73.924528	0.375784368333	2	1.36312712308	0	2.50468670283	0	2	1	884	190000	12	3600	1925	2	3	1	14	0	0	31	11	22	2	5	40
30788398_zpid	30788398_zpid	11234	2310 E 65th St, Brooklyn, NY 11234	40.613259	-73.908317	0.429198813313	3	0.452611320583	1	3.75744846708	0	4	4	3240	1799000	0	5100	1950	0	15	4	6	2	9	6	11	11	0	1	46
2099532023_zpid	2099532023_zpid	11235	3059 Brighton 5th #1, Brooklyn, NY 11235	40.578058	-73.962316	0.11826602937	9	0.0799471384588	6	0.0981554214297	2	9	4	1007	1100000	0	2600	1925	182	70	74	106	56	68	51	22	44	31	25	276
29836078_zpid	29836078_zpid	10466	2014 Edenwald Ave, Bronx, NY 10466	40.892785	-73.8429869	0.581274713557	2	0.368165083789	3	1.1380668477	0	3	2	2340	350000	21	2500	1925	45	6	18	21	8	74	43	14	35	15	6	74
30590762_zpid	30590762_zpid	11238	390 Sterling Pl, Brooklyn, NY 11238	40.674743	-73.965339	0.137658500243	12	0.211799255816	4	0.337390753887	5	7	4.5	4100	4425000	7	2356	1880	201	148	81	94	92	21	41	30	43	37	9	200
30643589_zpid	30643589_zpid	11207	288 Eldert St, Brooklyn, NY 11207	40.6923065	-73.907582	0.18338704791	8	0.839229597304	0	0.470901924679	2	4	4	3648	360000	17	132422.4	2006	75	29	49	66	55	18	15	12	29	28	14	129
30775235_zpid	30775235_zpid	11236	1269 E 94th St, Brooklyn, NY 11236	40.640079	-73.900414	0.245857399492	6	0.413837268188	1	0.741908004297	1	5	3	1872	245000	10	2175	1925	59	20	23	23	19	45	25	10	16	18	8	90
29844309_zpid	29844309_zpid	10465	3220 Watt Ave, Bronx, NY 10465	40.847856	-73.819952	0.895087576258	0	0.604448169437	1	0.824999634619	0	3	2	1990	565000	0	2665	1965	1	2	0	4	0	12	16	11	6	1	0	23
30767615_zpid	30767615_zpid	11236	625 E 77th St, Brooklyn, NY 11236	40.637013	-73.918357	0.41971611188	6	0.438969021327	2	1.75953703863	0	4	3	2420	437000	14	2000	1965	18	7	20	13	8	20	26	9	16	6	6	56
30601355_zpid	30601355_zpid	11233	1381 Herkimer St, Brooklyn, NY 11233	40.677535	-73.907635	0.266970455916	4	0.251369088751	3	0.285439008359	8	4	2.5	1650	550000	24	1280	1899	178	19	123	160	107	35	32	16	50	70	26	172
30654747_zpid	30654747_zpid	11203	1085 Schenectady Ave, Brooklyn, NY 11203	40.646581	-73.93245	0.51839409022	8	0.409233137567	2	1.40414983034	0	2	1.5	1584	197500	93	2500	1925	77	14	24	22	29	35	23	3	12	14	8	97
30630503_zpid	30630503_zpid	11207	170 Schaefer St, Brooklyn, NY 11207	40.689085	-73.908047	0.199135325821	9	0.645390358434	2	0.339606229337	2	6	4	3000	1350000	2	2000	1915	126	35	93	118	89	22	27	18	43	54	24	204
30775793_zpid	30775793_zpid	11236	10538 Flatlands 2nd St, Brooklyn, NY 11236	40.645285	-73.890451	0.34722707031	3	0.311716219586	3	0.963700709916	0	4	2.5	3680	555000	53	2000	1960	160	16	64	64	52	72	48	8	48	32	28	248
30775793_zpid	30775793_zpid	11236	10538 Flatlands 2nd St, Brooklyn, NY 11236	40.645285	-73.890451	0.34722707031	2	0.311716219586	3	0.963700709916	0	4	2.5	3680	555000	53	2000	1960	160	16	64	64	52	72	48	8	48	32	28	248
30682051_zpid	30682051_zpid	11204	1903 66th St, Brooklyn, NY 11204	40.617323	-73.988316	0.319260553913	10	0.276217692326	8	0.278172766082	2	3	2	2285	570000	44	1700	1925	66	18	39	60	29	63	43	38	30	12	9	162
30591278_zpid	30591278_zpid	11216	979 Bergen St, Brooklyn, NY 11216	40.676812	-73.954539	0.233829665478	13	0.45688093241	5	0.345552786071	6	5	3	2920	1250000	4	110	1915	213	75	105	142	124	23	37	13	29	42	41	198
30659462_zpid	30659462_zpid	11203	971 New York Ave, Brooklyn, NY 11203	40.64956	-73.946222	0.306634713664	6	0.319571848531	4	0.317165572073	2	7	3	3330	899000	0	2000	1910	468	84	396	336	312	212	44	20	96	96	40	432
30659462_zpid	30659462_zpid	11203	971 New York Ave, Brooklyn, NY 11203	40.64956	-73.946222	0.306634713664	6	0.319571848531	5	0.317165572073	2	7	3	3330	899000	0	2000	1910	468	84	396	336	312	212	44	20	96	96	40	432
29792005_zpid	29792005_zpid	10473	523 Bolton Ave, Bronx, NY 10473	40.816247	-73.858247	0.527860838378	2	0.59956943988	1	1.87339307498	0	5	2	1940	625000	0	2805	1945	38	9	7	32	9	31	13	15	16	13	8	83
30598152_zpid	30598152_zpid	11233	2052 Pacific St, Brooklyn, NY 11233	40.675651	-73.917686	0.133736549447	2	0.452824525407	4	0.471782543974	2	5	2.5	1848	774000	8	1785	1901	183	17	107	106	73	22	33	20	53	44	39	177
30587411_zpid	30587411_zpid	11215	600 2nd St, Brooklyn, NY 11215	40.669448	-73.975104	0.308114681668	13	0.608631508031	1	0.563853025314	2	8	4.5	4500	3860000	2	1813	1899	136	132	44	104	52	52	228	144	92	24	40	572
30587411_zpid	30587411_zpid	11215	600 2nd St, Brooklyn, NY 11215	40.669448	-73.975104	0.308114681668	14	0.608631508031	1	0.563853025314	2	8	4.5	4500	3860000	2	1813	1899	136	132	44	104	52	52	228	144	92	24	40	572
30705016_zpid	30705016_zpid	11204	1662 73rd St, Brooklyn, NY 11204	40.616364	-73.998267	0.150065421184	9	0.327878179507	5	0.362532252042	2	3	1	990	588000	11	1742	1910	44	56	28	120	28	124	72	72	48	16	12	220
30705016_zpid	30705016_zpid	11204	1662 73rd St, Brooklyn, NY 11204	40.616364	-73.998267	0.150065421184	8	0.327878179507	5	0.362532252042	2	3	1	990	588000	11	1742	1910	44	56	28	120	28	124	72	72	48	16	12	220
29848075_zpid	29848075_zpid	10465	861 Revere Ave, Bronx, NY 10465	40.82871	-73.82614	0.286711798883	2	0.310714758878	1	1.88910282105	0	7	3	2950	570000	11	2900	1960	12	13	4	14	4	15	23	20	10	2	7	59
30628112_zpid	30628112_zpid	11221	1134 Bushwick Ave, Brooklyn, NY 11221	40.689279	-73.918221	0.168535145584	8	0.345229157152	5	0.343996249953	2	4	4	3000	900000	7	1500	1910	202	61	111	155	107	40	32	8	63	59	47	217
30566802_zpid	30566802_zpid	11217	416 Pacific St, Brooklyn, NY 11217	40.685616	-73.984254	0.10602014423	11	0.503667509285	2	0.368639218908	9	5	4.5	4000	5400000	9	2200	1915	53	81	8	43	14	38	58	25	23	17	16	164
83178710_zpid	83178710_zpid	10452	910 Summit Ave, Bronx, NY 10452	40.8312248	-73.9311702	0.128373211428	1	0.391568389857	4	0.477410296458	3	8	6	4050	537500	8	1726	2007	1140	120	456	468	452	96	36	12	180	220	60	736
30631851_zpid	30631851_zpid	11212	529 Thomas S Boyland St, Brooklyn, NY 11212	40.667858	-73.9128581	0.328863046408	5	0.272802278684	8	0.676236959992	1	6	2	2400	130000	200	2465	1920	212	28	116	156	64	112	116	32	104	36	44	468
30611501_zpid	30611501_zpid	11213	8 Agate Ct, Brooklyn, NY 11213	40.678221	-73.939568	0.199176008289	7	0.284880953842	5	0.218341536085	2	3	2	1920	376500	119	1240	1899	148	27	64	66	59	24	17	7	26	27	11	138
30782710_zpid	30782710_zpid	11234	2173 Royce St, Brooklyn, NY 11234	40.62048	-73.902761	0.73756188079	1	0.667787712955	1	2.91469257658	0	5	4	2039	829000	16	3000	1975	4	2	3	8	2	7	12	5	12	3	3	33
30788490_zpid	30788490_zpid	11234	2438 E 65th St, Brooklyn, NY 11234	40.610817	-73.907964	0.696632594882	2	0.725292358734	1	4.0226587121	0	6	6	2240	1950000	0	4550	1965	2	6	2	5	1	11	10	10	15	1	1	24
30785007_zpid	30785007_zpid	11234	1921 E 35th St, Brooklyn, NY 11234	40.610605	-73.9332	0.255829021685	3	0.52306755203	1	2.09128714252	0	3	3	1064	649000	0	1800	1925	4	40	12	20	8	36	112	96	124	4	12	148
30732967_zpid	30732967_zpid	11224	2859 W 36th St, Brooklyn, NY 11224	40.575808	-74.001605	0.591286654821	1	0.177992977815	2	1.73182339438	0	3	1	1430	400000	16	3484	1988	47	18	15	35	13	4	20	8	17	14	1	60
68310365_zpid	68310365_zpid	11233	2284 Atlantic Ave, Brooklyn, NY 11233	40.675955	-73.909742	0.145010919161	7	0.145808876801	3	0.295485896443	6	6	5	4448	350000	0	1668	2005	209	20	125	167	112	39	31	20	54	73	30	190
30627611_zpid	30627611_zpid	11237	406 Linden St, Brooklyn, NY 11237	40.700906	-73.911578	0.190436604833	17	0.0749571277611	4	0.135141781901	5	11	3	4480	1115000	1	2000	1931	106	56	81	108	66	35	25	21	48	33	12	199
29778798_zpid	29778798_zpid	10456	578 E 166th St, Bronx, NY 10456	40.8274358	-73.9056808	0.25273698088	6	0.247614015214	9	0.82577810762	0	11	5	3348	630000	92	5460	2008	286	21	110	118	90	43	20	11	26	48	26	208
30624342_zpid	30624342_zpid	11206	223 Scholes St, Brooklyn, NY 11206	40.709321	-73.93993	0.172154577397	9	0.343932091005	4	0.176236775475	4	8	5	3000	1430000	20	2011	1996	55	85	28	37	24	15	24	14	13	7	10	98
30583541_zpid	30583541_zpid	11215	304 5th Ave, Brooklyn, NY 11215	40.6736072	-73.982918	0.0298109760341	15	0.334371925821	5	0.413179821213	3	2	1	975	780000	192	2400	1920	66	80	30	43	25	30	43	45	31	17	22	181
30623879_zpid	30623879_zpid	11222	120 Beadel St, Brooklyn, NY 11222	40.721882	-73.936017	0.42078456336	2	0.669253016292	1	1.05978915608	0	5	3	2000	570000	77	2000	1910	14	21	7	15	7	4	19	19	14	3	6	62
30789226_zpid	30789226_zpid	11235	44 Brighton 4th Ct, Brooklyn, NY 11235	40.5805372	-73.9639648	0.193217066666	9	0.328426651998	7	0.392286088737	2	4	1	1350	110000	9	2240	1940	456	204	260	376	164	268	172	100	160	88	104	972
30789226_zpid	30789226_zpid	11235	44 Brighton 4th Ct, Brooklyn, NY 11235	40.5805372	-73.9639648	0.345335805031	8	0.328426651998	7	0.392286088737	2	4	1	1350	110000	9	2240	1940	456	204	260	376	164	268	172	100	160	88	104	972
30767002_zpid	30767002_zpid	11236	570 E 85th St, Brooklyn, NY 11236	40.641454	-73.914031	0.546107692216	6	0.693687029851	1	1.18053989955	0	5	3	1720	187000	221	1999	1925	41	6	25	15	10	56	35	9	26	10	10	94
30749774_zpid	30749774_zpid	11235	2019 Voorhies Ave, Brooklyn, NY 11235	40.5864904	-73.9482064	0.164228421438	7	0.473377065685	3	0.504908689966	1	5	3	1800	335000	6	1980	1930	69	17	14	42	9	47	32	26	35	12	5	141
29849364_zpid	29849364_zpid	10465	182 Brinsmade Ave, Bronx, NY 10465	40.814422	-73.819388	0.638791320516	2	0.574507121676	1	3.38494018012	0	8	6	2838	474000	60	2939	1950	16	8	10	4	5	9	17	7	13	6	6	36
