29787774_zpid	29787774_zpid	10458	317 E 196th St, Bronx, NY 10458	40.8664429	-73.88952	0.292262940075	9	0.283172670546	10	0.341050415834	5	5	3	1900	380000	12	3484	1915	619	77	226	251	313	38	18	3	86	71	30	339
29846132_zpid	29846132_zpid	10465	749 Vincent Ave, Bronx, NY 10465	40.8297669	-73.817779	0.495321021995	5	0.538825500056	2	2.21388041656	0	3	2	2100	435000	8	2100	1935	24	16	12	52	0	52	60	132	64	4	12	172
30695211_zpid	30695211_zpid	11209	7529 Shore Rd, Brooklyn, NY 11209	40.632821	-74.036944	0.47029498134	1	0.875074507225	0	1.02497557009	0	5	5	6364	3995000	0	6975	1915	25	5	4	6	3	21	29	64	10	0	2	33
30601912_zpid	30601912_zpid	11221	847 Willoughby Ave, Brooklyn, NY 11221	40.6957809	-73.934231	0.25187083671	11	0.1985135207	7	0.199217122741	3	6	5	3000	1250000	12	1481	1899	272	276	128	220	188	100	92	40	56	120	100	560
30720528_zpid	30720528_zpid	11223	1621 W 7th St, Brooklyn, NY 11223	40.6073912	-73.9803695	0.277016831853	12	0.295596092564	6	0.386080776367	3	3	2	1260	1199000	0	4000	1925	308	76	144	80	120	236	60	100	48	40	12	308
30720528_zpid	30720528_zpid	11223	1621 W 7th St, Brooklyn, NY 11223	40.6073912	-73.9803695	0.277016831853	13	0.295596092564	6	0.386080776367	3	3	2	1260	1199000	0	4000	1925	308	76	144	80	120	236	60	100	48	40	12	308
30765165_zpid	30765165_zpid	11234	1768 Hendrickson St, Brooklyn, NY 11234	40.615995	-73.931256	0.0894688813196	6	0.621008441139	1	2.33052909927	0	3	6	1280	210000	318	4007	1920	24	172	8	32	8	104	128	84	76	16	8	392
30707292_zpid	30707292_zpid	11214	1738 77th St, Brooklyn, NY 11214	40.612893	-73.998765	0.12435223113	12	0.208426250977	7	0.169968694273	3	4	2	2100	835000	5	2000	1930	53	6	16	26	9	25	32	28	17	9	7	106
30566282_zpid	30566282_zpid	11201	45 Duffield St, Brooklyn, NY 11201	40.69689	-73.983787	0.076194983081	6	0.30773736242	3	0.560620284741	8	4	3	2175	142500	233	2175	1899	28	208	20	72	16	8	100	80	52	12	8	336
30566282_zpid	30566282_zpid	11201	45 Duffield St, Brooklyn, NY 11201	40.69689	-73.983787	0.076194983081	5	0.30773736242	3	0.560620284741	8	4	3	2175	142500	233	2175	1899	28	208	20	72	16	8	100	80	52	12	8	336
30787495_zpid	30787495_zpid	11234	2741 E 63rd St, Brooklyn, NY 11234	40.6069389	-73.91359	0.976721828966	0	1.19975583919	0	3.6780476772	0	4	2.5	2028	560000	72	2367	1965	3	4	2	5	3	18	4	27	20	2	1	27
30604081_zpid	30604081_zpid	11221	78 Ralph Ave, Brooklyn, NY 11221	40.6873388	-73.9238153	0.268426212525	11	0.401398513088	4	0.286473948217	2	3	1	3600	55000	237	1600	1931	165	55	85	130	93	33	24	7	36	53	31	209
30726173_zpid	30726173_zpid	11230	1972 Ocean Ave, Brooklyn, NY 11230	40.613809	-73.954555	0.436710139778	8	0.0552849753775	5	0.589353863692	2	9	1	3920	1070500	16	3678	1925	84	10	48	62	36	57	18	28	15	6	2	88
30569398_zpid	30569398_zpid	11231	496 Henry St, Brooklyn, NY 11231	40.684374	-73.9995129	0.0122968025737	13	0.0267515105917	2	0.595831184116	1	7	4	4000	1775000	58	1320	1920	88	192	64	196	36	68	164	128	88	12	40	568
30613281_zpid	30613281_zpid	11238	141 Saint James Pl, Brooklyn, NY 11238	40.68529	-73.963858	0.24785041553	9	0.269624975113	4	0.312118969732	3	5	3	3408	2400000	9	20	1899	620	500	360	512	376	168	212	68	176	100	128	820
30627731_zpid	30627731_zpid	11221	1088 Bushwick Ave, Brooklyn, NY 11221	40.69009	-73.919654	0.255090563116	8	0.390513949603	4	0.226671051815	2	2	1	2745	750000	29	1250	1901	212	65	110	164	103	44	41	8	65	54	48	236
68310639_zpid	68310639_zpid	11208	456 Atkins Ave, Brooklyn, NY 11208	40.6673	-73.876981	0.23627988021	8	0.432903666272	5	0.579428683167	1	2	1	4020	600000	137	2318	2005	97	14	76	87	63	32	39	10	29	43	18	153
30773436_zpid	30773436_zpid	11236	9717 Farragut Rd, Brooklyn, NY 11236	40.647118	-73.9036859	0.0840012065872	4	0.72390876636	1	0.163440971665	2	7	5	2320	645000	9	2278	1930	39	6	21	27	16	60	18	8	8	18	7	73
30786064_zpid	30786064_zpid	11234	2050 Kimball St, Brooklyn, NY 11234	40.610515	-73.927628	0.217795786791	2	0.936951128889	0	2.55931931086	0	3	1	838	370000	19	2500	1925	7	9	2	6	1	26	25	21	18	0	6	76
30579368_zpid	30579368_zpid	11220	471 59th St, Brooklyn, NY 11220	40.640489	-74.015818	0.183609289498	9	0.0692787662753	8	0.19952789728	2	7	3	2844	1350000	4	2003	1899	163	60	55	72	55	35	64	36	45	26	7	225
60023203_zpid	60023203_zpid	10475	3412 Wright Ave, Bronx, NY 10475	40.881088	-73.833164	0.688727974205	1	0.295920267905	4	0.437868941959	1	8	6	3300	485500	24	1562	2000	2	1	8	15	7	13	15	8	7	4	2	56
30789057_zpid	30789057_zpid	11234	2336 E 63rd St, Brooklyn, NY 11234	40.612094	-73.9098099	0.489317365029	2	0.573738994708	1	3.90553465414	0	3	2	891	734400	55	5100	1950	1	6	3	5	2	12	5	14	12	1	0	27
30570760_zpid	30570760_zpid	11231	169 Luquer St, Brooklyn, NY 11231	40.677485	-73.998848	0.0500889140455	11	0.470118325514	1	0.348237225253	2	8	4	3200	585000	128	2000	1900	29	34	7	22	9	17	58	14	14	6	8	137
29839970_zpid	29839970_zpid	10470	633 E 241st St, Bronx, NY 10470	40.9046279	-73.8524096	0.330120107059	5	0.186324663864	2	0.22508086955	3	5	2	1733	335000	147	1875	1899	114	12	64	63	60	26	18	5	25	24	4	129
29829742_zpid	29829742_zpid	10469	3253 Corsa Ave, Bronx, NY 10469	40.873984	-73.84612	0.35917171754	8	0.333718021803	1	0.496759611636	1	4	2.5	1360	465000	0	1799	1940	51	14	38	44	28	35	26	8	33	17	10	111
94717393_zpid	94717393_zpid	10460	1814 Waterloo Pl, Bronx, NY 10460	40.8400005	-73.8878676	0.362742294	11	0.272419766184	4	0.302163681371	2	5	3	3777	415000	3	936	2008	756	100	400	396	388	64	76	12	112	108	60	712
94717393_zpid	94717393_zpid	10460	1814 Waterloo Pl, Bronx, NY 10460	40.8400005	-73.8878676	0.471373038182	8	0.272419766184	4	0.302163681371	2	5	3	3777	415000	3	936	2008	756	100	400	396	388	64	76	12	112	108	60	712
29832059_zpid	29832059_zpid	10466	731 E 226th St, Bronx, NY 10466	40.88832	-73.858731	0.157212992944	6	0.232698254519	2	0.139493489357	3	4	3	2092	400000	0	2848	1899	1256	104	492	552	496	344	112	48	196	260	84	888
79714598_zpid	79714598_zpid	11224	3804 Sea Gate Ave, Brooklyn, NY 11224	40.5753671	-74.0053465	0.621366820838	1	0.367039027787	1	2.05162581136	0	3	2	2500	450000	43	6011	2006	156	44	52	140	36	16	76	28	44	32	4	168
30745011_zpid	30745011_zpid	11229	2184 E 28th St, Brooklyn, NY 11229	40.598192	-73.943716	0.175404070173	6	0.20561393467	3	1.02147384178	0	3	2	2131	249000	211	2500	1942	17	16	7	13	9	20	38	25	22	3	5	106
29778576_zpid	29778576_zpid	10452	1198 Dr Martin L King Jr Blvd, Bronx, NY 10452	40.837837	-73.927275	0.119782853122	3	0.223411533314	5	0.55712063638	1	4	4	3055	335000	20	2834	1924	1312	160	580	604	632	148	80	32	276	220	96	948
29778576_zpid	29778576_zpid	10452	1198 Dr Martin L King Jr Blvd, Bronx, NY 10452	40.837837	-73.927275	0.119782853122	4	0.223411533314	5	0.55712063638	1	4	4	3055	335000	20	2834	1924	1312	160	580	604	632	148	80	32	276	220	96	948
30696259_zpid	30696259_zpid	11209	75 78th St, Brooklyn, NY 11209	40.631013	-74.034985	0.473720866858	7	0.566065459457	2	0.812886993146	0	3	2	2032	345000	284	3061	1925	37	8	10	11	9	30	38	66	14	2	1	53
29785093_zpid	29785093_zpid	10457	715 Oakland Pl, Bronx, NY 10457	40.847292	-73.888683	0.0960941111966	11	0.30118853491	2	0.92910257616	0	6	2	2106	529000	0	3036	1920	249	52	127	135	119	23	12	5	49	53	25	217
30706500_zpid	30706500_zpid	11228	1237 77th St, Brooklyn, NY 11228	40.6200059	-74.009631	0.165496895111	5	0.335584660164	1	0.910958455329	0	4	1.5	1328	733000	20	2000	1930	7	13	4	21	2	36	49	36	21	1	3	67
30631421_zpid	30631421_zpid	11207	35 Sunnyside Ave, Brooklyn, NY 11207	40.680586	-73.8950799	0.200531457525	3	0.207057680407	3	0.42786272318	4	4	3	4050	210000	182	13068.0	1920	81	27	52	56	44	52	35	33	29	25	9	119
30696318_zpid	30696318_zpid	11209	139 78th St, Brooklyn, NY 11209	40.630476	-74.032725	0.395140666334	10	0.742911730811	1	0.61500130173	1	5	3	1895	1200000	8	3280	1925	55	35	13	16	14	39	39	88	15	6	4	93
30787042_zpid	30787042_zpid	11234	2047 E 55th St, Brooklyn, NY 11234	40.612516	-73.920297	0.353478677249	2	1.05952260863	0	3.19930473087	0	3	1	1248	485000	43	2000	1920	13	4	9	10	6	29	19	14	15	4	6	92
30601620_zpid	30601620_zpid	11233	186 Rockaway Ave, Brooklyn, NY 11233	40.676854	-73.911182	0.0429866247166	5	0.0597675962621	3	0.185589789454	7	3	2	3366	680000	115	1682	1899	248	27	166	197	136	52	37	27	60	86	32	227
29842243_zpid	29842243_zpid	10461	2826 Dudley Ave, Bronx, NY 10461	40.839498	-73.835058	0.155632211711	3	0.884268788382	0	0.49743275101	2	3	2	237402	468650	66	2375	1925	52	20	21	18	14	38	27	20	11	7	2	87
30790995_zpid	30790995_zpid	11235	821 Hampton Ave, Brooklyn, NY 11235	40.58023	-73.946141	0.599833099708	5	1.00008232612	0	1.00483065383	0	5	4	4600	2000000	5	5800	2004	68	20	12	36	12	28	96	56	76	0	4	128
30790995_zpid	30790995_zpid	11235	821 Hampton Ave, Brooklyn, NY 11235	40.58023	-73.946141	0.599833099708	4	1.00008232612	0	1.00483065383	0	5	4	4600	2000000	5	5800	2004	68	20	12	36	12	28	96	56	76	0	4	128
30581445_zpid	30581445_zpid	11217	392 Dean St, Brooklyn, NY 11217	40.682519	-73.978345	0.0968946042606	12	0.345716105181	3	0.133581126631	9	2	1	2040	1833000	30	2000	1910	69	130	37	44	28	45	50	67	41	20	29	224
30600745_zpid	30600745_zpid	11233	86 Macdougal St, Brooklyn, NY 11233	40.679255	-73.917671	0.335454104528	3	0.472871117672	5	0.329486203889	3	6	3.5	1968	681000	8	1875	1910	253	33	150	173	128	40	35	14	58	77	33	234
89074750_zpid	89074750_zpid	11217	133 Fort Greene Pl, Brooklyn, NY 11217	40.685844	-73.9760079	0.0651193984762	8	0.161839342882	1	0.171116645606	9	8	4	5040	2740000	11	2100	1900	63	89	27	42	16	20	33	41	32	18	19	182
30692106_zpid	30692106_zpid	11220	6821 Madeline Ct, Brooklyn, NY 11220	40.636642	-74.02735	0.0621573996749	11	0.0861150401677	3	0.38394188679	1	4	2.5	1192	240000	190	1411	1925	54	21	31	33	25	29	27	29	11	14	4	80
30694017_zpid	30694017_zpid	11209	7200 3RD Ave, Brooklyn, NY 11209	40.6334779	-74.027289	0.0163991448369	14	0.184587455421	4	0.369722929138	2	3	1	4211	1130000	122	2000	1926	143	31	47	50	36	39	42	104	22	16	5	156
29842236_zpid	29842236_zpid	10461	2812 Dudley Ave, Bronx, NY 10461	40.839248	-73.835589	0.124818505098	3	0.839444455856	0	0.517434839384	2	6	3	3204	503750	84	2375	1910	50	20	20	16	14	32	22	19	11	7	2	81
30699800_zpid	30699800_zpid	11209	338 86th St, Brooklyn, NY 11209	40.622906	-74.0299409	0.0921407192255	14	0.400605534756	6	0.132623970055	1	3	1	1710	600000	39	1917	1925	84	66	32	43	19	61	32	26	14	13	5	225
30610790_zpid	30610790_zpid	11216	239 Macon St, Brooklyn, NY 11216	40.68218	-73.941874	0.21574201291	9	0.333525983663	8	0.26569530104	3	8	4.5	4000	800000	33	1933	1910	123	78	81	108	68	16	36	21	32	36	24	171
30641998_zpid	30641998_zpid	11208	94 Etna St, Brooklyn, NY 11208	40.685046	-73.879741	0.299753082059	6	0.437465151078	4	0.405538652366	3	5	2	3154	440000	13	1440	1910	89	30	56	64	44	43	25	13	41	26	10	132
2099212902_zpid	2099212902_zpid	11203	535 East 40th Street, Brooklyn, NY 11203	40.642524	-73.938789	0.33966725619	3	0.684536746552	1	0.861168008864	0	4	2	800	570000	0	3000	1920	61	7	15	20	16	38	20	6	19	13	3	76
30782128_zpid	30782128_zpid	11234	2021 E 68th St, Brooklyn, NY 11234	40.619736	-73.910813	0.252605998262	5	0.302133350429	1	3.09068596396	0	4	2	1224	450000	122	1800	1931	15	5	9	14	6	19	23	8	21	2	5	66
30639893_zpid	30639893_zpid	11207	416 Van Siclen Ave, Brooklyn, NY 11207	40.669268	-73.889722	0.294234481997	7	0.505153056517	6	0.397385640859	4	7	2	2000	541100	17	1900	1930	548	88	388	416	420	96	152	28	212	188	88	888
30639893_zpid	30639893_zpid	11207	416 Van Siclen Ave, Brooklyn, NY 11207	40.669268	-73.889722	0.294234481997	7	0.364734810085	8	0.397385640859	4	7	2	2000	541100	17	1900	1930	548	88	388	416	420	96	152	28	212	188	88	888
30754931_zpid	30754931_zpid	11210	1328 E 28th St, Brooklyn, NY 11210	40.618622	-73.947594	0.65441078681	4	0.21929271082	2	1.0037498582	0	3	2	1326	625000	11	2000	1925	6	1	1	11	0	19	24	5	14	0	1	36
30625709_zpid	30625709_zpid	11221	1271 Dekalb Ave, Brooklyn, NY 11221	40.696985	-73.926773	0.224541037003	14	0.150913118322	6	0.110436681307	3	5	2	1512	1100000	0	1916	1930	134	85	61	89	61	51	33	19	42	37	29	214
30776105_zpid	30776105_zpid	11236	1384 E 93rd St, Brooklyn, NY 11236	40.637264	-73.899243	0.107177753269	6	0.18908716231	3	1.06823383749	0	3	2	1224	154000	206	1584	1950	42	19	26	26	15	48	22	11	16	13	8	85
30625902_zpid	30625902_zpid	11237	1434 Dekalb Ave, Brooklyn, NY 11237	40.700413	-73.9226709	0.0719173490682	12	0.37408014085	6	0.31671549287	4	2	1	4350	1050000	24	2482	1931	832	384	596	812	668	124	84	44	280	364	128	1248
64847611_zpid	64847611_zpid	11234	1334 E 69th St, Brooklyn, NY 11234	40.622785	-73.913583	0.419919774593	5	0.710906102885	1	2.83593612341	0	3	4	2235	490000	56	2400	2005	21	3	9	12	3	47	25	22	21	5	8	92
30580550_zpid	30580550_zpid	11218	611 20th St, Brooklyn, NY 11218	40.654266	-73.979777	0.328484314467	9	0.335861369498	3	0.601976308398	2	4	2	1728	1200000	17	2183	1930	1	13	8	11	4	17	13	24	11	0	2	33
30771045_zpid	30771045_zpid	11236	1235 E 82nd St, Brooklyn, NY 11236	40.630974	-73.905337	0.808136922785	0	0.806122626554	0	1.77016869483	0	6	2.5	2850	575000	121	2183	1955	50	7	16	23	11	66	23	7	28	7	10	57
30691335_zpid	30691335_zpid	11220	6655 Sedgwick Pl, Brooklyn, NY 11220	40.639725	-74.0286859	0.347983291324	8	0.44284245784	3	0.694017216772	1	7	4	4455	1205000	37	6000	1901	35	14	22	24	14	24	20	30	6	10	2	51
30601377_zpid	30601377_zpid	11233	992 Herkimer St, Brooklyn, NY 11233	40.677811	-73.920626	0.212932358357	2	0.288117164776	2	0.127603749661	1	6	2	3200	459000	126	1960	1910	164	22	110	138	92	35	38	13	44	59	30	211
30637167_zpid	30637167_zpid	11207	78 Barbey St, Brooklyn, NY 11207	40.681197	-73.889984	0.285415381748	5	0.251346720318	4	0.404586303719	2	6	2	1672	390000	21	2140	1920	89	34	61	68	50	62	43	33	43	25	9	131
30695867_zpid	30695867_zpid	11209	457 77th St, Brooklyn, NY 11209	40.628686	-74.024016	0.10714795601	18	0.108719441356	4	0.172482867147	2	7	3	2862	1280000	4	2000	1899	82	51	40	41	29	41	64	69	25	25	8	162
29779023_zpid	29779023_zpid	10456	786 Cauldwell Ave, Bronx, NY 10456	40.819735	-73.9080309	0.181348552453	8	0.273394700419	10	0.361723886827	2	8	3	2938	482000	19	2048	1901	73	11	24	35	20	16	4	1	10	9	13	63
30665961_zpid	30665961_zpid	11226	152 E 21st St, Brooklyn, NY 11226	40.6507052	-73.960322	0.0874708368426	11	0.326635493378	7	0.225531490556	2	3	3	1376	542000	13	696960	1935	588	96	398	352	382	43	48	28	84	106	18	503
30596197_zpid	30596197_zpid	11213	1314 Prospect Pl, Brooklyn, NY 11213	40.673133	-73.932979	0.226360590582	7	0.258219436727	4	0.471559710943	2	5	4	3444	920000	2	2000	1910	1340	140	632	636	628	132	116	44	164	224	80	964
30606068_zpid	30606068_zpid	11233	187 Bainbridge St, Brooklyn, NY 11233	40.681335	-73.9298249	0.190149752766	8	0.181365892915	5	0.232306772945	1	4	2	2924	1050000	1	1700	1899	528	264	348	496	276	60	96	44	136	152	100	728
30587943_zpid	30587943_zpid	11215	450 9th St, Brooklyn, NY 11215	40.6665599	-73.981489	0.0947599028764	16	0.422267491472	5	0.105019607712	3	7	4	3312	2100000	14	1485	1899	56	68	23	52	20	32	65	41	30	9	17	190
30660095_zpid	30660095_zpid	11203	994 New York Ave, Brooklyn, NY 11203	40.6488475	-73.9466764	0.231436114992	6	0.295843283582	4	0.330572434514	2	9	4	3350	685000	92	1086	2007	117	17	92	84	78	41	11	4	21	24	9	100
30621105_zpid	30621105_zpid	11222	598 Leonard St, Brooklyn, NY 11222	40.725264	-73.950306	0.137636787528	14	0.378969215904	4	0.107764486218	2	6	4	4600	1630000	37	2500	1899	43	84	21	39	14	36	34	33	18	18	12	198
30789934_zpid	30789934_zpid	11235	4 Brighton 10th Path, Brooklyn, NY 11235	40.5810724	-73.9595403	0.177841425603	12	0.0646482708146	5	0.406756398887	1	4	1.5	1924	450000	40	1283	1960	229	51	75	97	53	85	52	31	51	33	27	255
30793198_zpid	30793198_zpid	11229	2318 Plumb 2nd St, Brooklyn, NY 11229	40.596428	-73.93169	0.421598206816	6	0.570358290595	1	1.98829080918	0	2	1	980	364000	18	1800	1925	68	60	4	28	12	28	76	32	72	12	8	156
30737520_zpid	30737520_zpid	11223	2242 W 7th St, Brooklyn, NY 11223	40.593173	-73.978114	0.0489355676149	7	0.0450658151451	2	0.0512629489029	5	3	1	952	588000	0	670	1925	144	68	44	100	44	160	84	144	96	36	20	304
30737520_zpid	30737520_zpid	11223	2242 W 7th St, Brooklyn, NY 11223	40.593173	-73.978114	0.405430393636	5	0.0450658151451	2	0.0512629489029	5	3	1	952	588000	0	670	1925	144	68	44	100	44	160	84	144	96	36	20	304
30633093_zpid	30633093_zpid	11212	828 Thomas S Boyland St, Brooklyn, NY 11212	40.660096	-73.91155	0.288370640179	5	0.246796840617	5	0.355204422168	2	6	2.5	2200	555000	4	2650	1910	824	52	568	440	344	144	180	60	176	120	72	784
30638139_zpid	30638139_zpid	11207	188 Ashford St, Brooklyn, NY 11207	40.678102	-73.88641	0.134100455875	9	0.19848825668	6	0.254039886367	5	7	3.5	1964	150000	312	2482	1901	49	21	44	54	35	61	34	16	38	21	4	118
29844822_zpid	29844822_zpid	10465	853 Logan Ave, Bronx, NY 10465	40.830036	-73.822978	0.371670942218	4	0.326480244637	2	1.90583854087	0	3	2	1480	455000	2	2500	1920	7	22	4	16	3	19	25	28	14	3	4	59
30793070_zpid	30793070_zpid	11229	2425 Gerritsen Ave, Brooklyn, NY 11229	40.5981359	-73.930572	0.525191078393	5	0.452185969718	1	2.10315650086	0	3	3	1672	540000	24	2033	1950	16	17	1	7	2	9	22	8	16	3	2	39
30714262_zpid	30714262_zpid	11214	200 Bay 26th St, Brooklyn, NY 11214	40.599848	-74.0011509	0.159217506937	6	0.176147793842	6	0.581577839171	2	3	2	1300	683200	116	1933	1950	179	17	45	47	35	72	45	27	13	15	10	124
30669617_zpid	30669617_zpid	11210	572 E 28th St, Brooklyn, NY 11210	40.636767	-73.950284	0.251892353897	3	0.299530914656	5	0.38977864044	2	4	2	1196	324450	70	2040	1930	291	33	151	136	119	53	34	19	35	56	9	282
30761314_zpid	30761314_zpid	11234	1072 E 57th St, Brooklyn, NY 11234	40.6267939	-73.921194	0.304523738177	6	0.390640815461	3	2.33347034992	0	6	4	2400	274476	97	2918	1960	27	10	28	22	21	53	19	26	18	22	8	88
30619219_zpid	30619219_zpid	11211	240 S 2nd St, Brooklyn, NY 11211	40.7117543	-73.9584006	0.0943517113125	15	0.125329079576	5	0.383916462948	4	1	1	800	1500000	13	2400	1920	552	1120	376	528	340	124	200	112	132	132	108	1336
30619219_zpid	30619219_zpid	11211	240 S 2nd St, Brooklyn, NY 11211	40.7117543	-73.9584006	0.0943517113125	17	0.125329079576	5	0.383916462948	4	1	1	800	1500000	13	2400	1920	552	1120	376	528	340	124	200	112	132	132	108	1336
30655626_zpid	30655626_zpid	11236	653 E 96th St, Brooklyn, NY 11236	40.65299	-73.912073	0.400590755381	5	0.392021801346	2	1.0082683787	0	4	2	1891	299000	0	2299	1948	39	2	14	21	21	32	16	8	6	6	3	64
29844371_zpid	29844371_zpid	10465	1650 Library Ave, Bronx, NY 10465	40.847807	-73.817937	0.983851224482	0	0.747386792383	1	0.958936646996	0	6	2	3000	590000	16	4791	1943	1	2	0	4	0	12	14	11	5	1	0	24
30792795_zpid	30792795_zpid	11229	2154 Stuart St, Brooklyn, NY 11229	40.602693	-73.935157	0.112691321348	4	0.188244023009	2	1.79582830282	0	3	2	1805	570000	22	2000	1930	15	7	4	6	1	11	28	15	7	0	2	42
30574865_zpid	30574865_zpid	11232	333 42nd St, Brooklyn, NY 11232	40.6518454	-74.0089966	0.346844047464	9	0.123468020453	7	0.334582339863	2	7	3	2340	740000	24	1845	1910	58	41	25	33	30	11	49	20	17	11	4	109
30728768_zpid	30728768_zpid	11229	1860 E 27th St, Brooklyn, NY 11229	40.6055769	-73.946063	0.303256863157	2	0.658108981567	2	1.05137266704	0	3	3	1920	850000	24	3000	1940	40	44	20	64	16	132	124	112	88	4	4	336
29848439_zpid	29848439_zpid	10465	536 Calhoun Ave, Bronx, NY 10465	40.82277	-73.821536	0.414835420157	1	0.481813090873	2	2.62841787437	0	3	3	1600	450000	4	2178	1930	56	96	40	68	28	68	88	84	44	4	16	256
29826789_zpid	29826789_zpid	10467	747 E 217th St, Bronx, NY 10467	40.88181	-73.861768	0.151666385866	4	0.500949605808	2	0.239552201914	3	4	2	1350	400000	112	1431	1920	217	15	101	114	97	81	18	3	42	61	16	199
30776271_zpid	30776271_zpid	11236	1720 Rockaway Pkwy, Brooklyn, NY 11236	40.6392925	-73.8961741	0.179364256824	5	0.221848835508	3	0.949418904669	0	4	2.5	2351	285000	146	2351	1920	46	17	29	26	14	42	25	12	13	18	4	88
29852673_zpid	29852673_zpid	10471	4580 Henry Hudson Pkwy, Bronx, NY 10471	40.893102	-73.907672	0.623052125868	3	0.863665003859	0	0.86737544603	0	5	4	6498	854900	16	9191	1980	18	5	2	3	1	2	30	3	5	0	1	18
29854491_zpid	29854491_zpid	10471	620 W 254th St, Bronx, NY 10471	40.902216	-73.908509	0.589659244776	4	0.513984163669	3	0.511814300326	1	5	3.75	2432	1625000	0	9700	1940	7	6	2	6	0	3	26	5	10	0	1	20
30580057_zpid	30580057_zpid	11215	412 17th St, Brooklyn, NY 11215	40.65997	-73.985561	0.186471141094	13	0.120520243896	5	0.487751145597	1	3	2	1844	1650412	22	1603	1920	42	45	21	44	23	33	43	15	17	9	13	102
30569347_zpid	30569347_zpid	11231	108 Degraw St, Brooklyn, NY 11231	40.685618	-74.00297	0.192252723832	9	0.23948370756	2	0.909175026048	0	6	3	2295	1200000	32	1783	1931	15	32	9	33	6	11	26	22	10	1	7	105
30589349_zpid	30589349_zpid	11238	992 Atlantic Ave, Brooklyn, NY 11238	40.6801805	-73.9610952	0.305796921297	11	0.356706530092	3	0.445468208783	4	2	1	2600	60000	319	1600	1930	128	207	67	106	69	55	47	40	41	23	34	242
