30595714_zpid	30595714_zpid	11213	1544 Pacific St, Brooklyn, NY 11213	40.67677	-73.938204	0.276934312586	7	0.360400289585	6	0.416220781585	2	3	1	4560	349000	172	2143	1910	165	38	71	78	70	35	26	8	31	34	12	168
29776748_zpid	29776748_zpid	10454	410 E 136th St, Bronx, NY 10454	40.807394	-73.923444	0.292783940897	4	0.217771078899	4	0.347609361207	2	4	2.5	2256	355000	11	1999	1901	181	26	96	112	90	12	14	11	30	34	18	188
30652605_zpid	30652605_zpid	11212	366 E 94th St, Brooklyn, NY 11212	40.657446	-73.920522	0.274970892988	10	0.376973401536	3	0.569615844198	1	3	1	1725	350000	36	2200	1950	431	20	198	211	155	70	18	8	31	62	31	278
30675245_zpid	30675245_zpid	11218	527 E 8th St, Brooklyn, NY 11218	40.637095	-73.970128	0.376003637625	9	0.241523581302	9	0.658906811026	3	5	3	1600	949000	33	5000	1910	209	47	89	86	51	78	39	66	25	22	10	202
30618293_zpid	30618293_zpid	11206	747 Flushing Ave, Brooklyn, NY 11206	40.7007769	-73.9428888	0.275548573801	10	0.327391526006	7	0.159510675437	4	6	2	3840	202500	158	21	1931	72	112	32	48	26	34	29	16	23	15	17	152
30731283_zpid	30731283_zpid	11214	2525 Cropsey Ave, Brooklyn, NY 11214	40.591954	-73.992337	0.0573873822962	2	0.759342858712	0	0.791503379418	0	5	2.5	2280	825000	22	4712	1960	14	5	8	15	4	24	31	23	17	4	2	63
30593207_zpid	30593207_zpid	11213	741 Eastern Pkwy, Brooklyn, NY 11213	40.669919	-73.943698	0.131820851939	11	0.179069690885	8	0.127522304392	3	6	3	3024	1135000	23	2000	1905	194	41	93	96	88	39	48	13	26	43	17	222
30735303_zpid	30735303_zpid	11223	2054 W 9th St, Brooklyn, NY 11223	40.597094	-73.980823	0.299290203705	7	0.140874832167	3	0.148623429183	4	3	1	2040	620000	17	2000	1925	116	64	40	112	36	160	116	168	76	28	24	292
30766801_zpid	30766801_zpid	11236	592 E 81st St, Brooklyn, NY 11236	40.639257	-73.916499	0.481751608424	6	0.520358580118	2	1.48630514423	0	6	6	3340	500000	13	2800	1965	104	32	72	60	32	168	104	40	100	32	32	260
30762824_zpid	30762824_zpid	11234	1567 E 45th St, Brooklyn, NY 11234	40.622366	-73.93179	0.124635252483	9	0.336716481707	2	1.77541782797	0	5	1	2592	445000	11	2000	1925	140	80	64	96	100	148	132	104	80	32	0	540
30739026_zpid	30739026_zpid	11223	632 Avenue W, Brooklyn, NY 11223	40.593246	-73.963369	0.422652137093	13	0.563722364643	2	0.728660199665	1	6	3	3246	1500000	6	3400	1935	32	11	8	21	13	24	30	15	11	4	2	55
30586191_zpid	30586191_zpid	11215	555 4th Ave, Brooklyn, NY 11215	40.666154	-73.991747	0.132165305073	14	0.388641751953	4	0.125736218695	3	2	2	2700	2200000	12	1800	1899	67	64	25	57	26	31	55	12	31	20	10	187
83048838_zpid	83048838_zpid	11211	139 Powers St, Brooklyn, NY 11211	40.71246	-73.945245	0.148926986415	12	0.145020864487	4	0.255000866388	5	3	1.5	3600	2950000	0	2500	1930	27	94	22	52	27	29	45	7	19	13	15	186
29850955_zpid	29850955_zpid	10464	187 Fordham St, Bronx, NY 10464	40.847841	-73.784774	0.17630786561	3	3.32206445347	0	3.60795947258	0	2	2	504	324450	4	2461	1945	3	23	4	6	1	2	32	10	5	3	25	43
30765869_zpid	30765869_zpid	11234	2480 Ralph Ave, Brooklyn, NY 11234	40.617613	-73.9174029	0.158365873414	7	0.676560546425	1	3.06581397943	0	3	2	1248	425000	18	2300	1925	13	10	7	5	9	24	27	10	22	2	5	107
68314617_zpid	68314617_zpid	11223	2352 W 11th St, Brooklyn, NY 11223	40.590085	-73.981379	0.207308574313	4	0.400801861123	2	0.244663488955	3	9	3	2730	825000	10	1800	2000	36	32	16	36	24	52	32	44	44	8	8	48
68314617_zpid	68314617_zpid	11223	2352 W 11th St, Brooklyn, NY 11223	40.590085	-73.981379	0.207308574313	3	0.400801861123	2	0.244663488955	3	9	3	2730	825000	10	1800	2000	36	32	16	36	24	52	32	44	44	8	8	48
30694832_zpid	30694832_zpid	11209	51 Bay Ridge Pkwy, Brooklyn, NY 11209	40.633331	-74.034663	0.272564087248	7	0.675810708933	2	0.870376270714	0	4	2	2244	1145000	11	2350	1920	74	5	14	21	16	42	33	92	16	4	2	71
30790128_zpid	30790128_zpid	11235	2926 Brighton 12th St, Brooklyn, NY 11235	40.581341	-73.95593	0.18932147499	12	0.322458680693	8	0.609783996855	2	1	1	1831	485000	38	2200	1940	972	192	236	332	216	280	192	116	164	112	80	824
30790128_zpid	30790128_zpid	11235	2926 Brighton 12th St, Brooklyn, NY 11235	40.581341	-73.95593	0.18932147499	11	0.322458680693	8	0.609783996855	2	1	1	1831	485000	38	2200	1940	972	192	236	332	216	280	192	116	164	112	80	824
30647458_zpid	30647458_zpid	11207	734 Pennsylvania Ave, Brooklyn, NY 11207	40.65947	-73.891666	0.358335793164	4	0.276946426564	5	0.636342885639	3	1	1	1216	286700	128	1900	1925	151	17	94	88	81	24	40	11	36	53	10	174
29835047_zpid	29835047_zpid	10466	3712 Dyre Ave, Bronx, NY 10466	40.887016	-73.830891	0.224039297632	2	0.21206858151	2	0.143014697462	1	2	1.5	1308	246000	63	1785	1925	29	8	12	14	1	17	20	14	17	5	1	57
29788992_zpid	29788992_zpid	10470	4301 Napier Ave, Bronx, NY 10470	40.89786	-73.875065	0.261718969208	1	0.647102896381	1	1.0594588335	0	4	2	2400	532500	12	4281	1925	15	3	5	6	2	18	5	7	2	3	1	26
30649580_zpid	30649580_zpid	11208	1015 Hegeman Ave, Brooklyn, NY 11208	40.6670749	-73.875677	0.3475728481	9	0.472095101555	5	0.684212962199	1	5	3	2480	470000	7	2750	1920	83	13	68	71	57	30	39	8	20	34	17	135
30789028_zpid	30789028_zpid	11234	2408 E 63rd St, Brooklyn, NY 11234	40.611505	-73.909764	0.546469353233	2	0.639012134678	1	3.96948405757	0	3	1	1600	499000	0	1800	1960	2	6	2	3	1	15	7	13	14	1	0	27
30604540_zpid	30604540_zpid	11221	229 Malcolm X Blvd, Brooklyn, NY 11221	40.6851048	-73.9292865	0.0558141862941	8	0.175742570548	2	0.650561263715	1	2	1	800	999500	13	1899	1910	118	35	58	98	70	30	17	4	17	41	19	145
30758577_zpid	30758577_zpid	11210	955 E 40th St, Brooklyn, NY 11210	40.631915	-73.9376619	0.474683279788	1	0.539370838264	1	0.849337026892	0	2	1	1327	359840	2	2199	1910	104	12	64	80	52	96	64	64	52	32	20	272
30794206_zpid	30794206_zpid	11229	120 Frank Ct, Brooklyn, NY 11229	40.5899239	-73.9250663	0.235170662478	2	1.24192403285	0	2.48204578578	0	3	3	1248	375000	25	1800	1925	2	6	1	16	1	1	30	11	21	1	4	36
62648203_zpid	62648203_zpid	11207	367 Ashford St, Brooklyn, NY 11207	40.673264	-73.884725	0.180123650938	7	0.49116423928	4	0.349174589558	3	3	1	4485	360000	165	1796	2001	32	13	27	31	22	39	24	13	24	20	8	113
29781913_zpid	29781913_zpid	10453	60 E 179th St, Bronx, NY 10453	40.851824	-73.907365	0.10630527712	12	0.250026235733	7	0.183317947529	5	8	3	3120	499000	0	1742	1899	560	49	259	259	251	47	27	21	93	78	22	369
29795717_zpid	29795717_zpid	10472	1252 Evergreen Ave, Bronx, NY 10472	40.8302369	-73.88115	0.248262946286	8	0.22719950456	2	0.249084235416	3	5	2	2604	375000	17	2500	1920	251	33	122	138	141	44	21	8	48	46	9	212
2100244507_zpid	2100244507_zpid	11213	972A St. John's Place, Brooklyn, NY 11213	40.6712246	-73.946181	0.329528719049	12	0.345038634345	4	0.382575446081	3	4	3	2348	1300000	0	2371	1915	744	144	376	356	320	96	132	32	108	132	60	708
2100244507_zpid	2100244507_zpid	11213	972A St. John's Place, Brooklyn, NY 11213	40.6712246	-73.946181	0.329528719049	13	0.345038634345	4	0.382575446081	3	4	3	2348	1300000	0	2371	1915	744	144	376	356	320	96	132	32	108	132	60	708
30766170_zpid	30766170_zpid	11236	8511 Coventry Rd, Brooklyn, NY 11236	40.646591	-73.919811	0.308219183109	3	0.90536884544	0	1.51705109657	0	3	2	1720	260000	144	2112	1920	9	2	9	11	7	16	13	3	5	6	4	37
2099707583_zpid	2099707583_zpid	11234	2049 East 52nd Street, Brooklyn, NY 11234	40.611087	-73.922386	0.578859624833	3	1.29271682037	0	3.00611154577	0	3	2	1376	549000	0	2000	1935	8	6	7	10	5	32	25	14	14	4	5	84
29845277_zpid	29845277_zpid	10465	565 Hollywood Ave, Bronx, NY 10465	40.82495	-73.817705	0.365432059616	5	0.515522778417	2	2.62512896481	0	4	2	1152	469000	0	2500	1930	13	16	5	17	5	12	20	20	15	0	4	55
30786069_zpid	30786069_zpid	11234	2066 Kimball St, Brooklyn, NY 11234	40.610249	-73.927331	0.248032264589	2	0.971430650514	0	2.5821654592	0	2	1	868	669000	55	2500	1925	6	9	2	5	1	24	24	19	18	0	6	75
30793999_zpid	30793999_zpid	11229	48 Canton Ct, Brooklyn, NY 11229	40.5881197	-73.9214773	0.218563741178	2	1.57665186433	0	2.765847247	0	4	1	1203	395000	74	1800	1925	2	3	1	13	0	0	31	10	23	2	5	38
30579206_zpid	30579206_zpid	11220	659 58th St, Brooklyn, NY 11220	40.638534	-74.011064	0.0902880323801	10	0.287506088551	11	0.438758063587	2	3	2	2328	1150000	2	1786	1915	143	43	50	55	29	63	75	41	28	24	7	263
30739991_zpid	30739991_zpid	11223	24 Manhattan Ct, Brooklyn, NY 11223	40.587776	-73.966981	0.374239941706	5	0.438041161144	1	0.647871562067	1	3	3	2030	799999	0	1800	1960	208	40	36	60	16	64	104	96	48	4	20	232
30633456_zpid	30633456_zpid	11212	953 Thomas S Boyland St, Brooklyn, NY 11212	40.656964	-73.91007	0.241143595629	6	0.186664625996	5	0.632429420524	2	7	3	3408	560000	13	3000	1930	684	72	456	412	324	116	132	44	196	120	52	768
30633456_zpid	30633456_zpid	11212	953 Thomas S Boyland St, Brooklyn, NY 11212	40.656964	-73.91007	0.241143595629	6	0.186664625996	6	0.632429420524	2	7	3	3408	560000	13	3000	1930	684	72	456	412	324	116	132	44	196	120	52	768
30789271_zpid	30789271_zpid	11235	2932 Brighton 6th St, Brooklyn, NY 11235	40.5805031	-73.9627764	0.140540075262	8	0.23070591921	5	0.340444824009	2	4	1	1386	120000	207	1600	1940	151	60	70	94	42	75	56	31	50	27	26	252
30777435_zpid	30777435_zpid	11236	1252 E 101st St, Brooklyn, NY 11236	40.639577	-73.891248	0.378644461514	8	0.305129418303	2	1.19272754452	0	3	1.5	1200	380000	10	2600	1955	29	8	25	22	7	25	14	13	14	11	3	70
30682096_zpid	30682096_zpid	11204	2059 66th St, Brooklyn, NY 11204	40.615139	-73.984756	0.253843150583	12	0.28865705922	7	0.253833994084	2	3	2	1580	520000	124	2308	1915	93	18	34	53	49	64	38	38	26	10	5	152
30750268_zpid	30750268_zpid	11235	2678 Brown St, Brooklyn, NY 11235	40.587885	-73.9378119	0.230142233513	8	0.415020781402	2	1.3859866273	0	6	3.5	2251	720000	17	3920	1960	42	10	26	30	19	32	14	24	27	10	5	110
30749939_zpid	30749939_zpid	11235	4702 Bedford Ave, Brooklyn, NY 11235	40.5868589	-73.94446	0.155155365161	7	0.64469436995	2	0.819609078281	0	9	6	3465	1500000	0	2787	1960	48	12	11	31	5	41	28	30	32	5	4	106
29778139_zpid	29778139_zpid	10456	255 E 164th St, Bronx, NY 10456	40.8288439	-73.917443	0.0992046398968	8	0.14699514093	7	0.390504993058	3	2	1	1800	460000	15	1611	1910	334	44	138	148	183	19	19	3	67	50	23	206
30650482_zpid	30650482_zpid	11212	60 E 92nd St, Brooklyn, NY 11212	40.66274	-73.928892	0.164071661787	12	0.0822696055805	6	0.566970105225	1	3	1	1962	404000	21	1800	1940	888	40	300	300	276	120	36	16	84	112	44	516
30774916_zpid	30774916_zpid	11236	962 E 106th St, Brooklyn, NY 11236	40.6467346	-73.8929839	0.173394419714	5	0.147683710532	3	0.69575049683	2	6	3	1760	546000	25	1800	1960	36	8	22	15	11	25	11	3	11	7	8	78
29827834_zpid	29827834_zpid	10469	954 E 220th St, Bronx, NY 10469	40.881589	-73.854721	0.444152105375	6	0.545724180416	1	0.717854882661	1	4	2	2140	475000	9	2726	1960	75	15	34	43	33	47	5	4	23	13	6	71
29827329_zpid	29827329_zpid	10467	843 E 220th St, Bronx, NY 10467	40.883055	-73.857874	0.354249601199	6	0.475580739337	1	0.416603872884	2	4	2	2700	569000	0	2857	1920	93	7	47	60	47	51	8	2	21	36	5	95
29785595_zpid	29785595_zpid	10460	968 E 180th St, Bronx, NY 10460	40.843483	-73.880242	0.229076908369	8	0.319542170829	2	0.355258540554	2	5	3.5	2460	420000	12	2482	1997	289	13	107	116	126	20	13	7	37	31	22	199
29835090_zpid	29835090_zpid	10466	3629 Provost Ave, Bronx, NY 10466	40.8870859	-73.828595	0.230358507912	2	0.294680516561	2	0.23188609142	1	3	2	1280	365000	0	3644	1925	15	7	8	12	0	13	18	12	10	2	1	45
30714796_zpid	30714796_zpid	11214	312 Bay 14th St, Brooklyn, NY 11214	40.602957	-74.0123629	0.418181653267	3	0.493641806756	1	1.05644077179	0	2	2	1500	550000	49	1536	1950	11	4	6	14	6	16	12	24	11	1	1	42
30579884_zpid	30579884_zpid	11215	515 17th St # A, Brooklyn, NY 11215	40.657942	-73.981292	0.107553291711	14	0.170761113347	6	0.323615127332	1	3	2	1633	685000	37	16	1920	33	32	16	22	15	22	22	13	17	2	7	63
30785727_zpid	30785727_zpid	11234	2016 E 35th St, Brooklyn, NY 11234	40.608814	-73.931959	0.265427984734	1	0.736838295297	1	2.18517897477	0	3	2	1008	579000	0	1800	1925	1	9	4	2	2	11	19	22	20	1	1	33
30733786_zpid	30733786_zpid	11224	3719 Oceanic Ave, Brooklyn, NY 11224	40.575623	-74.00381	0.705368112289	2	0.25348645277	2	1.91939239339	0	5	3	2059	650000	51	3005	1920	47	13	14	40	12	4	18	7	17	13	1	50
30634401_zpid	30634401_zpid	11207	356 Miller Ave, Brooklyn, NY 11207	40.67207	-73.891374	0.138280693261	5	0.249337914085	3	0.104345531606	3	1	1	2700	590000	91	2000	1930	126	24	92	110	96	65	42	26	47	43	23	228
30604222_zpid	30604222_zpid	11221	790 Putnam Ave, Brooklyn, NY 11221	40.686062	-73.930272	0.0621262440895	9	0.0589322621009	4	0.746615318137	1	9	3	2460	1020000	20	1875	1899	134	31	65	115	77	34	22	6	23	41	24	164
30775833_zpid	30775833_zpid	11236	10525 Avenue K, Brooklyn, NY 11236	40.644871	-73.890529	0.387562147724	2	0.351730592776	3	0.97659716715	0	3	3	2328	270000	167	2000	1965	40	4	17	16	13	19	12	3	13	9	7	65
30788799_zpid	30788799_zpid	11234	2682 E 64th St, Brooklyn, NY 11234	40.607536	-73.912035	0.913947188106	0	1.10266346668	0	3.82141721302	0	4	3	2576	800000	2	3875	1960	12	24	4	28	12	76	16	108	84	8	4	124
30792427_zpid	30792427_zpid	11235	35 Gunnison Ct, Brooklyn, NY 11235	40.584718	-73.936598	0.2106794046	2	0.78126959283	0	1.50393444402	0	2	1	1520	315000	0	1679	1920	59	13	23	35	28	32	22	15	28	9	5	97
30790482_zpid	30790482_zpid	11235	72 Coleridge St, Brooklyn, NY 11235	40.580148	-73.950917	0.200164135194	7	0.675213165545	2	0.79950962351	0	6	6	7556	2650000	53	6000	1997	120	18	31	48	36	39	40	32	29	14	7	110
30594964_zpid	30594964_zpid	11225	35 Sterling St, Brooklyn, NY 11225	40.662809	-73.959684	0.0964010824662	8	0.035265399122	4	0.253553836603	2	4	2	1680	1335000	15	2000	1910	348	70	125	114	141	11	28	18	43	34	16	214
29832444_zpid	29832444_zpid	10466	820 E 226th St, Bronx, NY 10466	40.8871914	-73.8564403	0.206768307089	8	0.354230260747	3	0.341044233155	3	6	3	1410	470000	12	2861	1920	177	14	84	94	72	72	25	10	34	43	17	145
29849330_zpid	29849330_zpid	10465	234 Brinsmade Ave, Bronx, NY 10465	40.815694	-73.820174	0.517848818593	2	0.461440932704	1	3.23699241963	0	3	2	1224	509600	108	2657	1955	18	12	11	5	6	21	17	10	14	7	7	47
29842914_zpid	29842914_zpid	10461	3003 Zulette Ave, Bronx, NY 10461	40.842421	-73.829078	0.205472323227	6	0.37623138483	1	0.570208327165	2	2	1	1479	250000	32	43	1955	216	52	60	60	64	160	140	56	24	40	12	344
29795668_zpid	29795668_zpid	10472	1219 Evergreen Ave, Bronx, NY 10472	40.82909	-73.881468	0.220215799966	9	0.0994662836826	2	0.202834389409	3	4	2.5	1560	20000	3	87120000	1920	261	35	122	141	123	44	25	8	43	45	10	217
30792846_zpid	30792846_zpid	11229	2238 Stuart St, Brooklyn, NY 11229	40.601335	-73.9336749	0.0830853774819	3	0.0324764778424	1	1.89453780086	0	3	2	1092	535000	0	1800	1930	60	32	16	24	8	28	96	52	36	0	4	136
30789333_zpid	30789333_zpid	11235	6 Brighton 7th Ln, Brooklyn, NY 11235	40.5803816	-73.9611733	0.131006442472	10	0.102383612727	5	0.302559609872	1	2	1.5	797	140000	51	1800	1910	864	236	272	376	216	328	224	124	196	132	108	1068
30789333_zpid	30789333_zpid	11235	6 Brighton 7th Ln, Brooklyn, NY 11235	40.5803816	-73.9611733	0.131006442472	9	0.102383612727	5	0.302559609872	1	2	1.5	797	140000	51	1800	1910	864	236	272	376	216	328	224	124	196	132	108	1068
30675246_zpid	30675246_zpid	11218	521 E 8th St, Brooklyn, NY 11218	40.637233	-73.970155	0.378241154338	10	0.227434858386	9	0.666415803697	3	5	2	1588	860000	18	5000	1905	212	50	89	90	51	79	39	91	26	22	10	203
30769123_zpid	30769123_zpid	11236	976 E 80th St, Brooklyn, NY 11236	40.633891	-73.911921	0.17657142499	5	0.192478333961	4	1.65598556905	0	4	3	3036	524000	2	2200	1960	116	28	60	64	32	248	108	40	92	36	28	308
29849268_zpid	29849268_zpid	10465	2828 Collis Pl, Bronx, NY 10465	40.814666	-73.817742	0.520154706193	3	0.532895016938	1	3.4626797133	0	4	2	1728	400000	1	1751	1950	8	8	2	4	4	9	13	6	11	4	6	40
30666089_zpid	30666089_zpid	11226	173 Martense St, Brooklyn, NY 11226	40.651782	-73.953236	0.418132636709	10	0.191016028209	7	0.326387274171	2	4	2	2144	580000	9	2600	1901	549	90	266	261	263	100	40	21	71	82	24	408
116165677_zpid	116165677_zpid	11206	101 Stockton St, Brooklyn, NY 11206	40.6962985	-73.9487702	0.281875516731	8	0.557773389147	7	0.0918519158409	3	4	2	5100	387500	74	2000	2011	356	132	240	380	176	172	80	176	116	100	112	576
30772276_zpid	30772276_zpid	11236	1456 E 87th St, Brooklyn, NY 11236	40.62943	-73.898129	0.753283790969	0	0.410633696094	1	1.94296083604	0	5	2.5	2484	470000	16	1800	1960	33	6	15	18	5	38	21	7	23	7	5	48
30724825_zpid	30724825_zpid	11230	1909 Avenue K, Brooklyn, NY 11230	40.623468	-73.956779	0.434640696872	5	0.411895709891	5	0.392264352341	2	5	4	2570	870000	10	4000	1905	200	17	70	89	76	28	21	11	17	39	9	155
30694782_zpid	30694782_zpid	11209	21 Bay Ridge Pkwy, Brooklyn, NY 11209	40.6335475	-74.0360454	0.370428104357	3	0.775051948861	0	0.985720577619	0	3	2	3402	880000	153	1888	1930	57	5	12	17	11	33	28	73	13	2	2	51
83178915_zpid	83178915_zpid	10466	766 E 234th St, Bronx, NY 10466	40.8933468	-73.8547672	0.109985478705	6	0.262212070342	2	0.228335267753	3	5	3	3600	491790	4	1742	2007	214	19	127	91	135	87	31	8	41	46	17	209
30647881_zpid	30647881_zpid	11207	919 Ashford St, Brooklyn, NY 11207	40.660067	-73.878494	0.293565619385	4	0.405852936147	3	0.822248098314	0	4	3	1224	445000	0	1799	1960	44	12	32	44	28	28	56	12	8	8	4	96
30740408_zpid	30740408_zpid	11235	2739 Brighton 7th St, Brooklyn, NY 11235	40.583782	-73.9620489	0.231767242343	7	0.309339996686	6	0.684084443063	1	9	3	2808	635000	31	2500	1930	102	36	32	57	23	51	49	32	26	19	21	155
30753433_zpid	30753433_zpid	11210	1139 E 32nd St, Brooklyn, NY 11210	40.62362	-73.944032	0.269442030573	3	0.420219347768	3	1.07029637468	0	3	1.5	1352	600000	9	2000	1925	117	12	54	48	42	77	50	15	33	13	5	119
30790493_zpid	30790493_zpid	11235	61 Beaumont St, Brooklyn, NY 11235	40.580462	-73.951364	0.178722202986	9	0.650534588221	4	0.754096049342	0	3	3	2376	1980000	10	4000	1930	134	17	34	47	36	40	40	30	32	14	7	114
30791380_zpid	30791380_zpid	11235	155 Norfolk St, Brooklyn, NY 11235	40.579465	-73.93866	0.525566080056	1	1.32513535838	0	1.54931174384	0	4	2	1400	1219000	6	2500	1935	9	6	4	9	8	12	12	3	13	1	1	23
30608463_zpid	30608463_zpid	11216	205 Lexington Ave, Brooklyn, NY 11216	40.687544	-73.954037	0.0575144777383	11	0.268138944967	5	0.337796305438	2	4	3.5	2100	575000	61	1667	1899	412	448	252	336	208	120	100	56	80	124	136	788
30608463_zpid	30608463_zpid	11216	205 Lexington Ave, Brooklyn, NY 11216	40.687544	-73.954037	0.0575144777383	10	0.268138944967	5	0.337796305438	2	4	3.5	2100	575000	61	1667	1899	412	448	252	336	208	120	100	56	80	124	136	788
30596754_zpid	30596754_zpid	11213	1167 Lincoln Pl, Brooklyn, NY 11213	40.670331	-73.93786	0.263718992691	12	0.323302078349	6	0.402638496827	2	3	3	3351	950000	0	2375	1901	444	59	186	189	197	44	52	20	42	75	43	331
29780777_zpid	29780777_zpid	10459	853 Bruckner Blvd, Bronx, NY 10459	40.817031	-73.8945789	0.119589405561	9	0.107547408901	6	0.187352155463	4	10	5	4095	376000	16	2500	1925	135	20	42	52	59	7	8	3	12	21	11	97
30576613_zpid	30576613_zpid	11220	649 49th St, Brooklyn, NY 11220	40.643713	-74.006013	0.386040784074	7	0.371669569706	8	0.672446814763	2	7	3	1920	980000	5	2000	1910	144	47	61	88	49	71	79	29	32	20	8	263
30695247_zpid	30695247_zpid	11209	60 Bay Ridge Pkwy, Brooklyn, NY 11209	40.6329087	-74.0345236	0.289498816481	8	0.574408397277	3	0.839124869499	0	6	2	2640	1050000	25	3000	1920	77	5	14	21	18	42	36	86	16	5	2	78
30661209_zpid	30661209_zpid	11226	3016 Clarendon Rd, Brooklyn, NY 11226	40.643059	-73.948132	0.214161938813	9	0.0349028777658	5	0.237486018024	2	5	3.5	2080	699000	0	1598	1905	228	67	90	107	85	62	37	9	19	47	22	190
30681332_zpid	30681332_zpid	11204	1949 64th St, Brooklyn, NY 11204	40.6176482	-73.9858145	0.23643336845	9	0.470625097841	6	0.0717104483082	3	4	2	1328	760000	2	1150	1930	40	12	24	35	24	54	39	33	22	7	6	137
29827369_zpid	29827369_zpid	10467	847 E 221st St, Bronx, NY 10467	40.883741	-73.857387	0.269297543335	6	0.434846496013	2	0.44846446171	2	6	2	2566	477000	6	2803	1930	86	5	46	61	44	46	9	1	18	30	4	85
30618875_zpid	30618875_zpid	11249	126 N 1st St, Brooklyn, NY 11249	40.715286	-73.962039	0.112857964961	13	0.210624574086	4	0.47302151799	1	3	2	2500	500000	77	1240	1899	260	372	28	140	28	148	76	80	108	152	12	548
30618875_zpid	30618875_zpid	11249	126 N 1st St, Brooklyn, NY 11249	40.715286	-73.962039	0.112857964961	11	0.210624574086	4	0.47302151799	1	3	2	2500	500000	77	1240	1899	260	372	28	140	28	148	76	80	108	152	12	548
30696286_zpid	30696286_zpid	11209	120 77th St, Brooklyn, NY 11209	40.630893	-74.03316	0.421359716497	11	0.737547918002	2	0.658876013072	1	3	2	1376	885000	10	2296	1925	236	140	52	60	60	148	180	408	60	20	12	356
30696286_zpid	30696286_zpid	11209	120 77th St, Brooklyn, NY 11209	40.630893	-74.03316	0.421359716497	11	0.436823827422	4	0.658876013072	1	3	2	1376	885000	10	2296	1925	236	140	52	60	60	148	180	408	60	20	12	356
30626137_zpid	30626137_zpid	11237	155 Saint Nicholas Ave, Brooklyn, NY 11237	40.704866	-73.916678	0.0580450985795	12	0.213453944306	5	0.188488343256	5	4	2.5	2046	1035000	8	2250	1920	112	61	82	94	84	43	28	17	48	43	16	173
30747635_zpid	30747635_zpid	11235	2456 E 12th St, Brooklyn, NY 11235	40.590381	-73.9589869	0.312301940401	11	0.486890834195	5	0.563339634999	2	4	2	2400	770000	6	4732	1930	164	52	28	88	52	156	104	104	80	24	8	280
30747635_zpid	30747635_zpid	11235	2456 E 12th St, Brooklyn, NY 11235	40.590381	-73.9589869	0.312301940401	11	0.486890834195	4	0.563339634999	2	4	2	2400	770000	6	4732	1930	164	52	28	88	52	156	104	104	80	24	8	280
30790003_zpid	30790003_zpid	11235	1014 Ocean View Ave, Brooklyn, NY 11235	40.5799623	-73.9592581	0.0857940315783	11	0.0796730895752	7	0.307482149664	1	6	3	2660	675000	9	2400	1920	976	260	308	392	240	320	232	116	208	152	96	1128
30790003_zpid	30790003_zpid	11235	1014 Ocean View Ave, Brooklyn, NY 11235	40.5799623	-73.9592581	0.0857940315783	12	0.0796730895752	6	0.307482149664	1	6	3	2660	675000	9	2400	1920	976	260	308	392	240	320	232	116	208	152	96	1128
29776980_zpid	29776980_zpid	10454	430 E 145th St, Bronx, NY 10454	40.812882	-73.918734	0.580716820634	2	0.21729460216	8	0.368537710325	3	5	2.5	2280	500000	112	1999	1990	98	17	28	48	33	7	7	7	20	15	5	86
