30661407_zpid	30661407_zpid	11203	492 E 35th St, Brooklyn, NY 11203	40.64295	-73.94419	0.140478710483	4	0.355982184385	4	0.468442404064	2	4	2	1600	390000	27	2000	1920	560	32	420	340	360	176	72	28	84	108	56	468
30674676_zpid	30674676_zpid	11218	342 E 9th St, Brooklyn, NY 11218	40.640188	-73.970355	0.30051384557	9	0.0819074403181	5	0.552179049875	2	9	5	2800	499000	14	2178	1930	852	224	316	328	180	224	152	260	116	76	40	848
68310259_zpid	68310259_zpid	10454	417 E 141st St, Bronx, NY 10454	40.810863	-73.92052	0.343997357732	5	0.248521394301	6	0.36053646995	3	6	3	2713	300000	29	1667	2005	210	32	100	122	105	9	16	11	27	28	17	206
30731673_zpid	30731673_zpid	11214	126 Bay 50th St, Brooklyn, NY 11214	40.5862089	-73.98657	0.277151987724	4	0.405632108458	1	0.376936146121	1	5	2.5	2916	520000	37	1933	1925	8	9	9	21	5	16	18	14	14	6	4	33
30612099_zpid	30612099_zpid	11205	223 Washington Ave, Brooklyn, NY 11205	40.692138	-73.966328	0.167478108188	11	0.285239045738	5	0.413364490477	2	4	2.5	3282	960000	87	2100	1901	60	88	34	38	31	45	26	14	29	21	15	160
30664450_zpid	30664450_zpid	11225	75 Maple St, Brooklyn, NY 11225	40.660579	-73.958124	0.208502023622	11	0.316248608679	8	0.36677948252	3	6	5	3785	903060	130	5000	1910	466	110	198	168	183	19	47	22	64	60	15	306
79708077_zpid	79708077_zpid	11238	600 Prospect Pl, Brooklyn, NY 11238	40.6749809	-73.9567692	0.320046157952	13	0.561348589665	5	0.0758223007733	6	5	5	2932	1799000	0	1267	2005	176	132	70	76	65	32	20	19	30	30	16	152
29795643_zpid	29795643_zpid	10472	1215 Bronx River Ave, Bronx, NY 10472	40.828742	-73.883148	0.359686617806	7	0.163324117908	2	0.336878543257	4	9	6	3400	425000	16	2500	1926	708	108	308	340	340	152	80	28	156	104	20	604
30783436_zpid	30783436_zpid	11234	6401 Strickland Ave, Brooklyn, NY 11234	40.615044	-73.910636	0.22171644978	7	0.265365243333	1	3.59624450122	0	4	2.5	2432	900000	33	4050	1960	16	12	11	11	6	18	14	12	16	0	3	49
30674686_zpid	30674686_zpid	11218	372 E 9th St, Brooklyn, NY 11218	40.639528	-73.970232	0.373810888258	10	0.113723906316	7	0.557810507509	2	6	3	1632	180000	242	2000	1925	860	220	312	336	188	292	148	264	120	80	44	864
30614773_zpid	30614773_zpid	11216	37 Brevoort Pl, Brooklyn, NY 11216	40.68033	-73.954095	0.171001877018	12	0.263121248628	7	0.149183452283	5	3	3	3100	945000	45	1547	1910	716	560	288	380	288	56	160	76	112	136	148	772
30735577_zpid	30735577_zpid	11223	2020 W 4th St, Brooklyn, NY 11223	40.5982879	-73.97618	0.186509665316	4	0.196896846159	4	0.265891647411	5	4	3	1440	925000	0	2000	1930	22	20	12	31	11	57	23	57	24	3	7	101
29853514_zpid	29853514_zpid	10471	232 W 260th St, Bronx, NY 10471	40.907292	-73.898048	0.338991934574	4	0.340019694891	4	1.40202260687	0	3	1.5	1666	555000	67	2250	1950	11	8	6	11	6	18	26	11	15	2	4	46
30587447_zpid	30587447_zpid	11215	593 3rd St, Brooklyn, NY 11215	40.669206	-73.97524	0.30203029518	13	0.636104904908	1	0.538189452327	1	6	3	3832	3750000	12	1726	1901	28	33	11	26	10	13	56	35	23	5	10	145
30738472_zpid	30738472_zpid	11223	2340 W 11th St, Brooklyn, NY 11223	40.590433	-73.981446	0.187490786329	4	0.373761936262	2	0.264267555074	3	5	5.5	1000	880000	7	2000	2014	36	36	16	40	24	60	32	48	44	8	8	68
30672692_zpid	30672692_zpid	11218	69 Kermit Pl, Brooklyn, NY 11218	40.6487084	-73.9725918	0.16111875799	13	0.490524043334	1	0.29461372332	1	5	3	2000	450000	168	1545	1910	102	32	42	53	47	26	24	28	29	18	6	118
30573714_zpid	30573714_zpid	11232	131 19th St, Brooklyn, NY 11232	40.664827	-73.995665	0.16063679325	10	0.536322097642	1	0.244724193585	2	5	3	2129	610000	38	2200	1910	27	17	13	18	7	14	21	21	12	7	3	51
30602819_zpid	30602819_zpid	11221	949 Greene Ave, Brooklyn, NY 11221	40.69112	-73.929368	0.159760650946	10	0.261616904948	3	0.251732988167	2	4	2	2700	1199000	0	2178	1899	207	78	100	133	126	54	35	16	41	58	37	289
30781572_zpid	30781572_zpid	11234	1442 E 71st St, Brooklyn, NY 11234	40.622012	-73.910244	0.50554704601	5	0.535954249215	1	2.83330669933	0	3	3	2110	690000	7	3150	1984	24	2	11	15	7	45	25	15	24	5	7	80
30646933_zpid	30646933_zpid	11207	705 Hegeman Ave, Brooklyn, NY 11207	40.6623905	-73.8859819	0.209174501456	6	0.343048208153	6	0.414155775551	2	9	5	3520	535000	138	1980	1930	157	10	102	79	81	24	33	8	42	56	14	168
30782463_zpid	30782463_zpid	11234	2042 Bergen Ave, Brooklyn, NY 11234	40.623002	-73.905122	0.766849106976	0	0.736826532237	1	2.64739795792	0	7	3	3265	715000	2	3009	1965	4	1	1	3	2	10	8	1	12	2	1	32
30605781_zpid	30605781_zpid	11233	470 Macdonough St, Brooklyn, NY 11233	40.682599	-73.927603	0.292673312133	7	0.352718033201	3	0.446459032994	2	6	3	2508	1410000	15	1800	1899	140	71	102	130	73	16	14	12	49	46	24	193
30784759_zpid	30784759_zpid	11234	1632 E 56th St, Brooklyn, NY 11234	40.615677	-73.921012	0.207053228764	7	0.995565162999	0	2.9514542159	0	3	2	1440	225000	164	2200	1925	19	6	14	13	14	42	15	16	22	7	7	102
30610060_zpid	30610060_zpid	11216	101 Hancock St, Brooklyn, NY 11216	40.68253	-73.951885	0.186831748829	13	0.308540503947	8	0.283953497312	4	7	3.5	3360	325000	28	2000	1901	792	600	368	516	376	96	208	84	200	224	156	1104
30568745_zpid	30568745_zpid	11231	243 Kane St, Brooklyn, NY 11231	40.6858829	-73.995029	0.0866490992557	16	0.398262468161	5	0.352956333641	2	5	3.5	4260	3200000	76	2396	1901	16	31	9	29	4	14	20	11	16	3	5	84
30673193_zpid	30673193_zpid	11218	404 Albemarle Rd, Brooklyn, NY 11218	40.645193	-73.976636	0.100387052225	11	0.304130440161	4	0.287167853784	2	7	3	2653	1200000	10	4000	1901	123	41	39	60	46	52	52	32	26	14	12	190
30663690_zpid	30663690_zpid	11210	1466 New York Ave, Brooklyn, NY 11210	40.637115	-73.9455119	0.595394735806	3	0.316694164331	4	0.400960582177	2	6	3	2050	780000	1	2050	1905	298	25	178	160	147	50	33	12	36	61	8	305
30761102_zpid	30761102_zpid	11234	1295 E 53rd St, Brooklyn, NY 11234	40.627069	-73.924481	0.227737470085	8	0.422939332031	2	2.05935142384	0	11	6	4224	388000	236	4000	2006	140	60	108	104	72	260	100	104	72	68	24	380
29814309_zpid	29814309_zpid	10462	1013 Pierce Ave, Bronx, NY 10462	40.8452838	-73.8534687	0.278693467306	9	0.365503092692	1	1.06671656522	0	4	2	2420	540000	2	2204	1955	15	13	9	13	7	23	19	17	14	5	2	47
30698450_zpid	30698450_zpid	11209	102 82nd St, Brooklyn, NY 11209	40.627603	-74.036071	0.520682636068	6	0.927844663053	0	0.848386719188	0	5	3	1800	1125000	9	4000	1925	28	40	8	36	12	100	124	96	40	12	8	192
30716110_zpid	30716110_zpid	11230	4717 Bay Pkwy, Brooklyn, NY 11230	40.624335	-73.972505	0.426778609979	5	0.430255956662	4	0.325150004625	3	6	3	3204	1100000	21	5227	1915	46	13	8	22	11	24	32	36	12	1	7	54
29833389_zpid	29833389_zpid	10466	1019 E 224th St, Bronx, NY 10466	40.884338	-73.85145	0.203765902081	5	0.208771323916	2	0.853270019268	0	5	3	2125	525000	0	2735	1950	56	9	25	24	15	56	9	6	28	19	12	65
30608151_zpid	30608151_zpid	11221	135 Van Buren St, Brooklyn, NY 11221	40.690587	-73.94062	0.0827622024631	10	0.214707623112	4	0.84766929669	0	5	3	2620	1090000	23	2000	1901	186	52	96	135	89	31	31	12	38	53	31	217
29776752_zpid	29776752_zpid	10454	418 E 136th St, Bronx, NY 10454	40.8073	-73.923232	0.308124402846	4	0.222076177882	4	0.331284072252	2	5	3.5	2828	410000	96	1500	1901	184	26	99	115	95	12	13	11	28	37	18	185
30641681_zpid	30641681_zpid	11208	29 Hemlock St, Brooklyn, NY 11208	40.68922	-73.872162	0.270175395217	6	0.216002132848	6	0.0866860744805	3	7	2	1760	400000	101	1668	1925	70	21	45	61	32	55	31	13	31	26	3	114
29838277_zpid	29838277_zpid	10466	735 E 237th St, Bronx, NY 10466	40.896998	-73.853725	0.281660978898	3	0.16033307573	2	0.163199900085	3	5	3	2268	448000	16	2450	1950	137	9	60	51	76	66	25	6	33	26	8	147
83044858_zpid	83044858_zpid	11233	1941 Pacific St, Brooklyn, NY 11233	40.676496	-73.924288	0.45262829001	5	0.254363931756	1	0.342298072257	2	6	6	3760	900000	7	2000	2006	113	25	70	76	49	14	23	4	22	38	16	145
30608761_zpid	30608761_zpid	11216	293 Tompkins Ave, Brooklyn, NY 11216	40.6879909	-73.944575	0.137343366704	11	0.266774829373	5	0.631730997144	1	2	1	3850	869200	101	1444	1931	356	116	164	272	252	60	84	28	96	128	80	436
30714619_zpid	30714619_zpid	11228	307 Bay 11th St, Brooklyn, NY 11228	40.60425	-74.014146	0.367662062478	3	0.635667432387	1	1.12695789359	0	1	1	1000	900000	13	2500	1950	28	4	8	20	4	32	44	48	28	4	8	120
29787750_zpid	29787750_zpid	10458	2648 Bainbridge Ave, Bronx, NY 10458	40.864751	-73.8917869	0.390452779675	10	0.0311181466153	11	0.287186682807	4	5	3	2600	410000	0	2273	1910	580	67	225	242	289	30	19	4	80	78	27	376
29834572_zpid	29834572_zpid	10466	3646 Palmer Ave, Bronx, NY 10466	40.884263	-73.837861	0.843315939708	0	0.440025884921	2	0.519079718836	2	5	2.5	2310	475000	5	2508	1960	13	7	5	4	1	13	6	7	8	4	1	30
30766093_zpid	30766093_zpid	11236	235 Dorset St, Brooklyn, NY 11236	40.646675	-73.918907	0.371069348686	3	0.952102149508	0	1.44068157884	0	2	2	1296	365000	24	1440	1940	36	8	36	44	28	64	56	12	24	24	16	172
29826906_zpid	29826906_zpid	10467	751 E 220th St, Bronx, NY 10467	40.883877	-73.8604639	0.175684847906	6	0.324592640704	1	0.189418121974	2	6	4	1166	690000	0	2857	2016	144	10	77	96	80	65	14	4	28	48	9	147
30771165_zpid	30771165_zpid	11236	1265 E 84th St, Brooklyn, NY 11236	40.631398	-73.90335	0.690956888095	2	0.631800204918	1	1.70301041745	0	3	1.5	2800	450000	8	3000	1960	256	40	96	116	48	260	100	36	132	28	48	320
30792906_zpid	30792906_zpid	11229	2383 Stuart St, Brooklyn, NY 11229	40.599163	-73.930576	0.437281009025	4	0.372185763534	1	2.12330704931	0	3	1.5	1380	330000	2	1200	1971	15	16	1	8	2	8	21	6	13	2	2	38
30740063_zpid	30740063_zpid	11235	2508 Hubbard St, Brooklyn, NY 11235	40.5888799	-73.9635416	0.273093873113	8	0.753623259051	0	0.82367436366	0	4	4	2100	550000	6	1140	1955	21	11	8	15	7	35	38	24	15	7	3	59
30665379_zpid	30665379_zpid	11225	195 Winthrop St, Brooklyn, NY 11225	40.657099	-73.953765	0.0668665661427	13	0.276909029395	9	0.318189345607	3	3	2	3600	2125000	1	2685	1910	964	164	524	416	284	144	132	52	164	156	24	652
30665379_zpid	30665379_zpid	11225	195 Winthrop St, Brooklyn, NY 11225	40.657099	-73.953765	0.0668665661427	11	0.276909029395	9	0.318189345607	3	3	2	3600	2125000	1	2685	1910	964	164	524	416	284	144	132	52	164	156	24	652
29815871_zpid	29815871_zpid	10461	1812 Hutchinson River Pkwy, Bronx, NY 10461	40.8476401	-73.8358134	0.276040848646	8	0.546075736611	1	0.288409709313	2	3	2	1776	400000	8	1995	1950	75	12	18	13	13	24	20	11	13	11	7	67
2099582444_zpid	2099582444_zpid	11205	154B Washington Avenue, Brooklyn, NY 11205	40.6940169	-73.9672094	0.101961179366	9	0.244837164424	2	0.63177103227	1	12	8	14696	5000000	0	2910	2015	68	95	37	41	41	49	16	21	30	24	16	186
30723093_zpid	30723093_zpid	11223	1885 W 4th St, Brooklyn, NY 11223	40.6016672	-73.9763166	0.307851116587	7	0.362783971361	4	0.376211689876	4	5	2.5	2121	849000	8	1600	1945	61	26	40	30	29	85	28	75	23	11	5	118
30737546_zpid	30737546_zpid	11223	2258 W 6th St, Brooklyn, NY 11223	40.592939	-73.977223	0.419465631429	6	0.116258971606	3	0.0885141493758	5	2	1	760	495000	13	2350	1935	140	64	44	100	48	168	92	144	96	24	28	344
30737546_zpid	30737546_zpid	11223	2258 W 6th St, Brooklyn, NY 11223	40.592939	-73.977223	0.110520177753	8	0.116258971606	3	0.0885141493758	5	2	1	760	495000	13	2350	1935	140	64	44	100	48	168	92	144	96	24	28	344
30579805_zpid	30579805_zpid	11215	419 17th St, Brooklyn, NY 11215	40.660013	-73.984754	0.199195258735	13	0.0645365776621	6	0.419705715321	1	3	2	1650	865000	29	1240	1910	46	47	22	41	28	32	42	18	18	8	14	99
30787827_zpid	30787827_zpid	11234	352 Whitman Dr, Brooklyn, NY 11234	40.606993	-73.907465	1.08086622307	0	1.15238956988	0	4.18463253515	0	4	2.5	2578	999100	7	4000	1960	2	4	1	4	0	8	7	16	12	4	1	24
30776897_zpid	30776897_zpid	11236	10519 Flatlands 4th St, Brooklyn, NY 11236	40.64369	-73.889411	0.545189955348	2	0.5097654505	3	1.10124598065	0	4	2.5	2507	550000	81	2530	1960	40	3	12	16	12	17	11	3	13	9	7	48
30588442_zpid	30588442_zpid	11215	490 13th St, Brooklyn, NY 11215	40.662459	-73.979969	0.122787617689	13	0.164014261144	6	0.203163852528	2	5	3	2735	2895000	3	1950	1901	220	184	92	152	96	112	156	96	100	32	40	476
29813159_zpid	29813159_zpid	10462	830 Kinsella St, Bronx, NY 10462	40.845342	-73.86109	0.174164619133	9	0.202423689819	4	0.731738944149	1	3	1.5	1432	183000	197	875	1970	167	26	54	72	44	71	38	22	28	26	11	139
30787540_zpid	30787540_zpid	11234	2776 E 64th St, Brooklyn, NY 11234	40.606055	-73.914392	1.09960166202	0	1.31422929736	0	3.59026749888	0	3	2	1260	525000	14	2300	1965	3	4	2	5	3	16	4	25	19	2	1	23
30726209_zpid	30726209_zpid	11230	1530 E 12th St, Brooklyn, NY 11230	40.611839	-73.961977	0.314038411976	8	0.14884487207	7	0.49777268686	2	5	3.5	2162	790000	43	3333	1910	136	60	64	112	80	240	80	104	96	24	8	356
30726209_zpid	30726209_zpid	11230	1530 E 12th St, Brooklyn, NY 11230	40.611839	-73.961977	0.314038411976	7	0.14884487207	7	0.49777268686	2	5	3.5	2162	790000	43	3333	1910	136	60	64	112	80	240	80	104	96	24	8	356
30763097_zpid	30763097_zpid	11234	1570 E 51st St, Brooklyn, NY 11234	40.62213	-73.926497	0.0295761490684	9	0.18888804278	1	2.14752238976	0	3	2	990	640000	8	2650	1920	9	31	7	16	8	42	32	15	18	6	6	128
30783252_zpid	30783252_zpid	11234	2445 E 70th St, Brooklyn, NY 11234	40.613776	-73.901554	0.863949034034	0	0.767769574585	0	3.66004764927	0	4	2.5	2172	224000	230	2475	1975	0	48	8	28	0	12	68	32	36	4	12	140
30642172_zpid	30642172_zpid	11208	371 Ridgewood Ave, Brooklyn, NY 11208	40.685043	-73.875189	0.0979827395164	8	0.233607136589	5	0.237513443695	3	5	2	2080	400000	30	2232	1901	90	39	58	74	52	55	37	17	61	37	10	185
30647304_zpid	30647304_zpid	11208	726 Shepherd Ave, Brooklyn, NY 11208	40.66648	-73.8784686	0.146052836617	6	0.307288363749	3	0.443506829499	1	5	3	2192	585000	0	2500	1930	94	9	79	77	56	24	37	10	24	34	16	148
108863888_zpid	108863888_zpid	11201	75 Columbia St, Brooklyn, NY 11201	40.689085	-74.000424	0.280360452313	11	0.505371519057	4	0.870965353312	0	3	2	1300	25350	20	5400	1931	21	23	8	21	4	20	38	20	12	1	0	68
30783737_zpid	30783737_zpid	11234	1815 E 32nd St, Brooklyn, NY 11234	40.610938	-73.93724	0.314451356221	3	0.306694009395	1	1.75695440828	0	3	3	1759	649000	0	2000	1925	2	11	4	7	3	11	19	21	28	3	1	50
30637204_zpid	30637204_zpid	11207	56 Jerome St, Brooklyn, NY 11207	40.680815	-73.888942	0.228390756899	6	0.212680024748	5	0.375890514187	2	5	3	2367	500000	19	356320.8	1910	83	33	56	65	48	56	40	20	38	22	7	130
30791525_zpid	30791525_zpid	11235	1123 Blake Ct, Brooklyn, NY 11235	40.5845174	-73.9583361	0.261156999498	10	0.211941225263	7	0.441646166163	1	9	4.5	4400	44000	213	2400	2001	134	35	45	69	41	64	48	32	43	23	17	169
30662146_zpid	30662146_zpid	11203	757 E 45th St, Brooklyn, NY 11203	40.642757	-73.933969	0.0947997899231	7	0.852453853775	0	1.25882215142	0	3	3	1568	425215	1	1908	1930	88	36	36	56	28	172	96	36	76	40	12	324
29793583_zpid	29793583_zpid	10473	2065 Turnbull Ave, Bronx, NY 10473	40.8236724	-73.8525431	0.518722144425	4	0.488531661674	3	1.18245402315	0	4	3	1448	175000	54	2575	1940	89	22	22	22	14	21	15	5	15	11	6	60
29818155_zpid	29818155_zpid	10462	2019 Muliner Ave, Bronx, NY 10462	40.851503	-73.8623719	0.271674088086	11	0.436369736465	5	0.355539623346	3	3	1	1159	318000	67	5009	1950	365	30	72	55	67	61	46	18	27	24	24	170
30671094_zpid	30671094_zpid	11218	32 E 4th St, Brooklyn, NY 11218	40.651801	-73.9783269	0.201254225988	6	0.556230023239	1	0.310663054891	1	3	2	1100	794000	27	2500	1899	68	96	60	92	52	92	112	108	68	12	20	232
30665983_zpid	30665983_zpid	11226	2110 Bedford Ave, Brooklyn, NY 11226	40.653021	-73.9564369	0.182427057165	11	0.214675575129	10	0.496374482493	4	1	1	2850	960000	19	5200	1899	614	95	304	298	297	52	47	19	74	89	24	431
79720723_zpid	79720723_zpid	10459	865 E 169th St, Bronx, NY 10459	40.8291552	-73.8966367	0.423878580627	7	0.422544110764	7	0.418913295395	2	8	6.5	2449	481300	54	1325	2008	203	84	105	139	108	25	23	6	29	49	22	195
30667809_zpid	30667809_zpid	11226	2139 Cortelyou Rd, Brooklyn, NY 11226	40.644173	-73.9573797	0.255813016653	9	0.314116680136	4	0.601285215135	3	3	3	2400	618150	9	1707	1930	566	119	310	311	308	61	41	30	72	109	24	487
29787957_zpid	29787957_zpid	10458	2849 Bainbridge Ave, Bronx, NY 10458	40.869053	-73.887955	0.0568071180558	9	0.0401082244961	8	0.348108732677	4	6	2	2578	405000	41	3727	1901	742	51	183	199	226	43	24	10	69	62	27	301
30665464_zpid	30665464_zpid	11225	26 Winthrop St, Brooklyn, NY 11225	40.656276	-73.959114	0.108796760218	12	0.187612802848	6	0.228978313885	3	6	2	2930	1782500	11	2716	1905	1108	268	540	416	400	56	108	48	156	140	28	616
30595960_zpid	30595960_zpid	11233	1748 Bergen St, Brooklyn, NY 11233	40.67445	-73.924251	0.498884091561	7	0.480315632401	2	0.530385651516	1	4	3	1432	605000	109	1698	1920	145	29	93	89	68	18	22	3	28	40	14	151
30611369_zpid	30611369_zpid	11216	1494 Fulton St, Brooklyn, NY 11216	40.6797526	-73.9410052	0.153975158077	8	0.282889971338	7	0.0224909655207	3	3	1	4340	781850	45	1892	1910	154	75	75	111	63	21	30	18	34	34	25	176
30580488_zpid	30580488_zpid	11215	331 20th St, Brooklyn, NY 11215	40.660165	-73.989501	0.357782521128	13	0.278083020191	5	0.649964286727	2	3	2	1020	429000	138	2003	1901	28	44	14	36	15	29	44	11	16	7	7	108
29797370_zpid	29797370_zpid	10462	2227 Ellis Ave # 1, Bronx, NY 10462	40.833	-73.85017	0.0742225970414	11	0.305267622914	4	0.191617098717	2	3	2	2540	552000	21	2472	1935	195	19	51	42	34	54	30	14	19	19	11	137
29779866_zpid	29779866_zpid	10459	820 E 169th St, Bronx, NY 10459	40.829419	-73.89824	0.29439519132	6	0.320906312488	10	0.54528868896	2	7	3	2520	85000	31	2542	1901	172	76	94	114	97	20	14	5	20	43	19	148
30667283_zpid	30667283_zpid	11218	235 Stratford Rd, Brooklyn, NY 11218	40.642938	-73.968251	0.140267262792	10	0.30582634428	4	0.348062740933	2	5	3	2700	2500000	8	5000	1930	111	38	47	48	27	36	20	23	22	11	8	155
30747466_zpid	30747466_zpid	11229	3070 Avenue W, Brooklyn, NY 11229	40.5963394	-73.9351174	0.247522910363	9	0.552321792484	3	1.69859223432	0	5	3	1760	505000	126	3000	1955	17	17	3	9	2	10	20	9	16	2	2	43
30567354_zpid	30567354_zpid	11201	70 Cranberry St, Brooklyn, NY 11201	40.699329	-73.992638	0.0390118702973	14	0.194715395297	2	0.104293014039	5	4	4	3496	6800000	0	1938	1852	29	80	13	29	16	11	39	24	19	8	7	103
30589922_zpid	30589922_zpid	11238	225 Prospect Pl, Brooklyn, NY 11238	40.677891	-73.969052	0.0560439720525	18	0.0733268180304	5	0.276851433397	4	6	4	1995	2082000	1	1558	1910	106	83	40	65	40	22	40	24	30	19	12	149
29850040_zpid	29850040_zpid	10464	2 Rochelle St, Bronx, NY 10464	40.8382255	-73.7848128	0.566753003326	1	3.45596664672	0	3.91856288453	0	5	2	2128	899000	0	5662	1970	3	4	1	2	0	1	12	3	7	1	4	14
30727426_zpid	30727426_zpid	11229	1768 E 18th St, Brooklyn, NY 11229	40.606869	-73.9553059	0.226459990686	5	0.347679488837	3	0.292192903071	1	8	5	3840	940000	61	2080	1960	179	40	61	60	67	76	64	43	22	21	5	206
29812755_zpid	29812755_zpid	10460	645 Mead St, Bronx, NY 10460	40.842897	-73.8661149	0.327320814164	10	0.428126843573	5	0.630880463507	2	3	2.5	1468	360000	0	1110	1925	128	14	38	48	45	43	14	10	23	31	22	91
30769520_zpid	30769520_zpid	11236	8810 Flatlands Ave, Brooklyn, NY 11236	40.639287	-73.906922	0.0766929490543	7	0.534022234776	2	0.925251868181	0	6	3	2887	544000	18	2262	1960	148	28	100	88	44	336	140	48	96	64	40	456
29814888_zpid	29814888_zpid	10461	1721 Tenbroeck Ave, Bronx, NY 10461	40.850477	-73.848498	0.49476877326	2	0.64109822607	1	1.09893937631	0	3	3	1260	495000	41	2526	1925	44	14	5	20	9	29	31	11	23	4	2	71
30702551_zpid	30702551_zpid	11209	255 Battery Ave, Brooklyn, NY 11209	40.613309	-74.025728	0.457554348851	8	0.634037968304	1	0.564474689594	1	3	2	2433	375000	195	2632	1935	24	4	7	6	6	10	10	3	2	1	2	21
30668772_zpid	30668772_zpid	11226	1151 Rogers Ave, Brooklyn, NY 11226	40.641839	-73.951189	0.379120887977	8	0.259632171335	4	0.313832103462	2	6	2.5	3240	380250	119	20	1905	379	109	165	184	148	78	44	21	33	79	22	328
29842786_zpid	29842786_zpid	10461	1512 Plymouth Ave, Bronx, NY 10461	40.842639	-73.831709	0.245440653748	6	0.547358434676	1	0.411678593123	2	3	2	1632	430540	36	5009	1920	83	17	19	17	22	48	37	16	11	13	4	107
30620556_zpid	30620556_zpid	11222	187 Meserole Ave, Brooklyn, NY 11222	40.728548	-73.948983	0.2055491998	17	0.227815247672	4	0.462041531918	2	3	1	3573	240000	227	2627	1930	152	196	100	148	60	96	116	140	68	72	64	636
30791677_zpid	30791677_zpid	11235	2739 E 21st St, Brooklyn, NY 11235	40.585425	-73.947423	0.171288763404	7	0.568569068021	3	0.592207304229	1	3	3.5	1068	533000	19	1700	1920	63	16	11	37	8	45	24	26	23	6	5	114
30637727_zpid	30637727_zpid	11207	59 Van Siclen Ave, Brooklyn, NY 11207	40.678975	-73.891633	0.144335137243	5	0.114728883919	4	0.133045215791	5	7	3	2947	220000	196	2200	1901	468	180	316	380	256	392	208	200	200	144	52	816
30637727_zpid	30637727_zpid	11207	59 Van Siclen Ave, Brooklyn, NY 11207	40.678975	-73.891633	0.144335137243	5	0.114728883919	5	0.133045215791	5	7	3	2947	220000	196	2200	1901	468	180	316	380	256	392	208	200	200	144	52	816
30729471_zpid	30729471_zpid	11214	2376 83rd St, Brooklyn, NY 11214	40.600865	-73.987911	0.198330672803	8	0.196557189116	6	0.363571051091	3	4	2.5	1840	830000	33	3001	1925	336	52	96	148	104	252	168	96	64	32	24	428
30579549_zpid	30579549_zpid	11220	756 58th St, Brooklyn, NY 11220	40.636947	-74.009358	0.0822447875987	7	0.0764461177325	9	0.288885181106	2	10	3	2000	1850000	0	2003	1910	90	32	38	40	15	65	54	32	20	21	6	201
30592520_zpid	30592520_zpid	11216	876 Sterling Pl, Brooklyn, NY 11216	40.672258	-73.949535	0.0854823356155	12	0.0530382240289	3	0.298341598142	6	6	3	2388	1225000	16	784080	1901	279	65	152	172	159	16	27	5	42	56	28	231
30589457_zpid	30589457_zpid	11238	596 Franklin Ave, Brooklyn, NY 11238	40.677939	-73.955607	0.12525295151	11	0.415779119927	5	0.296358432905	5	3	1	3040	749000	57	20	1931	92	104	42	62	58	31	18	18	26	19	18	151
30578108_zpid	30578108_zpid	11220	239 55th St, Brooklyn, NY 11220	40.645868	-74.0186499	0.142893633729	7	0.46288125181	6	0.399895108431	2	6	3	1968	732000	117	1861	1899	58	34	21	51	27	42	43	27	29	11	4	129
29783401_zpid	29783401_zpid	10459	802 Freeman St, Bronx, NY 10459	40.8301644	-73.8981041	0.263930581365	5	0.28584808411	10	0.527892874387	1	4	2	1800	150000	77	1276	1901	163	79	87	108	90	19	14	4	22	43	18	136
30606192_zpid	30606192_zpid	11233	335 Bainbridge St, Brooklyn, NY 11233	40.682075	-73.923334	0.536048568863	8	0.372105363912	2	0.401931894925	3	3	1	1200	800000	27	2000	1899	214	78	136	172	122	28	25	17	55	89	27	265
30652921_zpid	30652921_zpid	11203	367 E 51st St, Brooklyn, NY 11203	40.652788	-73.9291889	0.159496806639	9	0.181906000905	3	1.4401016481	0	5	3	2420	475000	0	2000	1910	238	24	94	96	105	79	39	9	37	42	19	211
29822549_zpid	29822549_zpid	10469	2563 Tiemann Ave, Bronx, NY 10469	40.864301	-73.838218	0.466874878057	3	0.294409200872	1	0.900491537265	0	3	3	1946	4250000	29	2178	1950	10	10	3	5	1	13	22	13	14	2	2	45
29784745_zpid	29784745_zpid	10458	2414 Hughes Ave, Bronx, NY 10458	40.855472	-73.886309	0.128636718643	9	0.145400791625	3	0.756463994231	0	6	2	1700	464000	119	2098	1899	466	101	154	188	177	25	39	18	58	79	28	325
