30574141_zpid	30574141_zpid	11232	245 27th St, Brooklyn, NY 11232	40.658447	-73.997212	0.338372418455	5	0.247634330546	1	0.229413510867	1	3	2	1400	891000	10	2500	1910	34	41	17	23	12	12	31	27	18	4	8	75
30668824_zpid	30668824_zpid	11226	321 E 28th St, Brooklyn, NY 11226	40.642565	-73.950325	0.317502262499	8	0.164995520441	4	0.304665575483	2	5	4	2080	225000	14	2000	1901	331	108	147	164	133	81	40	12	34	69	25	275
30619648_zpid	30619648_zpid	11222	203 Freeman St, Brooklyn, NY 11222	40.734796	-73.953367	0.183679160639	11	0.355478744933	3	0.520963495085	1	4	3	1200	130000	194	2500	1899	74	81	55	58	37	40	34	23	22	20	11	197
30735631_zpid	30735631_zpid	11223	2023 W 5th St, Brooklyn, NY 11223	40.5982896	-73.976619	0.152698250144	4	0.371609729285	3	0.231432636044	5	3	2	1520	490000	1	2000	1925	24	22	13	32	12	56	21	59	27	5	7	101
29833129_zpid	29833129_zpid	10466	925 E 229th St, Bronx, NY 10466	40.888663	-73.851968	0.220018480921	8	0.418069833336	4	0.684767335433	2	7	5	2562	285000	167	43560	1920	104	15	46	42	31	93	19	6	28	19	15	91
30753596_zpid	30753596_zpid	11210	1236 E 35th St, Brooklyn, NY 11210	40.623802	-73.941806	0.208875547079	4	0.536806371284	3	1.12002694399	0	4	3	1749	692000	12	2000	1925	484	52	232	196	172	296	192	60	112	60	24	448
30753596_zpid	30753596_zpid	11210	1236 E 35th St, Brooklyn, NY 11210	40.623802	-73.941806	0.310023158626	3	0.536806371284	3	1.12002694399	0	4	3	1749	692000	12	2000	1925	484	52	232	196	172	296	192	60	112	60	24	448
30737043_zpid	30737043_zpid	11223	2125 West St, Brooklyn, NY 11223	40.5965224	-73.9711519	0.48778607082	4	0.521868630753	5	0.193277582189	3	6	4	3680	850000	32	3005	1931	24	13	7	24	7	42	23	53	26	1	5	87
30590218_zpid	30590218_zpid	11238	130 Underhill Ave, Brooklyn, NY 11238	40.676653	-73.966414	0.170477414944	14	0.228487444707	6	0.404198746235	3	5	4	3228	2000000	21	1800	1910	197	157	74	97	96	30	48	37	48	39	13	244
29794181_zpid	29794181_zpid	10473	2350 Quimby Ave, Bronx, NY 10473	40.826613	-73.844497	0.468459588842	1	0.765239300019	0	1.0466300093	0	7	2	2918	275000	3	2918	1915	12	2	1	4	2	10	5	2	3	3	3	17
29831977_zpid	29831977_zpid	10466	759 E 223rd St, Bronx, NY 10466	40.88594	-73.859089	0.222222825264	5	0.159620098092	1	0.254593643742	2	3	2	1060	225001	98	3049	1901	169	13	76	95	77	61	19	10	37	51	13	133
29826516_zpid	29826516_zpid	10467	651 E 221st St, Bronx, NY 10467	40.885718	-73.863598	0.180673730274	4	0.277925254121	1	0.221943516361	2	10	2	2900	187000	27	5715	1901	96	8	40	56	63	42	13	4	23	20	5	104
30777707_zpid	30777707_zpid	11236	10543 Flatlands 6th St, Brooklyn, NY 11236	40.642422	-73.887022	0.761320728345	0	0.554857479355	3	1.33812399941	0	4	3	2346	569000	70	4167	1971	11	2	8	8	9	7	12	4	9	4	3	38
30637401_zpid	30637401_zpid	11208	166 Linwood St, Brooklyn, NY 11208	40.681814	-73.884482	0.265644062114	5	0.214773501728	4	0.208255668561	2	8	4	3058	575000	124	2500	1915	66	18	38	45	39	42	27	19	27	19	11	120
30735796_zpid	30735796_zpid	11223	1902 E 1st St, Brooklyn, NY 11223	40.6017409	-73.971621	0.445749712157	7	0.0788999357715	4	0.175819094758	2	3	1.5	1500	570000	9	1200	1945	30	18	15	24	13	57	28	78	24	9	5	105
30728819_zpid	30728819_zpid	11229	1848 E 28th St, Brooklyn, NY 11229	40.605965	-73.945188	0.2407299725	1	0.676659897669	2	1.1089675198	0	3	1	2850	646000	0	3000	1925	9	10	4	15	4	29	31	27	20	2	1	85
30761864_zpid	30761864_zpid	11234	2080 E 41st St, Brooklyn, NY 11234	40.622883	-73.933608	0.185057894385	9	0.208912535818	2	1.62278337767	0	3	3	2986	580000	3	2282	1925	160	48	72	88	92	136	112	96	64	24	0	480
30761864_zpid	30761864_zpid	11234	2080 E 41st St, Brooklyn, NY 11234	40.622883	-73.933608	0.185057894385	10	0.208912535818	2	1.62278337767	0	3	3	2986	580000	3	2282	1925	160	48	72	88	92	136	112	96	64	24	0	480
30791402_zpid	30791402_zpid	11235	116 Oxford St, Brooklyn, NY 11235	40.580457	-73.938318	0.418252151638	1	1.21725047141	0	1.51869264419	0	2	1	1424	390000	31	2500	1925	9	7	5	14	8	12	16	3	20	2	1	37
29851032_zpid	29851032_zpid	10464	351 Fordham Pl, Bronx, NY 10464	40.848787	-73.783849	0.283145822632	3	3.5642545143	0	3.67015212982	0	5	3	396	300000	8	3543	1920	2	23	2	4	1	2	22	10	3	1	22	36
79727829_zpid	79727829_zpid	11236	9001 Farragut Rd, Brooklyn, NY 11236	40.643455	-73.909181	0.0910216267696	5	0.813449583635	0	0.714308769247	1	4	2.5	2080	190000	0	3362	1999	36	6	27	21	15	59	37	6	18	20	6	113
30668268_zpid	30668268_zpid	11226	456 E 16th St, Brooklyn, NY 11226	40.639063	-73.963284	0.253426038009	11	0.268484265339	8	0.213740670883	3	5	2	1926	1270000	2	4500	1905	295	50	138	136	137	42	29	20	40	51	9	220
30675623_zpid	30675623_zpid	11218	540 E 9th St, Brooklyn, NY 11218	40.635456	-73.969451	0.427278295262	6	0.279644564629	10	0.563987226322	2	7	2	2910	1160000	6	4000	1930	556	108	212	200	124	268	136	232	56	52	36	572
30675623_zpid	30675623_zpid	11218	540 E 9th St, Brooklyn, NY 11218	40.635456	-73.969451	0.427278295262	6	0.279644564629	9	0.563987226322	2	7	2	2910	1160000	6	4000	1930	556	108	212	200	124	268	136	232	56	52	36	572
30759952_zpid	30759952_zpid	11234	1273 E 46th St, Brooklyn, NY 11234	40.629847	-73.931652	0.335090660277	7	0.781200728525	0	1.39124275149	0	3	1	1459	478000	20	3675	1935	17	11	15	11	3	36	23	19	21	8	2	63
29850811_zpid	29850811_zpid	10464	194 Carroll St, Bronx, NY 10464	40.846041	-73.783704	0.0905861562629	3	3.3259203312	0	3.73299196467	0	4	2	1155	575000	0	5000	1900	60	36	20	28	12	4	132	32	24	8	100	148
30766439_zpid	30766439_zpid	11203	748 E 53rd St, Brooklyn, NY 11203	40.641032	-73.9266279	0.196045034714	7	1.04692169804	0	1.84384400438	0	9	3	3520	515000	140	2508	1940	86	14	19	19	16	34	31	12	18	10	7	101
30637725_zpid	30637725_zpid	11207	65 Van Siclen Ave, Brooklyn, NY 11207	40.678803	-73.891589	0.155983078606	5	0.127865911942	4	0.113914631245	5	4	2	2763	565000	21	5200	1901	464	180	320	380	256	408	208	212	204	144	48	820
30732190_zpid	30732190_zpid	11224	3845 Ocean View Ave, Brooklyn, NY 11224	40.580492	-74.0078039	0.286253634539	1	0.605785738033	1	2.23471164847	0	4	4	4212	1349000	0	4400	1960	44	32	12	40	20	4	44	4	32	4	8	76
30614963_zpid	30614963_zpid	11205	79 Carlton Ave, Brooklyn, NY 11205	40.695388	-73.972988	0.26439821623	7	0.219426322272	2	0.908798532261	0	8	4	3912	635000	88	2500	1901	35	55	18	31	22	45	11	27	15	13	9	104
30668146_zpid	30668146_zpid	11218	506 Westminster Rd, Brooklyn, NY 11218	40.6364919	-73.966644	0.258526299771	8	0.268128698724	8	0.361199912456	2	5	2.5	2443	1700000	5	4000	1899	67	24	33	35	19	51	19	23	9	7	6	94
79718189_zpid	79718189_zpid	11207	718 New Lots Ave, Brooklyn, NY 11207	40.66567	-73.88372	0.0606108321987	8	0.191568714335	5	0.0702991529753	2	7	5	4020	405000	43	1800	2004	96	8	66	56	42	23	26	10	33	39	16	128
30723842_zpid	30723842_zpid	11230	783 Rugby Rd, Brooklyn, NY 11230	40.630313	-73.963011	0.101493473324	7	0.411715185861	6	0.164061769909	3	5	3	2103	740000	75	4000	1899	94	33	81	73	83	65	42	45	22	21	10	145
29835803_zpid	29835803_zpid	10466	1846 Edenwald Ave, Bronx, NY 10466	40.892059	-73.846323	0.297314972289	2	0.359954494411	2	0.946733069014	0	3	2.5	2500	407000	78	2003	1935	38	10	28	20	14	67	35	13	28	16	7	75
30793434_zpid	30793434_zpid	11229	8 Hyman Ct, Brooklyn, NY 11229	40.586315	-73.922712	0.410097145753	1	1.53654082598	0	2.65893481267	0	2	1	630	300000	18	1800	1920	8	12	4	52	0	0	116	36	80	8	20	140
30699360_zpid	30699360_zpid	11228	1048 84th St, Brooklyn, NY 11228	40.618282	-74.018229	0.335072517745	2	0.667959158137	2	0.989315236974	0	5	4	4000	2898000	0	6000	1899	17	7	9	8	6	19	38	14	14	3	2	31
30683744_zpid	30683744_zpid	11219	959 43rd St, Brooklyn, NY 11219	40.642949	-73.995752	0.0900202377186	6	0.0689071307506	4	0.257678386368	3	7	2.5	2400	1250000	7	2604	1925	272	44	168	248	208	156	144	196	120	88	20	488
30666708_zpid	30666708_zpid	11218	135 Westminster Rd, Brooklyn, NY 11218	40.645615	-73.96781	0.227625487642	10	0.603121657279	2	0.319468858814	3	8	3.5	3502	1750000	104	5500	1899	69	22	35	41	35	23	12	11	16	16	3	104
30787018_zpid	30787018_zpid	11234	2054 E 55th St, Brooklyn, NY 11234	40.612111	-73.920603	0.40522850639	2	1.10466041479	0	3.16792903032	0	3	2.5	1152	367000	12	2000	1920	9	5	8	9	6	28	19	14	15	4	6	88
30739355_zpid	30739355_zpid	11223	2423 W 1st St, Brooklyn, NY 11223	40.5898407	-73.970849	0.104038149064	6	0.39720112757	2	0.288550257963	3	6	3	2688	950000	0	2000	1930	288	52	64	100	40	168	164	156	76	16	28	444
30720348_zpid	30720348_zpid	11223	1657 W 11th St, Brooklyn, NY 11223	40.6061433	-73.9839287	0.198763185277	9	0.478470989406	4	0.390403779876	2	3	1	1352	620000	50	1110780.0	1920	60	18	27	15	22	46	18	23	12	6	3	69
30694741_zpid	30694741_zpid	11228	7310 11th Ave, Brooklyn, NY 11228	40.623983	-74.011073	0.444922408567	6	0.437621886419	4	0.955429270402	0	3	1	1048	197000	218	1704	1915	11	8	5	18	5	48	34	34	13	3	3	64
30613499_zpid	30613499_zpid	11238	10 Downing St, Brooklyn, NY 11238	40.6854793	-73.9615235	0.311689674541	10	0.29911820726	6	0.39720873969	5	1	1	2280	52000	223	1997	1899	156	168	99	129	95	40	54	18	53	30	40	200
30692604_zpid	30692604_zpid	11220	570 Bay Ridge Ave, Brooklyn, NY 11220	40.632399	-74.019233	0.157930839752	13	0.401732288771	7	0.451970939337	2	2	2	992	819000	0	1962	1920	120	96	44	60	40	76	136	52	28	24	20	292
30664600_zpid	30664600_zpid	11225	50 Maple St, Brooklyn, NY 11225	40.660084	-73.958844	0.141859720585	12	0.333210499966	5	0.334237129401	3	6	4	3170	1500000	0	6000	1925	420	107	184	158	172	17	45	22	55	51	14	268
30621239_zpid	30621239_zpid	11222	697 Humboldt St, Brooklyn, NY 11222	40.725994	-73.9457285	0.0852140265571	12	0.373623029058	3	0.491928170457	1	2	1	1995	660400	76	1045	1899	31	56	17	31	12	24	39	23	27	12	13	156
30714556_zpid	30714556_zpid	11228	307 Bay 10th St, Brooklyn, NY 11228	40.6046679	-74.014955	0.38384180257	3	0.708327890036	1	1.17555140038	0	3	2.5	1860	685000	76	1933	1955	7	2	2	6	1	8	12	15	8	1	2	30
29779589_zpid	29779589_zpid	10456	1228 Tinton Ave, Bronx, NY 10456	40.8299049	-73.899734	0.164596857459	6	0.193347931258	9	0.665692296734	1	8	3	2754	489000	0	2915	1910	177	13	86	99	61	40	7	7	16	34	19	148
30789142_zpid	30789142_zpid	11235	217 Ocean View Ave, Brooklyn, NY 11235	40.5788752	-73.966227	0.155628494026	7	0.314779684231	8	0.344066941144	3	4	4	1932	455000	147	1811	1930	380	164	236	312	208	216	148	68	168	72	84	852
30789142_zpid	30789142_zpid	11235	217 Ocean View Ave, Brooklyn, NY 11235	40.5788752	-73.966227	0.211954610418	6	0.314779684231	8	0.344066941144	3	4	4	1932	455000	147	1811	1930	380	164	236	312	208	216	148	68	168	72	84	852
29792526_zpid	29792526_zpid	10473	2244 Seward Ave, Bronx, NY 10473	40.8210989	-73.846541	0.21350391068	2	0.143175821139	2	1.52976085206	0	6	2	2112	489950	59	3746	1945	92	28	48	8	20	52	28	0	40	4	8	180
29783195_zpid	29783195_zpid	10460	1819 Trafalgar Pl, Bronx, NY 10460	40.8400524	-73.8873421	0.351460042807	11	0.284118608907	4	0.309496528212	2	5	3	2535	200000	5	1625	1931	860	108	444	444	392	72	80	12	120	124	68	744
29783195_zpid	29783195_zpid	10460	1819 Trafalgar Pl, Bronx, NY 10460	40.8400524	-73.8873421	0.438566484959	8	0.284118608907	4	0.309496528212	2	5	3	2535	200000	5	1625	1931	860	108	444	444	392	72	80	12	120	124	68	744
30782056_zpid	30782056_zpid	11234	2028 E 67th St, Brooklyn, NY 11234	40.618714	-73.9116729	0.167723028994	7	0.251940118323	1	3.21906756824	0	4	2.5	1200	456000	40	2000	1930	17	8	11	14	6	23	26	10	18	3	5	73
30758170_zpid	30758170_zpid	11234	1089 E 51st St, Brooklyn, NY 11234	40.634433	-73.927222	0.152391346773	5	0.701446615814	1	1.73420057682	0	2	2	1714	315525	3	2150	1940	19	8	8	9	2	24	21	8	14	10	2	52
83044409_zpid	83044409_zpid	11208	729 Fountain Ave, Brooklyn, NY 11208	40.662568	-73.86839	0.506578973089	3	0.223280614782	3	1.35921362953	0	6	3	3036	356000	23	2599	2006	18	4	6	10	3	8	22	2	6	5	1	40
30709910_zpid	30709910_zpid	11228	1576 82nd St, Brooklyn, NY 11228	40.612354	-74.00541	0.30777867291	10	0.271977203429	5	0.425247279477	2	3	3	1800	889000	0	2000	1945	4	6	1	7	0	20	28	23	13	5	2	39
30782175_zpid	30782175_zpid	11234	2058 E 68th St, Brooklyn, NY 11234	40.61871	-73.91043	0.137667026567	5	0.184983488005	1	3.19404498332	0	4	2.5	1820	575000	23	2342	1980	16	11	9	15	6	19	24	11	21	2	6	71
30669532_zpid	30669532_zpid	11210	1382 Flatbush Ave, Brooklyn, NY 11210	40.636593	-73.952082	0.13785551513	4	0.351941833959	4	0.487064879985	2	4	4	3300	185000	261	1598	1933	824	128	384	332	316	164	128	72	100	168	24	868
30669532_zpid	30669532_zpid	11210	1382 Flatbush Ave, Brooklyn, NY 11210	40.636593	-73.952082	0.13785551513	4	0.351941833959	3	0.487064879985	2	4	4	3300	185000	261	1598	1933	824	128	384	332	316	164	128	72	100	168	24	868
30598124_zpid	30598124_zpid	11233	2289 Pacific St, Brooklyn, NY 11233	40.6756839	-73.909829	0.167193322563	7	0.170192202627	4	0.322559826604	6	1	1	960	430000	132	1600	1901	206	18	121	165	110	39	31	21	52	66	30	179
30627780_zpid	30627780_zpid	11221	522 Evergreen Ave, Brooklyn, NY 11221	40.69136	-73.91817	0.353560197218	8	0.409470639278	4	0.396045615817	2	8	2	2530	710000	17	2590	1910	199	67	105	156	115	52	40	12	80	45	52	226
29822615_zpid	29822615_zpid	10469	2558 Tiemann Ave, Bronx, NY 10469	40.8641099	-73.837654	0.49503755294	2	0.242448189207	1	0.950588635121	0	3	3	1890	437500	7	2600	1950	11	12	4	5	0	12	18	13	15	2	1	45
30615515_zpid	30615515_zpid	11217	65 S Elliott Pl, Brooklyn, NY 11217	40.687742	-73.975407	0.0512348021105	8	0.101325584938	2	0.0742332999341	8	1	1	3000	869000	61	2000	1890	59	65	23	33	12	11	27	21	20	11	11	139
30602931_zpid	30602931_zpid	11221	850 Greene Ave, Brooklyn, NY 11221	40.690123	-73.934101	0.492145722344	9	0.511367722446	6	0.572317168531	1	7	4	2	10000	29	2000	1981	202	37	106	156	108	50	28	15	36	57	48	248
94717870_zpid	94717870_zpid	10456	770 E 161st St, Bronx, NY 10456	40.8210686	-73.9041438	0.221981666043	10	0.0784781371287	9	0.259356209569	3	8	6	4432	565000	9	1688	2008	66	13	28	41	23	15	6	1	11	10	17	67
30626024_zpid	30626024_zpid	11221	267 Evergreen Ave, Brooklyn, NY 11221	40.695638	-73.925868	0.369453960532	12	0.287344551117	5	0.278694912603	4	4	2	5146	1800000	2	4167	1931	189	96	80	107	86	60	36	21	53	41	34	272
30647372_zpid	30647372_zpid	11207	720 Alabama Ave, Brooklyn, NY 11207	40.658426	-73.894102	0.769815143648	0	0.34077493034	3	0.434561999592	2	3	2	2320	397500	136	2400	1925	119	10	77	79	60	28	42	15	22	43	10	154
30711805_zpid	30711805_zpid	11228	63 Bay 10th St, Brooklyn, NY 11228	40.6095789	-74.009826	0.170893689423	10	0.234311003103	5	0.707214135491	1	3	1	1400	638000	31	1916	1930	7	12	3	11	2	21	40	32	27	4	6	60
30609387_zpid	30609387_zpid	11216	823 Marcy Ave, Brooklyn, NY 11216	40.685459	-73.946989	0.120530358442	10	0.29096018881	9	0.590304318079	2	2	1	3600	115000	243	2000	1931	170	81	87	129	94	30	39	18	57	63	26	230
83049172_zpid	83049172_zpid	11238	321 Saint Marks Ave, Brooklyn, NY 11238	40.677857	-73.964578	0.169000221743	13	0.194077170364	5	0.602071063608	5	6	4.5	3400	899000	70	1240	2007	130	155	59	77	72	35	46	41	40	31	14	209
30731970_zpid	30731970_zpid	11214	2762 Cropsey Ave, Brooklyn, NY 11214	40.586718	-73.989144	0.414411913799	4	0.563074895799	1	0.512472022039	1	3	2.5	928	465000	38	1698	1945	48	40	36	88	20	84	84	72	80	28	16	156
72690804_zpid	72690804_zpid	10467	3234 N Chestnut Dr, Bronx, NY 10467	40.8727598	-73.8632447	0.226061066949	9	0.354457226173	3	0.365052918738	2	5	3	2409	589000	0	705	2005	208	32	76	82	73	38	23	4	29	34	13	160
30699133_zpid	30699133_zpid	11209	263 85th St, Brooklyn, NY 11209	40.624692	-74.031328	0.0872553727273	14	0.551012983122	4	0.333320579475	2	4	4	3500	1200000	35	6098	1910	68	57	27	40	18	58	26	29	16	6	3	174
30675355_zpid	30675355_zpid	11218	813 Mcdonald Ave, Brooklyn, NY 11218	40.634197	-73.977402	0.156309159297	7	0.31326218124	8	0.224804079008	2	4	2	1212	200000	33	3750	1910	83	35	61	49	41	62	26	65	17	11	5	177
30786082_zpid	30786082_zpid	11234	2077 Kimball St, Brooklyn, NY 11234	40.610317	-73.926631	0.304437722233	2	1.02341830258	0	2.64170065058	0	2	2	1665	460000	38	1742	1940	7	10	1	6	2	24	27	18	16	1	6	81
30736686_zpid	30736686_zpid	11223	2149 W 9th St, Brooklyn, NY 11223	40.5949925	-73.9799484	0.265593941692	8	0.117929381397	3	0.284518085758	4	4	3	2541	600000	108	2082	1930	156	60	32	92	44	148	80	108	80	20	16	240
30736686_zpid	30736686_zpid	11223	2149 W 9th St, Brooklyn, NY 11223	40.5949925	-73.9799484	0.318971340329	6	0.117929381397	4	0.284518085758	4	4	3	2541	600000	108	2082	1930	156	60	32	92	44	148	80	108	80	20	16	240
30661372_zpid	30661372_zpid	11203	1297 New York Ave, Brooklyn, NY 11203	40.641339	-73.945311	0.322261842916	3	0.308774770838	4	0.30314367698	2	5	3	2720	465000	34	2858	1920	112	5	63	64	60	35	15	5	17	25	9	97
30676348_zpid	30676348_zpid	11230	222 Parkville Ave, Brooklyn, NY 11230	40.63111	-73.970445	0.253368825468	8	0.346739134111	9	0.569107065685	1	6	3	2520	400000	33	3049	1925	86	36	45	48	49	63	42	48	20	14	13	146
64591950_zpid	64591950_zpid	10473	435 Zerega Ave, Bronx, NY 10473	40.816744	-73.844666	0.381321075716	3	0.254502378109	2	2.03949046762	0	3	2	3350	350000	170	2902	2000	12	3	12	1	2	10	5	3	6	3	3	38
30754904_zpid	30754904_zpid	11210	1367 E 27th St, Brooklyn, NY 11210	40.617697	-73.947793	0.642240798168	3	0.313456203962	3	0.980739064098	0	6	1.5	1339	525500	11	2000	1925	64	8	4	40	4	76	80	52	56	0	16	160
30722910_zpid	30722910_zpid	11223	1865 W 7th St, Brooklyn, NY 11223	40.6018049	-73.9793106	0.158300055677	7	0.384809085418	3	0.251707864127	3	4	2	1748	195000	206	2350	1920	248	112	156	100	104	380	128	260	84	48	20	380
30722910_zpid	30722910_zpid	11223	1865 W 7th St, Brooklyn, NY 11223	40.6018049	-73.9793106	0.158300055677	7	0.384809085418	4	0.251707864127	3	4	2	1748	195000	206	2350	1920	248	112	156	100	104	380	128	260	84	48	20	380
30705307_zpid	30705307_zpid	11228	7423 11th Ave, Brooklyn, NY 11228	40.622905	-74.011483	0.523702140139	6	0.459429793163	3	1.07690724632	0	2	3	2340	1248000	0	2674	1925	12	10	6	19	5	46	47	36	14	2	4	67
30598293_zpid	30598293_zpid	11233	1919 Bergen St, Brooklyn, NY 11233	40.674566	-73.917591	0.232948338164	2	0.46862623748	4	0.570477633875	2	9	3	2865	498000	76	2073	1901	191	16	116	110	79	22	32	18	48	43	31	184
30631350_zpid	30631350_zpid	11207	17 Fanchon Pl, Brooklyn, NY 11207	40.679015	-73.898605	0.245625702903	3	0.489627880967	2	0.225237320803	9	2	2	1875	615000	96	2500	1910	44	14	29	26	17	29	32	29	18	18	5	104
30665640_zpid	30665640_zpid	11226	644 Rogers Ave, Brooklyn, NY 11226	40.655768	-73.953286	0.0923071573629	13	0.233504052988	8	0.319418666071	3	1	1	3520	615000	25	1372	1905	394	72	196	209	215	51	26	6	57	75	16	276
30747310_zpid	30747310_zpid	11229	2335 E 26th St, Brooklyn, NY 11229	40.594627	-73.9443469	0.286459132707	11	0.27880043586	5	0.916688797182	0	3	2	2156	670000	19	2221	1950	4	9	4	16	3	18	24	20	15	1	2	55
30794634_zpid	30794634_zpid	11229	90 Aster Ct, Brooklyn, NY 11229	40.59548	-73.92867	0.333284582007	2	0.784638751841	0	2.23937103695	0	3	1	1786	350000	10	1786	1945	3	17	0	7	2	8	13	6	13	3	2	25
30789964_zpid	30789964_zpid	11235	5 Brighton 10th Ln, Brooklyn, NY 11235	40.5806087	-73.9593388	0.136009989208	10	0.111128300893	5	0.366397407598	1	3	2	1136	412000	13	1665	1920	1044	248	328	404	256	336	220	124	216	152	108	1124
30789964_zpid	30789964_zpid	11235	5 Brighton 10th Ln, Brooklyn, NY 11235	40.5806087	-73.9593388	0.136009989208	12	0.111128300893	5	0.366397407598	1	3	2	1136	412000	13	1665	1920	1044	248	328	404	256	336	220	124	216	152	108	1124
30771660_zpid	30771660_zpid	11236	1347 E 80th St, Brooklyn, NY 11236	40.629285	-73.903408	0.894670182977	0	0.730041599909	1	1.93798227092	0	6	4	3679	460500	22	3548	1960	168	20	64	68	36	188	92	28	108	20	32	220
30682807_zpid	30682807_zpid	11204	2150 67th St, Brooklyn, NY 11204	40.613119	-73.9838089	0.176543563592	10	0.078506019011	6	0.214100751257	2	3	2	2288	768000	16	2613	1930	170	30	42	62	71	67	37	35	24	13	7	164
30743725_zpid	30743725_zpid	11229	2039 E 27th St, Brooklyn, NY 11229	40.601392	-73.944694	0.416120206253	3	0.187841167226	2	0.977735373488	0	3	1.5	1782	613000	21	2225	1930	80	64	36	68	28	112	168	60	116	12	16	476
83049819_zpid	83049819_zpid	11233	1774A Pacific St, Brooklyn, NY 11233	40.6762749	-73.929113	0.237802562444	8	0.416420915684	4	0.369951345317	2	8	4	3400	1024998	2	1830	2006	56	19	42	50	37	11	13	1	18	21	8	90
30601612_zpid	30601612_zpid	11233	1280 Herkimer St, Brooklyn, NY 11233	40.677316	-73.911257	0.0555089174369	6	0.063273129762	3	0.137159970788	7	2	1	2100	430000	28	1462	1901	259	28	181	204	142	54	40	27	63	91	32	241
30722659_zpid	30722659_zpid	11223	1890 W 10th St, Brooklyn, NY 11223	40.600882	-73.982494	0.135615961777	9	0.541968715113	7	0.383851589615	3	3	3	1600	760000	21	1900	1920	34	23	17	17	13	54	28	44	16	6	4	69
30769220_zpid	30769220_zpid	11236	968 E 83rd St, Brooklyn, NY 11236	40.635534	-73.909882	0.202937963545	6	0.211017942266	2	1.41160826716	0	6	4	2400	650000	21	2000	1960	156	32	72	84	28	324	108	44	108	48	36	384
30611499_zpid	30611499_zpid	11213	4 Agate Ct, Brooklyn, NY 11213	40.678133	-73.939575	0.208949644608	7	0.293504724144	5	0.226601712686	2	5	2	2120	475000	38	1240	1899	148	29	65	67	60	24	17	7	26	29	11	140
30732500_zpid	30732500_zpid	11224	3812 Cypress Ave, Brooklyn, NY 11224	40.578418	-74.006459	0.369675748012	1	0.400681145718	1	2.13572827334	0	8	5	1974	520000	3	6000	1925	136	44	36	112	36	16	72	12	52	12	8	172
30718286_zpid	30718286_zpid	11230	1323 E 9th St, Brooklyn, NY 11230	40.616773	-73.965335	0.273007420148	7	0.262261927036	6	0.510335628661	1	3	1.5	1456	615000	93	2000	1925	372	76	92	148	136	232	212	88	116	32	12	520
30793765_zpid	30793765_zpid	11229	1 Hazel Ct, Brooklyn, NY 11229	40.5902555	-73.9276973	0.366723470569	2	1.01665660637	0	2.26768188194	0	5	3	1079	520150	11	3570	1925	1	5	1	12	1	1	22	9	20	2	3	32
30628449_zpid	30628449_zpid	11221	1282 Putnam Ave, Brooklyn, NY 11221	40.692559	-73.9140029	0.296583661366	7	0.368094269391	4	0.7279341872	1	6	3	2015	1500000	0	1750	1910	148	44	113	137	99	39	36	10	67	61	38	190
30793333_zpid	30793333_zpid	11229	9 Beacon Ct, Brooklyn, NY 11229	40.5864144	-73.9194558	0.463880046416	1	1.79225632845	0	2.93391045221	0	3	2	760	285000	183	3600	1920	2	3	1	11	0	0	16	8	13	1	2	24
30660046_zpid	30660046_zpid	11226	110 E 32nd St, Brooklyn, NY 11226	40.648102	-73.94767	0.12372125736	6	0.340478770425	5	0.344948391189	2	6	2	3120	540000	38	2000	1910	196	33	58	58	51	71	23	13	22	26	18	144
30646788_zpid	30646788_zpid	11207	749 New Jersey Ave, Brooklyn, NY 11207	40.661091	-73.891105	0.175389254969	3	0.216782467483	5	0.508001968114	3	4	2	2280	50000	142	1999	1920	223	18	124	122	123	24	48	10	48	79	14	232
30710231_zpid	30710231_zpid	11228	1549 84th St, Brooklyn, NY 11228	40.611989	-74.006834	0.255054136086	13	0.145989818518	5	0.552237944221	2	3	1.5	1344	210500	253	1860	1920	5	14	2	12	1	26	29	27	19	5	3	49
29791001_zpid	29791001_zpid	10473	312 Newman Ave, Bronx, NY 10473	40.8120369	-73.854521	0.43785755554	1	1.07242560768	0	2.41763382805	0	3	1	1400	405000	117	2613	1920	36	4	19	23	13	21	11	20	10	20	4	72
