30631212_zpid	30631212_zpid	11207	70 Granite St, Brooklyn, NY 11207	40.683571	-73.906411	0.055800523584	3	0.265792130123	2	0.175988650087	7	5	2.5	1100	799000	0	1642	1910	83	20	66	95	57	14	27	17	19	32	15	148
29820116_zpid	29820116_zpid	10469	2219 Tiemann Ave, Bronx, NY 10469	40.858054	-73.838427	0.556102271951	2	0.628694878633	1	1.11185448068	0	3	4	2540	715000	24	5998	1935	5	2	1	1	0	4	22	4	5	0	1	19
30581455_zpid	30581455_zpid	11217	412 Dean St, Brooklyn, NY 11217	40.682274	-73.977701	0.104685415395	11	0.331652857798	3	0.181041269197	10	5	4.5	3200	2350000	24	2000	1910	78	137	37	46	30	46	49	69	40	20	31	217
30666653_zpid	30666653_zpid	11218	1011 Beverley Rd, Brooklyn, NY 11218	40.644061	-73.969671	0.0654975918347	11	0.41550864247	4	0.437342383276	2	9	3	3300	1695000	0	4200	1899	536	156	184	260	168	152	104	92	96	56	28	660
30634877_zpid	30634877_zpid	11207	417 Pennsylvania Ave, Brooklyn, NY 11207	40.66711	-73.894289	0.160398462207	6	0.243332907792	10	0.280227148899	5	11	4.5	3000	456300	128	2000	1901	177	20	113	124	135	21	46	10	46	42	17	198
30784691_zpid	30784691_zpid	11234	1648 E 55th St, Brooklyn, NY 11234	40.616319	-73.922059	0.310263369538	9	0.929829093097	0	2.83775763307	0	3	2	1505	480000	9	2000	1955	19	19	11	11	13	40	22	17	23	7	6	119
30599052_zpid	30599052_zpid	11221	111 Ralph Ave APT 4, Brooklyn, NY 11221	40.686177	-73.923103	0.19496242946	9	0.537007344331	3	0.390764375965	2	3	1	1100	651900	39	1440	1905	144	49	73	111	78	26	16	6	31	44	24	162
30602330_zpid	30602330_zpid	11221	434 Kosciuszko St, Brooklyn, NY 11221	40.6920829	-73.9366919	0.289287011509	11	0.446616594736	5	0.577061239099	2	4	3	2700	1195000	0	1600	1899	154	50	82	121	94	35	26	14	30	48	40	203
30624296_zpid	30624296_zpid	11237	1053 Flushing Ave, Brooklyn, NY 11237	40.7043451	-73.9302563	0.015319575716	10	0.428486433127	2	0.316174273336	2	3	4	4700	2300000	0	2500	1987	372	268	216	272	196	100	100	20	56	116	48	708
30624296_zpid	30624296_zpid	11237	1053 Flushing Ave, Brooklyn, NY 11237	40.7043451	-73.9302563	0.015319575716	10	0.428486433127	3	0.316174273336	2	3	4	4700	2300000	0	2500	1987	372	268	216	272	196	100	100	20	56	116	48	708
30658033_zpid	30658033_zpid	11203	23 E 40th St, Brooklyn, NY 11203	40.655396	-73.940171	0.501292777283	1	0.806733033884	0	0.853605284289	0	2	1	800	420000	18	2000	1940	67	12	40	28	20	57	28	10	21	22	3	90
30585545_zpid	30585545_zpid	11215	176 12th St, Brooklyn, NY 11215	40.668995	-73.991672	0.106362739179	11	0.403335185931	3	0.22170831586	3	5	2	1920	1872000	15	1900	1905	78	68	31	58	29	35	56	29	33	18	13	212
30567281_zpid	30567281_zpid	11201	19 Cranberry St, Brooklyn, NY 11201	40.699871	-73.9944885	0.151408877918	14	0.295003860321	2	0.264465050532	3	1	2	1400	3850000	93	1950	1901	108	272	48	100	64	32	124	84	68	28	24	356
30567281_zpid	30567281_zpid	11201	19 Cranberry St, Brooklyn, NY 11201	40.699871	-73.9944885	0.151408877918	13	0.295003860321	2	0.264465050532	3	1	2	1400	3850000	93	1950	1901	108	272	48	100	64	32	124	84	68	28	24	356
30746983_zpid	30746983_zpid	11229	2414 E 21st St, Brooklyn, NY 11229	40.593503	-73.9495419	0.0582608037738	11	0.495093684624	3	0.513078574862	1	3	2	1200	686000	12	3465	1935	67	9	21	26	25	29	27	23	25	12	4	70
30713341_zpid	30713341_zpid	11214	113 Bay 25th St, Brooklyn, NY 11214	40.601732	-73.999659	0.150322220493	8	0.244519355298	9	0.338682958395	3	5	4	2408	1380000	2	2900	1920	170	20	47	54	41	83	39	38	19	19	10	176
68310730_zpid	68310730_zpid	11229	38 Noel Ave, Brooklyn, NY 11229	40.58751	-73.922878	0.279998719253	2	1.47975090274	0	2.64497433979	0	3	2	2100	460000	107	1800	2004	8	12	4	56	0	0	124	44	96	8	20	156
63126594_zpid	63126594_zpid	11234	1344 E 72nd St, Brooklyn, NY 11234	40.6239769	-73.91125	0.612000860553	4	0.765968317321	0	2.64635241375	0	1	1	2920	524399	133	4012	2003	19	2	7	7	2	41	16	19	15	4	5	72
30610919_zpid	30610919_zpid	11216	1 Verona Pl, Brooklyn, NY 11216	40.681197	-73.947402	0.0823887916485	9	0.134793007204	7	0.207520060848	5	7	4	2800	1250000	5	1022	1899	296	107	140	208	153	47	55	21	69	86	31	308
30744283_zpid	30744283_zpid	11229	2174 E 12th St, Brooklyn, NY 11229	40.596601	-73.960102	0.192117928121	9	0.265244549387	7	0.444050928949	2	4	2.5	1920	435000	184	1890	1920	240	64	44	72	64	140	52	48	28	8	12	260
30771593_zpid	30771593_zpid	11236	3 Paerdegat 13th St, Brooklyn, NY 11236	40.627721	-73.90345	1.05392283687	0	0.838562319867	0	2.1119413058	0	3	2.5	2052	500000	101	1337292.0	1965	34	3	10	15	5	42	17	4	19	4	7	36
30732845_zpid	30732845_zpid	11224	3708 Neptune Ave, Brooklyn, NY 11224	40.576606	-74.003589	0.667118022425	1	0.16604135427	2	1.8923979749	0	4	2	1580	381100	77	2500	1945	50	14	15	41	13	5	20	7	20	13	2	55
30634317_zpid	30634317_zpid	11207	306 Miller Ave, Brooklyn, NY 11207	40.673415	-73.891712	0.182473597953	8	0.147389288446	7	0.119785457874	4	8	2.5	2700	550000	12	3000	1997	114	20	86	101	94	66	36	25	39	43	21	225
29792340_zpid	29792340_zpid	10473	649 Saint Lawrence Ave, Bronx, NY 10473	40.8184852	-73.8644291	0.213345087768	3	0.427904988055	2	1.47447817061	0	5	3	2450	480000	124	2450	1925	63	13	24	23	20	25	20	8	25	10	7	91
30646501_zpid	30646501_zpid	11207	642 Alabama Ave, Brooklyn, NY 11207	40.660133	-73.89536	0.453108710921	1	0.208554125518	4	0.362218505088	4	6	2	1938	450000	135	2317	1920	197	15	117	108	109	29	39	13	38	54	15	213
83178735_zpid	83178735_zpid	10458	469 E 184th St # B, Bronx, NY 10458	40.8560503	-73.8927908	0.160295163233	12	0.412334425921	7	0.631870765374	3	5	3	2845	549000	0	871	2006	370	46	170	172	185	18	28	13	39	58	29	275
29777241_zpid	29777241_zpid	10451	146 E 150th St, Bronx, NY 10451	40.819427	-73.927605	0.0851484381529	4	0.517691887496	2	0.119046985598	4	7	3	3413	280900	126	1850	1901	708	92	268	216	204	28	40	32	80	72	40	612
29777241_zpid	29777241_zpid	10451	146 E 150th St, Bronx, NY 10451	40.819427	-73.927605	0.0851484381529	4	0.517691887496	1	0.119046985598	4	7	3	3413	280900	126	1850	1901	708	92	268	216	204	28	40	32	80	72	40	612
29833746_zpid	29833746_zpid	10466	1051 E 231st St, Bronx, NY 10466	40.888912	-73.847523	0.228561710683	5	0.0832770502777	3	0.963436741783	0	2	1	1224	212000	131	2736	1925	49	14	24	20	11	63	19	4	30	15	9	68
30615641_zpid	30615641_zpid	11217	43 S Oxford St, Brooklyn, NY 11217	40.688397	-73.973574	0.142989038199	10	0.271953979288	3	0.152959690378	9	1	1	3960	2540000	70	2200	1899	35	42	20	20	9	10	13	17	13	9	9	71
30733922_zpid	30733922_zpid	11224	4710 Surf Ave, Brooklyn, NY 11224	40.577328	-74.011142	0.209191235261	1	0.779947235567	0	2.52883642251	0	6	2.5	2900	650000	92	4678	1943	36	20	12	60	16	0	40	0	20	4	4	68
30614421_zpid	30614421_zpid	11217	158 S Oxford St, Brooklyn, NY 11217	40.684658	-73.973465	0.242355054279	11	0.382882759216	3	0.166981543123	9	6	4	3318	445000	254	11325.6	1930	47	83	28	33	19	17	21	39	23	13	23	136
29791922_zpid	29791922_zpid	10473	1871 Lacombe Ave, Bronx, NY 10473	40.815587	-73.859183	0.460946775699	2	0.671058534264	1	1.90955149797	0	1	1	1410	190000	149	1411	1920	50	16	12	37	13	41	12	19	21	17	9	105
30589401_zpid	30589401_zpid	11238	743 Dean St, Brooklyn, NY 11238	40.679862	-73.965594	0.182770745063	12	0.388772688854	5	0.427552458456	3	4	3.5	1500	2570000	15	2000	1910	404	668	172	336	204	172	176	164	164	60	76	808
30574494_zpid	30574494_zpid	11232	218A 32nd St, Brooklyn, NY 11232	40.6552383	-74.0002675	0.23944483469	4	0.604352578035	2	0.365422025434	2	2	2	1530	585000	31	917	1925	88	120	40	68	44	28	108	56	52	4	36	248
30765984_zpid	30765984_zpid	11203	360 E 59th St, Brooklyn, NY 11203	40.645216	-73.921288	0.112580871521	4	0.942561539573	0	1.64958862742	0	3	2	1540	367500	21	1600	1940	164	20	44	24	24	44	84	16	24	16	8	168
30717873_zpid	30717873_zpid	11230	1523 Mcdonald Ave, Brooklyn, NY 11230	40.615768	-73.973934	0.157152780581	8	0.216219227981	2	0.0733561660048	2	8	4.5	2440	167500	86	2221	1911	23	7	9	19	8	41	30	21	12	5	5	52
30780377_zpid	30780377_zpid	11234	1250 E 70th St, Brooklyn, NY 11234	40.624875	-73.914326	0.593249250731	4	0.680248653775	1	2.64359830837	0	7	5	3980	730000	17	4624	1977	20	4	13	12	9	52	13	22	16	9	6	84
30640366_zpid	30640366_zpid	11207	543 Miller Ave, Brooklyn, NY 11207	40.667414	-73.889591	0.271156593413	7	0.497311534095	7	0.223520515383	4	5	2	1620	20000	28	2565	1901	183	21	131	125	128	26	42	11	59	63	20	241
29841098_zpid	29841098_zpid	10465	1151 Vincent Ave, Bronx, NY 10465	40.836408	-73.821522	0.199583378187	4	0.162279586462	1	1.4853780352	0	3	2	1922	365000	25	2374	1920	24	28	28	32	28	40	112	48	44	16	12	176
30788291_zpid	30788291_zpid	11234	2224 E 66th St, Brooklyn, NY 11234	40.615125	-73.908852	0.298126443258	2	0.240040870476	1	3.55929342802	0	4	4	3700	979000	0	5225	1960	44	36	32	44	28	68	48	44	68	4	12	188
29846911_zpid	29846911_zpid	10465	3112 Miles Ave, Bronx, NY 10465	40.8211609	-73.809541	0.0748833257508	4	0.726420091005	1	3.38744430164	0	4	2.5	1344	24900	41	2482	1930	18	12	3	6	2	10	11	11	12	3	3	40
30624773_zpid	30624773_zpid	11206	87 Beaver St, Brooklyn, NY 11206	40.699123	-73.936198	0.158119996193	12	0.279688778644	5	0.218120560297	2	9	3	2100	725000	33	2200	1995	70	68	38	48	29	19	33	20	39	16	9	191
30579410_zpid	30579410_zpid	11220	538 58th St, Brooklyn, NY 11220	40.63985	-74.014171	0.323523982151	8	0.0885477214968	9	0.35572472421	3	5	3	2820	1095000	6	2003	1899	150	63	52	67	40	45	68	36	40	24	5	240
30647463_zpid	30647463_zpid	11207	741 Sheffield Ave, Brooklyn, NY 11207	40.659014	-73.891711	0.409194701393	4	0.317156749329	5	0.635897322259	2	8	4	3075	710000	0	2533	1930	127	16	80	75	72	23	37	11	30	44	6	154
30621112_zpid	30621112_zpid	11222	99 Mcguinness Blvd, Brooklyn, NY 11222	40.725768	-73.949228	0.166261466846	14	0.404672885507	4	0.213981664013	2	1	1	3675	700000	141	2500	1901	164	348	84	164	60	144	156	140	76	68	52	816
30793610_zpid	30793610_zpid	11229	8 Melba Ct, Brooklyn, NY 11229	40.586883	-73.9254461	0.436584619968	2	1.29850718822	0	2.42700115448	0	4	2	1450	299000	22	1800	1930	2	3	1	14	0	0	29	10	20	1	4	37
83178788_zpid	83178788_zpid	10456	1364 Franklin Ave, Bronx, NY 10456	40.833073	-73.900513	0.249052537626	4	0.209759027059	7	0.80035732291	0	9	6	5800	590000	60	3625	2009	237	19	92	128	72	34	10	12	15	35	19	182
79725619_zpid	79725619_zpid	11233	1777 Eastern Pkwy, Brooklyn, NY 11233	40.6740967	-73.9100294	0.05742930066	7	0.280918276347	5	0.493269666651	4	7	6	4052	690000	90	1876	2006	171	15	85	130	83	35	28	19	43	53	24	149
30665134_zpid	30665134_zpid	11225	257 Fenimore St, Brooklyn, NY 11225	40.6586308	-73.954107	0.235743816857	12	0.359571673533	9	0.382308617018	3	5	3	3072	921000	32	2000	1910	342	54	169	139	118	37	40	19	47	56	9	222
30570936_zpid	30570936_zpid	11231	153 W 9th St, Brooklyn, NY 11231	40.675675	-74.000266	0.11782352462	8	0.316909366823	2	0.279878581102	1	6	3.5	2079	1600000	0	1698	1901	96	128	32	68	40	76	164	32	48	32	32	428
30670787_zpid	30670787_zpid	11218	18 Seeley St, Brooklyn, NY 11218	40.652601	-73.980565	0.354924551077	7	0.330015780965	2	0.511378358734	1	3	2	2200	990000	62	4050	1901	1	16	8	11	5	17	16	21	12	1	2	37
29827912_zpid	29827912_zpid	10469	963 E 221st St, Bronx, NY 10469	40.882672	-73.854052	0.337196515692	5	0.445635380808	2	0.740511907412	1	3	2	1960	352000	7	1986	1935	64	16	28	27	26	32	5	3	18	8	3	48
30671385_zpid	30671385_zpid	11218	122 Greenwood Ave, Brooklyn, NY 11218	40.649598	-73.979977	0.152358705731	9	0.191992719165	2	0.355582143613	2	3	1	1200	954000	6	1378	1925	37	23	17	22	22	17	23	24	15	5	5	72
30679251_zpid	30679251_zpid	11230	4818 Bay Pkwy, Brooklyn, NY 11230	40.6230405	-73.9728423	0.479755558623	5	0.51145008597	4	0.325281849077	2	2	3	1078	352250	182	3000	1930	44	9	7	23	7	16	36	31	11	1	2	52
30634123_zpid	30634123_zpid	11207	2730 Atlantic Ave, Brooklyn, NY 11207	40.6758837	-73.8934633	0.38113158347	7	0.396749955866	4	0.262423297939	4	2	3	1750	322500	26	2533	1920	117	24	81	102	75	80	42	36	35	41	20	239
30754945_zpid	30754945_zpid	11210	1372 E 28th St, Brooklyn, NY 11210	40.617614	-73.947405	0.624127440862	3	0.306665784336	2	1.01348611565	0	3	1.5	1886	860000	9	3000	1925	60	8	4	36	4	72	80	32	56	0	12	160
30745440_zpid	30745440_zpid	11229	2245 E 12th St, Brooklyn, NY 11229	40.595214	-73.959241	0.135866569593	10	0.388111146485	6	0.34489151932	2	3	2	1644	680000	20	2400	1920	54	15	9	16	12	28	14	13	9	3	3	54
30702512_zpid	30702512_zpid	11209	210 Battery Ave, Brooklyn, NY 11209	40.614465	-74.025797	0.34144352787	10	0.543319778434	4	0.49765471456	1	6	5	3327	1175000	2	2468	1965	168	48	28	28	36	52	60	16	8	12	12	128
29840923_zpid	29840923_zpid	10465	1127 Ellsworth Ave, Bronx, NY 10465	40.835261	-73.822808	0.206311725142	4	0.195258598627	1	1.48736828479	0	5	2.5	1890	450000	82	2470	1965	7	7	9	8	8	9	30	11	12	4	3	37
30599508_zpid	30599508_zpid	11233	690 Macdonough St, Brooklyn, NY 11233	40.6836399	-73.918654	0.153079712824	7	0.371672271439	3	0.346502111868	4	5	3	4292	1100000	0	1950	1910	202	50	147	159	124	21	37	10	59	88	20	257
29826131_zpid	29826131_zpid	10469	1053 Duncan St, Bronx, NY 10469	40.873267	-73.857268	0.130525549991	8	0.845232169161	0	0.859744371234	0	3	2	1620	420000	5	1850	1945	49	6	25	26	19	46	30	8	33	18	14	67
79715475_zpid	79715475_zpid	11234	2441 E 69th St, Brooklyn, NY 11234	40.6132399	-73.9023991	0.834128301811	0	0.741158677995	1	3.71992986643	0	3	2.25	2030	640000	5	2334	2006	0	48	8	20	0	16	68	24	36	4	8	128
29850219_zpid	29850219_zpid	10464	20 Earley St, Bronx, NY 10464	40.842273	-73.788033	0.252629486999	3	3.19549117648	0	3.49640214675	0	3	2	1994	910000	74	13503.6	1957	16	10	5	6	3	2	28	10	7	3	17	32
30750415_zpid	30750415_zpid	11235	2687 Batchelder St, Brooklyn, NY 11235	40.58788	-73.9362979	0.327720122059	7	0.478085586789	1	1.51356599077	0	3	2	1400	530000	18	2178	1960	42	9	24	28	19	29	17	23	28	10	5	116
30718290_zpid	30718290_zpid	11230	1311 E 9th St, Brooklyn, NY 11230	40.617043	-73.965387	0.249324060222	6	0.252822423604	6	0.510017262183	1	4	3	1496	949000	0	2500	1925	93	19	23	34	34	56	55	19	31	7	3	132
30719223_zpid	30719223_zpid	11204	1580 W 9th St, Brooklyn, NY 11204	40.608343	-73.982947	0.209677243723	11	0.293271875572	7	0.404098839853	2	3	1.75	1148	720000	15	1933	1925	252	88	92	120	148	228	68	84	60	32	20	332
30638219_zpid	30638219_zpid	11208	187 Elton St, Brooklyn, NY 11208	40.679076	-73.884165	0.180594180583	7	0.121916733092	5	0.104892082288	4	6	4	1720	597800	0	2500	1905	62	15	40	55	43	39	31	21	28	27	11	132
30607283_zpid	30607283_zpid	11205	216 Walworth St, Brooklyn, NY 11205	40.692105	-73.954053	0.234410233124	10	0.189469071309	4	0.316923760927	3	3	1	1920	210000	89	2000	2012	139	70	33	60	34	32	42	33	25	14	19	159
30599404_zpid	30599404_zpid	11233	739 Macdonough St, Brooklyn, NY 11233	40.684339	-73.916651	0.149767983826	7	0.24207817343	3	0.21964733373	3	10	4	5400	628000	36	2500	1906	190	41	132	141	119	16	35	10	47	82	15	228
30765531_zpid	30765531_zpid	11234	1622 E 54th St, Brooklyn, NY 11234	40.617959	-73.923141	0.23085296337	11	0.725650687292	1	2.6510176698	0	4	3	3000	465000	57	2000	1920	14	22	7	7	11	32	28	14	23	4	5	132
30700872_zpid	30700872_zpid	11209	113 92nd St, Brooklyn, NY 11209	40.6206472	-74.0375392	0.400158308096	6	0.454235018934	3	0.728878545212	1	5	2	3072	999990	7	2000	1901	165	25	16	33	18	35	36	19	12	3	4	97
30766440_zpid	30766440_zpid	11203	752 E 53rd St, Brooklyn, NY 11203	40.6409639	-73.92662	0.201721069878	7	1.05432810378	0	1.84403913907	0	8	3	3520	350000	16	2533	1940	86	14	19	19	16	33	31	12	18	10	7	98
30654791_zpid	30654791_zpid	11203	4901 Beverley Rd, Brooklyn, NY 11203	40.646504	-73.9306942	0.48260206232	9	0.384680490046	3	1.55063290697	0	5	3	1736	599000	0	2000	1940	94	18	29	24	33	35	23	5	13	16	10	110
30611155_zpid	30611155_zpid	11216	178 Macdonough St, Brooklyn, NY 11216	40.68126	-73.939328	0.141814756396	10	0.164725011822	8	0.197232840673	1	6	4	3200	1530000	18	2000	1899	88	71	59	77	49	9	23	14	25	24	20	124
29781612_zpid	29781612_zpid	10457	1652 Weeks Ave, Bronx, NY 10457	40.843137	-73.9074459	0.227698370873	5	0.160806570493	7	0.381997822088	4	4	2.5	2440	480000	28	1900	1940	354	65	238	252	239	28	21	12	61	62	27	278
30571646_zpid	30571646_zpid	11231	125 Butler St, Brooklyn, NY 11231	40.683644	-73.990196	0.172151312724	13	0.260515457902	2	0.284029630607	3	8	9.5	5100	3930000	3	2500	1925	7	26	2	18	9	7	23	14	12	2	2	69
30623966_zpid	30623966_zpid	11211	233 Withers St, Brooklyn, NY 11211	40.717802	-73.942286	0.0718473747033	10	0.439090576306	3	0.389966138582	3	6	3	2800	2150000	0	2000	1920	10	111	11	33	15	19	24	8	21	8	15	107
30652339_zpid	30652339_zpid	11203	868 Lenox Rd, Brooklyn, NY 11203	40.655289	-73.927305	0.221979549117	11	0.301359849079	4	1.1229483037	0	3	2	2304	210000	2	1899	1930	184	25	78	80	86	69	39	9	27	35	16	179
29833622_zpid	29833622_zpid	10466	1023 E 228th St, Bronx, NY 10466	40.8870239	-73.849466	0.364843470965	6	0.247277971441	3	0.9219280765	0	3	2	1402	399999	0	1860	1935	74	13	34	27	21	76	15	5	33	16	14	74
30790864_zpid	30790864_zpid	11235	251 Beaumont St, Brooklyn, NY 11235	40.575839	-73.950504	0.248047969692	5	0.739435418195	1	0.933260944036	0	5	4	4875	2350000	5	4000	1998	36	19	8	17	13	9	33	16	18	6	2	42
30721986_zpid	30721986_zpid	11223	1725 W 1st St, Brooklyn, NY 11223	40.605799	-73.9742449	0.132937988039	8	0.358202252128	4	0.32858049988	3	3	2.5	2334	715000	14	2000	1930	100	19	39	29	26	78	24	43	28	15	2	131
30695940_zpid	30695940_zpid	11209	535 77th St, Brooklyn, NY 11209	40.627554	-74.022141	0.0991153960419	15	0.203140816131	3	0.374619820752	1	4	2	1600	742000	22	1956	1920	67	27	36	37	27	34	44	44	24	27	5	133
30790125_zpid	30790125_zpid	11235	2920 Brighton 12th St, Brooklyn, NY 11235	40.581516	-73.95582	0.170116758172	11	0.330351179163	8	0.615218455657	2	4	2	3300	430000	144	1883	1940	968	192	232	320	200	272	192	120	164	112	72	804
30790125_zpid	30790125_zpid	11235	2920 Brighton 12th St, Brooklyn, NY 11235	40.581516	-73.95582	0.170116758172	10	0.330351179163	8	0.615218455657	2	4	2	3300	430000	144	1883	1940	968	192	232	320	200	272	192	120	164	112	72	804
30715182_zpid	30715182_zpid	11214	8858 19th Ave, Brooklyn, NY 11214	40.600951	-74.006016	0.297934843008	5	0.32746432729	4	0.775250026705	0	3	2	1687	699000	17	2127	1940	111	23	33	32	22	39	36	39	12	9	10	119
30714083_zpid	30714083_zpid	11214	201 Bay 20th St, Brooklyn, NY 11214	40.602205	-74.005185	0.221447861062	8	0.221077256038	7	0.648237539017	2	7	4	3120	836000	15	1820	1901	114	24	32	44	25	52	46	49	15	12	9	139
30656990_zpid	30656990_zpid	11225	3 Miami Ct, Brooklyn, NY 11225	40.6609028	-73.9468968	0.333456614751	5	0.347886911637	7	0.391605772026	2	4	2	1250	550500	2	1159	1930	299	53	116	124	120	40	32	15	29	49	12	212
30605783_zpid	30605783_zpid	11233	474 Macdonough St, Brooklyn, NY 11233	40.682614	-73.927475	0.297972586461	7	0.363651398238	3	0.454258688565	2	4	2	2502	1350000	20	1800	1899	140	71	104	131	74	16	13	11	49	46	24	197
29779834_zpid	29779834_zpid	10459	828 E 165th St, Bronx, NY 10459	40.824024	-73.900642	0.102394344409	7	0.109703829203	5	0.383751145332	3	4	3	2532	389000	0	1999	1901	560	84	340	384	328	68	52	20	104	176	92	644
29779834_zpid	29779834_zpid	10459	828 E 165th St, Bronx, NY 10459	40.824024	-73.900642	0.102394344409	6	0.109703829203	5	0.383751145332	3	4	3	2532	389000	0	1999	1901	560	84	340	384	328	68	52	20	104	176	92	644
30794583_zpid	30794583_zpid	11229	69 Aster Ct, Brooklyn, NY 11229	40.5945139	-73.928001	0.218268162056	3	0.905229506659	0	2.29723110862	0	3	1.5	1392	190000	20	1785	1925	8	60	4	28	4	24	56	24	64	12	8	96
30574259_zpid	30574259_zpid	11232	195 30th St, Brooklyn, NY 11232	40.657152	-73.999616	0.288655767335	3	0.384350492468	1	0.38350127482	2	6	5.5	3420	544500	156	3000	1920	31	34	14	17	12	10	29	18	14	2	8	67
30601516_zpid	30601516_zpid	11233	30 Radde Pl, Brooklyn, NY 11233	40.6767778	-73.9148801	0.344395507795	3	0.235353699046	2	0.395860240433	2	5	3	1824	577000	16	16	1899	254	25	140	169	107	56	32	23	56	68	36	221
29821417_zpid	29821417_zpid	10469	2582 Stedman Pl, Bronx, NY 10469	40.864719	-73.850989	0.640369013933	1	0.60169311697	2	0.660778478084	1	3	2.5	1584	355000	44	1786	1960	19	10	10	7	6	30	23	15	26	7	6	73
30604712_zpid	30604712_zpid	11233	502 Hancock St, Brooklyn, NY 11233	40.684028	-73.934969	0.13198290461	10	0.348328571442	5	0.63061796536	2	2	1	850	245000	35	1800	1899	65	20	46	64	29	5	21	3	15	16	12	89
30708392_zpid	30708392_zpid	11228	7910 14th Ave, Brooklyn, NY 11228	40.616567	-74.008068	0.239581464148	10	0.58002109295	3	0.716706363332	1	5	3	2324	376000	158	1600	1930	8	15	6	20	2	31	41	45	21	5	4	69
30596139_zpid	30596139_zpid	11213	1242 Prospect Pl, Brooklyn, NY 11213	40.673233	-73.935357	0.185237398357	12	0.0684701020808	4	0.523982420336	2	5	3	1859	985000	8	2130	1910	392	61	179	192	186	39	27	12	48	77	22	289
30735233_zpid	30735233_zpid	11223	2018 W 10th St, Brooklyn, NY 11223	40.5978009	-73.9819009	0.33483521853	6	0.259123894724	5	0.236452182033	5	2	2	980	660000	13	1908	1925	32	22	10	23	9	39	31	44	19	8	5	77
30630658_zpid	30630658_zpid	11207	87 Cooper St, Brooklyn, NY 11207	40.6860519	-73.909408	0.311906353796	11	0.342157664864	3	0.362604563052	4	6	3	2880	558500	41	1611	1928	139	34	125	159	91	30	39	17	41	67	28	224
30655631_zpid	30655631_zpid	11236	659 Rockaway Pkwy, Brooklyn, NY 11236	40.653379	-73.911017	0.399969685331	6	0.413485977673	2	1.00444731254	0	7	3	3900	550000	16	2744	1920	35	2	14	19	21	30	18	8	4	6	3	62
