30744583_zpid	30744583_zpid	11229	2126 E 19th St, Brooklyn, NY 11229	40.598498	-73.952771	0.341557225686	11	0.150996098192	5	0.281458658289	2	6	3	3528	920000	33	4007	1930	468	140	136	132	212	304	152	104	100	68	32	644
29834699_zpid	29834699_zpid	10466	3935 Ely Ave, Bronx, NY 10466	40.8890699	-73.845329	0.364417279641	5	0.147818741672	3	1.12028641207	0	5	2	1920	290000	6	1829	1961	33	15	12	19	9	59	24	4	30	12	8	62
30647469_zpid	30647469_zpid	11207	540 Hegeman Ave, Brooklyn, NY 11207	40.6598102	-73.891384	0.318469447016	3	0.264100843367	5	0.613490199886	3	3	5	2280	105000	134	1900	1930	168	17	98	89	85	23	41	11	38	55	11	184
30731856_zpid	30731856_zpid	11214	1725 Shore Pkwy, Brooklyn, NY 11214	40.594157	-73.996022	0.441046777953	3	0.656995407502	1	0.871620077433	0	6	2.5	3430	810000	72	1001880	1960	25	5	15	20	9	33	25	11	13	9	2	58
29844579_zpid	29844579_zpid	10465	3021 Barkley Ave, Bronx, NY 10465	40.832606	-73.823779	0.323778987981	4	0.398072582991	2	1.63897298175	0	2	1	2558	250000	97	2500	1920	6	15	5	10	7	18	31	27	13	3	4	50
30580503_zpid	30580503_zpid	11215	396A 19th St, Brooklyn, NY 11215	40.658784	-73.986643	0.326992713198	14	0.223693736927	5	0.609393893187	1	3	2	2205	1595100	21	1552	1920	30	32	15	32	22	23	32	10	15	5	10	80
30641574_zpid	30641574_zpid	11208	279 Etna St, Brooklyn, NY 11208	40.6869668	-73.8736153	0.339014951931	4	0.183141774053	4	0.343080366801	3	3	2	1400	484000	13	1412	1920	93	36	64	82	48	63	37	17	52	44	8	175
30601341_zpid	30601341_zpid	11233	1415 Herkimer St, Brooklyn, NY 11233	40.6775019	-73.906522	0.358766180933	5	0.343614140223	3	0.23180628896	9	8	3	2700	545000	13	1700	1899	157	18	105	140	91	32	28	16	44	60	19	157
2100263498_zpid	2100263498_zpid	11220	450 60th St, Brooklyn, NY 11220	40.639859	-74.017306	0.149714184131	8	0.0821654422714	6	0.174220528491	3	9	6	3600	1399000	0	2000	1907	144	56	48	65	47	31	60	37	42	25	5	177
30626872_zpid	30626872_zpid	11221	1212 Greene Ave # A, Brooklyn, NY 11221	40.695403	-73.921746	0.376742244468	11	0.171226901695	5	0.401593070547	4	5	3	1848	800000	12	1583	1901	159	52	76	103	76	37	26	14	64	25	26	194
30659711_zpid	30659711_zpid	11203	3905 Snyder Ave, Brooklyn, NY 11203	40.6496321	-73.9405323	0.188338882208	5	0.369332328014	1	0.77553410674	0	3	2	1200	420000	0	1200	1920	101	19	70	66	63	56	14	7	24	27	6	106
30626481_zpid	30626481_zpid	11237	253 Wilson Ave, Brooklyn, NY 11237	40.6981722	-73.9208503	0.0870240084652	13	0.383950081003	7	0.11064696489	3	2	1	4650	200000	258	2125	1931	179	74	111	170	118	25	20	12	70	70	24	246
29851851_zpid	29851851_zpid	10463	680 W 232nd St, Bronx, NY 10463	40.8844769	-73.915683	0.461527639369	6	0.552595281211	2	0.846915349762	0	3	2.5	8538	1295000	0	8566	1960	34	10	5	19	12	17	34	11	9	1	3	37
62635606_zpid	62635606_zpid	10473	2167 Hart St, Bronx, NY 10473	40.811843	-73.846836	0.485382073761	1	0.824866467135	0	2.53051711341	0	5	3	1902	479000	68	3794	2001	10	3	9	4	4	12	5	10	3	6	4	27
29781769_zpid	29781769_zpid	10457	245 Mount Hope Pl, Bronx, NY 10457	40.848287	-73.904372	0.114030568286	11	0.107736085291	9	0.247054386357	5	9	3	3504	592250	100	2000	1899	383	73	207	208	208	28	22	13	71	61	29	277
30697218_zpid	30697218_zpid	11209	8034 Narrows Ave, Brooklyn, NY 11209	40.629281	-74.03782	0.716785141013	4	0.720608617609	1	1.04126796148	0	4	6	3031	2175000	3	4499	1935	2	5	0	3	0	6	21	17	8	0	1	34
30620837_zpid	30620837_zpid	11222	119 Jewel St, Brooklyn, NY 11222	40.728305	-73.947718	0.157640824399	15	0.328342740085	5	0.507003730595	2	8	4	3000	2399000	0	2500	1930	26	48	17	22	11	26	28	25	18	15	12	137
29778900_zpid	29778900_zpid	10451	3206 3rd Ave, Bronx, NY 10451	40.822861	-73.909006	0.237505346515	8	0.0643389493811	10	0.615783462646	3	2	1	7200	1100434	44	3291	1910	85	14	35	46	25	7	10	6	14	9	13	63
29834346_zpid	29834346_zpid	10466	1156 E 223rd St, Bronx, NY 10466	40.8819159	-73.848389	0.143829552741	8	0.231076290948	4	0.913172966874	0	5	2.5	1906	300000	152	1799	1955	22	5	14	7	9	30	5	1	18	7	2	32
30793486_zpid	30793486_zpid	11229	24 Cyrus Ave, Brooklyn, NY 11229	40.588137	-73.925336	0.329857793114	2	1.26067522711	0	2.44019916959	0	3	1.5	1256	370000	115	1799	1930	2	3	2	15	0	1	31	10	20	1	4	36
29778590_zpid	29778590_zpid	10452	1323 Dr Martin L King Jr Blvd, Bronx, NY 10452	40.8410269	-73.927189	0.314279901835	2	0.209425976597	4	0.781783988292	0	6	2	2488	416000	26	2000	1901	1048	104	436	420	356	128	80	36	156	128	44	488
30710381_zpid	30710381_zpid	11214	1832 82nd St, Brooklyn, NY 11214	40.608705	-73.999377	0.116439606583	12	0.272449966843	8	0.216181074956	3	8	3.5	3630	1499000	0	3000	1975	103	15	37	43	21	50	55	38	30	13	5	169
30631231_zpid	30631231_zpid	11207	35 Aberdeen St, Brooklyn, NY 11207	40.681938	-73.906401	0.127659324575	4	0.250269204799	3	0.114285864778	7	5	4	2700	1250000	0	2000	1905	63	19	49	65	48	12	21	14	13	24	8	119
30636938_zpid	30636938_zpid	11208	42 Shepherd Ave, Brooklyn, NY 11208	40.683835	-73.883048	0.310568077374	6	0.378333426041	3	0.370667713357	2	4	3	2244	235000	76	1999	1910	72	25	38	46	46	35	25	22	34	17	11	118
89069546_zpid	89069546_zpid	10466	3935 Secor Ave, Bronx, NY 10466	40.8904538	-73.8322493	0.261370274867	2	0.195756459415	1	0.267713706464	1	3	2	2083	450500	11	1940	2011	34	10	13	18	2	33	24	13	16	6	3	59
30598847_zpid	30598847_zpid	11233	1663 Lincoln Pl, Brooklyn, NY 11233	40.669434	-73.921454	0.17134084694	7	0.0402560818241	4	0.531276082931	1	6	2	1950	500000	11	2340	1930	776	80	404	360	348	56	40	24	80	132	40	504
30734004_zpid	30734004_zpid	11224	3840 Atlantic Ave, Brooklyn, NY 11224	40.5737359	-74.005944	0.727921937226	1	0.53036480478	1	2.12929022326	0	3	2.5	2057	570000	11	3000	1965	28	7	8	29	4	3	14	6	7	4	0	30
2100232130_zpid	2100232130_zpid	11234	2134-2138 E 74th St, Brooklyn, NY 11234	40.620416	-73.904782	0.586442695098	1	0.527339027754	1	2.93128457365	0	3	4	2060	995000	0	8000	1940	10	6	5	8	5	11	13	8	15	3	4	54
30749405_zpid	30749405_zpid	11235	2544 E 27th St, Brooklyn, NY 11235	40.59022	-73.943168	0.186570524505	11	0.32364698066	2	0.999793196568	0	6	3.5	2700	897750	20	2700	1910	240	60	56	76	40	148	112	168	132	16	4	408
30755710_zpid	30755710_zpid	11210	1418 E 28th St, Brooklyn, NY 11210	40.616489	-73.947182	0.507680550361	2	0.418870738917	3	1.0399602394	0	4	4	2184	1499000	0	3005	1940	68	8	4	40	16	72	68	52	44	0	16	144
30686909_zpid	30686909_zpid	11219	1119 55th St, Brooklyn, NY 11219	40.634149	-73.999272	0.239292752346	6	0.287615800583	5	0.440587397472	3	7	4.75	3000	1370000	17	2571	1930	70	17	30	44	30	47	79	72	21	5	2	147
30730845_zpid	30730845_zpid	11214	221 Bay 35th St, Brooklyn, NY 11214	40.595096	-73.994566	0.386408594798	8	0.628936490044	6	0.71552477133	1	11	4	4800	600000	22	4255	2009	58	4	25	38	22	42	33	19	19	12	3	72
29847892_zpid	29847892_zpid	10465	907 Brinsmade Ave, Bronx, NY 10465	40.827803	-73.82983	0.439091381975	2	0.570360725807	1	1.74211195534	0	3	2	1638	406000	118	1799	1940	8	10	6	8	3	10	19	14	7	2	5	46
29842393_zpid	29842393_zpid	10461	2893 Dudley Ave, Bronx, NY 10461	40.841	-73.833	0.351478150951	5	0.73340362227	1	0.424075952974	2	4	2.5	2538	545000	0	2815	1930	69	18	19	18	16	53	36	25	14	10	3	101
30574490_zpid	30574490_zpid	11232	212 32nd St, Brooklyn, NY 11232	40.655335	-74.000561	0.212471937515	5	0.601012083416	2	0.344182701726	2	3	2	1379	540000	99	1670	1910	22	30	11	17	11	8	30	14	14	1	9	64
30718038_zpid	30718038_zpid	11230	1399 E 4th St, Brooklyn, NY 11230	40.616416	-73.971057	0.321334358089	6	0.0941631707936	2	0.300963979422	2	3	3	1248	667500	7	1975	1930	176	32	64	96	80	188	168	96	88	20	20	284
30718038_zpid	30718038_zpid	11230	1399 E 4th St, Brooklyn, NY 11230	40.616416	-73.971057	0.0187943521979	7	0.0941631707936	2	0.300963979422	2	3	3	1248	667500	7	1975	1930	176	32	64	96	80	188	168	96	88	20	20	284
29785650_zpid	29785650_zpid	10457	311 E 180th St, Bronx, NY 10457	40.852534	-73.899405	0.0454094176767	10	0.176250120753	9	0.411846408396	4	4	2.5	1503	300000	54	1999	1901	429	39	190	196	200	31	24	16	62	70	26	303
64727107_zpid	64727107_zpid	11217	87 Lafayette Ave, Brooklyn, NY 11217	40.6873956	-73.9748828	0.0182079887523	11	0.131219435533	3	0.0158959787497	9	3	2	1394	500000	169	1600	1889	38	57	20	26	10	11	26	22	15	10	12	131
29817462_zpid	29817462_zpid	10462	1941 Fowler Ave, Bronx, NY 10462	40.849867	-73.861285	0.27372888033	10	0.452804050668	4	0.505003940981	2	6	3	2499	540000	12	2469	1915	236	21	70	58	39	67	41	25	29	21	12	128
30639508_zpid	30639508_zpid	11207	423 Miller Ave, Brooklyn, NY 11207	40.6704671	-73.8904987	0.238901423725	5	0.22601022076	5	0.25751278475	5	4	2	780	436000	12	1900	1930	124	20	102	104	103	49	38	19	48	49	24	245
55677049_zpid	55677049_zpid	11207	433 Alabama Ave, Brooklyn, NY 11207	40.665459	-73.896835	0.442717610278	4	0.203387169871	9	0.18774557852	5	3	1.5	1296	102000	200	3617	1998	194	11	114	117	131	21	38	12	34	36	16	198
30747849_zpid	30747849_zpid	11235	2421 E 15th St, Brooklyn, NY 11235	40.5916415	-73.954833	0.192958843137	12	0.328481926148	4	0.402207870178	2	4	2.5	3375	725000	30	3375	1960	50	11	8	20	16	31	21	22	16	5	3	69
30701392_zpid	30701392_zpid	11209	271 94th St, Brooklyn, NY 11209	40.6182779	-74.033737	0.155354100104	10	0.203542435944	4	0.315204987186	2	5	3	3200	1130000	14	2000	1910	217	42	29	40	35	76	42	34	9	10	8	173
30693902_zpid	30693902_zpid	11209	7202 Narrows Ave, Brooklyn, NY 11209	40.6353719	-74.03534	0.307667353802	6	0.67337033817	2	1.01160552752	0	6	4	3553	1475000	0	1992	1925	40	6	7	14	7	30	20	72	10	2	2	44
29852897_zpid	29852897_zpid	10471	331 W 250th St, Bronx, NY 10471	40.896872	-73.902552	0.746405568692	1	0.944818835779	0	0.850732650007	0	6	3.5	3296	1825000	40	19166.4	1920	16	1	6	7	5	4	15	3	7	0	4	16
30589417_zpid	30589417_zpid	11238	924 Pacific St, Brooklyn, NY 11238	40.679693	-73.9630059	0.274945806153	13	0.358214102272	4	0.53946205577	4	5	2	2280	1325000	3	2118	1910	141	191	55	107	73	54	51	41	43	25	25	242
30668262_zpid	30668262_zpid	11226	459 Rugby Rd, Brooklyn, NY 11226	40.638439	-73.964545	0.32564047563	10	0.357513076545	8	0.282418808875	3	5	3	2104	2150000	0	4000	1905	100	30	42	44	38	26	19	12	18	15	2	102
30647299_zpid	30647299_zpid	11208	710 Shepherd Ave, Brooklyn, NY 11208	40.66675	-73.878716	0.110983477242	6	0.283795436906	3	0.425112706227	1	5	2	1920	646000	4	2500	1930	388	40	320	340	240	112	136	40	104	160	64	576
30747633_zpid	30747633_zpid	11235	2448 E 12th St, Brooklyn, NY 11235	40.590537	-73.959016	0.326985305982	11	0.500996045826	5	0.57718501906	2	4	2	2560	275000	115	2700	1930	164	52	28	88	52	152	92	104	76	24	8	264
30747633_zpid	30747633_zpid	11235	2448 E 12th St, Brooklyn, NY 11235	40.590537	-73.959016	0.326985305982	11	0.500996045826	4	0.57718501906	2	4	2	2560	275000	115	2700	1930	164	52	28	88	52	152	92	104	76	24	8	264
30590567_zpid	30590567_zpid	11238	760 Washington Ave, Brooklyn, NY 11238	40.67521	-73.96353	0.137573714901	14	0.11482252802	4	0.384107167683	5	2	1	850	450000	65	1110	1901	225	172	91	116	109	28	40	44	45	47	13	230
30712189_zpid	30712189_zpid	11214	22 Bay 20th St, Brooklyn, NY 11214	40.606069	-74.001857	0.348083373124	13	0.095171143054	7	0.210086266802	2	5	3.25	1900	600000	33	2417	1930	91	25	30	46	22	57	45	37	27	16	5	160
29835032_zpid	29835032_zpid	10466	3731 Rombouts Ave, Bronx, NY 10466	40.887329	-73.830541	0.181520324301	2	0.183097406507	2	0.110868056924	1	4	2	1372	330000	117	1795	1925	18	8	11	14	1	18	22	14	19	5	1	57
29788219_zpid	29788219_zpid	10458	227 E 204th St, Bronx, NY 10458	40.874645	-73.885049	0.0569155961926	11	0.122791360719	4	0.343845813493	4	6	4	2472	290000	13	2060	1931	412	25	41	66	40	20	13	8	9	21	9	112
30642341_zpid	30642341_zpid	11208	142 Autumn Ave, Brooklyn, NY 11208	40.68689	-73.871228	0.154705861361	6	0.322080790285	5	0.357497871923	3	7	5	3940	610000	23	3940	1899	91	37	63	82	46	74	39	16	56	41	7	197
30637447_zpid	30637447_zpid	11208	104 Essex St, Brooklyn, NY 11208	40.681948	-73.883526	0.205706416361	7	0.212387644246	3	0.241755915035	2	6	2	2100	418500	29	2178	1910	74	33	47	55	46	48	32	22	32	20	14	139
30634034_zpid	30634034_zpid	11207	158 Miller Ave, Brooklyn, NY 11207	40.677389	-73.892721	0.235779142694	6	0.230363545552	5	0.102899524855	5	5	4	1660	540500	36	3484	1901	121	45	86	107	63	96	49	49	50	44	14	211
30602972_zpid	30602972_zpid	11221	737 Lexington Ave, Brooklyn, NY 11221	40.690128	-73.931584	0.373481085607	9	0.416434577323	4	0.427400529361	1	8	3	3000	350000	136	2000	1899	864	260	432	540	488	220	124	68	144	240	180	1116
30602972_zpid	30602972_zpid	11221	737 Lexington Ave, Brooklyn, NY 11221	40.690128	-73.931584	0.373481085607	10	0.416434577323	4	0.427400529361	1	8	3	3000	350000	136	2000	1899	864	260	432	540	488	220	124	68	144	240	180	1116
30750162_zpid	30750162_zpid	11235	2823 Voorhies Ave, Brooklyn, NY 11235	40.587386	-73.940575	0.247203827673	7	0.4478521332	2	1.14932050009	0	5	3	2300	563500	25	2200	1950	24	12	16	24	13	36	21	27	35	4	5	94
30595730_zpid	30595730_zpid	11213	1503 Dean St, Brooklyn, NY 11213	40.676442	-73.938237	0.269505164841	9	0.367746844719	6	0.446035335055	2	8	3	2520	1200000	0	1600	1910	171	39	74	80	75	35	26	8	32	36	12	171
29791739_zpid	29791739_zpid	10473	2270 Lacombe Ave, Bronx, NY 10473	40.8170069	-73.844875	0.347659982441	3	0.227705511232	2	2.00638989327	0	3	2	1538	379000	0	2757	1960	52	12	48	8	8	40	20	12	28	12	12	160
30587171_zpid	30587171_zpid	11215	178 8th Ave, Brooklyn, NY 11215	40.671059	-73.975146	0.202988005627	13	0.263498502442	4	0.593188961839	3	5	5	4668	8500000	0	1856	1901	25	37	6	25	14	14	59	34	22	6	12	163
30621328_zpid	30621328_zpid	11222	215 N Henry St, Brooklyn, NY 11222	40.726607	-73.944018	0.209651169385	12	0.405725757182	2	0.65054565636	1	3	2	3492	1549000	17	2000	1910	88	132	80	140	36	72	128	68	76	36	48	472
29798720_zpid	29798720_zpid	10460	1463 Saint Lawrence Ave, Bronx, NY 10460	40.836787	-73.868423	0.279839013794	8	0.36802704634	4	0.591443368166	2	6	3	3164	335000	137	1576	1920	195	17	80	98	100	39	19	8	33	34	13	129
30775712_zpid	30775712_zpid	11236	10519 Flatlands 1st St, Brooklyn, NY 11236	40.645854	-73.891837	0.255618477678	2	0.220203036479	3	0.83259598965	0	4	2.5	2507	425000	43	2530	1960	39	6	18	14	12	23	10	2	13	9	7	73
30664136_zpid	30664136_zpid	11210	3704 Farragut Rd, Brooklyn, NY 11210	40.636475	-73.941032	0.528684143478	1	0.55673869166	2	0.689861071502	2	4	3	1650	495000	4	1900	1930	124	8	105	101	98	40	20	8	31	27	6	172
30629954_zpid	30629954_zpid	11207	1162 Halsey St, Brooklyn, NY 11207	40.690357	-73.910312	0.157701189971	9	0.668845904045	2	0.55783934052	2	6	4	3240	325000	29	1742	1925	464	124	344	440	324	88	96	68	160	228	84	792
30573184_zpid	30573184_zpid	11231	192 W 9th St, Brooklyn, NY 11231	40.674781	-73.998619	0.12370686887	8	0.471666732664	1	0.11551931779	1	2	2.5	4000	2071000	33	1875	1901	80	100	24	40	24	56	148	32	44	12	24	356
30605656_zpid	30605656_zpid	11233	330 Macdonough St, Brooklyn, NY 11233	40.681919	-73.933559	0.152501963756	9	0.1558132073	5	0.371446255747	2	6	3	2565	2200000	0	1900	1910	93	51	68	85	55	10	21	5	27	26	18	129
30603701_zpid	30603701_zpid	11221	577 Madison St, Brooklyn, NY 11221	40.686808	-73.934349	0.227389183325	8	0.35766388674	4	0.864481068004	0	2	2	4000	900000	5	2000	1901	196	33	90	137	76	45	31	12	34	49	29	206
30723877_zpid	30723877_zpid	11230	789 E 17th St, Brooklyn, NY 11230	40.631317	-73.9603039	0.154164742582	7	0.409618455159	6	0.254258970879	3	7	5	3600	1295200	126	5000	1902	96	21	77	76	84	40	30	34	19	18	5	107
30738273_zpid	30738273_zpid	11223	2228 E 8th St, Brooklyn, NY 11223	40.5952089	-73.962786	0.293535384595	11	0.342987364633	5	0.644537167811	2	3	1	1168	1175000	2	3013	1930	27	17	7	24	12	24	34	16	10	4	3	55
30671167_zpid	30671167_zpid	11218	67 E 4th St, Brooklyn, NY 11218	40.651127	-73.977624	0.217670714424	9	0.0865736233341	2	0.215644491817	1	3	4	1412	1599000	29	3179	1899	104	96	64	116	68	120	108	132	72	16	16	272
30671167_zpid	30671167_zpid	11218	67 E 4th St, Brooklyn, NY 11218	40.651127	-73.977624	0.217670714424	9	0.627344708209	1	0.215644491817	1	3	4	1412	1599000	29	3179	1899	104	96	64	116	68	120	108	132	72	16	16	272
30769131_zpid	30769131_zpid	11236	967 E 80th St, Brooklyn, NY 11236	40.634419	-73.911555	0.167611911448	6	0.17649036143	3	1.58967786588	0	4	2.5	2760	500604	24	2000	1960	36	7	18	18	8	69	28	11	24	12	8	86
30620921_zpid	30620921_zpid	11222	967 Lorimer St, Brooklyn, NY 11222	40.724777	-73.952663	0.0796201158828	15	0.355033933998	4	0.117991903321	2	5	2.5	1638	1400000	0	938	1901	172	276	72	168	64	112	124	96	64	60	40	700
30620921_zpid	30620921_zpid	11222	967 Lorimer St, Brooklyn, NY 11222	40.724777	-73.952663	0.0796201158828	14	0.355033933998	4	0.117991903321	2	5	2.5	1638	1400000	0	938	1901	172	276	72	168	64	112	124	96	64	60	40	700
30771182_zpid	30771182_zpid	11236	1221 E 84th St, Brooklyn, NY 11236	40.632125	-73.904166	0.673566834902	2	0.685590309064	1	1.62915008525	0	7	3.5	2820	614500	2	2000	1960	220	32	72	108	48	260	112	32	112	28	36	304
29844069_zpid	29844069_zpid	10465	1603 Stadium Ave, Bronx, NY 10465	40.846393	-73.820455	0.812848386938	0	0.488853911488	1	0.917671297726	0	3	2.5	1275	510000	9	2700	1960	4	12	16	16	0	56	108	60	32	4	0	124
30719209_zpid	30719209_zpid	11204	1540 W 9th St, Brooklyn, NY 11204	40.609282	-73.983131	0.116989135948	14	0.214683986562	7	0.308184329833	2	3	2.5	1440	877000	7	2700	1925	572	104	152	200	256	292	84	136	76	48	28	504
30692983_zpid	30692983_zpid	11209	7043 Colonial Rd, Brooklyn, NY 11209	40.635567	-74.031634	0.11505749152	9	0.359596954201	3	0.700717838561	1	5	2	2340	960000	20	2400	1930	476	44	96	136	112	164	108	384	76	36	12	412
30612903_zpid	30612903_zpid	11238	391 Classon Ave, Brooklyn, NY 11238	40.687681	-73.959515	0.332013315908	10	0.327707219815	6	0.1407198628	3	5	3	2565	1650000	28	1428	1905	81	87	42	65	38	15	27	13	34	11	20	103
30661056_zpid	30661056_zpid	11203	444 E 42nd St, Brooklyn, NY 11203	40.644611	-73.93763	0.443861157938	3	0.600721982835	2	0.958437942042	0	2	1	1808	437500	4	2151	1945	20	5	4	6	9	25	13	3	13	6	0	51
30606355_zpid	30606355_zpid	11233	258 Bainbridge St, Brooklyn, NY 11233	40.681215	-73.926614	0.283852188352	6	0.362517792912	3	0.403901580251	2	6	3	1744	150000	11	1601	1899	151	69	113	142	89	20	19	13	48	50	27	205
29779847_zpid	29779847_zpid	10459	812 E 168th St, Bronx, NY 10459	40.828432	-73.898912	0.338037472427	5	0.367719540232	7	0.625566469001	3	10	8	3654	750000	0	3358	1910	158	66	95	118	96	16	14	4	24	42	23	145
30620551_zpid	30620551_zpid	11222	171 Meserole Ave, Brooklyn, NY 11222	40.728309	-73.949831	0.149688780861	16	0.205864230566	4	0.409558501307	2	2	1	2988	195000	200	3125	1920	55	65	25	48	21	33	33	37	18	18	16	183
29854081_zpid	29854081_zpid	10463	640 W 238th St, Bronx, NY 10463	40.888722	-73.91251	0.339310471007	8	0.457849926877	1	1.07860104991	0	5	4.5	3160	1100000	30	5171	1928	49	14	8	15	7	6	25	5	10	0	4	53
30765691_zpid	30765691_zpid	11234	1488 E 57th St, Brooklyn, NY 11234	40.617285	-73.920179	0.248001500816	8	0.90987509937	0	2.89496595443	0	3	2	1280	437000	35	1900	1933	19	11	11	8	11	30	30	16	24	5	7	123
