29827659_zpid	29827659_zpid	10469	935 E 216th St, Bronx, NY 10469	40.879447	-73.856803	0.569838976622	4	0.741644486746	1	0.697571811905	1	7	5	4092	268000	29	118047600	1935	68	6	38	47	34	57	5	5	24	14	11	81
29783118_zpid	29783118_zpid	10460	775 Fairmount Pl, Bronx, NY 10460	40.843088	-73.889273	0.185795486146	9	0.195476082549	3	0.658533753315	1	6	2	2350	524000	0	2758	1925	190	11	92	78	83	13	12	5	31	29	17	136
30615857_zpid	30615857_zpid	11217	107 Saint Felix St, Brooklyn, NY 11217	40.6863436	-73.9770444	0.113807374746	10	0.114797084025	1	0.169315220675	9	2	1.5	3525	1950000	39	1750	1899	67	88	28	48	17	21	34	40	30	18	25	195
30730368_zpid	30730368_zpid	11214	163 Bay 38th St, Brooklyn, NY 11214	40.594996	-73.991057	0.400379865228	6	0.434981950527	5	0.467538780651	1	4	3	2262	998000	6	2900	1930	124	28	64	88	40	176	152	92	92	40	12	324
30656415_zpid	30656415_zpid	11203	561 E 55th St, Brooklyn, NY 11203	40.643803	-73.924387	0.194082430145	3	0.85960730623	0	1.92985145906	0	4	2.5	1929	418700	3	1800	1940	99	19	19	16	17	22	30	6	8	9	6	80
30748927_zpid	30748927_zpid	11235	2575 E 19th St, Brooklyn, NY 11235	40.588723	-73.950306	0.186835666354	10	0.180412883896	3	0.383716067906	1	3	1.5	1785	202000	270	1680	1930	57	16	12	37	11	43	40	33	35	13	5	157
29781109_zpid	29781109_zpid	10474	889 Faile St, Bronx, NY 10474	40.819435	-73.888047	0.165833722563	8	0.301883903777	5	0.269802913112	2	7	2	2370	450000	25	2500	1899	139	10	87	83	73	13	17	11	30	24	13	126
30762487_zpid	30762487_zpid	11234	1286 E 55th St, Brooklyn, NY 11234	40.625422	-73.923019	0.206949702306	8	0.382305050678	2	2.23800874388	0	3	3	1058	385000	7	4000	1955	76	60	84	48	40	200	100	104	76	52	36	324
29834602_zpid	29834602_zpid	10466	3600 Palmer Ave, Bronx, NY 10466	40.883302	-73.837433	0.886628439872	0	0.402568409804	2	0.414571586845	1	9	3	3372	625000	15	4098	1989	9	7	5	3	1	11	5	6	6	3	1	28
30637040_zpid	30637040_zpid	11208	83 Highland Pl, Brooklyn, NY 11208	40.6834242	-73.881454	0.214642869063	6	0.271748318831	2	0.254053012791	3	3	1	1320	395000	8	1001	1910	87	33	55	59	61	48	30	23	40	24	12	162
30786430_zpid	30786430_zpid	11234	2123 E 35th St, Brooklyn, NY 11234	40.607307	-73.929518	0.390635652638	3	0.776524516358	0	2.3962830495	0	2	3	1088	472000	2	1600	1950	0	7	3	2	2	15	15	18	15	0	2	38
83178345_zpid	83178345_zpid	10456	581 E 168th St, Bronx, NY 10456	40.8306474	-73.903843	0.217532412564	7	0.218797445671	8	1.01284149941	0	6	4	3496	485000	67	3702	2009	348	22	138	157	119	46	14	16	27	49	27	251
30623049_zpid	30623049_zpid	11211	167 Devoe St, Brooklyn, NY 11211	40.714049	-73.943772	0.200996431393	12	0.0330286697842	4	0.0621418794733	4	5	3	3210	2100000	10	2500	1901	37	98	24	64	32	37	54	7	29	15	20	202
30656026_zpid	30656026_zpid	11203	746 E 48th St, Brooklyn, NY 11203	40.6431929	-73.93171	0.200716757116	5	0.759556703575	0	1.4557071482	0	4	2.5	1504	425000	21	2000	1925	33	19	13	16	11	37	27	9	17	13	6	105
30757880_zpid	30757880_zpid	11210	874 E 40th St, Brooklyn, NY 11210	40.634006	-73.938452	0.462626368926	1	0.521312134553	1	0.787215007614	0	3	1.5	1392	400000	58	4000	1930	26	5	16	19	16	24	19	13	16	10	2	63
30771166_zpid	30771166_zpid	11236	1261 E 84th St, Brooklyn, NY 11236	40.631441	-73.9033989	0.689516407627	2	0.634665440008	1	1.69855017438	0	5	3	2820	224000	258	2000	1960	256	40	92	112	48	260	100	36	132	28	48	320
30709391_zpid	30709391_zpid	11228	1351 82nd St, Brooklyn, NY 11228	40.615722	-74.010035	0.335147586759	5	0.505901293868	2	0.833935902294	0	6	3	3036	1299000	0	3100	1925	7	18	3	17	0	25	45	33	23	6	2	56
30792818_zpid	30792818_zpid	11229	2139 Gerritsen Ave, Brooklyn, NY 11229	40.602762	-73.935733	0.155111595519	5	0.22270873128	3	1.7499381744	0	2	2	1470	540000	13	1742	1930	15	7	5	6	3	11	28	15	7	0	3	44
29791337_zpid	29791337_zpid	10473	425 Bolton Ave, Bronx, NY 10473	40.814123	-73.8579139	0.592926647503	2	0.837605378133	0	2.10095879514	0	2	1	1575	200000	49	4791	1915	38	9	15	35	10	36	11	15	15	20	8	92
30673156_zpid	30673156_zpid	11218	211 Beverley Rd, Brooklyn, NY 11218	40.6431309	-73.977823	0.0649649230662	11	0.159833962504	10	0.18658625809	1	3	1.5	1800	699000	0	2114	1930	143	43	45	66	47	62	59	42	24	19	15	198
30683057_zpid	30683057_zpid	11204	1915 Bay Ridge Ave, Brooklyn, NY 11204	40.615483	-73.9898259	0.204379140582	10	0.338859826403	7	0.458828594595	2	6	2	1000	1588000	0	3000	1925	268	64	144	236	116	224	164	168	100	52	32	636
30683057_zpid	30683057_zpid	11204	1915 Bay Ridge Ave, Brooklyn, NY 11204	40.615483	-73.9898259	0.204379140582	9	0.338859826403	7	0.458828594595	2	6	2	1000	1588000	0	3000	1925	268	64	144	236	116	224	164	168	100	52	32	636
30599694_zpid	30599694_zpid	11233	365 Bainbridge St, Brooklyn, NY 11233	40.6822299	-73.921982	0.427135865284	8	0.41669156055	2	0.390652709878	2	2	1	2409	445000	145	1867	1899	199	55	125	154	115	23	27	14	55	84	24	246
30792975_zpid	30792975_zpid	11229	2254 Plumb 2nd St, Brooklyn, NY 11229	40.597479	-73.931877	0.477305814536	6	0.455890690115	1	1.98374598167	0	2	1	980	320000	37	1742	1935	68	72	4	28	8	36	88	32	68	12	8	176
30660892_zpid	30660892_zpid	11203	435 E 35th St, Brooklyn, NY 11203	40.6444	-73.943764	0.145918708196	4	0.332413001197	3	0.445622597103	2	6	3	1920	625000	18	4000	1930	448	40	300	196	260	136	60	24	92	64	52	340
30786927_zpid	30786927_zpid	11234	2037 E 53rd Pl, Brooklyn, NY 11234	40.611779	-73.921933	0.493648707406	3	1.22026700927	0	3.05198740746	0	4	3	1330	585000	6	1983	1960	11	6	8	10	7	30	23	15	15	4	6	93
29842950_zpid	29842950_zpid	10461	1555 Jarvis Ave, Bronx, NY 10461	40.843698	-73.828003	0.151369636883	5	0.216591695709	1	0.517548550903	2	4	2	2432	275000	155	2375	1925	129	12	26	50	33	38	32	16	10	21	10	113
30619114_zpid	30619114_zpid	11249	105 S 2nd St, Brooklyn, NY 11249	40.713875	-73.963292	0.122409417608	10	0.35656620899	4	0.654303378847	1	2	1.5	2205	290000	146	1344	1899	25	91	7	27	6	30	19	20	22	3	8	107
30735949_zpid	30735949_zpid	11223	2110 E 2nd St, Brooklyn, NY 11223	40.5979529	-73.97005	0.574826426	3	0.518817402229	4	0.349850727408	2	3	4.5	3816	2300000	5	2800	1925	29	16	10	20	4	30	28	63	24	5	5	86
79717163_zpid	79717163_zpid	11234	22 Harbor Dr, Brooklyn, NY 11234	40.6099973	-73.9148089	0.679561314275	2	0.926241018022	0	3.63743857156	0	4	5.5	4313	1145531	4	6031	2007	4	5	2	5	4	18	3	21	18	2	1	24
30705091_zpid	30705091_zpid	11204	1763 74th St, Brooklyn, NY 11204	40.614662	-73.995999	0.185400103052	13	0.0742341899883	7	0.410522344241	2	4	2	2354	777000	3	1700	1910	84	56	36	160	32	172	108	88	48	20	20	280
30705091_zpid	30705091_zpid	11204	1763 74th St, Brooklyn, NY 11204	40.614662	-73.995999	0.119051415058	15	0.0742341899883	7	0.410522344241	2	4	2	2354	777000	3	1700	1910	84	56	36	160	32	172	108	88	48	20	20	280
30761211_zpid	30761211_zpid	11234	1239 E 55th St, Brooklyn, NY 11234	40.626619	-73.922542	0.283937761399	6	0.471328070255	2	2.23062798576	0	6	3	2500	353544	41	2918	1960	27	14	26	22	18	50	22	24	19	20	8	89
2099423052_zpid	2099423052_zpid	11218	141 East 8th Street, Brooklyn, NY 11218	40.6468052	-73.9720366	0.147657521896	12	0.727245916352	1	0.458453607737	3	4	3	2000	1250000	0	3750	1900	128	37	48	68	53	33	32	27	27	22	9	153
30641147_zpid	30641147_zpid	11207	620 Ashford St, Brooklyn, NY 11207	40.66679	-73.883557	0.0497806479796	7	0.125409116096	3	0.0560083059046	2	6	2	1800	570009	79	1800	1932	77	9	51	39	32	22	24	9	29	26	13	120
30621844_zpid	30621844_zpid	11222	35 Sutton St, Brooklyn, NY 11222	40.724043	-73.940715	0.20837357207	8	0.288099211188	1	0.893489220538	0	6	3	1700	1100000	26	1725	1910	104	132	84	152	52	48	144	112	112	24	56	576
30636530_zpid	30636530_zpid	11207	133 Sunnyside Ave, Brooklyn, NY 11207	40.681745	-73.892291	0.264443975824	3	0.171946640302	3	0.44505064062	2	4	1	2890	800	39	2300	1910	81	33	49	57	40	56	40	36	31	23	8	121
30780468_zpid	30780468_zpid	11234	1244 E 73rd St, Brooklyn, NY 11234	40.626187	-73.912807	0.759658058108	0	0.662399943029	1	2.45921361768	0	7	6	3013	174500	274	2100	1970	72	12	36	28	24	180	48	80	48	16	24	244
29853705_zpid	29853705_zpid	10471	6031 Spencer Ave, Bronx, NY 10471	40.908594	-73.899239	0.398963960161	5	0.399877467908	6	1.35367425887	0	3	2	1625	800000	23	14810.400000000001	1945	12	10	7	10	5	17	29	10	16	2	4	47
29778868_zpid	29778868_zpid	10455	643 Eagle Ave, Bronx, NY 10455	40.816772	-73.910998	0.362364390683	9	0.234461065073	9	0.270659424566	2	6	3	1840	390000	55	2764	1901	190	30	52	77	57	22	26	7	33	28	17	185
29827388_zpid	29827388_zpid	10467	818 E 222nd St, Bronx, NY 10467	40.884316	-73.858146	0.278475270764	4	0.345097922075	1	0.388090149555	2	5	2	2695	430000	46	2221	1960	93	5	47	63	46	50	9	2	20	32	4	95
30779527_zpid	30779527_zpid	11236	1445 E 103rd St, Brooklyn, NY 11236	40.637663	-73.885811	0.488651219288	5	0.537855482534	2	1.68439863705	0	6	3	2420	300000	199	2675	1965	16	4	13	12	2	8	8	4	13	2	2	35
112080019_zpid	112080019_zpid	11249	162 N 12th St APT 2D, Brooklyn, NY 11249	40.7208641	-73.9555615	0.0890540249152	11	0.21295604998	3	0.379124914178	2	1	1	676	450000	56	5000	2011	232	220	24	48	8	104	60	48	36	152	4	292
112080019_zpid	112080019_zpid	11249	162 N 12th St APT 2D, Brooklyn, NY 11249	40.7208641	-73.9555615	0.0890540249152	12	0.21295604998	3	0.379124914178	2	1	1	676	450000	56	5000	2011	232	220	24	48	8	104	60	48	36	152	4	292
30662318_zpid	30662318_zpid	11203	577 E 35th St, Brooklyn, NY 11203	40.640801	-73.943368	0.296378573642	2	0.430680087374	4	0.435984895328	2	3	1	1280	490000	1	2500	1935	436	28	252	248	236	140	72	24	72	100	36	392
30662318_zpid	30662318_zpid	11203	577 E 35th St, Brooklyn, NY 11203	40.640801	-73.943368	0.296378573642	1	0.430680087374	4	0.435984895328	2	3	1	1280	490000	1	2500	1935	436	28	252	248	236	140	72	24	72	100	36	392
30636957_zpid	30636957_zpid	11208	53 Shepherd Ave, Brooklyn, NY 11208	40.6837	-73.882417	0.270469632981	6	0.335588473739	3	0.324473818594	3	6	3	1596	545900	112	2045	1910	308	116	184	216	204	160	112	88	144	76	48	556
2104129713_zpid	2104129713_zpid	11211	20 Bayard St APT 7B, Brooklyn, NY 11211	40.7186655	-73.951627	0.104182933994	19	0.232887849849	1	0.506259724884	4	1	1	657	875000	4	12632.4	2007	17	95	9	45	9	18	25	15	11	4	11	104
30572786_zpid	30572786_zpid	11215	297 3rd Ave, Brooklyn, NY 11215	40.676738	-73.986288	0.44623473915	12	0.280928247668	4	0.27590754403	2	3	2	2400	1888000	0	1559	1899	36	42	15	23	15	23	24	31	9	5	9	77
30636678_zpid	30636678_zpid	11207	9 Van Siclen Ct, Brooklyn, NY 11207	40.680963	-73.892019	0.193885833193	4	0.0987282026111	4	0.355966578424	3	4	2	1440	375000	17	1400	1920	368	148	240	252	176	260	172	144	160	120	44	568
29850370_zpid	29850370_zpid	10464	4 Carroll St, Bronx, NY 10464	40.8448611	-73.7896923	0.391184108183	3	3.04383048962	0	3.2747705627	0	1	1	500	340000	134	4356	1920	52	48	16	20	12	4	132	32	16	8	84	160
29850370_zpid	29850370_zpid	10464	4 Carroll St, Bronx, NY 10464	40.8448611	-73.7896923	0.391184108183	3	2.80905446518	0	3.2747705627	0	1	1	500	340000	134	4356	1920	52	48	16	20	12	4	132	32	16	8	84	160
30671944_zpid	30671944_zpid	11218	1342 40th St, Brooklyn, NY 11218	40.639118	-73.985775	0.275512118047	4	0.148396746388	8	0.718851448635	2	6	3	2040	1200000	7	2003	1899	28	15	28	36	17	48	44	34	8	10	3	110
29851452_zpid	29851452_zpid	10475	3529 Ropes Ave, Bronx, NY 10475	40.888633	-73.818749	0.941336366066	0	0.420135039142	1	1.0176993139	0	3	1	2200	360000	25	3005	1965	0	0	0	1	0	2	2	4	0	0	1	3
30632264_zpid	30632264_zpid	11212	202 Tapscott St, Brooklyn, NY 11212	40.662972	-73.92005	0.0219632228349	9	0.130830516363	7	0.301312874425	2	8	4	3744	115000	294	2450	1930	467	15	170	174	155	38	38	9	43	59	20	245
30777347_zpid	30777347_zpid	11236	1230 E 99th St, Brooklyn, NY 11236	40.639048	-73.893131	0.213195288539	8	0.253040651006	3	1.12217881221	0	3	2	1323	377000	7	2265120	1960	38	10	29	27	12	37	20	13	13	14	2	76
30613885_zpid	30613885_zpid	11238	395 Grand Ave, Brooklyn, NY 11238	40.68397	-73.961574	0.151042560139	11	0.13226256747	5	0.443198467288	5	4	3	3600	3050000	15	2030	1901	151	180	78	130	80	47	60	21	49	21	40	225
29784362_zpid	29784362_zpid	10457	2186 Washington Ave, Bronx, NY 10457	40.8539541	-73.893975	0.172584432521	15	0.430675778511	8	0.617442193973	1	8	3	2640	460000	35	1505	1901	220	18	77	110	81	15	9	12	25	26	15	196
30611281_zpid	30611281_zpid	11216	75 Herkimer St, Brooklyn, NY 11216	40.679922	-73.950816	0.247567478501	11	0.155801742968	9	0.117803142469	4	6	4.5	5275	1200000	9	2500	1899	287	169	124	179	143	28	56	21	61	67	41	290
30588037_zpid	30588037_zpid	11215	564 9th St, Brooklyn, NY 11215	40.6647729	-73.977796	0.132370209038	12	0.447253613704	2	0.269619801317	2	4	3	3120	2785000	3	1600	1910	41	38	17	26	11	9	40	25	16	5	4	100
30694604_zpid	30694604_zpid	11209	540 73rd St, Brooklyn, NY 11209	40.630263	-74.021016	0.132631722314	15	0.199659186369	6	0.384074197883	2	5	2	3120	1499000	0	1917	1915	47	21	31	36	17	35	49	43	23	11	4	121
30787752_zpid	30787752_zpid	11234	2671 E 66th St, Brooklyn, NY 11234	40.606339	-73.909735	1.08098848864	0	1.21370169698	0	3.98208610928	0	4	2	2300	1400000	10	7000	1965	3	5	1	7	2	16	7	26	19	2	1	30
68313824_zpid	68313824_zpid	11237	131 Wilson Ave, Brooklyn, NY 11237	40.700996	-73.925711	0.0128320530197	13	0.239581289424	5	0.377292307883	4	8	5	3200	1100000	10	1887	2003	187	111	127	175	143	32	24	5	50	72	30	306
30725618_zpid	30725618_zpid	11230	1397 E 17th St, Brooklyn, NY 11230	40.616248	-73.957445	0.234093009445	7	0.28159603017	7	0.224768956685	1	3	2	1564	550000	76	2400	1930	142	22	52	87	53	75	37	32	18	14	3	157
30737930_zpid	30737930_zpid	11223	2250 E 1st St, Brooklyn, NY 11223	40.5939003	-73.9699928	0.356441375009	4	0.734101644484	1	0.372594608077	3	3	2.5	1728	555000	37	2003	1930	51	9	18	32	13	46	41	37	25	7	6	115
30735592_zpid	30735592_zpid	11223	2050 W 4th St, Brooklyn, NY 11223	40.597466	-73.976026	0.11382333245	3	0.13559671645	4	0.262958102123	4	2	3	1440	660000	27	2000	1930	39	22	11	37	8	54	23	53	29	3	6	103
30752710_zpid	30752710_zpid	11210	1931 New York Ave, Brooklyn, NY 11210	40.625499	-73.943423	0.297663952978	4	0.4221769922	3	0.891141309049	0	3	1	1446	498500	14	1900	1935	134	14	67	57	52	82	53	22	33	17	10	143
30748307_zpid	30748307_zpid	11235	2430 E 28th St, Brooklyn, NY 11235	40.592756	-73.942697	0.167744406004	13	0.206980646154	3	1.08942542932	0	3	1.5	3128	775000	14	2200	1945	47	12	13	11	7	16	18	23	17	2	1	55
29839435_zpid	29839435_zpid	10470	4620 Richardson Ave, Bronx, NY 10470	40.902925	-73.85176	0.448553716353	5	0.179720911015	1	0.0984666277464	3	3	2	1394	172500	195	3049	1915	141	12	77	67	68	28	22	5	26	31	4	139
30721426_zpid	30721426_zpid	11223	1723 W 12th St, Brooklyn, NY 11223	40.604725	-73.984335	0.237280220873	8	0.50367522505	5	0.348184161559	1	5	5.5	5200	225000	242	4000	1910	62	19	27	14	23	53	21	24	12	7	5	78
30619129_zpid	30619129_zpid	11211	149 S 2nd St, Brooklyn, NY 11211	40.713233	-73.961651	0.0476700968881	11	0.295643299259	4	0.616343180961	2	3	1	2800	855000	135	873	1910	117	216	79	126	56	25	37	20	33	30	27	250
29783181_zpid	29783181_zpid	10460	1820 Waterloo Pl, Bronx, NY 10460	40.84017	-73.8875542	0.340065346822	11	0.293852913876	4	0.321179933349	2	4	1	1193	285000	43	1625	1910	209	26	111	111	98	18	20	3	30	31	17	183
30778628_zpid	30778628_zpid	11236	1319 E 102nd St, Brooklyn, NY 11236	40.639264	-73.888908	0.548117160318	4	0.37578598933	2	1.36813361796	0	3	1.5	4200	460000	7	4167	1960	116	16	80	84	16	68	68	32	56	28	8	248
30781656_zpid	30781656_zpid	11234	2045 E 59th St, Brooklyn, NY 11234	40.614859	-73.916672	0.163618206451	6	0.668295913649	1	3.2942217524	0	4	2	880	515000	116	2000	1955	8	9	9	6	6	29	18	9	16	4	4	59
30731050_zpid	30731050_zpid	11214	197 Bay 43rd St, Brooklyn, NY 11214	40.591321	-73.988896	0.268471911226	5	0.704219333265	1	0.51415056248	2	3	2	2156	724888	27	2134	1950	48	36	44	72	12	76	144	88	100	28	20	280
29847259_zpid	29847259_zpid	10465	3236 Hatting Pl, Bronx, NY 10465	40.81609	-73.802391	0.801433752032	0	1.35612992528	0	4.21031086601	0	3	2	1665	395000	8	2617	1960	2	1	3	1	0	1	9	6	5	0	0	18
30595831_zpid	30595831_zpid	11213	1722 Dean St, Brooklyn, NY 11213	40.67559	-73.930935	0.127002645968	9	0.299846239142	5	0.420479568667	1	3	2	1773	100000	195	1822	1920	140	15	65	68	63	36	20	5	18	19	11	138
83044369_zpid	83044369_zpid	11206	678 Willoughby Ave, Brooklyn, NY 11206	40.694439	-73.942169	0.178044737493	9	0.196432052884	3	0.590115299476	3	11	6	5060	400000	65	3100	2004	108	35	56	89	48	41	19	33	16	37	20	140
30599632_zpid	30599632_zpid	11233	217 Ralph Ave, Brooklyn, NY 11233	40.682225	-73.9222939	0.453033867731	8	0.407181044015	2	0.393649216968	2	2	1	5720	320000	187	2158	1910	201	53	126	155	120	26	25	15	56	86	26	252
30672449_zpid	30672449_zpid	11218	114 Louisa St, Brooklyn, NY 11218	40.6426019	-73.983525	0.256895554918	10	0.274982045817	7	0.362288147343	1	4	2	1504	465000	60	2325	1915	86	32	42	55	45	60	62	53	12	14	8	193
30792584_zpid	30792584_zpid	11235	2842 Brigham St, Brooklyn, NY 11235	40.584741	-73.932476	0.797367468031	0	0.899522608183	0	1.84836809647	0	3	2	3496	725000	54	3000	1970	52	12	22	29	28	24	15	5	20	9	1	71
29790362_zpid	29790362_zpid	10473	908 Harding Park, Bronx, NY 10473	40.8072469	-73.857371	1.00870411216	0	1.60411838723	0	2.83544597018	0	2	1	1378	175000	17	2178	1925	56	36	56	44	28	28	48	28	16	40	12	168
29850168_zpid	29850168_zpid	10464	63 Reynolds St, Bronx, NY 10464	40.841662	-73.786399	0.202324894582	3	3.33892909643	0	3.64897069738	0	2	2	1581	180000	269	4750	1925	64	48	20	24	12	8	116	36	36	12	64	124
30619953_zpid	30619953_zpid	11222	175 Java St, Brooklyn, NY 11222	40.731914	-73.953612	0.178297830779	12	0.113848010561	4	0.200313298715	1	3	2	1015	1220000	21	2500	1899	72	112	52	65	39	56	45	22	27	23	16	231
30752853_zpid	30752853_zpid	11210	1038 E 36th St, Brooklyn, NY 11210	40.62547	-73.941111	0.332612853519	3	0.590652991274	2	0.988340387329	0	5	2	1600	373275	22	435	1920	131	14	69	54	53	73	50	23	34	17	12	131
30763922_zpid	30763922_zpid	11234	1660 Kimball St, Brooklyn, NY 11234	40.6168819	-73.934721	0.38273437318	5	0.45055961053	3	2.08470379947	0	3	1	1200	445000	141	2260	1925	12	47	7	15	5	42	28	21	28	7	1	126
30732300_zpid	30732300_zpid	11224	3736 Polar St, Brooklyn, NY 11224	40.579943	-74.005158	0.477466236577	1	0.394810397148	1	2.04220051715	0	3	2	1520	251870	11	1306	1980	39	9	8	24	12	2	13	2	11	8	2	41
30694971_zpid	30694971_zpid	11209	454 74th St, Brooklyn, NY 11209	40.630588	-74.023421	0.10218935387	18	0.151998649438	5	0.200041307746	2	6	2	2640	880000	23	1840	1899	62	42	37	52	27	46	57	64	25	17	7	171
29782101_zpid	29782101_zpid	10453	1851 Harrison Ave, Bronx, NY 10453	40.851564	-73.913364	0.263523889653	10	0.292297636125	5	0.36788383331	5	7	3	2404	350000	6	2243	1910	692	57	252	265	246	92	35	12	114	70	30	380
29779628_zpid	29779628_zpid	10455	686 Union Ave, Bronx, NY 10455	40.816086	-73.903839	0.0639341283668	13	0.265013013226	8	0.337306144048	4	8	6	2868	190000	24	1765	1901	308	26	99	129	87	29	39	20	55	50	27	245
30733530_zpid	30733530_zpid	11224	2872 W 19th St, Brooklyn, NY 11224	40.576975	-73.986233	0.209892046321	2	0.322531055842	4	0.425670991698	1	3	4	1344	480000	3	3210	1993	328	56	168	208	140	68	120	44	44	104	28	420
29815901_zpid	29815901_zpid	10461	1864 Hutchinson River Pkwy, Bronx, NY 10461	40.8488407	-73.8357471	0.323177666436	8	0.475536079811	1	0.350317034483	2	6	3	3088	580000	2	3088	1920	66	13	16	11	15	24	15	11	10	8	5	65
30584408_zpid	30584408_zpid	11215	244A 7th St, Brooklyn, NY 11215	40.671579	-73.988286	0.0161668915488	13	0.380322349239	3	0.0814970644184	2	2	2	1575	1610000	16	1558	1901	61	72	28	55	14	34	53	42	25	17	17	197
30790898_zpid	30790898_zpid	11235	235 Coleridge St, Brooklyn, NY 11235	40.576323	-73.949661	0.278352504224	5	0.788102231648	0	0.993426848526	0	5	2	3200	900000	148	4000	1940	144	76	36	68	52	40	136	68	72	24	8	176
30762710_zpid	30762710_zpid	11234	1101 E 59th St, Brooklyn, NY 11234	40.626219	-73.9186859	0.329245665785	5	0.406994562176	1	2.55482821	0	7	4.5	2800	510000	45	3397	1955	22	7	22	12	12	54	15	33	16	18	6	95
29842007_zpid	29842007_zpid	10461	3219 Bruckner Blvd, Bronx, NY 10461	40.839388	-73.826217	0.610584525263	3	0.597451772412	2	0.984262485773	0	4	2	1648	489999	0	2700	1954	8	7	2	6	4	27	25	6	6	3	1	34
30780399_zpid	30780399_zpid	11234	1239 E 70th St, Brooklyn, NY 11234	40.625341	-73.913909	0.644690245681	3	0.660769688511	1	2.58200506408	0	8	5	3400	785000	36	4660	1970	21	4	13	13	9	50	12	22	16	10	6	82
30699415_zpid	30699415_zpid	11209	67 86th St, Brooklyn, NY 11209	40.62535	-74.037693	0.61852772713	6	0.767658591758	0	0.839433466215	0	5	2.25	3034	1425100	7	3852	1920	17	12	2	18	5	23	23	19	10	2	1	62
30742315_zpid	30742315_zpid	11229	1956 E 26th St, Brooklyn, NY 11229	40.603264	-73.946588	0.409915941992	3	0.450566202007	2	0.904451795097	0	3	1	1216	525000	19	2178	1930	31	19	13	27	10	43	38	14	26	1	3	121
30588082_zpid	30588082_zpid	11215	554 10th St, Brooklyn, NY 11215	40.66589	-73.98179	0.0825903545471	15	0.408666629676	7	0.132369301701	2	5	3	2430	2250000	8	1817	1910	67	65	24	53	21	31	67	39	28	8	17	182
30763593_zpid	30763593_zpid	11234	1275 E 58th St, Brooklyn, NY 11234	40.623455	-73.919319	0.184429200706	8	0.649676856316	2	2.61084410108	0	5	2.5	2200	593000	14	3000	1960	56	32	44	44	36	148	80	88	72	40	40	452
30611942_zpid	30611942_zpid	11205	593 Myrtle Ave, Brooklyn, NY 11205	40.6942779	-73.9604635	0.120969665683	9	0.382876853896	7	0.602586756368	1	1	1	4400	250000	208	1460	1905	56	83	31	58	29	48	33	40	30	11	23	187
29850112_zpid	29850112_zpid	10464	77 Buckley St, Bronx, NY 10464	40.839429	-73.786847	0.448794715008	1	3.33649070801	0	3.70726591327	0	3	2	1800	599000	13	4504	1930	11	5	4	3	3	1	15	3	8	3	8	20
