29815285_zpid	29815285_zpid	10461	1828 Haight Ave, Bronx, NY 10461	40.850474	-73.853475	0.18411709189	7	0.305390838234	1	0.732742795572	1	6	3	2997	553000	1	2500	1901	55	11	10	25	12	33	28	15	17	6	2	84
30645949_zpid	30645949_zpid	11208	1162 Sutter Ave, Brooklyn, NY 11208	40.672112	-73.875061	0.187820958139	8	0.166883118877	5	0.440845799864	2	7	4	3120	550000	7	2252	1930	171	20	102	106	88	56	39	11	23	60	20	177
30569536_zpid	30569536_zpid	11231	320 Court St, Brooklyn, NY 11231	40.6832609	-73.9956782	0.143733402733	15	0.350911228758	4	0.303077095854	2	4	4	6000	6850000	0	2000	1900	19	39	16	46	14	16	47	21	22	3	8	138
30602858_zpid	30602858_zpid	11221	764 Greene Ave, Brooklyn, NY 11221	40.689699	-73.937798	0.224087975795	6	0.304636124323	4	0.855099264512	0	6	3	3464	1350000	11	1925	1899	216	54	109	164	88	41	32	15	42	64	36	244
29831655_zpid	29831655_zpid	10466	665 E 223rd St, Bronx, NY 10466	40.887004	-73.862458	0.212353482623	5	0.156836777948	1	0.211147706718	2	6	2	2920	530000	0	2286	1960	258	17	82	111	100	56	19	5	31	59	11	171
30736829_zpid	30736829_zpid	11223	2132 W 5th St, Brooklyn, NY 11223	40.595731	-73.976629	0.110600029921	3	0.127055249279	3	0.279030371909	4	3	4	1440	760000	13	1900	1930	32	15	8	32	10	50	22	39	27	5	8	102
30747646_zpid	30747646_zpid	11235	2451 E 11th St, Brooklyn, NY 11235	40.590389	-73.9593	0.302483265867	11	0.506600559355	4	0.583409645625	2	6	3	2640	725000	26	2509	1920	164	52	28	88	52	160	100	104	76	28	8	268
30616383_zpid	30616383_zpid	11249	67 Division Ave, Brooklyn, NY 11249	40.7073492	-73.9663226	0.34360314834	5	0.434118808191	4	0.718757291025	1	4	3	2160	995000	20	788	1910	20	54	10	17	8	5	18	34	12	5	5	55
30791370_zpid	30791370_zpid	11235	1601 Oriental Blvd, Brooklyn, NY 11235	40.578656	-73.938751	0.615219381086	1	1.41459987589	0	1.59291999228	0	2	2	1634	595000	50	2482	1925	2	5	0	6	0	12	11	3	8	1	1	19
30775718_zpid	30775718_zpid	11236	10505 Flatlands 1st St, Brooklyn, NY 11236	40.645636	-73.892179	0.278974493152	4	0.244564425258	3	0.824668161691	0	4	2.5	2507	448000	14	2000	1960	156	28	92	60	52	96	48	12	52	36	28	308
30775718_zpid	30775718_zpid	11236	10505 Flatlands 1st St, Brooklyn, NY 11236	40.645636	-73.892179	0.278974493152	3	0.244564425258	3	0.824668161691	0	4	2.5	2507	448000	14	2000	1960	156	28	92	60	52	96	48	12	52	36	28	308
30793175_zpid	30793175_zpid	11229	2324 Plumb 1st St, Brooklyn, NY 11229	40.596218	-73.932576	0.348626809635	8	0.571652963172	2	1.91210829753	0	3	2.5	1512	370000	53	1800	1940	72	64	4	28	12	28	76	32	68	12	8	172
30679247_zpid	30679247_zpid	11230	4832 Bay Pkwy, Brooklyn, NY 11230	40.622721	-73.9732159	0.481436444726	6	0.522073573687	5	0.277785144855	2	4	1	1325	750000	25	6800	1930	35	6	6	18	3	17	35	18	10	1	2	48
30567103_zpid	30567103_zpid	11201	7 Doughty St, Brooklyn, NY 11201	40.7023849	-73.9946523	0.41906001907	8	0.558840132604	1	0.427929401606	3	2	2	1000	1780000	21	1074	1910	7	45	6	16	7	7	17	16	7	3	4	67
30640995_zpid	30640995_zpid	11207	559 Van Siclen Ave, Brooklyn, NY 11207	40.665951	-73.888409	0.354759665947	10	0.358669707888	8	0.0408336919703	3	5	3	2000	619999	0	1000	1901	245	22	151	141	140	33	36	10	65	78	24	260
30624560_zpid	30624560_zpid	11206	255 Boerum St, Brooklyn, NY 11206	40.7065378	-73.9373986	0.264129236187	9	0.402599237274	4	0.246318821647	3	2	1	1500	890000	19	1441	1920	48	170	31	32	20	20	27	11	14	12	9	115
30667808_zpid	30667808_zpid	11226	2141 Cortelyou Rd, Brooklyn, NY 11226	40.6441744	-73.9572697	0.102066085687	10	0.313358109096	4	0.610574377212	3	1	1	3630	590000	123	2356	1930	564	119	311	311	307	61	41	29	72	107	24	482
29850186_zpid	29850186_zpid	10464	74 Pell Pl, Bronx, NY 10464	40.84199	-73.78612	0.159326651121	3	2.99255464213	0	3.65871488116	0	3	2	1320	430000	42	3180	1925	16	12	5	6	3	2	32	10	9	3	18	33
30576961_zpid	30576961_zpid	11220	258 50th St, Brooklyn, NY 11220	40.648009	-74.015678	0.309692338712	9	0.318688096626	9	0.355517898422	2	7	2	2400	200000	167	2003	1915	59	23	43	64	33	34	45	22	28	21	6	147
30791405_zpid	30791405_zpid	11235	122 Oxford St, Brooklyn, NY 11235	40.580249	-73.938308	0.984779446972	0	1.24038559966	0	1.53049901272	0	4	4.5	2151	1425000	61	2500	2011	36	28	20	56	32	48	60	12	80	8	4	144
30791405_zpid	30791405_zpid	11235	122 Oxford St, Brooklyn, NY 11235	40.580249	-73.938308	0.441314171623	1	1.24038559966	0	1.53049901272	0	4	4.5	2151	1425000	61	2500	2011	36	28	20	56	32	48	60	12	80	8	4	144
30744589_zpid	30744589_zpid	11229	2150 E 19th St, Brooklyn, NY 11229	40.597947	-73.9526659	0.35917272229	11	0.199727013722	5	0.31425347425	2	4	4.5	1392	938000	34	4007	1930	115	33	36	31	53	67	41	25	26	15	7	163
29795724_zpid	29795724_zpid	10472	1266 Evergreen Ave, Bronx, NY 10472	40.830709	-73.881263	0.291136743199	8	0.279242365277	2	0.295655722573	3	7	4	2604	420000	47	2467	1930	242	35	119	132	131	41	21	7	46	44	8	202
30600824_zpid	30600824_zpid	11233	222 Macdougal St, Brooklyn, NY 11233	40.679955	-73.911601	0.334617278761	7	0.328801300459	5	0.177277910659	6	8	3	2500	850000	0	2500	1920	249	29	168	173	126	48	39	22	66	78	26	215
30570519_zpid	30570519_zpid	11231	37 3rd Pl, Brooklyn, NY 11231	40.679563	-73.999986	0.233227694406	14	0.510872095337	3	0.494508334736	2	1	1	650	2310000	32	1320	1930	37	41	25	50	16	13	60	30	19	11	12	181
83044611_zpid	83044611_zpid	11213	1285 Saint Johns Pl, Brooklyn, NY 11213	40.671132	-73.935639	0.177871347377	14	0.196936388217	6	0.337276727142	2	8	6	4326	365000	48	3156	2003	467	58	199	218	222	40	41	17	44	75	37	311
30613640_zpid	30613640_zpid	11238	187 Gates Ave, Brooklyn, NY 11238	40.685314	-73.960179	0.339608631292	11	0.314430673003	7	0.396292891594	5	9	4	3520	1700000	9	1982	1930	140	155	84	124	74	30	48	17	54	21	41	191
30613415_zpid	30613415_zpid	11238	407 Classon Ave, Brooklyn, NY 11238	40.687041	-73.95936	0.401372972717	10	0.398170656667	6	0.212561037579	5	6	2	2340	505000	50	1560	1901	98	99	59	82	51	16	33	14	37	14	24	126
30667259_zpid	30667259_zpid	11218	1104 Beverley Rd, Brooklyn, NY 11218	40.6436769	-73.968481	0.109721820271	10	0.380230630774	4	0.341998171084	2	6	3	3135	680000	51	4791	1930	109	36	39	55	31	33	23	22	18	13	7	146
30740079_zpid	30740079_zpid	11235	2560 Hubbard St, Brooklyn, NY 11235	40.587638	-73.963367	0.23483954086	7	0.728002215249	2	0.783130310935	0	5	2	2170	800000	19	2613	1955	80	44	36	56	28	152	168	76	56	28	12	248
30609688_zpid	30609688_zpid	11221	334 Marcus Garvey Blvd, Brooklyn, NY 11221	40.6857715	-73.9388616	0.242118547911	11	0.141799405111	5	0.672726547876	1	3	2	4800	575000	48	1800	1900	676	132	368	456	320	76	116	48	164	180	76	768
30609688_zpid	30609688_zpid	11221	334 Marcus Garvey Blvd, Brooklyn, NY 11221	40.6857715	-73.9388616	0.242118547911	10	0.141799405111	5	0.672726547876	1	3	2	4800	575000	48	1800	1900	676	132	368	456	320	76	116	48	164	180	76	768
30754107_zpid	30754107_zpid	11210	2701 Avenue M, Brooklyn, NY 11210	40.619521	-73.948241	0.599055517284	3	0.207351011319	2	0.96633689242	0	6	3	4340	800000	63	3700	1915	14	3	4	16	4	24	25	7	22	2	1	48
30572186_zpid	30572186_zpid	11231	412 Sackett St, Brooklyn, NY 11231	40.681404	-73.991857	0.324811491949	13	0.339121996208	2	0.222112885426	2	4	2	2208	2900000	22	1455	1899	17	36	7	37	10	16	37	32	22	4	2	125
117616180_zpid	117616180_zpid	10456	1312 Franklin Ave, Bronx, NY 10456	40.832023	-73.901203	0.113604030801	5	0.0853466948781	7	0.816245874793	0	2	1	7034	340000	96	2727	2008	270	19	108	141	84	41	10	14	18	41	21	208
30701715_zpid	30701715_zpid	11209	211 96th St, Brooklyn, NY 11209	40.617146	-74.0354321	0.173620001828	10	0.134737286244	3	0.370498477956	1	3	2	2300	1100000	4	2500	1925	206	33	31	30	33	64	44	46	7	11	8	155
30571797_zpid	30571797_zpid	11231	297 Court St APT 1, Brooklyn, NY 11231	40.6838849	-73.994772	0.0722362464489	15	0.401915237705	5	0.352493296141	2	2	1	1300	1400000	59	20	1931	15	35	15	41	13	16	36	19	23	3	6	123
30584118_zpid	30584118_zpid	11215	381 6th St, Brooklyn, NY 11215	40.6703871	-73.9830395	0.0751962529607	18	0.247625833178	4	0.447264917268	3	4	2	2160	2625000	14	1667	1901	72	86	31	61	25	23	59	42	29	20	24	243
30785305_zpid	30785305_zpid	11234	1950 Kimball St, Brooklyn, NY 11234	40.612175	-73.929443	0.167382618933	2	0.734834448455	1	2.42914744539	0	3	3	1419	515000	15	3000	1925	6	23	2	2	1	20	28	31	19	1	3	74
30600799_zpid	30600799_zpid	11233	158 Macdougal St, Brooklyn, NY 11233	40.679623	-73.914455	0.436746179534	3	0.431858727756	5	0.335468378845	3	5	3	2560	395500	51	1611	1910	276	31	179	200	135	54	50	20	73	82	32	247
29851356_zpid	29851356_zpid	10475	2578 Flint Ave, Bronx, NY 10475	40.889001	-73.817608	1.03698097809	0	0.43507337573	1	1.11577489416	0	4	3	1300	415000	3	3772	1940	0	0	0	1	0	2	2	1	0	0	1	1
30770685_zpid	30770685_zpid	11236	1126 E 89th St, Brooklyn, NY 11236	40.635729	-73.902683	0.356377950296	7	0.514044369664	2	1.21819922245	0	7	5	3139	134000	194	2150	1965	43	18	23	26	11	58	18	8	20	10	10	95
30573438_zpid	30573438_zpid	11231	34 Dikeman St, Brooklyn, NY 11231	40.675278	-74.0109219	0.211441248394	3	0.221425868701	4	1.15483221901	0	2	1	1710	1928000	2	2000	1899	25	54	6	21	4	11	30	3	8	7	2	57
30610752_zpid	30610752_zpid	11216	441 Tompkins Ave, Brooklyn, NY 11216	40.682275	-73.943408	0.138606479805	11	0.27098769615	9	0.339129374978	3	2	1	5200	675000	72	2000	1910	608	348	384	556	324	84	160	92	200	196	108	828
29829800_zpid	29829800_zpid	10469	3305 Eastchester Rd, Bronx, NY 10469	40.874844	-73.845539	0.269102439504	6	0.277912551113	2	0.596254875145	1	4	3	1633	315000	62	1742	1950	48	13	41	53	35	29	27	8	33	17	12	114
30792869_zpid	30792869_zpid	11229	2202 Burnett St, Brooklyn, NY 11229	40.602458	-73.933622	0.0735666106228	3	0.140819436638	1	1.91789491515	0	4	3	1600	628000	13	1600	1964	15	5	4	6	2	7	25	12	7	0	2	32
30601265_zpid	30601265_zpid	11233	1209 Herkimer St, Brooklyn, NY 11233	40.677867	-73.913284	0.503851432566	4	0.231418656314	4	0.223203788032	3	8	4	2238	645000	21	2166	1915	276	26	182	183	127	54	38	25	71	71	33	231
29826225_zpid	29826225_zpid	10467	3628 Bronx Blvd, Bronx, NY 10467	40.880783	-73.867479	0.219782403512	5	0.324186695779	2	0.372217086559	3	5	2	2496	393000	36	1916	1930	249	20	90	93	90	30	23	7	28	32	20	172
30602499_zpid	30602499_zpid	11221	205 Van Buren St, Brooklyn, NY 11221	40.690874	-73.9380709	0.147833157436	11	0.362254741975	5	0.733836199337	1	10	5	5000	1900000	4	1967	1899	201	54	103	143	87	37	29	13	42	53	31	232
30609975_zpid	30609975_zpid	11221	512 Putnam Ave, Brooklyn, NY 11221	40.68483	-73.940862	0.140788257456	9	0.295145867885	6	0.546467484629	1	5	3	2775	1250000	0	1800	1899	121	27	76	94	64	12	23	9	34	38	9	144
30604753_zpid	30604753_zpid	11233	499 Halsey St, Brooklyn, NY 11233	40.683979	-73.932906	0.051354110971	9	0.232440898901	4	0.54562152351	1	4	4	2544	1320000	15	2000	1899	85	54	67	96	44	9	23	6	23	22	17	126
30777317_zpid	30777317_zpid	11236	1429 E 98th St, Brooklyn, NY 11236	40.638325	-73.8928	0.203406313415	8	0.167855994907	4	1.20167532894	0	4	2	1512	485000	24	2158	1925	25	10	25	26	5	40	20	14	14	10	2	69
30643673_zpid	30643673_zpid	11208	54 Fountain Ave, Brooklyn, NY 11208	40.67885	-73.876527	0.35505039635	13	0.409099135703	6	0.411236202413	5	5	2	1536	420000	50	1800	1899	106	21	58	80	52	47	45	20	50	24	9	193
30566232_zpid	30566232_zpid	11201	69 Gold St, Brooklyn, NY 11201	40.702832	-73.98254	0.377188835198	5	0.8230532091	0	0.389628677553	1	4	3	4160	3350000	13	1279	1925	3	28	1	8	0	20	24	9	9	1	2	42
30753683_zpid	30753683_zpid	11210	1125 E 36th St, Brooklyn, NY 11210	40.623368	-73.940115	0.165816627303	2	0.608891371317	2	1.23095997256	0	3	4	1400	540000	13	2000	1905	59	7	27	27	20	57	37	11	25	8	8	68
68310387_zpid	68310387_zpid	11221	733 Monroe St, Brooklyn, NY 11221	40.68831	-73.927504	0.289204508185	10	0.290556468892	3	0.465592814451	2	6	3.5	3105	470000	49	1800	2005	196	60	104	162	121	46	35	11	34	65	34	282
30643680_zpid	30643680_zpid	11208	68 Fountain Ave, Brooklyn, NY 11208	40.678514	-73.876441	0.323746433396	12	0.438786634161	6	0.442934182534	5	5	2	1536	569000	5	1800	1899	452	88	244	328	224	200	180	80	192	108	48	792
30791426_zpid	30791426_zpid	11235	148 Pembroke St, Brooklyn, NY 11235	40.579671	-73.937356	0.520505906687	1	1.31386251363	0	1.63215777374	0	3	3	2052	252000	259	1800	1940	9	6	4	9	8	12	12	3	11	2	1	29
30579953_zpid	30579953_zpid	11218	575 17th St, Brooklyn, NY 11218	40.656807	-73.979397	0.228065855169	9	0.15663255747	4	0.427983274063	1	4	2.5	1870	1280000	23	1533	1920	8	20	32	20	20	40	36	32	28	0	8	84
30788094_zpid	30788094_zpid	11234	113 Barlow Dr S, Brooklyn, NY 11234	40.608904	-73.904636	0.994881980643	0	1.01181610682	0	4.20889764689	0	3	2	2450	1139000	0	4800	1955	0	1	1	5	0	3	9	3	7	2	1	19
30579594_zpid	30579594_zpid	11220	448 59th St, Brooklyn, NY 11220	40.640483	-74.016756	0.164145991659	8	0.140989228498	6	0.13640028772	2	5	2.5	2640	1350000	5	2003	1915	608	240	216	280	208	112	232	144	188	108	24	836
30579594_zpid	30579594_zpid	11220	448 59th St, Brooklyn, NY 11220	40.640483	-74.016756	0.164145991659	9	0.140989228498	7	0.13640028772	2	5	2.5	2640	1350000	5	2003	1915	608	240	216	280	208	112	232	144	188	108	24	836
30570466_zpid	30570466_zpid	11231	34 Woodhull St, Brooklyn, NY 11231	40.681273	-74.003639	0.103594704426	15	0.248073241791	4	0.787617639461	0	5	4	2106	1400000	19	1875	1910	29	49	20	42	19	11	42	31	7	9	9	131
30643347_zpid	30643347_zpid	11208	301 Hemlock St, Brooklyn, NY 11208	40.682511	-73.870561	0.184269343833	8	0.258318029468	7	0.282580553106	1	5	3	1368	6000	50	1900	1928	123	39	76	96	58	64	30	11	90	41	8	226
30651834_zpid	30651834_zpid	11203	173 E 53rd St, Brooklyn, NY 11203	40.6559079	-73.9275849	0.162296648642	11	0.372231625548	4	1.06738254863	0	6	3	2736	200000	8	2482	1920	173	25	72	74	78	66	33	14	23	31	15	166
30696521_zpid	30696521_zpid	11209	626 77th St, Brooklyn, NY 11209	40.625888	-74.0203219	0.301535134403	12	0.409096996375	5	0.61334418303	1	4	2	1680	915000	5	2000	1899	284	100	68	108	72	76	132	136	56	100	8	384
30758066_zpid	30758066_zpid	11234	1615 Schenectady Ave, Brooklyn, NY 11234	40.633134	-73.931011	0.277759211517	6	1.00592971693	0	1.40537804476	0	2	2	1470	440000	107	2150	1945	7	10	10	9	2	16	18	7	12	8	2	51
30771813_zpid	30771813_zpid	11236	1340 E 85th St, Brooklyn, NY 11236	40.630427	-73.901756	0.720841433282	2	0.545198070597	1	1.80639882927	0	4	2	1540	439000	0	1999	1955	55	10	21	26	10	60	24	10	29	7	11	75
29845694_zpid	29845694_zpid	10465	1037 Vincent Ave, Bronx, NY 10465	40.834401	-73.820712	0.0520423600057	4	0.088211162975	1	1.68456595735	0	3	1.5	1636	360000	9	1707	1955	20	20	28	40	28	56	116	100	56	20	16	176
112080450_zpid	112080450_zpid	11211	351 S 3rd St APT 4A, Brooklyn, NY 11211	40.709459	-73.9534879	0.108522236531	16	0.247764527362	8	0.295219502326	5	1	1	1030	1200000	0	2808	2008	127	310	90	102	74	20	43	21	34	22	16	299
30641052_zpid	30641052_zpid	11207	841 Livonia Ave, Brooklyn, NY 11207	40.6661393	-73.8856925	0.125399916507	8	0.315723598247	3	0.167882220764	2	5	2	1440	35000	4	800	1901	174	16	106	104	92	29	30	11	43	64	21	196
30732188_zpid	30732188_zpid	11224	3853 Ocean View Ave, Brooklyn, NY 11224	40.580459	-74.008092	0.263597886668	1	0.623931404932	1	2.25840003247	0	4	3	4212	830000	43	4400	1960	40	28	12	40	20	4	44	0	36	8	8	72
30602601_zpid	30602601_zpid	11221	489 Van Buren St, Brooklyn, NY 11221	40.691921	-73.929126	0.0906943533352	9	0.17666675436	4	0.160362036611	3	13	7	2500	745000	91	2500	2006	213	78	97	134	134	49	40	16	42	55	37	306
29776747_zpid	29776747_zpid	10454	408 E 136th St, Bronx, NY 10454	40.8074604	-73.9234343	0.285923589679	4	0.210586327896	4	0.346033532983	2	5	4	1296	405000	4	1298	1901	181	26	96	112	90	12	15	11	30	34	18	188
30788034_zpid	30788034_zpid	11234	2323 E 66th St, Brooklyn, NY 11234	40.613361	-73.906724	0.474415756686	3	0.487793498051	1	3.7289647532	0	4	3	2100	676000	20	4007	1960	0	15	4	9	1	6	14	9	11	1	2	47
30671062_zpid	30671062_zpid	11218	67 E 2nd St, Brooklyn, NY 11218	40.65047	-73.979406	0.232876382367	9	0.650976835748	2	0.315867842084	2	5	2	2060	1176000	16	2167	1910	72	104	52	84	52	104	92	92	60	8	12	228
30671062_zpid	30671062_zpid	11218	67 E 2nd St, Brooklyn, NY 11218	40.65047	-73.979406	0.232876382367	9	0.122518646469	3	0.315867842084	2	5	2	2060	1176000	16	2167	1910	72	104	52	84	52	104	92	92	60	8	12	228
30622051_zpid	30622051_zpid	11222	797 Meeker Ave, Brooklyn, NY 11222	40.7247794	-73.9372373	0.401207938319	4	0.590906559664	1	1.18455175866	0	6	3	1388	550000	41	2442	1899	18	16	14	21	10	8	27	22	22	4	9	89
30654174_zpid	30654174_zpid	11203	550 E 48th St, Brooklyn, NY 11203	40.6483418	-73.9321173	0.341908194764	6	0.224134007617	3	1.46761036362	0	2	2	1376	390000	4	2080	1920	135	13	53	46	56	36	26	1	16	29	9	146
30656710_zpid	30656710_zpid	11203	946 E 49th St, Brooklyn, NY 11203	40.638291	-73.930245	0.382955123909	8	1.10380077023	0	1.54582234148	0	3	3	1550	460000	14	2650	1940	164	36	44	84	52	144	120	40	72	40	20	368
30693909_zpid	30693909_zpid	11209	7218 Narrows Ave, Brooklyn, NY 11209	40.635003	-74.035485	0.310096851796	6	0.690111512514	1	1.02286075489	0	5	3	3876	910000	56	1992	1925	40	6	7	15	7	31	20	71	13	2	2	45
29854593_zpid	29854593_zpid	10471	5439 Arlington Ave, Bronx, NY 10471	40.9034819	-73.908105	0.492555808509	4	0.380906527945	3	0.509623351527	1	5	2.5	2544	1340000	7	2712	1960	7	7	3	6	3	4	30	5	11	0	3	23
30762015_zpid	30762015_zpid	11234	4516 Avenue K, Brooklyn, NY 11234	40.625309	-73.931806	0.194860797081	9	0.440431832723	1	1.57862744754	0	4	2	2220	345000	34	2000	1930	35	15	14	22	18	40	28	17	16	4	1	76
29795296_zpid	29795296_zpid	10472	1233 Rosedale Ave, Bronx, NY 10472	40.830633	-73.869304	0.229512581408	7	0.263152558511	4	0.172267637333	2	7	3	2863	470000	15	2861	1960	273	161	88	120	76	50	24	10	44	57	16	200
29843760_zpid	29843760_zpid	10465	1452 Ohm Ave, Bronx, NY 10465	40.842986	-73.821109	0.733506947682	1	0.443822123243	1	1.05477560338	0	5	2	3234	567500	2	2725	1965	2	11	4	4	0	13	31	14	6	0	1	34
29834796_zpid	29834796_zpid	10466	3849 Amundson Ave, Bronx, NY 10466	40.8881749	-73.8354729	0.473311327408	2	0.374639319333	4	0.390640430888	1	9	3	2299	293000	5	2500	1910	38	6	16	21	3	44	22	15	26	8	3	64
30787782_zpid	30787782_zpid	11234	394 Mayfair Dr S, Brooklyn, NY 11234	40.607725	-73.905989	1.07304769892	0	1.09788300133	0	4.32373399531	0	3	2	4350	485000	190	6882	2006	2	1	0	6	0	2	8	2	9	2	1	19
30793024_zpid	30793024_zpid	11229	2436 Stuart St, Brooklyn, NY 11229	40.598117	-73.930072	0.552576443467	5	0.482130505934	1	2.14461758846	0	3	2	1944	465426	17	1800	1955	16	17	1	7	2	9	22	8	16	3	2	38
29844729_zpid	29844729_zpid	10465	3060 Barkley Ave, Bronx, NY 10465	40.832549	-73.822781	0.320863050073	4	0.35023081665	2	1.69906426195	0	2	2	1070	148000	2	30	1930	4	13	4	11	6	21	31	26	14	4	4	57
30706440_zpid	30706440_zpid	11228	1139 77th St, Brooklyn, NY 11228	40.621329	-74.011813	0.387631677486	6	0.466966208289	2	1.1111492075	0	3	3	1384	899000	7	2178	1930	7	13	2	21	3	39	46	24	19	2	5	58
