30641614_zpid	30641614_zpid	11208	58 Hemlock St, Brooklyn, NY 11208	40.6884469	-73.872525	0.253438101889	6	0.168246390693	5	0.166335837393	3	7	3	2760	488000	20	1668	1920	76	29	50	67	36	61	33	15	40	30	5	143
30628189_zpid	30628189_zpid	11221	456 Central Ave, Brooklyn, NY 11221	40.692298	-73.915407	0.277514602023	8	0.331860640665	4	0.650981760613	2	3	1	3200	630000	2	1600	1910	179	47	123	166	116	42	43	9	76	60	51	217
29798211_zpid	29798211_zpid	10472	1792 E 174th St, Bronx, NY 10472	40.834508	-73.86752	0.359659845752	8	0.409908078995	5	0.333949177382	2	9	3	3610	434000	31	3746	1928	772	600	204	252	196	124	72	40	104	164	44	536
30613924_zpid	30613924_zpid	11238	81 Downing St # A, Brooklyn, NY 11238	40.683265	-73.960507	0.166908752868	11	0.241415635635	4	0.465655509349	5	2	2	3200	110000	298	2020	1931	103	165	65	113	66	37	51	21	45	15	44	197
30601639_zpid	30601639_zpid	11233	10 Pleasant Pl, Brooklyn, NY 11233	40.677089	-73.910209	0.0441272435705	7	0.0296322049295	3	0.163237950903	8	5	2	1474	405000	8	1560	1901	232	26	160	195	131	50	39	27	62	79	33	221
30784462_zpid	30784462_zpid	11234	1828 E 51st St, Brooklyn, NY 11234	40.615644	-73.925799	0.364363474887	8	0.911767907774	0	2.65869477821	0	3	1.5	1728	415000	17	1800	1930	16	47	5	7	10	24	24	20	15	6	8	112
30787847_zpid	30787847_zpid	11234	319 Whitman Dr, Brooklyn, NY 11234	40.605536	-73.906878	1.24859474769	0	1.32025707851	0	4.20344168981	0	3	3	3439	1900000	23	3500	1965	3	1	0	5	0	1	6	5	7	2	1	15
29843367_zpid	29843367_zpid	10465	1320 Lohengrin Pl, Bronx, NY 10465	40.839718	-73.82065	0.544407882886	2	0.505809575112	2	1.27701494956	0	4	3	1619	450000	33	3702	1930	4	11	8	2	5	5	32	13	9	2	2	37
30599877_zpid	30599877_zpid	11233	581 Bainbridge St, Brooklyn, NY 11233	40.683168	-73.913717	0.198045706059	6	0.179598633939	4	0.276979535969	4	6	3	2430	865000	11	1800	1901	748	156	592	612	452	88	132	28	196	312	44	828
30768655_zpid	30768655_zpid	11236	736 E 84th St, Brooklyn, NY 11236	40.638084	-73.911515	0.137134591725	7	0.184254164529	2	1.25563310418	0	8	6	2950	825000	0	2950	1970	39	7	27	22	11	84	31	14	29	13	11	112
30594983_zpid	30594983_zpid	11225	169 Sterling St, Brooklyn, NY 11225	40.663071	-73.955404	0.342925253636	9	0.376233069948	5	0.38628943837	3	4	2	2052	577000	130	2000	1910	468	83	188	157	176	17	37	18	51	68	23	290
30608183_zpid	30608183_zpid	11216	294 Clifton Pl, Brooklyn, NY 11216	40.688711	-73.952723	0.183312006165	11	0.362903848345	6	0.167437763721	2	6	5	3150	2450000	0	1867	1899	432	264	260	364	244	116	96	44	92	136	128	772
109175868_zpid	109175868_zpid	11221	1209 Dekalb Ave, Brooklyn, NY 11221	40.6958259	-73.928239	0.270238107021	12	0.301048479416	6	0.237005847806	3	2	2	52300	58000000	25	52272.0	1931	728	400	300	404	348	248	168	84	152	164	132	1076
30783545_zpid	30783545_zpid	11229	1843 Madison Pl, Brooklyn, NY 11229	40.6089879	-73.938946	0.479181991232	3	0.525530286757	1	1.5950271554	0	4	3	1795	775000	46	3100	1925	12	20	20	56	24	36	48	24	20	4	8	120
30615470_zpid	30615470_zpid	11217	123 Dekalb Ave, Brooklyn, NY 11217	40.6895623	-73.9774157	0.314987018535	9	0.26925081106	3	0.298158435661	10	1	1	7800	600000	247	2664	1930	144	232	80	104	40	20	92	92	76	48	36	416
83178239_zpid	83178239_zpid	10467	837 E 221st St, Bronx, NY 10467	40.883821	-73.857633	0.277119853166	6	0.415091305953	2	0.42763106393	2	9	3	3700	636000	120	2858	2004	88	5	46	61	44	47	9	1	19	31	4	88
30791201_zpid	30791201_zpid	11235	146 Langham St, Brooklyn, NY 11235	40.57962	-73.941291	0.54367372224	1	1.31275814144	0	1.35603153836	0	3	4	3000	499000	38	3000	1935	68	24	4	56	12	52	60	20	48	4	4	108
30791201_zpid	30791201_zpid	11235	146 Langham St, Brooklyn, NY 11235	40.57962	-73.941291	0.893728668313	0	1.31275814144	0	1.35603153836	0	3	4	3000	499000	38	3000	1935	68	24	4	56	12	52	60	20	48	4	4	108
30701523_zpid	30701523_zpid	11209	545 94th St, Brooklyn, NY 11209	40.616085	-74.029069	0.141694573552	10	0.215699653673	5	0.183561204506	2	3	2	1080	680000	12	1800	1901	84	29	25	26	26	57	33	22	4	9	4	141
30723106_zpid	30723106_zpid	11223	1847 W 4th St, Brooklyn, NY 11223	40.602554	-73.9764934	0.216823815293	7	0.335365519838	4	0.356975292626	3	3	3	1384	749000	3	2667	1925	85	25	45	30	31	82	33	48	23	14	5	133
30669488_zpid	30669488_zpid	11226	493 E 23rd St, Brooklyn, NY 11226	40.6380164	-73.9555853	0.209282504662	8	0.235964422437	5	0.643756358391	2	4	1.75	2056	555000	18	1488	1930	368	96	165	167	176	43	25	16	45	79	7	251
30573297_zpid	30573297_zpid	11231	98 Pioneer St, Brooklyn, NY 11231	40.678394	-74.009872	0.165826741078	4	0.131360475581	3	1.14469459157	0	3	2	1440	1238000	45	1655	1899	29	57	16	27	12	11	31	10	11	10	3	72
30760429_zpid	30760429_zpid	11210	1237 E 39th St, Brooklyn, NY 11210	40.626569	-73.938035	0.342591153506	1	0.791788575212	0	1.0702609135	0	3	1.5	1344	559000	0	2200	1920	316	40	148	160	116	196	164	76	92	64	48	376
30760429_zpid	30760429_zpid	11210	1237 E 39th St, Brooklyn, NY 11210	40.626569	-73.938035	0.235368009032	2	0.791788575212	0	1.0702609135	0	3	1.5	1344	559000	0	2200	1920	316	40	148	160	116	196	164	76	92	64	48	376
30784490_zpid	30784490_zpid	11234	1857 E 51st St, Brooklyn, NY 11234	40.614994	-73.925139	0.437692439045	6	0.990999551903	0	2.74951353882	0	3	2	1200	429000	20	2600	1925	17	41	7	11	10	31	29	20	20	5	8	101
30735899_zpid	30735899_zpid	11223	2066 E 1st St, Brooklyn, NY 11223	40.59816	-73.971031	0.523468209398	2	0.474426159878	3	0.305199480155	3	4	5	1384	300000	205	2325	1925	27	14	9	24	5	40	29	65	26	5	5	89
30727395_zpid	30727395_zpid	11229	1774 E 17th St, Brooklyn, NY 11229	40.606653	-73.956256	0.192010480453	5	0.386069468775	2	0.260793418062	1	8	3	3410	975000	129	3300	1930	175	38	59	60	62	80	62	35	24	19	10	223
30704685_zpid	30704685_zpid	11204	2041 73rd St, Brooklyn, NY 11204	40.6115217	-73.9893343	0.123401005656	14	0.0930043769296	8	0.631951845272	2	6	4	3350	1100500	21	2667	1925	264	64	88	148	136	180	100	96	84	36	8	420
30704685_zpid	30704685_zpid	11204	2041 73rd St, Brooklyn, NY 11204	40.6115217	-73.9893343	0.123401005656	13	0.0930043769296	8	0.631951845272	2	6	4	3350	1100500	21	2667	1925	264	64	88	148	136	180	100	96	84	36	8	420
30633386_zpid	30633386_zpid	11212	776 Mother Gaston Blvd, Brooklyn, NY 11212	40.65955	-73.904583	0.316353634372	4	0.348812937211	4	0.460936821971	4	2	1.5	1116	280000	18	1800	1986	85	14	62	60	41	26	33	6	35	18	9	141
30604693_zpid	30604693_zpid	11233	419 Halsey St, Brooklyn, NY 11233	40.683619	-73.936007	0.161878467189	9	0.389593389892	5	0.580658461053	2	5	2	2050	935000	27	1783	1899	48	19	40	51	21	5	20	3	13	13	7	73
30753662_zpid	30753662_zpid	11210	1116 E 36th St, Brooklyn, NY 11210	40.623529	-73.940745	0.218499373616	2	0.578449341229	3	1.18867164294	0	3	2	1350	660000	2	2178	1920	73	9	30	33	24	63	43	11	25	9	6	76
30614948_zpid	30614948_zpid	11205	183 Park Ave, Brooklyn, NY 11205	40.696349	-73.971984	0.371201439329	6	0.347815132459	2	1.02472369585	0	5	3	1890	675000	26	1491	1899	36	56	18	31	22	43	9	27	14	12	8	103
30636505_zpid	30636505_zpid	11207	5 Bulwer Pl, Brooklyn, NY 11207	40.682476	-73.893861	0.338635575326	3	0.269611938369	3	0.556047664456	2	4	3	1340	475000	11	2105	1925	65	27	42	40	28	46	28	34	24	16	7	93
30748336_zpid	30748336_zpid	11235	2459 E 27th St, Brooklyn, NY 11235	40.592016	-73.942919	0.198278004242	13	0.282439674689	2	1.09550129859	0	4	3.5	2064	250000	187	2183	1940	54	16	15	12	7	23	24	27	24	2	1	64
30787756_zpid	30787756_zpid	11234	2655 E 66th St, Brooklyn, NY 11234	40.60664	-73.90936	1.05776708746	0	1.17989441019	0	4.01983356731	0	3	1.5	2100	1100000	4	7000	1965	3	5	1	7	2	16	7	26	17	2	1	31
30785939_zpid	30785939_zpid	11234	2032 E 38th St, Brooklyn, NY 11234	40.609944	-73.929416	0.113320624708	2	0.828365675278	0	2.40416998009	0	3	2	1536	600000	14	2000	1930	8	44	16	12	8	64	104	96	84	0	12	228
30646717_zpid	30646717_zpid	11207	695 Pennsylvania Ave, Brooklyn, NY 11207	40.660575	-73.891762	0.238259020193	3	0.185901945078	5	0.523694903361	3	9	4	4210	470000	23	2541	1950	235	17	128	121	123	28	45	11	40	67	14	234
30690269_zpid	30690269_zpid	11220	819 Bay Ridge Ave, Brooklyn, NY 11220	40.630167	-74.014145	0.118676413642	9	0.240046857991	5	0.567999628566	1	3	2	3300	160000	260	2517	1920	14	5	9	15	4	25	26	9	5	3	0	38
30612754_zpid	30612754_zpid	11238	350 Lafayette Ave, Brooklyn, NY 11238	40.688469	-73.961371	0.309966459735	11	0.300280696863	6	0.118668834791	3	3	1	4224	374000	170	1875	1899	78	75	39	64	30	15	29	14	30	11	16	103
30665484_zpid	30665484_zpid	11226	369 Parkside Ave, Brooklyn, NY 11226	40.656047	-73.957523	0.17201217745	13	0.151128428385	6	0.345809271494	3	2	1	3228	165000	258	2450	1901	344	71	168	181	159	29	29	14	44	46	16	234
30757217_zpid	30757217_zpid	11229	1762 Madison Pl, Brooklyn, NY 11229	40.610062	-73.940917	0.38316856949	3	0.472371410937	1	1.4363904203	0	4	2.5	1800	740000	20	3100	1920	23	5	11	16	9	5	12	15	8	2	2	43
30782330_zpid	30782330_zpid	11234	2072 E 73rd St, Brooklyn, NY 11234	40.620921	-73.906567	0.509725360337	1	0.475138725711	1	2.89216807829	0	3	2	1064	482500	11	2000	1925	18	4	8	11	6	18	16	9	19	3	3	59
29787912_zpid	29787912_zpid	10458	2675 Bainbridge Ave, Bronx, NY 10458	40.865741	-73.8915457	0.436791384884	9	0.113444692017	10	0.215125231975	5	9	2	2640	440600	31	2003	1915	541	74	209	222	268	33	17	3	80	62	28	350
30691328_zpid	30691328_zpid	11220	153 67th St, Brooklyn, NY 11220	40.639324	-74.028529	0.302390691862	8	0.396318941399	3	0.651655144048	1	4	2	1914	790000	14	2352	1925	35	14	23	24	15	24	21	30	6	10	2	51
30598370_zpid	30598370_zpid	11233	2416 Dean St, Brooklyn, NY 11233	40.674314	-73.907313	0.24933751871	6	0.414618254333	5	0.373990066675	7	4	2	824	530000	117	1790	1925	408	36	268	404	248	92	84	52	120	152	56	424
30734550_zpid	30734550_zpid	11223	1984 W 6th St, Brooklyn, NY 11223	40.599133	-73.978365	0.0265788669487	6	0.366244362218	4	0.195972833777	6	5	3	2400	740000	49	2400	1925	37	22	14	27	11	65	28	50	22	8	7	94
29846690_zpid	29846690_zpid	10465	208 Throggs Neck Blvd, Bronx, NY 10465	40.817524	-73.812402	0.449251777423	4	0.507677942095	1	3.55755001053	0	2	2	960	345050	37	2265	1950	20	30	6	26	12	38	88	50	44	14	36	240
29846690_zpid	29846690_zpid	10465	208 Throggs Neck Blvd, Bronx, NY 10465	40.816553	-73.812277	0.515071023329	4	0.57063745901	1	3.65298490942	0	2	2	960	345050	37	2265	1950	20	30	6	26	12	38	88	50	44	14	36	240
29824304_zpid	29824304_zpid	10469	2914 Tenbroeck Ave, Bronx, NY 10469	40.868143	-73.85249	0.481576542743	6	0.594940364861	2	0.536569322677	1	3	2	1444	330000	9	5000	1930	25	12	21	17	9	50	24	12	28	11	3	80
30773325_zpid	30773325_zpid	11236	9514 Foster Ave, Brooklyn, NY 11236	40.647252	-73.906919	0.277543094759	3	0.997190163418	0	0.433283723679	2	6	3	2160	500000	15	2387	1925	31	6	19	30	16	41	25	6	7	16	6	78
30606061_zpid	30606061_zpid	11233	201 Bainbridge St, Brooklyn, NY 11233	40.681392	-73.929315	0.191143865585	8	0.21804569884	5	0.255372084242	2	5	4	1968	1300000	0	1650	1899	504	280	368	504	280	64	76	44	140	164	112	764
30781747_zpid	30781747_zpid	11234	2058 E 61st St, Brooklyn, NY 11234	40.615334	-73.91548	0.251291614139	6	0.554926123795	1	3.34368471759	0	3	2.5	1510	547000	7	2483	1960	8	10	8	7	3	26	19	7	19	1	3	56
30781577_zpid	30781577_zpid	11234	2075 E 56th St, Brooklyn, NY 11234	40.612529	-73.919071	0.323723882688	3	0.970156959944	0	3.30219873252	0	7	4	3864	800000	102	22	1970	10	3	11	10	6	29	18	10	13	4	5	73
30721659_zpid	30721659_zpid	11223	1731 W 9th St, Brooklyn, NY 11223	40.604813	-73.981695	0.0312892251745	7	0.281054349637	2	0.150598745327	1	4	1.5	2523	545000	31	1700	1910	348	100	164	104	132	292	112	120	80	44	20	396
30696675_zpid	30696675_zpid	11228	7714 11th Ave, Brooklyn, NY 11228	40.621613	-74.013597	0.516054169426	3	0.608970278597	2	1.25629286183	0	3	1	1100	830000	6	2178	1930	5	11	3	18	4	37	50	22	18	2	5	47
30698768_zpid	30698768_zpid	11209	8381 Shore Rd, Brooklyn, NY 11209	40.626019	-74.040304	0.839462958986	0	0.970291105077	0	1.07215282696	0	5	4	5250	3580000	27	8926	1991	4	7	0	7	0	8	17	7	6	1	1	32
30585906_zpid	30585906_zpid	11215	363A 14th St, Brooklyn, NY 11215	40.6642381	-73.9845381	0.075515709408	16	0.317271034702	7	0.423054572497	3	4	2	1920	1700000	10	1250	1899	73	77	23	56	21	37	61	26	24	13	14	183
30730478_zpid	30730478_zpid	11214	150 Bay 40th St, Brooklyn, NY 11214	40.594673	-73.989693	0.407927300175	8	0.383169310805	4	0.415270658633	1	3	1	1764	639000	27	1740	1965	22	7	14	20	7	34	33	25	22	8	3	74
30618385_zpid	30618385_zpid	11211	186 N 9th St, Brooklyn, NY 11211	40.71837	-73.956093	0.0925055404596	12	0.178467349414	4	0.135994137994	2	4	2	1500	999000	34	2000	1910	168	472	60	220	72	104	144	56	44	44	56	572
30618385_zpid	30618385_zpid	11211	186 N 9th St, Brooklyn, NY 11211	40.71837	-73.956093	0.0925055404596	11	0.178467349414	4	0.135994137994	2	4	2	1500	999000	34	2000	1910	168	472	60	220	72	104	144	56	44	44	56	572
29836665_zpid	29836665_zpid	10466	728 E 235th St, Bronx, NY 10466	40.8943953	-73.8555664	0.210613576203	5	0.211398259571	2	0.208934367728	3	5	3.5	2	450000	10	2683	1940	224	14	114	89	131	84	34	8	40	43	14	218
30673960_zpid	30673960_zpid	11218	332 E 8th St, Brooklyn, NY 11218	40.641913	-73.971648	0.161236754833	13	0.258476698354	7	0.656672685192	3	5	3	3000	155000	4	2520	1920	163	61	63	84	54	55	42	62	31	21	12	201
30641904_zpid	30641904_zpid	11208	102 Grant Ave, Brooklyn, NY 11208	40.688558	-73.868796	0.125709031827	6	0.391509304926	6	0.338186760444	3	3	1.5	1326	370000	21	2500	1899	51	26	35	46	30	43	28	10	26	19	3	106
30768825_zpid	30768825_zpid	11236	8814 Glenwood Rd, Brooklyn, NY 11236	40.640836	-73.908519	0.178150227219	6	0.56929374264	2	0.858354910212	0	2	2	650	339000	19	1958	1920	44	6	25	20	12	80	28	12	22	16	8	115
30738447_zpid	30738447_zpid	11223	2350 W 11th St, Brooklyn, NY 11223	40.590177	-73.981397	0.201497916437	4	0.393469926757	2	0.249379284888	3	3	2	2000	675000	0	5000	1925	36	36	16	40	24	60	32	44	44	8	8	68
30739896_zpid	30739896_zpid	11223	460 Avenue Y, Brooklyn, NY 11223	40.5883895	-73.9690139	0.269719587547	6	0.327867539954	1	0.463347075937	1	6	3	3480	1175000	9	4000	1901	336	60	60	80	36	104	148	116	60	12	24	352
82816193_zpid	82816193_zpid	10460	1937 Southern Blvd, Bronx, NY 10460	40.8422093	-73.8857479	0.132897613701	11	0.226182335754	4	0.52512063554	2	1	1	2700	15000	3	1193	2007	1248	80	568	520	568	108	84	32	164	172	96	876
30642287_zpid	30642287_zpid	11208	28 Kiely Pl, Brooklyn, NY 11208	40.6860659	-73.8719493	0.25982972021	6	0.21540398538	4	0.355274063209	3	3	1	3120	412500	30	1628	1920	98	40	68	87	48	80	43	17	64	46	8	205
30591290_zpid	30591290_zpid	11216	1136 Dean St, Brooklyn, NY 11216	40.67673	-73.952052	0.213827810454	11	0.287242990897	7	0.372017090608	5	8	4.5	5300	2199900	0	2286	1915	1328	400	656	864	808	128	184	76	212	256	192	1180
30591290_zpid	30591290_zpid	11216	1136 Dean St, Brooklyn, NY 11216	40.67673	-73.952052	0.213827810454	12	0.287242990897	7	0.372017090608	5	8	4.5	5300	2199900	0	2286	1915	1328	400	656	864	808	128	184	76	212	256	192	1180
29787964_zpid	29787964_zpid	10458	271 E 199th St, Bronx, NY 10458	40.87008	-73.886559	0.212384865013	8	0.203997230174	7	0.243865919544	4	6	2.5	2368	400000	6	2500	1901	695	52	139	157	164	50	26	10	55	57	18	251
30672573_zpid	30672573_zpid	11218	59 Louisa St, Brooklyn, NY 11218	40.642892	-73.981559	0.123145850848	9	0.110883785132	9	0.203969171619	1	7	4	3024	1200000	15	2600	1931	348	128	136	168	148	224	236	172	56	56	40	752
30672573_zpid	30672573_zpid	11218	59 Louisa St, Brooklyn, NY 11218	40.642892	-73.981559	0.123145850848	9	0.110883785132	8	0.203969171619	1	7	4	3024	1200000	15	2600	1931	348	128	136	168	148	224	236	172	56	56	40	752
30713898_zpid	30713898_zpid	11214	194 Bay 14th St, Brooklyn, NY 11214	40.60534	-74.009986	0.0855030746074	7	0.327413218789	5	0.755520241442	0	3	3	1953	768000	18	2058	1899	14	19	10	25	6	33	16	42	19	2	2	67
30693200_zpid	30693200_zpid	11209	7116 Colonial Rd, Brooklyn, NY 11209	40.635124	-74.032486	0.0829092886255	9	0.437924170066	3	0.769702796708	0	2	1	1000	787000	129	2379	1925	464	32	64	96	84	156	116	368	80	20	8	336
30693200_zpid	30693200_zpid	11209	7116 Colonial Rd, Brooklyn, NY 11209	40.635124	-74.032486	0.0829092886255	9	0.437924170066	4	0.769702796708	0	2	1	1000	787000	129	2379	1925	464	32	64	96	84	156	116	368	80	20	8	336
30604694_zpid	30604694_zpid	11233	417A Halsey St, Brooklyn, NY 11233	40.6835186	-73.9360215	0.173116983765	10	0.378801191499	6	0.571914824366	2	4	3	2219	999999	30	100	1899	48	19	40	51	21	5	20	3	13	13	7	74
30782582_zpid	30782582_zpid	11234	2157 E 70th St, Brooklyn, NY 11234	40.6184579	-73.906774	0.336560752273	2	0.260909396829	1	3.1662205668	0	4	2.5	2000	540000	47	2500	1975	14	8	8	13	6	16	13	10	21	3	4	54
30669866_zpid	30669866_zpid	11230	1403 Glenwood Rd, Brooklyn, NY 11230	40.632495	-73.963503	0.149431349494	6	0.165724182861	4	0.294163418931	2	6	4	2700	1600000	0	6098	1910	78	33	61	54	47	65	39	33	23	12	6	132
30604765_zpid	30604765_zpid	11233	477 Halsey St, Brooklyn, NY 11233	40.683894	-73.933651	0.105000366154	10	0.258093871651	4	0.56137505714	1	8	5	3262	90000	296	1700	1899	304	196	224	320	152	28	92	20	76	72	68	464
29796622_zpid	29796622_zpid	10472	2034 Haviland Ave, Bronx, NY 10472	40.829597	-73.855458	0.160464444026	13	0.441715364927	7	0.605695063037	2	5	3	1989	383000	15	2575	1925	91	18	58	62	45	45	32	10	55	24	8	106
30729474_zpid	30729474_zpid	11214	2371 84th St, Brooklyn, NY 11214	40.600805	-73.9883909	0.16521855498	8	0.167960401103	6	0.369584147308	2	8	5	3366	786000	118	3000	1925	90	13	24	37	26	66	42	24	16	8	6	111
30625713_zpid	30625713_zpid	11221	1249 Dekalb Ave, Brooklyn, NY 11221	40.696573	-73.927148	0.2771564009	14	0.20603096066	6	0.144470877332	4	2	1	1425	240000	18	2300	1935	588	364	252	368	260	228	148	80	164	156	120	932
30610839_zpid	30610839_zpid	11216	408 Marcus Garvey Blvd, Brooklyn, NY 11216	40.6828827	-73.9382722	0.209765893858	9	0.281846768035	8	0.395410173321	2	2	1	7680	98000	89	2352	1910	106	130	88	124	62	10	40	26	34	36	32	180
30775808_zpid	30775808_zpid	11236	10574 Flatlands 2nd St, Brooklyn, NY 11236	40.64584	-73.889587	0.332834104851	2	0.300585552861	3	0.988170172468	0	3	2.5	2000	415000	65	2000	1960	38	4	14	14	12	13	11	2	10	6	7	53
29781942_zpid	29781942_zpid	10452	27 E 169th St, Bronx, NY 10452	40.837696	-73.918564	0.364195589195	5	0.148528257987	9	0.272713411749	4	3	1	1620	805000	60	4250	1920	454	86	214	213	232	22	24	14	60	84	23	342
30749726_zpid	30749726_zpid	11235	2666 E 19th St, Brooklyn, NY 11235	40.586758	-73.950529	0.173277912842	11	0.277441645079	3	0.306920747787	1	5	3	2380	965000	25	4400	1930	74	19	15	45	13	45	31	26	32	16	5	155
