30769416_zpid	30769416_zpid	11236	956 E 87th St, Brooklyn, NY 11236	40.637589	-73.907173	0.221373441199	9	0.429915922835	2	1.10474809578	0	3	3	1152	480000	105	1983	1935	44	7	21	15	10	81	29	15	29	12	9	108
30714912_zpid	30714912_zpid	11214	291 Bay 13th St, Brooklyn, NY 11214	40.603565	-74.01223	0.359228791389	3	0.473298849775	1	1.01256754605	0	3	2	2060	215000	249	2060	1940	12	6	8	18	6	20	12	28	12	1	1	49
30600864_zpid	30600864_zpid	11233	286 Macdougal St, Brooklyn, NY 11233	40.680293	-73.908921	0.209584137335	5	0.252438068191	4	0.254189553007	8	2	1	2100	520000	33	1500	1899	177	18	139	157	108	32	30	13	43	68	23	164
29846112_zpid	29846112_zpid	10465	824 Vincent Ave, Bronx, NY 10465	40.831245	-73.818355	0.43369723143	3	0.473160176391	2	2.06463862834	0	3	1.5	1096	360000	8	2500	1930	20	12	20	60	4	56	84	104	68	12	12	144
29788204_zpid	29788204_zpid	10468	3191 Grand Concourse, Bronx, NY 10468	40.876669	-73.886086	0.19543289344	9	0.172292379611	4	0.3635096557	4	6	2	3190	370000	24	1961	1910	216	7	59	41	34	6	6	0	17	15	7	71
29832102_zpid	29832102_zpid	10466	739 E 227th St, Bronx, NY 10466	40.888982	-73.858229	0.145589229369	5	0.316005649814	2	0.20739090835	3	6	2	1974	500000	10	5718	1901	333	27	132	140	129	93	27	12	48	68	20	246
30665840_zpid	30665840_zpid	11218	19 E 10th St, Brooklyn, NY 11218	40.647988	-73.970293	0.191094913759	9	0.855348465697	0	0.504626542624	3	5	2.5	2100	1300000	13	2000	1925	93	24	37	47	45	25	19	19	22	18	4	109
30652869_zpid	30652869_zpid	11203	371 E 49th St, Brooklyn, NY 11203	40.652885	-73.931224	0.15045076926	6	0.172392451085	3	1.50408827177	0	3	2	1924	600000	14	2178	1925	228	21	94	86	102	74	41	8	43	44	19	209
30600854_zpid	30600854_zpid	11233	254 Macdougal St, Brooklyn, NY 11233	40.6801839	-73.91002	0.247662385779	6	0.270816215878	5	0.198758326698	6	7	4	2727	820000	12	1176	1899	190	18	149	158	114	38	40	16	51	75	25	183
29847682_zpid	29847682_zpid	10465	2828 Barkley Ave, Bronx, NY 10465	40.8297447	-73.8286135	0.202633613551	2	0.548001277412	1	1.6575060157	0	4	2	1820	352908	43	2500	1946	11	13	8	9	4	11	23	15	9	2	6	48
30574431_zpid	30574431_zpid	11232	205 32nd St, Brooklyn, NY 11232	40.65563	-74.0001	0.236810416855	5	0.558573934028	2	0.391240742726	2	7	5	4600	1899000	11	2003	1899	92	120	48	68	44	28	112	60	52	4	36	264
89069559_zpid	89069559_zpid	11215	248 9th St # 3, Brooklyn, NY 11215	40.6703166	-73.989188	0.0935188989593	12	0.357861673944	3	0.0534844179529	3	2	1	1155	748000	18	1575	1899	66	83	29	56	25	37	58	36	31	20	19	229
29818673_zpid	29818673_zpid	10461	1240 Pelham Pkwy S, Bronx, NY 10461	40.857131	-73.851016	0.431753101231	3	0.817580076345	0	0.420713478028	1	4	3	2501	608000	21	3741	1949	15	2	1	2	0	9	15	7	5	2	2	35
30745116_zpid	30745116_zpid	11229	2165 E 29th St, Brooklyn, NY 11229	40.59876	-73.942299	0.106298804204	7	0.164162640152	3	1.15361465783	0	3	3	1989	775000	0	1890	1940	17	16	9	12	9	13	34	18	20	3	4	99
30791582_zpid	30791582_zpid	11235	2784 E 16th St, Brooklyn, NY 11235	40.583803	-73.952929	0.267869295361	11	0.372758127606	5	0.359573008895	1	4	1	2520	546000	65	2100	1927	136	19	39	55	34	50	35	31	37	22	13	152
29828322_zpid	29828322_zpid	10469	1043 E 218th St, Bronx, NY 10469	40.879923	-73.853195	0.483805318528	8	0.567871908106	2	0.912111562626	0	3	3	1188	310000	10	1298	1955	102	19	51	74	61	64	9	8	30	22	9	99
64889976_zpid	64889976_zpid	10467	716 E 214th St, Bronx, NY 10467	40.879349	-73.864234	0.144704096989	4	0.15759949022	2	0.271221474829	3	6	3	3744	595000	1	1742	2005	212	17	82	88	72	55	24	4	34	37	17	192
29833845_zpid	29833845_zpid	10466	4182 Paulding Ave, Bronx, NY 10466	40.890204	-73.848668	0.0577009670989	5	0.256270845462	3	0.81223662901	0	3	1.5	1732	365000	22	1550	1945	60	15	31	24	19	74	25	8	29	18	10	83
30789439_zpid	30789439_zpid	11235	46 Brighton 1st Pl, Brooklyn, NY 11235	40.5772384	-73.966144	0.0609153589218	8	0.223449044456	8	0.224388705713	2	3	2	1562	475000	88	1800	1915	380	152	240	312	232	184	128	44	168	76	68	852
30789439_zpid	30789439_zpid	11235	46 Brighton 1st Pl, Brooklyn, NY 11235	40.5772384	-73.966144	0.0609153589218	7	0.223449044456	8	0.224388705713	2	3	2	1562	475000	88	1800	1915	380	152	240	312	232	184	128	44	168	76	68	852
30773672_zpid	30773672_zpid	11236	1069 E 95th St, Brooklyn, NY 11236	40.644492	-73.904115	0.210639352908	5	0.957839147392	0	0.307446403971	1	4	3	1984	455000	11	2090	1925	196	40	96	140	76	264	108	40	44	88	36	384
30773672_zpid	30773672_zpid	11236	1069 E 95th St, Brooklyn, NY 11236	40.644492	-73.904115	0.210639352908	5	0.991249143904	0	0.307446403971	1	4	3	1984	455000	11	2090	1925	196	40	96	140	76	264	108	40	44	88	36	384
30567850_zpid	30567850_zpid	11201	12 Garden Pl, Brooklyn, NY 11201	40.692948	-73.996317	0.198557689034	15	0.341732515519	4	0.523948961074	4	4	3.5	4000	5650000	14	1728	1901	252	420	104	176	88	96	264	160	124	40	56	824
30567850_zpid	30567850_zpid	11201	12 Garden Pl, Brooklyn, NY 11201	40.692948	-73.996317	0.198557689034	13	0.341732515519	4	0.523948961074	4	4	3.5	4000	5650000	14	1728	1901	252	420	104	176	88	96	264	160	124	40	56	824
30611438_zpid	30611438_zpid	11216	30 New York Ave, Brooklyn, NY 11216	40.679135	-73.947102	0.148548104807	9	0.139038504592	6	0.126380674339	3	5	2	2720	735000	28	1306	1901	354	112	157	233	175	40	49	18	73	82	31	340
30770619_zpid	30770619_zpid	11236	1159 E 87th St, Brooklyn, NY 11236	40.634509	-73.903011	0.432184731067	6	0.600537361263	2	1.35552747175	0	4	2	1760	424000	77	2600	1925	53	16	24	30	10	60	23	10	21	10	10	89
30769351_zpid	30769351_zpid	11236	903 E 85th St, Brooklyn, NY 11236	40.637886	-73.909242	0.0685813748644	7	0.284079839986	2	1.15867770022	0	4	1.5	2640	400000	169	2794	1960	40	8	25	17	12	81	30	15	28	14	12	110
30627047_zpid	30627047_zpid	11221	62 Bleecker St, Brooklyn, NY 11221	40.694081	-73.921857	0.447159140418	9	0.185345683029	5	0.496707798939	4	8	4	2964	1300000	0	1975	1930	175	53	75	107	69	39	36	16	57	34	30	216
30725251_zpid	30725251_zpid	11230	1216 Locust Ave, Brooklyn, NY 11230	40.618264	-73.962345	0.143415374946	7	0.0439611622338	5	0.259113035706	1	3	2	1120	541000	24	1598	1940	139	16	47	69	48	73	49	21	35	16	3	173
30793385_zpid	30793385_zpid	11229	10 Frank Ct, Brooklyn, NY 11229	40.586356	-73.921063	0.416955632512	1	1.66559837908	0	2.79819719066	0	4	2	706	389000	0	1799	1920	2	3	1	13	0	0	20	9	16	2	3	30
30672948_zpid	30672948_zpid	11218	130 E 8th St, Brooklyn, NY 11218	40.646883	-73.972683	0.101092591554	12	0.679064176963	1	0.415937866775	2	6	4	3000	165000	299	25	1901	134	34	48	70	54	37	33	28	26	23	8	148
30793202_zpid	30793202_zpid	11229	2328 Plumb 2nd St, Brooklyn, NY 11229	40.596228	-73.931655	0.411086986583	7	0.592283845907	1	1.98989857444	0	2	1	840	353000	31	1800	1925	28	60	0	20	8	28	76	28	72	12	8	152
29817950_zpid	29817950_zpid	10461	1945 Tenbroeck Ave, Bronx, NY 10461	40.854619	-73.851694	0.325317744866	4	0.783568517681	0	0.568686188026	2	3	2	1700	439000	7	4500	1940	35	4	6	10	7	17	28	12	14	5	2	65
29787638_zpid	29787638_zpid	10458	2974 Decatur Ave, Bronx, NY 10458	40.86864	-73.882677	0.181497080595	13	0.248156971923	6	0.23493293344	2	5	1.5	2522	475000	4	6000	1901	437	32	72	79	82	32	19	9	24	31	8	112
30625081_zpid	30625081_zpid	11237	200 Knickerbocker Ave, Brooklyn, NY 11237	40.7033631	-73.9267514	0.0236883621479	13	0.113883313002	5	0.514000841084	4	2	1	6300	725000	49	2500	1931	150	113	97	151	115	48	34	7	30	63	23	306
83049873_zpid	83049873_zpid	11206	27 Jefferson St, Brooklyn, NY 11206	40.697843	-73.934735	0.0609828057268	13	0.191031718525	5	0.105203286159	4	2	1	4576	621132	123	2200	2004	83	49	38	42	26	20	25	15	37	14	11	173
30713919_zpid	30713919_zpid	11214	1657 Cropsey Ave, Brooklyn, NY 11214	40.604365	-74.01022	0.189464941861	6	0.307631058124	3	0.820812201273	0	4	3	1762	1220000	0	1916	1960	14	18	10	25	6	32	18	39	17	2	3	69
29850311_zpid	29850311_zpid	10464	56 Centre St, Bronx, NY 10464	40.84377	-73.787577	0.194062997518	3	3.22379923341	0	3.48007177238	0	4	3	1854	721000	14	5713	1925	64	56	20	32	12	4	132	40	32	12	84	168
29850311_zpid	29850311_zpid	10464	56 Centre St, Bronx, NY 10464	40.84377	-73.787577	0.194062997518	3	2.93252065126	0	3.48007177238	0	4	3	1854	721000	14	5713	1925	64	56	20	32	12	4	132	40	32	12	84	168
29818144_zpid	29818144_zpid	10462	2032 Matthews Ave, Bronx, NY 10462	40.851616	-73.86273	0.262710672402	11	0.408804343785	5	0.359156848086	3	3	2	2024	495000	0	2500	1955	404	33	81	56	72	60	47	19	30	29	24	194
29843191_zpid	29843191_zpid	10465	3220 Country Club Rd, Bronx, NY 10465	40.84081	-73.8221839	0.682864039664	3	0.535494312554	2	1.10043756482	0	3	3	1472	445000	134	2178	1925	1	11	7	3	0	6	31	14	6	2	2	33
29787776_zpid	29787776_zpid	10458	301 E 196th St, Bronx, NY 10458	40.8667207	-73.8900409	0.278704928153	10	0.274948245077	10	0.293358007705	6	2	2	2080	397500	75	3345	1899	616	77	224	245	309	38	19	3	86	73	30	334
30761717_zpid	30761717_zpid	11234	3837 Avenue M, Brooklyn, NY 11234	40.620788	-73.936802	0.322211542043	2	0.461882508261	1	1.62404838381	0	6	2	3384	850000	0	2900	1930	46	12	25	29	23	32	25	19	15	9	2	105
30641664_zpid	30641664_zpid	11208	79 Hemlock St, Brooklyn, NY 11208	40.68807	-73.871886	0.189511101613	7	0.226437541128	5	0.215688154192	3	6	3	3192	456300	130	1999	1925	79	32	52	70	38	59	37	15	42	32	6	161
62649189_zpid	62649189_zpid	11236	606 E 88th St, Brooklyn, NY 11236	40.6419517	-73.9106969	0.299963723782	5	0.619819671129	1	0.912361884218	0	5	2.5	2520	592000	116	1877	2002	42	7	27	17	11	56	31	6	23	17	5	112
30664120_zpid	30664120_zpid	11210	885 E 37th St, Brooklyn, NY 11210	40.635317	-73.940832	0.419048194334	1	0.455852987258	2	0.638158769364	1	3	2.5	1424	470000	111	1999	1930	82	9	83	75	85	42	24	10	29	25	3	162
29846660_zpid	29846660_zpid	10465	3010 Lawton Ave, Bronx, NY 10465	40.817846	-73.812354	0.438241871043	4	0.497362977783	1	3.53037355005	0	3	2.5	1836	415000	62	2606	1950	5	10	2	7	3	10	23	12	13	4	9	62
30786589_zpid	30786589_zpid	11234	2181 E 38th St, Brooklyn, NY 11234	40.607667	-73.926147	0.486131327126	1	0.978506348972	0	2.67867262335	0	7	5	3213	825000	2	4720	1965	4	24	12	12	4	60	84	48	60	0	8	228
30783004_zpid	30783004_zpid	11234	2363 E 70th St, Brooklyn, NY 11234	40.615086	-73.903039	0.687518439405	1	0.589409579076	1	3.51556904849	0	4	3	1665	685000	14	2550	1970	8	48	12	32	4	28	76	36	52	4	12	192
29826351_zpid	29826351_zpid	10467	3752 Olinville Ave, Bronx, NY 10467	40.883363	-73.865251	0.21028917224	2	0.545672053389	2	0.220011970469	3	6	3	3192	498780	32	2375	1920	172	12	65	84	86	52	16	5	33	33	11	160
30672420_zpid	30672420_zpid	11218	18 Clara St, Brooklyn, NY 11218	40.644224	-73.98143	0.172139692004	10	0.116926768427	7	0.149379788699	1	9	4.75	3280	980000	36	2500	1931	87	29	41	51	35	48	48	39	16	14	10	178
30774874_zpid	30774874_zpid	11236	973 E 105th St, Brooklyn, NY 11236	40.646305	-73.892918	0.215716388039	4	0.186669103842	3	0.730321428965	1	3	3	1224	335000	56	1400	1960	38	8	22	16	13	27	11	3	13	9	8	84
30766795_zpid	30766795_zpid	11236	576 E 81st St, Brooklyn, NY 11236	40.639547	-73.916824	0.522605891083	7	0.562197528973	2	1.49186549498	0	7	3	2900	535000	13	2200	1965	25	7	17	15	8	40	25	10	24	7	8	61
30670936_zpid	30670936_zpid	11218	627 Vanderbilt St, Brooklyn, NY 11218	40.654103	-73.975472	0.160201182076	4	0.343837091555	2	0.48064502659	1	5	3	2410	1500000	18	3038	1901	10	16	13	18	10	21	18	21	14	1	4	49
30793417_zpid	30793417_zpid	11229	11 Ivan Ct, Brooklyn, NY 11229	40.586833	-73.924131	0.383969210179	2	1.40384984014	0	2.5381876377	0	2	1	590	110000	34	1800	1920	2	3	1	14	0	0	31	11	24	2	5	39
30607971_zpid	30607971_zpid	11221	274 Kosciuszko St, Brooklyn, NY 11221	40.691252	-73.943723	0.28989048691	9	0.182130510445	4	0.65043834022	2	5	4.5	3749	450000	17	1875	1899	116	38	61	92	72	18	25	7	22	35	16	151
30626250_zpid	30626250_zpid	11221	81 Himrod St, Brooklyn, NY 11221	40.6959096	-73.9242124	0.376435326397	14	0.298933724261	6	0.345306177231	4	7	3	2700	568000	52	1508	1920	177	71	78	110	80	49	22	20	54	33	30	233
30765868_zpid	30765868_zpid	11234	2476 Ralph Ave, Brooklyn, NY 11234	40.617671	-73.917409	0.151899095794	7	0.677502282889	1	3.06181897451	0	3	1	1276	478500	5	2100	1925	13	10	7	5	9	24	27	10	21	2	5	108
30652404_zpid	30652404_zpid	11203	143 E 55th St, Brooklyn, NY 11203	40.654658	-73.925565	0.255592480433	11	0.26232551459	4	1.08663353031	0	1	1	3036	344000	8	3100	1940	161	25	69	78	77	66	31	9	24	28	14	169
30789095_zpid	30789095_zpid	11235	2952 Brighton 1st St, Brooklyn, NY 11235	40.5792913	-73.9667902	0.272390455479	6	0.379144042189	8	0.361825157851	3	3	2	1344	535000	40	2000	1930	85	39	54	70	47	51	32	15	39	18	17	188
30658472_zpid	30658472_zpid	11203	61 E 42nd St, Brooklyn, NY 11203	40.6544542	-73.9381959	0.48271210614	3	0.622734039169	1	1.0417133094	0	6	3	1774	575000	27	2071	1925	376	56	232	184	164	216	120	40	112	128	28	416
30658472_zpid	30658472_zpid	11203	61 E 42nd St, Brooklyn, NY 11203	40.6544542	-73.9381959	0.393595606196	3	0.622734039169	1	1.0417133094	0	6	3	1774	575000	27	2071	1925	376	56	232	184	164	216	120	40	112	128	28	416
30747072_zpid	30747072_zpid	11229	2351 E 22nd St, Brooklyn, NY 11229	40.59384	-73.948084	0.182754027169	14	0.592467077443	3	0.618345254977	1	7	4	3600	875000	41	3000	1927	62	9	21	25	26	32	31	25	24	12	4	71
30732745_zpid	30732745_zpid	11224	3832 Lyme Ave, Brooklyn, NY 11224	40.576965	-74.006933	0.403724435663	2	0.42666755118	1	2.17354391619	0	5	3	5234	625000	20	6000	1995	124	56	36	132	32	16	80	8	60	20	8	168
30761481_zpid	30761481_zpid	11234	2010 Ralph Ave, Brooklyn, NY 11234	40.628454	-73.918558	0.436749576115	3	0.161237266259	2	2.46916403563	0	7	3	3902	553000	146	2100	1975	20	9	18	12	10	35	13	22	12	15	3	71
30745202_zpid	30745202_zpid	11229	2130 Batchelder St, Brooklyn, NY 11229	40.599956	-73.939174	0.308469707762	7	0.335830382974	3	1.41805043722	0	2	3	928	530000	2	1600	1950	28	12	9	14	6	8	31	16	20	2	2	70
30789612_zpid	30789612_zpid	11235	3052 Brighton 6th St, Brooklyn, NY 11235	40.578313	-73.962031	0.153562038462	10	0.11716510112	5	0.0962904912889	2	10	6	2400	215000	311	2450	1925	736	276	256	368	212	288	208	100	168	128	104	1112
30789612_zpid	30789612_zpid	11235	3052 Brighton 6th St, Brooklyn, NY 11235	40.578313	-73.962031	0.153562038462	11	0.11716510112	5	0.0962904912889	2	10	6	2400	215000	311	2450	1925	736	276	256	368	212	288	208	100	168	128	104	1112
30689760_zpid	30689760_zpid	11219	1171 67th St, Brooklyn, NY 11219	40.626571	-74.005165	0.227624390037	7	0.301054972217	4	0.536233648614	2	3	1.5	1180	458000	21	2000	1910	43	11	15	17	10	41	47	49	15	6	15	105
30707088_zpid	30707088_zpid	11228	1360 77th St, Brooklyn, NY 11228	40.618065	-74.007291	0.152078122477	11	0.407811004426	3	0.731994619498	1	4	3	3046	960000	14	3049	1925	8	13	6	23	6	43	46	44	20	2	3	69
30712414_zpid	30712414_zpid	11214	16 Bay 25th St, Brooklyn, NY 11214	40.603889	-73.9981449	0.208988324377	10	0.139905932117	10	0.074275763122	3	6	2	4392	2600000	11	4834	1930	149	26	44	47	30	86	43	40	26	15	7	178
30590200_zpid	30590200_zpid	11238	274 Prospect Pl, Brooklyn, NY 11238	40.677021	-73.9674579	0.104494229224	15	0.161232766853	6	0.345772206333	4	6	4	2748	89000	255	2620	1910	644	532	248	344	288	108	192	144	164	128	48	864
30611432_zpid	30611432_zpid	11216	172 Herkimer St, Brooklyn, NY 11216	40.679294	-73.9477	0.134167204884	11	0.0981767391769	7	0.110812496378	5	5	4	2604	1240000	26	1500	1901	1440	488	652	952	712	152	212	80	308	344	124	1388
89073820_zpid	89073820_zpid	11207	266 Van Siclen Ave, Brooklyn, NY 11207	40.67342	-73.890776	0.122675768181	9	0.319354328776	5	0.0734228505646	3	9	3	3060	325000	0	2500	2007	492	108	380	444	376	268	152	100	180	160	80	932
89073820_zpid	89073820_zpid	11207	266 Van Siclen Ave, Brooklyn, NY 11207	40.67342	-73.890776	0.122675768181	9	0.106275083293	7	0.0734228505646	3	9	3	3060	325000	0	2500	2007	492	108	380	444	376	268	152	100	180	160	80	932
30601965_zpid	30601965_zpid	11206	824 Willoughby Ave, Brooklyn, NY 11206	40.695232	-73.935359	0.236093438145	11	0.173403935725	6	0.221289945245	4	1	1	2820	425000	140	2000	1987	76	32	30	40	26	22	21	11	25	21	11	128
30620478_zpid	30620478_zpid	11222	200 Guernsey St, Brooklyn, NY 11222	40.72748	-73.9546639	0.0390656433425	15	0.144924660669	4	0.301191624028	2	4	2	1680	765000	79	1500	1901	63	83	21	46	26	46	34	26	20	13	11	181
29853681_zpid	29853681_zpid	10471	6013 Huxley Ave, Bronx, NY 10471	40.908091	-73.898401	0.384812148875	5	0.385808378557	5	1.39987726341	0	4	2	1800	500000	114	2625	1975	12	9	5	10	5	17	29	10	16	2	4	50
30773942_zpid	30773942_zpid	11236	1105 E 94th St, Brooklyn, NY 11236	40.643348	-73.904054	0.337208295406	5	0.889758950065	0	0.412427016831	1	7	3	780	209000	256	4492	1935	59	10	18	22	15	64	28	9	12	20	8	103
29845505_zpid	29845505_zpid	10465	272 Hollywood Ave, Bronx, NY 10465	40.81882	-73.814374	0.242674546636	4	0.302243342507	1	3.34502318534	0	5	3	2400	512000	18	3162	1925	7	9	3	9	5	17	17	11	11	5	10	61
30658041_zpid	30658041_zpid	11203	45 E 40th St, Brooklyn, NY 11203	40.6549155	-73.9401854	0.449577048552	3	0.793405625392	0	0.866502467487	0	3	2	1790	435000	8	1387	1940	268	56	164	108	92	232	112	44	88	80	12	332
30658041_zpid	30658041_zpid	11203	45 E 40th St, Brooklyn, NY 11203	40.6549155	-73.9401854	0.449577048552	2	0.793405625392	0	0.866502467487	0	3	2	1790	435000	8	1387	1940	268	56	164	108	92	232	112	44	88	80	12	332
30657617_zpid	30657617_zpid	11225	362 Hawthorne St, Brooklyn, NY 11225	40.657715	-73.948399	0.148741365429	5	0.19779143589	8	0.147322230651	2	4	5	1880	1399000	2	2000	1901	128	22	61	60	56	34	20	7	22	26	6	108
30762748_zpid	30762748_zpid	11234	4302 Flatlands Ave, Brooklyn, NY 11234	40.62193	-73.933826	0.174661394475	11	0.161047780377	3	1.68417491575	0	3	2	1432	469000	10	2916	1920	45	18	21	30	26	36	29	21	17	10	0	136
30613972_zpid	30613972_zpid	11238	446A Classon Ave, Brooklyn, NY 11238	40.684594	-73.959455	0.319931277066	13	0.377216239688	5	0.47915662995	5	5	3.5	2688	1936400	22	1500	1890	125	176	79	115	69	29	45	19	52	20	42	197
30648763_zpid	30648763_zpid	11207	1008 Van Siclen Ave, Brooklyn, NY 11207	40.655458	-73.882053	0.521015572555	5	0.475882583834	2	1.21523229277	0	4	2.5	1836	192000	229	1783	1960	76	16	36	48	24	24	56	20	4	4	4	132
29853045_zpid	29853045_zpid	10471	253 W 254th St, Bronx, NY 10471	40.901628	-73.899843	0.380196520355	4	0.420889859973	3	1.22995299153	0	4	2.5	1668	805000	0	2509	1935	56	4	12	12	16	68	52	24	48	0	4	96
30599894_zpid	30599894_zpid	11233	364 Bainbridge St, Brooklyn, NY 11233	40.681741	-73.922098	0.45091265081	8	0.362667071201	2	0.337842275638	2	10	7	2268	9000000	6	1800	1899	196	57	128	157	121	28	27	13	58	86	26	254
30707497_zpid	30707497_zpid	11214	2118 77th St, Brooklyn, NY 11214	40.607772	-73.9902539	0.189943371876	10	0.335125297292	5	0.717716346739	1	7	3	2700	930000	129	4000	1925	81	9	27	37	22	55	38	26	15	8	9	90
29796188_zpid	29796188_zpid	10472	1014 Virginia Ave, Bronx, NY 10472	40.826885	-73.858583	0.135146039032	5	0.138622548921	5	0.730505639245	1	5	1	1004	523000	11	4734	1925	52	8	25	28	30	38	22	10	34	13	8	56
30715241_zpid	30715241_zpid	11214	1936 20th Dr, Brooklyn, NY 11214	40.599789	-74.005313	0.312185488262	5	0.466254101617	3	0.803915808472	0	5	2	1652	929000	0	2484	1940	110	11	31	23	21	39	34	35	10	9	9	95
30765344_zpid	30765344_zpid	11234	1781 E 48th St, Brooklyn, NY 11234	40.617076	-73.928337	0.185911270724	6	0.755278967703	0	2.39548135746	0	3	1	1728	419000	0	1850	1930	17	54	6	10	7	36	37	22	13	6	4	135
29841050_zpid	29841050_zpid	10465	3171 Fairmount Ave, Bronx, NY 10465	40.8359949	-73.822254	0.201993901574	4	0.174146532822	1	1.47337727381	0	3	2	2022	430000	127	20037.600000000002	1910	6	7	9	8	8	8	28	12	11	4	4	42
30770467_zpid	30770467_zpid	11236	8412 Avenue K, Brooklyn, NY 11236	40.634105	-73.906151	0.480657439831	8	0.563876367962	2	1.44341862346	0	4	2	2350	265000	6	1999	1960	45	7	16	26	9	79	26	11	29	9	10	83
30773081_zpid	30773081_zpid	11236	9513 Foster Ave, Brooklyn, NY 11236	40.647587	-73.907293	0.321130886525	3	0.974268950214	0	0.471313244437	2	2	1	3240	470000	88	2500	1935	30	6	19	29	16	39	27	6	8	16	6	80
112079812_zpid	112079812_zpid	11238	823 Classon Ave APT 3E, Brooklyn, NY 11238	40.672466	-73.96061	0.248274542482	11	0.158742920556	4	0.262934890598	4	1	1	311	503000	32	6500	2008	197	146	113	113	99	12	24	18	33	35	13	177
29816529_zpid	29816529_zpid	10461	2009 Mayflower Ave, Bronx, NY 10461	40.852204	-73.834045	0.340140365232	6	0.350946721705	1	0.591249520178	2	3	1.5	1088	380000	2	2275	1951	54	14	15	16	20	32	20	15	12	4	5	50
29781145_zpid	29781145_zpid	10474	1309 Seneca Ave, Bronx, NY 10474	40.819178	-73.887155	0.168921330954	6	0.278845554477	4	0.34723669956	2	3	1.5	3350	285000	42	2500	1925	146	11	89	85	75	14	18	11	31	24	13	134
30777776_zpid	30777776_zpid	11236	10812 Flatlands 8th St, Brooklyn, NY 11236	40.641348	-73.883464	0.76224601764	0	0.623189746591	1	1.66152535238	0	4	2.5	2570	510000	42	3098	1965	4	0	8	4	2	2	10	2	8	3	1	21
30716387_zpid	30716387_zpid	11230	1135 E 2nd St, Brooklyn, NY 11230	40.6225999	-73.9742211	0.438446763088	5	0.493498990082	4	0.222048343749	2	2	1.5	1500	382800	39	4000	1935	17	6	5	17	3	10	29	18	7	1	2	42
30767332_zpid	30767332_zpid	11234	894 E 54th St, Brooklyn, NY 11234	40.63636	-73.925104	0.189240831443	5	0.622721358046	1	1.94395706653	0	3	2.5	2155	420000	32	2047	1950	20	7	1	8	3	17	15	6	11	4	1	36
30636843_zpid	30636843_zpid	11208	23 Elton St, Brooklyn, NY 11208	40.683196	-73.88521	0.402788030314	5	0.380409651315	4	0.364875040233	2	6	4	2320	600000	19	2500	1915	53	19	27	24	31	31	24	16	18	17	9	92
30783555_zpid	30783555_zpid	11229	3048 Avenue R, Brooklyn, NY 11229	40.609663	-73.939689	0.404266415251	3	0.46770292519	1	1.53579261884	0	3	2	1795	810000	10	3200	1925	15	4	8	16	7	4	10	7	8	2	2	38
30595456_zpid	30595456_zpid	11225	217 Lincoln Rd, Brooklyn, NY 11225	40.661502	-73.955304	0.394410377718	8	0.423648090188	7	0.400639974432	3	6	3	2704	2599900	0	2051	1905	523	98	196	161	177	27	41	18	52	63	23	297
30764920_zpid	30764920_zpid	11234	1348 E 59th St, Brooklyn, NY 11234	40.6206559	-73.918662	0.128868055611	10	0.785564109529	0	2.79881511564	0	5	2	2496	600000	6	4000	1955	20	24	8	24	28	140	112	72	84	16	28	380
30786821_zpid	30786821_zpid	11234	2131 Hendrickson St, Brooklyn, NY 11234	40.610428	-73.924321	0.49680675344	3	1.20373077781	0	2.83730301443	0	3	1	1122	430000	41	2500	1925	24	36	20	40	16	132	92	68	60	16	24	328
30662214_zpid	30662214_zpid	11203	747 E 46th St, Brooklyn, NY 11203	40.643077	-73.933065	0.125959177319	5	0.795211730732	0	1.34169934281	0	3	2	1368	299000	12	1800	1930	29	14	11	14	10	33	22	7	18	11	3	92
29813186_zpid	29813186_zpid	10462	847 Kinsella St, Bronx, NY 10462	40.8457999	-73.860628	0.111751879108	9	0.225730961822	4	0.740445198398	1	5	3	2200	590000	97	20	1930	161	24	47	58	36	73	37	21	29	22	9	128
30670864_zpid	30670864_zpid	11218	655 19th St, Brooklyn, NY 11218	40.653214	-73.9780679	0.149086431599	7	0.3974616612	1	0.427406313139	1	3	3	1074	999999	10	1374	1910	36	76	52	80	48	84	88	100	60	4	16	204
