29849605_zpid	29849605_zpid	10465	257 Graff Ave, Bronx, NY 10465	40.815269	-73.823797	0.717650582472	2	0.683197643245	1	3.06780912588	0	4	2.5	1836	431600	52	2500	1968	16	11	11	2	2	21	14	18	13	5	2	36
30727894_zpid	30727894_zpid	11229	1725 E 27th St, Brooklyn, NY 11229	40.608911	-73.946108	0.467542809858	2	0.711190575892	1	0.989731845911	0	3	1	2546	805000	5	2500	1925	216	28	64	84	32	136	100	132	92	16	8	356
30727894_zpid	30727894_zpid	11229	1725 E 27th St, Brooklyn, NY 11229	40.608911	-73.946108	0.467542809858	2	0.710546595237	2	0.989731845911	0	3	1	2546	805000	5	2500	1925	216	28	64	84	32	136	100	132	92	16	8	356
29781282_zpid	29781282_zpid	10474	636 Manida St, Bronx, NY 10474	40.812818	-73.887645	0.183403725045	5	0.300780045903	3	0.825972921562	0	8	4	4920	600000	101	2908	1925	125	17	89	78	65	22	18	2	28	16	12	145
30585744_zpid	30585744_zpid	11215	198 13th St, Brooklyn, NY 11215	40.668006	-73.991382	0.0525838076099	11	0.342564622348	2	0.297718892155	3	2	1	2322	2145000	2	1717	1899	75	71	27	60	28	31	57	29	33	17	15	218
30638466_zpid	30638466_zpid	11207	287 Warwick St, Brooklyn, NY 11207	40.676764	-73.886448	0.153361247864	9	0.296839819507	8	0.385840927562	5	4	3	1600	509600	17	2250	1901	54	24	45	54	35	61	25	16	34	22	9	139
30746320_zpid	30746320_zpid	11229	2240 E 28th St, Brooklyn, NY 11229	40.597086	-73.943501	0.181338750971	8	0.327057186684	4	1.00663865424	0	3	2.5	1624	285000	158	1600	1940	11	14	7	20	8	18	33	23	22	3	4	94
30599376_zpid	30599376_zpid	11233	677 Macdonough St, Brooklyn, NY 11233	40.684067	-73.919032	0.204839068134	7	0.35110328396	3	0.326239508277	4	4	2	2400	90000	14	1999	1899	205	50	137	151	123	20	34	9	59	88	21	245
30592426_zpid	30592426_zpid	11216	661 Saint Johns Pl, Brooklyn, NY 11216	40.672443	-73.95619	0.0962329480146	10	0.514797716242	4	0.255511480139	6	3	1.5	1905	777500	43	2432	1910	676	144	396	428	360	80	92	32	100	160	96	576
30592426_zpid	30592426_zpid	11216	661 Saint Johns Pl, Brooklyn, NY 11216	40.672443	-73.95619	0.0962329480146	11	0.514797716242	4	0.255511480139	6	3	1.5	1905	777500	43	2432	1910	676	144	396	428	360	80	92	32	100	160	96	576
55676639_zpid	55676639_zpid	11233	1105 Herkimer St, Brooklyn, NY 11233	40.678071	-73.916849	0.256058666523	2	0.450329601803	4	0.400781440331	2	5	3	2548	680000	6	1975	1999	245	21	142	183	123	47	38	17	57	77	36	239
112080412_zpid	112080412_zpid	11249	122 S 1st St APT 3, Brooklyn, NY 11249	40.713949	-73.962512	0.0677350530321	10	0.295299979964	4	0.600984234047	2	1	1	800	823980	68	2500	2008	24	86	7	25	6	29	18	15	21	3	6	101
30643558_zpid	30643558_zpid	11208	297 Grant Ave, Brooklyn, NY 11208	40.683697	-73.866999	0.449067726549	8	0.173231450851	8	0.575577726243	1	4	3	3420	640000	98	2000	1899	75	30	47	64	42	52	18	9	51	32	7	146
30692870_zpid	30692870_zpid	11209	66 70th St, Brooklyn, NY 11209	40.637047	-74.033488	0.310174873668	7	0.531072701715	2	0.884966232419	0	6	5	3625	1675000	0	5267	1925	77	5	6	17	11	27	18	78	15	3	1	55
29793706_zpid	29793706_zpid	10473	2148 Hermany Ave, Bronx, NY 10473	40.824293	-73.8504109	0.408870493176	4	0.508369347843	2	1.11650059297	0	5	3	3420	499500	18	5282	1935	48	19	22	15	10	28	15	6	13	9	8	55
30759723_zpid	30759723_zpid	11210	1059 E 42nd St, Brooklyn, NY 11210	40.629124	-73.935413	0.175049504763	9	0.797624589607	0	1.11270858502	0	3	3.5	1910	540000	8	4000	1920	19	1	13	20	7	25	14	13	13	5	7	50
29850380_zpid	29850380_zpid	10464	45 Schofield St, Bronx, NY 10464	40.844736	-73.788436	0.304541531895	3	3.14960212883	0	3.38035886212	0	3	2	1927	449000	9	3567	1927	72	56	20	32	12	4	140	44	28	8	88	176
29850380_zpid	29850380_zpid	10464	45 Schofield St, Bronx, NY 10464	40.844736	-73.788436	0.304541531895	3	2.90190332482	0	3.38035886212	0	3	2	1927	449000	9	3567	1927	72	56	20	32	12	4	140	44	28	8	88	176
30770758_zpid	30770758_zpid	11236	24 Paerdegat 7th St, Brooklyn, NY 11236	40.6301289	-73.907503	0.737474517619	1	0.753227173943	0	1.90053511058	0	3	1.5	2457	335000	195	1219680	1965	31	5	8	16	7	49	17	4	24	5	5	41
30791598_zpid	30791598_zpid	11235	2773 E 15th St, Brooklyn, NY 11235	40.583948	-73.953326	0.24252665331	11	0.351694848565	6	0.33556994823	1	8	5	4620	600000	1	2350	1932	137	18	40	59	34	50	37	32	37	22	13	154
30664441_zpid	30664441_zpid	11225	140 Lincoln Rd, Brooklyn, NY 11225	40.660871	-73.958026	0.214487402563	11	0.292137929728	8	0.365894085909	3	6	4	3646	1265000	68	5250	1915	440	105	193	168	179	20	46	23	66	58	16	307
30655145_zpid	30655145_zpid	11236	137 E 87th St, Brooklyn, NY 11236	40.649126	-73.919293	0.287501654517	5	0.760203000307	0	1.39490934055	0	6	2	1910	535000	19	2217	1940	23	4	11	13	8	24	17	6	9	10	4	55
30743712_zpid	30743712_zpid	11229	2069 E 27th St, Brooklyn, NY 11229	40.600724	-73.944567	0.394811152484	4	0.126117119968	3	0.973330469605	0	3	2	1584	652000	12	1850	1930	84	60	40	72	36	104	168	60	92	12	20	492
30743712_zpid	30743712_zpid	11229	2069 E 27th St, Brooklyn, NY 11229	40.600724	-73.944567	0.394811152484	4	0.126117119968	2	0.973330469605	0	3	2	1584	652000	12	1850	1930	84	60	40	72	36	104	168	60	92	12	20	492
30771821_zpid	30771821_zpid	11236	1360 E 85th St, Brooklyn, NY 11236	40.630088	-73.901374	0.745089625241	1	0.537239315951	1	1.84455699401	0	4	2	1760	413400	5	2000	1955	52	9	19	24	10	54	23	10	25	6	10	71
29851506_zpid	29851506_zpid	10463	3117 Kingsbridge Ave, Bronx, NY 10463	40.880503	-73.906482	0.176727458453	14	0.227150139421	7	0.210678972962	3	5	3	3384	760000	29	7194	1901	302	35	72	84	68	31	47	10	36	22	11	171
83046103_zpid	83046103_zpid	11221	976 Dekalb Ave, Brooklyn, NY 11221	40.692862	-73.936232	0.365916710076	10	0.417502694224	6	0.486111783398	2	3	2	4288	60000	5	2000	2006	564	276	292	396	352	148	108	60	104	188	148	772
30789205_zpid	30789205_zpid	11235	2923 Brighton 3rd St, Brooklyn, NY 11235	40.5802656	-73.9652859	0.139781842651	7	0.362991930385	7	0.445770727415	2	4	1	750	390000	100	1600	1910	416	200	236	348	172	240	152	96	160	84	100	920
30789205_zpid	30789205_zpid	11235	2923 Brighton 3rd St, Brooklyn, NY 11235	40.5802656	-73.9652859	0.356933793782	6	0.362991930385	7	0.445770727415	2	4	1	750	390000	100	1600	1910	416	200	236	348	172	240	152	96	160	84	100	920
30651881_zpid	30651881_zpid	11203	71 E 55th St, Brooklyn, NY 11203	40.6564229	-73.925735	0.248189576358	10	0.441055850828	2	0.962224210459	0	3	1.5	4554	475000	39	2867	1910	157	21	61	68	72	62	30	7	17	25	15	133
30712852_zpid	30712852_zpid	11228	140 Bay 10th St, Brooklyn, NY 11228	40.6082818	-74.0118379	0.168349975662	7	0.452048886431	3	0.854505512902	0	2	2	2754	1488000	0	4485	1920	7	12	2	11	2	22	33	29	23	3	5	54
29797091_zpid	29797091_zpid	10472	2226 Chatterton Ave, Bronx, NY 10472	40.828243	-73.848933	0.0789600933139	8	0.766093689518	0	0.710751611836	1	7	3	2200	235000	9	2570	1930	28	10	8	16	11	18	17	5	7	8	5	36
30759686_zpid	30759686_zpid	11210	1052 E 42nd St, Brooklyn, NY 11210	40.629211	-73.936002	0.567952368462	4	0.748292125378	1	1.06295200931	0	3	1	1530	413400	68	20	1930	28	1	15	22	10	27	17	15	14	5	8	59
2123961718_zpid	2123961718_zpid	11218	66 Westminster Rd, Brooklyn, NY 11218	40.647608	-73.968769	0.058818365251	9	0.811526877455	0	0.521167585972	3	5	4	3200	1550000	2	2565	1931	73	17	33	37	36	21	11	16	16	18	2	96
30572979_zpid	30572979_zpid	11231	122 2nd St, Brooklyn, NY 11231	40.677458	-73.991562	0.223401348407	9	0.367699238063	2	0.433564664932	3	3	3	2522	135000	226	1090	1931	12	18	1	19	9	11	31	28	16	1	1	73
83045560_zpid	83045560_zpid	11216	135 Herkimer St, Brooklyn, NY 11216	40.679804	-73.948685	0.137771619277	9	0.0589074620106	8	0.122702628151	5	2	1	900	849000	103	1937	2007	322	133	151	215	166	41	53	21	73	78	33	323
30636383_zpid	30636383_zpid	11207	752 Williams Ave, Brooklyn, NY 11207	40.657081	-73.896242	0.651085545671	1	0.53582989038	1	0.312371255285	1	4	2	2000	445676	26	2000	1901	66	9	43	49	30	22	22	11	15	31	8	93
30775813_zpid	30775813_zpid	11236	10573 Avenue K, Brooklyn, NY 11236	40.645623	-73.889358	0.363775835033	2	0.331466931238	3	1.01746435804	0	4	2.5	2000	430000	3	2000	1965	38	3	14	13	12	13	11	2	10	6	7	54
30637443_zpid	30637443_zpid	11208	96 Essex St, Brooklyn, NY 11208	40.682162	-73.883581	0.225080069933	7	0.236327466832	3	0.262250509544	2	4	2	2970	245000	8	1999	1910	72	33	46	48	45	47	32	21	32	19	14	136
29778540_zpid	29778540_zpid	10452	1021 Summit Ave, Bronx, NY 10452	40.833884	-73.930088	0.282749486608	3	0.306524421809	3	0.684018608395	1	4	1	1304	190000	12	2090	1899	367	43	161	174	170	34	17	3	71	67	26	275
30785471_zpid	30785471_zpid	11234	1909 E 51st St, Brooklyn, NY 11234	40.6136089	-73.924992	0.533782849812	5	1.09253147567	0	2.82767087313	0	3	2	1800	440000	40	2000	1960	14	7	10	10	9	34	31	20	19	6	8	106
30755237_zpid	30755237_zpid	11234	3518 Avenue M, Brooklyn, NY 11234	40.619928	-73.940146	0.430882782289	2	0.251351086034	3	1.57029169169	0	3	1.5	2242	659000	4	2050	1930	35	9	19	16	8	27	20	15	17	6	3	80
29851404_zpid	29851404_zpid	10475	3449 Mc Owen Ave, Bronx, NY 10475	40.887053	-73.818287	0.895163226708	0	0.597565865787	1	1.06500214934	0	2	2	750	389875	0	4499	1950	0	0	0	1	0	2	2	4	0	0	1	4
30766068_zpid	30766068_zpid	11236	264 E 86th St, Brooklyn, NY 11236	40.646358	-73.918126	0.404979328612	3	1.02435451239	0	1.37511244462	0	2	1	1188	343000	117	1440	1945	8	2	10	11	7	15	14	3	6	6	3	48
30780353_zpid	30780353_zpid	11234	1245 E 69th St, Brooklyn, NY 11234	40.624676	-73.914813	0.556595378137	4	0.676233268768	1	2.68047211295	0	9	4.5	3396	800000	6	4500	1965	84	16	56	56	36	208	56	92	60	40	24	348
30768477_zpid	30768477_zpid	11236	759 E 80th St, Brooklyn, NY 11236	40.63606	-73.913425	0.113744843668	6	0.0910524675768	2	1.53191206143	0	5	2.5	2214	208000	250	1800	1960	31	9	28	16	12	69	30	15	27	11	9	91
30750754_zpid	30750754_zpid	11210	923 E 35th St, Brooklyn, NY 11210	40.632289	-73.94249	0.0720330091384	2	0.134544335737	3	0.439482408931	1	3	1	1890	350000	12	1440	1925	364	92	204	220	208	224	140	88	88	68	24	564
30777138_zpid	30777138_zpid	11236	1447 E 94th St, Brooklyn, NY 11236	40.6365816	-73.89661	0.12434027251	7	0.0976295353759	3	1.20545512639	0	6	3	1800	1350000	40	2392	1901	30	22	23	28	7	55	25	13	15	13	4	89
30732846_zpid	30732846_zpid	11224	3706 Neptune Ave, Brooklyn, NY 11224	40.5766149	-74.003501	0.673424720773	1	0.159218383423	2	1.88491850997	0	3	2	1655	260000	164	2200	1945	51	15	15	41	13	5	20	7	20	13	2	55
30570470_zpid	30570470_zpid	11231	44 Woodhull St, Brooklyn, NY 11231	40.681179	-74.003305	0.122529404425	15	0.255491165995	4	0.758754257508	0	6	7	2400	1550000	3	2000	1910	30	51	22	42	19	12	43	31	6	10	10	143
30702254_zpid	30702254_zpid	11209	9904 Fort Hamilton Pkwy, Brooklyn, NY 11209	40.612495	-74.031697	0.187091925574	7	0.487287653029	2	0.411565433159	1	6	2	2100	868500	27	1850	1925	176	68	48	52	56	144	108	116	20	28	16	228
30574399_zpid	30574399_zpid	11232	123 32nd St, Brooklyn, NY 11232	40.65747	-74.0032504	0.145672795396	4	0.528984439338	2	0.348770128591	2	3	2	1251	494000	119	2504	1910	24	33	13	16	12	11	44	18	14	1	9	69
30726561_zpid	30726561_zpid	11230	1559 E 18th St, Brooklyn, NY 11230	40.612208	-73.955725	0.244878127794	8	0.167719193616	6	0.431168464664	2	5	3.5	2200	715000	111	2667	1925	72	9	44	57	34	53	16	28	14	5	3	74
30585488_zpid	30585488_zpid	11215	468 11th St, Brooklyn, NY 11215	40.6659049	-73.9834207	0.0892587501568	19	0.37375549004	7	0.266221596257	4	4	3.5	2500	3200000	9	1658	1901	244	308	92	264	76	160	284	144	124	52	80	856
30585488_zpid	30585488_zpid	11215	468 11th St, Brooklyn, NY 11215	40.6659049	-73.9834207	0.0892587501568	18	0.063172763045	8	0.266221596257	4	4	3.5	2500	3200000	9	1658	1901	244	308	92	264	76	160	284	144	124	52	80	856
30745030_zpid	30745030_zpid	11229	2147 E 27th St, Brooklyn, NY 11229	40.598949	-73.944234	0.244507538774	6	0.139000991923	3	0.989266110791	0	2	1.75	1088	276000	149	1600	1940	84	64	40	56	40	76	148	68	84	12	20	440
79722015_zpid	79722015_zpid	11234	22 Bell Point Dr, Brooklyn, NY 11234	40.6099035	-73.9142599	0.71082500459	2	0.913618344969	0	3.68339698596	0	4	5	4336	1200000	0	6151	2007	8	20	4	20	12	76	12	96	72	8	0	92
30595040_zpid	30595040_zpid	11225	233 Sterling St, Brooklyn, NY 11225	40.6632109	-73.953214	0.265518848297	9	0.212795404357	6	0.206332538956	3	4	1	1700	140000	212	2000	1910	480	86	183	166	177	26	34	17	44	76	17	287
30634470_zpid	30634470_zpid	11207	297 Pennsylvania Ave, Brooklyn, NY 11207	40.670281	-73.895094	0.0954296584613	5	0.149514732618	6	0.472737637225	4	7	2.5	1900	360000	8	19	1910	122	17	90	95	101	24	35	8	32	30	22	192
30660043_zpid	30660043_zpid	11226	102 E 32nd St, Brooklyn, NY 11226	40.6483009	-73.947688	0.128389016403	6	0.34778382164	6	0.324778036459	2	6	5.5	2440	305500	165	2500	1920	207	34	78	71	67	75	21	13	26	29	20	168
30626071_zpid	30626071_zpid	11221	232 Central Ave, Brooklyn, NY 11221	40.697325	-73.92433	0.238177535574	14	0.17413528986	7	0.265537492181	3	9	3	2100	638600	98	2055	1998	528	228	252	368	252	208	88	76	172	140	96	728
30626071_zpid	30626071_zpid	11221	232 Central Ave, Brooklyn, NY 11221	40.697325	-73.92433	0.238177535574	14	0.17413528986	8	0.265537492181	3	9	3	2100	638600	98	2055	1998	528	228	252	368	252	208	88	76	172	140	96	728
29846106_zpid	29846106_zpid	10465	805 Wilcox Ave, Bronx, NY 10465	40.8310612	-73.8177082	0.474685700489	5	0.514575305568	2	2.11859937038	0	3	3	1800	520000	9	1951	1965	4	2	5	15	1	13	18	22	16	3	3	34
30701544_zpid	30701544_zpid	11209	60 94th St, Brooklyn, NY 11209	40.618269	-74.037248	0.368920816062	9	0.332315722222	3	0.558754617547	1	4	2	1352	915000	23	736	1925	165	28	26	33	31	44	30	29	8	7	4	114
30695372_zpid	30695372_zpid	11209	339 76th St, Brooklyn, NY 11209	40.630664	-74.026729	0.153585282461	20	0.353044486973	5	0.145396885382	2	5	2.5	2650	1075000	6	2143	1905	102	54	46	50	37	51	61	61	22	19	8	202
30625856_zpid	30625856_zpid	11221	57 Stockholm St, Brooklyn, NY 11221	40.696483	-73.92608	0.274623625922	14	0.193027350584	7	0.189075718006	3	4	3	1412	475000	32	1655	1930	163	87	71	98	78	55	33	23	49	36	29	237
29779552_zpid	29779552_zpid	10456	799 E 161st St, Bronx, NY 10456	40.821101	-73.902978	0.267804015721	11	0.176559169365	7	0.19706890016	3	6	3	2000	178000	107	1925	1920	50	12	21	36	22	11	4	1	8	9	16	56
30610548_zpid	30610548_zpid	11216	283 Halsey St, Brooklyn, NY 11216	40.682951	-73.941745	0.180047692196	11	0.406298887352	8	0.345509615516	3	4	4.5	2900	1650000	10	1625	1901	124	79	79	107	67	14	35	21	31	35	24	166
29847378_zpid	29847378_zpid	10465	3283 Tierney Pl, Bronx, NY 10465	40.815876	-73.80003	0.961051456051	0	1.55421528329	0	4.36473356983	0	3	1.5	1548	425000	8	2500	1915	0	0	0	0	0	0	8	4	2	0	0	9
30732567_zpid	30732567_zpid	11224	3921 Lyme Ave, Brooklyn, NY 11224	40.577167	-74.00886	0.273428540994	2	0.587495306987	1	2.33604628755	0	5	3	2276	619000	0	7000	1901	15	6	6	18	5	0	18	1	12	1	2	24
30758251_zpid	30758251_zpid	11234	5212 Glenwood Rd, Brooklyn, NY 11234	40.635097	-73.926159	0.22780725092	4	0.635718499711	1	1.83222655495	0	4	2	2748	595000	95	3050	1955	20	10	5	11	3	22	19	9	14	4	2	51
29814014_zpid	29814014_zpid	10461	1598 Hering Ave, Bronx, NY 10461	40.847898	-73.846856	0.451985597602	6	0.645700705506	2	0.944485445109	0	6	3	2600	500000	47	2500	1931	40	12	10	25	7	30	29	12	19	7	3	69
30764574_zpid	30764574_zpid	11234	5312 Avenue M, Brooklyn, NY 11234	40.62135	-73.923726	0.131435816569	9	0.386978555407	1	2.39116872619	0	3	2	1166	280000	70	1732	1920	10	28	6	10	9	41	29	15	20	6	9	118
30599375_zpid	30599375_zpid	11233	687 Macdonough St, Brooklyn, NY 11233	40.684104	-73.91871	0.185720272387	8	0.331184417545	3	0.306136863643	4	6	5	3000	650000	35	1700	1910	197	48	138	153	121	20	35	8	56	86	20	246
30720921_zpid	30720921_zpid	11223	1733 E 2nd St, Brooklyn, NY 11223	40.6073065	-73.9714036	0.200134785758	7	0.241880069482	4	0.215127739962	2	3	1.5	2100	505000	134	2000	1930	70	16	18	28	23	45	23	29	23	13	1	115
30576709_zpid	30576709_zpid	11220	263 50th St, Brooklyn, NY 11220	40.648283	-74.015177	0.277207371556	9	0.284632536538	9	0.37057692844	2	6	3	2400	460000	29	1800	1915	52	22	42	64	32	31	46	19	26	20	5	143
30776456_zpid	30776456_zpid	11236	1154 E 100th St, Brooklyn, NY 11236	40.640725	-73.893738	0.33739189251	5	0.446259355179	2	0.951370141638	0	3	2	1560	445000	11	2833	1955	216	32	108	100	76	116	80	40	64	64	16	308
30784476_zpid	30784476_zpid	11234	1860 E 51st St, Brooklyn, NY 11234	40.614899	-73.925719	0.412215195399	6	0.994942102203	0	2.72360129076	0	3	2	1650	445000	3	1833	1930	17	46	5	8	10	28	27	19	17	5	8	103
29840142_zpid	29840142_zpid	10470	732 E 242nd St, Bronx, NY 10470	40.905187	-73.848343	0.161204468233	6	0.204213899917	3	0.298983148483	2	3	1.5	1665	418700	107	1742	1960	432	36	248	216	232	100	72	20	76	80	12	440
30659562_zpid	30659562_zpid	11203	205 E 35th St, Brooklyn, NY 11203	40.650279	-73.9443919	0.23983277622	4	0.326483556152	4	0.442232336271	2	5	2.5	1245	370000	80	1860	1910	564	84	428	388	336	264	60	36	104	136	44	492
30637994_zpid	30637994_zpid	11207	198 Hendrix St, Brooklyn, NY 11207	40.6775285	-73.8907679	0.207943195312	6	0.248144798606	5	0.0769138304747	5	9	3	2478	540000	3	2548	1901	117	43	87	96	56	99	45	35	51	45	12	213
30720456_zpid	30720456_zpid	11223	1658 W 7th St, Brooklyn, NY 11223	40.606552	-73.980637	0.181995078325	12	0.241647686588	6	0.293641559384	3	6	2	1456	610000	17	1466	1930	312	80	144	80	116	300	68	136	56	44	16	356
30720456_zpid	30720456_zpid	11223	1658 W 7th St, Brooklyn, NY 11223	40.606552	-73.980637	0.181995078325	11	0.241647686588	6	0.293641559384	3	6	2	1456	610000	17	1466	1930	312	80	144	80	116	300	68	136	56	44	16	356
30743456_zpid	30743456_zpid	11229	2073 E 23rd St, Brooklyn, NY 11229	40.600225	-73.948329	0.0936438715148	4	0.417644116349	5	0.650567833664	1	7	4	4080	923000	31	2700	1930	68	21	26	26	34	54	52	21	27	11	7	150
29781013_zpid	29781013_zpid	10459	1186 Vyse Ave, Bronx, NY 10459	40.828473	-73.889615	0.239362909872	4	0.25963093288	7	0.263619798687	3	5	2.5	2100	400000	52	2160	1992	227	33	71	111	90	33	29	10	33	30	25	190
30643068_zpid	30643068_zpid	11208	197 Grant Ave, Brooklyn, NY 11208	40.686124	-73.867596	0.247181769048	9	0.115405858823	6	0.580145243408	3	6	3	2320	520000	14	2000	1899	59	29	42	58	34	53	24	11	38	24	5	127
29834499_zpid	29834499_zpid	10466	3619 De Reimer Ave, Bronx, NY 10466	40.8833849	-73.83906	0.806504634713	0	0.348993745098	2	0.430923481809	1	3	2	1744	415000	0	1829	1964	12	8	6	2	1	9	7	3	6	3	1	18
30722689_zpid	30722689_zpid	11223	110 Highlawn Ave, Brooklyn, NY 11223	40.602859	-73.981945	0.218528595686	7	0.396104613466	4	0.179257161511	3	6	3	1500	550000	130	3120	1925	300	112	140	80	112	268	120	188	84	44	24	360
30722689_zpid	30722689_zpid	11223	110 Highlawn Ave, Brooklyn, NY 11223	40.602859	-73.981945	0.218528595686	8	0.396104613466	4	0.179257161511	3	6	3	1500	550000	130	3120	1925	300	112	140	80	112	268	120	188	84	44	24	360
