30612265_zpid	30612265_zpid	11205	295 Dekalb Ave, Brooklyn, NY 11205	40.68979	-73.966857	0.24422202589	11	0.309784386108	4	0.17602312791	5	6	3	3600	435000	218	2000	1905	192	256	84	128	76	116	92	32	76	64	36	500
30781492_zpid	30781492_zpid	11234	1433 E 69th St, Brooklyn, NY 11234	40.621474	-73.911348	0.450224253152	6	0.499019540575	1	2.91560595312	0	3	2	2103	619000	0	2600	1975	96	12	40	64	24	184	96	88	92	20	28	324
30598139_zpid	30598139_zpid	11233	2370 Atlantic Ave, Brooklyn, NY 11233	40.675763	-73.906553	0.37910322964	6	0.369911397233	3	0.295463627501	8	5	3	1900	45000	267	1900	1901	132	13	74	111	72	32	26	15	38	49	18	127
2112377865_zpid	2112377865_zpid	11234	Avenue Y, Brooklyn, NY 11234	40.613986	-73.9003101	0.947836433577	0	0.850071174604	0	3.63891141917	0	3	1.5	680	520000	28	2500	1970	2	9	1	6	0	3	15	5	8	1	2	30
30788278_zpid	30788278_zpid	11234	2235 E 66th St, Brooklyn, NY 11234	40.615203	-73.908047	0.329326381385	2	0.254295587127	1	3.54003657301	0	5	4.5	12096	2850000	79	27878.4	1987	9	15	8	11	7	13	13	12	12	1	3	56
30601249_zpid	30601249_zpid	11233	1241 Herkimer St, Brooklyn, NY 11233	40.677815	-73.912318	0.506696485752	4	0.16801563521	3	0.150722304981	4	5	3	1980	515000	11	1683	1920	256	28	178	184	137	54	45	24	65	81	32	231
30570589_zpid	30570589_zpid	11231	10 3rd Pl, Brooklyn, NY 11231	40.6793454	-74.0012214	0.301478940979	13	0.450169003994	3	0.601511424915	2	4	2	2040	105000	187	3333	1899	35	49	24	45	21	19	58	27	16	14	11	180
30624650_zpid	30624650_zpid	11206	3 Mckibben Ct, Brooklyn, NY 11206	40.705398	-73.9378119	0.241353855285	11	0.309537943049	4	0.312236978769	3	3	1	3600	215000	304	3949	1989	61	185	40	35	26	19	34	9	23	15	9	145
30763461_zpid	30763461_zpid	11234	1376 E 56th St, Brooklyn, NY 11234	40.622102	-73.921694	0.219985575934	9	0.485535617248	1	2.49676407185	0	3	2	952	285000	148	1800	1920	8	11	7	12	9	38	27	17	20	8	9	126
30779176_zpid	30779176_zpid	11236	1607 E 96th St, Brooklyn, NY 11236	40.6343279	-73.891262	0.174469133755	6	0.281194386722	4	1.63788239723	0	3	2.5	1280	399000	0	2000	1930	32	9	15	20	3	38	14	17	11	7	1	52
30772521_zpid	30772521_zpid	11236	7 Paerdegat 15th St, Brooklyn, NY 11236	40.627083	-73.901658	1.0731235258	0	0.789342809351	0	2.17869412683	0	7	5	2945	540000	51	2133	1960	32	4	10	11	5	33	14	4	17	4	7	31
30783438_zpid	30783438_zpid	11234	2163 E 64th St, Brooklyn, NY 11234	40.615356	-73.910843	0.195549381489	7	0.242027091986	2	3.56595245992	0	3	1	972	649000	7	5000	1950	16	12	11	11	6	18	15	11	16	0	4	49
30611440_zpid	30611440_zpid	11216	36 New York Ave, Brooklyn, NY 11216	40.678975	-73.94716	0.145482561708	10	0.150732478291	6	0.111333258852	3	4	2	2439	927000	16	2033	1901	351	110	158	231	178	40	47	17	69	80	31	335
30726296_zpid	30726296_zpid	11230	1524 E 14th St, Brooklyn, NY 11230	40.612177	-73.960151	0.350229241784	6	0.239188177654	7	0.436997381585	2	3	2.5	1580	470000	145	2500	1920	49	18	20	34	24	72	23	34	23	6	2	96
30662748_zpid	30662748_zpid	11203	621 E 42nd St, Brooklyn, NY 11203	40.640137	-73.9366	0.300353925959	5	1.00709511507	0	0.997866840378	0	3	1	1392	385000	34	2000	1925	33	12	12	21	17	45	21	6	18	13	3	94
30605346_zpid	30605346_zpid	11233	269 Macdonough St, Brooklyn, NY 11233	40.682155	-73.9356169	0.202235085519	11	0.267727643531	5	0.507549882381	2	8	4	4000	700000	65	2000	1899	48	20	45	55	28	5	21	3	13	15	10	84
89072713_zpid	89072713_zpid	11205	45 N Oxford St, Brooklyn, NY 11205	40.6966319	-73.9754928	0.346440810631	7	0.387270494185	3	0.898066803192	0	1	1	5200	500000	13	2200	2010	96	84	36	72	60	100	20	72	20	48	24	224
89072713_zpid	89072713_zpid	11205	45 N Oxford St, Brooklyn, NY 11205	40.6966319	-73.9754928	0.346440810631	6	0.387270494185	3	0.898066803192	0	1	1	5200	500000	13	2200	2010	96	84	36	72	60	100	20	72	20	48	24	224
30630343_zpid	30630343_zpid	11207	185 Schaefer St, Brooklyn, NY 11207	40.6895979	-73.908238	0.139956391245	9	0.679840284479	1	0.365815972137	1	5	3	1920	155000	28	1488	1925	119	33	85	110	78	22	26	17	43	48	23	191
29840547_zpid	29840547_zpid	10475	2204 Palmer Ave, Bronx, NY 10475	40.860411	-73.82536	0.572801969375	1	0.463377935959	2	0.845099823492	0	3	4	1900	435000	22	2395	2011	4	0	6	5	2	3	8	3	8	1	2	5
30742551_zpid	30742551_zpid	11229	1993 E 28th St, Brooklyn, NY 11229	40.6026744	-73.94411	0.317020134518	3	0.299280904862	2	1.06723858948	0	4	2	1890	650000	18	1775	1930	23	19	11	23	10	27	38	21	29	3	3	115
30602204_zpid	30602204_zpid	11221	1062 Dekalb Ave, Brooklyn, NY 11221	40.693314	-73.932242	0.170129932174	10	0.376205002623	3	0.289352263623	3	5	3	2736	785000	5	1983	1993	580	352	324	400	408	200	152	72	132	188	148	960
30602204_zpid	30602204_zpid	11221	1062 Dekalb Ave, Brooklyn, NY 11221	40.693314	-73.932242	0.170129932174	11	0.376205002623	3	0.289352263623	3	5	3	2736	785000	5	1983	1993	580	352	324	400	408	200	152	72	132	188	148	960
29853397_zpid	29853397_zpid	10471	5850 Liebig Ave, Bronx, NY 10471	40.906142	-73.901951	0.119070545432	4	0.11911381691	2	1.05220923591	0	3	1.5	1254	550000	3	1748	1965	17	12	4	11	7	21	38	9	18	3	7	59
30695848_zpid	30695848_zpid	11209	454 76th St, Brooklyn, NY 11209	40.629108	-74.024133	0.137853731802	19	0.099029460703	4	0.136069513648	2	4	2	2380	935000	11	2000	1910	66	52	36	38	22	42	66	70	28	19	8	171
83179177_zpid	83179177_zpid	10467	3611 Olinville Ave, Bronx, NY 10467	40.880242	-73.867345	0.166585321856	5	0.267719234006	3	0.311089986326	3	6	6	6000	637500	94	3087	2007	245	21	86	95	87	32	27	9	27	30	19	168
29852679_zpid	29852679_zpid	10471	4545 Delafield Ave, Bronx, NY 10471	40.892766	-73.907266	0.583079617354	3	0.832858948375	0	0.821283461188	0	5	4	4200	1950000	0	7082	1925	18	5	2	3	1	2	28	3	5	0	1	18
30663856_zpid	30663856_zpid	11210	3104 Farragut Rd, Brooklyn, NY 11210	40.636104	-73.946841	0.5431717813	2	0.307905371088	4	0.370031763375	2	10	3	2954	111500	250	3500	1920	344	35	187	180	182	73	42	14	41	69	9	352
29830814_zpid	29830814_zpid	10469	3026 Tiemann Ave, Bronx, NY 10469	40.871117	-73.839973	0.856923320034	0	0.901974776582	0	0.567990204867	1	4	3	2592	470000	66	4750	1955	48	7	34	30	18	40	32	10	24	5	12	68
30641874_zpid	30641874_zpid	11208	14 Grant Ave, Brooklyn, NY 11208	40.690526	-73.869268	0.234905401673	5	0.261370045251	5	0.200459462652	2	7	4	2136	699000	0	2178	1899	38	16	23	38	22	31	16	8	18	11	1	75
29783456_zpid	29783456_zpid	10459	1333 Chisholm St, Bronx, NY 10459	40.83148	-73.896045	0.360583782635	2	0.308380972476	7	0.384520069487	1	6	4	2500	440000	0	1973	1901	186	76	81	113	95	24	18	5	19	45	19	161
29795723_zpid	29795723_zpid	10472	1264 Evergreen Ave, Bronx, NY 10472	40.830641	-73.881247	0.284758103652	8	0.271712861758	2	0.288816018672	3	5	1	2604	375000	25	2483	1930	243	35	119	132	133	42	21	7	46	44	8	207
29852676_zpid	29852676_zpid	10471	474 W 246th St, Bronx, NY 10471	40.8933419	-73.907251	0.647050819865	3	0.896005288871	0	0.846611032024	0	6	5	5000	1762500	59	11325.6	1925	18	5	2	3	1	2	30	3	5	0	1	19
29781968_zpid	29781968_zpid	10453	51 E Clifford Pl, Bronx, NY 10453	40.846342	-73.911969	0.138141233518	11	0.209190087347	9	0.162008834979	4	7	2	2816	340000	37	2221	1930	431	52	182	169	172	61	18	10	46	56	14	250
30763768_zpid	30763768_zpid	11234	1541 Kimball St, Brooklyn, NY 11234	40.6190365	-73.9365761	0.513806157031	3	0.358439686111	2	1.79830207261	0	3	1.5	1552	370000	10	720	1920	36	17	19	19	12	46	32	20	27	9	2	115
29794260_zpid	29794260_zpid	10472	1038 Evergreen Ave, Bronx, NY 10472	40.824373	-73.879807	0.275792511515	6	0.402814929824	3	0.472204616304	3	5	3	1909	388888	0	1925	1940	434	26	129	146	122	39	20	5	33	54	12	233
30709844_zpid	30709844_zpid	11228	1470 82nd St, Brooklyn, NY 11228	40.613803	-74.007809	0.336946164108	13	0.275668134023	2	0.609275606539	1	5	3.75	2400	1350000	14	2500	1935	7	12	2	15	1	28	44	38	20	7	3	58
30788061_zpid	30788061_zpid	11234	170 Barlow Dr S, Brooklyn, NY 11234	40.60837	-73.906618	0.983795938857	0	1.01513142615	0	4.28075154691	0	4	3	1836	820000	19	4900	1960	2	4	1	7	0	6	9	9	10	3	1	25
30769931_zpid	30769931_zpid	11236	1057 E 83rd St, Brooklyn, NY 11236	40.634322	-73.907769	0.38258387817	6	0.433918555964	2	1.46100600474	0	5	4	2620	840000	15	2050	1960	42	5	15	24	9	74	28	10	28	7	7	90
30748453_zpid	30748453_zpid	11235	2483 Coyle St, Brooklyn, NY 11235	40.592365	-73.935203	0.203619378996	6	0.39169443079	3	1.71387896568	0	5	2.5	2280	629000	0	2000	1955	6	13	9	3	5	4	7	14	6	2	3	58
30760227_zpid	30760227_zpid	11234	1275 E 52nd St, Brooklyn, NY 11234	40.628837	-73.925691	0.171689120511	5	0.573201536908	3	1.90716227837	0	3	2.5	2000	440000	14	2000	1950	42	14	22	25	15	58	26	28	18	16	4	90
30759074_zpid	30759074_zpid	11234	1227 E 49th St, Brooklyn, NY 11234	40.631277	-73.928906	0.143608167827	6	0.849583034553	0	1.59232451244	0	5	3	2002	515000	6	2767	1940	132	56	72	104	48	176	116	56	80	56	16	320
30595039_zpid	30595039_zpid	11225	235 Sterling St, Brooklyn, NY 11225	40.6631768	-73.9531105	0.25620576139	9	0.204273462396	6	0.196922243553	3	3	3.5	2483	1890000	7	2000	1910	482	86	181	167	178	27	33	15	44	76	17	295
30641661_zpid	30641661_zpid	11208	89 Hemlock St, Brooklyn, NY 11208	40.687834	-73.871829	0.180226611914	6	0.237535086895	5	0.242317154387	3	5	2	2856	490000	28	2500	1925	82	33	56	75	39	59	38	15	43	34	7	172
30788173_zpid	30788173_zpid	11234	41 Gaylord Dr N, Brooklyn, NY 11234	40.609778	-73.905415	0.878866406971	0	0.896599431143	0	4.11605223608	0	5	4.5	3009	1050000	9	4750	1960	8	32	4	24	0	12	36	24	28	8	4	132
79714165_zpid	79714165_zpid	10473	1782 Randall Ave, Bronx, NY 10473	40.816736	-73.863514	0.0849565934385	2	0.632779632977	2	1.68046771422	0	3	1	2196	156450	52	2178	1925	65	16	22	34	22	39	16	19	23	15	9	103
30792453_zpid	30792453_zpid	11235	2808 Batchelder St, Brooklyn, NY 11235	40.585092	-73.9362529	0.25247806967	2	0.752680033303	0	1.52669830729	0	3	2	1216	385000	132	1080	1920	59	12	23	35	28	30	22	16	28	9	5	100
83049207_zpid	83049207_zpid	11221	122 Stockholm St, Brooklyn, NY 11221	40.6980326	-73.9240142	0.208389855141	15	0.170970303662	7	0.286169063087	3	3	1	4375	40000	49	1900	2007	121	53	60	80	55	49	16	19	42	32	22	162
29811631_zpid	29811631_zpid	10462	1510 Glover St, Bronx, NY 10462	40.8371	-73.849708	0.199225553076	14	0.27974175824	7	0.235126316063	3	5	3.5	2964	445600	145	6250	1915	116	16	34	41	21	45	26	16	25	13	7	117
30576773_zpid	30576773_zpid	11220	453 50th St, Brooklyn, NY 11220	40.645797	-74.010987	0.155297595015	9	0.111755771908	11	0.269820363615	2	3	2	2970	650000	122	2003	1901	135	61	61	105	56	39	65	30	38	36	13	275
30768209_zpid	30768209_zpid	11236	674 E 87th St, Brooklyn, NY 11236	40.640492	-73.910346	0.309325222751	6	0.469288641517	3	0.992732781683	0	3	1.5	1584	415000	8	20	1960	172	32	96	76	44	300	128	56	88	60	32	460
30768209_zpid	30768209_zpid	11236	674 E 87th St, Brooklyn, NY 11236	40.640492	-73.910346	0.309325222751	6	0.469288641517	2	0.992732781683	0	3	1.5	1584	415000	8	20	1960	172	32	96	76	44	300	128	56	88	60	32	460
30725627_zpid	30725627_zpid	11230	1377 E 17th St, Brooklyn, NY 11230	40.616682	-73.957526	0.204976804314	6	0.23900976309	5	0.18948754446	1	3	2	1548	595000	15	1742	1930	600	84	208	324	216	256	144	124	64	56	16	640
30755342_zpid	30755342_zpid	11210	1578 E 21st St, Brooklyn, NY 11210	40.614575	-73.953504	0.454891176329	4	0.158050803754	5	0.602401188836	1	4	2.5	1280	216000	243	1999	1930	23	1	2	6	5	20	14	10	7	1	8	29
29834907_zpid	29834907_zpid	10466	3693 Secor Ave, Bronx, NY 10466	40.886469	-73.832764	0.360140813032	1	0.304815559762	2	0.260627006002	1	3	2	1248	369500	6	2853	1930	32	10	11	14	1	20	16	13	15	5	3	55
30613647_zpid	30613647_zpid	11238	171 Gates Ave, Brooklyn, NY 11238	40.685257	-73.960789	0.308869363331	11	0.28826542707	6	0.407080992525	5	3	2.5	2364	1650000	14	2221	1899	143	163	88	122	74	40	52	17	54	21	41	190
29847136_zpid	29847136_zpid	10465	143 Prentiss Ave, Bronx, NY 10465	40.816057	-73.807984	0.603909653229	1	0.914070471769	0	3.90878020486	0	6	4.5	2380	743322	122	2750	2006	3	7	3	4	1	6	19	10	10	3	4	40
29846329_zpid	29846329_zpid	10465	634 Throggs Neck Expy, Bronx, NY 10465	40.8274649	-73.8165941	0.438777437574	2	0.551316472461	1	2.46838276293	0	4	2	1768	349800	19	2500	1941	12	13	6	17	2	10	20	33	16	1	4	54
30754502_zpid	30754502_zpid	11210	1356 E 35th St, Brooklyn, NY 11210	40.620983	-73.941266	0.3833596348	2	0.374532148043	2	1.42519871777	0	7	3	3575	830000	13	2500	1925	76	16	48	52	28	152	116	36	56	12	8	224
30754502_zpid	30754502_zpid	11210	1356 E 35th St, Brooklyn, NY 11210	40.620983	-73.941266	0.3833596348	3	0.374532148043	2	1.42519871777	0	7	3	3575	830000	13	2500	1925	76	16	48	52	28	152	116	36	56	12	8	224
30772174_zpid	30772174_zpid	11236	1423 E 84th St, Brooklyn, NY 11236	40.628875	-73.900509	0.857231532824	0	0.5727123694	1	1.98238843704	0	7	5	2760	699500	13	2000	1960	40	6	17	18	9	42	20	10	23	5	8	54
29781979_zpid	29781979_zpid	10453	61 E Clifford Pl, Bronx, NY 10453	40.846178	-73.91156	0.141104217917	12	0.226860865372	9	0.123843708256	4	7	2	3360	370000	26	2613	1920	419	51	168	164	164	54	17	10	44	55	13	242
30656218_zpid	30656218_zpid	11203	729 E 51st St, Brooklyn, NY 11203	40.64352	-73.928192	0.129673284801	5	0.74341492693	1	1.75307640981	0	5	1.5	3066	375000	5	3001	1930	112	23	28	22	24	37	36	11	15	12	7	116
30740003_zpid	30740003_zpid	11235	2554 Ocean Pkwy, Brooklyn, NY 11235	40.587549	-73.966554	0.413156403364	7	0.4639571785	1	0.690229899192	1	6	5	3113	925000	34	3163	1960	13	6	9	11	2	23	27	12	8	7	1	31
30781689_zpid	30781689_zpid	11234	2042 E 60th St, Brooklyn, NY 11234	40.6151747	-73.9164694	0.169994581345	6	0.639152527702	1	3.28668825647	0	5	3	2800	488000	7	2000	1950	8	8	10	7	6	28	20	8	16	4	4	70
30581116_zpid	30581116_zpid	11232	4016 7th Ave, Brooklyn, NY 11232	40.647861	-74.000628	0.285341543155	8	0.326339157642	7	0.560364640391	1	3	2	2100	1700000	11	2500	1915	76	44	29	34	34	47	23	12	11	12	7	90
29792270_zpid	29792270_zpid	10473	636 Rosedale Ave, Bronx, NY 10473	40.8177516	-73.8657823	0.170364319286	3	0.448955372048	2	1.50756400044	0	6	5	2000	438000	49	2500	1940	57	12	21	20	20	24	17	8	22	12	7	81
30791904_zpid	30791904_zpid	11235	2738 E 28th St, Brooklyn, NY 11235	40.586136	-73.9414029	0.298557711837	5	0.598825201106	1	1.08136111924	0	7	7	3698	938000	7	2501	1935	96	32	60	88	48	136	88	92	144	16	20	356
30791904_zpid	30791904_zpid	11235	2738 E 28th St, Brooklyn, NY 11235	40.586136	-73.9414029	0.40236353125	4	0.598825201106	1	1.08136111924	0	7	7	3698	938000	7	2501	1935	96	32	60	88	48	136	88	92	144	16	20	356
30778482_zpid	30778482_zpid	11236	1339 E 99th St, Brooklyn, NY 11236	40.637558	-73.890709	0.375873938322	7	0.137747929941	4	1.38234627349	0	4	2	1760	639000	0	2833	1960	26	9	24	24	2	29	16	13	17	7	2	65
30723066_zpid	30723066_zpid	11223	1818 W 3rd St, Brooklyn, NY 11223	40.603273	-73.976168	0.132248609054	8	0.28548827663	4	0.321818857079	4	3	3	1478	644000	30	2500	1925	91	26	42	32	31	85	28	50	23	13	7	138
30751222_zpid	30751222_zpid	11210	1091 E 37th St, Brooklyn, NY 11210	40.630189	-73.940297	0.325563204297	3	0.376966161824	2	0.68692798825	1	3	2	1254	390000	24	2000	1925	103	18	45	51	39	50	32	21	21	17	9	113
30666233_zpid	30666233_zpid	11226	266 Martense St, Brooklyn, NY 11226	40.65139	-73.950287	0.343336072231	10	0.153482662857	6	0.0855793966058	3	4	2	1650	550000	17	2196	1920	419	52	190	203	212	89	33	14	60	73	23	328
30645634_zpid	30645634_zpid	11208	898 Belmont Ave, Brooklyn, NY 11208	40.673341	-73.8756	0.0888659979816	7	0.165011051314	4	0.372005054753	2	9	3	2640	575000	16	1800	1910	184	24	97	105	87	64	39	8	31	61	22	191
30675169_zpid	30675169_zpid	11218	595 E 5th St, Brooklyn, NY 11218	40.637657	-73.974177	0.164669469587	7	0.104663668029	10	0.384064615517	1	6	4	2218	860000	8	2250	1915	192	65	79	77	45	99	45	103	35	18	7	233
29798572_zpid	29798572_zpid	10460	1454 Leland Ave, Bronx, NY 10460	40.837064	-73.864105	0.107339074922	11	0.0950217178463	6	0.50918863619	2	8	4	3850	740000	0	2252	1924	175	15	71	89	92	32	15	5	24	29	11	116
29832053_zpid	29832053_zpid	10466	765 E 226th St, Bronx, NY 10466	40.887976	-73.857657	0.246836548829	7	0.281816243679	2	0.225934049913	3	6	2	2352	550000	92	2874	1920	254	26	104	108	92	92	25	12	40	63	19	187
30641160_zpid	30641160_zpid	11207	633 Ashford St, Brooklyn, NY 11207	40.66657	-73.882981	0.0143227868464	7	0.0828591072107	3	0.0688688866879	2	5	3	1900	429000	21	1710	1901	74	7	47	39	31	21	27	8	29	25	12	108
29848402_zpid	29848402_zpid	10465	2462 Rohr Pl, Bronx, NY 10465	40.821503	-73.837299	0.899788556933	0	0.659751639578	1	1.85884332721	0	3	1.5	969	305000	16	2500	1920	3	0	1	0	0	3	2	2	0	0	0	10
30733035_zpid	30733035_zpid	11224	3106 Neptune Ave, Brooklyn, NY 11224	40.57721	-73.99814	0.514909895739	1	0.23503503968	2	1.42968789539	0	3	2	1520	393800	15	1827	1985	49	22	26	40	18	3	14	6	21	20	0	67
29842499_zpid	29842499_zpid	10461	2830 Roebling Ave, Bronx, NY 10461	40.842521	-73.835742	0.0841711882798	6	0.806094092769	0	0.157172882165	3	5	3	1669	435000	98	4750	1901	72	11	23	16	16	28	21	15	14	11	3	85
30601879_zpid	30601879_zpid	11206	829 Willoughby Ave, Brooklyn, NY 11206	40.6957	-73.935242	0.215908383067	11	0.135876893983	7	0.17137594582	4	2	1	3375	900000	23	2500	1899	304	140	120	160	108	88	80	48	100	76	44	532
30764029_zpid	30764029_zpid	11234	1661 Hendrickson St, Brooklyn, NY 11234	40.618063	-73.932783	0.293099797167	8	0.496648715806	3	2.06895114704	0	3	2	1320	420000	83	2000	1920	36	184	24	44	24	160	136	112	56	40	4	520
30600709_zpid	30600709_zpid	11233	229 Macdougal St, Brooklyn, NY 11233	40.6803809	-73.911991	0.342234536459	7	0.333861124896	5	0.234120823926	5	8	3	1	409600	62	2000	1910	229	27	157	167	108	42	39	16	62	75	23	204
30633931_zpid	30633931_zpid	11207	2567 Atlantic Ave, Brooklyn, NY 11207	40.6758175	-73.8995802	0.194375870432	4	0.58779858679	2	0.152343557193	9	4	1	2062	31000	278	1096	1905	38	12	38	51	35	27	29	16	17	15	8	93
83179085_zpid	83179085_zpid	10460	780 E 178TH St, Bronx, NY 10460	40.8447964	-73.8874829	0.230899380868	6	0.101287725237	2	0.801886146817	0	3	2.5	1500	511600	15	2692	2014	216	13	104	98	105	15	12	9	36	32	21	163
30643529_zpid	30643529_zpid	11208	3466 Fulton St, Brooklyn, NY 11208	40.684697	-73.867773	0.368370524558	9	0.0458547520239	7	0.534374231256	3	5	2.5	3000	470000	22	1801	1920	72	28	42	68	40	49	23	10	46	31	5	145
30596664_zpid	30596664_zpid	11213	1436 Sterling Pl, Brooklyn, NY 11213	40.671252	-73.9312	0.111512444471	9	0.213251391861	4	0.300598931404	1	3	7	3492	999000	1	2000	1899	504	40	267	265	246	48	39	14	55	96	37	376
30694034_zpid	30694034_zpid	11209	231 73rd St, Brooklyn, NY 11209	40.633408	-74.028682	0.134073175355	14	0.271678373827	4	0.480587518088	2	4	2.5	2250	1060000	13	4500	1870	564	124	188	208	152	168	188	456	84	72	20	600
30731281_zpid	30731281_zpid	11223	2434 Stillwell Ave, Brooklyn, NY 11223	40.58797	-73.983974	0.0658181097563	4	0.584884669393	2	0.0985558875884	2	3	1	2000	660000	9	1999	1928	6	6	4	4	5	10	2	3	6	2	0	8
