30625156_zpid	30625156_zpid	11237	99 Wilson Ave, Brooklyn, NY 11237	40.7017064	-73.9271071	0.00442489676696	15	0.212860949349	4	0.429211136734	4	4	1	2500	730000	99	2500	1931	161	101	100	147	115	33	25	7	31	61	23	266
30788818_zpid	30788818_zpid	11234	2631 E 64th St, Brooklyn, NY 11234	40.608044	-73.910418	0.882701964535	0	1.02712227088	0	3.96770513273	0	7	5	3486	815000	5	2900	1960	3	6	2	7	3	19	6	27	22	2	1	33
30652295_zpid	30652295_zpid	11203	299 E 51st St, Brooklyn, NY 11203	40.654559	-73.929393	0.229799382507	10	0.295338526398	3	1.267420712	0	3	2	1696	350000	10	2500	1920	242	29	105	100	109	73	45	11	35	45	20	216
30644936_zpid	30644936_zpid	11208	188 Fountain Ave, Brooklyn, NY 11208	40.675556	-73.8756949	0.208237247813	8	0.158334141169	5	0.303651703489	3	2	1	961	130000	75	2000	1920	164	21	83	94	67	54	50	9	41	47	15	189
83178776_zpid	83178776_zpid	10457	2050 Arthur Ave, Bronx, NY 10457	40.8481712	-73.8919891	0.279707957492	11	0.362728308472	3	0.660408032087	1	6	5	3599	456520	53	1742	2008	289	59	139	147	125	29	17	15	50	52	24	268
29790014_zpid	29790014_zpid	10473	602 Harding Park, Bronx, NY 10473	40.80648	-73.858007	1.10949950897	0	1.68602281194	0	2.90147615637	0	5	2.5	1916	175000	34	2064	1990	44	24	40	36	24	20	36	28	16	16	8	132
29852664_zpid	29852664_zpid	10471	4501 Delafield Ave, Bronx, NY 10471	40.891306	-73.907092	0.42005363597	9	0.678136399635	1	0.759841723729	0	5	5	2788	2195000	0	10454	1910	19	6	2	2	0	2	23	3	4	0	1	19
30695717_zpid	30695717_zpid	11209	53 77th St, Brooklyn, NY 11209	40.631917	-74.03544	0.420811306097	4	0.809542215324	0	0.873153745208	0	4	3	2074	1055000	3	2624	1920	41	7	10	14	10	34	34	76	13	4	1	50
30585220_zpid	30585220_zpid	11215	473 11th St, Brooklyn, NY 11215	40.666154	-73.983016	0.0886141912699	18	0.37138583856	5	0.229281428742	4	3	1	1184	4000000	2	1667	1899	244	308	92	240	76	156	264	144	108	52	84	872
30670925_zpid	30670925_zpid	11218	224 Seeley St, Brooklyn, NY 11218	40.654963	-73.974471	0.0750115807333	3	0.327763665829	2	0.58613266635	1	4	2.5	1970	1550000	5	2550	1905	9	10	8	13	5	19	13	14	11	1	2	40
30664370_zpid	30664370_zpid	11225	201 Ocean Ave, Brooklyn, NY 11225	40.658085	-73.961979	0.143916822705	12	0.12844533805	5	0.313590519505	2	4	3	2852	1300000	31	2750	1901	287	92	148	118	136	7	32	16	46	37	10	189
30682029_zpid	30682029_zpid	11204	1947 66th St, Brooklyn, NY 11204	40.616676	-73.98726	0.244207934098	11	0.387936405336	6	0.205697948107	3	2	1	800	600000	16	1700	1925	45	15	31	48	28	56	39	40	25	8	9	152
29778812_zpid	29778812_zpid	10456	1238 Fulton Ave, Bronx, NY 10456	40.8309531	-73.9040531	0.222223538587	7	0.217074818284	8	1.03293016333	0	5	3	1827	313950	9	1625	1901	340	21	141	169	131	46	14	16	30	52	29	259
30585559_zpid	30585559_zpid	11215	197 13th St, Brooklyn, NY 11215	40.668379	-73.991068	0.02168585866	12	0.328872856217	2	0.248789725387	3	4	3.5	1671	1756000	33	2100	1899	77	76	33	61	29	33	61	34	35	19	15	229
30601498_zpid	30601498_zpid	11233	26 Roosevelt Pl, Brooklyn, NY 11233	40.67693	-73.915767	0.273421989472	3	0.311003562765	4	0.456148438212	2	2	1	1122	216000	156	3920	1935	229	20	134	149	100	55	35	18	48	63	36	203
30670714_zpid	30670714_zpid	11218	608 20th St, Brooklyn, NY 11218	40.653675	-73.980071	0.325865496451	8	0.40457209494	3	0.564417144792	1	3	3.5	2790	1750000	7	2100	1899	1	13	8	10	4	19	14	23	12	0	2	37
30623593_zpid	30623593_zpid	11211	566 Grand St, Brooklyn, NY 11211	40.7109652	-73.949139	0.0406514025694	13	0.0713668416908	7	0.337199098059	6	3	2	2000	2062500	1	1875	1920	328	736	264	304	228	112	148	56	84	72	40	844
30623593_zpid	30623593_zpid	11211	566 Grand St, Brooklyn, NY 11211	40.7109652	-73.949139	0.0406514025694	15	0.0713668416908	7	0.337199098059	6	3	2	2000	2062500	1	1875	1920	328	736	264	304	228	112	148	56	84	72	40	844
29822165_zpid	29822165_zpid	10469	1517 Fielding St, Bronx, NY 10469	40.863759	-73.84273	0.212388438922	3	0.646718490755	1	0.711870611772	1	4	2.5	1480	391000	8	2248	1955	16	11	5	8	2	18	22	14	16	2	4	54
30794293_zpid	30794293_zpid	11229	103 Bartlett Pl, Brooklyn, NY 11229	40.59087	-73.92405	0.178776396051	2	1.31876304769	0	2.58311195409	0	2	2	1548	375000	22	1750	1920	4	24	4	60	0	4	116	44	80	4	16	136
30791599_zpid	30791599_zpid	11235	2771 E 15th St, Brooklyn, NY 11235	40.584012	-73.953338	0.242190954032	12	0.344502209238	6	0.328391104247	1	7	4	3003	830000	57	2350	1932	134	18	40	58	33	50	37	32	38	21	13	156
83178832_zpid	83178832_zpid	10460	1933 Southern Blvd, Bronx, NY 10460	40.8419989	-73.8857901	0.415226659075	7	0.244332167056	4	0.51936759424	2	6	6	3000	330000	10	1333	2006	1196	80	548	496	548	108	84	32	164	172	96	856
83178832_zpid	83178832_zpid	10460	1933 Southern Blvd, Bronx, NY 10460	40.8419989	-73.8857901	0.172106864203	10	0.244332167056	4	0.51936759424	2	6	6	3000	330000	10	1333	2006	1196	80	548	496	548	108	84	32	164	172	96	856
29790814_zpid	29790814_zpid	10473	351 Thieriot Ave, Bronx, NY 10473	40.812392	-73.860198	0.589489815371	1	0.968217442611	0	2.21799280145	0	3	2	1025	330000	0	2600	1925	43	13	19	35	9	33	14	15	11	19	6	95
30651630_zpid	30651630_zpid	11212	247 E 95th St APT 1F, Brooklyn, NY 11212	40.6604635	-73.9219577	0.0270890954585	10	0.269971073267	6	0.482736829287	2	6	4	3198	440000	28	1089000	1931	583	23	220	220	184	62	24	9	42	81	30	288
30764205_zpid	30764205_zpid	11234	1647 E 46th St, Brooklyn, NY 11234	40.620202	-73.930635	0.273277570306	9	0.471329131571	2	2.01063258327	0	6	2	1864	68000	143	3998	1910	44	232	4	76	32	176	136	72	56	28	0	576
30715562_zpid	30715562_zpid	11230	726 E 10th St, Brooklyn, NY 11230	40.631205	-73.967696	0.38945176949	8	0.263351061397	6	0.555204541389	2	7	4	3340	640000	57	2400	1931	88	39	66	48	54	61	50	55	31	17	13	162
29842593_zpid	29842593_zpid	10461	2883 Zulette Ave, Bronx, NY 10461	40.842308	-73.833581	0.222935838056	6	0.706411917341	1	0.288524628321	2	3	2	1320	370000	73	25	1925	328	64	100	80	84	176	128	68	60	64	16	464
30663337_zpid	30663337_zpid	11203	739 E 42nd St, Brooklyn, NY 11203	40.637237	-73.936288	0.537394049119	3	0.875078121198	0	1.06820635735	0	5	3	1938	412000	136	1768	1930	64	36	24	40	36	112	60	16	44	28	20	216
30673087_zpid	30673087_zpid	11218	312 E 2nd St, Brooklyn, NY 11218	40.64382	-73.978782	0.0516998751294	11	0.148980606638	8	0.0795798403836	2	3	3	1377	1100000	14	2218	1910	548	140	172	264	196	224	224	144	80	72	60	812
30788633_zpid	30788633_zpid	11234	577 Mayfair Dr S, Brooklyn, NY 11234	40.609702	-73.9121849	0.672861198274	1	0.871146298856	0	3.85791541819	0	3	3.5	2175	285000	252	2300	1965	2	7	2	6	3	20	6	23	20	2	1	28
30628393_zpid	30628393_zpid	11221	1226 Putnam Ave, Brooklyn, NY 11221	40.691222	-73.915279	0.16178882146	8	0.448672208274	4	0.557097473547	2	3	4	1936	450000	32	1800	1910	178	44	117	152	110	47	42	9	69	60	52	208
30675893_zpid	30675893_zpid	11218	800 E 4th St, Brooklyn, NY 11218	40.632455	-73.974675	0.237671825537	8	0.0443885952563	6	0.355728390848	2	2	1	800	820000	29	3300	1910	272	124	212	204	164	148	80	180	52	56	20	532
30700938_zpid	30700938_zpid	11209	369 92nd St, Brooklyn, NY 11209	40.618847	-74.030626	0.128991214561	13	0.158465479004	5	0.301830898837	2	1	1	600	650500	126	3030	1925	472	236	136	192	140	300	168	104	36	36	32	844
30782667_zpid	30782667_zpid	11234	2122 E 74th St, Brooklyn, NY 11234	40.620667	-73.905064	0.583402946072	1	0.529674591485	1	2.90557353792	0	4	2	2970	757050	16	4000	1960	44	24	24	36	20	44	52	32	56	12	16	216
30615272_zpid	30615272_zpid	11205	246 Carlton Ave, Brooklyn, NY 11205	40.690343	-73.97259	0.103118743706	13	0.357916341151	3	0.380389355234	7	4	2	4112	1815000	98	2142	1930	51	60	22	38	20	28	19	10	26	14	7	111
30730521_zpid	30730521_zpid	11214	111 Bay 40th St, Brooklyn, NY 11214	40.595076	-73.988561	0.346922677575	7	0.296487078016	5	0.327134405425	1	7	2	3425	980000	16	1742	1930	17	4	10	14	5	32	30	25	19	7	3	67
30645284_zpid	30645284_zpid	11208	244 Fountain Ave, Brooklyn, NY 11208	40.673951	-73.8753119	0.133462402989	8	0.144347327447	4	0.31378106499	2	8	3	2560	350000	43	2003	1930	189	23	101	113	90	61	40	8	31	61	23	200
30702742_zpid	30702742_zpid	11204	6902 16th Ave, Brooklyn, NY 11204	40.619786	-73.997631	0.163763742483	10	0.152967385576	4	0.10646756809	5	6	3	3150	1260000	3	2000	1910	35	13	15	38	17	29	15	23	15	7	3	53
30780717_zpid	30780717_zpid	11234	18 Georgetown Ln, Brooklyn, NY 11234	40.622532	-73.914368	0.357622030603	5	0.72288767506	1	2.88597578369	0	3	2.5	1650	625000	1	1655	1996	84	12	36	44	16	192	112	92	84	24	28	404
29827444_zpid	29827444_zpid	10469	907 E 211th St, Bronx, NY 10469	40.876297	-73.859526	0.26020012599	8	0.548301709869	2	0.594498443329	1	6	2	1980	253500	278	1988	1901	45	3	23	34	20	35	11	5	22	21	14	54
30663045_zpid	30663045_zpid	11210	785 E 37th St, Brooklyn, NY 11210	40.637819	-73.941136	0.634689956041	2	0.602646550212	2	0.659417845877	1	2	2	1672	241500	161	1600	1940	137	7	104	90	104	34	11	4	28	27	6	173
30639059_zpid	30639059_zpid	11208	177 Atkins Ave, Brooklyn, NY 11208	40.6748509	-73.878765	0.247091238949	8	0.164586520982	5	0.185811711916	3	3	2	1292	489250	15	1899	1930	175	20	96	112	83	50	43	14	43	60	17	216
30708121_zpid	30708121_zpid	11214	1917 79th St APT 1, Brooklyn, NY 11214	40.609741	-73.995638	0.25373098161	12	0.170114367566	10	0.552406433939	3	8	4	3327	1080000	25	3001	1970	90	13	28	41	21	49	40	28	26	10	6	125
30595443_zpid	30595443_zpid	11225	249 Lincoln Rd, Brooklyn, NY 11225	40.661562	-73.95437	0.315260224917	8	0.351597593546	5	0.324970809861	3	4	2	2704	1391750	24	2050	1905	530	93	203	177	195	28	44	20	47	80	24	318
120731253_zpid	120731253_zpid	11235	3041 Brighton 2nd St APT 2A, Brooklyn, NY 11235	40.5778651	-73.9654881	0.0894279146555	8	0.17298160916	8	0.307871543094	2	1	1	705	370000	34	6450	2012	107	45	66	83	59	51	32	15	45	19	22	230
30783987_zpid	30783987_zpid	11234	1830 E 36th St, Brooklyn, NY 11234	40.612266	-73.934561	0.405394410925	3	0.322706315137	1	2.00542866629	0	2	2	952	162000	195	1800	1925	2	19	4	9	3	19	27	24	34	3	1	56
30730848_zpid	30730848_zpid	11214	207 Bay 35th St, Brooklyn, NY 11214	40.595379	-73.994275	0.472359499648	7	0.617447513528	6	0.680519826095	2	5	3	2475	998000	11	4850	1924	63	5	27	39	23	46	36	19	19	12	3	76
29815389_zpid	29815389_zpid	10461	1621 Mayflower Ave, Bronx, NY 10461	40.844181	-73.834988	0.127732769242	6	0.773188247715	0	0.117784790531	2	3	2	1472	390000	36	2613	1915	92	12	18	15	13	23	24	12	11	16	6	98
29842717_zpid	29842717_zpid	10461	2910 Zulette Ave, Bronx, NY 10461	40.841907	-73.832713	0.308512670494	6	0.659742352351	1	0.373875887895	2	2	1	3276	250000	147	4275	1940	284	92	68	60	64	176	132	96	52	40	12	440
29812449_zpid	29812449_zpid	10460	1622 Adams St, Bronx, NY 10460	40.840375	-73.870053	0.15263737757	6	0.556455575107	2	0.33507768998	1	6	6	1320	459000	0	1568	1925	264	27	81	102	108	53	26	15	33	51	28	161
30623103_zpid	30623103_zpid	11211	60 Devoe St, Brooklyn, NY 11211	40.7131624	-73.9490422	0.121062656199	14	0.19630268618	6	0.0944522272775	4	4	2	1800	899000	36	1013	1901	50	134	31	69	28	34	50	16	20	13	15	202
30664661_zpid	30664661_zpid	11225	152 Maple St, Brooklyn, NY 11225	40.660278	-73.955704	0.407573380897	10	0.470712617121	7	0.493199708442	4	4	4	220	1152000	43	2000	1905	1884	428	872	740	772	144	184	84	256	260	72	1204
30792677_zpid	30792677_zpid	11235	8 Webers Ct, Brooklyn, NY 11235	40.5834959	-73.938957	0.0761627911807	3	0.875730104173	0	1.33943546247	0	3	1.5	1260	329600	131	1150	1925	36	8	20	29	13	28	23	13	28	8	3	74
29853365_zpid	29853365_zpid	10471	5831 Fieldston Rd, Bronx, NY 10471	40.9063919	-73.9007272	0.125953966473	4	0.126783706453	2	1.15880973473	0	4	1.5	2000	815000	0	2807	1940	10	7	4	7	4	19	34	9	17	2	7	52
30601547_zpid	30601547_zpid	11233	1218 Herkimer St, Brooklyn, NY 11233	40.67741	-73.913048	0.493085585945	4	0.176796614786	3	0.226785969602	3	4	2	1610	437000	122	1520	1899	265	28	175	183	130	57	39	23	65	77	38	224
83046750_zpid	83046750_zpid	11238	67 Greene Ave, Brooklyn, NY 11238	40.6862345	-73.9700728	0.31728331998	9	0.328294290665	3	0.327226690729	8	6	5	4858	13002500	11	1491	2006	103	46	52	67	53	22	29	8	17	22	19	98
30719109_zpid	30719109_zpid	11230	1489 E 10th St, Brooklyn, NY 11230	40.6128291	-73.9637254	0.210338403393	9	0.0865604756095	4	0.64641351553	2	8	5	3600	925000	31	3000	1975	46	17	21	37	27	61	33	19	28	6	1	115
30792941_zpid	30792941_zpid	11229	3133 Avenue W, Brooklyn, NY 11229	40.597033	-73.932819	0.4012794708	8	0.478633118246	1	1.89894108182	0	3	3	1064	440000	8	1620	1925	68	68	4	28	8	40	88	32	68	12	8	184
30704611_zpid	30704611_zpid	11204	1948 72nd St, Brooklyn, NY 11204	40.6129869	-73.991154	0.126405440486	13	0.131905162984	8	0.714551934544	1	7	3	2640	1300000	3	2500	1930	60	14	23	41	25	50	30	23	22	11	4	121
30705011_zpid	30705011_zpid	11204	1648 73rd St, Brooklyn, NY 11204	40.616516	-73.998524	0.129166224982	9	0.328804301257	4	0.343289087875	2	2	1	1030	170000	238	1742	1920	10	14	6	30	7	25	15	16	12	3	3	47
83042853_zpid	83042853_zpid	11233	772 Herkimer St, Brooklyn, NY 11233	40.678204	-73.927943	0.199551340696	6	0.354574997209	3	0.268316254225	2	3	2	4815	592250	127	2021	2004	95	50	61	87	60	15	12	2	27	35	16	140
30605170_zpid	30605170_zpid	11233	652 Halsey St, Brooklyn, NY 11233	40.684073	-73.927854	0.169499587274	7	0.334767161057	3	0.57766238316	1	6	3	2331	1070000	26	1698	1899	124	64	86	110	59	14	10	11	39	35	22	168
30583563_zpid	30583563_zpid	11215	344 1st St, Brooklyn, NY 11215	40.673242	-73.981227	0.138043722883	15	0.32739087245	5	0.480572004208	2	4	3	2670	2992500	20	1800	1901	276	336	104	192	104	104	200	172	108	64	100	876
29831955_zpid	29831955_zpid	10466	726A E 223rd St, Bronx, NY 10466	40.885857	-73.860341	0.124052704225	5	0.106471785968	1	0.241006697567	2	5	2	2750	473000	88	2613	1965	196	10	80	96	78	53	19	8	34	51	8	139
30580822_zpid	30580822_zpid	11215	284 22nd St, Brooklyn, NY 11215	40.659605	-73.992526	0.194017753714	7	0.505751580447	4	0.478139541739	2	3	1	750	615000	5	1670	1901	17	31	11	26	12	14	24	6	8	4	6	75
30603887_zpid	30603887_zpid	11221	599 Putnam Ave, Brooklyn, NY 11221	40.685698	-73.937415	0.158212489792	12	0.177454884152	5	0.705722417055	1	8	4	3600	1375000	8	2000	1901	148	33	78	96	63	22	27	12	34	42	19	164
30724881_zpid	30724881_zpid	11230	1136 E 13th St, Brooklyn, NY 11230	40.621626	-73.962879	0.253334317818	7	0.141317579577	6	0.441756871056	2	3	3	2342	480000	25	1700	1930	101	12	37	48	42	37	36	25	20	15	6	140
30609725_zpid	30609725_zpid	11216	200 Putnam Ave, Brooklyn, NY 11216	40.683394	-73.953317	0.272239198866	11	0.230009196555	6	0.349824150478	5	2	2	1000	25000	62	1667	1899	171	150	77	112	77	31	40	19	41	47	44	253
30581456_zpid	30581456_zpid	11217	414 Dean St, Brooklyn, NY 11217	40.682249	-73.977636	0.100249526502	12	0.330793518277	3	0.186289195777	10	4	4.5	2988	1525000	29	2178	1910	320	552	148	192	128	184	192	280	160	80	124	864
30581456_zpid	30581456_zpid	11217	414 Dean St, Brooklyn, NY 11217	40.682249	-73.977636	0.100249526502	10	0.330793518277	3	0.186289195777	10	4	4.5	2988	1525000	29	2178	1910	320	552	148	192	128	184	192	280	160	80	124	864
30663861_zpid	30663861_zpid	11210	3124 Farragut Rd, Brooklyn, NY 11210	40.636135	-73.946243	0.519913727813	2	0.347777789962	3	0.38579149179	2	7	3	2909	535000	8	3500	1920	330	30	183	173	165	64	40	15	38	69	7	331
30708197_zpid	30708197_zpid	11214	2111 79th St, Brooklyn, NY 11214	40.6071439	-73.9914738	0.0744406097446	7	0.290741704107	6	0.614345677606	2	4	3	2544	229000	278	2100	1920	468	40	132	208	136	276	168	124	76	44	36	484
30708197_zpid	30708197_zpid	11214	2111 79th St, Brooklyn, NY 11214	40.6071439	-73.9914738	0.0744406097446	9	0.290741704107	6	0.614345677606	2	4	3	2544	229000	278	2100	1920	468	40	132	208	136	276	168	124	76	44	36	484
89069348_zpid	89069348_zpid	11221	175 Marcus Garvey Blvd, Brooklyn, NY 11221	40.692314	-73.939596	0.146368926199	9	0.201537338872	5	0.638131508993	1	10	7	2862	1300000	0	2000	2008	588	200	248	412	272	120	100	44	104	172	116	728
29790011_zpid	29790011_zpid	10473	809 Harding Park, Bronx, NY 10473	40.806782	-73.85691	1.03333068281	0	1.65916238255	0	2.89664413589	0	3	1.5	780	175000	43	3388	1920	14	9	15	10	7	7	11	7	4	5	3	37
30715617_zpid	30715617_zpid	11230	727 E 10th St, Brooklyn, NY 11230	40.631281	-73.967155	0.351821567107	8	0.252954084602	6	0.51699188433	2	4	1.5	1378	855000	13	1720	1920	352	156	264	196	212	248	204	220	124	68	52	636
29778332_zpid	29778332_zpid	10452	1016 Woodycrest Ave, Bronx, NY 10452	40.832922	-73.927412	0.256533428114	4	0.32485864696	5	0.569405594796	2	9	3	2907	485000	3	2500	1905	450	51	194	206	210	34	20	6	80	81	33	336
30706605_zpid	30706605_zpid	11228	1453 77th St, Brooklyn, NY 11228	40.617128	-74.004871	0.203297672983	9	0.491126664458	4	0.540985331851	2	7	3	2232	740000	45	2700	1930	9	11	7	20	7	45	36	46	18	3	2	76
29835063_zpid	29835063_zpid	10466	3811 Merritt Ave, Bronx, NY 10466	40.888249	-73.829671	0.0748833447116	2	0.143243488434	2	0.0980381092427	1	2	2	896	329500	122	2613	1930	15	8	9	14	0	17	20	12	18	3	1	54
30696335_zpid	30696335_zpid	11209	240 77th St, Brooklyn, NY 11209	40.630134	-74.029908	0.203822762738	17	0.593332213448	4	0.374113563625	1	6	2	2700	980000	62	5466	1910	80	42	33	27	26	50	44	82	12	15	8	115
30747560_zpid	30747560_zpid	11229	2380 Knapp St, Brooklyn, NY 11229	40.594793	-73.933387	0.206493974176	7	0.646929626417	3	1.84120319716	0	3	2	1880	415000	4	2000	1955	7	14	0	4	2	7	16	5	17	3	2	32
29825724_zpid	29825724_zpid	10469	3228 Tenbroeck Ave, Bronx, NY 10469	40.872014	-73.8523869	0.120200487414	6	0.657492938151	1	0.576238820636	1	3	2.5	1620	334750	133	1800	1950	42	12	28	36	21	43	24	14	30	18	7	104
30792068_zpid	30792068_zpid	11235	2814 E 28th St, Brooklyn, NY 11235	40.584371	-73.94107	0.511135447747	3	0.785800806046	0	1.14135633908	0	5	4	4264	850000	102	1742	1995	19	4	10	19	11	24	20	15	31	3	3	78
29785624_zpid	29785624_zpid	10457	2096 Valentine Ave, Bronx, NY 10457	40.852888	-73.899498	0.0766247328482	10	0.171468396231	9	0.371812904759	5	6	2	2024	212000	10	1682	1901	429	39	188	197	200	30	24	14	62	68	26	294
29851224_zpid	29851224_zpid	10464	105 Sutherland St, Bronx, NY 10464	40.856179	-73.790181	0.0685304097093	1	3.26095144252	0	3.12860568414	0	4	2	2791	725000	92	5000	1925	0	8	0	2	0	2	6	20	4	1	2	10
30652296_zpid	30652296_zpid	11203	297 E 51st St, Brooklyn, NY 11203	40.65463	-73.9294	0.22193574311	10	0.30164307447	3	1.26060779849	0	4	3	2670	450000	23	2500	1920	240	29	103	100	109	73	45	11	35	44	19	212
30783164_zpid	30783164_zpid	11234	2375 E 74th St, Brooklyn, NY 11234	40.616608	-73.899906	0.903857942534	0	0.806275655062	0	3.34873507899	0	3	2	2400	725000	2	5000	1960	8	44	8	24	0	12	60	32	36	4	12	140
30580269_zpid	30580269_zpid	11215	1715 10th Ave, Brooklyn, NY 11215	40.6564679	-73.980125	0.291895165948	9	0.220480787741	4	0.464573441223	1	6	3	3000	605000	148	2178	1905	20	24	14	14	13	17	11	5	13	2	5	46
2129012051_zpid	2129012051_zpid	11219	1558 Bay Ridge Ave, Brooklyn, NY 11219	40.6200551	-73.9981934	0.167564139829	10	0.108233452296	5	0.0768303571124	4	1	3.5	2800	735000	17	1100	1950	84	20	24	40	24	88	48	72	32	12	12	156
30688906_zpid	30688906_zpid	11219	1248 Tabor Ct, Brooklyn, NY 11219	40.628096	-74.000877	0.464154888509	8	0.361446113773	2	0.3819243749	4	7	3	2160	925000	40	2400	1930	27	12	15	22	7	48	72	43	13	5	17	116
30618656_zpid	30618656_zpid	11211	294 N 6th St, Brooklyn, NY 11211	40.7143586	-73.9539875	0.110429181016	20	0.34720090128	5	0.20062839453	4	5	2	1136	900000	20	1277	1901	380	952	168	356	168	164	192	92	84	68	84	1084
30653334_zpid	30653334_zpid	11212	471 E 96th St, Brooklyn, NY 11212	40.656337	-73.915815	0.0606802251935	9	0.439607347213	5	0.571149421051	1	7	3	3400	575000	2	2425	1925	373	17	188	179	149	56	21	10	34	57	24	232
30706749_zpid	30706749_zpid	11214	1763 77th St, Brooklyn, NY 11214	40.612894	-73.997853	0.10581781777	13	0.272832121718	7	0.24258122777	2	7	6	3630	1380000	5	2827	1925	49	7	12	24	8	23	30	23	17	9	6	104
29816597_zpid	29816597_zpid	10461	1935 Mayflower Ave, Bronx, NY 10461	40.850578	-73.83417	0.355631562994	6	0.305685797305	1	0.440584618482	2	2	1	750	226000	1	2369	1920	84	19	14	14	19	38	20	16	12	6	7	74
30635291_zpid	30635291_zpid	11212	671 Mother Gaston Blvd, Brooklyn, NY 11212	40.662357	-73.904649	0.363741834403	3	0.293520724446	8	0.226255347936	4	3	1	1116	359000	0	1799	1985	38	11	39	32	22	10	21	5	26	10	6	74
30755095_zpid	30755095_zpid	11234	3222 Kings Hwy, Brooklyn, NY 11234	40.617869	-73.942535	0.578504856902	3	0.179682781477	4	1.42526937009	0	4	2.5	1492	320000	41	2430	1935	16	8	14	13	4	25	16	13	21	5	3	68
30722660_zpid	30722660_zpid	11223	1894 W 10th St S, Brooklyn, NY 11223	40.600826	-73.982484	0.135842181649	9	0.538269292871	6	0.388968367846	3	5	4	3750	950000	18	2100	1932	34	15	17	17	13	54	26	44	16	6	4	67
29843590_zpid	29843590_zpid	10465	1428 Stadium Ave, Bronx, NY 10465	40.841872	-73.820026	0.784171748567	0	0.584751306979	2	1.1907449858	0	4	3	1836	360000	13	2500	1960	1	12	5	3	0	8	28	14	4	0	1	36
30608152_zpid	30608152_zpid	11221	133 Van Buren St, Brooklyn, NY 11221	40.690579	-73.940692	0.0883108079411	10	0.212284454276	4	0.851460366655	0	5	3	2520	11500	323	2000	1920	190	52	97	138	94	31	31	12	38	54	31	219
30768693_zpid	30768693_zpid	11236	726 E 85th St, Brooklyn, NY 11236	40.638683	-73.9109409	0.170446204441	7	0.262563371882	2	1.17345718687	0	3	3	1200	419000	25	4000	1965	40	6	27	20	11	79	36	14	26	15	10	112
30704290_zpid	30704290_zpid	11228	1271 73rd St, Brooklyn, NY 11228	40.621863	-74.00646	0.154598486279	8	0.027104384024	2	0.689944140475	1	8	3.5	2472	695000	124	2252	1925	11	9	8	25	8	44	43	42	16	2	2	68
30697905_zpid	30697905_zpid	11209	560 80th St, Brooklyn, NY 11209	40.62465	-74.022769	0.137441896819	15	0.173211451982	4	0.523402662746	2	2	1	1998	840000	15	2300	1920	116	37	28	34	30	34	34	38	13	25	3	179
30664414_zpid	30664414_zpid	11226	4 Parkside Ct, Brooklyn, NY 11226	40.655874	-73.96057	0.114665767317	11	0.0716054555659	5	0.101488054459	3	6	3	3672	975000	35	1700	1910	1368	248	796	752	656	72	112	88	168	192	52	964
30664414_zpid	30664414_zpid	11226	4 Parkside Ct, Brooklyn, NY 11226	40.655874	-73.96057	0.114665767317	13	0.0716054555659	5	0.101488054459	3	6	3	3672	975000	35	1700	1910	1368	248	796	752	656	72	112	88	168	192	52	964
30698967_zpid	30698967_zpid	11209	575 84th St, Brooklyn, NY 11209	40.621834	-74.023359	0.169508013668	11	0.214179914755	3	0.436223168903	1	5	3	3600111	1400000	0	1200	1925	111	52	29	38	33	29	17	22	8	26	4	173
30771940_zpid	30771940_zpid	11236	8601 Avenue N, Brooklyn, NY 11236	40.630397	-73.89987	0.680915682398	2	0.414771901492	1	1.81743354382	0	5	3	2400	370000	151	2000	1955	47	10	21	22	10	49	24	9	27	7	10	67
30722702_zpid	30722702_zpid	11223	1858 W 9th St, Brooklyn, NY 11223	40.601757	-73.981707	0.102831072433	10	0.473362223787	5	0.266896688989	3	6	4	20	950000	106	6000	1925	264	100	128	76	84	240	104	180	76	32	16	364
30722702_zpid	30722702_zpid	11223	1858 W 9th St, Brooklyn, NY 11223	40.601757	-73.981707	0.102831072433	10	0.473362223787	6	0.266896688989	3	6	4	20	950000	106	6000	1925	264	100	128	76	84	240	104	180	76	32	16	364
2099673675_zpid	2099673675_zpid	11234	126 Barlow Drive South #1, Brooklyn, NY 11234	40.608857	-73.905342	0.975436819173	0	0.99444266024	0	4.21787356202	0	4	3	2450	999000	0	4200	1960	2	1	1	7	0	3	9	2	7	2	1	21
30670143_zpid	30670143_zpid	11210	625 E 24th St, Brooklyn, NY 11210	40.6354339	-73.954022	0.252246429209	4	0.413324844102	4	0.61165897608	3	6	3	2776	975000	31	5000	1915	81	28	56	52	68	39	24	19	22	23	6	154
30733508_zpid	30733508_zpid	11224	2859 W 20th St, Brooklyn, NY 11224	40.577255	-73.986714	0.256755408722	2	0.329769975833	4	0.463793152898	1	8	4	1804	550000	59	2138	1905	328	56	168	208	140	68	124	48	48	104	28	408
30670107_zpid	30670107_zpid	11210	603 E 23rd St, Brooklyn, NY 11210	40.635473	-73.954986	0.28521208544	6	0.488197960134	4	0.660947256138	3	5	3	2987	1150000	19	5000	1920	77	26	50	43	60	35	17	15	19	19	6	135
30630102_zpid	30630102_zpid	11207	554 Wilson Ave, Brooklyn, NY 11207	40.690824	-73.908841	0.024411465824	8	0.768713118386	0	0.465186584607	2	3	1	4875	975000	30	1875	1912	96	31	78	95	71	20	22	13	37	42	21	163
30619737_zpid	30619737_zpid	11222	64 Green St, Brooklyn, NY 11222	40.7330789	-73.959361	0.187094975426	6	0.396228166494	2	0.555234339462	1	4	4	1936	875000	90	2500	1950	45	95	34	39	28	43	26	12	19	13	5	169
30585612_zpid	30585612_zpid	11215	231A 13th St, Brooklyn, NY 11215	40.667624	-73.98952	0.121109298364	16	0.180043281362	4	0.310069434372	3	3	3	2016	300000	30	1250	1901	90	85	32	75	32	43	70	28	41	20	17	249
29826954_zpid	29826954_zpid	10467	725 E 221st St, Bronx, NY 10467	40.884874	-73.860945	0.0642872333848	5	0.21514516461	1	0.188214832604	2	4	3	1971	412000	2	1971	1930	131	10	69	88	84	62	14	4	29	34	8	134
30789200_zpid	30789200_zpid	11235	2929 Brighton 3rd St, Brooklyn, NY 11235	40.5799815	-73.9651669	0.325953578576	6	0.331088794781	7	0.417947603195	2	4	3	2	165000	309	1600	1910	468	216	288	376	216	240	152	100	180	88	96	960
30789200_zpid	30789200_zpid	11235	2929 Brighton 3rd St, Brooklyn, NY 11235	40.5799815	-73.9651669	0.150807905488	7	0.331088794781	7	0.417947603195	2	4	3	2	165000	309	1600	1910	468	216	288	376	216	240	152	100	180	88	96	960
30643682_zpid	30643682_zpid	11208	72 Fountain Ave, Brooklyn, NY 11208	40.678418	-73.876416	0.315050358009	11	0.4426842685	6	0.452196820029	5	6	2	2430	260000	8	1868	1899	109	21	61	76	55	50	48	20	49	26	12	201
30596672_zpid	30596672_zpid	11213	236 Utica Ave, Brooklyn, NY 11213	40.670762	-73.931207	0.070325246882	12	0.190203392775	4	0.254090783845	1	4	5.5	6720	2995000	0	1920	1930	545	47	292	290	270	46	39	14	57	106	41	412
55541452_zpid	55541452_zpid	10463	3401 Riverdale Ave, Bronx, NY 10463	40.884104	-73.908034	0.201764007479	10	0.179588289073	4	0.606178582667	2	10	6	4490	2425000	26	3500	1992	165	47	53	49	45	43	49	14	31	23	13	153
89073299_zpid	89073299_zpid	11233	613 Halsey St, Brooklyn, NY 11233	40.6845519	-73.927862	0.154552604669	8	0.291621664692	3	0.62617858734	2	5	3.5	2285	899000	0	1667	2007	116	62	76	102	52	14	9	11	37	30	22	144
30699107_zpid	30699107_zpid	11209	139 85th St, Brooklyn, NY 11209	40.625494	-74.034709	0.365938740691	8	0.668347046495	1	0.618035489887	1	5	6	2643	2150000	17	6098	1910	24	27	10	23	8	34	32	24	13	5	1	82
29783417_zpid	29783417_zpid	10459	1363 Prospect Ave, Bronx, NY 10459	40.8305199	-73.8973124	0.317954514391	5	0.335560896583	9	0.463126944777	1	6	3	2280	351000	64	1728	1899	175	79	85	115	92	21	17	5	22	42	20	163
30706017_zpid	30706017_zpid	11228	1432 Bay Ridge Pkwy, Brooklyn, NY 11228	40.6183368	-74.0044896	0.164520204593	8	0.399458413021	3	0.495367246181	2	4	2	1273	820000	2	2000	1925	12	10	10	25	11	47	45	48	18	1	2	83
