29848809_zpid	29848809_zpid	10465	340 Brinsmade Ave, Bronx, NY 10465	40.818456	-73.821803	0.358585576586	1	0.34994977452	1	2.9235070691	0	3	2.5	1500	418080	30	2443	1960	13	18	12	6	9	24	17	10	11	8	8	47
30628770_zpid	30628770_zpid	11221	234 Cornelia St, Brooklyn, NY 11221	40.692914	-73.912474	0.241534029123	6	0.439449697236	3	0.753842816506	0	8	4	4000	1400000	0	2000	1905	117	27	95	115	87	33	33	7	47	53	29	160
30728469_zpid	30728469_zpid	11229	2024 Avenue R, Brooklyn, NY 11229	40.606204	-73.951807	0.519082999423	4	0.494783773914	2	0.577470727114	1	3	2.5	1239	230000	224	3397	1930	141	26	35	44	41	73	61	30	18	13	2	136
30759224_zpid	30759224_zpid	11234	1100 E 53rd St, Brooklyn, NY 11234	40.632215	-73.925685	0.271520881898	5	0.564858697744	2	1.85622728598	0	8	2	1826	549000	18	2150	1945	34	12	12	24	12	46	23	12	14	14	3	78
29798768_zpid	29798768_zpid	10460	1521 Commonwealth Ave, Bronx, NY 10460	40.8386319	-73.869444	0.140287347963	5	0.43993155373	3	0.497853451949	1	6	2	2148	358000	26	2178	1920	279	23	100	124	124	52	26	14	42	56	26	185
29786400_zpid	29786400_zpid	10453	2206 Dr Martin L King Jr Blvd, Bronx, NY 10453	40.858529	-73.908251	0.47897629912	8	0.162966864121	9	0.368346766163	4	14	4	3	425000	139	3702	1901	1324	96	368	500	416	132	84	20	160	144	72	704
30650084_zpid	30650084_zpid	11208	986 Hemlock St, Brooklyn, NY 11208	40.664378	-73.866597	0.410149303609	1	0.0619943954136	4	1.30977893361	0	7	3	2534	420000	140	3000	1997	22	4	7	11	6	11	19	5	7	6	1	51
30660104_zpid	30660104_zpid	11203	1052 New York Ave, Brooklyn, NY 11203	40.6476614	-73.9465909	0.214050700938	5	0.241829040458	5	0.348475281827	2	4	3	1960	460000	0	2039	1899	91	16	88	80	73	31	12	2	20	24	13	97
29785299_zpid	29785299_zpid	10458	2321 Prospect Ave, Bronx, NY 10458	40.852205	-73.883721	0.198453640004	10	0.262157243129	2	1.18010215815	0	3	1	2664	481000	36	1584	2012	300	65	95	128	124	13	18	8	34	52	15	200
94717721_zpid	94717721_zpid	11215	323 23rd St, Brooklyn, NY 11215	40.6578557	-73.9904368	0.454134126785	5	0.502964552395	4	0.705569872006	1	4	2	2300	1723000	27	1070	2005	15	29	9	22	10	18	20	9	7	2	6	66
30614569_zpid	30614569_zpid	11238	856 Fulton St, Brooklyn, NY 11238	40.6833575	-73.9670996	0.218788030524	10	0.322536341362	3	0.0363332872715	4	4	3	2700	3200000	0	1584	1930	544	440	244	388	308	168	216	64	124	104	104	720
30614569_zpid	30614569_zpid	11238	856 Fulton St, Brooklyn, NY 11238	40.6833575	-73.9670996	0.218788030524	10	0.322536341362	4	0.0363332872715	4	4	3	2700	3200000	0	1584	1930	544	440	244	388	308	168	216	64	124	104	104	720
30774322_zpid	30774322_zpid	11236	1234 E 94th St, Brooklyn, NY 11236	40.640536	-73.901657	0.269349106013	8	0.524898594528	1	0.681247724004	1	6	4	2640	485000	29	3730	1925	51	14	21	19	19	49	28	10	18	18	9	91
30637661_zpid	30637661_zpid	11208	236 Ridgewood Ave, Brooklyn, NY 11208	40.683495	-73.8799072	0.236483561375	6	0.264370484903	3	0.232367663191	3	3	1	3772	565000	26	1700	1931	87	32	51	67	55	46	30	19	46	22	13	161
30610329_zpid	30610329_zpid	11216	64 Hancock St, Brooklyn, NY 11216	40.681921	-73.95296	0.22160356029	12	0.321975856636	7	0.272102335717	4	1	1	3600	17500	55	2000	1901	191	149	82	116	94	20	48	19	45	50	40	250
30653090_zpid	30653090_zpid	11203	136 E 57th St, Brooklyn, NY 11203	40.652768	-73.9239769	0.24981602356	8	0.260397808339	4	1.16278787626	0	6	3	1880	600000	27	1873	1945	136	16	50	62	58	46	26	7	19	26	15	138
30737417_zpid	30737417_zpid	11223	2171 E 8th St, Brooklyn, NY 11223	40.5963929	-73.9625012	0.219824561301	9	0.212465128438	5	0.633444671685	2	6	3	3720	999000	29	2525	1925	34	19	11	24	11	20	34	15	11	5	4	55
30601669_zpid	30601669_zpid	11233	1330 Herkimer St, Brooklyn, NY 11233	40.67721	-73.909494	0.105938102075	6	0.0906118706316	3	0.178887225049	8	2	2	2565	225000	13	1710	1910	223	26	146	182	123	46	34	22	56	76	29	210
30774438_zpid	30774438_zpid	11236	1523 Rockaway Pkwy, Brooklyn, NY 11236	40.643473	-73.900036	0.168758672066	8	0.722290205936	1	0.385834196077	1	5	3	2700	463500	16	2213	1930	49	11	23	20	16	54	20	7	13	19	8	102
29781856_zpid	29781856_zpid	10457	294 E Burnside Ave, Bronx, NY 10457	40.850643	-73.901703	0.157473664248	10	0.0815964853138	8	0.297866772773	4	1	1	2200	165000	215	3484	1910	407	52	206	198	190	29	29	14	76	70	26	305
30736697_zpid	30736697_zpid	11223	2119 W 9th St, Brooklyn, NY 11223	40.5957005	-73.9800473	0.286957369683	6	0.0414621284542	4	0.2117855473	4	3	3	1260	275000	164	1995	1920	37	13	5	23	8	39	26	34	20	5	4	66
83177963_zpid	83177963_zpid	10474	1313 Seneca Ave APT 1, Bronx, NY 10474	40.819206	-73.886973	0.18091287292	5	0.278789827141	5	0.358269937343	2	4	3	4500	495000	30	2500	2006	146	11	89	85	75	14	18	11	31	24	13	134
30637176_zpid	30637176_zpid	11207	141 Arlington Ave, Brooklyn, NY 11207	40.68031	-73.8896479	0.182810199092	6	0.181626453791	4	0.327026538912	2	7	2.5	3460	423000	16	47	1920	96	40	62	70	53	62	46	33	44	29	9	153
2099395232_zpid	2099395232_zpid	11249	135 Grand St STE 1, Brooklyn, NY 11249	40.7150927	-73.9622664	0.113900130178	13	0.23152250374	4	0.501253485744	1	8	6	5500	6000000	0	2525	1910	65	93	7	33	7	36	20	20	27	38	4	133
62649236_zpid	62649236_zpid	11236	1476 E 105th St, Brooklyn, NY 11236	40.637836	-73.884285	0.577817002859	3	0.668190466004	2	1.77901365254	0	6	4	4420	480000	148	2500	2001	14	3	12	9	2	4	7	4	12	2	2	30
30730396_zpid	30730396_zpid	11214	8750 25th Ave, Brooklyn, NY 11214	40.59508	-73.990519	0.401769929499	8	0.394684503326	5	0.427324896576	1	5	3.5	2052	898000	7	20	1960	28	6	16	18	9	43	38	21	22	9	3	79
29788678_zpid	29788678_zpid	10467	3519 Tryon Ave, Bronx, NY 10467	40.880965	-73.8768014	0.175641610938	8	0.358985536204	3	0.587094594583	4	7	4	3485	450000	89	2500	1920	484	103	151	194	193	31	29	28	46	63	23	258
30668089_zpid	30668089_zpid	11226	2902 Beverley Rd, Brooklyn, NY 11226	40.64486	-73.949746	0.167712903466	7	0.253824136478	8	0.0715590644705	3	5	3	2320	605000	10	1800	1925	272	52	112	130	97	88	36	15	29	61	29	233
29830664_zpid	29830664_zpid	10469	1511 Adee Ave, Bronx, NY 10469	40.8698059	-73.84221	0.129211153233	1	0.898965868455	0	0.352745298608	1	3	3	1530	400000	0	2502	1935	50	12	33	26	14	47	27	14	23	8	7	66
30789183_zpid	30789183_zpid	11235	6 Brighton 3RD Pl, Brooklyn, NY 11235	40.5796706	-73.9646428	0.298533932219	6	0.27801400913	7	0.361722457735	2	3	1	846	60000	39	1800	1905	131	62	77	99	64	63	45	26	48	28	28	271
30647048_zpid	30647048_zpid	11207	763 Hendrix St, Brooklyn, NY 11207	40.662822	-73.885938	0.254919254094	7	0.341253313435	6	0.375776934621	2	3	1	3080	340000	157	1154340.0	1930	166	10	108	90	83	25	32	10	41	60	15	178
30646695_zpid	30646695_zpid	11207	748 New Jersey Ave, Brooklyn, NY 11207	40.660936	-73.8916349	0.196717174256	3	0.178033519828	5	0.495317967302	3	6	2	1936	650000	4	1900	1920	980	64	532	504	520	108	184	44	164	296	60	968
30638172_zpid	30638172_zpid	11208	266 Cleveland St, Brooklyn, NY 11208	40.678577	-73.885575	0.122171271039	8	0.240417389817	6	0.171762950508	4	6	3	1224	655000	11	2500	1905	46	14	37	46	38	27	22	21	18	27	10	109
30634638_zpid	30634638_zpid	11207	416 Miller Ave, Brooklyn, NY 11207	40.670512	-73.890963	0.245923660709	5	0.349903014104	4	0.254656990658	4	4	2	3240	50000	46	2000	1901	125	20	109	111	104	52	40	20	47	48	25	249
29822393_zpid	29822393_zpid	10469	2415 Tiemann Ave, Bronx, NY 10469	40.861207	-73.838318	0.377402878573	2	0.344067864868	1	1.14834353414	0	3	1.5	1944	420000	68	2500	1960	7	10	2	5	0	9	31	11	11	1	3	48
30675499_zpid	30675499_zpid	11218	681 E 4th St, Brooklyn, NY 11218	40.635432	-73.974656	0.0866646129228	5	0.334611644517	10	0.312339584687	2	3	2	1414	759000	15	2700	1910	632	176	356	376	280	368	152	400	100	88	24	884
30794330_zpid	30794330_zpid	11229	2 Aster Ct, Brooklyn, NY 11229	40.5920666	-73.924829	0.167323969166	2	1.25440668892	0	2.54501594383	0	2	1.5	992	370000	8	1890	1930	1	7	1	11	1	1	21	7	17	2	3	24
29814279_zpid	29814279_zpid	10462	987 Pierce Ave, Bronx, NY 10462	40.8448887	-73.8542863	0.266500527177	8	0.381239529183	2	1.10193557525	0	4	2	1770	429000	0	1518	1935	105	13	16	18	7	23	20	18	16	7	3	52
30664781_zpid	30664781_zpid	11225	20 Midwood St, Brooklyn, NY 11225	40.6593159	-73.959911	0.0797125628741	13	0.218731076197	5	0.323463315494	2	1	1	3300	1650000	50	2800	1901	387	97	175	146	151	12	42	18	53	46	13	246
30631382_zpid	30631382_zpid	11207	28 Vermont St, Brooklyn, NY 11207	40.679394	-73.896131	0.246679895105	4	0.278381687582	3	0.341855969393	8	6	3	2400	580000	29	1742	1899	83	29	58	63	43	57	34	36	28	29	9	137
30718644_zpid	30718644_zpid	11230	1607 Mcdonald Ave, Brooklyn, NY 11230	40.613672	-73.973522	0.025190946908	8	0.390315439441	4	0.173085713399	3	6	2.5	3000	695000	17	2240	1931	31	7	13	25	16	45	24	24	11	8	6	73
2110094614_zpid	2110094614_zpid	10473	1953 Gildersleeve Ave, Bronx, NY 10473	40.8097629	-73.853672	0.615599213233	1	1.26389781544	0	2.68033729805	0	5	3	2400	500000	3	2400	1920	108	32	72	76	36	60	56	60	36	64	12	236
29833788_zpid	29833788_zpid	10466	1058 E 232nd St, Bronx, NY 10466	40.889003	-73.846786	0.264920097965	5	0.0847437640545	3	1.01309674333	0	6	4	3150	555000	4	4164	2010	42	14	22	22	11	67	20	4	31	14	9	66
30654407_zpid	30654407_zpid	11203	374 E 54th St, Brooklyn, NY 11203	40.6495279	-73.9265379	0.334978923958	7	0.340860255334	3	1.58298815644	0	7	6	2500	515000	21	2482	1920	133	15	49	50	56	43	34	8	17	28	10	154
30761194_zpid	30761194_zpid	11234	1218 E 55th St, Brooklyn, NY 11234	40.627183	-73.923194	0.208552077223	6	0.46581144466	3	2.1591950914	0	5	3	3141	565000	3	2208	1965	140	56	116	96	76	232	84	96	80	80	20	384
30671210_zpid	30671210_zpid	11218	602 Vanderbilt St, Brooklyn, NY 11218	40.653291	-73.975954	0.061744485209	6	0.364443792615	2	0.389868218404	1	6	5	2941	1450000	41	2080	1899	9	22	13	19	11	21	20	28	18	1	4	55
30607974_zpid	30607974_zpid	11221	282 Kosciuszko St, Brooklyn, NY 11221	40.691292	-73.943368	0.301691159411	9	0.155941309688	4	0.668263025881	2	4	41	1800	250000	15	1500	1899	117	39	61	92	73	20	25	7	23	36	19	155
30765852_zpid	30765852_zpid	11234	2438 Ralph Ave, Brooklyn, NY 11234	40.618587	-73.9175099	0.0501606717916	8	0.700572593477	1	2.99954759518	0	3	2	1600	505000	9	3700	1925	10	8	7	7	7	25	24	10	23	4	6	112
29813730_zpid	29813730_zpid	10461	1067 Sackett Ave, Bronx, NY 10461	40.844685	-73.850655	0.204823332619	7	0.527640212792	3	0.836336566673	0	4	3	2400	528042	98	50	1931	102	11	30	42	17	36	30	22	20	10	5	107
30631046_zpid	30631046_zpid	11207	192 Moffat St, Brooklyn, NY 11207	40.687814	-73.905772	0.395966724697	6	0.655957421085	2	0.180027352914	3	7	3	3300	835500	15	2000	1915	96	31	91	110	85	21	20	13	40	44	18	184
30747670_zpid	30747670_zpid	11235	2471 E 12th St, Brooklyn, NY 11235	40.5900899	-73.958376	0.286958160954	12	0.42764014477	4	0.503723043868	2	4	2.75	3000	740000	36	2613	1960	44	16	9	26	14	43	30	27	22	8	2	82
30772460_zpid	30772460_zpid	11236	1429 E 89th St, Brooklyn, NY 11236	40.631118	-73.896761	0.567351440607	5	0.193430864033	3	1.78208525728	0	5	3	2773	155000	111	2392	1960	156	24	72	76	20	184	68	44	92	28	12	224
30712809_zpid	30712809_zpid	11228	160 Bay 10th St, Brooklyn, NY 11228	40.607979	-74.012231	0.148370309493	7	0.499277000989	2	0.886953836104	0	3	3	1836	920000	3	2469	1940	28	40	12	40	8	88	128	108	84	12	20	220
30607377_zpid	30607377_zpid	11206	538 Willoughby Ave, Brooklyn, NY 11206	40.693782	-73.9478759	0.0626521921925	8	0.527234797637	5	0.213814920777	3	1	1	550	650000	49	2003	1910	90	30	68	101	53	38	19	40	29	28	24	143
30739875_zpid	30739875_zpid	11223	2512 W 1st St, Brooklyn, NY 11223	40.5879473	-73.9709027	0.161529729509	4	0.193839669614	1	0.33873626646	1	5	3	1600	545000	73	1197	1930	90	13	17	20	10	27	43	28	16	4	6	100
29830637_zpid	29830637_zpid	10469	1510 Hammersley Ave, Bronx, NY 10469	40.871176	-73.84285	0.220278764494	4	0.741119967272	1	0.349623521703	1	3	2	905	329999	0	2500	1925	50	12	35	30	13	46	32	11	23	12	8	68
30713569_zpid	30713569_zpid	11228	8793 14th Ave, Brooklyn, NY 11228	40.608682	-74.015551	0.408644659065	4	0.677649505318	1	1.17033114713	0	3	2	1802	750000	45	2449	1935	7	7	3	9	2	17	23	22	18	1	5	47
29778333_zpid	29778333_zpid	10452	1018 Woodycrest Ave, Bronx, NY 10452	40.832982	-73.927367	0.263850947349	4	0.318318423004	5	0.574888690466	2	9	3	2871	525000	0	2500	1905	450	52	194	206	210	34	20	6	81	81	33	340
30599613_zpid	30599613_zpid	11233	37 Thomas S Boyland St, Brooklyn, NY 11233	40.684001	-73.914436	0.244598505723	7	0.140628612224	3	0.312734434021	3	5	3	1800	399000	65	1500	1901	672	144	528	556	448	60	128	24	164	304	40	736
29797101_zpid	29797101_zpid	10472	2248 Chatterton Ave, Bronx, NY 10472	40.8283569	-73.848029	0.154572538289	7	0.842209362646	0	0.72771120783	1	3	2	1636	388000	18	2813	1930	28	9	8	16	10	17	14	2	7	8	5	34
29850649_zpid	29850649_zpid	10464	369 City Island Ave, Bronx, NY 10464	40.848877	-73.787516	0.148529003989	3	3.25955679302	0	3.36269020519	0	3	1	594	459000	0	3872	1925	7	33	2	5	1	3	30	18	5	1	22	47
30570370_zpid	30570370_zpid	11231	71 Woodhull St APT 1, Brooklyn, NY 11231	40.681283	-74.002154	0.178397925424	14	0.257928609846	3	0.662786880752	1	6	4	3200	2985000	20	1500	1900	30	46	26	52	19	15	52	38	11	11	12	160
30666576_zpid	30666576_zpid	11226	2729 Snyder Ave, Brooklyn, NY 11226	40.6489899	-73.9512723	0.220155494404	4	0.168276085234	7	0.251204352126	2	5	2	2096	500000	132	1750	1901	401	45	171	169	180	86	31	15	50	72	29	281
30615441_zpid	30615441_zpid	11217	54 Saint Felix St, Brooklyn, NY 11217	40.6884063	-73.9778883	0.263890711095	10	0.177245781527	3	0.220501337989	10	5	4	3369	3200000	0	1211	2001	63	72	23	36	14	10	37	27	24	17	12	146
30793931_zpid	30793931_zpid	11229	15 Lois Ave, Brooklyn, NY 11229	40.5868533	-73.9216442	0.352776364211	1	1.60121230684	0	2.7484114868	0	5	3	2736	145000	222	1800	1920	2	3	1	13	0	0	28	9	20	2	5	36
30608537_zpid	30608537_zpid	11221	471 Lexington Ave, Brooklyn, NY 11221	40.688783	-73.943237	0.247570335735	9	0.209642864849	4	0.717678090588	1	6	3	2400	820000	2	2000	1899	692	192	344	444	344	100	120	32	124	180	80	736
30608537_zpid	30608537_zpid	11221	471 Lexington Ave, Brooklyn, NY 11221	40.688783	-73.943237	0.247570335735	10	0.209642864849	4	0.717678090588	1	6	3	2400	820000	2	2000	1899	692	192	344	444	344	100	120	32	124	180	80	736
89024957_zpid	89024957_zpid	11216	226 Tompkins Ave, Brooklyn, NY 11216	40.691069	-73.945731	0.232414008055	11	0.341392791905	4	0.510708699804	2	2	2	3000	525000	38	1785	2008	260	108	100	160	144	48	44	20	60	80	56	256
30763572_zpid	30763572_zpid	11234	5807 Avenue M, Brooklyn, NY 11234	40.622048	-73.919115	0.28683839176	10	0.693362393836	1	2.69278084676	0	2	2	826	425000	0	2188	1925	7	7	8	7	6	39	26	23	20	7	9	118
29833748_zpid	29833748_zpid	10466	1045 E 231st St, Bronx, NY 10466	40.889001	-73.847797	0.206812253602	6	0.104470076229	3	0.938500330774	0	2	1	1360	210000	169	2752	1925	49	14	25	20	12	64	19	4	29	15	9	69
30634043_zpid	30634043_zpid	11212	259 Mother Gaston Blvd, Brooklyn, NY 11212	40.6728621	-73.9073551	0.245685875746	6	0.360840280255	6	0.453471477874	6	11	3	3336	340000	29	2500	1901	75	8	25	29	30	5	15	5	8	12	14	75
29813918_zpid	29813918_zpid	10461	1101 Sackett Ave, Bronx, NY 10461	40.845116	-73.849385	0.260105070289	7	0.471317750984	3	0.790597460779	0	3	2	1701	365000	45	2613	1930	102	17	30	44	18	42	30	22	26	10	6	118
29834235_zpid	29834235_zpid	10466	1235 E 223rd St, Bronx, NY 10466	40.8812285	-73.8458272	0.349248939755	5	0.40048204828	3	0.684845057611	1	2	2	960	329000	0	1598	1955	60	44	32	16	32	72	24	4	68	16	12	132
30789666_zpid	30789666_zpid	11235	3021 Brighton 7th St, Brooklyn, NY 11235	40.5792529	-73.9609003	0.0744482584276	11	0.089424267204	5	0.179631060659	2	7	3	2772	379000	145	1839	1930	860	272	300	440	244	308	212	112	196	140	112	1196
30789666_zpid	30789666_zpid	11235	3021 Brighton 7th St, Brooklyn, NY 11235	40.5792529	-73.9609003	0.0744482584276	10	0.089424267204	5	0.179631060659	2	7	3	2772	379000	145	1839	1930	860	272	300	440	244	308	212	112	196	140	112	1196
29851103_zpid	29851103_zpid	10464	173 Ditmars St, Bronx, NY 10464	40.850205	-73.786216	0.29036669642	3	3.3363566492	0	3.4550424028	0	2	2	870	412000	15	5314	1947	2	24	2	2	1	2	21	17	5	1	17	43
30782135_zpid	30782135_zpid	11234	2063 E 67th St, Brooklyn, NY 11234	40.6183539	-73.910503	0.0977584216478	6	0.15462420653	1	3.23405296468	0	3	1	1260	449440	107	2000	1935	16	12	10	15	7	19	20	13	21	2	6	73
29795188_zpid	29795188_zpid	10472	1883 Watson Ave, Bronx, NY 10472	40.828525	-73.861529	0.0474744369551	8	0.184362422685	4	0.526747627564	2	4	2	1728	365500	22	1558	1960	115	153	63	50	52	53	29	13	65	25	15	115
29778393_zpid	29778393_zpid	10452	1017 Nelson Ave, Bronx, NY 10452	40.83322	-73.928669	0.222647450347	3	0.307052367355	5	0.635990630234	2	9	4	2610	465000	48	2265	1910	369	48	161	176	171	34	19	3	72	67	28	279
30665462_zpid	30665462_zpid	11225	22 Winthrop St, Brooklyn, NY 11225	40.656268	-73.959242	0.101657642931	12	0.180642788214	6	0.219103651603	3	3	3	1700	1745000	7	2253	1905	1108	276	540	416	400	56	112	48	160	140	28	616
30646493_zpid	30646493_zpid	11207	29 Louisiana Ave, Brooklyn, NY 11207	40.658627	-73.895732	0.754120654371	0	0.362684135523	3	0.295801548169	3	7	2	2200	475000	72	3000	1901	144	10	92	78	76	28	34	15	22	44	14	173
30740362_zpid	30740362_zpid	11235	2615 Hubbard St, Brooklyn, NY 11235	40.5865916	-73.9626877	0.22564651101	9	0.605872002218	2	0.722136731761	1	2	1	1604	535000	19	1600	1930	124	64	64	96	44	160	172	112	76	28	24	316
29784373_zpid	29784373_zpid	10458	506 E 183rd St, Bronx, NY 10458	40.854669	-73.892391	0.0187239427448	12	0.374436825595	6	0.720702226004	1	6	3	2816	330000	140	1316	1901	346	63	130	144	141	18	27	10	32	48	21	215
30785453_zpid	30785453_zpid	11234	1896 E 51st St, Brooklyn, NY 11234	40.613897	-73.925605	0.472891059837	6	1.04110133977	0	2.7833882393	0	3	2.5	1800	440000	60	2003	1960	14	17	7	12	8	30	30	21	17	7	7	91
30792201_zpid	30792201_zpid	11235	2708 Brown St, Brooklyn, NY 11235	40.5872559	-73.937727	0.291104175372	7	0.483086119995	1	1.3893685844	0	4	4	2960	745000	8	2000	1960	42	6	27	31	19	31	16	24	29	11	5	105
30769731_zpid	30769731_zpid	11236	46 Paerdegat 3rd St, Brooklyn, NY 11236	40.632106	-73.91047	0.407860956287	5	0.425208547602	3	1.77564110518	0	7	5	3430	640000	113	3050	1970	124	20	64	60	24	216	92	12	100	24	4	228
30664395_zpid	30664395_zpid	11225	30 Chester Ct, Brooklyn, NY 11225	40.658476	-73.9614357	0.100623126083	12	0.129831925965	5	0.35447663479	2	3	3.5	2866	875000	29	1649	1910	296	92	150	118	137	12	33	16	48	39	11	193
30728652_zpid	30728652_zpid	11229	1813 E 23rd St, Brooklyn, NY 11229	40.606284	-73.949475	0.600585146776	4	0.599825576993	3	0.753417575371	0	3	6	1500	900000	11	3000	1930	95	17	22	27	35	69	59	32	20	8	1	114
30765627_zpid	30765627_zpid	11234	1589 E 55th St, Brooklyn, NY 11234	40.617811	-73.921604	0.356623159784	10	0.806025842059	0	2.76355801796	0	3	1.5	1800	420000	39	1800	1950	12	21	7	6	11	29	31	13	22	4	5	135
30601510_zpid	30601510_zpid	11233	15 Roosevelt Pl, Brooklyn, NY 11233	40.677212	-73.91518	0.329215434014	3	0.280208712513	4	0.398495585033	3	5	3	2185	406850	68	2185	1900	243	23	143	171	103	55	35	17	59	67	39	213
30566859_zpid	30566859_zpid	11217	361 Dean St, Brooklyn, NY 11217	40.683494	-73.979536	0.140107469373	12	0.453449611575	3	0.0642072827367	9	4	4	2640	240000	213	2000	1850	65	110	32	45	20	42	54	65	37	24	27	217
29790711_zpid	29790711_zpid	10473	1961 Gildersleeve Ave, Bronx, NY 10473	40.809881	-73.853116	0.587218578208	1	1.23390602297	0	2.678483409	0	2	4	1056	355000	111	2395	1930	26	8	18	19	9	14	14	15	9	14	3	57
30736940_zpid	30736940_zpid	11223	27 Gravesend Neck Rd, Brooklyn, NY 11223	40.59552	-73.9742799	0.258803109224	4	0.46021649107	2	0.0986880684764	4	5	2.5	1875	610000	134	5100	1899	144	52	48	136	48	208	84	192	108	24	36	432
30736940_zpid	30736940_zpid	11223	27 Gravesend Neck Rd, Brooklyn, NY 11223	40.59552	-73.9742799	0.258803109224	4	0.290835968679	4	0.0986880684764	4	5	2.5	1875	610000	134	5100	1899	144	52	48	136	48	208	84	192	108	24	36	432
30606565_zpid	30606565_zpid	11213	34 Jewell Mckoy Ln, Brooklyn, NY 11213	40.678176	-73.9342099	0.272381991211	9	0.130940211699	4	0.322251182105	2	3	2	1452	585000	15	2173	1985	280	32	124	168	152	128	84	24	80	44	24	324
30679801_zpid	30679801_zpid	11204	2036 58th St, Brooklyn, NY 11204	40.619787	-73.980979	0.184994942383	4	0.757870019142	0	0.432384109935	3	3	2.5	1320	1150000	0	2504	1930	13	9	6	17	7	29	26	32	20	5	5	66
83046990_zpid	83046990_zpid	11214	1650 84th St APT 2A, Brooklyn, NY 11214	40.610338	-74.004947	0.173030664784	10	0.309354827501	7	0.379561460031	2	2	2	1117	450000	37	6159	2006	30	10	16	19	6	20	31	30	19	4	6	92
29853591_zpid	29853591_zpid	10471	5913 Tyndall Ave, Bronx, NY 10471	40.907388	-73.901404	0.22817806751	4	0.235184268233	3	1.1355602578	0	4	3.5	2000	175000	261	4750	1930	12	13	6	13	10	16	38	11	17	4	6	54
30627189_zpid	30627189_zpid	11237	390 Bleecker St, Brooklyn, NY 11237	40.702118	-73.913897	0.0709577016264	12	0.309661981411	5	0.326502535755	5	3	1.5	1200	770000	10	2000	1931	147	65	113	143	101	44	31	26	59	55	24	249
30670038_zpid	30670038_zpid	11210	698 E 22nd St, Brooklyn, NY 11210	40.635181	-73.956445	0.39092050711	10	0.48933254211	5	0.536374874263	1	5	5	2678	783000	55	5000	1901	50	16	35	37	41	24	10	12	15	14	4	88
30733887_zpid	30733887_zpid	11224	5010 Ocean View Ave, Brooklyn, NY 11224	40.579446	-74.011282	0.0564050309593	1	0.82418380617	0	2.55058271266	0	5	2	8168	300000	140	9888	1970	6	5	3	14	4	0	6	0	4	1	1	10
29778479_zpid	29778479_zpid	10452	1368 Plimpton Ave, Bronx, NY 10452	40.841783	-73.923185	0.451112757798	4	0.139451016963	5	0.492448524988	2	2	1	1000	95000	16	1900	1899	367	39	148	134	130	45	22	12	57	40	12	192
30658413_zpid	30658413_zpid	11203	576 Lenox Rd, Brooklyn, NY 11203	40.65459	-73.938943	0.459209801206	3	0.6843883141	1	0.977441980678	0	6	4	2340	650000	9	5400	1910	87	14	56	40	39	57	29	11	25	28	5	92
30724724_zpid	30724724_zpid	11230	1084 E 17th St, Brooklyn, NY 11230	40.623928	-73.95951	0.216625409426	8	0.189747977932	6	0.182831988015	3	7	4	3500	2875000	0	4000	1920	896	84	352	444	436	172	104	88	96	176	48	892
29828559_zpid	29828559_zpid	10469	1106 E 213th St, Bronx, NY 10469	40.875894	-73.854203	0.257503197322	8	0.555830230615	1	0.967318077548	0	3	3	1512	399000	0	1313	1950	68	7	37	68	50	48	15	13	28	23	16	122
30655176_zpid	30655176_zpid	11236	126 E 88th St, Brooklyn, NY 11236	40.6495109	-73.919238	0.246343135611	5	0.726274170299	2	1.35192834301	0	2	1	2200	360000	0	2200	1940	96	16	48	80	36	96	72	24	36	44	16	236
30785330_zpid	30785330_zpid	11234	1949 Kimball St, Brooklyn, NY 11234	40.612434	-73.928984	0.21011933547	2	0.767111426502	0	2.47215472762	0	2	2	1200	555000	24	3001	1925	6	22	2	4	1	23	27	20	16	1	5	66
30639377_zpid	30639377_zpid	11208	432 Shepherd Ave, Brooklyn, NY 11208	40.673774	-73.881002	0.140717273615	7	0.355740947636	3	0.0449797681141	1	7	3	2850	549000	0	1900	1930	600	92	312	364	272	172	120	40	120	216	88	688
30609823_zpid	30609823_zpid	11216	219 Jefferson Ave, Brooklyn, NY 11216	40.6836259	-73.948855	0.105459493498	14	0.223580080556	8	0.347122782519	5	8	6	4000	2695000	1	2000	1901	242	133	123	157	121	31	57	29	62	70	29	314
29845879_zpid	29845879_zpid	10465	3265 Barkley Ave # A, Bronx, NY 10465	40.8343	-73.817998	0.207874078098	3	0.231608104317	1	1.85612082225	0	1	1	570	179250	35	827	1940	4	3	5	9	6	12	21	23	12	4	3	33
30789293_zpid	30789293_zpid	11235	39 Brighton 6th Ct, Brooklyn, NY 11235	40.5807593	-73.9623458	0.233859409283	7	0.208800417512	5	0.356135570048	2	8	6	2700	360000	6	1800	1910	640	244	268	364	160	292	224	128	196	112	104	980
30789293_zpid	30789293_zpid	11235	39 Brighton 6th Ct, Brooklyn, NY 11235	40.5807593	-73.9623458	0.105681344856	8	0.208800417512	5	0.356135570048	2	8	6	2700	360000	6	1800	1910	640	244	268	364	160	292	224	128	196	112	104	980
29843320_zpid	29843320_zpid	10465	3171 Parsifal Pl, Bronx, NY 10465	40.8399	-73.822358	0.588606861837	2	0.548865596373	2	1.15374444298	0	3	2	1920	399000	0	2112	1940	1	13	7	2	3	4	25	13	7	2	2	33
