30660906_zpid	30660906_zpid	11203	401 E 35th St, Brooklyn, NY 11203	40.645236	-73.943847	0.227912658629	5	0.239485916552	3	0.432056025793	2	4	2	1845	499000	0	1575	1930	352	36	280	168	232	128	56	16	88	56	52	292
30715583_zpid	30715583_zpid	11230	729 E 9th St, Brooklyn, NY 11230	40.630949	-73.96801	0.411919855448	7	0.295903007335	6	0.569773137587	2	3	2	2064	561000	32	1611	1910	340	160	228	156	172	256	204	220	104	68	48	648
29793946_zpid	29793946_zpid	10473	2249 Turnbull Ave, Bronx, NY 10473	40.8244705	-73.8469995	0.451041191626	3	0.480185606029	2	1.1610004621	0	4	1.5	1800	407550	19	2575	1970	80	48	52	28	20	88	44	16	36	16	24	180
89067323_zpid	89067323_zpid	11238	658 Dean St, Brooklyn, NY 11238	40.680039	-73.968587	0.0300247001055	14	0.314785696002	5	0.423316424267	4	3	2.5	2700	1830000	12	2200	1931	436	408	160	256	116	116	164	112	104	56	64	620
89067323_zpid	89067323_zpid	11238	658 Dean St, Brooklyn, NY 11238	40.680039	-73.968587	0.0300247001055	13	0.314785696002	4	0.423316424267	4	3	2.5	2700	1830000	12	2200	1931	436	408	160	256	116	116	164	112	104	56	64	620
30651633_zpid	30651633_zpid	11212	237 E 95th St, Brooklyn, NY 11212	40.660657	-73.922046	0.0461192317702	10	0.292267715114	6	0.460409684848	2	7	4	3250	659000	0	3250	1931	571	22	218	218	187	67	27	9	45	80	29	293
30650879_zpid	30650879_zpid	11212	1007 Winthrop St, Brooklyn, NY 11212	40.66024	-73.926281	0.208297542747	11	0.356559263081	5	0.585839882425	1	3	1	3308	1500000	0	1900	1925	395	13	123	126	121	45	12	6	30	51	22	203
30749742_zpid	30749742_zpid	11235	3042 Ocean Ave, Brooklyn, NY 11235	40.586968	-73.949468	0.261072258473	11	0.361949212603	3	0.39631167466	1	6	5	4250	1350000	9	2520	1965	272	76	52	172	36	204	128	116	144	52	16	620
29813511_zpid	29813511_zpid	10462	1861 Muliner Ave, Bronx, NY 10462	40.848032	-73.861749	0.259888009244	7	0.251749437305	3	0.571767129994	2	4	3	3722	688000	27	5000	1910	81	27	46	59	33	81	43	28	28	24	14	120
29812478_zpid	29812478_zpid	10460	1736 Van Buren St, Bronx, NY 10460	40.842125	-73.870778	0.103505198327	6	0.719428390576	2	0.229666641856	1	10	3	3546	200000	16	2500	1905	171	18	46	54	62	43	17	13	30	34	25	122
30690324_zpid	30690324_zpid	11219	965 Bay Ridge Ave, Brooklyn, NY 11219	40.628193	-74.010838	0.171761942916	4	0.142504214248	6	0.5841500038	2	2	1	1520	785000	29	2200	1915	22	12	8	14	5	20	13	26	8	3	1	57
30626843_zpid	30626843_zpid	11221	937 Bushwick Ave, Brooklyn, NY 11221	40.6929299	-73.923702	0.248266576915	10	0.22507340179	5	0.386717581817	4	6	3	2660	315000	4	1529	1901	204	62	83	120	102	46	39	19	61	42	30	279
30787794_zpid	30787794_zpid	11234	456 Mayfair Dr S, Brooklyn, NY 11234	40.607854	-73.907772	0.983594226373	0	1.05389003027	0	4.17999957949	0	5	4.5	4500	680000	65	3925	1960	2	4	2	6	0	10	7	14	15	4	1	26
30595696_zpid	30595696_zpid	11233	1971 Pacific St, Brooklyn, NY 11233	40.676428	-73.923146	0.356096722203	5	0.264575543124	1	0.291791991388	2	3	1	2604	205000	21	2000	1910	524	100	360	376	280	60	96	20	132	164	96	648
30632910_zpid	30632910_zpid	11212	768 Thomas S Boyland St, Brooklyn, NY 11212	40.661598	-73.911941	0.311480373779	7	0.267781697194	6	0.278682880067	2	6	3	2240	515000	0	2450	1901	624	44	524	348	260	156	164	64	144	92	72	708
29794183_zpid	29794183_zpid	10473	2354 Quimby Ave, Bronx, NY 10473	40.82664	-73.844291	0.4840612261	1	0.774406162074	0	1.05435543476	0	6	3	2415	490000	40	2920	1915	12	2	1	4	2	10	5	2	3	3	3	16
30788883_zpid	30788883_zpid	11234	2684 E 66th St, Brooklyn, NY 11234	40.606603	-73.910593	1.03537496332	0	1.18820832561	0	3.916999816	0	4	3	2116	730000	3	3950	1960	3	5	1	6	3	17	5	28	21	2	1	29
29848831_zpid	29848831_zpid	10465	321 Brinsmade Ave, Bronx, NY 10465	40.817835	-73.822055	0.414685394072	1	0.396384608135	1	2.95625770322	0	3	2	1995	430000	13	2299	1950	13	17	13	5	9	28	18	13	12	8	8	49
30697238_zpid	30697238_zpid	11209	8029 Shore Rd, Brooklyn, NY 11209	40.629829	-74.039696	0.844881246157	0	1.23768713018	0	1.19852948721	0	3	4.5	3660	2850000	33	4939	1930	8	8	0	8	0	12	60	12	28	0	4	84
30697238_zpid	30697238_zpid	11209	8029 Shore Rd, Brooklyn, NY 11209	40.629829	-74.039696	0.844881246157	0	0.887746347891	0	1.19852948721	0	3	4.5	3660	2850000	33	4939	1930	8	8	0	8	0	12	60	12	28	0	4	84
30596295_zpid	30596295_zpid	11213	1511 Park Pl, Brooklyn, NY 11213	40.672515	-73.927187	0.291342045733	8	0.56044584078	5	0.631123449619	1	6	4	3360	734442	6	4544	1935	247	31	146	151	142	35	18	6	33	60	22	237
30702165_zpid	30702165_zpid	11209	416 Marine Ave, Brooklyn, NY 11209	40.61356	-74.032278	0.0757499388491	9	0.359098978591	3	0.304151737409	1	6	3	1650	570000	131	2047	1925	56	26	16	20	18	48	34	34	7	7	4	94
30606205_zpid	30606205_zpid	11233	309 Bainbridge St, Brooklyn, NY 11233	40.681973	-73.924265	0.495652482429	7	0.360707623582	3	0.428453537324	2	5	2	3250	485000	53	2000	1899	190	79	116	158	101	27	24	17	54	72	27	235
30784500_zpid	30784500_zpid	11234	1825 E 51st St, Brooklyn, NY 11234	40.615723	-73.925218	0.356266440779	9	0.909835804746	0	2.68675866913	0	3	1	1449	420000	15	3000	1925	16	44	6	7	10	28	26	19	17	6	8	109
30663697_zpid	30663697_zpid	11210	3317 Farragut Rd, Brooklyn, NY 11210	40.6367059	-73.944565	0.530419608009	2	0.405134290678	3	0.487171423014	2	5	3	2020	458000	34	2033	1910	295	19	172	161	144	57	31	12	36	59	7	302
30749499_zpid	30749499_zpid	11235	2802 Avenue Y, Brooklyn, NY 11235	40.591231	-73.941958	0.188043172694	12	0.196531094562	3	1.13841963359	0	4	3	2070	995000	0	3049	1940	54	19	16	15	8	26	25	29	24	2	4	78
30773714_zpid	30773714_zpid	11236	9606 Farragut Rd, Brooklyn, NY 11236	40.646109	-73.904307	0.0489181995323	5	0.783441896204	0	0.216212019575	2	5	2.5	3960	575000	115	6000	1906	40	7	22	32	18	61	20	8	9	21	8	84
30670923_zpid	30670923_zpid	11218	220 Seeley St, Brooklyn, NY 11218	40.654916	-73.974582	0.0849922575624	3	0.32369105865	2	0.57929130868	1	3	2.5	2140	990000	72	2550	1905	9	10	8	13	5	19	14	14	11	1	2	40
30657629_zpid	30657629_zpid	11225	359 Winthrop St, Brooklyn, NY 11225	40.657457	-73.947826	0.197257677314	5	0.233104539562	7	0.18594239954	2	6	3	2260	455000	58	800	1901	126	17	60	59	56	30	15	7	23	26	6	100
30592783_zpid	30592783_zpid	11216	878 Saint Johns Pl, Brooklyn, NY 11216	40.671287	-73.949205	0.0753528554724	11	0.11609444712	4	0.216488556825	3	7	4	3380	1100000	14	2555	1901	237	56	113	128	129	15	26	4	34	47	26	182
29829847_zpid	29829847_zpid	10469	3343 Mickle Ave, Bronx, NY 10469	40.876129	-73.845124	0.150342198143	5	0.226603181581	2	0.714781913283	2	4	2	1440	479000	1	1520	1940	52	13	40	54	34	36	30	12	34	16	9	116
30777439_zpid	30777439_zpid	11236	1264 E 101st St, Brooklyn, NY 11236	40.639338	-73.8909879	0.385986582451	7	0.285804100676	2	1.22680943075	0	3	2	1636	440000	11	4000	1955	31	8	26	22	5	26	14	13	13	10	2	68
30654233_zpid	30654233_zpid	11203	4904 Snyder Ave, Brooklyn, NY 11203	40.6499091	-73.9309997	0.188443230351	4	0.0397163800511	3	1.57227289996	0	3	2	2100	380000	15	1200	1930	179	21	84	72	85	55	31	8	26	36	12	197
30664434_zpid	30664434_zpid	11225	92 Lincoln Rd, Brooklyn, NY 11225	40.660781	-73.959477	0.0923321564099	11	0.25977505558	6	0.251706428333	2	1	1	3336	10	83	5250	1910	356	100	161	132	153	16	40	20	58	40	12	250
30606837_zpid	30606837_zpid	11206	168 Ellery St, Brooklyn, NY 11206	40.698466	-73.946372	0.221358625831	8	0.491212998337	6	0.348167172102	4	5	3.5	3015	120000	9	2051	1995	89	39	42	73	35	41	23	42	20	21	23	155
30770408_zpid	30770408_zpid	11236	1114 E 84th St, Brooklyn, NY 11236	40.6336129	-73.90651	0.505407145192	7	0.566231639789	2	1.50414896434	0	5	4	2700	640479	16	2000	1935	188	32	68	108	36	312	108	44	108	36	36	320
83047631_zpid	83047631_zpid	11207	65 Stewart St, Brooklyn, NY 11207	40.681615	-73.903227	0.304568491998	4	0.519328236736	1	0.179566551461	9	6	5	3536	515000	67	1700	2008	33	15	25	36	22	4	13	13	9	9	4	78
30588556_zpid	30588556_zpid	11215	375 16th St, Brooklyn, NY 11215	40.6622119	-73.983627	0.126302228021	14	0.147059949308	7	0.363838710444	2	4	2.5	2352	2080000	21	1950	1899	66	60	25	54	27	39	55	30	23	9	14	137
29851978_zpid	29851978_zpid	10463	308 W 234th St, Bronx, NY 10463	40.883252	-73.906105	0.389097282037	13	0.358705846242	5	0.467897155019	2	4	3	1980	440000	56	1707	1940	242	43	71	61	58	40	48	14	31	25	15	176
29793899_zpid	29793899_zpid	10473	2263 Lafayette Ave, Bronx, NY 10473	40.823817	-73.846596	0.503799083995	3	0.41480409307	2	1.24099757859	0	3	3	1152	399000	29	2500	1930	20	12	13	6	5	22	9	4	10	4	4	48
30635143_zpid	30635143_zpid	11207	581 New Jersey Ave, Brooklyn, NY 11207	40.6650599	-73.892808	0.319801594166	4	0.173778901755	8	0.18246287489	3	1	1	2310	4000	96	2108	1930	257	21	146	145	170	27	51	10	55	72	17	283
29823682_zpid	29823682_zpid	10469	1523 Bantam Pl, Bronx, NY 10469	40.866453	-73.842179	0.335354768528	3	0.70292917277	1	0.492267609684	1	5	2	1781	390000	1	1781	1950	34	13	13	15	10	25	21	12	18	9	5	66
30742151_zpid	30742151_zpid	11229	2023 E 22nd St, Brooklyn, NY 11229	40.6020344	-73.9497043	0.284688073482	2	0.486168539353	5	0.60782689916	1	3	2	1316	799000	0	2622	1920	74	24	27	28	34	69	52	17	24	8	6	159
29844167_zpid	29844167_zpid	10465	3345 Lucerne St, Bronx, NY 10465	40.843076	-73.81665	0.969518337351	0	0.795724582212	0	1.40352269885	0	3	2.5	1870	500000	7	2900	1970	1	8	4	4	0	10	18	10	5	1	0	30
30775278_zpid	30775278_zpid	11236	9705 Avenue K, Brooklyn, NY 11236	40.640713	-73.89694	0.245846130916	5	0.368428942375	2	0.780630368597	0	2	1	1100	200000	36	2000	1955	49	14	27	27	18	46	26	11	15	19	6	86
30666010_zpid	30666010_zpid	11226	735 Rogers Ave, Brooklyn, NY 11226	40.653309	-73.952344	0.253284282315	8	0.0679659861579	5	0.360620990164	2	2	1.5	3684	450000	38	2981	1931	512	76	258	254	264	74	35	10	73	82	23	379
30624447_zpid	30624447_zpid	11206	91 Montrose Ave, Brooklyn, NY 11206	40.707292	-73.946063	0.25775435791	14	0.353974575851	10	0.393689111055	5	2	1	2550	75000	242	2500	1899	85	115	37	62	45	13	34	12	25	12	8	143
30760365_zpid	30760365_zpid	11234	1053 E 56th St, Brooklyn, NY 11234	40.630477	-73.921969	0.216816862684	6	0.262563451678	2	2.18473723421	0	5	2	2380	540000	1	2000	1960	43	12	26	24	17	50	17	23	17	15	2	66
30685357_zpid	30685357_zpid	11219	4904 11th Ave, Brooklyn, NY 11219	40.637693	-73.996885	0.207204752619	7	0.286566665226	9	0.238195596003	3	6	3	2000	225000	314	2000	1905	84	15	40	52	53	34	68	63	41	13	5	159
30580983_zpid	30580983_zpid	11232	633 40th St, Brooklyn, NY 11232	40.649008	-74.001225	0.32119432225	9	0.30844263901	6	0.656617946947	3	7	4	3108	998000	21	2104	1920	300	212	96	132	104	156	92	48	40	48	24	348
30580983_zpid	30580983_zpid	11232	633 40th St, Brooklyn, NY 11232	40.649008	-74.001225	0.32119432225	8	0.30844263901	6	0.656617946947	3	7	4	3108	998000	21	2104	1920	300	212	96	132	104	156	92	48	40	48	24	348
30632212_zpid	30632212_zpid	11212	599 Thomas S Boyland St, Brooklyn, NY 11212	40.666127	-73.912406	0.376271736921	5	0.394651778609	5	0.493736166029	2	3	1.5	1148	310000	9	1799	1987	228	20	168	168	92	108	112	40	124	48	40	444
30567366_zpid	30567366_zpid	11201	76 Willow St, Brooklyn, NY 11201	40.6989088	-73.9952712	0.113888476012	14	0.260535348801	2	0.244558401225	3	4	4	3060	3025000	33	859	1899	156	324	60	92	64	28	148	84	68	24	36	432
30780337_zpid	30780337_zpid	11234	1264 E 69th St, Brooklyn, NY 11234	40.623836	-73.914868	0.468907616167	4	0.755583386514	0	2.76793038233	0	7	5	3562	860000	2	4486	1965	80	16	40	48	24	224	84	100	76	36	28	392
29786339_zpid	29786339_zpid	10468	2290 Aqueduct Ave, Bronx, NY 10468	40.85994	-73.905855	0.262861987789	5	0.11175412803	10	0.238327289266	6	6	3	2994	499000	27	3005	1901	373	54	164	201	207	31	29	12	67	58	24	290
30781281_zpid	30781281_zpid	11234	1449 E 63rd St, Brooklyn, NY 11234	40.618671	-73.9158209	0.143396278257	6	0.564565641226	1	3.11683438552	0	3	3	1944	705000	13	4492	1915	13	8	9	10	2	23	25	6	20	3	5	100
30749082_zpid	30749082_zpid	11235	4586 Bedford Ave, Brooklyn, NY 11235	40.589726	-73.945039	0.0647116037531	12	0.490879194327	3	0.832540709687	0	4	3	1980	829000	0	2183	1930	92	14	17	32	8	46	33	35	40	5	1	117
30794018_zpid	30794018_zpid	11229	80 Abbey Ct, Brooklyn, NY 11229	40.589813	-73.9223109	0.0192337829632	2	1.47462612006	0	2.71149990391	0	3	3.5	1512	450000	108	1800	1975	2	3	1	15	0	1	32	12	24	2	5	41
30635261_zpid	30635261_zpid	11207	576 Miller Ave, Brooklyn, NY 11207	40.666412	-73.889914	0.291764483153	7	0.384743962338	8	0.151360761962	4	5	2	2200	593000	112	2500	1910	222	26	144	145	151	30	46	13	65	75	19	269
83043637_zpid	83043637_zpid	11216	809 Marcy Ave, Brooklyn, NY 11216	40.686155	-73.947181	0.0447418360313	10	0.279131758011	9	0.563529012948	2	3	1	3758	500000	16	1250	2004	175	55	94	135	94	30	42	20	52	60	30	226
30715461_zpid	30715461_zpid	11228	1593 Independence Ave, Brooklyn, NY 11228	40.603291	-74.014433	0.468225651746	3	0.661372405295	1	1.19203660308	0	2	1	1488	499000	0	1680	1960	5	1	1	1	0	6	8	8	4	1	2	18
30672866_zpid	30672866_zpid	11218	253 E 4th St, Brooklyn, NY 11218	40.64614	-73.976687	0.189935357997	13	0.337325194573	4	0.34412300987	2	4	2.5	1476	1325000	0	2100	1910	436	160	108	204	156	180	192	124	80	64	44	664
30672866_zpid	30672866_zpid	11218	253 E 4th St, Brooklyn, NY 11218	40.64614	-73.976687	0.189935357997	12	0.337325194573	4	0.34412300987	2	4	2.5	1476	1325000	0	2100	1910	436	160	108	204	156	180	192	124	80	64	44	664
30574149_zpid	30574149_zpid	11232	229 27th St, Brooklyn, NY 11232	40.658781	-73.997769	0.349995836498	5	0.196542206017	1	0.181935779026	2	1	1	1462	1015000	29	1703	1910	37	42	18	24	12	13	34	28	19	4	8	78
29832321_zpid	29832321_zpid	10466	848 E 223rd St, Bronx, NY 10466	40.884711	-73.856762	0.156757396059	6	0.398484377459	2	0.47599779985	2	4	3	2110	599000	0	2020	1955	99	12	49	62	36	48	15	10	26	24	11	89
30793160_zpid	30793160_zpid	11229	3120 Avenue W, Brooklyn, NY 11229	40.596567	-73.93312	0.344731829815	9	0.525071811661	2	1.86885127077	0	3	2.5	1092	385000	11	1530	1930	68	64	4	28	8	36	80	32	68	12	8	176
68310637_zpid	68310637_zpid	11208	448 Atkins Ave, Brooklyn, NY 11208	40.667529	-73.87715	0.223006746338	8	0.422508398614	5	0.570988110634	1	2	1	4020	600000	137	3150	2005	97	14	77	87	63	35	38	9	29	43	18	156
30750130_zpid	30750130_zpid	11235	2812 Avenue Z, Brooklyn, NY 11235	40.589146	-73.941284	0.149993789085	8	0.28164133391	2	1.11652986388	0	3	2	2000	375000	74	2000	1905	61	13	18	17	12	35	26	39	29	3	4	97
29786947_zpid	29786947_zpid	10463	119 Van Cortlandt Ave W, Bronx, NY 10463	40.884346	-73.893163	0.417707348659	3	0.160697728938	1	0.649611834665	1	4	3	2289	510000	22	2655	1940	459	13	35	46	39	19	27	17	19	10	9	81
30784394_zpid	30784394_zpid	11234	1810 E 49th St, Brooklyn, NY 11234	40.6162845	-73.9277722	0.209911072446	6	0.8374128187	0	2.49263568851	0	4	2.5	1980	615000	11	4000	1950	14	54	6	5	7	29	28	18	14	7	5	133
30787599_zpid	30787599_zpid	11234	2746 E 65th St, Brooklyn, NY 11234	40.606051	-73.912949	1.14392903852	0	1.28083053858	0	3.70952021876	0	7	4	2170	650000	23	2613	1960	3	4	2	5	3	16	4	27	19	2	1	25
29853993_zpid	29853993_zpid	10471	6200 Riverdale Ave, Bronx, NY 10471	40.911764	-73.9025563	0.489136771064	7	0.556075576874	4	1.30311278673	0	2	1	810	93000	65	32234.399999999998	1955	4	8	2	7	2	5	18	9	4	1	3	32
79726202_zpid	79726202_zpid	11226	2810 Albemarle Rd, Brooklyn, NY 11226	40.6479306	-73.9507297	0.137093671614	4	0.29404609259	7	0.338557590173	2	2	2	3120	795000	114	1080	2006	299	53	105	117	86	87	31	16	36	45	29	221
30621167_zpid	30621167_zpid	11222	95 Diamond St, Brooklyn, NY 11222	40.725686	-73.9472119	0.0644814181234	14	0.416672697057	3	0.362352774767	1	4	2	2177	2500000	0	2500	1920	33	74	18	34	13	29	40	26	18	16	16	179
30621073_zpid	30621073_zpid	11222	175 Eckford St, Brooklyn, NY 11222	40.7253619	-73.9499699	0.161710879604	14	0.388853245025	4	0.136775511839	2	3	2	1553	2380000	11	1667	1901	42	86	21	41	15	36	34	32	19	17	13	199
30658076_zpid	30658076_zpid	11203	27 E 42nd St, Brooklyn, NY 11203	40.6554209	-73.938219	0.491558816697	3	0.688109347475	1	1.01407990919	0	3	2	1868	250000	34	2199	1950	284	36	204	168	148	192	128	40	100	104	16	372
30658076_zpid	30658076_zpid	11203	27 E 42nd St, Brooklyn, NY 11203	40.6554209	-73.938219	0.570003803793	3	0.688109347475	1	1.01407990919	0	3	2	1868	250000	34	2199	1950	284	36	204	168	148	192	128	40	100	104	16	372
30601582_zpid	30601582_zpid	11233	1242 Herkimer St, Brooklyn, NY 11233	40.677377	-73.912384	0.464007339075	4	0.156935511974	3	0.184196638252	4	2	2	2800	860000	20	1655	1901	257	27	176	182	131	56	39	24	63	74	34	228
30587393_zpid	30587393_zpid	11215	523 3rd St, Brooklyn, NY 11215	40.670358	-73.977575	0.111381832234	15	0.558088261692	3	0.510024674986	1	5	2.5	3000	1725000	143	1900	1880	41	50	19	40	20	17	71	43	30	10	15	197
30787284_zpid	30787284_zpid	11234	2336 National Dr, Brooklyn, NY 11234	40.604065	-73.913235	1.34078659746	0	1.50170984622	0	3.64725652175	0	4	2.5	1728	870000	52	2795	1965	2	1	2	5	3	7	5	16	13	1	1	20
30643666_zpid	30643666_zpid	11208	38 Fountain Ave, Brooklyn, NY 11208	40.679189	-73.876612	0.387770857665	11	0.380790710832	5	0.380561178109	5	6	3	2000	665000	1	1800	1899	444	84	248	324	248	180	184	80	224	108	52	812
30759274_zpid	30759274_zpid	11234	1087 E 53rd St, Brooklyn, NY 11234	40.632536	-73.925058	0.333338302824	5	0.507070878173	2	1.9081965645	0	4	3	1962	440000	3	1800	1955	36	11	12	24	12	45	22	13	18	13	3	74
30731904_zpid	30731904_zpid	11214	1837 Shore Pkwy, Brooklyn, NY 11214	40.591653	-73.993439	0.117710762179	1	0.842705708736	0	0.875163771457	0	4	2	1	575000	61	1536	1955	12	5	7	13	3	23	29	18	16	3	2	52
30676276_zpid	30676276_zpid	11230	135 Foster Ave, Brooklyn, NY 11230	40.628315	-73.975577	0.228800318123	8	0.202991680788	6	0.198227658536	2	3	1.5	1400	535000	21	2003	1905	48	35	23	36	33	35	27	49	12	5	8	79
29813529_zpid	29813529_zpid	10462	1830 Delancey Pl, Bronx, NY 10462	40.847364	-73.86061	0.140163684347	7	0.265900666461	2	0.680574823131	1	2	1	1280	320000	9	1441	1950	71	29	37	55	24	82	37	31	27	21	14	110
30663143_zpid	30663143_zpid	11210	682 E 40th St, Brooklyn, NY 11210	40.638778	-73.938972	0.551147668756	3	0.865118743023	0	0.808241499645	0	3	2	1710	376965	34	1800	1940	27	4	38	31	49	13	7	0	15	11	3	82
29849349_zpid	29849349_zpid	10465	282 Brinsmade Ave, Bronx, NY 10465	40.81688	-73.820873	0.424776342243	1	0.382473417205	1	3.10181458238	0	2	1	960	336000	0	1598	1950	13	15	11	5	7	25	20	11	14	8	8	55
