30739807_zpid	30739807_zpid	11235	715 Desmond Ct, Brooklyn, NY 11235	40.5908557	-73.9622277	0.360747261543	9	0.828032928445	0	0.771804339641	0	3	3	2160	677500	76	2400	1945	34	10	9	12	10	31	27	19	14	4	2	45
29844499_zpid	29844499_zpid	10465	2923 Barkley Ave, Bronx, NY 10465	40.831659	-73.825742	0.128396414717	4	0.552883668376	2	1.62468816202	0	3	3	985	324450	51	3049	1950	7	14	4	14	3	15	25	24	12	2	5	46
30618448_zpid	30618448_zpid	11249	136 N 8th St, Brooklyn, NY 11249	40.7188589	-73.9582007	0.0517683162877	12	0.332106491498	4	0.131450336568	1	11	4	3600	3525000	5	1000	1910	260	444	24	92	12	120	80	104	64	152	8	476
30618448_zpid	30618448_zpid	11249	136 N 8th St, Brooklyn, NY 11249	40.7188589	-73.9582007	0.0517683162877	14	0.332106491498	4	0.131450336568	1	11	4	3600	3525000	5	1000	1910	260	444	24	92	12	120	80	104	64	152	8	476
30706834_zpid	30706834_zpid	11214	1949 77th St, Brooklyn, NY 11214	40.610403	-73.993702	0.13055858455	15	0.153848262969	7	0.678028694618	2	4	4	640	605000	99	1999	1930	51	8	22	28	13	38	39	20	20	9	6	88
30792651_zpid	30792651_zpid	11235	119 Neptune Ave, Brooklyn, NY 11235	40.582527	-73.958218	0.201361733945	12	0.161403968254	8	0.595421317963	2	9	4.5	2754	698000	0	1785	1915	904	184	260	336	192	276	188	120	172	108	104	816
30792651_zpid	30792651_zpid	11235	119 Neptune Ave, Brooklyn, NY 11235	40.582527	-73.958218	0.201361733945	13	0.161403968254	8	0.595421317963	2	9	4.5	2754	698000	0	1785	1915	904	184	260	336	192	276	188	120	172	108	104	816
30669850_zpid	30669850_zpid	11230	26 Irvington Pl, Brooklyn, NY 11230	40.633771	-73.96165	0.221878598021	6	0.213925096251	2	0.174991399067	2	5	5	2977	1749000	0	5250	1905	92	22	81	71	73	38	33	15	23	20	3	118
30763637_zpid	30763637_zpid	11234	1261 E 59th St, Brooklyn, NY 11234	40.622608	-73.9182809	0.305661753083	7	0.747905737147	1	2.72943817842	0	3	2	884	194000	169	1298	1920	36	28	28	40	24	136	92	84	76	36	28	452
30636568_zpid	30636568_zpid	11207	23 Sunnyside Ct, Brooklyn, NY 11207	40.6834879	-73.889487	0.528104133238	3	0.451716205351	4	0.568211714663	2	7	3	2000	250500	155	1640	1901	41	25	31	30	27	31	25	15	24	9	6	62
30740436_zpid	30740436_zpid	11235	2860 Brighton 3rd St, Brooklyn, NY 11235	40.5815957	-73.9659708	0.178777569074	10	0.519737148869	7	0.59074275219	3	5	4	1800	575000	116	1600	1931	156	108	152	244	88	204	132	80	104	32	64	500
30740436_zpid	30740436_zpid	11235	2860 Brighton 3rd St, Brooklyn, NY 11235	40.5815957	-73.9659708	0.178777569074	9	0.519737148869	7	0.59074275219	3	5	4	1800	575000	116	1600	1931	156	108	152	244	88	204	132	80	104	32	64	500
30771837_zpid	30771837_zpid	11236	8524 Avenue M, Brooklyn, NY 11236	40.631546	-73.901497	0.597697737084	2	0.476475739022	1	1.68207918999	0	3	2	2000	170000	19	2000	1960	62	12	23	29	11	66	25	10	29	7	12	85
29777189_zpid	29777189_zpid	10454	299 E 139th St, Bronx, NY 10454	40.811119	-73.925003	0.142481006329	2	0.211872242194	5	0.173260169831	3	6	4	3300	410000	76	23086.800000000003	1886	92	21	36	42	27	9	9	8	19	14	10	129
112507679_zpid	112507679_zpid	11231	442 Union St, Brooklyn, NY 11231	40.67987	-73.990034	0.420243583282	9	0.300937498434	2	0.37575175445	3	5	7.5	4320	4250000	7	2025	1931	15	24	2	24	10	12	29	30	14	3	2	89
30573805_zpid	30573805_zpid	11232	216 19th St, Brooklyn, NY 11232	40.662721	-73.993115	0.0884934710924	11	0.511509145199	4	0.300484795905	2	5	3.5	2350	1475000	22	1878	1910	27	16	14	19	8	15	16	18	12	7	4	48
30597130_zpid	30597130_zpid	11213	1152 Eastern Pkwy, Brooklyn, NY 11213	40.668289	-73.930215	0.0421736410674	15	0.20913354692	9	0.239995390404	2	2	2	1245	671500	61	2371	1901	2260	240	1092	1004	972	180	136	56	216	408	180	1460
30597130_zpid	30597130_zpid	11213	1152 Eastern Pkwy, Brooklyn, NY 11213	40.668289	-73.930215	0.0421736410674	14	0.20913354692	9	0.239995390404	2	2	2	1245	671500	61	2371	1901	2260	240	1092	1004	972	180	136	56	216	408	180	1460
30705320_zpid	30705320_zpid	11228	1122 74th St, Brooklyn, NY 11228	40.623005	-74.010811	0.47801320838	6	0.409666544244	3	1.04078278388	0	3	1.75	2080	670000	26	2000	1925	11	10	4	18	3	44	44	38	14	2	4	69
29851268_zpid	29851268_zpid	10464	720 King Ave, Bronx, NY 10464	40.858205	-73.789116	0.305368582895	1	3.43582998295	0	3.25070809637	0	8	3.5	6842	972500	10	19602.0	1929	0	0	0	1	0	1	3	10	3	1	2	4
30596215_zpid	30596215_zpid	11213	1358 Prospect Pl, Brooklyn, NY 11213	40.673022	-73.931484	0.112061665079	7	0.345960112875	4	0.475407355604	2	5	3	1938	700000	33	2427	1910	367	37	186	191	188	33	27	9	46	70	21	275
30664313_zpid	30664313_zpid	11210	779 E 40th St, Brooklyn, NY 11210	40.636483	-73.938159	0.656812449158	3	0.702344982128	1	0.898102653924	0	3	1.75	1380	414000	7	2400	1920	108	28	152	144	204	64	52	24	72	56	12	360
30634898_zpid	30634898_zpid	11207	498 New Jersey Ave, Brooklyn, NY 11207	40.667059	-73.893907	0.139074242321	5	0.26524893495	10	0.282440326293	5	6	3	3000	510000	2	1999	1901	186	20	119	128	139	23	47	10	54	52	15	215
30663704_zpid	30663704_zpid	11210	1465 New York Ave, Brooklyn, NY 11210	40.637138	-73.944905	0.583671716238	3	0.351416484127	4	0.432305889321	2	7	4	3170	799000	0	2000	1905	292	24	172	162	146	51	29	11	36	60	7	298
29823856_zpid	29823856_zpid	10467	3011 Olinville Ave, Bronx, NY 10467	40.870076	-73.8685519	0.194797450318	11	0.0995719934511	5	0.184262450855	2	5	2	2133	499000	6	2134	1925	305	39	120	143	137	30	23	8	42	49	27	221
30580063_zpid	30580063_zpid	11215	426 17th St, Brooklyn, NY 11215	40.659673	-73.985127	0.224911520851	13	0.076975729484	6	0.458154408553	1	4	2	1800	800000	39	2055	1920	45	42	22	41	25	23	39	15	17	8	10	97
30790439_zpid	30790439_zpid	11235	74 Beaumont St, Brooklyn, NY 11235	40.580087	-73.951852	0.12312976923	8	0.597749790404	4	0.782581557994	0	4	3	3000	1731025	9	4320	1925	640	80	144	200	144	160	160	108	132	60	28	472
30790439_zpid	30790439_zpid	11235	74 Beaumont St, Brooklyn, NY 11235	40.580087	-73.951852	0.12312976923	9	0.597749790404	4	0.782581557994	0	4	3	3000	1731025	9	4320	1925	640	80	144	200	144	160	160	108	132	60	28	472
30721692_zpid	30721692_zpid	11223	1787 W 8th St, Brooklyn, NY 11223	40.6036209	-73.98056	0.179877734721	7	0.252438485426	2	0.0379081306776	3	4	2.5	1280	710000	3	1650	1920	89	27	45	27	33	97	30	56	24	15	6	107
30601753_zpid	30601753_zpid	11233	89 Sackman St, Brooklyn, NY 11233	40.676544	-73.905771	0.421589676525	5	0.409088283617	3	0.24859589781	8	4	2	2088	400000	60	68868360	1920	131	15	78	116	75	28	23	16	38	52	19	122
30630387_zpid	30630387_zpid	11207	846 Knickerbocker Ave, Brooklyn, NY 11207	40.691674	-73.90629	0.0813091716737	9	0.963425959445	0	0.375250940387	2	4	1.5	1125	200850	149	937	1920	77	28	50	67	55	18	16	12	32	33	16	136
30738679_zpid	30738679_zpid	11223	42 Southgate Ct, Brooklyn, NY 11223	40.590932	-73.971518	0.0973188853585	7	0.641076146387	1	0.273253354874	3	2	1	2496	175000	42	1600	1925	36	11	15	20	8	43	38	41	21	5	5	101
29791662_zpid	29791662_zpid	10473	444 Castle Hill Ave, Bronx, NY 10473	40.816469	-73.847016	0.324961341669	3	0.359058784725	2	2.02104338537	0	5	2.5	1482	420000	6	1481	1960	96	16	56	12	12	56	36	16	32	12	12	160
30726515_zpid	30726515_zpid	11230	1591 E 17th St, Brooklyn, NY 11230	40.6111999	-73.956501	0.143591695428	5	0.187039099601	5	0.302248559472	1	6	2	2860	950000	14	4000	1925	66	8	36	45	27	45	12	26	13	5	3	64
29852799_zpid	29852799_zpid	10471	4637 Grosvenor Ave, Bronx, NY 10471	40.895013	-73.90635	0.833411203956	0	1.09364382246	0	0.884412183261	0	3	2	2300	875000	9	4624	1930	1	5	2	4	1	0	33	3	5	0	1	14
30622307_zpid	30622307_zpid	11222	16 Herbert St, Brooklyn, NY 11222	40.7190707	-73.9444658	0.167395304862	12	0.436968301226	2	0.502780067681	2	3	2	1400	1300000	13	1066	1910	14	29	7	25	3	9	19	12	11	3	5	76
30791422_zpid	30791422_zpid	11235	140 Pembroke St, Brooklyn, NY 11235	40.57989	-73.937367	0.496782783327	1	1.28961393576	0	1.61946622437	0	4	1.5	2200	755000	32	2500	1940	36	24	16	40	32	48	48	12	52	8	4	136
30791422_zpid	30791422_zpid	11235	140 Pembroke St, Brooklyn, NY 11235	40.57989	-73.937367	1.06881473098	0	1.28961393576	0	1.61946622437	0	4	1.5	2200	755000	32	2500	1940	36	24	16	40	32	48	48	12	52	8	4	136
30733544_zpid	30733544_zpid	11224	2852 W 17th St, Brooklyn, NY 11224	40.577556	-73.9852779	0.163162950626	2	0.422360936528	4	0.342322064313	1	8	3	3396	635000	26	2451	1920	224	40	92	128	104	68	128	52	44	68	16	336
30590083_zpid	30590083_zpid	11238	441 Prospect Pl, Brooklyn, NY 11238	40.676395	-73.961547	0.143147117004	13	0.188360564741	5	0.377276960476	6	5	3	2295	1365000	4	2186	1931	856	860	360	456	416	208	156	176	224	172	68	1008
30590083_zpid	30590083_zpid	11238	441 Prospect Pl, Brooklyn, NY 11238	40.676395	-73.961547	0.143147117004	13	0.188360564741	6	0.377276960476	6	5	3	2295	1365000	4	2186	1931	856	860	360	456	416	208	156	176	224	172	68	1008
30580536_zpid	30580536_zpid	11218	578A 19th St, Brooklyn, NY 11218	40.654787	-73.980029	0.377362934251	9	0.304000786931	3	0.651289993863	2	2	1.5	884	652000	88	1302	1940	1	12	8	10	4	15	13	21	10	0	2	30
30721536_zpid	30721536_zpid	11223	1774 W 9th St, Brooklyn, NY 11223	40.603803	-73.982094	0.148216566307	7	0.347883153226	1	0.147748886837	2	4	3.5	2085	595000	57	1700	1910	79	25	42	25	34	75	29	42	19	12	5	95
30746200_zpid	30746200_zpid	11229	2273 E 26th St, Brooklyn, NY 11229	40.596162	-73.944641	0.319380186657	8	0.348558950934	4	0.895052720302	0	2	2	1500	530000	54	1600	1940	52	64	32	76	32	88	120	92	76	16	12	316
30746200_zpid	30746200_zpid	11229	2273 E 26th St, Brooklyn, NY 11229	40.596162	-73.944641	0.319380186657	8	0.442510841004	3	0.895052720302	0	2	2	1500	530000	54	1600	1940	52	64	32	76	32	88	120	92	76	16	12	316
89067649_zpid	89067649_zpid	11239	536 Vandalia Ave, Brooklyn, NY 11239	40.6557741	-73.8727571	0.378441352585	2	0.277660553399	2	1.49322773162	0	3	2	1600	325100	26	2320	2008	1	0	0	0	0	0	1	2	2	0	0	12
30769444_zpid	30769444_zpid	11236	923 E 87th St, Brooklyn, NY 11236	40.638464	-73.907392	0.175499194718	6	0.45110272977	2	1.0248639623	0	3	2	1152	430000	26	1056	1920	41	7	26	20	11	85	33	15	25	15	8	112
30732819_zpid	30732819_zpid	11224	3842 Neptune Ave, Brooklyn, NY 11224	40.576211	-74.007185	0.44524231417	2	0.464266807522	1	2.19840473185	0	6	3	2665	150000	211	4000	1920	30	13	8	32	8	2	19	2	14	4	2	36
55540804_zpid	55540804_zpid	10454	629 E 140th St, Bronx, NY 10454	40.807284	-73.913973	0.265593148613	7	0.252851884738	3	0.213367370142	3	3	1.5	1683	290000	19	2650	2000	182	23	110	124	109	12	13	8	27	36	11	168
30707092_zpid	30707092_zpid	11228	7702 14th Ave, Brooklyn, NY 11228	40.617876	-74.006749	0.20247318575	11	0.421897567605	4	0.693018182329	2	4	2	2660	355000	187	2000	1930	9	12	6	23	6	42	41	45	20	3	3	71
30631403_zpid	30631403_zpid	11207	30 Sunnyside Ave, Brooklyn, NY 11207	40.680096	-73.894774	0.149010476354	3	0.177964347407	3	0.370850404659	4	7	3	3075	255000	73	2560	1915	89	33	59	59	47	53	36	35	34	26	10	131
30775481_zpid	30775481_zpid	11236	10108 Avenue J, Brooklyn, NY 11236	40.643956	-73.895319	0.389031048057	7	0.514468260778	2	0.628098226201	1	5	3	2235	570000	7	2120	1931	69	6	38	24	25	45	21	9	18	19	10	104
2107575748_zpid	2107575748_zpid	10458	2806 Pond Pl, Bronx, NY 10458	40.8676904	-73.8879617	0.154331289351	8	0.129060835412	6	0.427620721647	5	6	2	3720	475000	0	4088	1910	750	75	201	220	256	46	23	6	73	61	27	324
30793735_zpid	30793735_zpid	11229	60 Gotham Ave, Brooklyn, NY 11229	40.590179	-73.926332	0.342750923661	2	1.13227441508	0	2.38027373415	0	2	2	1158	675000	93	1680	1920	1	6	1	15	1	1	26	11	19	1	3	34
29821353_zpid	29821353_zpid	10469	2540 Tenbroeck Ave, Bronx, NY 10469	40.864028	-73.852642	0.526990977163	2	0.443673438236	3	0.622252513531	1	3	1	2125	520000	43	2482	1965	26	7	7	10	5	36	27	18	28	5	5	74
29853698_zpid	29853698_zpid	10471	306 W 261st St, Bronx, NY 10471	40.909367	-73.899105	0.483151965091	5	0.484041765389	6	1.39877233236	0	7	4	3115	695000	13	4012	1930	13	10	7	10	5	17	25	9	15	2	4	43
30656678_zpid	30656678_zpid	11203	1385 Schenectady Ave, Brooklyn, NY 11203	40.638796	-73.931611	0.358160497294	7	1.2316233518	0	1.42510197799	0	3	2.5	1504	405000	55	2000	1930	34	10	12	19	13	45	28	12	22	13	7	96
63232604_zpid	63232604_zpid	10473	212 Betts Ave, Bronx, NY 10473	40.810494	-73.849914	0.497639244291	1	1.05648983915	0	2.65158445609	0	5	3	3126	496980	136	3920	2003	12	9	13	8	7	15	9	13	8	6	3	30
29813396_zpid	29813396_zpid	10462	1811 Wallace Ave, Bronx, NY 10462	40.846029	-73.863839	0.0643177106982	8	0.0474771888048	3	0.498303329627	1	4	2	1909	475000	71	4748	1899	105	21	65	79	56	80	36	20	27	29	17	158
30585696_zpid	30585696_zpid	11215	388 12th St, Brooklyn, NY 11215	40.665211	-73.983909	0.116028926288	17	0.374279468139	7	0.326392656514	3	3	3	1952	1907000	21	1875	1899	65	80	22	59	21	41	67	34	28	14	16	193
30670758_zpid	30670758_zpid	11218	136 Terrace Pl, Brooklyn, NY 11218	40.6548779	-73.976938	0.23213136535	8	0.215896228988	3	0.574688348161	2	1	1	2928	1550000	32	2344	1965	24	52	48	60	20	84	68	88	56	0	8	176
30670758_zpid	30670758_zpid	11218	136 Terrace Pl, Brooklyn, NY 11218	40.6548779	-73.976938	0.23213136535	8	0.215896228988	2	0.574688348161	2	1	1	2928	1550000	32	2344	1965	24	52	48	60	20	84	68	88	56	0	8	176
30770799_zpid	30770799_zpid	11236	25 Paerdegat 9th St, Brooklyn, NY 11236	40.629649	-73.9063539	0.843010998435	0	0.858016609658	0	1.93084258585	0	7	3	2500	301000	209	1975	1965	164	12	48	76	32	216	64	20	88	20	24	168
30782735_zpid	30782735_zpid	11234	2140 Bergen Ave, Brooklyn, NY 11234	40.621321	-73.903238	0.750997353938	0	0.691793798274	1	2.82249333754	0	5	3	2937	675000	17	4000	1970	2	1	2	6	2	6	9	1	10	3	2	34
29831945_zpid	29831945_zpid	10467	719 E 222nd St, Bronx, NY 10467	40.8857	-73.860765	0.0849688540456	5	0.122051779414	1	0.26093520001	2	3	1	1872	300000	0	2295	1915	472	28	208	292	300	224	48	16	100	132	32	420
30693162_zpid	30693162_zpid	11209	25 72nd St, Brooklyn, NY 11209	40.6359179	-74.036179	0.395162220425	3	0.74198355603	1	1.08664093088	0	5	3	2300	885000	26	2000	1925	34	5	6	11	6	25	15	67	9	2	1	38
30793825_zpid	30793825_zpid	11229	6 Lacon Ct, Brooklyn, NY 11229	40.589546	-73.929056	0.49022650003	2	0.916696329123	0	2.14219267112	0	4	3.5	3295	750000	35	7071	1994	1	3	1	8	1	1	18	8	13	1	3	27
30660886_zpid	30660886_zpid	11203	455 E 35th St, Brooklyn, NY 11203	40.643974	-73.9437219	0.111246995714	4	0.379841078051	3	0.45970908167	2	3	2.5	1274	405500	32	2000	1946	456	44	372	256	312	164	60	28	100	68	52	412
30594367_zpid	30594367_zpid	11225	188 Crown St, Brooklyn, NY 11225	40.666225	-73.954496	0.330440603503	9	0.394798247918	6	0.371109177277	5	4	1.5	1760	10	42	2400	1920	547	102	231	224	217	25	29	14	63	90	29	331
30674024_zpid	30674024_zpid	11218	276 E 9th St, Brooklyn, NY 11218	40.641812	-73.970667	0.125026463914	13	0.196073431796	5	0.580781183735	2	3	2	1476	972900	10	2000	1901	688	236	260	316	192	212	148	152	124	76	48	812
30615892_zpid	30615892_zpid	11217	118 S Elliott Pl, Brooklyn, NY 11217	40.685884	-73.975648	0.0749625920552	8	0.16697291251	1	0.145914767462	9	2	1	2793	1650000	117	2100	1900	63	83	27	42	15	18	31	40	30	18	19	175
30750868_zpid	30750868_zpid	11210	965 E 37th St, Brooklyn, NY 11210	40.633238	-73.940623	0.260836878135	1	0.318960350958	1	0.594650724434	1	3	2	1440	410000	43	2000	1930	57	17	39	40	38	46	28	13	23	14	4	93
30674723_zpid	30674723_zpid	11218	734 Coney Island Ave, Brooklyn, NY 11218	40.6396618	-73.9691481	0.370451702631	9	0.0778919733061	8	0.465870593588	3	3	1	1760	3288000	0	5998	1925	173	51	73	76	42	58	31	37	29	15	11	194
30693179_zpid	30693179_zpid	11209	72 71st St, Brooklyn, NY 11209	40.635654	-74.033804	0.205000849013	8	0.541863428152	3	0.884155713982	0	3	1	2485	925000	32	3000	1925	112	8	13	21	16	32	22	89	20	3	1	66
2101717251_zpid	2101717251_zpid	11234	2251 East 72nd Street, Brooklyn, NY 11234	40.617858	-73.903633	0.585283656656	1	0.493108593815	1	3.2090931524	0	5	3	2420	869000	0	3000	1973	11	14	6	11	5	13	22	11	17	2	4	60
30712375_zpid	30712375_zpid	11214	45 Bay 23rd St, Brooklyn, NY 11214	40.603944	-73.999764	0.295671555542	12	0.202809012141	9	0.151116332305	3	5	4	3340	645000	34	3853	1940	132	35	39	54	26	79	41	47	23	14	6	188
30739766_zpid	30739766_zpid	11235	721 Dunne Ct, Brooklyn, NY 11235	40.5901789	-73.9619182	0.281153321492	9	0.769057841887	0	0.751163301746	0	3	2.5	1966	612000	42	2100	1945	42	11	10	15	12	38	30	22	16	4	3	52
83046009_zpid	83046009_zpid	11226	2916 Snyder Ave, Brooklyn, NY 11226	40.648644	-73.9497839	0.101688807264	5	0.26030420171	7	0.245426565049	2	6	3	3210	420000	53	2137	2006	355	42	130	133	131	84	28	15	42	58	26	242
30606053_zpid	30606053_zpid	11233	328 Malcolm X Blvd, Brooklyn, NY 11233	40.6815939	-73.929064	0.214490839975	8	0.231572791772	5	0.285264164771	2	4	2	2160	389000	71	1500	1901	128	72	94	129	72	16	20	11	37	41	27	195
30657908_zpid	30657908_zpid	11203	109 E 46th St, Brooklyn, NY 11203	40.659477	-73.934823	0.357801086893	10	0.329264885842	4	1.06059031888	0	3	2.5	1740	382000	29	2000	1945	137	22	93	75	63	46	32	20	25	34	8	144
30762941_zpid	30762941_zpid	11234	2003 Schenectady Ave, Brooklyn, NY 11234	40.623047	-73.929945	0.1444043668	8	0.262326580163	2	1.85012130585	0	3	1.5	1216	280000	81	1615	1920	22	23	13	20	20	48	32	24	18	6	4	129
30782826_zpid	30782826_zpid	11234	2217 E 71st St, Brooklyn, NY 11234	40.617987	-73.905	0.471667415962	2	0.38194516861	1	3.2022722973	0	3	1	1260	495000	10	3533	1955	10	9	7	12	5	14	20	9	17	2	4	53
30744500_zpid	30744500_zpid	11229	2128 E 17th St, Brooklyn, NY 11229	40.598266	-73.954665	0.329315227067	11	0.11679390239	6	0.157045328978	2	3	2.5	2175	630000	21	2003	1930	140	36	33	42	58	73	41	26	26	17	7	162
30723849_zpid	30723849_zpid	11230	34 Wellington Ct, Brooklyn, NY 11230	40.630542	-73.962209	0.0897088893013	7	0.401576318665	6	0.149562984734	3	5	1.5	2059	850000	16	4480	1899	112	29	95	87	103	54	40	43	24	23	9	149
30596988_zpid	30596988_zpid	11213	1420 Lincoln Pl, Brooklyn, NY 11213	40.6694775	-73.9295601	0.122747246466	10	0.20134971184	8	0.292768600387	1	5	3	3420	630000	8	2375	1920	479	46	270	264	244	45	33	15	49	100	37	347
30636545_zpid	30636545_zpid	11207	165 Sunnyside Ave, Brooklyn, NY 11207	40.682305	-73.891333	0.352753087281	2	0.257423699302	4	0.504300061183	2	4	3	2453	195000	171	3176	1910	69	28	42	43	30	54	38	34	31	14	7	93
30773324_zpid	30773324_zpid	11236	9510 Foster Ave, Brooklyn, NY 11236	40.647207	-73.906987	0.281231872056	3	1.00283522586	0	0.438228293141	2	7	3	2240	599000	39	2395	1925	32	6	19	30	16	42	25	6	7	16	7	78
30685109_zpid	30685109_zpid	11219	4811 Fort Hamilton Pkwy, Brooklyn, NY 11219	40.638415	-73.997045	0.211425612735	7	0.355988282988	8	0.306272964357	2	5	2	3492	925000	19	3492	1899	292	60	156	200	196	132	272	256	156	56	28	596
30787945_zpid	30787945_zpid	11234	2592 National Dr, Brooklyn, NY 11234	40.605526	-73.903492	1.377842436	0	1.39655941735	0	4.48576937807	0	4	3	2021	860000	202	4800	1965	0	0	0	2	0	0	5	1	5	2	0	7
30717627_zpid	30717627_zpid	11204	2347 63rd St, Brooklyn, NY 11204	40.613085	-73.976592	0.207114298141	11	0.161234282694	7	0.305437771516	3	7	4	3320	1500000	8	2500	1926	165	22	31	43	46	68	26	15	12	8	7	111
83048308_zpid	83048308_zpid	11207	192 Cooper St, Brooklyn, NY 11207	40.688729	-73.906044	0.315659489252	6	0.739684433318	2	0.168694949037	3	3	1	1300	360000	12	2500	2004	109	34	84	100	78	22	24	14	42	45	22	183
30701460_zpid	30701460_zpid	11209	9327 Hamilton Walk, Brooklyn, NY 11209	40.6175268	-74.0320236	0.175120165669	11	0.0957981034555	5	0.164402133952	2	2	1	910	410000	102	13	1925	122	43	32	35	32	82	49	32	6	13	8	181
30692933_zpid	30692933_zpid	11209	64 Mackay Pl, Brooklyn, NY 11209	40.636322	-74.0335769	0.244827096687	8	0.524573709071	2	0.874755927869	0	3	1.5	1024	709000	11	1201	1930	424	28	40	80	56	128	80	344	68	12	4	240
30670405_zpid	30670405_zpid	11218	213 Seeley St, Brooklyn, NY 11218	40.655401	-73.974898	0.117930836626	7	0.269932321989	2	0.628831063513	2	7	3	2436	1645000	33	2875	1930	9	8	8	11	4	19	13	14	11	1	2	38
30768588_zpid	30768588_zpid	11236	741 E 82nd St, Brooklyn, NY 11236	40.637308	-73.912347	0.0707644039129	6	0.244480663566	2	1.36696505737	0	6	3	2781	610000	14	2100	1960	148	24	108	88	40	328	124	56	120	48	48	436
30730222_zpid	30730222_zpid	11214	171 Bay 35th St, Brooklyn, NY 11214	40.5962109	-73.9933889	0.466845800435	7	0.498558360498	6	0.578855091309	2	5	2.5	2280	848000	14	2739	1955	76	12	30	42	26	64	37	23	23	12	2	108
30666159_zpid	30666159_zpid	11226	56 Martense St, Brooklyn, NY 11226	40.651049	-73.957054	0.271311161088	11	0.372054733411	8	0.504024615918	3	21	4	3780	760000	117	2840	1930	544	71	339	299	318	56	43	22	74	92	27	466
30732375_zpid	30732375_zpid	11224	3630 Bayview Ave, Brooklyn, NY 11224	40.580659	-74.00357	0.626152445345	1	0.389879894526	1	1.90603783127	0	4	2	1520	318000	47	1785	1984	38	7	9	20	10	2	10	3	8	9	2	37
30670735_zpid	30670735_zpid	11218	72 Terrace Pl, Brooklyn, NY 11218	40.654026	-73.979155	0.269594715666	9	0.333623947022	2	0.551107368338	2	3	2	1930	890000	37	2000	1940	2	14	9	11	4	20	16	25	13	0	2	43
30739316_zpid	30739316_zpid	11223	2444 West St, Brooklyn, NY 11223	40.589449	-73.970316	0.140792287478	5	0.803842426213	0	0.333104750801	1	6	3	3300	928500	9	3000	1960	75	15	16	21	10	37	40	38	14	4	7	107
30793696_zpid	30793696_zpid	11229	32 Florence Ave, Brooklyn, NY 11229	40.5901082	-73.9273154	0.370857233685	2	1.05074105214	0	2.29692305502	0	4	2	1368	420000	4	3570	1920	4	20	4	52	4	4	96	44	76	4	12	136
30705598_zpid	30705598_zpid	11204	1665 Bay Ridge Pkwy, Brooklyn, NY 11204	40.61548	-73.998909	0.138964790042	10	0.218095081236	5	0.263047344553	2	3	2	2124	605000	68	1800	1925	10	11	6	27	7	28	14	16	11	4	3	45
89068479_zpid	89068479_zpid	10463	664 W 232nd St, Bronx, NY 10463	40.8843869	-73.9153539	0.436369479254	6	0.527570275452	2	0.855070134661	0	6	4.5	3666	1220000	69	2490	2009	41	10	6	21	12	18	34	11	9	4	3	41
30721940_zpid	30721940_zpid	11223	1747 W 2nd St, Brooklyn, NY 11223	40.6051915	-73.9751305	0.0986393089924	7	0.276947679697	4	0.321091993552	3	3	3	2060	768000	0	2060	1920	396	88	180	108	120	340	104	172	116	56	12	512
30721940_zpid	30721940_zpid	11223	1747 W 2nd St, Brooklyn, NY 11223	40.6051915	-73.9751305	0.0986393089924	8	0.276947679697	4	0.321091993552	3	3	3	2060	768000	0	2060	1920	396	88	180	108	120	340	104	172	116	56	12	512
30621255_zpid	30621255_zpid	11222	34 Jewel St, Brooklyn, NY 11222	40.726537	-73.946139	0.135687305904	14	0.443123244711	3	0.482403550281	1	2	1	1000	350000	144	1776	1910	33	54	19	31	11	24	34	19	23	12	12	147
30604353_zpid	30604353_zpid	11221	863 Jefferson Ave, Brooklyn, NY 11221	40.686482	-73.924141	0.27921863345	10	0.495817076659	3	0.384377687409	2	6	4	2670	1300000	19	1850	1899	172	54	83	121	92	34	18	7	33	54	25	203
30626799_zpid	30626799_zpid	11221	33 Goodwin Pl, Brooklyn, NY 11221	40.691833	-73.923619	0.175451749509	11	0.109244658171	5	0.270381794646	3	2	1	2200	113500	274	2640	1901	241	64	99	145	115	46	40	17	67	49	36	296
30788473_zpid	30788473_zpid	11234	2443 E 64th St, Brooklyn, NY 11234	40.610373	-73.908494	0.710337718345	2	0.768252239614	0	4.07760304676	0	4	3	1300	1000000	4	4450	1965	2	6	2	5	1	13	10	11	16	1	1	27
