30719189_zpid	30719189_zpid	11204	1551 W 11th St, Brooklyn, NY 11204	40.608887	-73.984367	0.218900249509	15	0.321018899575	7	0.394332002786	2	8	5	3600	990000	13	2692	1925	308	88	100	148	168	192	76	120	68	40	12	416
30719189_zpid	30719189_zpid	11204	1551 W 11th St, Brooklyn, NY 11204	40.608887	-73.984367	0.218900249509	14	0.321018899575	7	0.394332002786	2	8	5	3600	990000	13	2692	1925	308	88	100	148	168	192	76	120	68	40	12	416
29797654_zpid	29797654_zpid	10462	1372 Zerega Ave, Bronx, NY 10462	40.836709	-73.846241	0.145888194409	10	0.298710840424	5	0.0713329652315	3	3	1	3021	245000	24	990	1910	57	6	26	21	6	29	18	12	17	3	4	60
30595763_zpid	30595763_zpid	11233	1758 Pacific St, Brooklyn, NY 11233	40.676316	-73.929889	0.172137259682	7	0.351403977839	5	0.346633413032	1	4	3	1712	371300	54	1742	1920	43	15	34	37	31	8	8	1	12	17	9	75
30726995_zpid	30726995_zpid	11229	1745 E 21st St, Brooklyn, NY 11229	40.610341	-73.952143	0.314987579312	4	0.186944025111	3	0.513993295474	1	3	2.5	1380	760000	12	2200	1925	108	17	36	36	34	49	44	36	20	11	3	141
29825214_zpid	29825214_zpid	10467	3249 Olinville Ave, Bronx, NY 10467	40.872938	-73.868521	0.156106724035	9	0.128005075881	4	0.209909022041	3	4	2.5	1800	435000	2	1710	1960	220	28	84	84	88	30	21	8	33	35	15	161
30623040_zpid	30623040_zpid	11211	185 Devoe St, Brooklyn, NY 11211	40.7140879	-73.943033	0.205560920296	14	0.094493756133	4	0.101132729064	4	4	2	1650	1795000	0	1800	1901	156	400	96	248	124	144	204	32	128	56	88	788
30623040_zpid	30623040_zpid	11211	185 Devoe St, Brooklyn, NY 11211	40.7140879	-73.943033	0.205560920296	12	0.094493756133	4	0.101132729064	4	4	2	1650	1795000	0	1800	1901	156	400	96	248	124	144	204	32	128	56	88	788
30771327_zpid	30771327_zpid	11236	1238 E 87th St, Brooklyn, NY 11236	40.633015	-73.902112	0.484206186703	3	0.50883237962	2	1.51844782745	0	3	2	1280	270000	161	2750	1935	53	14	25	28	10	63	24	11	25	10	8	89
30781606_zpid	30781606_zpid	11234	2072 Pearson St, Brooklyn, NY 11234	40.612743	-73.918839	0.298066270188	3	0.940833568378	0	3.30539871842	0	7	3	3696	620000	74	2130	1970	10	3	11	9	7	29	20	10	13	4	5	74
30621151_zpid	30621151_zpid	11222	101 Newell St, Brooklyn, NY 11222	40.7258293	-73.9480547	0.109342042671	14	0.478835229616	4	0.302612338335	2	5	3	1584	700000	41	2482	1910	152	320	80	168	60	124	160	136	80	68	52	768
30732598_zpid	30732598_zpid	11224	3748 Laurel Ave, Brooklyn, NY 11224	40.577851	-74.005268	0.483683031978	1	0.287894721676	1	2.03271946065	0	3	2	1750	445000	14	3000	1950	50	15	15	42	13	4	20	4	16	13	2	56
30622389_zpid	30622389_zpid	11211	38 Richardson St, Brooklyn, NY 11211	40.71801	-73.950712	0.0890410946858	15	0.330294613939	2	0.463396960499	5	10	3.5	3600	910000	87	2500	1930	21	95	13	45	9	15	31	15	12	5	11	124
30596683_zpid	30596683_zpid	11213	1501 Saint Johns Pl, Brooklyn, NY 11213	40.670681	-73.928412	0.177900793264	13	0.420396651877	5	0.430967534696	1	10	6	3300	3675000	15	1600	1901	1516	144	856	860	796	172	120	52	152	348	112	1300
30596683_zpid	30596683_zpid	11213	1501 Saint Johns Pl, Brooklyn, NY 11213	40.670681	-73.928412	0.177900793264	10	0.420396651877	5	0.430967534696	1	10	6	3300	3675000	15	1600	1901	1516	144	856	860	796	172	120	52	152	348	112	1300
30592727_zpid	30592727_zpid	11216	158 Rogers Ave, Brooklyn, NY 11216	40.671123	-73.953447	0.272249192761	13	0.30064475319	3	0.272909598047	5	1	1	400	3150000	33	2783	1931	206	58	109	122	110	19	31	7	29	39	25	182
30690321_zpid	30690321_zpid	11219	973 Bay Ridge Ave, Brooklyn, NY 11219	40.628086	-74.010662	0.184669911724	5	0.159578639923	6	0.579893423524	2	7	3	1400	638000	104	20	1915	88	48	32	56	20	80	56	104	32	12	4	236
30793291_zpid	30793291_zpid	11229	3078 Gerritsen Ave, Brooklyn, NY 11229	40.58661	-73.918525	0.492125935813	1	1.86102873376	0	3.01227293279	0	3	1	767	305000	47	1800	1920	2	3	1	8	0	0	15	5	13	1	2	15
30722943_zpid	30722943_zpid	11223	1832 W 5th St, Brooklyn, NY 11223	40.602751	-73.977974	0.270822855683	7	0.274298928153	3	0.239686172997	3	5	3.5	2292	1599000	0	2400	1920	336	116	180	108	132	364	132	248	92	56	28	484
30722943_zpid	30722943_zpid	11223	1832 W 5th St, Brooklyn, NY 11223	40.602751	-73.977974	0.270822855683	6	0.274298928153	4	0.239686172997	3	5	3.5	2292	1599000	0	2400	1920	336	116	180	108	132	364	132	248	92	56	28	484
29777655_zpid	29777655_zpid	10451	424 E 161st St, Bronx, NY 10451	40.8236916	-73.9129421	0.330659097246	9	0.214014622891	10	0.300405504866	1	8	3	4539	535000	93	1430	1931	156	31	71	87	52	14	16	10	23	17	19	140
30740642_zpid	30740642_zpid	11235	2 Brighton 8th Ct, Brooklyn, NY 11235	40.582377	-73.960639	0.157258317281	11	0.113066622363	6	0.527324945538	2	3	2	3024	740000	14	2183	1920	728	164	220	296	164	328	220	148	176	100	112	804
30740642_zpid	30740642_zpid	11235	2 Brighton 8th Ct, Brooklyn, NY 11235	40.582377	-73.960639	0.157258317281	12	0.113066622363	6	0.527324945538	2	3	2	3024	740000	14	2183	1920	728	164	220	296	164	328	220	148	176	100	112	804
29843395_zpid	29843395_zpid	10465	1110 Stadium Ave, Bronx, NY 10465	40.836247	-73.817012	0.323247899678	3	0.316456021	1	1.76043622517	0	2	1	136913	220000	29	49222.799999999996	1963	4	3	5	4	6	8	16	11	9	3	3	28
29812445_zpid	29812445_zpid	10460	1611 Van Buren St, Bronx, NY 10460	40.840241	-73.869418	0.159116787743	3	0.502776810338	3	0.389029965422	1	4	2	1408	427450	11	2500	1925	280	28	90	116	118	54	27	15	39	56	28	177
30612079_zpid	30612079_zpid	11205	198 Washington Ave, Brooklyn, NY 11205	40.692654	-73.967053	0.114803929687	11	0.318907215117	5	0.480685134318	2	7	2.5	2970	1700000	2	1608	1901	66	92	34	44	34	55	23	15	32	21	14	162
30582528_zpid	30582528_zpid	11217	140 Saint Johns Pl, Brooklyn, NY 11217	40.677029	-73.976231	0.235919448043	16	0.264660936753	6	0.337932670029	4	6	3	4128	3780000	20	2023	1901	64	87	17	32	20	24	57	45	33	12	16	142
30778546_zpid	30778546_zpid	11236	1329 E 100th St, Brooklyn, NY 11236	40.638211	-73.890205	0.418230732671	7	0.215671652865	3	1.36047222037	0	5	3	2200	562000	10	2000	1955	27	5	25	22	3	25	19	13	14	7	2	66
30670827_zpid	30670827_zpid	11218	103 Vanderbilt St, Brooklyn, NY 11218	40.651884	-73.980945	0.400357317719	5	0.614351556858	1	0.494926718483	1	3	2	2000	980000	45	1440	1901	1	14	6	7	7	17	14	17	7	1	3	35
30612779_zpid	30612779_zpid	11238	416 Lafayette Ave, Brooklyn, NY 11238	40.688773	-73.958751	0.207936256216	10	0.208931426393	6	0.111890981813	3	4	3	1872	995000	29	1600	1899	63	71	35	54	29	10	18	12	26	10	16	87
30683492_zpid	30683492_zpid	11219	916 41st St, Brooklyn, NY 11219	40.644342	-73.995949	0.174192663946	5	0.197838300655	4	0.256825848197	2	5	3	3000	1100000	13	3005	1935	236	44	148	208	192	96	104	168	84	64	16	416
30701007_zpid	30701007_zpid	11209	119 Gelston Ave, Brooklyn, NY 11209	40.618135	-74.027402	0.111135377718	15	0.305248704126	6	0.390690745481	2	8	5	741	1250000	0	2904	1899	332	168	84	116	112	184	112	88	16	28	28	720
30598755_zpid	30598755_zpid	11233	1610 Eastern Pkwy, Brooklyn, NY 11233	40.6712739	-73.914817	0.473711976676	5	0.539544463099	7	0.873073516622	0	8	4.5	4000	1175000	8	2000	1920	118	5	78	90	47	9	10	8	20	31	18	106
30602281_zpid	30602281_zpid	11221	400 Kosciuszko St, Brooklyn, NY 11221	40.691882	-73.938241	0.164449418582	10	0.317809260506	5	0.631624176788	1	4	3	2100	850000	24	1873	1899	183	51	80	123	76	37	25	13	32	46	31	209
30659680_zpid	30659680_zpid	11203	289 E 38th St, Brooklyn, NY 11203	40.6500709	-73.941479	0.111604180297	3	0.355162146336	1	0.689151638048	1	5	2.5	2000	163000	309	1999	1920	596	76	356	396	300	268	60	32	104	152	28	492
30593213_zpid	30593213_zpid	11213	725 Eastern Pkwy, Brooklyn, NY 11213	40.6699946	-73.9441813	0.165941582435	11	0.211744126857	6	0.167042266073	3	3	1	5600	1205000	25	2492	1931	174	40	82	90	82	34	46	10	25	33	15	192
29787394_zpid	29787394_zpid	10463	120 Van Cortlandt Ave W, Bronx, NY 10463	40.884295	-73.894101	0.339100944262	4	0.182018461256	2	0.571188659414	2	1	1	2066	215000	230	2614	1945	503	14	47	67	48	23	29	17	20	15	14	104
30581267_zpid	30581267_zpid	11232	814 41st St, Brooklyn, NY 11232	40.645716	-73.998211	0.0382432187986	5	0.113591326035	5	0.334512467338	2	6	2	3192	700000	105	2000	1899	67	33	28	29	26	52	17	12	7	8	5	79
30567806_zpid	30567806_zpid	11201	56 Joralemon St, Brooklyn, NY 11201	40.69339	-73.997471	0.0903546661378	13	0.439877905246	4	0.585534756332	4	3	3	3300	1100000	137	1470	1900	52	87	21	31	15	14	54	36	23	8	14	162
30778439_zpid	30778439_zpid	11236	1322 E 99th St, Brooklyn, NY 11236	40.637606	-73.8915169	0.307433946148	7	0.0915274162039	4	1.33278099255	0	3	2	1760	475000	75	2000	1955	28	11	26	26	3	33	16	14	16	8	1	71
30637869_zpid	30637869_zpid	11207	216 Arlington Ave, Brooklyn, NY 11207	40.680283	-73.88681	0.245640401413	7	0.206321336652	5	0.187054239873	3	5	3	2163	475000	14	2100	1905	48	33	32	44	27	39	31	13	34	18	3	91
30642302_zpid	30642302_zpid	11208	4 Danforth St, Brooklyn, NY 11208	40.686432	-73.872843	0.298224381293	5	0.248368335261	4	0.369119463247	3	8	2	1980	360400	32	2163	1901	97	41	65	86	50	75	41	17	64	46	8	197
30618654_zpid	30618654_zpid	11211	290 N 6th St, Brooklyn, NY 11211	40.714402	-73.954106	0.10072049539	20	0.342117869411	5	0.21165783675	4	3	2	1440	1125000	14	1562	1901	380	980	168	360	176	164	192	92	84	68	80	1116
30746365_zpid	30746365_zpid	11229	2287 E 28th St, Brooklyn, NY 11229	40.596046	-73.942723	0.22049803824	8	0.446334334573	3	1.05511434491	0	3	3	1824	544000	5	1600	1940	7	12	3	17	4	17	25	20	18	3	2	62
29781305_zpid	29781305_zpid	10474	615 Faile St, Bronx, NY 10474	40.812613	-73.886259	0.239681443209	4	0.308417945502	3	0.941294445604	0	8	2	2296	489000	124	2500	1910	125	16	88	76	65	21	16	2	27	16	12	140
30638595_zpid	30638595_zpid	11207	525 Glenmore Ave, Brooklyn, NY 11207	40.674151	-73.891009	0.201657314177	9	0.340875856175	6	0.157140760549	4	7	4	3045	116500	32	2500	1910	118	21	85	105	89	73	41	26	40	45	19	240
30652265_zpid	30652265_zpid	11203	812 Lenox Rd, Brooklyn, NY 11203	40.6552	-73.929463	0.159089308655	10	0.354951924276	3	1.20667599857	0	4	1	1400	319000	141	1500	1910	206	27	88	88	95	71	44	16	32	39	19	199
30591171_zpid	30591171_zpid	11216	1420 Pacific St, Brooklyn, NY 11216	40.6770349	-73.943084	0.162797192633	10	0.32367304826	8	0.372204020496	3	6	1	3576	1500000	0	2143	1901	193	54	95	114	98	29	22	6	39	37	20	174
30748904_zpid	30748904_zpid	11235	2521 E 18th St, Brooklyn, NY 11235	40.589857	-73.951487	0.0923055730652	12	0.0737812187217	4	0.399395868349	2	2	3	1549	699000	0	1600	1950	58	13	10	36	13	38	36	31	32	15	4	142
29834797_zpid	29834797_zpid	10466	3847 Amundson Ave, Bronx, NY 10466	40.888109	-73.835448	0.472545488577	2	0.374280287903	4	0.388878516899	1	5	3	2340	499000	78	2482	2009	38	6	16	21	3	42	22	14	26	8	3	64
30720334_zpid	30720334_zpid	11223	1614 W 10th St, Brooklyn, NY 11223	40.607197	-73.983687	0.242041387649	9	0.435348339059	6	0.460680475512	2	5	2.5	1480	610000	124	2000	1930	53	16	24	12	19	40	14	16	10	4	3	60
30733700_zpid	30733700_zpid	11224	4120 Manhattan Ave, Brooklyn, NY 11224	40.577435	-74.00984	0.207759268164	2	0.669851836651	1	2.41872878856	0	6	5	4580	20000	23	5025	1930	13	6	4	17	4	0	15	0	7	1	2	19
83047910_zpid	83047910_zpid	11206	119 Mckibben St, Brooklyn, NY 11206	40.7052693	-73.9433069	0.0905283431489	12	0.202043133287	4	0.379574057611	4	4	2.5	2515	495000	43	1666	1930	312	684	156	240	144	52	164	52	96	60	24	708
83047910_zpid	83047910_zpid	11206	119 Mckibben St, Brooklyn, NY 11206	40.7052693	-73.9433069	0.0905283431489	12	0.202043133287	5	0.379574057611	4	4	2.5	2515	495000	43	1666	1930	312	684	156	240	144	52	164	52	96	60	24	708
30760720_zpid	30760720_zpid	11234	1415 E 45th St, Brooklyn, NY 11234	40.626347	-73.932213	0.295264825131	9	0.525065382672	1	1.49027688896	0	3	2	1728	499000	11	2500	1930	128	52	64	76	60	152	100	64	60	8	4	296
30760720_zpid	30760720_zpid	11234	1415 E 45th St, Brooklyn, NY 11234	40.626347	-73.932213	0.295264825131	8	0.525065382672	1	1.49027688896	0	3	2	1728	499000	11	2500	1930	128	52	64	76	60	152	100	64	60	8	4	296
30691357_zpid	30691357_zpid	11220	6659 Bergen Pl, Brooklyn, NY 11220	40.639159	-74.028094	0.283757608537	8	0.370936501756	3	0.613628514074	1	3	2	1155	780000	0	2000	1925	38	15	25	26	16	24	23	31	7	10	2	56
30605841_zpid	30605841_zpid	11233	512 Macdonough St, Brooklyn, NY 11233	40.682845	-73.925745	0.391448861389	7	0.484208683237	3	0.572000627422	2	6	4	3450	1175000	20	1600	1901	142	75	110	121	75	17	18	13	44	42	26	198
29827916_zpid	29827916_zpid	10469	955 E 221st St, Bronx, NY 10469	40.882759	-73.854328	0.321465681722	4	0.46491643031	2	0.71596411087	1	3	2	1960	170000	1	1988	1935	64	15	28	27	26	32	4	3	18	8	2	48
30739910_zpid	30739910_zpid	11223	2566 E 1st St, Brooklyn, NY 11223	40.5869039	-73.968885	0.222363144589	5	0.254846404706	1	0.545083155639	1	7	5	3465	1499000	0	2500	1960	85	8	9	11	8	16	34	19	14	2	4	63
30737782_zpid	30737782_zpid	11223	2408 Mcdonald Ave, Brooklyn, NY 11223	40.593264	-73.974113	0.423103252866	4	0.380087542438	3	0.318068832557	4	3	2	1582	770000	120	2787	1910	36	14	12	26	8	48	28	40	21	4	7	118
29787979_zpid	29787979_zpid	10458	2975 Bainbridge Ave, Bronx, NY 10458	40.871167	-73.884582	0.25217432661	9	0.312099335117	8	0.267230236816	4	6	3	2984	445000	16	2805	1901	655	37	109	141	135	34	19	11	38	49	12	202
30790650_zpid	30790650_zpid	11235	102 Beaumont St, Brooklyn, NY 11235	40.579232	-73.951687	0.136227463196	7	0.588947175443	4	0.829372431689	0	4	5	3500	1775000	50	4320	2009	157	25	35	48	34	37	44	24	38	16	7	113
30641679_zpid	30641679_zpid	11208	33 Hemlock St, Brooklyn, NY 11208	40.68912	-73.872138	0.261583884751	6	0.213808640902	6	0.0977861120205	3	3	2	1824	550000	92	2500	1910	71	21	45	61	32	55	31	13	31	26	3	117
30586594_zpid	30586594_zpid	11217	27 7th Ave, Brooklyn, NY 11217	40.676757	-73.973619	0.0887841081171	14	0.152734693722	6	0.132455049021	3	6	4	3783	3800000	19	1469	1899	43	57	11	22	9	13	41	30	30	9	13	108
30574318_zpid	30574318_zpid	11232	212 30th St, Brooklyn, NY 11232	40.656464	-73.999377	0.290402010299	5	0.45454077386	1	0.451087451685	2	3	2	1530	595000	39	2003	1910	23	31	12	16	11	9	26	14	13	1	8	63
30774689_zpid	30774689_zpid	11236	960 E 102nd St, Brooklyn, NY 11236	40.64485	-73.895883	0.4165184546	6	0.466689624347	1	0.542531471834	2	5	3.5	2160	535000	10	2000	1960	66	6	31	22	23	52	18	7	18	17	10	108
30751175_zpid	30751175_zpid	11210	1739 Brooklyn Ave, Brooklyn, NY 11210	40.630634	-73.94132	0.227907288187	2	0.277541525543	2	0.587657396666	1	2	1	1751	580000	121	1999	1920	93	23	41	47	35	57	35	20	18	15	8	120
30747311_zpid	30747311_zpid	11229	2333 E 26th St, Brooklyn, NY 11229	40.594687	-73.9443579	0.287569233934	11	0.293050734747	4	0.915282869016	0	3	2	2134	810000	0	2200	1950	16	36	16	64	12	72	96	80	60	4	8	220
30747311_zpid	30747311_zpid	11229	2333 E 26th St, Brooklyn, NY 11229	40.594687	-73.9443579	0.287569233934	11	0.545462831306	3	0.915282869016	0	3	2	2134	810000	0	2200	1950	16	36	16	64	12	72	96	80	60	4	8	220
30725400_zpid	30725400_zpid	11230	1204 Avenue M, Brooklyn, NY 11230	40.6174589	-73.962511	0.196582089835	9	0.0542571585914	5	0.263558248278	1	4	2	1920	446250	33	2000	1910	103	25	27	52	26	78	50	20	34	12	2	160
30611048_zpid	30611048_zpid	11216	187 Macdonough St, Brooklyn, NY 11216	40.681798	-73.938778	0.131014484265	10	0.179699619706	7	0.272931075049	2	5	3	3360	1350000	31	2000	1899	264	272	188	264	144	20	88	52	92	84	68	396
30611048_zpid	30611048_zpid	11216	187 Macdonough St, Brooklyn, NY 11216	40.681798	-73.938778	0.131014484265	10	0.179699619706	8	0.272931075049	2	5	3	3360	1350000	31	2000	1899	264	272	188	264	144	20	88	52	92	84	68	396
30731722_zpid	30731722_zpid	11214	247 Avenue Z, Brooklyn, NY 11214	40.584895	-73.98417	0.37442103925	3	0.246056684264	1	0.440599006409	1	6	4	2640	770000	8	2000	1935	6	5	7	16	3	12	11	10	8	2	2	22
30621216_zpid	30621216_zpid	11222	98 Diamond St, Brooklyn, NY 11222	40.726162	-73.946895	0.10452436502	14	0.440377107319	3	0.406886936265	2	2	1	1500	850000	93	2500	1910	34	68	19	38	11	25	34	26	16	14	14	177
29826642_zpid	29826642_zpid	10467	767 E 213th St, Bronx, NY 10467	40.8784818	-73.862141	0.329276853087	4	0.281932381022	2	0.373013019487	3	6	3	2680	649000	0	2800	1970	163	15	66	70	52	52	18	4	22	32	15	154
30698320_zpid	30698320_zpid	11228	673 82nd St, Brooklyn, NY 11228	40.62194	-74.020373	0.403339323253	8	0.448726816796	3	0.683140120512	1	4	3	3426	950000	8	2450	1925	64	20	36	32	24	60	148	56	52	8	16	124
30707808_zpid	30707808_zpid	11228	7801 14th Ave, Brooklyn, NY 11228	40.617064	-74.00693	0.242115198162	13	0.513344081901	4	0.665230140305	2	3	3	1248	690000	24	1001	1920	8	12	5	21	4	37	40	46	19	5	4	71
30730476_zpid	30730476_zpid	11214	146 Bay 40th St, Brooklyn, NY 11214	40.594755	-73.98961	0.414301042844	8	0.371670027472	4	0.403764213333	1	3	2	1764	650000	32	1728	1965	84	28	56	72	28	144	144	100	88	32	12	308
29787171_zpid	29787171_zpid	10463	3019 Kingsbridge Ter, Bronx, NY 10463	40.876157	-73.9021209	0.208822921027	7	0.136547014205	6	0.396788469653	2	6	2	2230	474000	14	1915	1920	1156	112	400	396	336	112	124	20	128	92	32	588
29831959_zpid	29831959_zpid	10466	732 E 223rd St, Bronx, NY 10466	40.885768	-73.860059	0.139626948992	5	0.123105988219	1	0.252033994787	2	7	3	2394	390000	140	2857	1915	175	13	77	91	72	53	18	8	34	53	9	132
30709392_zpid	30709392_zpid	11228	1347 82nd St, Brooklyn, NY 11228	40.615774	-74.0101229	0.33175353972	5	0.513575404881	2	0.842752226808	0	5	3	2024	1425000	0	3101	1925	7	17	3	17	0	25	44	32	23	6	2	56
30712039_zpid	30712039_zpid	11214	8659 17th Ave, Brooklyn, NY 11214	40.607234	-74.005844	0.170112288191	11	0.239335478203	7	0.35630742172	2	4	2	2880	375000	8	1940	1920	32	23	26	30	8	40	31	39	26	4	3	101
30619826_zpid	30619826_zpid	11222	977 Manhattan Ave, Brooklyn, NY 11222	40.7325703	-73.9549097	0.0641001273955	13	0.0815098356828	4	0.279911497015	1	2	1	6085	4100000	15	2500	1931	100	128	65	76	48	55	45	25	29	22	14	258
30688413_zpid	30688413_zpid	11219	933 60th St, Brooklyn, NY 11219	40.6337849	-74.0063601	0.10783369201	7	0.426858202113	6	0.280321436061	2	6	2	2325	990000	10	2003	1905	40	15	18	28	10	48	36	30	14	7	6	86
30606610_zpid	30606610_zpid	11233	33 Rochester Ave, Brooklyn, NY 11233	40.677969	-73.927162	0.261646148161	5	0.296450697327	3	0.338816722466	2	5	4	1350	830000	5	2058	1901	96	34	65	83	63	15	14	3	28	33	15	143
30613351_zpid	30613351_zpid	11238	33 Cambridge Pl, Brooklyn, NY 11238	40.686006	-73.963002	0.297639027402	10	0.303421970079	6	0.357496531983	3	1	1	900	1286000	58	2000	1899	146	127	91	129	96	39	51	16	50	30	29	193
30578842_zpid	30578842_zpid	11220	548 56th St, Brooklyn, NY 11220	40.640833	-74.0127739	0.36308291633	9	0.153005715232	11	0.435395988767	3	5	4	2000	1250000	0	2003	1901	151	73	59	87	52	41	75	34	41	31	6	263
29845082_zpid	29845082_zpid	10465	734 Hollywood Ave, Bronx, NY 10465	40.828725	-73.819949	0.663189374639	3	0.322401637583	2	2.17745366598	0	5	2	2760	400000	57	2300	1960	11	14	3	16	1	14	22	36	19	2	3	68
30761804_zpid	30761804_zpid	11234	1368 E 40th St, Brooklyn, NY 11234	40.622435	-73.934265	0.136006158506	8	0.136460718055	3	1.61798781427	0	3	2	1683	380000	22	1603	1940	42	15	20	28	24	30	26	20	15	6	0	121
30653067_zpid	30653067_zpid	11203	179 E 55th St, Brooklyn, NY 11203	40.653577	-73.92545	0.201810361849	10	0.174322246105	4	1.16715607419	0	3	2	1260	295000	0	1999	1910	167	25	64	76	77	67	32	12	24	35	18	166
29812880_zpid	29812880_zpid	10462	1726 Victor St, Bronx, NY 10462	40.8444143	-73.8663974	0.208938798443	10	0.321975753235	3	0.521043566279	2	9	3	2400	580000	114	2178	1920	83	13	47	52	41	54	25	12	20	25	10	114
30594946_zpid	30594946_zpid	11225	79 Sterling St, Brooklyn, NY 11225	40.662886	-73.95839	0.11978681339	9	0.126272365895	6	0.354729046317	2	4	1.5	1800	794000	56	2000	1910	408	79	137	130	160	11	31	18	47	42	17	232
29820079_zpid	29820079_zpid	10469	2219 Westervelt Ave, Bronx, NY 10469	40.858371	-73.840285	0.438267064358	2	0.684824695477	1	1.26524174948	0	3	3	1394	529000	11	2500	1930	6	0	1	3	0	4	24	6	7	0	2	17
30622283_zpid	30622283_zpid	11211	43 Richardson St, Brooklyn, NY 11211	40.7184069	-73.9505249	0.0953264627811	15	0.330182084878	2	0.502616827614	5	1	2	862	840000	93	1000	2007	17	87	12	41	8	14	25	14	9	4	11	108
83042932_zpid	83042932_zpid	11233	2028 Bergen St, Brooklyn, NY 11233	40.673815	-73.913314	0.27214846272	4	0.24819354277	5	0.563134161584	1	6	5	3125	825000	0	2773	2003	200	15	112	118	78	37	26	19	40	48	30	160
30660602_zpid	30660602_zpid	11203	343 E 35th St, Brooklyn, NY 11203	40.646744	-73.944014	0.389388162411	5	0.0748554071656	2	0.456096774596	2	6	3	3090	485000	8	2000	1899	336	64	328	256	268	152	68	16	92	76	52	400
30624144_zpid	30624144_zpid	11211	18 Sharon St, Brooklyn, NY 11211	40.715062	-73.93823	0.322996093685	8	0.443926560998	2	0.397475203358	2	3	1.5	1700	1490000	15	1800	1950	24	119	12	38	17	25	31	11	22	12	17	133
83042466_zpid	83042466_zpid	11208	1172 Sutter Ave, Brooklyn, NY 11208	40.672149	-73.874709	0.159271746351	9	0.139161631378	5	0.421215251814	2	6	3.5	3850	575000	125	1999	2005	165	19	99	107	80	57	39	10	23	62	18	173
30781603_zpid	30781603_zpid	11234	2066 Pearson St, Brooklyn, NY 11234	40.612875	-73.918985	0.284607023215	3	0.943654092112	0	3.28637190022	0	6	4	3300	621000	39	2134	1970	11	3	11	9	7	29	20	10	15	4	6	73
30788755_zpid	30788755_zpid	11234	2665 E 63rd St, Brooklyn, NY 11234	40.60793	-73.911986	0.870758115985	0	1.05887732094	0	3.83617519511	0	3	2	1216	540000	141	2099	1960	3	6	1	7	3	19	4	27	21	2	1	31
29791032_zpid	29791032_zpid	10473	330 Stephens Ave, Bronx, NY 10473	40.8127179	-73.853675	0.333803050004	1	0.970523445479	0	2.36087500451	0	3	2	1600	295000	92	2500	1940	35	5	18	20	13	22	11	17	12	19	3	68
30674687_zpid	30674687_zpid	11218	374 E 9th St, Brooklyn, NY 11218	40.639472	-73.970221	0.380046328002	10	0.118158732963	6	0.558693849997	2	5	2	1293	525000	37	2000	1920	856	220	320	336	188	316	156	264	120	84	44	876
30674687_zpid	30674687_zpid	11218	374 E 9th St, Brooklyn, NY 11218	40.639472	-73.970221	0.380046328002	10	0.118158732963	7	0.558693849997	2	5	2	1293	525000	37	2000	1920	856	220	320	336	188	316	156	264	120	84	44	876
30566550_zpid	30566550_zpid	11201	324 Atlantic Ave, Brooklyn, NY 11201	40.6879518	-73.9880307	0.0419019650143	16	0.427280371101	5	0.249349301567	10	6	4	3680	3395000	0	1800	1900	46	92	13	60	14	21	42	29	19	8	9	211
