30788064_zpid	30788064_zpid	11234	186 Barlow Dr S, Brooklyn, NY 11234	40.608408	-73.907064	0.959699953368	0	1.00288760203	0	4.25255009984	0	4	3	1836	890000	12	4300	1960	2	4	1	7	0	8	9	12	13	3	1	25
30683701_zpid	30683701_zpid	11218	1358 41st St, Brooklyn, NY 11218	40.638457	-73.986191	0.197614236105	4	0.228310838627	7	0.720341207936	2	7	4	1400	1045000	16	2003	1930	80	48	96	116	52	140	148	124	24	24	4	344
30636472_zpid	30636472_zpid	11207	6 Crosby Ave, Brooklyn, NY 11207	40.681524	-73.895752	0.313186591725	3	0.297284424708	3	0.543692572188	3	6	3	2502	225000	47	2500	1925	248	100	172	148	104	172	116	132	88	76	32	364
30706357_zpid	30706357_zpid	11204	2150 Bay Ridge Pkwy, Brooklyn, NY 11204	40.608506	-73.988375	0.306083420938	12	0.424683850545	6	0.665710116929	1	7	4	2480	1040000	22	2492	1920	50	15	15	26	30	28	15	11	15	8	1	58
30669624_zpid	30669624_zpid	11210	1297 Rogers Ave, Brooklyn, NY 11210	40.638101	-73.950796	0.200344306313	4	0.265475301133	5	0.289373885043	2	9	3	2441	695000	22	1999	1935	280	26	139	119	104	38	23	15	26	52	9	253
30658509_zpid	30658509_zpid	11203	61 E 43rd St, Brooklyn, NY 11203	40.654553	-73.937182	0.371126559707	3	0.559194228693	1	1.12143791192	0	4	2.5	1683	410000	17	1800	1945	102	15	56	48	42	47	29	9	29	33	7	103
29812699_zpid	29812699_zpid	10462	1653 Unionport Rd, Bronx, NY 10462	40.842453	-73.865536	0.366880358625	6	0.447191497005	6	0.672560562056	1	4	2	2200	240000	1	2455	1920	88	12	43	47	35	39	18	10	28	19	9	103
30734480_zpid	30734480_zpid	11223	1982 W 7th St, Brooklyn, NY 11223	40.599075	-73.9792496	0.0884186728316	6	0.340863844784	5	0.178587607514	6	8	3	2431	890000	21	1495	1930	144	92	48	108	44	236	112	208	92	36	32	328
30734480_zpid	30734480_zpid	11223	1982 W 7th St, Brooklyn, NY 11223	40.599075	-73.9792496	0.0884186728316	7	0.340863844784	5	0.178587607514	6	8	3	2431	890000	21	1495	1930	144	92	48	108	44	236	112	208	92	36	32	328
29853331_zpid	29853331_zpid	10471	5822 Spencer Ave, Bronx, NY 10471	40.906299	-73.899312	0.186710170042	4	0.187736892349	2	1.27280207013	0	4	1.5	1000	560875	20	2111	1930	48	24	20	48	32	92	120	44	72	4	28	192
29853331_zpid	29853331_zpid	10471	5822 Spencer Ave, Bronx, NY 10471	40.906299	-73.899312	0.186710170042	4	0.187736892349	3	1.27280207013	0	4	1.5	1000	560875	20	2111	1930	48	24	20	48	32	92	120	44	72	4	28	192
30790984_zpid	30790984_zpid	11235	4077 Ocean Ave, Brooklyn, NY 11235	40.581069	-73.947612	0.497445954127	5	0.849158075231	0	0.852491513726	0	5	5	1440	1180000	11	3000	1930	20	3	3	15	3	6	26	13	18	0	1	34
30591384_zpid	30591384_zpid	11213	1193 Bergen St, Brooklyn, NY 11213	40.676125	-73.945877	0.207607076015	14	0.368112768962	8	0.319594606167	3	5	3	3616	1550000	0	1733	1899	183	23	72	93	64	12	14	2	18	29	13	149
83178099_zpid	83178099_zpid	10455	441 E 154th St, Bronx, NY 10455	40.8192495	-73.9145811	0.380707473879	6	0.0986137872282	10	0.440233799138	3	6	2	3000	561000	109	1250	2005	62	26	27	40	34	21	18	4	14	8	10	137
89067175_zpid	89067175_zpid	10469	1107 E 213th St, Bronx, NY 10469	40.8761621	-73.8539473	0.243340996573	8	0.530212234546	1	0.975211140081	0	6	4	3021	560000	14	2500	2009	68	9	36	66	50	44	13	11	30	23	16	120
30667357_zpid	30667357_zpid	11218	329 Westminster Rd, Brooklyn, NY 11218	40.640999	-73.966933	0.270874867335	9	0.221516178654	6	0.257082348678	3	6	3	3209	2150000	9	5000	1899	77	35	36	37	16	39	21	26	15	7	5	125
99340396_zpid	99340396_zpid	11236	556 E 86th St, Brooklyn, NY 11236	40.6423211	-73.913521	0.47424847536	5	0.787892079852	0	1.09747065057	0	6	3	4048	475000	0	2570	2009	38	5	25	16	10	47	28	5	22	12	6	90
30658926_zpid	30658926_zpid	11203	198 E 38th St, Brooklyn, NY 11203	40.652425	-73.942323	0.160376843657	2	0.57290554219	3	0.637293248342	1	4	2	1312	289000	0	1999	1920	480	76	296	332	240	288	88	40	96	144	24	508
30658926_zpid	30658926_zpid	11203	198 E 38th St, Brooklyn, NY 11203	40.652425	-73.942323	0.160376843657	3	0.57290554219	3	0.637293248342	1	4	2	1312	289000	0	1999	1920	480	76	296	332	240	288	88	40	96	144	24	508
30594733_zpid	30594733_zpid	11225	283 Empire Blvd, Brooklyn, NY 11225	40.6640609	-73.952795	0.307499239939	8	0.196661450785	5	0.220295808735	3	3	2	2240	309000	145	1650	1915	512	98	197	190	198	25	35	16	45	84	20	304
30683381_zpid	30683381_zpid	11219	1039 41st St, Brooklyn, NY 11219	40.642995	-73.992813	0.160087406591	5	0.172608539613	6	0.263444194304	2	5	2	2280	1685000	26	4800	1925	276	48	176	256	200	152	152	208	132	92	24	488
30642443_zpid	30642443_zpid	11208	162 Nichols Ave, Brooklyn, NY 11208	40.686785	-73.869522	0.0990598730438	7	0.232264497518	6	0.434461274155	3	6	2	2208	390000	30	2000	1945	85	34	56	77	41	70	36	13	44	35	6	169
30766756_zpid	30766756_zpid	11236	599 E 80th St, Brooklyn, NY 11236	40.638954	-73.916652	0.475186371848	6	0.498847452615	2	1.51589748981	0	6	4	3230	685000	110	3467	1965	26	9	18	15	8	42	27	10	25	8	8	68
30707269_zpid	30707269_zpid	11214	1627 78th St, Brooklyn, NY 11214	40.61428	-74.001608	0.16185682166	9	0.0811858770951	6	0.120964474249	3	7	2.5	2800	1160000	16	2475	1920	33	6	10	23	6	17	19	21	12	6	5	85
30787479_zpid	30787479_zpid	11234	2773 E 63rd St, Brooklyn, NY 11234	40.60639	-73.914427	1.0632838247	0	1.27993328621	0	3.59536827572	0	3	3	2045	598000	6	1800	1965	3	4	2	5	3	17	4	26	19	2	1	25
30752328_zpid	30752328_zpid	11210	2606 Avenue J, Brooklyn, NY 11210	40.62614	-73.950358	0.334313767536	2	0.312346155546	1	0.779914027593	0	3	2	1896	885000	18	3000	1925	70	11	38	27	25	55	27	16	31	7	4	92
62646729_zpid	62646729_zpid	11238	46 Underhill Ave, Brooklyn, NY 11238	40.679492	-73.965367	0.221857080949	14	0.387885462948	4	0.472201973082	3	2	1	3528	275000	164	2002	2001	96	168	38	80	48	41	45	42	41	17	14	202
30702916_zpid	30702916_zpid	11204	1934 Bay Ridge Ave, Brooklyn, NY 11204	40.614852	-73.989711	0.163982097358	10	0.311895859792	8	0.487661069239	3	7	3	3300	1525000	0	3001	1915	240	68	120	212	104	236	152	128	100	40	32	604
30702916_zpid	30702916_zpid	11204	1934 Bay Ridge Ave, Brooklyn, NY 11204	40.614852	-73.989711	0.163982097358	12	0.311895859792	8	0.487661069239	3	7	3	3300	1525000	0	3001	1915	240	68	120	212	104	236	152	128	100	40	32	604
29835271_zpid	29835271_zpid	10466	3940 Hill Ave, Bronx, NY 10466	40.889921	-73.838424	0.705884366766	2	0.444238098884	4	0.663736977516	1	8	4	2375	280000	14	2904	1910	50	8	17	25	5	52	27	12	26	8	4	66
29812450_zpid	29812450_zpid	10460	1624 Adams St, Bronx, NY 10460	40.840413	-73.870092	0.149243078735	6	0.561405720285	2	0.330113398084	1	4	2	1320	350500	13	1568	1925	263	27	80	101	106	53	25	15	34	51	28	161
30624131_zpid	30624131_zpid	11211	67 Olive St, Brooklyn, NY 11211	40.714906	-73.938883	0.272268106304	10	0.395347264077	3	0.358334064712	2	1	1	1300	105000	313	842	1930	26	131	13	41	19	27	34	10	23	12	19	154
30793635_zpid	30793635_zpid	11229	106 Ivan Ct, Brooklyn, NY 11229	40.588572	-73.925618	0.322635485848	2	1.224732621	0	2.41964184316	0	3	1	1275	378000	50	40	2009	1	3	1	17	0	1	30	11	19	1	4	36
30727956_zpid	30727956_zpid	11229	1715 E 28th St, Brooklyn, NY 11229	40.609254	-73.945235	0.40518757447	3	0.776800810095	0	1.06511122192	0	5	4	1480	580000	111	2500	1930	26	6	13	23	9	31	23	34	21	3	2	81
29787795_zpid	29787795_zpid	10458	2804 Pond Pl, Bronx, NY 10458	40.8675	-73.887823	0.178341636989	8	0.152519404679	7	0.410545842934	5	6	2	1950	439000	0	1973	1910	761	75	204	221	260	46	23	8	76	62	29	325
30720576_zpid	30720576_zpid	11223	1615 W 6th St, Brooklyn, NY 11223	40.60768	-73.979277	0.281344698033	13	0.286440243691	6	0.42799966932	3	3	1.5	2100	750000	13	2150	1925	356	76	164	96	120	248	56	128	64	52	12	320
30720576_zpid	30720576_zpid	11223	1615 W 6th St, Brooklyn, NY 11223	40.60768	-73.979277	0.347809212085	12	0.286440243691	6	0.42799966932	3	3	1.5	2100	750000	13	2150	1925	356	76	164	96	120	248	56	128	64	52	12	320
30699400_zpid	30699400_zpid	11209	96 85th St, Brooklyn, NY 11209	40.6254234	-74.036463	0.514334320713	7	0.720679490053	1	0.746408860324	1	3	4	2046	1215000	21	3484	1920	21	19	4	17	5	27	24	20	11	2	1	70
30789978_zpid	30789978_zpid	11235	3099 Coney Island Ave, Brooklyn, NY 11235	40.5806254	-73.9596227	0.128189743681	10	0.0989816547361	5	0.358020493421	1	4	2	6020	120000	19	1620	1920	1012	248	316	404	252	340	212	124	216	148	112	1108
30789978_zpid	30789978_zpid	11235	3099 Coney Island Ave, Brooklyn, NY 11235	40.5806254	-73.9596227	0.128189743681	12	0.0989816547361	5	0.358020493421	1	4	2	6020	120000	19	1620	1920	1012	248	316	404	252	340	212	124	216	148	112	1108
30649833_zpid	30649833_zpid	11208	1018 Hegeman Ave, Brooklyn, NY 11208	40.6666979	-73.87531	0.383978023367	8	0.447031017852	6	0.711135614058	1	8	2	3240	570000	120	3600	1925	72	10	60	65	52	28	42	8	18	28	14	117
29781317_zpid	29781317_zpid	10474	650 Coster St, Bronx, NY 10474	40.8135509	-73.886882	0.123373689451	5	0.205852914516	3	0.853542616386	0	4	1	3272	335000	4	1999	1910	129	18	95	83	70	26	15	3	32	18	12	149
68310336_zpid	68310336_zpid	10471	485 W 246th St, Bronx, NY 10471	40.893955	-73.907704	0.717809678957	1	0.957247520925	0	0.912173916653	0	4	3.5	5152	1975000	0	16552.8	2007	10	5	2	5	1	1	31	3	5	0	1	16
30602287_zpid	30602287_zpid	11221	420 Kosciuszko St, Brooklyn, NY 11221	40.691967	-73.937481	0.22385618039	10	0.380780798914	5	0.60328744335	2	9	4	2331	715000	31	1850	1899	165	48	82	120	82	35	24	11	30	46	36	208
30784073_zpid	30784073_zpid	11234	1844 E 37th St, Brooklyn, NY 11234	40.612519	-73.933554	0.344540949135	3	0.389679851701	1	2.09445823498	0	2	1	840	360000	42	1800	1920	3	20	3	7	3	19	30	26	32	1	2	52
29853557_zpid	29853557_zpid	10471	301 W 259th St, Bronx, NY 10471	40.906796	-73.899581	0.209877352104	4	0.210878711311	3	1.26321932795	0	6	4	1601	679000	0	1999	1901	10	8	4	10	6	18	30	11	15	2	7	51
30612412_zpid	30612412_zpid	11205	477 Dekalb Ave, Brooklyn, NY 11205	40.69083	-73.958033	0.0774385573604	9	0.102790132766	5	0.277529533483	3	5	3	1728	155000	222	2200	1901	532	300	136	208	120	112	132	124	104	40	96	604
30766654_zpid	30766654_zpid	11234	641 E 59th St, Brooklyn, NY 11234	40.638202	-73.919953	0.378773540885	5	0.571295061594	2	1.79540052623	0	6	3	3375	575000	131	2000	1960	15	2	1	5	2	5	8	2	10	2	1	24
30788587_zpid	30788587_zpid	11234	2558 E 65th St, Brooklyn, NY 11234	40.608592	-73.909305	0.854683270944	0	0.962632761232	0	4.07400755464	0	4	3	2464	995000	2	5183	1960	2	5	2	5	2	18	6	25	20	2	1	31
30788361_zpid	30788361_zpid	11234	2269 E 63rd St, Brooklyn, NY 11234	40.61325	-73.909752	0.394050328656	3	0.444996323511	1	3.77796785006	0	2	1	1340	375000	192	49	1950	0	8	3	5	2	8	5	11	10	0	0	29
30615001_zpid	30615001_zpid	11205	95 Adelphi St, Brooklyn, NY 11205	40.694943	-73.971909	0.218114569455	7	0.216478195807	2	0.879972959145	0	5	4	2172	1890000	4	2500	1905	51	76	27	34	26	41	11	27	23	18	10	127
30793701_zpid	30793701_zpid	11229	20 Florence Ave, Brooklyn, NY 11229	40.589732	-73.927885	0.426622859668	2	1.00963322878	0	2.24310068319	0	3	1	1320	429000	0	3570	1920	1	3	1	13	1	1	23	9	19	1	3	32
30783605_zpid	30783605_zpid	11234	1810 E 31st St, Brooklyn, NY 11234	40.610283	-73.938529	0.340523817438	4	0.377682904634	1	1.63967483033	0	3	2	1683	642500	6	1842	1925	2	7	4	6	3	10	15	16	22	3	1	38
30793407_zpid	30793407_zpid	11229	16 Opal Ct, Brooklyn, NY 11229	40.5864184	-73.9241682	0.427713622983	1	1.41812210682	0	2.53559843482	0	4	2	672	356000	45	1800	1930	2	3	1	14	0	0	31	11	20	2	5	39
30637544_zpid	30637544_zpid	11208	115 Shepherd Ave, Brooklyn, NY 11208	40.682097	-73.882023	0.108701413284	7	0.179131874859	3	0.184119916848	3	4	2	1817	345000	21	1730	1920	81	36	52	61	57	49	32	24	35	24	14	160
30766823_zpid	30766823_zpid	11236	561 E 81st St, Brooklyn, NY 11236	40.640072	-73.916655	0.547165351038	7	0.606018085624	1	1.44937427078	0	8	4	2760	643000	18	2000	1960	25	6	17	16	8	41	24	9	25	6	7	62
30774452_zpid	30774452_zpid	11236	1140 E 98th St, Brooklyn, NY 11236	40.643534	-73.899479	0.162161711786	6	0.71351471376	1	0.400918089976	1	9	3	3012	575000	132	2400	1960	47	10	24	17	18	55	19	6	13	15	8	94
30750428_zpid	30750428_zpid	11235	2655 Batchelder St, Brooklyn, NY 11235	40.588588	-73.936431	0.282218564796	7	0.409556368151	2	1.51012947579	0	5	3	1600	464000	42	1950	1960	34	10	20	25	12	24	13	23	20	8	4	103
30650600_zpid	30650600_zpid	11212	23 E 95th St, Brooklyn, NY 11212	40.664738	-73.926588	0.167049363962	13	0.201028170158	8	0.325904845317	2	7	4	2200	462000	32	2000	1930	293	13	99	103	95	34	12	7	28	42	12	171
29826893_zpid	29826893_zpid	10467	758 E 220th St, Bronx, NY 10467	40.8833879	-73.860496	0.202908449966	6	0.378921216033	2	0.193325154203	2	6	3	1812	529000	11	1835	1901	158	11	83	103	86	70	16	3	30	49	9	162
29788379_zpid	29788379_zpid	10468	3099 Villa Ave, Bronx, NY 10468	40.874585	-73.8879965	0.0873361745957	9	0.131280049369	4	0.217570939202	3	6	3	1440	419000	132	730	1899	211	15	66	51	48	7	6	0	12	19	8	93
30788425_zpid	30788425_zpid	11234	2334 E 64th St, Brooklyn, NY 11234	40.612453	-73.908944	0.505046700722	2	0.534248198266	1	3.85412233448	0	3	5	3772	2199000	0	4965	1950	1	10	3	4	2	10	6	12	9	1	0	26
29843597_zpid	29843597_zpid	10465	3234 Spencer Dr, Bronx, NY 10465	40.842064	-73.819795	0.806452689812	0	0.590022145057	1	1.19845861516	0	4	2	1536	390000	126	2731	1930	4	44	20	12	0	36	104	56	20	4	4	152
68310288_zpid	68310288_zpid	10473	589 Olmstead Ave, Bronx, NY 10473	40.817504	-73.8511429	0.290884525553	3	0.414041895963	2	1.86755803428	0	7	4	3400	495000	46	2482	2005	44	11	20	13	7	14	10	8	15	8	6	54
30786794_zpid	30786794_zpid	11234	2130 Hendrickson St, Brooklyn, NY 11234	40.610186	-73.924786	0.460731756415	1	1.17482380928	0	2.79635551166	0	3	4	2916	850000	6	4000	1960	24	36	12	28	16	116	92	68	56	16	28	312
30788580_zpid	30788580_zpid	11234	2530 E 65th St, Brooklyn, NY 11234	40.609245	-73.908758	0.807783255848	0	0.891610473802	0	4.13757531806	0	3	3	2664	514000	168	4000	1960	2	5	2	3	2	15	8	12	15	2	1	28
30598097_zpid	30598097_zpid	11233	2270 Atlantic Ave, Brooklyn, NY 11233	40.675986	-73.910221	0.123068199518	7	0.128227248694	3	0.282804692857	6	11	3	2112	466000	134	1667	1901	227	21	140	184	117	42	36	22	59	76	31	200
83047667_zpid	83047667_zpid	11229	3 Fane Ct, Brooklyn, NY 11229	40.5907671	-73.9269799	0.292408713816	2	1.07196398284	0	2.33733727523	0	3	4	1750	479350	4	1785	2005	1	7	1	11	1	1	24	9	20	2	3	34
30773086_zpid	30773086_zpid	11236	907 E 95th St, Brooklyn, NY 11236	40.6476169	-73.907603	0.346375816124	4	0.969624398766	0	0.497592606738	1	6	3	2160	217000	254	2600	1915	30	6	19	29	16	38	26	7	7	15	4	80
30622071_zpid	30622071_zpid	11222	328 Nassau Ave, Brooklyn, NY 11222	40.7261978	-73.9368436	0.424170098923	2	0.689823381502	1	1.23000889762	0	6	3	3750	1150000	7	1745	1931	16	7	12	19	10	8	21	11	17	3	8	69
30605252_zpid	30605252_zpid	11233	750 Halsey St, Brooklyn, NY 11233	40.684513	-73.923963	0.344652920817	9	0.56381447045	5	0.587274999357	3	5	3	2457	989000	0	1724	1899	165	72	106	117	87	16	18	13	45	64	19	208
30753224_zpid	30753224_zpid	11210	1128 E 28th St, Brooklyn, NY 11210	40.623402	-73.948493	0.209626189988	2	0.424333183771	2	1.05264631964	0	3	2.5	2052	845000	26	20	1925	62	4	32	24	23	46	30	7	31	6	2	82
2099535984_zpid	2099535984_zpid	10457	2292 Belmont Ave, Bronx, NY 10457	40.8526661	-73.8870487	0.147737799092	10	0.183484464846	2	1.02279292617	0	8	6	4053	629000	0	1267	2007	106	21	60	67	46	15	6	2	27	26	14	100
30788406_zpid	30788406_zpid	11234	2358 E 65th St, Brooklyn, NY 11234	40.612215	-73.907929	0.549951668251	3	0.573137254115	1	3.86797959057	0	4	3	3882	1130000	121	5100	1930	0	14	3	5	1	10	6	13	10	1	0	39
29842194_zpid	29842194_zpid	10461	1434 Edwards Ave, Bronx, NY 10461	40.839234	-73.837368	0.202874338312	4	0.689659464918	2	0.476747082704	2	3	1	1368	379000	11	993	1940	45	16	19	17	14	32	18	17	10	5	2	79
30631341_zpid	30631341_zpid	11207	104 Vanderveer St, Brooklyn, NY 11207	40.682165	-73.903138	0.283639847658	4	0.518125121843	1	0.170052371985	8	5	2	2340	357900	43	1742	1905	34	15	28	36	26	5	13	13	9	10	4	81
29850386_zpid	29850386_zpid	10464	23 Schofield St, Bronx, NY 10464	40.844501	-73.789148	0.346043783337	3	3.08977043783	0	3.32995355972	0	2	2	800	199000	4	1350	1920	16	12	4	5	3	1	35	10	5	2	21	38
29843532_zpid	29843532_zpid	10465	1362 Stadium Ave, Bronx, NY 10465	40.840424	-73.819564	0.626098313377	2	0.589436024106	2	1.30567909703	0	3	1.5	2445	460000	20	4302	1950	4	11	8	3	2	5	30	14	7	2	2	35
30732922_zpid	30732922_zpid	11224	3506 Neptune Ave, Brooklyn, NY 11224	40.576854	-74.001274	0.639833304308	1	0.080694898848	2	1.6956577627	0	4	2	1690	350000	3	2350	1920	51	19	14	36	13	5	22	10	18	14	1	61
30637517_zpid	30637517_zpid	11208	132 Shepherd Ave, Brooklyn, NY 11208	40.681648	-73.882497	0.121471822406	7	0.192541243505	3	0.209185299985	2	6	3	999	550000	13	2000	1920	312	136	208	244	212	200	128	96	144	100	60	620
30772010_zpid	30772010_zpid	11236	1360 E 88th St, Brooklyn, NY 11236	40.631503	-73.899175	0.55124223	3	0.296415756857	2	1.70167105827	0	6	4	2616	592250	22	3167	1960	200	56	92	100	36	248	96	40	96	36	36	308
30669575_zpid	30669575_zpid	11210	2616 Foster Ave, Brooklyn, NY 11210	40.638247	-73.951527	0.149705112004	5	0.277174334985	3	0.325488802529	2	3	3	1492	415000	8	948	1915	177	26	77	69	55	28	22	12	16	40	7	178
30642334_zpid	30642334_zpid	11208	143 Hemlock St, Brooklyn, NY 11208	40.686488	-73.871509	0.20076271298	6	0.271763861694	5	0.394301967978	3	7	3	3027	490000	130	3027	1910	380	160	268	352	200	312	160	64	232	180	32	784
30694380_zpid	30694380_zpid	11228	1063 73rd St, Brooklyn, NY 11228	40.624622	-74.011033	0.389679680414	6	0.386961696415	5	0.892975550505	0	5	3	3240	1200000	2	2000	1910	44	28	20	80	20	192	136	124	48	12	8	264
30694380_zpid	30694380_zpid	11228	1063 73rd St, Brooklyn, NY 11228	40.624622	-74.011033	0.389679680414	7	0.386961696415	5	0.892975550505	0	5	3	3240	1200000	2	2000	1910	44	28	20	80	20	192	136	124	48	12	8	264
30694546_zpid	30694546_zpid	11209	454 73rd St, Brooklyn, NY 11209	40.631248	-74.023133	0.135123596987	17	0.221195804596	4	0.261596618086	2	2	1	2200	439000	164	1810	1905	60	43	42	51	27	40	51	60	25	17	6	166
29853633_zpid	29853633_zpid	10471	217 W 260th St, Bronx, NY 10471	40.9076949	-73.897284	0.417009159502	5	0.418037179473	4	1.47606239551	0	3	2.5	1870	635000	11	4025	1940	11	8	6	10	6	16	26	8	14	2	4	39
30667356_zpid	30667356_zpid	11218	341 Westminster Rd, Brooklyn, NY 11218	40.640853	-73.966905	0.27111533288	8	0.218906817839	6	0.254725733494	3	6	3.5	2506	915000	46	5650	1899	77	35	36	37	16	39	21	26	15	7	5	126
30662382_zpid	30662382_zpid	11203	588 E 38th St, Brooklyn, NY 11203	40.640983	-73.941085	0.299897737966	3	0.617992163158	4	0.629081387654	1	6	3	3680	460000	4	4000	1925	440	28	260	256	244	152	84	24	84	100	32	440
30662382_zpid	30662382_zpid	11203	588 E 38th St, Brooklyn, NY 11203	40.640983	-73.941085	0.299897737966	4	0.617992163158	4	0.629081387654	1	6	3	3680	460000	4	4000	1925	440	28	260	256	244	152	84	24	84	100	32	440
30789154_zpid	30789154_zpid	11235	38 Brighton 2nd Pl, Brooklyn, NY 11235	40.5801302	-73.9660273	0.344878411953	6	0.389168210449	7	0.473711462245	3	4	2	4000	410100	147	435	1938	340	160	240	332	168	228	136	80	164	72	72	792
30789154_zpid	30789154_zpid	11235	38 Brighton 2nd Pl, Brooklyn, NY 11235	40.5801302	-73.9660273	0.0767620951633	7	0.389168210449	7	0.473711462245	3	4	2	4000	410100	147	435	1938	340	160	240	332	168	228	136	80	164	72	72	792
30787792_zpid	30787792_zpid	11234	446 Mayfair Dr S, Brooklyn, NY 11234	40.60778	-73.907504	1.00143619265	0	1.06524766798	0	4.20020093046	0	4	2	2310	849000	0	4293	1960	2	4	2	5	0	8	7	14	14	3	1	25
30658448_zpid	30658448_zpid	11203	62 E 43rd St, Brooklyn, NY 11203	40.654482	-73.937804	0.506244818126	3	0.59684115028	1	1.0730177935	0	10	5	3321	525000	22	3200	1931	91	13	58	46	40	53	30	8	27	33	6	99
30738096_zpid	30738096_zpid	11223	2298 E 4th St, Brooklyn, NY 11223	40.594065	-73.967409	0.100737395318	6	0.611973853836	1	0.549771659368	1	3	2	2000	470000	138	2310	1960	216	48	44	108	44	148	168	140	72	16	20	296
30770277_zpid	30770277_zpid	11236	1144 E 82nd St, Brooklyn, NY 11236	40.632244	-73.907447	0.588725613782	5	0.599411112896	2	1.67233680305	0	3	1	1680	310654	54	1600	1965	42	6	16	22	9	64	27	5	28	8	9	65
29840046_zpid	29840046_zpid	10470	4716 Richardson Ave, Bronx, NY 10470	40.904204	-73.85074	0.282611854587	5	0.0381587880436	2	0.120537319153	3	5	3	1745	350000	17	5000	1915	113	14	65	61	60	26	21	6	24	24	4	128
30782072_zpid	30782072_zpid	11234	2068 E 67th St, Brooklyn, NY 11234	40.61804	-73.910925	0.0706457146838	7	0.155906130736	1	3.27626041499	0	2	1	850	250000	168	2000	1930	17	12	12	15	7	21	21	12	21	2	6	71
29790433_zpid	29790433_zpid	10473	170 Newman Ave, Bronx, NY 10473	40.809259	-73.854022	0.678671641092	1	1.32708660429	0	2.7286922261	0	3	2	2086	350000	0	2400	1935	104	40	76	76	36	60	64	56	40	64	16	240
30758975_zpid	30758975_zpid	11234	1725 Schenectady Ave, Brooklyn, NY 11234	40.63046	-73.930732	0.253216864959	5	0.80742290508	0	1.45286363306	0	3	1.5	1584	135000	282	1350	1935	29	11	18	23	12	43	23	16	18	13	2	77
112499786_zpid	112499786_zpid	11231	108 Pioneer St, Brooklyn, NY 11231	40.678548	-74.010096	0.145882058585	4	0.107008969647	3	1.16863558934	0	4	3	2901	1675148	15	1667	2013	29	57	16	27	12	11	31	10	11	10	3	69
30781375_zpid	30781375_zpid	11234	1427 E 65th St, Brooklyn, NY 11234	40.619565	-73.914346	0.204861139297	6	0.490814743286	1	3.17744919361	0	6	5	3300	925000	0	4859	1965	19	10	9	13	6	24	28	13	22	3	6	90
30666462_zpid	30666462_zpid	11226	2409 Snyder Ave, Brooklyn, NY 11226	40.6488005	-73.9544292	0.439100983778	10	0.29419778586	6	0.468807155381	3	4	2	1152	312800	25	1132	1910	342	48	189	170	165	78	42	15	52	61	26	285
30793758_zpid	30793758_zpid	11229	6 Gotham Ave, Brooklyn, NY 11229	40.589009	-73.928111	0.504294019889	2	1.00854652633	0	2.214208894	0	3	1	2700	230000	206	1680	1920	1	3	1	13	1	1	23	9	18	1	3	31
29843748_zpid	29843748_zpid	10465	1481 Stadium Ave, Bronx, NY 10465	40.843552	-73.820687	0.759791652909	0	0.453653968091	1	1.06429536641	0	3	2.5	1900	535000	51	2500	1965	1	10	4	4	0	14	35	17	8	1	1	38
29785437_zpid	29785437_zpid	10460	2297 Southern Blvd, Bronx, NY 10460	40.850527	-73.882824	0.15846199426	9	0.457600946001	2	1.16274560717	0	4	4	3042	567500	94	2766	1925	392	52	180	176	252	32	16	12	40	76	36	312
30756042_zpid	30756042_zpid	11234	1535 Marine Pkwy, Brooklyn, NY 11234	40.614565	-73.943744	0.204898617593	2	0.446069486439	3	1.35791884648	0	4	3	2200	365500	159	1825	1940	6	6	3	10	3	19	11	11	18	3	1	52
79719614_zpid	79719614_zpid	11221	1075 Willoughby Ave, Brooklyn, NY 11221	40.700484	-73.92684	0.0982911477925	16	0.190810539474	4	0.296190489611	2	9	6	4800	1625000	0	2010	2005	188	100	104	156	104	128	48	40	76	84	52	332
30663306_zpid	30663306_zpid	11203	729 E 42nd St, Brooklyn, NY 11203	40.637433	-73.93631	0.518454111295	3	0.88832048854	0	1.06041197494	0	4	3	2165	464400	14	1760	1930	64	36	28	44	36	120	64	16	48	40	20	216
30663306_zpid	30663306_zpid	11203	729 E 42nd St, Brooklyn, NY 11203	40.637433	-73.93631	0.518454111295	2	0.88832048854	0	1.06041197494	0	4	3	2165	464400	14	1760	1930	64	36	28	44	36	120	64	16	48	40	20	216
30592677_zpid	30592677_zpid	11216	583 Lincoln Pl, Brooklyn, NY 11216	40.671517	-73.956997	0.0714829351404	14	0.461484397725	5	0.133443806798	6	1	1	547	1100000	39	1629	1910	122	26	68	80	73	12	17	6	18	27	17	108
79711956_zpid	79711956_zpid	10456	362 E 167th St, Bronx, NY 10456	40.8307982	-73.9120972	0.0385095474771	10	0.229801523261	7	0.619763289134	2	6	3	42	670000	111	2178	2007	452	52	202	217	247	34	35	9	88	90	28	316
30702669_zpid	30702669_zpid	11219	1348 Bay Ridge Ave, Brooklyn, NY 11219	40.622829	-74.002934	0.130495374888	9	0.313397960478	3	0.498347006791	3	7	4	4158	1220000	13	3998	1930	168	36	52	60	36	132	164	140	48	20	52	292
30744964_zpid	30744964_zpid	11229	2161 E 26th St, Brooklyn, NY 11229	40.598554	-73.9450899	0.297289453876	6	0.217400468522	3	0.919909870474	0	2	2	1400	410000	124	1600	1940	24	16	13	16	16	33	38	28	26	5	6	125
30607005_zpid	30607005_zpid	11206	117 Vernon Ave, Brooklyn, NY 11206	40.69505	-73.947433	0.135892331332	7	0.519083741726	5	0.142870236869	3	1	1	3200	475000	117	2000	1899	108	36	73	106	54	53	20	42	30	32	29	156
30624751_zpid	30624751_zpid	11206	30 Park St, Brooklyn, NY 11206	40.699713	-73.937904	0.203120062937	10	0.190642368299	6	0.278655563314	2	5	6	2200	249900	36	2208	1920	61	68	30	42	24	21	37	19	34	18	8	189
