30781460_zpid	30781460_zpid	11234	1434 E 69th St, Brooklyn, NY 11234	40.621298	-73.9119599	0.433826434607	6	0.500526237738	1	2.94900063475	0	2	1	3254	350000	224	3600	1986	22	3	10	15	6	45	25	22	22	4	7	84
94718507_zpid	94718507_zpid	11239	607 Vandalia Ave, Brooklyn, NY 11239	40.6571227	-73.8704997	0.419229351889	2	0.289419132629	2	1.51311704033	0	2	1	2467	419656	60	1900	2010	1	0	0	0	0	0	1	2	2	0	0	12
30729992_zpid	30729992_zpid	11214	81 Bay 40th St, Brooklyn, NY 11214	40.595787	-73.987832	0.247160978864	7	0.20025730807	6	0.229623334442	1	7	3	4334	830000	49	2594	1950	15	11	10	12	6	25	26	20	16	5	3	53
30739989_zpid	30739989_zpid	11223	18 Manhattan Ct, Brooklyn, NY 11223	40.587758	-73.96714	0.370491176867	5	0.424799582723	1	0.635787640862	1	4	3.5	2848	770000	48	2003	2000	208	40	36	60	16	64	108	92	48	4	20	236
30704463_zpid	30704463_zpid	11204	1674 72nd St, Brooklyn, NY 11204	40.6166709	-73.997221	0.240560907894	8	0.287404801195	5	0.353264939823	3	3	2	1925	749000	0	1750	1940	116	60	60	176	56	140	88	96	64	24	24	320
30704463_zpid	30704463_zpid	11204	1674 72nd St, Brooklyn, NY 11204	40.6166709	-73.997221	0.240560907894	9	0.287404801195	5	0.353264939823	3	3	2	1925	749000	0	1750	1940	116	60	60	176	56	140	88	96	64	24	24	320
30625445_zpid	30625445_zpid	11221	165 Central Ave, Brooklyn, NY 11221	40.699017	-73.926322	0.0150935483267	17	0.0925603698867	5	0.157816612322	3	2	1	4125	550000	107	2700	1931	102	47	46	68	41	37	18	14	31	29	18	147
30757005_zpid	30757005_zpid	11234	1621 E 35th St, Brooklyn, NY 11234	40.615505	-73.9386509	0.253572249659	3	0.216140722226	2	1.76893841779	0	3	2	1064	575000	17	1800	1925	52	56	44	76	24	148	108	88	148	32	12	400
30788059_zpid	30788059_zpid	11234	158 Barlow Dr S, Brooklyn, NY 11234	40.608405	-73.906274	0.996353724729	0	1.01851996883	0	4.274233142	0	5	4.5	3675	990000	65	5000	1960	2	2	1	7	0	4	9	9	10	2	1	22
30571401_zpid	30571401_zpid	11217	214 Wyckoff St, Brooklyn, NY 11217	40.683917	-73.986078	0.11738523731	12	0.259871437207	1	0.473917886702	7	3	2	3024	2995000	0	1800	1899	31	68	6	35	11	42	46	22	15	15	11	127
30593280_zpid	30593280_zpid	11213	809 Eastern Pkwy, Brooklyn, NY 11213	40.669821	-73.94143	0.105190019167	10	0.108883542684	7	0.102602748165	2	5	3	3000	1150000	6	2411	1905	248	55	109	120	127	43	49	22	34	54	33	255
30579971_zpid	30579971_zpid	11215	266 17th St, Brooklyn, NY 11215	40.662861	-73.990333	0.117281682688	15	0.364065783282	6	0.355997053248	2	5	3	2000	1205000	17	2079	1920	58	65	17	51	18	38	55	15	23	13	15	167
30602786_zpid	30602786_zpid	11221	482 Van Buren St, Brooklyn, NY 11221	40.691432	-73.92915	0.130749396431	9	0.222362618934	3	0.21450326551	3	2	1	1300	310000	67	1750	1899	198	83	95	133	130	49	37	17	41	53	35	295
30671895_zpid	30671895_zpid	11218	1266 36th St, Brooklyn, NY 11218	40.642418	-73.9853289	0.404455656004	6	0.221985780018	8	0.51036405611	1	4	2	2400	950000	2	1553	1931	44	17	34	48	27	60	59	53	8	13	3	150
30767591_zpid	30767591_zpid	11236	684 E 77th St, Brooklyn, NY 11236	40.635673	-73.917591	0.296632256828	6	0.312562110218	3	1.80615421545	0	7	4.5	3450	255000	310	2000	1990	18	7	18	9	8	18	22	8	10	5	5	56
30700834_zpid	30700834_zpid	11209	148 91st St, Brooklyn, NY 11209	40.620693	-74.036441	0.323640386277	7	0.365491186501	3	0.667951747349	2	2	3	1808	1050000	16	2613	1925	76	34	22	39	22	40	38	21	13	4	6	126
29778906_zpid	29778906_zpid	10456	595 E 164th St, Bronx, NY 10456	40.825157	-73.906738	0.101389071663	7	0.260739105206	7	0.718568755774	2	5	2	2160	525000	104	1650	1901	204	21	77	72	60	32	13	5	23	25	21	148
30782888_zpid	30782888_zpid	11234	2219 E 73rd St, Brooklyn, NY 11234	40.618855	-73.903532	0.611833530748	1	0.528365525554	1	3.09783116862	0	3	4	2508	969000	0	4000	1940	44	24	24	40	20	56	72	40	68	12	12	228
30599222_zpid	30599222_zpid	11233	806 Halsey St, Brooklyn, NY 11233	40.684778	-73.921725	0.20607562965	8	0.489429525443	5	0.469330986634	3	5	3	2169	865000	12	1808	1899	163	44	111	119	96	14	25	14	42	68	14	215
29783763_zpid	29783763_zpid	10459	1411 Vyse Ave, Bronx, NY 10459	40.8304479	-73.8900479	0.517527870706	3	0.274726946622	6	0.154516409682	2	10	3	3414	435000	15	2500	1901	178	36	53	99	70	32	22	6	22	28	21	145
30655649_zpid	30655649_zpid	11203	648 E 48th St, Brooklyn, NY 11203	40.645688	-73.931967	0.431020890717	8	0.49045159514	2	1.4367189581	0	6	3	1556	576000	18	2500	1950	53	18	16	18	18	40	21	6	11	13	8	102
30570474_zpid	30570474_zpid	11231	59 Rapelye St, Brooklyn, NY 11231	40.681076	-74.003994	0.123321788969	13	0.275839951918	4	0.816192886766	0	6	3	3217	1150000	23	1950	1931	29	47	19	41	18	16	41	32	7	11	9	130
30635864_zpid	30635864_zpid	11207	573 Alabama Ave, Brooklyn, NY 11207	40.661972	-73.895942	0.41114612738	2	0.203676748471	5	0.30934660258	5	6	4	2320	561000	21	2500	1910	217	13	121	107	122	26	50	13	35	52	12	221
29816451_zpid	29816451_zpid	10461	1516 Mcdonald St, Bronx, NY 10461	40.8552521	-73.8432663	0.736040590978	2	1.1126853681	0	1.10236742195	0	3	1.5	1660	222000	188	4390	1956	25	3	8	12	17	3	9	4	6	4	5	53
29833639_zpid	29833639_zpid	10466	1019 E 229th St # A, Bronx, NY 10466	40.887802	-73.8494141	0.303104320245	7	0.207265377253	3	0.905582904148	0	3	2	1392	477000	121	1751	1950	72	10	40	26	21	81	18	5	31	15	12	73
2112596495_zpid	2112596495_zpid	11220	247 60th St, Brooklyn, NY 11220	40.642945	-74.021389	0.317547455651	8	0.31976475734	5	0.344754495402	2	12	6	3630	1550000	0	2001	1910	364	112	156	200	168	144	180	100	136	84	16	540
29850277_zpid	29850277_zpid	10464	96 Winters St, Bronx, NY 10464	40.843431	-73.785829	0.0422681288085	3	3.37235924866	0	3.63187710396	0	3	1	1674	360000	15	2375	1960	72	56	20	32	12	8	136	44	40	12	88	176
30753237_zpid	30753237_zpid	11210	1176 E 28th St, Brooklyn, NY 11210	40.622318	-73.948291	0.302251011048	3	0.315491041605	2	1.07456247594	0	3	3	1300	795500	5	2700	1925	62	4	32	25	23	38	30	8	33	6	1	80
30761575_zpid	30761575_zpid	11210	36 Hubbard Pl, Brooklyn, NY 11210	40.624746	-73.93728	0.158048801258	1	0.830220545139	0	1.25595533265	0	3	1	1899	400000	13	4000	1915	248	28	108	136	76	136	136	56	84	44	36	276
30761575_zpid	30761575_zpid	11210	36 Hubbard Pl, Brooklyn, NY 11210	40.624746	-73.93728	0.158048801258	2	0.830220545139	0	1.25595533265	0	3	1	1899	400000	13	4000	1915	248	28	108	136	76	136	136	56	84	44	36	276
30781257_zpid	30781257_zpid	11234	1442 E 63rd St, Brooklyn, NY 11234	40.618556	-73.916421	0.10191438872	7	0.610176483563	1	3.07979670987	0	3	1	1156	385000	10	2500	1920	12	8	6	7	5	22	21	9	22	3	5	99
30602775_zpid	30602775_zpid	11221	460 Van Buren St, Brooklyn, NY 11221	40.691339	-73.929915	0.180296293918	10	0.269228308382	3	0.241563376387	2	5	4	2500	1250000	0	2000	1899	190	85	96	127	126	51	36	17	41	53	38	282
30775020_zpid	30775020_zpid	11236	968 E 108th St, Brooklyn, NY 11236	40.647491	-73.891361	0.0957360991712	3	0.0653862193156	4	0.767144554878	0	3	3	1540	450500	65	2000	1955	30	5	11	13	9	14	8	1	9	3	7	52
30780338_zpid	30780338_zpid	11234	1268 E 69th St, Brooklyn, NY 11234	40.623774	-73.914799	0.464438221904	4	0.764392059436	0	2.77196019624	0	7	5	3562	830000	4	4475	1965	80	16	40	48	24	224	84	100	76	36	28	392
30776893_zpid	30776893_zpid	11236	10531 Flatlands 4th St, Brooklyn, NY 11236	40.643849	-73.889163	0.538485643083	2	0.503434648202	3	1.11616686674	0	5	2.5	3025	500000	33	2200	1960	40	3	11	14	12	17	11	2	14	9	6	48
30757714_zpid	30757714_zpid	11234	1768 E 37th St, Brooklyn, NY 11234	40.613745	-73.934893	0.377095371693	4	0.256091403945	2	2.01765291231	0	2	1.5	1064	375000	49	1742	1927	4	16	5	10	3	26	29	20	33	4	2	65
30760889_zpid	30760889_zpid	11234	1431 E 48th St, Brooklyn, NY 11234	40.626201	-73.929315	0.254586567854	9	0.332839912515	1	1.71549088204	0	3	1.75	1408	535000	8	2500	1920	136	60	60	96	52	180	112	68	92	12	12	336
30583915_zpid	30583915_zpid	11215	375 5th St, Brooklyn, NY 11215	40.671089	-73.98272	0.0878115834469	16	0.320637517465	6	0.472068158281	4	6	8.5	4400	1985000	14	2100	1899	244	324	108	200	108	104	248	160	116	60	92	964
30583915_zpid	30583915_zpid	11215	375 5th St, Brooklyn, NY 11215	40.671089	-73.98272	0.0878115834469	16	0.320637517465	5	0.472068158281	4	6	8.5	4400	1985000	14	2100	1899	244	324	108	200	108	104	248	160	116	60	92	964
29785647_zpid	29785647_zpid	10457	2095 Tiebout Ave, Bronx, NY 10457	40.852791	-73.89922	0.0774808849531	10	0.187097188301	9	0.389247933093	5	4	3	1320	290000	29	1600	1910	421	37	187	194	193	30	24	16	61	68	27	299
30571774_zpid	30571774_zpid	11231	101 Douglass St, Brooklyn, NY 11231	40.683152	-73.99101	0.257349044519	13	0.287157590386	3	0.333413387907	2	4	3	2100	900000	32	2000	1901	9	29	2	21	9	13	28	17	15	2	2	83
29846606_zpid	29846606_zpid	10465	246 Throggs Neck Blvd, Bronx, NY 10465	40.818609	-73.812959	0.364118776018	4	0.423670407473	1	3.43155437134	0	4	3	1890	465000	91	2613	1939	6	12	1	8	5	14	21	11	12	6	9	61
30651451_zpid	30651451_zpid	11212	219 E 91st St, Brooklyn, NY 11212	40.659554	-73.925816	0.279218153042	10	0.423232667958	5	0.635515244613	1	5	2	2240	540000	117	2483	1930	426	13	153	178	138	42	15	6	34	53	23	227
30729374_zpid	30729374_zpid	11214	2383 82nd St, Brooklyn, NY 11214	40.601768	-73.986982	0.0835090689867	9	0.324093067206	5	0.452587200853	3	3	2.5	1890	928000	10	3000	1925	75	13	20	35	28	54	28	26	16	8	4	96
30572994_zpid	30572994_zpid	11231	123 3rd St, Brooklyn, NY 11231	40.6770349	-73.991517	0.230850164241	8	0.331100766122	2	0.475774368403	4	6	3	2380	505000	128	1574	1899	48	68	0	64	32	44	108	108	56	4	0	256
30697607_zpid	30697607_zpid	11228	7924 10th Ave, Brooklyn, NY 11228	40.621665	-74.017137	0.665333567455	5	0.646320031025	4	0.958260486546	0	3	1.5	2500	892000	9	2500	1915	14	7	6	12	5	21	47	23	17	2	4	40
30794202_zpid	30794202_zpid	11229	109 Eaton Ct, Brooklyn, NY 11229	40.589596	-73.92448	0.190490638031	2	1.29608153905	0	2.52656358205	0	3	1	1059	389000	0	1800	1925	1	6	1	17	0	1	31	11	22	1	4	36
30754159_zpid	30754159_zpid	11210	2805 Avenue M, Brooklyn, NY 11210	40.619636	-73.947207	0.57504381969	3	0.121684909762	2	1.05440936065	0	4	2	1604	600000	37	2700	1930	14	3	4	16	4	28	26	6	20	1	1	47
29843332_zpid	29843332_zpid	10465	3195 Parsifal Pl, Bronx, NY 10465	40.839521	-73.821312	0.528018879879	2	0.488605924318	2	1.24782602245	0	3	1.5	1280	485000	26	2500	1930	4	11	8	2	5	4	29	15	9	2	2	34
30602464_zpid	30602464_zpid	11221	862 Lafayette Ave, Brooklyn, NY 11221	40.691152	-73.938079	0.147234660384	10	0.349975954053	5	0.704356426666	1	6	5	3300	1450000	2	2000	1899	199	55	100	138	86	35	27	13	41	55	32	227
30571284_zpid	30571284_zpid	11201	273 Warren St, Brooklyn, NY 11201	40.686184	-73.992657	0.131132484679	17	0.369814522847	4	0.151582899586	4	4	3	2144	2699000	8	1325	1901	41	67	10	47	8	18	47	27	19	10	6	160
30611520_zpid	30611520_zpid	11213	10 Alice Ct, Brooklyn, NY 11213	40.678305	-73.940306	0.209150036734	8	0.315699750145	7	0.18583020536	2	2	1	1920	335000	168	1240	1899	120	25	63	65	53	23	17	5	25	27	11	134
79726984_zpid	79726984_zpid	11221	135 Malcolm X Blvd, Brooklyn, NY 11221	40.6889248	-73.9300445	0.301481207033	11	0.262342758454	3	0.502569722766	2	7	5	2800	820000	13	1150	2006	212	51	110	152	120	58	36	14	35	65	36	268
30793779_zpid	30793779_zpid	11229	3 Ira Ct, Brooklyn, NY 11229	40.590043	-73.928113	0.402955906644	2	0.984981738051	0	2.2291926537	0	2	1	684	250000	18	1785	1945	1	3	1	12	1	1	20	8	18	1	3	30
30780531_zpid	30780531_zpid	11234	1222 Bergen Ave, Brooklyn, NY 11234	40.62708	-73.912948	0.785464121426	0	0.595741479386	1	2.37209074408	0	9	5	2950	535600	135	2167	1970	18	3	8	7	6	44	7	18	11	5	5	53
30716540_zpid	30716540_zpid	11230	1078 E 10th St, Brooklyn, NY 11230	40.6227609	-73.966109	0.0834122140492	4	0.191489837104	5	0.529460409666	1	4	1	2739	1410000	9	4000	1925	85	14	33	45	35	37	50	26	22	14	5	127
83043102_zpid	83043102_zpid	11213	403 Herkimer St, Brooklyn, NY 11213	40.67932	-73.939937	0.0966261191674	10	0.21858455865	6	0.102573575167	2	3	2	4240	597000	35	2000	2005	75	15	45	50	41	19	15	4	20	18	8	100
30618398_zpid	30618398_zpid	11211	260 N 9th St, Brooklyn, NY 11211	40.7166	-73.9532399	0.18087128791	16	0.303873872848	4	0.339161653795	3	2	2	1121	899000	13	2500	1899	220	612	88	264	76	144	152	88	56	44	68	744
30618398_zpid	30618398_zpid	11211	260 N 9th St, Brooklyn, NY 11211	40.7166	-73.9532399	0.18087128791	14	0.303873872848	4	0.339161653795	3	2	2	1121	899000	13	2500	1899	220	612	88	264	76	144	152	88	56	44	68	744
30626384_zpid	30626384_zpid	11221	898 Bushwick Ave, Brooklyn, NY 11221	40.6933328	-73.9253934	0.241338613782	10	0.203424313315	5	0.288712664255	3	7	4	3135	617500	12	2430	1899	204	79	84	114	103	52	42	20	49	43	25	291
30790126_zpid	30790126_zpid	11235	2922 Brighton 12th St, Brooklyn, NY 11235	40.581446	-73.955855	0.177760265629	11	0.327805406317	8	0.62234466367	2	5	2	22000	561500	125	2200	1940	968	188	232	332	208	276	192	120	164	112	72	808
30790126_zpid	30790126_zpid	11235	2922 Brighton 12th St, Brooklyn, NY 11235	40.581446	-73.955855	0.177760265629	10	0.327805406317	8	0.62234466367	2	5	2	22000	561500	125	2200	1940	968	188	232	332	208	276	192	120	164	112	72	808
30614843_zpid	30614843_zpid	11238	206 Lefferts Pl, Brooklyn, NY 11238	40.680074	-73.956308	0.0982139152849	10	0.170888366149	6	0.070890619848	5	1	1	2756	675000	111	1800	1899	86	109	50	68	48	40	30	20	20	18	24	164
30655363_zpid	30655363_zpid	11236	639 E 91st St, Brooklyn, NY 11236	40.651383	-73.9167	0.149779392704	7	0.456675964089	1	1.12142976272	0	2	1	1809	510000	111	2217	1930	45	4	19	27	20	39	24	8	11	13	4	81
30762911_zpid	30762911_zpid	11234	4717 Avenue M, Brooklyn, NY 11234	40.621445	-73.929373	0.22359335914	8	0.328835145032	2	1.99757796471	0	3	3	3000	175000	278	2202	1930	12	36	1	18	9	40	40	19	19	7	2	151
30753779_zpid	30753779_zpid	11210	1264 E 38th St, Brooklyn, NY 11210	40.623398	-73.938804	0.0554786749799	2	0.651073365522	2	1.28894301309	0	3	1	1092	480000	122	2233	1930	244	28	108	128	80	184	140	52	88	44	32	272
30753779_zpid	30753779_zpid	11210	1264 E 38th St, Brooklyn, NY 11210	40.623398	-73.938804	0.0554786749799	3	0.651073365522	2	1.28894301309	0	3	1	1092	480000	122	2233	1930	244	28	108	128	80	184	140	52	88	44	32	272
2105692643_zpid	2105692643_zpid	11211	227 Leonard St # 1, Brooklyn, NY 11211	40.711624	-73.947502	0.125808051029	11	0.0808672784917	5	0.303085751538	6	2	2	2500	2200000	0	1250	1930	47	122	32	54	33	31	48	12	20	10	10	196
30626664_zpid	30626664_zpid	11237	1303 Greene Ave, Brooklyn, NY 11237	40.6983394	-73.9194606	0.178667121604	12	0.395266269708	7	0.0418603925346	5	4	2	984	990000	19	3793	1920	193	82	126	182	126	20	26	15	77	78	25	264
30737931_zpid	30737931_zpid	11223	2252 E 1st St, Brooklyn, NY 11223	40.5938329	-73.970177	0.347945579853	3	0.717672670994	1	0.365900141291	3	3	2	1728	720000	7	2000	1930	50	8	18	31	13	47	42	38	26	7	6	118
30731075_zpid	30731075_zpid	11214	158 Bay 44th St, Brooklyn, NY 11214	40.591377	-73.988386	0.31120505714	5	0.690071588309	1	0.481965337719	2	4	2.25	2476	650000	17	1998	1950	48	32	44	72	12	72	136	84	104	28	20	264
29793889_zpid	29793889_zpid	10473	2250 Turnbull Ave, Bronx, NY 10473	40.824095	-73.846652	0.501973639282	3	0.443942917827	2	1.21034813998	0	3	2	1968	442500	126	6000	1930	20	12	13	7	5	22	10	4	10	4	5	47
30773335_zpid	30773335_zpid	11236	938 E 96th St, Brooklyn, NY 11236	40.6471469	-73.906389	0.231578143571	3	0.952239189657	0	0.387281288067	2	8	3	2160	659000	0	2600	1970	128	24	76	120	64	200	100	24	28	64	24	312
29816891_zpid	29816891_zpid	10461	2890 E 195th St, Bronx, NY 10461	40.852897	-73.831511	0.171529156333	6	0.279407975179	1	0.372308154359	2	3	1	3550	557500	11	2500	1965	61	15	14	17	22	31	23	19	12	6	5	55
30788555_zpid	30788555_zpid	11234	2536 E 64th St, Brooklyn, NY 11234	40.60931	-73.909818	0.764383406341	0	0.883331886266	0	4.05330675762	0	4	3	2444	899000	0	4092	1960	2	5	2	5	2	18	9	22	21	2	1	32
30599736_zpid	30599736_zpid	11233	477 Bainbridge St, Brooklyn, NY 11233	40.682705	-73.917817	0.0752348821569	7	0.439742742876	4	0.415468479538	3	4	2	3300	645000	106	2000	1899	229	48	150	174	134	29	41	12	59	95	21	269
2110550388_zpid	2110550388_zpid	11206	52 Vernon Ave # 2, Brooklyn, NY 11206	40.694277	-73.95004	0.132675885514	7	0.450676784809	5	0.160633529118	3	3	1	3779	1949000	0	1800	1905	65	24	53	85	40	28	15	16	27	20	19	121
79723967_zpid	79723967_zpid	11233	52 Mother Gaston Blvd, Brooklyn, NY 11233	40.680109	-73.908678	0.229176483167	5	0.275678630683	4	0.252289335634	8	4	2	2932	470000	34	1000	2005	176	18	139	157	108	33	33	12	45	66	22	164
30678642_zpid	30678642_zpid	11230	18 Avenue J, Brooklyn, NY 11230	40.6234295	-73.9760476	0.285434001296	5	0.362016778003	3	0.210778922097	3	4	2	1624	950000	0	2000	1915	23	9	5	16	4	12	19	34	6	1	3	43
30646797_zpid	30646797_zpid	11207	727 New Jersey Ave, Brooklyn, NY 11207	40.661523	-73.89143	0.129267738437	4	0.185396553742	5	0.453454216781	3	5	3	2988	263000	170	2000	1910	259	17	157	142	137	27	49	12	48	84	18	269
30632733_zpid	30632733_zpid	11212	739 Thomas S Boyland St, Brooklyn, NY 11212	40.662563	-73.911539	0.21584610783	6	0.288998047751	6	0.22260352215	2	6	2	2400	430000	67	2400	1930	384	40	352	212	164	144	156	56	112	56	44	452
30667383_zpid	30667383_zpid	11218	279 Argyle Rd, Brooklyn, NY 11218	40.642459	-73.966258	0.247171321546	8	0.284032179404	3	0.246835313167	2	5	3	2973	1750000	22	5000	1925	33	26	25	23	17	28	14	15	8	4	6	103
30631296_zpid	30631296_zpid	11207	74 De Sales Pl, Brooklyn, NY 11207	40.68245	-73.904013	0.20333060883	3	0.442645846589	1	0.0965023966018	8	8	4	3028	590000	25	2492	1911	184	64	160	196	132	44	68	56	40	72	20	392
30612505_zpid	30612505_zpid	11205	254 Dekalb Ave, Brooklyn, NY 11205	40.689239	-73.968756	0.263912222525	10	0.319492662066	3	0.268620271939	5	1	1	800	155000	215	1363	1905	49	58	22	35	19	38	21	8	21	16	11	118
30676392_zpid	30676392_zpid	11230	270 Parkville Ave, Brooklyn, NY 11230	40.631713	-73.969202	0.374941419176	9	0.260498732694	6	0.658632439186	3	3	3	1200	250000	167	1503	1925	83	37	45	41	44	60	41	53	26	16	12	157
29785784_zpid	29785784_zpid	10458	2347 Valentine Ave, Bronx, NY 10458	40.858204	-73.897921	0.134737958357	10	0.190124236524	11	0.334061024904	5	6	2	2280	479000	114	2356	1992	378	18	187	169	201	16	15	10	35	67	19	264
30673354_zpid	30673354_zpid	11218	827 Beverley Rd, Brooklyn, NY 11218	40.64392	-73.970802	0.101485966282	12	0.416287676563	4	0.533583911304	3	6	2	2400	1125000	15	4400	1910	133	42	46	68	41	43	28	22	27	15	8	174
30692590_zpid	30692590_zpid	11220	536 Bay Ridge Ave, Brooklyn, NY 11220	40.6329269	-74.0200665	0.068655863309	15	0.356699749353	7	0.360262842649	2	2	2.5	1152	499000	134	1938	1920	120	100	44	56	44	88	120	48	40	28	20	300
29777705_zpid	29777705_zpid	10455	372 E 155th St, Bronx, NY 10455	40.820268	-73.917073	0.240867932647	5	0.174394167194	10	0.466549999199	2	9	3	4290	335000	40	2482	1920	39	18	14	29	19	12	13	1	6	4	8	108
30603052_zpid	30603052_zpid	11221	554 Lexington Ave, Brooklyn, NY 11221	40.688905	-73.938057	0.277231918163	7	0.213625852248	4	0.92337628757	0	5	3	2001	950000	13	1667	1899	936	224	464	688	388	168	156	56	176	264	132	1056
30603052_zpid	30603052_zpid	11221	554 Lexington Ave, Brooklyn, NY 11221	40.688905	-73.938057	0.277231918163	6	0.213625852248	4	0.92337628757	0	5	3	2001	950000	13	1667	1899	936	224	464	688	388	168	156	56	176	264	132	1056
30784165_zpid	30784165_zpid	11234	1872 E 38th St, Brooklyn, NY 11234	40.612445	-73.932247	0.254615750507	3	0.497686441481	1	2.20111161676	0	3	2	1600	569000	2	2073	1925	16	112	8	20	4	64	132	120	116	8	12	232
79714803_zpid	79714803_zpid	10459	798 Freeman St, Bronx, NY 10459	40.8301043	-73.8982801	0.252735152844	6	0.275554677206	10	0.542726275185	1	8	4	3768	499000	27	2308	2005	163	79	87	108	90	18	14	4	22	43	19	138
30580989_zpid	30580989_zpid	11232	613 40th St, Brooklyn, NY 11232	40.6492689	-74.001654	0.274836558432	8	0.262431891113	6	0.627003055796	3	5	3	3000	1650000	0	2504	1910	74	51	20	31	25	34	26	11	10	12	6	87
30567440_zpid	30567440_zpid	11201	118 Willow St, Brooklyn, NY 11201	40.697532	-73.995989	0.203163173376	13	0.27520115448	3	0.245118389849	4	9	7	7200	5000000	81	2500	1850	43	84	18	22	17	7	45	20	20	6	12	127
30764760_zpid	30764760_zpid	11234	1463 E 55th St, Brooklyn, NY 11234	40.620933	-73.921932	0.285470439299	11	0.532730363049	1	2.54442133598	0	3	1.5	1430	385000	15	2000	1925	10	25	9	13	11	39	28	15	20	8	9	129
30607578_zpid	30607578_zpid	11206	168 Tompkins Ave, Brooklyn, NY 11206	40.6931838	-73.9462089	0.011214020828	8	0.372792263169	2	0.350051955297	2	6	4	2260	350000	32	2400	1931	98	34	72	102	54	33	19	38	29	33	22	146
30589686_zpid	30589686_zpid	11238	570 Bergen St, Brooklyn, NY 11238	40.679661	-73.970917	0.227882347449	18	0.297686920495	6	0.282123076551	5	6	7.5	4715	1050000	99	2358	1901	72	54	24	39	19	14	34	17	19	10	10	106
30789599_zpid	30789599_zpid	11235	3014 Brighton 6th St, Brooklyn, NY 11235	40.579143	-73.962343	0.194501376713	9	0.187072610597	5	0.187622807293	2	5	2	1000	350000	145	2000	1925	740	280	312	400	216	300	212	124	208	128	116	1152
30789599_zpid	30789599_zpid	11235	3014 Brighton 6th St, Brooklyn, NY 11235	40.579143	-73.962343	0.194501376713	8	0.187072610597	5	0.187622807293	2	5	2	1000	350000	145	2000	1925	740	280	312	400	216	300	212	124	208	128	116	1152
30630630_zpid	30630630_zpid	11207	23 Cooper St, Brooklyn, NY 11207	40.684214	-73.911235	0.0571643351759	10	0.162298583515	3	0.161086873557	4	6	5	3916	420000	19	1958	1910	412	112	356	480	292	80	128	48	104	184	64	656
30662969_zpid	30662969_zpid	11203	871 E 46th St, Brooklyn, NY 11203	40.64005	-73.932763	0.190004152789	7	1.11885493824	0	1.32183588487	0	1	2	1664	350000	59	1999	1930	148	52	56	84	52	204	112	48	100	60	24	444
30738840_zpid	30738840_zpid	11223	2347 E 1st St, Brooklyn, NY 11223	40.591616	-73.969193	0.093336034582	6	0.685101026101	1	0.481782616386	2	5	3	1952	910000	5	2000	1920	42	11	17	23	10	44	41	39	15	5	5	98
30591787_zpid	30591787_zpid	11216	835 Prospect Pl, Brooklyn, NY 11216	40.674489	-73.948811	0.125101411146	11	0.092875898981	7	0.436008454084	4	4	4	3008	1150000	28	1583	1905	341	89	176	221	198	40	33	8	55	77	36	286
30777687_zpid	30777687_zpid	11236	10522 Flatlands 5th St, Brooklyn, NY 11236	40.642257	-73.887844	0.747310474936	1	0.603855069204	3	1.2802838135	0	4	3.5	2475	560000	17	4300	1970	68	8	36	32	32	32	40	16	52	28	24	160
30650182_zpid	30650182_zpid	11208	797 Fountain Ave, Brooklyn, NY 11208	40.660917	-73.866964	0.719837674397	3	0.428821037715	3	1.53629757415	0	7	4	2964	600000	12	5234	2008	60	16	8	20	8	24	60	8	16	16	4	104
30620472_zpid	30620472_zpid	11222	188 Guernsey St, Brooklyn, NY 11222	40.7271393	-73.9545658	0.0774630799896	17	0.15575383787	4	0.337408843937	2	3	2	1726	725000	51	2482	1901	59	82	22	48	25	42	35	26	21	14	11	174
30774346_zpid	30774346_zpid	11236	1175 E 94th St, Brooklyn, NY 11236	40.641937	-73.902535	0.281027894755	7	0.687237392441	1	0.528272098758	1	8	3.5	2488	645000	8	3090	1925	56	10	23	23	21	61	26	9	18	17	8	98
