30596130_zpid	30596130_zpid	11233	1374 Saint Marks Ave, Brooklyn, NY 11233	40.673505	-73.923021	0.450336877403	5	0.431956047396	3	0.596332083474	1	5	3	2430	465000	27	1875	1910	179	28	110	97	90	20	19	4	34	35	17	165
29827969_zpid	29827969_zpid	10469	1008 E 211th St, Bronx, NY 10469	40.87517	-73.857272	0.0970834410068	6	0.773515976415	0	0.81197144614	0	4	3	1966	519000	0	1881	1945	232	16	104	148	88	168	88	24	124	92	60	316
30588669_zpid	30588669_zpid	11215	50 Prospect Park SW, Brooklyn, NY 11215	40.659252	-73.9768689	0.130400641144	11	0.282952361365	4	0.295308640954	1	4	2	2225	985000	146	2125	1901	32	28	13	18	15	12	12	6	11	2	5	51
30652743_zpid	30652743_zpid	11212	356 Rockaway Pkwy, Brooklyn, NY 11212	40.658791	-73.918049	0.351928591463	9	0.142585504494	3	0.330088735574	1	10	4	1100	569000	52	2482	1930	524	18	237	229	186	70	31	13	45	79	37	320
30584871_zpid	30584871_zpid	11215	390 9th St, Brooklyn, NY 11215	40.667527	-73.98348	0.107051009465	20	0.225661762519	5	0.302357163229	3	6	3	3828	2701000	23	1450	1901	75	89	28	64	21	35	63	45	30	17	26	252
30764206_zpid	30764206_zpid	11234	1643 E 46th St, Brooklyn, NY 11234	40.620296	-73.930645	0.274738829887	9	0.466396315183	2	2.0027204599	0	3	2	1332	189000	204	2800	1920	11	57	1	19	8	44	35	18	15	7	0	145
30789086_zpid	30789086_zpid	11235	2930 Brighton 1st St, Brooklyn, NY 11235	40.5798009	-73.9666537	0.0470473467646	7	0.402351550095	8	0.41861171285	3	4	6	1386	180000	305	2000	1930	332	132	224	284	172	216	136	60	164	64	68	748
30789086_zpid	30789086_zpid	11235	2930 Brighton 1st St, Brooklyn, NY 11235	40.5798009	-73.9666537	0.321110082703	6	0.402351550095	8	0.41861171285	3	4	6	1386	180000	305	2000	1930	332	132	224	284	172	216	136	60	164	64	68	748
30636659_zpid	30636659_zpid	11207	114 Sunnyside Ave, Brooklyn, NY 11207	40.681162	-73.892495	0.197365994539	4	0.105075906355	3	0.383728760978	3	6	2.5	1936	145000	255	1660	1905	88	35	53	58	42	62	43	36	37	24	9	135
30699946_zpid	30699946_zpid	11209	220 87th St, Brooklyn, NY 11209	40.622983	-74.033426	0.203216482688	11	0.369475449592	6	0.42610581737	1	5	2	2240	1399000	0	2700	1925	64	39	28	47	20	51	31	21	16	6	4	148
30784032_zpid	30784032_zpid	11234	1845 E 36th St, Brooklyn, NY 11234	40.612303	-73.9337819	0.348317358302	3	0.380276864514	1	2.07078816033	0	3	1	1078	499000	0	1800	1925	3	20	3	7	3	18	28	26	32	1	2	55
30612908_zpid	30612908_zpid	11238	120 Clifton Pl, Brooklyn, NY 11238	40.688007	-73.9595889	0.297040819324	10	0.29213990688	5	0.104606937584	3	4	2	2070	1650000	2	907	1899	77	77	40	61	35	12	26	13	31	11	20	99
30792541_zpid	30792541_zpid	11235	2839 Ford St, Brooklyn, NY 11235	40.5846019	-73.934732	0.678405143615	1	0.783051825461	0	1.66175527378	0	8	6	5600	360000	252	4200	1992	55	11	23	29	28	27	19	7	25	9	3	88
30790881_zpid	30790881_zpid	11235	254 Dover St, Brooklyn, NY 11235	40.57592	-73.94919	0.333955778936	5	0.83995763458	0	1.040253504	0	3	4	4500	1600000	32	4000	1930	24	13	6	13	4	9	29	17	17	3	2	36
30576746_zpid	30576746_zpid	11220	363 50th St, Brooklyn, NY 11220	40.646925	-74.01293	0.0912394943747	10	0.105471852842	11	0.22667687336	3	4	2.5	2280	850000	11	2000	1910	104	47	57	93	43	31	54	30	35	28	10	236
30634337_zpid	30634337_zpid	11207	273 Pennsylvania Ave, Brooklyn, NY 11207	40.670943	-73.895303	0.167338398328	6	0.180678366846	7	0.41419878311	5	5	3	2000	499000	7	1611	1910	108	13	86	91	88	28	36	9	30	33	22	177
30767501_zpid	30767501_zpid	11234	683 E 57th St, Brooklyn, NY 11234	40.636364	-73.921642	0.13691040708	4	0.420885962339	2	2.02659358066	0	3	1.5	2100	540000	25	5658	1960	17	9	1	8	3	18	12	5	12	3	1	35
30733251_zpid	30733251_zpid	11224	2858 W 27th St, Brooklyn, NY 11224	40.576631	-73.993732	0.43928123783	1	0.196308200076	5	1.06046166807	0	3	1.5	1344	365000	20	1663	1989	65	17	41	42	25	4	19	3	21	19	6	104
30689606_zpid	30689606_zpid	11219	6522 14th Ave, Brooklyn, NY 11219	40.624333	-74.000063	0.0488763450957	7	0.503748564688	3	0.318540089564	3	9	7	5868	1100000	14	1999	2001	45	8	14	18	12	54	60	53	12	7	15	114
29785660_zpid	29785660_zpid	10457	2090 Valentine Ave, Bronx, NY 10457	40.85275	-73.899563	0.0603380312499	10	0.182598323963	9	0.385132385581	5	11	4	2922	440000	58	1845	1901	430	39	188	197	201	29	24	14	62	70	26	295
30759593_zpid	30759593_zpid	11210	1113 E 40th St, Brooklyn, NY 11210	40.628116	-73.937254	0.520295300028	2	0.720189674936	1	1.02287613037	0	6	2	2784	680000	105	4000	1915	288	32	132	148	96	156	132	72	72	60	48	360
30759593_zpid	30759593_zpid	11210	1113 E 40th St, Brooklyn, NY 11210	40.628116	-73.937254	0.406817805464	3	0.720189674936	1	1.02287613037	0	6	2	2784	680000	105	4000	1915	288	32	132	148	96	156	132	72	72	60	48	360
29789900_zpid	29789900_zpid	10470	419 E 239th St, Bronx, NY 10470	40.900854	-73.864617	0.171394810798	4	0.454045629382	1	0.628005584272	1	5	2	2160	410000	67	43560	1910	53	17	12	23	11	25	11	18	14	6	4	69
29823252_zpid	29823252_zpid	10469	2718 Tenbroeck Ave, Bronx, NY 10469	40.865879	-73.852572	0.496890857481	6	0.497624894475	3	0.66043866013	1	3	1	1390	225000	161	2046	1925	23	11	11	12	8	43	29	15	28	8	6	81
30614320_zpid	30614320_zpid	11216	162 Putnam Ave, Brooklyn, NY 11216	40.6832841	-73.9548764	0.212624443929	10	0.212233925955	7	0.274639271545	3	3	1.5	2960	162000	13	2100	1899	548	548	260	308	220	104	140	64	92	124	180	808
29783281_zpid	29783281_zpid	10459	829 Jennings St, Bronx, NY 10459	40.832395	-73.894471	0.222246009565	4	0.184380304427	6	0.334953487478	1	3	2	1428	207100	139	1655	1901	158	76	66	85	72	27	18	6	19	37	14	146
30588086_zpid	30588086_zpid	11215	562 10th St, Brooklyn, NY 11215	40.665784	-73.98157	0.0924042049203	15	0.397680552585	6	0.119784358732	2	6	3	2430	335000	1	1816	1910	272	264	96	212	84	124	264	156	112	32	68	704
30588086_zpid	30588086_zpid	11215	562 10th St, Brooklyn, NY 11215	40.665784	-73.98157	0.0924042049203	15	0.397680552585	7	0.119784358732	2	6	3	2430	335000	1	1816	1910	272	264	96	212	84	124	264	156	112	32	68	704
30633391_zpid	30633391_zpid	11212	788 Mother Gaston Blvd, Brooklyn, NY 11212	40.659308	-73.9045189	0.312699120315	4	0.360414286564	4	0.451028057004	4	3	2	1116	275600	32	1800	1986	85	14	61	59	43	26	31	6	34	18	9	141
30603988_zpid	30603988_zpid	11221	753 Putnam Ave, Brooklyn, NY 11221	40.686374	-73.931486	0.162041463955	8	0.121666377105	3	0.782961817769	0	3	3	2205	1250000	9	2000	1899	166	31	82	127	81	44	25	7	28	47	28	190
30631232_zpid	30631232_zpid	11207	33 Aberdeen St, Brooklyn, NY 11207	40.681892	-73.906445	0.133115109307	4	0.24815049689	3	0.119674210661	7	5	3.5	3000	965000	19	2050	1920	63	19	49	64	48	12	20	14	13	24	8	119
30667261_zpid	30667261_zpid	11218	1112 Beverley Rd, Brooklyn, NY 11218	40.643713	-73.968124	0.140079709278	10	0.391403821071	3	0.311615925189	2	7	4.5	2747	12610	145	5000	1930	41	27	34	39	23	30	18	21	14	9	5	117
30773750_zpid	30773750_zpid	11236	9802 Farragut Rd, Brooklyn, NY 11236	40.647107	-73.902779	0.121522659958	4	0.647301982804	1	0.093272720248	2	5	2	1784	499000	13	2000	1951	40	7	24	31	16	62	19	10	8	18	8	80
30752925_zpid	30752925_zpid	11210	1174 E 38th St, Brooklyn, NY 11210	40.6264169	-73.939549	0.14472429497	5	0.680026461263	2	0.988989120732	0	9	3	3720	739000	0	2000	1925	360	40	180	184	144	264	176	80	120	64	56	428
30752925_zpid	30752925_zpid	11210	1174 E 38th St, Brooklyn, NY 11210	40.6264169	-73.939549	0.346025420132	4	0.680026461263	2	0.988989120732	0	9	3	3720	739000	0	2000	1925	360	40	180	184	144	264	176	80	120	64	56	428
30645279_zpid	30645279_zpid	11208	232 Fountain Ave, Brooklyn, NY 11208	40.674279	-73.87539	0.151215292217	8	0.127845378617	4	0.303005030771	2	4	2	2640	335000	135	2000	1930	764	88	404	448	356	244	180	32	128	244	92	808
30715145_zpid	30715145_zpid	11214	287 Bay 20th St, Brooklyn, NY 11214	40.60056	-74.00687	0.380194471098	6	0.367177304765	3	0.859538497008	0	3	1.5	1320	675000	10	1551	1940	93	9	30	24	18	35	33	38	10	8	8	101
30639442_zpid	30639442_zpid	11208	214 Atkins Ave, Brooklyn, NY 11208	40.673836	-73.879119	0.216206385392	7	0.200821496769	2	0.14153802941	2	3	2	1800	345500	19	1800	1990	177	27	95	104	82	52	38	15	39	59	26	201
30761583_zpid	30761583_zpid	11234	4021 Kings Hwy, Brooklyn, NY 11234	40.624541	-73.9353409	0.260152335789	7	0.293379308843	2	1.39022561291	0	3	2	2000	485000	15	1692	1935	164	32	72	88	84	76	88	68	52	16	0	256
30621345_zpid	30621345_zpid	11222	186 Russell St, Brooklyn, NY 11222	40.72706	-73.9444539	0.232548049884	11	0.458937195484	3	0.635769680458	1	6	3	2503	1999000	0	2000	1901	16	32	14	27	7	20	29	17	21	8	7	110
30624545_zpid	30624545_zpid	11206	106 Manhattan Ave, Brooklyn, NY 11206	40.70606	-73.9444199	0.101193728433	12	0.324738930325	7	0.35081835611	5	3	1.5	4440	308750	134	2475	1930	79	184	38	57	38	12	38	13	24	14	7	167
30672499_zpid	30672499_zpid	11218	48 Louisa St, Brooklyn, NY 11218	40.643414	-73.981482	0.167083579218	9	0.129746944941	8	0.167602278984	1	5	2	1872	740000	119	2192	1925	91	30	41	51	39	57	55	41	16	14	10	192
30793344_zpid	30793344_zpid	11229	22 Canton Ct, Brooklyn, NY 11229	40.5869384	-73.9201521	0.384087682437	1	1.71875971523	0	2.87454900068	0	3	1	594	263940	26	1800	1920	8	12	4	52	0	0	68	32	56	8	12	116
30609399_zpid	30609399_zpid	11216	352A Tompkins Ave, Brooklyn, NY 11216	40.6855398	-73.9444906	0.0499104936462	9	0.329109621059	8	0.696608833284	2	5	3	2430	370500	114	1440	1920	500	164	284	460	324	68	112	56	168	192	68	680
30655601_zpid	30655601_zpid	11236	615 E 96th St, Brooklyn, NY 11236	40.653673	-73.912841	0.310228349044	7	0.502082456406	1	0.914731891843	0	3	2	1961	387000	74	2000	1955	40	3	15	22	21	32	14	6	5	9	3	64
29849333_zpid	29849333_zpid	10465	240 Brinsmade Ave, Bronx, NY 10465	40.8158389	-73.8202589	0.505165552146	2	0.450030499635	1	3.22046277141	0	3	2	1080	355000	62	1800	1955	19	12	12	6	7	21	18	10	14	8	7	48
30770530_zpid	30770530_zpid	11236	1105 E 85th St, Brooklyn, NY 11236	40.634503	-73.9055	0.486879309262	7	0.595242365492	2	1.38733655519	0	4	2	1976	300000	17	5508	1955	43	7	18	26	10	75	26	12	31	8	10	84
30784336_zpid	30784336_zpid	11234	1848 Hendrickson St, Brooklyn, NY 11234	40.614728	-73.929849	0.173900065078	4	0.692668598274	1	2.45752621174	0	5	3	1960	640000	100	2650	1940	44	160	8	24	12	100	108	84	80	8	8	360
30701481_zpid	30701481_zpid	11209	526 92nd St, Brooklyn, NY 11209	40.617357	-74.028702	0.0704256370284	11	0.185604660562	5	0.2514245365	2	3	1	1272	161880	231	1253	1925	80	44	22	29	23	56	32	23	5	8	9	170
30570225_zpid	30570225_zpid	11231	562 Henry St APT 1, Brooklyn, NY 11231	40.681883	-74.000769	0.129781169377	13	0.268198080964	3	0.557873897934	1	1	1	1000	3400000	33	2000	1900	116	212	100	216	56	72	212	144	64	32	48	704
30570225_zpid	30570225_zpid	11231	562 Henry St APT 1, Brooklyn, NY 11231	40.681883	-74.000769	0.129781169377	14	0.268198080964	3	0.557873897934	1	1	1	1000	3400000	33	2000	1900	116	212	100	216	56	72	212	144	64	32	48	704
79722150_zpid	79722150_zpid	10462	1867 Muliner Ave, Bronx, NY 10462	40.848159	-73.861703	0.267380732187	7	0.265903473419	3	0.573587320297	2	5	2	2981	609500	113	1784	2004	81	27	46	59	32	80	43	28	29	24	14	119
30626308_zpid	30626308_zpid	11237	142 Wyckoff Ave, Brooklyn, NY 11237	40.702874	-73.917389	0.176607706412	11	0.124988944691	6	0.136101584628	5	5	5.5	750	995000	19	2150	2011	896	404	580	852	612	188	148	108	324	304	120	1380
30626308_zpid	30626308_zpid	11237	142 Wyckoff Ave, Brooklyn, NY 11237	40.702874	-73.917389	0.176607706412	12	0.124988944691	6	0.136101584628	5	5	5.5	750	995000	19	2150	2011	896	404	580	852	612	188	148	108	324	304	120	1380
29818178_zpid	29818178_zpid	10462	902 Brady Ave, Bronx, NY 10462	40.852054	-73.861873	0.345517301022	10	0.417433426869	5	0.282112990734	3	11	7	4064	330000	230	5000	1955	411	35	81	63	77	56	43	17	39	28	24	177
30696730_zpid	30696730_zpid	11209	7814 Colonial Rd, Brooklyn, NY 11209	40.630247	-74.034476	0.512257714264	8	0.865711283855	0	0.759564562661	0	4	2	2350	830000	123	2500	1935	35	9	7	11	9	31	38	49	13	2	2	58
29780023_zpid	29780023_zpid	10455	872 E 156th St, Bronx, NY 10455	40.816956	-73.901645	0.210121799419	10	0.206242159961	8	0.292848340032	5	7	3	2602	470000	112	3484	1901	230	17	77	103	63	22	28	9	32	32	20	194
30781500_zpid	30781500_zpid	11234	1409 E 69th St, Brooklyn, NY 11234	40.621911	-73.911837	0.472281264157	6	0.559002098675	1	2.88069498549	0	3	2	2103	560000	0	2600	1975	112	12	44	56	20	192	104	88	96	20	32	332
29833144_zpid	29833144_zpid	10466	954 E 230th St, Bronx, NY 10466	40.888647	-73.85087	0.250973376262	7	0.326099441699	3	0.75156768678	0	3	2.5	1903	420000	9	2186	1940	388	52	172	156	124	364	68	20	120	68	56	368
29827062_zpid	29827062_zpid	10467	825 E 214th St, Bronx, NY 10467	40.879042	-73.860549	0.454039510952	5	0.423431542618	1	0.519601216127	2	7	4	2700	442000	42	2439	1960	158	14	68	84	53	52	11	2	22	38	12	146
30636401_zpid	30636401_zpid	11207	54 Vermont St, Brooklyn, NY 11207	40.682098	-73.895973	0.373739692646	3	0.347773710854	3	0.605245682436	3	5	4	7000	87000	251	2400	2006	56	24	42	35	26	38	25	31	21	15	8	83
30651134_zpid	30651134_zpid	11212	157 E 96th St, Brooklyn, NY 11212	40.6626679	-73.922867	0.187132175149	10	0.134985382793	7	0.233229439169	2	1	1	3198	650000	5	2500	1930	518	22	191	200	172	42	25	10	42	74	24	298
30657188_zpid	30657188_zpid	11225	396 Midwood St, Brooklyn, NY 11225	40.660102	-73.947418	0.333916670171	6	0.419098618389	6	0.390846059562	2	4	2	1800	670000	10	1837	1910	278	53	99	107	101	43	33	17	33	44	10	203
29787992_zpid	29787992_zpid	10458	306 E Mosholu Pkwy S, Bronx, NY 10458	40.871595	-73.882643	0.296562061944	11	0.281757065097	7	0.411390533595	4	1	1	750	159900	34	17859.6	1939	558	30	76	92	86	28	17	11	22	34	11	135
30781744_zpid	30781744_zpid	11234	2050 E 61st St, Brooklyn, NY 11234	40.615467	-73.9156299	0.238365582858	6	0.561278386442	1	3.32476583339	0	3	3	1550	559000	0	2000	1960	32	36	32	24	12	100	76	28	72	4	12	264
30732444_zpid	30732444_zpid	11224	2705 W 36th St, Brooklyn, NY 11224	40.5796319	-74.002268	0.715952017127	1	0.251406888255	2	1.79541826356	0	3	2	1280	355000	107	2875	1984	42	13	11	30	12	3	13	4	14	12	2	42
30608677_zpid	30608677_zpid	11216	764 Marcy Ave, Brooklyn, NY 11216	40.687589	-73.9479659	0.140677811993	11	0.298003878314	5	0.403899195426	1	3	1	2500	1450000	21	2482	1899	157	64	86	121	90	31	38	12	46	52	36	221
30653087_zpid	30653087_zpid	11203	124 E 57th St, Brooklyn, NY 11203	40.653027	-73.924012	0.245074439011	7	0.261263218352	4	1.14061138236	0	2	1	3220	537271	20	3000	1930	135	16	48	63	54	49	26	7	20	26	14	137
30733598_zpid	30733598_zpid	11224	2819 W 17th St, Brooklyn, NY 11224	40.578443	-73.984793	0.220016850486	2	0.482099934162	4	0.321740389471	1	4	2	3344	480000	28	4156	1930	224	40	92	132	104	68	124	52	44	68	16	336
30786286_zpid	30786286_zpid	11234	2151 E 33rd St, Brooklyn, NY 11234	40.6058345	-73.9304933	0.532705606963	3	0.593326053897	1	2.26951872676	0	2	1	1505	547000	2	2200	1935	0	3	3	1	1	7	9	12	10	0	2	19
30576959_zpid	30576959_zpid	11220	252 50th St, Brooklyn, NY 11220	40.648079	-74.0157909	0.320671511127	9	0.329466701584	9	0.366460643444	2	7	4	1920	760000	7	2003	1915	50	23	42	61	32	33	43	24	27	19	6	142
30606349_zpid	30606349_zpid	11233	234 Bainbridge St, Brooklyn, NY 11233	40.68115	-73.927522	0.222116385903	6	0.370173287784	4	0.335895355497	2	3	1	1680	480000	112	1424	1920	139	66	101	134	80	19	18	12	44	44	27	196
30690544_zpid	30690544_zpid	11219	1419 Bay Ridge Ave, Brooklyn, NY 11219	40.622188	-74.0009929	0.213716398852	8	0.293199168348	2	0.340680529968	3	5	3	2484	19012	12	1466	1920	172	32	52	56	36	148	108	108	40	24	24	304
29781767_zpid	29781767_zpid	10457	249 Mount Hope Pl, Bronx, NY 10457	40.848259	-73.904235	0.103707947961	11	0.113302356604	9	0.253600170985	5	10	4	3246	460000	44	1873	1899	384	73	207	208	208	29	24	14	74	61	29	278
30744408_zpid	30744408_zpid	11229	2141 E 13th St, Brooklyn, NY 11229	40.597589	-73.957755	0.107531896408	9	0.133562672345	7	0.245150616285	2	4	2	2400	280000	322	2000	1960	336	132	60	96	104	224	88	64	40	8	12	432
30589602_zpid	30589602_zpid	11238	828 Dean St, Brooklyn, NY 11238	40.678804	-73.962697	0.228444599797	13	0.300892352901	5	0.613319372571	4	7	7	5400	1221900	6	2200	2013	134	189	49	86	63	49	45	46	40	21	25	252
30700511_zpid	30700511_zpid	11209	8853 Fort Hamilton Pkwy, Brooklyn, NY 11209	40.6181849	-74.0259899	0.180941725904	12	0.277568327935	6	0.496674708148	2	3	3	1344	1200000	0	2502	1925	260	160	68	92	88	140	84	60	4	24	20	584
30602112_zpid	30602112_zpid	11221	1083 Dekalb Ave, Brooklyn, NY 11221	40.693761	-73.932215	0.146751721748	11	0.379726808272	3	0.2908203627	3	5	3.5	1291	86500	163	1306	1899	556	352	300	384	368	200	140	76	112	180	152	932
30675121_zpid	30675121_zpid	11218	632 E 5th St, Brooklyn, NY 11218	40.636816	-73.9745499	0.0707202667845	3	0.199378593079	9	0.321625864001	1	9	3.5	2846	790000	26	3920	1920	182	56	78	75	55	96	43	100	29	20	9	223
30663927_zpid	30663927_zpid	11210	1519 New York Ave, Brooklyn, NY 11210	40.635716	-73.944725	0.426838987708	2	0.414670616764	3	0.404362337768	2	4	2	3619	770000	5	3998	1910	316	26	178	165	156	65	41	14	39	67	7	328
30691318_zpid	30691318_zpid	11220	6642 Sedgwick Pl, Brooklyn, NY 11220	40.640188	-74.028908	0.401343582891	6	0.497445611968	2	0.745716466957	1	3	1	1440	600000	47	2178	1925	24	12	17	19	11	24	17	28	6	4	1	49
30754907_zpid	30754907_zpid	11210	1357 E 27th St, Brooklyn, NY 11210	40.617921	-73.947835	0.636066602728	3	0.294135686645	2	0.977731002363	0	3	2	2500	570000	39	2500	1925	17	2	1	11	1	17	21	13	14	0	4	41
89070865_zpid	89070865_zpid	10467	802 E 216th St, Bronx, NY 10467	40.8805014	-73.8609936	0.309616486666	5	0.450668213952	2	0.398819903627	2	8	6	3472	458000	47	2003	2006	188	14	82	103	77	69	15	2	34	50	13	181
30726977_zpid	30726977_zpid	11229	1716 E 22nd St, Brooklyn, NY 11229	40.609653	-73.951644	0.211109306948	6	0.236739496689	3	0.53277792217	1	3	3	3015	800000	8	2000	1925	121	20	39	39	38	53	53	38	21	11	3	150
30619650_zpid	30619650_zpid	11222	199 Freeman St, Brooklyn, NY 11222	40.734779	-73.9535439	0.170586892659	11	0.348339323881	3	0.517665087954	1	1	1	2415	570000	24	2500	1931	77	88	57	59	37	41	33	24	22	20	11	201
30757129_zpid	30757129_zpid	11234	1643 E 37th St, Brooklyn, NY 11234	40.616082	-73.936738	0.380044245141	3	0.289189960954	3	1.92248218898	0	2	1	935	378000	21	2800	1925	11	20	10	17	5	42	27	19	38	8	3	119
30574314_zpid	30574314_zpid	11232	202A 30th St, Brooklyn, NY 11232	40.656658	-73.999701	0.266400557087	5	0.439334616772	1	0.43786685384	2	3	2	1020	628000	77	1703	1910	23	32	12	16	11	9	29	17	13	1	8	69
30666903_zpid	30666903_zpid	11226	2724 Albemarle Rd, Brooklyn, NY 11226	40.6478824	-73.9513038	0.185503121282	3	0.289391935288	7	0.36046894893	2	5	3.5	1613	205000	25	1518	1910	307	43	113	125	87	85	32	17	35	51	29	233
30583799_zpid	30583799_zpid	11215	353 4th St, Brooklyn, NY 11215	40.671751	-73.9824189	0.139000467581	16	0.393004020902	6	0.506810194966	4	6	2	3000	2950000	3	1500	1901	272	352	112	220	116	124	252	180	124	60	100	924
29839410_zpid	29839410_zpid	10470	652 E 241st St, Bronx, NY 10470	40.903899	-73.851994	0.368952078986	5	0.143979938526	1	0.144180544364	3	3	6	1737	358000	13	1350	1960	456	48	256	256	240	108	80	20	100	96	16	532
30647497_zpid	30647497_zpid	11207	588 Hegeman Ave, Brooklyn, NY 11207	40.660482	-73.889746	0.270853027753	3	0.276095954559	5	0.578362002137	2	2	1	3198	320000	32	1947	1930	193	15	111	102	106	22	36	7	43	69	13	202
30782412_zpid	30782412_zpid	11234	7408 Avenue T, Brooklyn, NY 11234	40.6227655	-73.9064636	0.682200216939	1	0.663706450555	1	2.68766500201	0	5	5	4086	980000	0	3475	1984	48	4	28	32	24	88	40	32	56	12	12	168
29830133_zpid	29830133_zpid	10469	3320 Tiemann Ave, Bronx, NY 10469	40.876224	-73.842625	0.286377923183	4	0.430437805778	2	0.542353170278	1	3	1.5	1188	372000	123	6800	1950	33	7	32	31	19	34	36	14	36	10	7	84
30762901_zpid	30762901_zpid	11234	2038 Schenectady Ave, Brooklyn, NY 11234	40.622206	-73.930484	0.167691957405	9	0.34309082958	2	1.87127669572	0	3	2	1320	550000	10	2500	1920	35	37	14	22	20	40	33	20	22	8	0	143
29811755_zpid	29811755_zpid	10461	2418 Glebe Ave, Bronx, NY 10461	40.838834	-73.848461	0.157251158971	10	0.251125376801	6	0.287411918442	3	3	1	1514	349000	0	3554	1920	106	12	33	24	25	22	18	6	16	6	6	114
30772235_zpid	30772235_zpid	11236	1457 E 85th St, Brooklyn, NY 11236	40.628772	-73.899086	0.853986405242	0	0.512767137259	1	2.00426155449	0	7	3.5	3420	499999	57	2000	1960	30	6	12	15	6	38	20	7	20	5	7	46
29789247_zpid	29789247_zpid	10470	210 E 235th St, Bronx, NY 10470	40.897062	-73.870076	0.220222269809	1	0.227366801916	1	0.631541039051	1	3	2	1500	435000	11	2500	1920	54	12	10	10	7	39	11	15	14	5	2	72
30773967_zpid	30773967_zpid	11236	1103 E 95th St, Brooklyn, NY 11236	40.643846	-73.903373	0.284103526362	5	0.896093292843	0	0.338020043825	1	6	3	2348	675000	0	2413	1925	53	10	20	21	16	59	23	9	8	18	8	99
83050166_zpid	83050166_zpid	11233	1652 Saint Johns Pl, Brooklyn, NY 11233	40.669888	-73.923102	0.210634541085	10	0.125783361416	4	0.571672374348	1	9	6	3699	750000	19	2000	2004	189	22	93	82	86	15	11	4	20	33	9	126
30769101_zpid	30769101_zpid	11236	914 E 80th St, Brooklyn, NY 11236	40.634998	-73.913167	0.01717586787	5	0.0310497629339	2	1.6116593372	0	5	2	2024	581940	117	3833	1920	108	36	84	68	32	260	132	48	96	36	32	336
30781708_zpid	30781708_zpid	11234	2051 E 60th St, Brooklyn, NY 11234	40.615276	-73.915897	0.216548435172	6	0.590003720466	1	3.31891420687	0	4	2	1760	550000	3	1999	1960	32	40	32	28	16	100	76	32	76	4	16	256
29852525_zpid	29852525_zpid	10463	3515 Riverdale Ave, Bronx, NY 10463	40.88577	-73.907445	0.156108222038	10	0.155641917835	2	0.56681113586	1	6	5	2991	960000	0	1881	1965	172	43	52	49	41	41	44	13	30	20	12	143
30636949_zpid	30636949_zpid	11208	159 Ridgewood Ave, Brooklyn, NY 11208	40.683289	-73.882975	0.258544270782	7	0.327970653793	3	0.324316665915	2	5	3	1992	359000	123	2000	1910	78	31	47	54	48	37	29	22	34	19	12	137
30633444_zpid	30633444_zpid	11212	978 Thomas S Boyland St, Brooklyn, NY 11212	40.656385	-73.910579	0.252819415426	5	0.215507811602	6	0.703541560518	2	3	1	1930	355000	30	2300	1930	676	72	444	428	304	120	128	36	184	120	56	736
30633444_zpid	30633444_zpid	11212	978 Thomas S Boyland St, Brooklyn, NY 11212	40.656385	-73.910579	0.252819415426	5	0.215507811602	5	0.703541560518	2	3	1	1930	355000	30	2300	1930	676	72	444	428	304	120	128	36	184	120	56	736
30780344_zpid	30780344_zpid	11234	1271 E 69th St, Brooklyn, NY 11234	40.624086	-73.914159	0.517429031115	4	0.761163677274	0	2.71894860018	0	8	6	3960	918000	0	4650	1975	76	12	32	48	24	208	64	92	64	36	24	340
30768013_zpid	30768013_zpid	11236	8305 Glenwood Rd, Brooklyn, NY 11236	40.6387829	-73.912732	0.22918409391	7	0.39718886096	1	1.2698916928	0	4	2	1025	270000	6	2500	1940	40	7	29	18	11	72	33	16	29	13	10	108
30710104_zpid	30710104_zpid	11228	8318 14th Ave, Brooklyn, NY 11228	40.61422	-74.010566	0.247328873896	3	0.369242301171	1	0.845122132141	0	3	1.5	1750	210000	195	2000	1935	7	14	2	14	1	29	40	31	24	7	4	61
30787769_zpid	30787769_zpid	11234	205 Barlow Dr S, Brooklyn, NY 11234	40.608166	-73.907745	0.953947098566	0	1.01978248956	0	4.1902566812	0	4	1	2548	989000	0	3800	1960	2	4	2	7	0	10	7	14	15	3	1	26
30698184_zpid	30698184_zpid	11209	365 82nd St, Brooklyn, NY 11209	40.626097	-74.027724	0.21009231062	15	0.302947309037	4	0.383847227811	2	5	2	2400	975000	8	2187	1925	114	67	45	44	23	53	44	49	16	33	5	208
29788297_zpid	29788297_zpid	10468	2795 Morris Ave, Bronx, NY 10468	40.869976	-73.894201	0.217612422304	10	0.174440280322	9	0.338781748191	4	3	1	1272	240000	117	2657	1901	427	37	141	143	158	27	18	5	46	38	18	211
30729568_zpid	30729568_zpid	11214	2464 84th St, Brooklyn, NY 11214	40.599233	-73.986743	0.174795613605	7	0.195412986639	6	0.17036264958	3	2	1	3150	1600000	3	3000	1923	34	14	13	14	10	36	29	17	13	5	2	71
55540967_zpid	55540967_zpid	10459	1237 Hoe Ave, Bronx, NY 10459	40.8299385	-73.8910395	0.050243084903	5	0.27815595053	7	0.0708399720024	3	6	4	3000	595000	19	1624	1999	196	42	69	122	92	38	24	8	29	33	26	170
30704719_zpid	30704719_zpid	11204	2172 72nd St, Brooklyn, NY 11204	40.6099869	-73.986179	0.239925905287	12	0.368673669154	7	0.420647542851	1	5	2.5	2480	1180000	7	2500	1925	80	23	33	45	51	49	21	25	23	11	2	117
30730164_zpid	30730164_zpid	11214	146 Bay 34th St, Brooklyn, NY 11214	40.597367	-73.994078	0.255033292951	9	0.443585286805	7	0.507323494782	2	5	3.5	2395	775000	45	2918	1925	106	15	40	50	32	77	42	20	23	13	3	127
30779135_zpid	30779135_zpid	11236	1590 E 96th St, Brooklyn, NY 11236	40.634379	-73.892079	0.215420168899	6	0.282145370383	4	1.59636995636	0	3	2	1344	210000	189	1916	1930	31	9	16	20	3	37	15	15	12	7	0	53
68313887_zpid	68313887_zpid	11237	1412 Putnam Ave, Brooklyn, NY 11237	40.6957279	-73.9109354	0.113812505143	13	0.410802381498	3	0.442762498951	3	6	2.5	2362	735000	21	2626	2005	97	48	69	83	41	26	16	17	42	37	10	123
30781331_zpid	30781331_zpid	11234	1425 E 64th St, Brooklyn, NY 11234	40.619313	-73.915125	0.149648772437	7	0.535150563404	1	3.13271677427	0	4	2	1280	465000	4	4683	1920	13	10	8	12	3	23	28	6	21	3	6	95
30721786_zpid	30721786_zpid	11223	1759 W 6th St, Brooklyn, NY 11223	40.6044917	-73.9786966	0.247164489225	10	0.0818051056414	3	0.153641937647	3	3	2	1176	665000	13	1900	1920	448	100	196	112	160	400	104	196	88	64	24	500
30789042_zpid	30789042_zpid	11234	2440 E 63rd St, Brooklyn, NY 11234	40.610779	-73.909933	0.610627135075	3	0.720484569968	1	4.02251897698	0	3	2.5	1224	403000	148	1800	1960	2	6	2	3	3	17	7	13	15	1	1	31
