30732767_zpid	30732767_zpid	11224	4015 Sea Gate Ave, Brooklyn, NY 11224	40.5771082	-74.0054242	0.503236497598	1	0.298121798392	1	2.04567473219	0	6	3	1960	699000	0	3000	1925	49	15	15	43	13	4	22	3	16	13	2	56
30771846_zpid	30771846_zpid	11236	1336 E 86th St, Brooklyn, NY 11236	40.631004	-73.90109	0.640859361102	2	0.46590639453	1	1.74333251633	0	3	2.5	1800	404000	25	2000	1955	54	12	23	29	10	64	24	10	31	7	12	77
30702491_zpid	30702491_zpid	11209	268 Battery Ave, Brooklyn, NY 11209	40.613296	-74.0264909	0.436174694415	8	0.592610739184	2	0.513497737757	1	3	1.75	2272	699000	9	2170	1925	38	6	7	6	9	11	19	3	3	1	3	28
30573288_zpid	30573288_zpid	11231	80 Pioneer St, Brooklyn, NY 11231	40.6781099	-74.009462	0.205788207096	4	0.176918074597	3	1.10097006998	0	6	5	3315	1750000	24	1655	1931	31	56	15	27	12	14	32	9	11	11	3	79
30702074_zpid	30702074_zpid	11209	220 Marine Ave, Brooklyn, NY 11209	40.614815	-74.034881	0.184841081411	8	0.195598593164	3	0.343089013973	1	1	1	2048	775000	2	2000	1923	189	31	26	26	27	52	43	44	7	10	5	117
30727827_zpid	30727827_zpid	11229	1769 E 26th St, Brooklyn, NY 11229	40.60779	-73.946838	0.463112062642	2	0.688780110149	3	0.932910187355	0	3	2	2152	735000	11	3000	1925	37	9	5	16	4	39	31	28	19	4	0	81
30781992_zpid	30781992_zpid	11234	1544 E 66th St, Brooklyn, NY 11234	40.617998	-73.912087	0.14295228677	7	0.241354713122	1	3.30512451076	0	4	2.5	1897	533000	20	2000	1930	19	9	13	15	7	21	20	9	19	3	5	71
83042409_zpid	83042409_zpid	11221	222 Woodbine St, Brooklyn, NY 11221	40.6945796	-73.9145593	0.302152951748	9	0.19943359836	3	0.614565770267	3	3	1	2775	330000	28	1706	2005	110	30	86	119	79	28	36	8	52	45	29	163
29793605_zpid	29793605_zpid	10473	2015 Turnbull Ave, Bronx, NY 10473	40.823492	-73.85459	0.429891317162	4	0.367159478288	3	1.20381942148	0	3	2	2009	385000	56	2613	1940	80	22	25	27	17	16	19	5	13	8	5	73
30673602_zpid	30673602_zpid	11218	1413 36th St, Brooklyn, NY 11218	40.640883	-73.981742	0.166986940836	9	0.205807284605	9	0.392403317997	2	5	3	2504	990000	7	2003	1910	68	29	37	47	33	61	64	55	15	12	7	194
30794102_zpid	30794102_zpid	11229	66 Frank Ct, Brooklyn, NY 11229	40.5889249	-73.9239064	0.180813950678	2	1.35688693783	0	2.56708016398	0	4	2	2160	100000	310	1800	1920	2	3	2	15	0	1	32	12	22	2	5	41
30641605_zpid	30641605_zpid	11208	28 Hemlock St, Brooklyn, NY 11208	40.689182	-73.8727059	0.304454730089	7	0.172651423309	5	0.0855101084908	3	5	2	3000	295000	48	1740	1935	288	76	176	244	120	220	120	52	124	100	16	488
30606016_zpid	30606016_zpid	11233	75 Bainbridge St, Brooklyn, NY 11233	40.680819	-73.934403	0.267101594027	9	0.266638239626	4	0.349905243636	2	10	4	4484	2100000	0	1899	1910	264	188	236	288	200	24	84	12	92	84	48	412
30783509_zpid	30783509_zpid	11229	1814 Madison Pl, Brooklyn, NY 11229	40.609238	-73.940001	0.454060927112	3	0.52105183467	1	1.50678998202	0	3	1.5	1472	485000	82	2000	1930	15	6	8	16	7	6	11	9	10	2	2	41
30737574_zpid	30737574_zpid	11223	2239 W 7th St, Brooklyn, NY 11223	40.593279	-73.977648	0.385790702667	5	0.0859429605646	2	0.0792385930823	5	5	3	1530	650000	44	2200	1930	148	72	44	100	44	176	92	160	104	32	24	324
30737574_zpid	30737574_zpid	11223	2239 W 7th St, Brooklyn, NY 11223	40.593279	-73.977648	0.0874317564524	7	0.0859429605646	3	0.0792385930823	5	5	3	1530	650000	44	2200	1930	148	72	44	100	44	176	92	160	104	32	24	324
30637547_zpid	30637547_zpid	11208	109 Shepherd Ave, Brooklyn, NY 11208	40.6822329	-73.882058	0.120350550084	7	0.190784332908	3	0.193497601626	3	5	3	1712	480000	8	1688	1910	308	136	192	212	212	196	128	96	140	88	56	624
30622492_zpid	30622492_zpid	11211	420 Graham Ave, Brooklyn, NY 11211	40.717485	-73.944612	0.0441458241827	13	0.376605671567	4	0.328456973009	4	2	1	3900	950000	122	1775	1920	14	67	15	42	14	27	42	13	24	8	18	126
30636682_zpid	30636682_zpid	11207	1 Van Siclen Ct, Brooklyn, NY 11207	40.681151	-73.892173	0.206202188483	4	0.111103933453	4	0.378198464554	3	4	2	2340	346000	16	1400	1910	356	140	220	240	172	252	168	144	152	112	44	556
30732855_zpid	30732855_zpid	11224	3717 Nautilus Ave, Brooklyn, NY 11224	40.576302	-74.00385	0.662928921726	1	0.203321766609	2	1.91634876546	0	3	3	1744	450000	109	3000	1901	50	13	15	40	13	5	20	7	19	13	2	52
30599448_zpid	30599448_zpid	11233	608 Macdonough St, Brooklyn, NY 11233	40.683251	-73.9220409	0.375907527485	9	0.522564568983	2	0.504283607309	3	4	3.5	2352	1280000	19	1867	1899	192	52	123	151	111	24	23	13	54	76	25	237
94716435_zpid	94716435_zpid	11203	1017 Schenectady Ave, Brooklyn, NY 11203	40.6483224	-73.9329415	0.341895742644	7	0.272916222868	3	1.39968592469	0	5	3	2243	397488	53	1347	2010	134	11	50	44	50	37	26	1	15	23	9	126
30608893_zpid	30608893_zpid	11216	363 Gates Ave, Brooklyn, NY 11216	40.686196	-73.9526829	0.167976472467	11	0.199465939916	7	0.427826083679	5	5	4	2880	1200000	0	2000	1899	169	118	94	123	87	35	38	16	38	50	37	255
30725649_zpid	30725649_zpid	11230	1366 E 19th St, Brooklyn, NY 11230	40.617035	-73.956267	0.17296676127	6	0.297163632618	4	0.272494580017	1	3	2.5	1360	567000	23	3005	1925	130	17	48	74	43	52	32	23	16	14	4	137
29784475_zpid	29784475_zpid	10458	2411 Lorillard Pl, Bronx, NY 10458	40.85683	-73.889155	0.0917845317492	10	0.200852091039	3	0.52911161911	1	5	4.5	2140	300000	146	2252	1910	449	78	176	207	197	26	41	17	50	74	29	339
29784665_zpid	29784665_zpid	10457	615 Oak Tree Pl, Bronx, NY 10457	40.851245	-73.889855	0.318187649676	12	0.461299983447	4	0.947127453385	0	3	2	1366	312000	22	2090	1985	205	40	106	133	114	27	15	11	41	53	24	188
30699658_zpid	30699658_zpid	11209	21 87th St, Brooklyn, NY 11209	40.62493	-74.039636	0.763550201631	0	0.845255858421	0	0.981797513351	0	3	3	2300	1415000	1	3998	1925	17	9	1	14	4	12	20	9	6	2	1	42
30694047_zpid	30694047_zpid	11209	324 72nd St, Brooklyn, NY 11209	40.633111	-74.026231	0.0827642033865	16	0.196603805042	4	0.317517659807	2	5	3	3120	901000	17	2000	1910	125	35	45	51	35	39	44	62	23	18	7	167
30704636_zpid	30704636_zpid	11204	1949 73rd St, Brooklyn, NY 11204	40.612717	-73.991298	0.131158799801	12	0.119845349656	8	0.744194709789	1	8	3	2400	1410000	6	2400	1930	56	12	22	39	25	50	31	23	22	11	3	115
30747116_zpid	30747116_zpid	11229	2375 E 23rd St, Brooklyn, NY 11229	40.593405	-73.947049	0.254587739487	11	0.518281010161	4	0.71566897134	1	6	3	2840	875000	10	2917	1930	39	11	13	22	12	27	27	24	16	5	4	61
29826619_zpid	29826619_zpid	10467	726 E 214th St, Bronx, NY 10467	40.879292	-73.863871	0.174527228776	4	0.175313436558	2	0.288259955903	3	4	2	1664	389999	0	1154	1915	216	17	82	88	72	60	26	4	34	37	17	193
30651038_zpid	30651038_zpid	11212	1067 Winthrop St, Brooklyn, NY 11212	40.661443	-73.924404	0.209080470777	10	0.217285682521	6	0.395465927402	2	6	2	3840	240000	14	2150	1930	2016	56	768	840	668	212	76	28	164	288	112	1180
29797414_zpid	29797414_zpid	10462	2310 Powell Ave, Bronx, NY 10462	40.831454	-73.847247	0.295170407983	8	0.59715726617	2	0.489061961542	2	3	3.5	1665	350500	18	2369	1955	116	17	31	21	19	38	21	11	11	6	6	89
29822606_zpid	29822606_zpid	10469	2522 Tiemann Ave, Bronx, NY 10469	40.863495	-73.837675	0.462408008906	2	0.221302948513	1	0.994109495739	0	3	1	2500	380000	127	2500	1965	9	10	4	6	0	11	18	13	14	2	2	44
30589684_zpid	30589684_zpid	11238	562 Bergen St, Brooklyn, NY 11238	40.6798689	-73.971126	0.22471194656	18	0.32632382323	6	0.297404489798	6	4	2.5	3220	2941000	25	1575	1901	65	54	23	37	17	13	30	16	16	10	11	95
30676375_zpid	30676375_zpid	11230	829 Foster Ave, Brooklyn, NY 11230	40.631697	-73.968558	0.413141576219	10	0.232391961709	4	0.615778482226	3	4	1.5	1640	537000	55	2003	1920	87	41	59	48	54	59	44	56	30	17	13	164
30725104_zpid	30725104_zpid	11230	1166 E 18th St, Brooklyn, NY 11230	40.62211	-73.958207	0.432238065978	8	0.414379255746	6	0.412393775649	2	5	2	3102	740000	12	2000	1925	171	21	77	97	87	33	36	13	18	42	9	187
30602599_zpid	30602599_zpid	11221	495 Van Buren St, Brooklyn, NY 11221	40.691942	-73.928949	0.0834544458109	9	0.165637349979	5	0.156263283678	3	4	2	3000	345000	45	2500	1920	210	78	96	127	135	53	41	17	42	53	37	308
30727312_zpid	30727312_zpid	11229	1745 E 14th St, Brooklyn, NY 11229	40.607059	-73.95862	0.147911621685	7	0.448028023359	4	0.192289552556	1	4	4	2592	750000	6	1799	1920	524	132	200	204	172	248	156	112	76	64	36	696
30679510_zpid	30679510_zpid	11204	2033 58th St, Brooklyn, NY 11204	40.620147	-73.980639	0.230288022705	4	0.718160114346	1	0.45941285337	3	3	1.5	816	925000	0	1999	1925	11	8	4	15	4	30	31	33	22	4	5	61
30737967_zpid	30737967_zpid	11223	2249 West St, Brooklyn, NY 11223	40.5939531	-73.9706163	0.21241343904	6	0.682816945624	1	0.329900615422	3	6	4	3020	1200000	1	2000	1935	192	32	68	128	44	184	132	152	112	24	24	468
30692670_zpid	30692670_zpid	11220	814 Bay Ridge Ave, Brooklyn, NY 11220	40.629906	-74.014661	0.0730969592338	9	0.273211434416	6	0.615299044472	1	7	3	3420	1250000	2	2650	1925	56	20	36	52	16	84	84	36	16	12	0	124
30591513_zpid	30591513_zpid	11216	601 Saint Marks Ave, Brooklyn, NY 11216	40.675683	-73.953743	0.225341667334	12	0.344254117412	5	0.342994172404	7	6	3	2431	605000	13	1378	1901	290	77	160	202	160	34	39	16	39	58	43	244
30732917_zpid	30732917_zpid	11224	3520 Neptune Ave, Brooklyn, NY 11224	40.576809	-74.0016969	0.663427103779	1	0.0672315211903	2	1.73158061223	0	4	2	2142	312000	31	2350	1901	51	18	14	36	13	5	21	10	17	14	1	61
30756144_zpid	30756144_zpid	11234	1553 E 32nd St, Brooklyn, NY 11234	40.615186	-73.942001	0.310519417867	2	0.307974651468	3	1.49486725618	0	2	1	1600	297000	186	2500	1930	40	40	24	44	12	100	68	68	96	16	16	256
30577899_zpid	30577899_zpid	11220	431 54th St, Brooklyn, NY 11220	40.643886	-74.013862	0.158430512119	11	0.260082310534	7	0.132489896536	3	5	3	2640	775000	29	2000	1899	153	69	56	101	57	39	67	35	45	31	8	280
30602560_zpid	30602560_zpid	11221	287 Van Buren St, Brooklyn, NY 11221	40.691185	-73.93541	0.372171414632	11	0.534505375191	7	0.606308110857	2	5	3.5	2364	595000	29	1750	1899	181	40	91	128	100	41	29	14	36	49	43	225
30792198_zpid	30792198_zpid	11235	3002 Voorhies Ave, Brooklyn, NY 11235	40.587218	-73.938083	0.280018015758	7	0.477926721116	1	1.35916841184	0	7	3	1744	2300000	0	9900	1920	42	6	26	31	19	32	16	24	29	10	5	106
30602983_zpid	30602983_zpid	11221	715 Lexington Ave, Brooklyn, NY 11221	40.690031	-73.932416	0.430065638382	10	0.433459444049	4	0.477790858012	1	6	3	4400	675000	121	2000	1899	908	228	452	528	464	232	128	64	160	256	196	1104
29826630_zpid	29826630_zpid	10467	3604 Holland Ave, Bronx, NY 10467	40.878862	-73.863626	0.198116616021	5	0.168510805678	2	0.275525958071	3	4	4	1780	499000	0	1781	1928	210	17	79	81	69	59	27	4	32	35	18	180
30601535_zpid	30601535_zpid	11233	225 Thomas S Boyland St, Brooklyn, NY 11233	40.67682	-73.913373	0.453750637987	2	0.133418279468	3	0.287860995807	3	6	3	2040	715000	89	2419	1899	892	108	524	620	424	220	148	108	244	264	136	852
30568006_zpid	30568006_zpid	11201	149 Clinton St, Brooklyn, NY 11201	40.6915731	-73.9934922	0.133102194979	18	0.140875763308	5	0.296795896105	8	8	5	4400	4500000	2	1333	1900	57	112	25	60	13	28	66	44	35	12	11	255
89074930_zpid	89074930_zpid	11224	5107 Ocean View Ave, Brooklyn, NY 11224	40.5798328	-74.0100641	0.0912444663165	1	0.740537731047	1	2.43904433827	0	3	2.5	2000	496860	57	3580	1930	9	5	3	15	4	1	10	0	9	1	2	13
112498825_zpid	112498825_zpid	11217	99 Saint Marks Pl, Brooklyn, NY 11217	40.681577	-73.97877	0.091306110071	12	0.237640391394	3	0.232570930525	9	1	1	4224	1560000	95	2000	1910	72	225	37	41	31	53	53	65	40	15	27	223
30765243_zpid	30765243_zpid	11234	2224 Schenectady Ave, Brooklyn, NY 11234	40.617569	-73.929978	0.147676843631	8	0.686461092518	2	2.2617895576	0	3	1.5	1118	177000	1	1306	1920	11	54	3	8	3	36	32	20	11	6	2	122
30666181_zpid	30666181_zpid	11226	156 Martense St, Brooklyn, NY 11226	40.651211	-73.953765	0.453839657225	10	0.190516533975	7	0.356238685015	2	8	3	3282	1200000	0	2400	1915	504	82	238	238	240	88	34	23	67	76	22	380
30653254_zpid	30653254_zpid	11212	496 E 95th St APT 1, Brooklyn, NY 11212	40.655319	-73.916926	0.158895454191	9	0.528402440911	2	0.684704830827	1	7	4	3200	499000	57	3000	1930	1360	60	568	520	440	212	60	32	120	216	80	820
30653254_zpid	30653254_zpid	11212	496 E 95th St APT 1, Brooklyn, NY 11212	40.655319	-73.916926	0.158895454191	9	0.444782483244	3	0.684704830827	1	7	4	3200	499000	57	3000	1930	1360	60	568	520	440	212	60	32	120	216	80	820
29784522_zpid	29784522_zpid	10458	2451 Hoffman St, Bronx, NY 10458	40.857401	-73.887565	0.114228671633	10	0.242682108682	4	0.51729202164	1	3	2	1440	285000	8	1606	1901	395	67	138	159	148	24	38	17	49	60	26	286
30770710_zpid	30770710_zpid	11236	1404 Remsen Ave, Brooklyn, NY 11236	40.636125	-73.901876	0.281572065722	8	0.434832811249	2	1.17208497614	0	7	3	2825	599000	0	3090	1960	42	19	23	29	10	53	20	8	19	8	11	90
30776894_zpid	30776894_zpid	11236	10529 Flatlands 4th St, Brooklyn, NY 11236	40.643811	-73.889227	0.539788996341	2	0.504634261119	3	1.11217463324	0	5	2	2200	550000	27	2200	1960	160	12	48	56	48	68	44	12	52	36	24	192
30698193_zpid	30698193_zpid	11209	345 82nd St, Brooklyn, NY 11209	40.626237	-74.028313	0.160451980804	15	0.236349391076	6	0.39524944387	2	2	1	1288	375000	169	1941	1920	92	65	41	39	23	57	45	47	16	21	5	200
30623445_zpid	30623445_zpid	11211	537 Grand St, Brooklyn, NY 11211	40.711295	-73.9499079	0.0222690063262	16	0.114361127513	7	0.305032197518	5	2	2	1800	2700000	0	2252	1920	87	205	69	79	62	30	36	17	18	19	13	212
122027085_zpid	122027085_zpid	11211	251 S 3rd St # 4A, Brooklyn, NY 11211	40.710927	-73.957149	0.0814378068585	20	0.177696171243	7	0.296430185845	4	2	1	800	565128	33	2930	2008	171	318	121	147	98	30	53	31	37	27	29	352
30607035_zpid	30607035_zpid	11206	175A Vernon Ave, Brooklyn, NY 11206	40.695337	-73.944999	0.122560726845	9	0.312192458382	3	0.339876653947	3	5	3	2565	1300000	0	1875	1899	118	41	75	111	56	56	24	41	26	39	26	168
30783394_zpid	30783394_zpid	11234	2136 E 63rd St, Brooklyn, NY 11234	40.615098	-73.912528	0.313485639821	6	0.355197954885	1	3.5638559368	0	3	2	5000	410000	163	4950	1850	32	36	28	32	8	48	60	24	64	4	12	168
30793569_zpid	30793569_zpid	11229	22 Nova Ct, Brooklyn, NY 11229	40.58714	-73.924419	0.364429976978	2	1.36908039209	0	2.51397188731	0	3	2	1200	60000	109	1800	1925	2	3	1	14	0	0	31	11	22	2	5	40
30664419_zpid	30664419_zpid	11226	14 Parkside Ct, Brooklyn, NY 11226	40.656148	-73.960635	0.0990993793019	11	0.0911423677853	4	0.119812008166	3	3	1	3672	355000	139	1700	1910	1052	200	524	616	476	72	96	80	148	156	48	744
30664419_zpid	30664419_zpid	11226	14 Parkside Ct, Brooklyn, NY 11226	40.656148	-73.960635	0.0990993793019	12	0.0911423677853	4	0.119812008166	3	3	1	3672	355000	139	1700	1910	1052	200	524	616	476	72	96	80	148	156	48	744
30763388_zpid	30763388_zpid	11234	5509 Avenue M, Brooklyn, NY 11234	40.621885	-73.921892	0.246501743682	9	0.480276861796	1	2.49381078062	0	3	1	1134	399900	23	1800	1920	8	13	8	12	12	38	27	17	20	8	9	126
30613965_zpid	30613965_zpid	11238	15 Irving Pl, Brooklyn, NY 11238	40.684571	-73.95981	0.295780602391	12	0.263704826433	6	0.47939908712	5	8	3	3516	22500	251	2300	1899	125	182	80	118	70	29	50	19	53	21	41	204
29844467_zpid	29844467_zpid	10465	1611 Bayshore Ave, Bronx, NY 10465	40.846516	-73.816706	1.12117974081	0	0.793740568159	0	1.12905007699	0	7	4	4724	725000	16	5000	1965	1	2	2	4	0	14	17	15	5	1	0	29
30633946_zpid	30633946_zpid	11207	123 New Jersey Ave, Brooklyn, NY 11207	40.676912	-73.895845	0.162868191087	5	0.380569149246	4	0.237315076432	8	4	3	1720	383250	38	2500	1901	97	21	67	84	52	59	40	38	26	33	13	161
