30667583_zpid	30667583_zpid	11218	805 Coney Island Ave, Brooklyn, NY 11218	40.6376754	-73.9680345	0.425319499274	9	0.317768633306	8	0.503514131216	2	6	3.5	4000	765000	32	1363	1930	160	32	62	57	31	59	38	33	19	14	9	145
30620647_zpid	30620647_zpid	11222	1030 Lorimer St, Brooklyn, NY 11222	40.726407	-73.953022	0.112891578485	12	0.172011920717	4	0.246135040813	2	3	2	5000	1710000	24	2500	1899	53	87	22	51	22	36	40	29	20	17	13	193
29792124_zpid	29792124_zpid	10473	2060 Cicero Ave, Bronx, NY 10473	40.816901	-73.8514749	0.22763527402	3	0.48261729351	2	1.93418952954	0	5	2	2325	549000	0	2000	1987	42	9	12	13	10	15	11	7	12	9	6	53
29820383_zpid	29820383_zpid	10469	2321 Vance St, Bronx, NY 10469	40.859966	-73.831727	0.916281388155	0	0.450407868755	1	0.874882421607	0	3	1.5	1500	400000	4	2800	1950	1	3	1	0	0	1	7	1	2	0	2	11
30634413_zpid	30634413_zpid	11212	447 Mother Gaston Blvd, Brooklyn, NY 11212	40.668154	-73.9061229	0.179097317332	7	0.126613946025	11	0.375355788685	4	2	3	2000	629000	0	2500	1930	62	11	21	26	21	10	23	5	10	10	11	85
29777072_zpid	29777072_zpid	10455	461 Brook Ave, Bronx, NY 10455	40.812742	-73.916531	0.596648428433	2	0.0753143163113	8	0.388784649282	2	5	3	3000	281500	28	2000	1991	27	12	21	31	17	10	13	3	13	7	5	101
30645328_zpid	30645328_zpid	11208	185 Crystal St, Brooklyn, NY 11208	40.674202	-73.873814	0.168643156525	9	0.159030996355	5	0.194686400427	2	4	3	1428	420000	18	2500	1930	180	21	98	113	87	58	49	6	39	60	19	195
30770733_zpid	30770733_zpid	11236	28 Paerdegat 6th St, Brooklyn, NY 11236	40.630605	-73.908311	0.65254154948	2	0.66869346265	2	1.86807242173	0	3	1.5	2541	600000	72	1306800	1970	120	20	36	60	24	176	76	12	88	16	16	176
30696740_zpid	30696740_zpid	11209	75 79th St, Brooklyn, NY 11209	40.6304858	-74.0358313	0.562909580079	6	0.931107444857	0	0.875902976885	0	3	4	2086	1650000	0	3500	1920	19	8	5	8	7	24	27	40	11	2	1	44
30695535_zpid	30695535_zpid	11228	7515 Fort Hamilton Pkwy, Brooklyn, NY 11228	40.625283	-74.016722	0.439053619282	9	0.28433144007	4	0.893112396014	0	5	2	3540	715000	46	1801	1899	13	7	10	17	7	27	29	20	13	3	4	51
30572406_zpid	30572406_zpid	11231	434 Union St, Brooklyn, NY 11231	40.679971	-73.990289	0.400707829551	9	0.305493963913	2	0.352101442515	3	5	3.5	3200	2900000	0	2033	1920	15	27	2	26	10	12	29	30	15	3	2	90
30750483_zpid	30750483_zpid	11210	875 E 21st St, Brooklyn, NY 11210	40.6322339	-73.956255	0.463605684556	9	0.615122479868	3	0.561919684456	3	6	2	1975	910000	33	4000	1920	35	13	23	30	31	23	13	12	17	7	3	60
30672950_zpid	30672950_zpid	11218	134 E 8th St, Brooklyn, NY 11218	40.64676	-73.9725969	0.115672235487	12	0.607101874208	2	0.431171213437	3	3	2	1642	995000	0	1642	1901	134	34	48	70	54	38	34	28	26	23	8	154
30764642_zpid	30764642_zpid	11234	5410 Avenue M, Brooklyn, NY 11234	40.621403	-73.922862	0.19224902381	9	0.438473603934	1	2.45009316771	0	4	1	9800	300000	16	1733	1920	10	27	6	12	11	40	29	15	20	9	9	126
30773276_zpid	30773276_zpid	11236	9418 Foster Ave, Brooklyn, NY 11236	40.6468459	-73.907521	0.327603741426	2	0.977801865573	0	0.479463289244	1	9	3	3240	675000	11	130680000	1955	35	6	19	30	16	45	23	6	8	18	6	79
29796668_zpid	29796668_zpid	10472	2026 Powell Ave, Bronx, NY 10472	40.830289	-73.855881	0.157992265491	13	0.481003255702	8	0.52883900598	2	11	4	3200	575000	0	2575	1930	94	17	61	62	46	43	30	10	59	23	9	106
30653741_zpid	30653741_zpid	11203	5717 Kings Hwy, Brooklyn, NY 11203	40.651014	-73.922893	0.310880223145	8	0.392496721233	2	1.28758143852	0	3	3	1728	430000	70	2639	1935	98	11	34	45	35	37	27	6	13	17	7	95
30614878_zpid	30614878_zpid	11205	32 N Portland Ave, Brooklyn, NY 11205	40.697121	-73.976868	0.395136494944	4	0.492130422631	2	0.890829632693	0	8	6	4000	502000	30	1693	1899	18	13	5	15	13	22	4	18	1	11	5	45
30784835_zpid	30784835_zpid	11234	1963 E 32nd St, Brooklyn, NY 11234	40.608472	-73.934507	0.446791953633	4	0.643991760375	1	1.96992512601	0	3	2.5	1694	220000	189	2200	1940	0	24	16	4	8	32	76	76	76	4	4	104
30759236_zpid	30759236_zpid	11234	1132 E 53rd St, Brooklyn, NY 11234	40.631478	-73.92561	0.220062046306	5	0.578924125974	2	1.86741482511	0	4	2	1626	426000	19	2150	1945	36	14	14	24	12	49	25	15	15	16	3	71
83045267_zpid	83045267_zpid	11207	45 De Sales Pl, Brooklyn, NY 11207	40.6816639	-73.9054199	0.173399128502	4	0.338330734716	3	0.0763175265022	8	10	3.5	4127	770000	101	2000	2007	196	72	176	200	152	44	64	56	48	76	24	420
83179150_zpid	83179150_zpid	10474	647 Bryant Ave, Bronx, NY 10474	40.81356	-73.88556	0.20728796203	5	0.217304377203	3	0.923604346191	0	3	1	2000	1260000	5	7500	1994	127	16	90	78	68	25	15	3	29	17	12	140
29843322_zpid	29843322_zpid	10465	3175 Parsifal Pl, Bronx, NY 10465	40.839838	-73.822185	0.57795884581	2	0.538215140708	2	1.16921360192	0	3	3	1280	425000	14	2120	1927	1	13	7	2	3	4	29	13	7	2	2	33
30595988_zpid	30595988_zpid	11233	1389 Saint Marks Ave, Brooklyn, NY 11233	40.673899	-73.922351	0.400987613138	4	0.463432400787	3	0.543356339803	1	4	2	1568	25000	81	1333	1910	172	28	111	104	87	17	18	5	37	39	18	168
30670800_zpid	30670800_zpid	11218	638 20th St, Brooklyn, NY 11218	40.652878	-73.979523	0.265987411538	7	0.463588268783	1	0.46720609346	1	4	2	1580	1325000	14	2500	1899	12	68	32	48	20	80	76	96	56	0	12	172
30670800_zpid	30670800_zpid	11218	638 20th St, Brooklyn, NY 11218	40.652878	-73.979523	0.265987411538	7	0.306647803704	2	0.46720609346	1	4	2	1580	1325000	14	2500	1899	12	68	32	48	20	80	76	96	56	0	12	172
30699956_zpid	30699956_zpid	11209	256 87th St, Brooklyn, NY 11209	40.622731	-74.032388	0.115558419525	13	0.328771321595	6	0.337162552946	2	3	2.25	1505	875000	8	3000	1940	89	42	34	52	20	57	31	21	16	7	3	177
30615731_zpid	30615731_zpid	11205	308 Carlton Ave, Brooklyn, NY 11205	40.688366	-73.972209	0.120415774122	10	0.376667488032	3	0.240978058569	8	4	3	4400	3500000	24	2200	1930	26	35	5	20	3	21	19	6	14	5	4	66
30784885_zpid	30784885_zpid	11234	1926 E 34th St, Brooklyn, NY 11234	40.609777	-73.934274	0.363421272881	2	0.529424249758	1	1.99324811078	0	3	2	1176	575000	2	1800	1930	1	10	3	4	2	10	20	22	28	1	2	35
30681292_zpid	30681292_zpid	11204	1823 64th St, Brooklyn, NY 11204	40.619439	-73.988782	0.383411848827	6	0.24829339296	3	0.194485942153	2	3	1.5	1228	590000	15	1341	1920	57	19	33	53	19	64	48	99	25	10	10	154
30783088_zpid	30783088_zpid	11234	2376 E 72nd St, Brooklyn, NY 11234	40.615465	-73.901747	0.776111128416	0	0.677091609098	1	3.4719545028	0	3	2.5	1729	640000	11	2558	1965	8	52	8	24	0	16	72	36	44	4	12	184
62649434_zpid	62649434_zpid	11229	2335 Stuart St, Brooklyn, NY 11229	40.600055	-73.9314799	0.313269718	4	0.252591621419	1	2.06819775963	0	4	5	2560	849000	0	1600	2002	15	14	1	7	2	8	19	6	11	1	2	38
30700383_zpid	30700383_zpid	11209	258 89th St, Brooklyn, NY 11209	40.6213539	-74.032924	0.202846928009	15	0.183445698591	5	0.410203572015	2	3	1.5	1400	735000	17	2000	1925	81	48	31	51	23	58	33	24	13	8	5	185
30602776_zpid	30602776_zpid	11221	462 Van Buren St, Brooklyn, NY 11221	40.691347	-73.929843	0.176135645592	10	0.264545702143	3	0.238461639841	2	4	2	2200	793500	11	2000	1899	194	84	95	130	130	51	39	17	41	54	37	284
30779366_zpid	30779366_zpid	11236	1406 E 101st St, Brooklyn, NY 11236	40.637132	-73.888534	0.333121087732	7	0.302301968787	4	1.54554467985	0	4	2	2000	455000	10	2000	1960	92	28	72	68	4	68	52	32	48	16	8	216
30745789_zpid	30745789_zpid	11229	2231 E 19th St, Brooklyn, NY 11229	40.596375	-73.951772	0.267979318188	12	0.259507789204	5	0.312819200667	2	3	3	2086	710000	20	3222	1945	100	23	30	33	46	56	43	34	27	14	6	142
30791733_zpid	30791733_zpid	11235	2756 E 23rd St, Brooklyn, NY 11235	40.585299	-73.945351	0.174429573723	7	0.740050098049	2	0.765220902153	0	3	2.5	1796	915000	14	8061	1901	33	10	11	31	5	38	23	26	22	3	4	89
68310418_zpid	68310418_zpid	11221	432 Lexington Ave, Brooklyn, NY 11221	40.688244	-73.9438009	0.131440215844	11	0.21398416573	5	0.68507931374	1	6	3	3240	1399999	0	1799	2005	592	164	308	412	312	84	100	28	112	168	64	664
68310418_zpid	68310418_zpid	11221	432 Lexington Ave, Brooklyn, NY 11221	40.688244	-73.9438009	0.174178663311	10	0.21398416573	5	0.68507931374	1	6	3	3240	1399999	0	1799	2005	592	164	308	412	312	84	100	28	112	168	64	664
30765775_zpid	30765775_zpid	11234	1469 E 58th St, Brooklyn, NY 11234	40.618509	-73.918806	0.128781865057	10	0.806323895971	0	2.91192967958	0	2	2	1250	529000	8	2500	1925	52	40	28	20	36	132	132	52	88	12	28	452
29795992_zpid	29795992_zpid	10472	1250 Metcalf Ave, Bronx, NY 10472	40.830891	-73.872612	0.0731151533477	6	0.170490324753	1	0.225313182013	3	7	3	2764	416580	139	2000	1960	367	50	145	181	152	49	20	10	60	78	20	268
30734735_zpid	30734735_zpid	11223	402 Applegate Ct, Brooklyn, NY 11223	40.600542	-73.976166	0.25072407868	6	0.39652030884	4	0.424001947428	4	3	1.5	1036	695000	12	1560	1925	46	29	21	30	15	77	29	89	25	9	6	121
30574524_zpid	30574524_zpid	11232	185A 33rd St, Brooklyn, NY 11232	40.655667	-74.0018255	0.101845420496	4	0.608746263007	3	0.260093155859	2	3	2	1500	225000	318	1533	1987	27	31	11	17	13	9	35	16	16	1	9	82
30638273_zpid	30638273_zpid	11208	192 Essex St, Brooklyn, NY 11208	40.679636	-73.882962	0.166801049396	7	0.0627958737065	3	0.145745126043	3	6	3	3429	10000	27	2000	1901	87	26	60	73	57	43	38	21	35	27	14	172
30644329_zpid	30644329_zpid	11208	81 Forbell St, Brooklyn, NY 11208	40.681358	-73.8644939	0.272777397178	10	0.234007677836	9	0.482521550006	2	5	3	3006	352000	14	27007.2	1910	73	15	30	44	29	42	16	6	48	18	3	125
30567050_zpid	30567050_zpid	11217	203 Bergen St, Brooklyn, NY 11217	40.684982	-73.985437	0.155141133852	11	0.388126860289	1	0.428352754306	9	5	4	3340	2000000	13	1875	1910	55	81	8	41	14	37	50	21	22	16	14	148
30770443_zpid	30770443_zpid	11236	1169 E 84th St, Brooklyn, NY 11236	40.632968	-73.905057	0.636929294414	6	0.708158927719	2	1.54741570303	0	4	3	1880	560000	16	2200	1960	188	36	80	112	36	276	124	32	108	24	44	308
30639023_zpid	30639023_zpid	11208	394 Shepherd Ave, Brooklyn, NY 11208	40.674952	-73.881286	0.183009592022	9	0.375547598497	4	0.102082987698	3	2	1	1800	382980	64	1800	1901	584	84	284	348	248	160	132	52	128	192	76	644
29782078_zpid	29782078_zpid	10453	1760 Grand Ave, Bronx, NY 10453	40.849881	-73.912666	0.275295758052	11	0.20197339871	8	0.172379474605	5	9	4	4278	849000	0	3575	1930	693	63	282	295	274	122	37	15	108	89	29	425
29843325_zpid	29843325_zpid	10465	3181 Parsifal Pl, Bronx, NY 10465	40.839736	-73.821929	0.561570609482	2	0.521858643054	2	1.19288940936	0	3	2	1984	495000	0	2121	1925	1	13	7	2	3	4	28	13	7	2	2	32
30612596_zpid	30612596_zpid	11205	457 Lafayette Ave, Brooklyn, NY 11205	40.689473	-73.956575	0.184660096239	9	0.184042456743	6	0.302475432841	2	11	4	3200	1519000	0	1600	1905	126	51	29	48	26	24	27	29	22	10	18	125
30591629_zpid	30591629_zpid	11213	871 Saint Marks Ave, Brooklyn, NY 11213	40.675118	-73.942914	0.129974574034	11	0.495273799806	8	0.562136644181	3	9	5	6420	1300000	44	3539	1899	266	57	121	118	100	20	23	5	37	54	19	234
30761812_zpid	30761812_zpid	11234	1367 E 40th St, Brooklyn, NY 11234	40.622704	-73.9338889	0.173942780192	8	0.178392880912	2	1.61934150076	0	5	3	2292	535000	24	1219	1955	40	13	18	26	23	31	26	24	16	6	0	121
30747830_zpid	30747830_zpid	11235	2458 E 16th St, Brooklyn, NY 11235	40.5907359	-73.954102	0.11847507992	12	0.213721383708	4	0.427479192822	2	6	2.5	2300	425000	146	2378	1984	71	12	10	30	19	38	28	24	25	8	3	95
29841683_zpid	29841683_zpid	10461	1322 Edwards Ave, Bronx, NY 10461	40.837069	-73.8348649	0.128142433301	2	0.935249157348	0	0.75244377603	0	3	2	1200	429100	12	2430	1920	19	17	14	17	10	31	18	16	7	4	1	65
30627061_zpid	30627061_zpid	11221	334 Central Ave, Brooklyn, NY 11221	40.6951758	-73.9203987	0.411974915247	10	0.06045462952	6	0.392618494121	4	3	1	4500	600000	36	2500	1931	660	176	292	380	240	116	108	52	252	100	100	704
30601427_zpid	30601427_zpid	11233	21 Dewey Pl, Brooklyn, NY 11233	40.677189	-73.917978	0.119253879744	2	0.497095988378	4	0.344776159245	2	7	4	1950	899000	0	1950	1905	224	17	134	158	112	36	37	17	62	68	35	201
30774012_zpid	30774012_zpid	11236	9805 Flatlands Ave, Brooklyn, NY 11236	40.6445239	-73.899813	0.275489753998	5	0.755917472536	0	0.292965845976	2	3	2	1280	375000	5	4434	1940	240	40	96	84	60	240	80	32	48	80	32	412
30774012_zpid	30774012_zpid	11236	9805 Flatlands Ave, Brooklyn, NY 11236	40.6445239	-73.899813	0.275489753998	4	0.755917472536	0	0.292965845976	2	3	2	1280	375000	5	4434	1940	240	40	96	84	60	240	80	32	48	80	32	412
30783543_zpid	30783543_zpid	11229	1851 Madison Pl, Brooklyn, NY 11229	40.608856	-73.938799	0.494772269306	3	0.538164101572	1	1.60719741139	0	5	1.5	1800	780000	27	3100	1925	12	20	20	56	24	40	48	28	24	4	8	116
30713521_zpid	30713521_zpid	11214	129 Bay 32nd St, Brooklyn, NY 11214	40.598363	-73.994702	0.193577598812	9	0.389296410601	7	0.402955872081	3	5	3	3900	740000	45	40	1910	122	19	40	47	30	92	43	23	22	14	5	130
64505236_zpid	64505236_zpid	11210	4011 Hubbard Pl, Brooklyn, NY 11210	40.6253432	-73.9365133	0.24853332461	2	0.822641834178	0	1.25686252947	0	4	2	2081	606900	125	1742	2004	244	28	108	132	80	136	128	36	76	44	36	280
64505236_zpid	64505236_zpid	11210	4011 Hubbard Pl, Brooklyn, NY 11210	40.6253432	-73.9365133	0.24853332461	1	0.822641834178	0	1.25686252947	0	4	2	2081	606900	125	1742	2004	244	28	108	132	80	136	128	36	76	44	36	280
30783522_zpid	30783522_zpid	11229	1846 Madison Pl, Brooklyn, NY 11229	40.608685	-73.939386	0.464527002699	3	0.565774786244	1	1.55746537425	0	3	2	1352	245000	64	2000	1930	11	6	5	15	6	10	14	8	10	1	2	33
29845041_zpid	29845041_zpid	10465	731 Hollywood Ave, Bronx, NY 10465	40.82838	-73.820366	0.648857238728	3	0.272078097349	1	2.18554319593	0	3	2	1560	360000	8	1968	1960	11	15	6	16	1	14	24	37	21	2	5	74
2099175113_zpid	2099175113_zpid	11236	1103 E 95th Street, Brooklyn, NY 11236	40.643846	-73.903373	0.284103526362	5	0.896093292843	0	0.338020043825	1	6	3	2348	675000	0	2415	1925	53	10	20	21	16	59	23	9	8	18	8	99
83178529_zpid	83178529_zpid	10458	2355 Washington Ave, Bronx, NY 10458	40.856662	-73.8922429	0.130277288311	11	0.389643395007	7	0.553588310864	3	9	3	4320	450000	0	1637	2007	407	48	180	181	204	23	30	14	42	66	29	308
30609557_zpid	30609557_zpid	11216	230 Madison St, Brooklyn, NY 11216	40.684561	-73.949674	0.121421264665	10	0.138583248186	8	0.443458565316	5	5	3	2400	1150000	6	2000	1910	218	149	104	149	105	38	53	28	55	68	33	300
30624348_zpid	30624348_zpid	11206	243 Scholes St, Brooklyn, NY 11206	40.709411	-73.9389209	0.205910292319	7	0.381372111209	4	0.201964701297	4	9	4	3725	985000	64	2500	1920	54	71	22	33	19	14	20	13	10	6	9	95
30631309_zpid	30631309_zpid	11207	2038 Eastern Pkwy, Brooklyn, NY 11207	40.6807737	-73.904368	0.303032892589	5	0.457324283099	2	0.142529642738	9	5	2	1680	339200	48	871	1905	36	15	25	37	22	5	14	13	9	10	4	82
29787759_zpid	29787759_zpid	10458	2704 Bainbridge Ave, Bronx, NY 10458	40.865658	-73.890908	0.414687212953	9	0.139111738364	10	0.263697833829	4	6	4	3017	649000	0	2996	1940	547	79	211	226	273	34	20	3	80	64	28	354
30774454_zpid	30774454_zpid	11236	1148 E 98th St, Brooklyn, NY 11236	40.643415	-73.899346	0.147784664633	6	0.697598207729	1	0.41801721312	1	6	2	2200	490000	42	3840	1926	47	10	22	17	17	55	21	8	13	15	8	93
30671178_zpid	30671178_zpid	11218	27 E 4th St, Brooklyn, NY 11218	40.652064	-73.977803	0.148222375022	7	0.523461258655	1	0.305531394127	1	3	2	1492	999999	0	2500	1899	68	96	52	84	52	92	104	112	72	8	20	228
29784904_zpid	29784904_zpid	10458	636 E 183rd St, Bronx, NY 10458	40.852478	-73.887924	0.206674732585	10	0.248622269896	2	1.02451970646	0	5	2	3150	428000	46	1875	1931	339	66	122	144	138	14	21	8	46	59	19	222
30769044_zpid	30769044_zpid	11236	935 E 78th St, Brooklyn, NY 11236	40.633987	-73.913758	0.0829430309078	5	0.144421995558	3	1.73208701472	0	5	3	2160	648000	0	1800	1960	72	32	72	52	32	184	112	36	92	28	20	268
30668249_zpid	30668249_zpid	11226	523 Rugby Rd, Brooklyn, NY 11226	40.636967	-73.964277	0.160590900993	7	0.228607590515	7	0.244432900748	2	8	5.5	4088	2025000	21	3318	1905	122	24	52	53	54	21	15	10	14	17	3	93
30653984_zpid	30653984_zpid	11236	582 E 92nd St, Brooklyn, NY 11236	40.652603	-73.917588	0.129190506788	7	0.684027247723	1	0.990916243305	0	5	3	2280	458000	8	2517	1920	156	12	48	88	60	128	56	28	40	48	12	240
83178599_zpid	83178599_zpid	10456	1321 College Ave # B, Bronx, NY 10456	40.8358776	-73.911845	0.338127774001	6	0.196152344615	9	0.403492626664	3	7	5	3548	1000	23	3038	2007	506	91	206	214	240	43	23	5	77	82	34	307
30753909_zpid	30753909_zpid	11210	1242 E 23rd St, Brooklyn, NY 11210	40.620114	-73.952689	0.292565962438	4	0.57187273958	2	0.631402731673	1	5	3	2028	1165000	9	3000	1920	2	1	1	6	0	7	15	3	18	1	1	22
30736800_zpid	30736800_zpid	11223	2135 W 7th St, Brooklyn, NY 11223	40.5955015	-73.9781418	0.168821012134	6	0.159125017857	2	0.235035601153	4	2	2	1120	681000	18	1600	1925	136	56	28	108	40	184	92	136	104	16	28	332
29845704_zpid	29845704_zpid	10465	1017 Vincent Ave, Bronx, NY 10465	40.833922	-73.820513	0.0998659698812	4	0.139583161171	1	1.73126946804	0	4	2.5	1224	447500	67	1710	1955	24	24	28	48	28	56	116	104	56	16	16	172
83178231_zpid	83178231_zpid	10460	784 E 178TH St, Bronx, NY 10460	40.8446272	-73.887444	0.161606629721	11	0.278895647394	1	0.787660899744	0	7	4.5	2500	524398	21	2692	2013	231	14	110	100	108	16	12	9	36	34	21	170
30599233_zpid	30599233_zpid	11233	834 Halsey St, Brooklyn, NY 11233	40.684887	-73.920779	0.179761501338	6	0.411721619933	4	0.390929255914	3	10	4	2900	1100000	12	1800	1909	162	51	112	119	105	11	28	14	49	75	17	218
30615592_zpid	30615592_zpid	11217	35 S Portland Ave, Brooklyn, NY 11217	40.6885509	-73.974582	0.140429675884	10	0.211735393857	3	0.136388125846	9	7	5	4400	4395000	0	2200	1863	36	47	20	22	9	10	18	18	14	9	10	85
30567467_zpid	30567467_zpid	11201	113 Willow St, Brooklyn, NY 11201	40.6976579	-73.99535	0.151907380447	11	0.221380687438	2	0.192267988215	5	7	6	5000	10995000	0	2680	1829	172	368	68	80	64	24	192	88	80	24	40	524
30567467_zpid	30567467_zpid	11201	113 Willow St, Brooklyn, NY 11201	40.6976579	-73.99535	0.151907380447	13	0.221380687438	2	0.192267988215	5	7	6	5000	10995000	0	2680	1829	172	368	68	80	64	24	192	88	80	24	40	524
30660144_zpid	30660144_zpid	11226	109 E 32nd St, Brooklyn, NY 11226	40.648131	-73.9471	0.171694377517	6	0.294781012018	5	0.367204079156	2	2	2	3000	540000	113	2050	1910	170	19	55	54	47	68	19	13	20	24	16	128
29844067_zpid	29844067_zpid	10465	1607 Stadium Ave, Bronx, NY 10465	40.84666	-73.820524	0.816733334782	0	0.495497415779	1	0.890655874341	0	3	2	1683	529000	0	2500	1960	1	3	2	4	0	13	27	15	8	1	0	28
30695543_zpid	30695543_zpid	11228	928 Bay Ridge Pkwy, Brooklyn, NY 11228	40.625119	-74.015964	0.407142854206	8	0.257475753851	2	0.956716858655	0	9	4	2360	1180000	29	2583	1930	16	8	10	18	7	30	34	24	15	3	4	57
30756100_zpid	30756100_zpid	11234	1554 E 32nd St, Brooklyn, NY 11234	40.614907	-73.9424389	0.268435513999	2	0.352553415434	3	1.46457760101	0	4	3.5	1600	733000	19	2500	1930	10	10	6	11	3	24	17	14	23	4	3	61
