30598970_zpid	30598970_zpid	11221	971 Putnam Ave, Brooklyn, NY 11221	40.687443	-73.922257	0.159473228177	11	0.420197211287	3	0.243458199336	2	2	1	2364	350000	32	1750	1899	166	52	82	124	87	29	21	6	28	49	29	189
30591039_zpid	30591039_zpid	11213	1515 Pacific St, Brooklyn, NY 11213	40.677375	-73.9409189	0.127863571246	8	0.396131003565	8	0.283466052154	2	8	3	2700	1450000	0	2000	1910	176	34	88	94	83	25	16	6	27	35	17	162
30571429_zpid	30571429_zpid	11217	453 Warren St, Brooklyn, NY 11217	40.6834533	-73.9861649	0.0832168784454	11	0.215729297507	1	0.496988740005	7	3	2.5	1999	2150000	8	1700	1899	23	64	5	32	8	40	42	17	16	15	12	120
30735851_zpid	30735851_zpid	11223	2257 Mcdonald Ave, Brooklyn, NY 11223	40.597421	-73.972858	0.352433980766	2	0.384503493972	5	0.156945690245	4	4	2	2678	435000	138	2881	1920	72	76	28	124	16	196	104	276	96	16	20	380
30735851_zpid	30735851_zpid	11223	2257 Mcdonald Ave, Brooklyn, NY 11223	40.597421	-73.972858	0.352433980766	2	0.551293513717	3	0.156945690245	4	4	2	2678	435000	138	2881	1920	72	76	28	124	16	196	104	276	96	16	20	380
30788371_zpid	30788371_zpid	11234	2304 E 66th St, Brooklyn, NY 11234	40.613648	-73.907515	0.413591263745	3	0.430682747786	1	3.70525095563	0	3	5	6300	3599999	0	6217	2007	0	15	4	8	2	9	12	12	10	1	1	53
30760925_zpid	30760925_zpid	11234	1390 E 49th St, Brooklyn, NY 11234	40.6271429	-73.929059	0.165610270671	9	0.412541620616	1	1.69305137019	0	4	3.5	1872	570000	17	2200	1930	124	68	76	100	64	212	116	76	88	28	12	336
30705001_zpid	30705001_zpid	11204	1628 73rd St, Brooklyn, NY 11204	40.616785	-73.998983	0.100040250378	9	0.335655980591	4	0.312301772777	2	3	1	1088	615000	6	1600	1920	9	13	6	28	7	23	13	15	10	3	2	44
30761618_zpid	30761618_zpid	11210	4036 Hubbard Pl, Brooklyn, NY 11210	40.624944	-73.935733	0.261002925767	7	0.74940595495	1	1.33571181258	0	4	1.5	1784	375950	13	1783	1915	164	20	76	104	40	88	112	36	68	32	36	240
30586258_zpid	30586258_zpid	11215	567 6th Ave, Brooklyn, NY 11215	40.663941	-73.9870879	0.24105855501	19	0.296984673603	7	0.515199304911	3	4	2.5	2187	920000	60	2446	1868	68	79	20	62	24	45	68	21	28	17	18	172
30602388_zpid	30602388_zpid	11221	548 Kosciuszko St, Brooklyn, NY 11221	40.692604	-73.931914	0.206735563651	12	0.353174690289	4	0.274246735983	3	5	3	2584	905000	20	1667	1899	151	90	86	106	103	52	35	15	33	49	41	253
30580478_zpid	30580478_zpid	11215	353 20th St, Brooklyn, NY 11215	40.659838	-73.98896	0.338123788849	12	0.259011392532	5	0.703145778377	1	3	3	1328	1280000	11	3180	1910	32	44	16	37	16	32	42	13	17	7	8	108
30669486_zpid	30669486_zpid	11210	2309 Foster Ave, Brooklyn, NY 11210	40.637939	-73.955438	0.204270267522	6	0.237041375921	4	0.635068599296	2	3	1	1700	370000	94	1680	1930	49	15	47	30	38	23	10	9	9	16	5	84
29852021_zpid	29852021_zpid	10463	3442 Corlear Ave, Bronx, NY 10463	40.883579	-73.903745	0.208559075171	13	0.219309476242	5	0.270583819029	2	3	1.5	1920	515000	17	1882	1945	226	41	70	63	58	45	52	13	41	28	16	158
30614103_zpid	30614103_zpid	11238	60 Monroe St, Brooklyn, NY 11238	40.68447	-73.956926	0.249986079956	10	0.205871475061	6	0.401417570589	4	3	2	2261	1600000	0	2000	1899	89	114	56	94	54	23	32	16	30	15	37	146
29777799_zpid	29777799_zpid	10451	322 E 151st St, Bronx, NY 10451	40.818003	-73.919968	0.328457085106	5	0.123049186802	9	0.281335029226	3	7	3	2880	580000	0	2352	1899	106	12	38	50	33	3	14	7	12	19	24	120
30663286_zpid	30663286_zpid	11203	706 E 43rd St, Brooklyn, NY 11203	40.6380399	-73.936016	0.44688356596	3	0.952923206108	0	1.06878554975	0	5	2	2040	530000	111	1758	1930	18	10	8	13	10	34	18	4	15	11	5	60
30745272_zpid	30745272_zpid	11229	2138 Ford St, Brooklyn, NY 11229	40.599859	-73.938214	0.362235135241	7	0.384912578386	4	1.49860376621	0	3	2	1080	410000	23	3000	1901	26	7	9	11	6	8	33	15	15	2	2	67
30641480_zpid	30641480_zpid	11208	51 Chestnut St, Brooklyn, NY 11208	40.686869	-73.875957	0.24794504714	5	0.215012586235	5	0.446822735157	3	7	2	2394	260000	194	4199	1910	84	27	51	69	46	57	28	14	43	36	7	145
30731482_zpid	30731482_zpid	11214	186 Bay 47th St, Brooklyn, NY 11214	40.5879199	-73.988376	0.315394469298	4	0.641085776815	1	0.4030578407	1	6	3.5	4000	830000	19	1934	2005	13	10	9	22	5	22	21	22	25	9	4	48
30740523_zpid	30740523_zpid	11235	2 Brighton 4th Rd, Brooklyn, NY 11235	40.5823253	-73.9639382	0.1564171538	8	0.364437622817	6	0.565495619291	1	3	2.5	1120	589000	0	1500	1930	252	140	172	236	92	244	176	124	132	80	80	640
30740523_zpid	30740523_zpid	11235	2 Brighton 4th Rd, Brooklyn, NY 11235	40.5823253	-73.9639382	0.1564171538	9	0.364437622817	6	0.565495619291	1	3	2.5	1120	589000	0	1500	1930	252	140	172	236	92	244	176	124	132	80	80	640
30656841_zpid	30656841_zpid	11225	588 E New York Ave, Brooklyn, NY 11225	40.661775	-73.943412	0.101219996845	6	0.0582239356254	8	0.637244292225	1	4	2	2160	490000	12	1800	1920	174	10	58	75	79	23	20	11	21	21	6	120
29791689_zpid	29791689_zpid	10473	2233 Norton Ave, Bronx, NY 10473	40.8152	-73.845846	0.43138822184	3	0.442307009005	2	2.17992092008	0	4	1	1440	180000	188	5000	1925	11	3	5	3	2	10	6	3	4	3	3	28
30589548_zpid	30589548_zpid	11238	680 Dean St, Brooklyn, NY 11238	40.679918	-73.967585	0.0560619994503	13	0.329951185766	4	0.414336985275	4	4	3	3000	2470860	18	1358	1931	412	568	152	264	120	128	160	136	140	56	56	644
29816311_zpid	29816311_zpid	10461	1788 Tenbroeck Ave, Bronx, NY 10461	40.852128	-73.849132	0.546093986441	5	0.69162097278	1	0.9194813868	0	2	1	1070	396000	74	2178	1950	42	12	4	18	8	26	25	10	15	3	1	66
30569192_zpid	30569192_zpid	11231	29 Strong Pl, Brooklyn, NY 11231	40.685373	-73.99742	0.218528354351	16	0.190399917115	4	0.560212452992	2	7	4	4000	2100000	67	2650	1900	22	41	16	46	10	17	32	15	21	3	8	114
30749297_zpid	30749297_zpid	11235	2559 E 22nd St, Brooklyn, NY 11235	40.589443	-73.947218	0.20054736329	11	0.421005851046	4	0.651376013194	1	6	2.5	2256	660000	26	2467	1930	57	14	12	36	10	51	31	36	42	6	3	126
29846199_zpid	29846199_zpid	10465	722 Vincent Ave, Bronx, NY 10465	40.829439	-73.81683	0.526429147104	5	0.590233396859	2	2.2963449102	0	3	2.5	2146	223000	134	2500	2006	24	12	12	44	0	48	52	128	60	4	16	168
30585770_zpid	30585770_zpid	11215	135 14th St, Brooklyn, NY 11215	40.66843	-73.992947	0.170097366235	13	0.482089312726	2	0.335799303873	3	7	4	2440	2060000	6	2000	1931	60	65	18	48	22	23	48	22	26	17	13	170
30691276_zpid	30691276_zpid	11220	535 66th St, Brooklyn, NY 11220	40.635701	-74.018604	0.200772475787	11	0.404449177806	10	0.411404382704	3	6	4.5	2100	730000	37	1611	1920	88	38	29	36	33	30	53	26	19	15	6	135
30778180_zpid	30778180_zpid	11236	1575 Canarsie Rd, Brooklyn, NY 11236	40.633934	-73.895179	0.398194184664	7	0.149962174243	4	1.52399064097	0	3	2	805	325000	23	2999	2013	37	12	19	22	5	55	21	16	16	11	0	82
30716835_zpid	30716835_zpid	11230	1330 E 2nd St, Brooklyn, NY 11230	40.617261	-73.973826	0.206661254157	6	0.165195532982	2	0.238180832827	2	6	5	2592	890000	20	5983	1920	37	7	11	20	14	32	31	18	14	5	5	48
29781909_zpid	29781909_zpid	10453	61 E 177th St, Bronx, NY 10453	40.850048	-73.908586	0.142035637304	11	0.249443503606	10	0.285699186101	4	8	3	2970	275299	28	2000	1901	642	65	275	260	268	62	27	11	83	81	26	425
30663469_zpid	30663469_zpid	11203	974 E 45th St, Brooklyn, NY 11203	40.637396	-73.933984	0.268878843579	7	1.0390224496	0	1.25184414783	0	1	1	1904	325000	152	1600	1945	15	9	6	11	10	27	20	4	17	8	5	62
29796306_zpid	29796306_zpid	10472	1974 Powell Ave, Bronx, NY 10472	40.829975	-73.85822	0.225884110508	14	0.349822936707	5	0.422826160135	2	3	1	2575	455000	22	2574	1925	102	18	68	61	59	48	32	15	65	27	14	123
30650609_zpid	30650609_zpid	11212	59 E 96th St, Brooklyn, NY 11212	40.664502	-73.924911	0.100082927	13	0.132856893865	6	0.186521514511	1	6	5	3420	830000	13	2525	2013	1540	64	504	496	468	160	88	40	132	216	80	884
30606353_zpid	30606353_zpid	11233	254 Bainbridge St, Brooklyn, NY 11233	40.6812029	-73.926733	0.275077163631	6	0.368166885608	3	0.394593999937	2	5	2.5	2200	650000	33	2003	1899	154	69	115	141	89	19	18	12	48	50	28	205
30726803_zpid	30726803_zpid	11229	1650 E 12th St, Brooklyn, NY 11229	40.608802	-73.9613959	0.255874334581	8	0.485682441594	6	0.302938897616	1	12	6	4221	995000	8	2700	1920	232	72	100	108	80	112	60	60	36	44	32	468
30726803_zpid	30726803_zpid	11229	1650 E 12th St, Brooklyn, NY 11229	40.608802	-73.9613959	0.255874334581	8	0.485682441594	5	0.302938897616	1	12	6	4221	995000	8	2700	1920	232	72	100	108	80	112	60	60	36	44	32	468
30784369_zpid	30784369_zpid	11234	2281 Schenectady Ave, Brooklyn, NY 11234	40.6161197	-73.9292434	0.0869739827588	5	0.78332161084	0	2.42472019874	0	2	1	1280	160000	225	2667	1925	13	54	5	8	3	32	32	21	15	5	4	121
30765779_zpid	30765779_zpid	11234	1457 E 58th St, Brooklyn, NY 11234	40.618749	-73.918832	0.120124112387	10	0.813582335475	0	2.89553249238	0	3	2	1156	432000	11	2150	1925	12	10	7	6	10	35	31	13	21	3	6	113
30784708_zpid	30784708_zpid	11234	1688 E 55th St, Brooklyn, NY 11234	40.615361	-73.921954	0.284630196708	8	1.02989369382	0	2.91460199813	0	3	2.5	1633	345000	43	3367	1955	19	5	12	13	14	39	19	16	21	7	8	111
79715948_zpid	79715948_zpid	10460	862 E 175th St, Bronx, NY 10460	40.8398899	-73.888857	0.461283471766	7	0.268364266549	3	0.304692702789	2	8	5	3240	320000	4	1890	2006	732	84	396	384	372	68	80	12	108	108	56	724
79715948_zpid	79715948_zpid	10460	862 E 175th St, Bronx, NY 10460	40.8398899	-73.888857	0.461283471766	6	0.268364266549	3	0.304692702789	2	8	5	3240	320000	4	1890	2006	732	84	396	384	372	68	80	12	108	108	56	724
30791354_zpid	30791354_zpid	11235	186 Norfolk St, Brooklyn, NY 11235	40.5787573	-73.9390302	0.603629805415	1	1.40227602506	0	1.56713358659	0	3	2	1296	115000	236	672	1920	2	5	0	6	0	12	12	3	8	1	1	19
30572201_zpid	30572201_zpid	11231	399A Union St, Brooklyn, NY 11231	40.681192	-73.992034	0.299325075604	12	0.359302479323	3	0.20087004044	2	1	1	800	410000	311	1740	1899	19	36	7	38	11	16	40	33	22	4	2	131
30614266_zpid	30614266_zpid	11238	24 Claver Pl, Brooklyn, NY 11238	40.682429	-73.957847	0.119539947986	10	0.13311783264	5	0.23198754772	4	7	6.5	3375	861000	49	2500	1901	92	124	56	95	64	33	39	18	31	17	37	177
30615596_zpid	30615596_zpid	11217	27 S Portland Ave, Brooklyn, NY 11217	40.6888379	-73.974637	0.170028356383	11	0.231498171684	3	0.168000849999	8	2	1	3840	360000	21	2000	1866	35	44	20	21	9	8	18	19	14	9	9	82
30738783_zpid	30738783_zpid	11223	2363 West St, Brooklyn, NY 11223	40.591101	-73.970043	0.0529660111697	7	0.753270985363	0	0.391989496132	3	4	4	2600	950000	23	4000	1963	38	11	16	27	8	46	41	39	17	4	4	102
30772607_zpid	30772607_zpid	11236	1438 E 84th St, Brooklyn, NY 11236	40.628332	-73.900695	0.91957593221	0	0.629428912147	1	2.04192804323	0	6	4	3267	172000	25	2420	1960	38	6	12	15	5	39	18	8	22	4	8	46
30688296_zpid	30688296_zpid	11219	1368 58th St, Brooklyn, NY 11219	40.628775	-73.995854	0.361341875174	3	0.432819792804	4	0.271035576119	3	4	2.5	2475	900000	32	2100	1940	50	6	20	20	25	36	71	42	14	7	7	118
30767378_zpid	30767378_zpid	11234	860 E 55th St, Brooklyn, NY 11234	40.636418	-73.924175	0.124007568932	4	0.564882149711	1	2.02214694464	0	5	3	2280	650000	102	2000	1955	19	9	1	7	3	16	17	6	12	3	1	36
29826687_zpid	29826687_zpid	10467	3637 Barnes Ave, Bronx, NY 10467	40.8794449	-73.861796	0.349960678357	5	0.335640201221	1	0.441263851753	2	6	3	2700	350000	13	2259	1991	180	14	78	87	62	66	16	2	26	42	16	172
30650721_zpid	30650721_zpid	11203	135 E 51st St, Brooklyn, NY 11203	40.65888	-73.929846	0.178203418741	11	0.501661510634	5	0.888672094725	0	8	3	2900	578240	8	2700	1925	118	16	57	45	56	54	26	12	15	28	15	116
30722640_zpid	30722640_zpid	11223	1838 W 10th St, Brooklyn, NY 11223	40.602129	-73.982719	0.193879873614	8	0.499126912636	6	0.282613985237	3	7	2	2440	993999	23	3000	1920	70	26	30	17	21	56	25	44	18	8	4	92
30598711_zpid	30598711_zpid	11233	1662 Eastern Pkwy, Brooklyn, NY 11233	40.6720288	-73.9131642	0.310940654966	4	0.438472376988	5	0.747283293286	1	8	4	5670	550000	121	3244	1899	144	13	72	95	49	15	13	16	24	30	19	113
29829845_zpid	29829845_zpid	10469	3347 Mickle Ave, Bronx, NY 10469	40.876215	-73.845169	0.140434979282	5	0.220280687876	2	0.712862851791	1	3	2	1440	200000	14	1520	1940	52	13	40	54	34	36	31	12	34	16	9	118
30774869_zpid	30774869_zpid	11236	985 E 105th St, Brooklyn, NY 11236	40.646127	-73.892697	0.229793241469	4	0.198483754327	3	0.757394106121	0	4	2.5	1224	318000	21	1755	1960	39	7	22	16	13	25	11	3	13	8	8	85
30574806_zpid	30574806_zpid	11232	471 41st St, Brooklyn, NY 11232	40.65053	-74.005298	0.0449817661213	9	0.081558747496	6	0.435291700122	2	7	3	2820	900000	30	2003	1899	276	200	108	136	128	32	152	60	48	48	20	428
30605859_zpid	30605859_zpid	11233	546 Macdonough St, Brooklyn, NY 11233	40.682951	-73.92453	0.476637638788	9	0.471470168527	3	0.533585735043	2	1	1	2862	950000	24	1800	1899	168	76	110	128	82	18	18	13	49	52	22	214
2104445361_zpid	2104445361_zpid	11238	428A Saint Marks Ave, Brooklyn, NY 11238	40.6767394	-73.9606403	0.213091216321	14	0.270086171549	5	0.335877727876	6	5	2.75	1848	1370000	15	2409	1915	198	192	81	115	95	52	41	46	50	38	18	252
30791320_zpid	30791320_zpid	11235	174 Norfolk St, Brooklyn, NY 11235	40.579033	-73.939202	0.573216034177	1	1.37113902293	0	1.5376271867	0	2	3	1800	660000	100	2775	1925	2	5	0	6	0	12	12	3	8	1	1	19
30594608_zpid	30594608_zpid	11225	26 Stoddard Pl, Brooklyn, NY 11225	40.665036	-73.956237	0.308174039054	9	0.358760744286	5	0.521661515213	6	8	3	3456	170000	259	2400	1925	481	72	195	190	190	18	34	16	62	72	26	310
68311825_zpid	68311825_zpid	10465	1513 Outlook Ave, Bronx, NY 10465	40.8453275	-73.8161431	1.14561454485	0	0.818893463265	0	1.25156797566	0	1	1	3253	835000	6	3524	2004	1	7	4	4	0	11	16	11	6	1	0	28
30609857_zpid	30609857_zpid	11216	402 Putnam Ave, Brooklyn, NY 11216	40.684336	-73.945139	0.149922595967	11	0.26043067583	8	0.569768038417	3	8	4	3600	1	17	2000	1915	168	114	101	153	98	21	38	17	53	60	22	234
30755282_zpid	30755282_zpid	11234	3612 Avenue M, Brooklyn, NY 11234	40.620021	-73.9393769	0.39994650602	1	0.275198020316	3	1.5883009287	0	3	2	1689	567000	13	1800	1940	36	10	19	18	11	32	22	16	15	7	3	85
30789884_zpid	30789884_zpid	11235	59 Ide Ct, Brooklyn, NY 11235	40.5817059	-73.957798	0.216628280981	12	0.163035583212	8	0.537476929785	2	4	2	1088	320000	141	1600	1920	912	208	248	324	188	276	212	116	180	120	96	856
30789884_zpid	30789884_zpid	11235	59 Ide Ct, Brooklyn, NY 11235	40.5817059	-73.957798	0.216628280981	13	0.163035583212	8	0.537476929785	2	4	2	1088	320000	141	1600	1920	912	208	248	324	188	276	212	116	180	120	96	856
30769715_zpid	30769715_zpid	11236	2 Paerdegat 3rd St, Brooklyn, NY 11236	40.631241	-73.911142	0.442104625441	5	0.48277508705	4	1.88678389222	0	7	4	3430	515000	139	3233	1965	26	4	12	10	5	34	15	2	19	3	1	42
30676242_zpid	30676242_zpid	11230	307 Parkville Ave, Brooklyn, NY 11230	40.632705	-73.968411	0.354790365759	10	0.13335213663	6	0.543381692472	2	6	3	1296	500000	19	1371	1920	81	40	55	46	48	53	38	49	30	17	10	139
30608171_zpid	30608171_zpid	11216	270 Clifton Pl, Brooklyn, NY 11216	40.688622	-73.953518	0.123645031911	10	0.326861033254	6	0.219327632382	2	6	4.5	855	2410000	2	1867	1931	392	240	252	328	216	116	88	36	68	132	128	724
30761659_zpid	30761659_zpid	11234	3809 Kings Hwy, Brooklyn, NY 11234	40.622268	-73.938011	0.136930538142	1	0.549912666081	2	1.43040915758	0	4	3	2820	482300	42	2000	1940	47	7	25	21	21	22	17	12	12	8	1	77
30619248_zpid	30619248_zpid	11211	391 S 3rd St, Brooklyn, NY 11211	40.7088449	-73.9518669	0.09431618654	16	0.271084108102	7	0.264723983027	6	5	3	2628	1500000	2	2520	2000	104	204	84	91	66	18	33	14	23	17	9	226
29820502_zpid	29820502_zpid	10467	2556 Cruger Ave, Bronx, NY 10467	40.864903	-73.866085	0.156659636584	10	0.184357355245	6	0.122177836884	2	6	3	2448	530000	30	2500	1910	335	27	143	158	156	26	25	18	40	49	29	216
30675029_zpid	30675029_zpid	11218	615 E 2nd St, Brooklyn, NY 11218	40.636199	-73.976703	0.171034209143	4	0.190378522919	10	0.130427912038	2	7	2	2700	999999	0	2000	1910	560	176	284	240	224	316	148	412	100	60	28	800
79708612_zpid	79708612_zpid	11208	134 Fountain Ave, Brooklyn, NY 11208	40.6769036	-73.8759376	0.200464503718	10	0.283845799738	6	0.365406248692	4	6	4	3000	518178	103	2000	2005	496	76	280	324	244	216	200	52	160	140	48	744
30571311_zpid	30571311_zpid	11201	90 Wyckoff St, Brooklyn, NY 11201	40.6858707	-73.9904705	0.0962398954729	16	0.444864089396	3	0.0449947587901	5	4	5	6000	5800000	0	2500	1931	160	264	36	180	28	80	132	112	60	24	24	544
