30664435_zpid	30664435_zpid	11225	98 Lincoln Rd, Brooklyn, NY 11225	40.660792	-73.959297	0.107390001591	12	0.260894590857	6	0.265453730544	3	4	3.75	2294	850000	81	5250	1915	375	105	174	141	170	16	43	20	59	46	12	261
29792527_zpid	29792527_zpid	10473	2246 Seward Ave, Bronx, NY 10473	40.821117	-73.846409	0.220159826482	2	0.152632141412	2	1.53102738494	0	8	3	2112	380000	129	3742	1989	23	6	11	2	4	13	7	0	10	1	2	45
29854642_zpid	29854642_zpid	10471	660 W 261ST St, Bronx, NY 10471	40.910724	-73.906054	0.484889968265	5	0.452839862959	3	1.01224261043	0	7	10	6700	2675000	0	21344.399999999998	1925	4	5	3	7	5	5	19	3	4	3	2	27
29830002_zpid	29830002_zpid	10469	3235 Mickle Ave, Bronx, NY 10469	40.874182	-73.844072	0.381501752938	5	0.416824497718	1	0.553637470296	1	3	1.5	1759	365000	0	1710	1955	45	12	39	35	24	37	31	9	32	17	10	100
30620733_zpid	30620733_zpid	11222	151 Mcguinness Blvd, Brooklyn, NY 11222	40.727421	-73.950165	0.159503157857	14	0.251500942619	5	0.32401365619	2	7	4.5	4012	3750000	0	2500	1899	228	336	104	200	76	144	140	132	76	72	60	788
30620733_zpid	30620733_zpid	11222	151 Mcguinness Blvd, Brooklyn, NY 11222	40.727421	-73.950165	0.159503157857	16	0.251500942619	5	0.32401365619	2	7	4.5	4012	3750000	0	2500	1899	228	336	104	200	76	144	140	132	76	72	60	788
30789245_zpid	30789245_zpid	11235	2966 Brighton 5th St, Brooklyn, NY 11235	40.5795562	-73.9634453	0.259030932071	8	0.229592520567	6	0.279182854199	2	3	1	852	350000	26	1800	1940	588	276	312	412	228	300	220	116	172	116	128	1124
30789245_zpid	30789245_zpid	11235	2966 Brighton 5th St, Brooklyn, NY 11235	40.5795562	-73.9634453	0.282815418353	7	0.229592520567	6	0.279182854199	2	3	1	852	350000	26	1800	1940	588	276	312	412	228	300	220	116	172	116	128	1124
64916413_zpid	64916413_zpid	11234	2213 E 69th St, Brooklyn, NY 11234	40.617118	-73.906507	0.343213372981	2	0.245791681308	1	3.31138746276	0	5	2	2439	715000	23	2667	2003	52	48	32	52	28	52	68	44	80	8	12	256
29840721_zpid	29840721_zpid	10475	2141 Reeds Mill Ln, Bronx, NY 10475	40.881756	-73.832767	0.66304448545	1	0.218882001957	4	0.500083476055	2	5	3	1463	335000	32	8102	1915	3	2	8	15	8	13	14	10	6	4	2	55
30748495_zpid	30748495_zpid	11235	2428 Brigham St, Brooklyn, NY 11235	40.593775	-73.93419	0.133123246423	8	0.534055447077	2	1.78019730925	0	5	3	2265	540000	29	2000	1955	6	11	9	2	5	2	6	6	4	2	1	38
30636841_zpid	30636841_zpid	11208	77 Ridgewood Ave, Brooklyn, NY 11208	40.682813	-73.886105	0.439422685664	6	0.379927671814	5	0.342204007933	3	2	1.5	3000	645000	8	2278	1940	49	15	26	24	30	30	20	11	17	13	9	72
30692318_zpid	30692318_zpid	11220	10 Bay Ridge Ave, Brooklyn, NY 11220	40.6384619	-74.0355079	0.533468532111	3	0.743558871907	1	1.09612734984	0	6	3	3960	1599000	0	2000	1928	80	12	16	12	12	20	28	16	8	0	4	112
30740565_zpid	30740565_zpid	11235	2812 Brighton 7th St, Brooklyn, NY 11235	40.58276	-73.962441	0.11801746984	9	0.261553735174	5	0.575670830864	1	7	3	2916	640000	102	2596	1920	86	34	34	58	24	66	51	31	28	16	22	161
29833001_zpid	29833001_zpid	10466	940 E 227th St, Bronx, NY 10466	40.886679	-73.852566	0.12111586081	8	0.426625822007	3	0.671185217625	1	5	4	2494	260000	3	2700	1901	88	13	55	49	30	70	16	6	34	27	17	94
30584397_zpid	30584397_zpid	11215	230 7th St, Brooklyn, NY 11215	40.671965	-73.989079	0.0926715583431	11	0.33760418545	3	0.140687129682	2	1	1	2334	980000	106	1667	1901	48	70	25	52	11	31	49	39	23	17	16	175
30753266_zpid	30753266_zpid	11210	2806 Avenue K, Brooklyn, NY 11210	40.623957	-73.948048	0.139330743149	2	0.432422940578	2	0.989000767495	0	5	4	1977	1100000	1	3000	1925	63	7	35	26	24	53	32	14	33	6	2	87
30672540_zpid	30672540_zpid	11218	123 Chester Ave, Brooklyn, NY 11218	40.6424615	-73.9828531	0.198100065154	10	0.219586875404	8	0.320690448968	1	5	3	1640	580000	110	1999	1920	85	32	41	50	40	56	67	53	14	13	8	195
30776368_zpid	30776368_zpid	11236	9810 Avenue K, Brooklyn, NY 11236	40.640954	-73.8956369	0.327617651817	5	0.411927985073	2	0.823425416183	0	3	2	880	350000	33	1800	1955	51	9	30	26	20	36	24	12	13	17	7	89
30771971_zpid	30771971_zpid	11236	1373 E 87th St, Brooklyn, NY 11236	40.631017	-73.899117	0.604733939909	2	0.321959112198	2	1.75594546661	0	5	3.5	2447	492500	5	2178	1960	208	44	92	104	40	244	96	32	112	32	36	280
30679797_zpid	30679797_zpid	11204	2022 58th St, Brooklyn, NY 11204	40.619936	-73.981232	0.175752165933	4	0.750527549964	0	0.426432556844	3	3	2	2040	650000	36	2003	1930	13	10	5	15	4	32	31	35	23	4	5	67
30719453_zpid	30719453_zpid	11204	1576 W 5th St, Brooklyn, NY 11204	40.608823	-73.979124	0.305356420268	12	0.286201850853	6	0.411948888202	3	3	2	1378	783000	10	2000	1925	640	104	156	176	200	292	68	88	52	44	28	424
30719453_zpid	30719453_zpid	11204	1576 W 5th St, Brooklyn, NY 11204	40.608823	-73.979124	0.305356420268	11	0.286201850853	6	0.411948888202	3	3	2	1378	783000	10	2000	1925	640	104	156	176	200	292	68	88	52	44	28	424
30723631_zpid	30723631_zpid	11223	918 1st Ct, Brooklyn, NY 11223	40.604352	-73.962656	0.310562024957	10	0.21684280316	4	0.631607013513	1	3	1.5	1364	825000	36	2395	1925	58	13	17	34	25	30	22	7	20	10	3	95
30666616_zpid	30666616_zpid	11226	2823 Albemarle Rd, Brooklyn, NY 11226	40.648311	-73.950441	0.122062844137	3	0.262796306496	6	0.291196275808	2	3	1	950	740000	2	1739	2006	376	54	137	136	129	84	31	15	40	65	30	249
30591755_zpid	30591755_zpid	11216	660 Saint Marks Ave, Brooklyn, NY 11216	40.675007	-73.95173	0.187099911515	11	0.161023524066	4	0.478327805897	7	7	3	3800	970000	35	2314	1905	384	101	203	240	211	35	46	15	55	79	42	303
30642340_zpid	30642340_zpid	11208	129 Hemlock St, Brooklyn, NY 11208	40.686815	-73.871581	0.18435797843	5	0.304208317851	5	0.357468166069	3	5	3	2000	455000	60	2000	1920	93	40	64	83	45	78	38	16	55	42	7	196
30765878_zpid	30765878_zpid	11203	427 E 57th St, Brooklyn, NY 11203	40.645297	-73.922597	0.0811052123222	4	0.847662704272	0	1.75886395335	0	4	3	3000	539000	0	2633	1950	80	13	18	8	17	14	26	5	7	5	5	59
30765806_zpid	30765806_zpid	11234	1464 E 59th St, Brooklyn, NY 11234	40.617961	-73.918383	0.1432893007	9	0.762342604447	0	2.97541787771	0	3	2	1248	402000	21	2090	1925	56	44	28	24	40	108	116	36	88	8	20	464
30629850_zpid	30629850_zpid	11207	1010 Halsey St, Brooklyn, NY 11207	40.686479	-73.914112	0.296401745641	7	0.192557298241	3	0.206263698042	2	2	1	900	630000	40	1800	1915	69	18	57	80	48	17	19	9	18	33	15	116
30792416_zpid	30792416_zpid	11235	2804 Batchelder St, Brooklyn, NY 11235	40.585158	-73.936264	0.254673215607	2	0.745530339566	1	1.5248177146	0	2	1	1248	346500	103	1080	1920	59	12	23	35	28	30	22	16	28	9	5	100
29790747_zpid	29790747_zpid	10473	2011 Gildersleeve Ave, Bronx, NY 10473	40.810241	-73.850748	0.518361756501	1	1.11378820588	0	2.67668265282	0	3	1	3400	294000	0	3402	1930	12	9	13	9	8	15	9	13	8	7	2	34
29842716_zpid	29842716_zpid	10461	2976 Dudley Ave, Bronx, NY 10461	40.8418213	-73.830386	0.272954368105	6	0.502834788449	1	0.549135980683	2	3	1.5	1263	185000	185	1376	1920	62	11	17	14	17	45	39	23	9	9	3	84
30656171_zpid	30656171_zpid	11203	5104 Clarendon Rd, Brooklyn, NY 11203	40.644249	-73.92834	0.205138192487	5	0.661930656095	1	1.74415014437	0	3	1.5	2472	325000	97	1999	1930	111	23	28	21	25	37	35	11	14	13	8	120
55677703_zpid	55677703_zpid	11234	7 Bergen Beach Pl, Brooklyn, NY 11234	40.622649	-73.9150329	0.341244597997	5	0.767007049761	0	2.89500068131	0	4	3.5	1600	518000	59	2678	1999	20	5	8	11	5	53	26	23	19	6	8	105
29839190_zpid	29839190_zpid	10470	4568 Bronx Blvd, Bronx, NY 10470	40.903093	-73.854861	0.338982890013	5	0.39960064722	1	0.356843935147	3	4	2	2000	429000	0	3798	1928	113	12	32	39	27	24	10	4	16	21	3	87
30681288_zpid	30681288_zpid	11204	1835 64th St, Brooklyn, NY 11204	40.619279	-73.988517	0.390892859378	6	0.259953272977	3	0.222944808953	2	3	3	1228	68888	16	1341	1920	57	19	33	53	19	66	45	98	23	10	10	152
30653003_zpid	30653003_zpid	11203	176 E 55th St, Brooklyn, NY 11203	40.653658	-73.9260369	0.172057472818	10	0.14664801665	4	1.19387967391	0	4	2	1440	387500	7	3998	1910	182	27	77	81	84	75	38	13	28	39	17	187
30732380_zpid	30732380_zpid	11224	3610 Bayview Ave, Brooklyn, NY 11224	40.580701	-74.003202	0.657409716595	1	0.384326379232	1	1.87650491967	0	4	2	1520	370000	36	1742	1984	38	7	9	19	10	2	10	3	7	9	2	37
29790634_zpid	29790634_zpid	10473	232 Soundview Ave, Bronx, NY 10473	40.810306	-73.855142	0.621025859959	1	1.26475763635	0	2.58372815346	0	3	2	1085	335000	18	2199	1960	31	9	17	20	10	17	15	15	9	16	3	68
30778590_zpid	30778590_zpid	11236	1315 E 101st St, Brooklyn, NY 11236	40.63889	-73.889725	0.470665140476	5	0.297816165953	3	1.34011603892	0	3	1.5	1416	433000	60	4150	1960	29	5	25	23	3	20	15	13	14	7	2	67
30788844_zpid	30788844_zpid	11234	2676 E 65th St, Brooklyn, NY 11234	40.606992	-73.911436	0.980243940017	0	1.15346143654	0	3.856702902	0	4	4.5	2616	1145000	24	3900	1960	3	5	1	6	3	18	4	27	21	2	1	30
30572176_zpid	30572176_zpid	11231	396 Sackett St, Brooklyn, NY 11231	40.681614	-73.992407	0.303259035997	13	0.380909375994	2	0.189948228758	2	4	3	3780	2005000	74	1890	1920	20	36	8	40	11	19	39	29	24	4	3	132
82783838_zpid	82783838_zpid	11208	355 Atkins Ave, Brooklyn, NY 11208	40.669934	-73.877554	0.29164272197	10	0.480807159969	4	0.539437548095	2	4	3	2000	464000	1	2000	2005	149	26	106	100	81	53	33	11	32	57	27	191
79722158_zpid	79722158_zpid	11235	217 Beaumont St, Brooklyn, NY 11235	40.5765567	-73.9507783	0.182119331845	5	0.690168189012	2	0.896193068541	0	3	4	4203	2499999	0	4000	2004	41	23	11	27	15	21	36	17	21	9	2	56
30791492_zpid	30791492_zpid	11235	115 Pembroke St, Brooklyn, NY 11235	40.580452	-73.936807	0.454057632069	1	1.23607242985	0	1.63267105687	0	5	4	2103	730000	16	2700	1945	11	6	6	13	8	14	16	3	18	4	1	37
30770004_zpid	30770004_zpid	11236	1029 E 85th St, Brooklyn, NY 11236	40.635727	-73.906784	0.316421897931	8	0.452449157815	2	1.2858070069	0	5	3	3000	622000	14	3094	1970	39	6	14	21	11	66	25	10	27	9	10	86
29843183_zpid	29843183_zpid	10465	3182 Country Club Rd, Bronx, NY 10465	40.841176	-73.8230109	0.654551871116	3	0.463353572284	2	1.02040612659	0	9	4.5	3400	450000	142	4538	1925	1	11	7	2	0	6	32	12	4	1	1	25
29826763_zpid	29826763_zpid	10467	742 E 217th St, Bronx, NY 10467	40.881419	-73.862052	0.178656611527	4	0.452100472377	2	0.275159872178	3	7	2	3476	520000	2	4216	1940	236	16	104	119	102	79	18	3	46	62	17	209
30645035_zpid	30645035_zpid	11208	392 Pine St, Brooklyn, NY 11208	40.676056	-73.871379	0.196199214167	7	0.090047796419	7	0.0973675801192	2	4	2	1980	415000	0	2500	1899	169	26	97	91	63	57	53	9	84	47	15	237
30705596_zpid	30705596_zpid	11204	1669 Bay Ridge Pkwy, Brooklyn, NY 11204	40.615419	-73.998808	0.149774996384	10	0.219344478398	5	0.262249068864	2	5	2.25	2220	790000	8	1800	1925	10	11	6	28	7	28	15	16	12	4	3	45
30705171_zpid	30705171_zpid	11204	1932 73rd St, Brooklyn, NY 11204	40.612633	-73.992023	0.191655378962	11	0.169146146602	6	0.732050840975	1	4	2	2184	990000	5	2426	1930	224	56	76	156	80	188	120	96	76	40	12	420
30705171_zpid	30705171_zpid	11204	1932 73rd St, Brooklyn, NY 11204	40.612633	-73.992023	0.135039183451	13	0.169146146602	6	0.732050840975	1	4	2	2184	990000	5	2426	1930	224	56	76	156	80	188	120	96	76	40	12	420
30754605_zpid	30754605_zpid	11234	3703 Avenue M, Brooklyn, NY 11234	40.6205939	-73.9387069	0.326013993807	1	0.355327047319	2	1.5579047131	0	6	2.75	2837	719000	0	1999	1935	37	11	21	17	16	34	22	16	13	8	2	87
29790486_zpid	29790486_zpid	10473	128 Pugsley Ave, Bronx, NY 10473	40.808704	-73.851578	0.691203860057	1	1.29763576516	0	2.83854075744	0	1	1	1751	625000	94	2613	2007	14	9	15	9	8	12	11	14	8	7	3	36
29834207_zpid	29834207_zpid	10466	1260 E 223rd St, Bronx, NY 10466	40.8804744	-73.8448554	0.293292773955	5	0.314520570614	3	0.586766949301	1	3	1.5	1920	296000	153	7322	1920	15	11	8	4	8	18	5	1	13	3	2	30
29834749_zpid	29834749_zpid	10466	1159 Grenada Pl, Bronx, NY 10466	40.888349	-73.844078	0.495003076875	4	0.134565770308	3	1.10078108001	0	3	2	1584	389000	5	2003	1940	27	11	10	13	6	52	19	3	28	10	7	55
30646574_zpid	30646574_zpid	11207	633 Alabama Ave, Brooklyn, NY 11207	40.660559	-73.894954	0.397073884455	1	0.150988601905	4	0.414521347342	4	9	5	3927	585100	15	3662	1924	208	15	123	115	115	30	45	13	37	56	16	226
30734123_zpid	30734123_zpid	11223	38 Avenue S, Brooklyn, NY 11223	40.600243	-73.984396	0.308643622533	9	0.381756143067	7	0.349535566215	3	3	3	1386	760000	14	20	1915	28	13	10	13	5	46	29	38	14	5	3	55
30698464_zpid	30698464_zpid	11209	8220 Colonial Rd, Brooklyn, NY 11209	40.6271924	-74.035663	0.474920601283	6	0.873215203796	0	0.792664735106	0	4	4	2208	1600000	120	4600	1910	68	60	16	52	20	104	132	84	40	16	8	248
30698464_zpid	30698464_zpid	11209	8220 Colonial Rd, Brooklyn, NY 11209	40.6271924	-74.035663	0.474920601283	6	0.539591271086	1	0.792664735106	0	4	4	2208	1600000	120	4600	1910	68	60	16	52	20	104	132	84	40	16	8	248
30696158_zpid	30696158_zpid	11228	7614 11th Ave, Brooklyn, NY 11228	40.6221729	-74.012965	0.522113933227	5	0.555325771197	2	1.21064976777	0	3	2	1380	595000	17	1152	1930	9	12	1	18	4	36	51	26	20	2	4	55
30718402_zpid	30718402_zpid	11204	1402 W 7th St, Brooklyn, NY 11204	40.6111081	-73.9815306	0.108502454883	12	0.0452025093018	7	0.0906174404125	1	5	3	1790	648000	38	1150	1930	209	29	50	62	76	96	34	42	20	13	9	163
30609540_zpid	30609540_zpid	11216	217 Putnam Ave, Brooklyn, NY 11216	40.6838104	-73.9533051	0.272448323533	10	0.191846922462	6	0.387591975073	5	1	1	1314	200000	34	1188	1901	174	155	81	117	83	31	43	18	41	52	45	262
30663435_zpid	30663435_zpid	11203	4406 Foster Ave, Brooklyn, NY 11203	40.639221	-73.934544	0.278349348131	7	1.13379741147	0	1.17430789014	0	5	2.5	1938	153787	43	1792	1960	31	11	12	17	13	44	25	8	23	13	5	87
30615071_zpid	30615071_zpid	11205	92 Vanderbilt Ave, Brooklyn, NY 11205	40.694878	-73.970501	0.199407143673	7	0.267974012891	2	0.82026405674	0	5	3.5	1728	10000	91	1667	1910	52	84	28	38	26	42	15	27	27	18	10	142
29842077_zpid	29842077_zpid	10461	3032 Coddington Ave, Bronx, NY 10461	40.840835	-73.828541	0.387722677066	3	0.491450509058	1	0.736887207723	2	2	1.5	1152	359000	8	1855	1925	34	8	5	7	7	38	34	16	4	4	1	60
30713553_zpid	30713553_zpid	11228	8837 14th Ave, Brooklyn, NY 11228	40.607885	-74.016373	0.437586611659	4	0.780621487824	0	1.23702132368	0	4	2	1802	810000	6	2078	1935	8	3	2	7	2	13	20	21	15	1	5	40
72670726_zpid	72670726_zpid	11236	661 E 104th St, Brooklyn, NY 11236	40.6489057	-73.8974557	0.228034416679	4	0.285542478667	3	0.252633630941	2	4	2	1760	365200	4	1598	2005	96	24	68	68	4	100	40	16	36	28	16	252
72670726_zpid	72670726_zpid	11236	661 E 104th St, Brooklyn, NY 11236	40.6489057	-73.8974557	0.0759887158092	5	0.285542478667	3	0.252633630941	2	4	2	1760	365200	4	1598	2005	96	24	68	68	4	100	40	16	36	28	16	252
30732232_zpid	30732232_zpid	11224	3722 Bayview Ave, Brooklyn, NY 11224	40.580671	-74.0048	0.526954830452	1	0.439148253558	1	1.99739169053	0	3	1	1520	540000	18	2787	1985	31	9	4	18	7	2	10	2	9	5	2	30
30648106_zpid	30648106_zpid	11207	945 Ashford St, Brooklyn, NY 11207	40.65939	-73.877992	0.230011885739	4	0.491775253635	3	0.908603767997	0	4	3	1944	555000	115	1800	1960	11	3	8	10	7	7	13	4	2	2	1	23
30570817_zpid	30570817_zpid	11231	490 Court St, Brooklyn, NY 11231	40.6770994	-73.9986894	0.0760064163969	10	0.468541637095	1	0.30347856114	2	6	4	4000	3250000	8	1470	1931	30	32	7	22	9	17	52	16	15	6	8	132
30631190_zpid	30631190_zpid	11207	73 Granite St, Brooklyn, NY 11207	40.683897	-73.906814	0.101681790634	3	0.255072712931	2	0.225541125286	7	4	2	1100	320000	58	2000	1931	86	19	69	96	58	17	27	18	20	34	15	155
29793958_zpid	29793958_zpid	10473	2215 Turnbull Ave, Bronx, NY 10473	40.8243124	-73.848297	0.422045942187	3	0.460729667789	2	1.14546502572	0	2	1	1500	442000	113	3110	1955	21	13	14	8	6	27	11	4	10	4	6	54
30622429_zpid	30622429_zpid	11222	174 Richardson St, Brooklyn, NY 11222	40.718644	-73.944438	0.124256087258	12	0.483875241664	2	0.455232662802	2	4	3	1716	1180000	25	2213	1901	14	27	7	24	3	9	18	10	10	3	5	72
30702126_zpid	30702126_zpid	11209	328 Marine Ave, Brooklyn, NY 11209	40.614336	-74.033856	0.0831736177392	9	0.23865470948	3	0.301466893973	1	5	2	2600	900000	23	2100	1925	166	31	23	24	25	53	42	43	7	10	5	112
30680902_zpid	30680902_zpid	11204	1736 62nd St, Brooklyn, NY 11204	40.621476	-73.989921	0.471767694087	3	0.245898153274	2	0.0988209071827	3	7	6	3213	1500000	2	2613	1931	50	15	28	43	13	51	49	94	25	10	9	132
64746437_zpid	64746437_zpid	11234	957 E 57th St, Brooklyn, NY 11234	40.629253	-73.920885	0.236982986006	5	0.176010981418	2	2.29541530439	0	6	4	3120	729000	0	3001	2003	128	48	100	96	76	200	72	100	56	80	12	308
30661099_zpid	30661099_zpid	11203	451 E 42nd St, Brooklyn, NY 11203	40.644511	-73.937044	0.411506895225	4	0.649079160224	2	1.00851985032	0	4	2	1808	340000	9	2150	1945	64	20	16	28	32	112	52	12	48	20	4	196
29840967_zpid	29840967_zpid	10465	1161 Ellsworth Ave, Bronx, NY 10465	40.83632	-73.823219	0.28841387563	4	0.262600633902	1	1.38664363053	0	4	2.5	2000	435000	45	2500	1965	6	7	8	6	7	6	27	11	10	4	4	35
30742084_zpid	30742084_zpid	11229	1988 E 22nd St, Brooklyn, NY 11229	40.602839	-73.95035	0.385481730712	2	0.510081587356	5	0.614453619228	1	4	2	1862	850000	3	3000	1930	83	18	28	30	42	72	55	17	22	8	6	158
30732501_zpid	30732501_zpid	11224	4214 Sea Gate Ave, Brooklyn, NY 11224	40.578449	-74.006174	0.392440459982	1	0.378713300691	1	2.1118480148	0	8	6	2592	510000	24	10000	1925	39	12	11	33	10	4	17	3	14	6	2	44
29816844_zpid	29816844_zpid	10461	2858 E 194th St, Bronx, NY 10461	40.85223	-73.832519	0.213730342645	6	0.254883765997	1	0.463811561394	2	5	3	2680	630000	8	2500	1950	63	17	16	17	22	41	23	21	13	7	5	62
30613218_zpid	30613218_zpid	11238	476 Washington Ave, Brooklyn, NY 11238	40.68475	-73.965459	0.197585600857	7	0.264884792708	3	0.171567753612	4	1	1	3694	691000	39	25	1901	151	137	74	120	94	41	53	11	40	26	32	186
29852612_zpid	29852612_zpid	10471	336 W 246th St, Bronx, NY 10471	40.893365	-73.90213	0.435010464692	3	1.06648087628	0	0.500851002866	1	4	3.5	2512	1300000	42	6655	1927	37	10	2	5	3	1	15	3	5	1	1	21
30624746_zpid	30624746_zpid	11206	855 Broadway, Brooklyn, NY 11206	40.6988627	-73.9382126	0.179451443372	11	0.274405782232	4	0.28371021241	2	8	5	4126	1260000	25	2500	1910	75	54	36	51	30	27	36	19	34	22	10	198
30605177_zpid	30605177_zpid	11233	678 Halsey St, Brooklyn, NY 11233	40.684229	-73.926787	0.25001239564	7	0.380126500866	3	0.635639461938	2	6	3	2185	165000	20	1406	1899	133	70	92	111	62	15	11	13	44	35	24	171
30771836_zpid	30771836_zpid	11236	8522 Avenue M, Brooklyn, NY 11236	40.63151	-73.901558	0.603486833852	2	0.482571993576	1	1.68600280694	0	3	2	1540	435000	6	2000	1960	248	48	92	116	44	264	100	40	116	28	48	336
30660343_zpid	30660343_zpid	11203	511 E 46th St, Brooklyn, NY 11203	40.649077	-73.933711	0.272070454683	5	0.285684138571	3	1.35419516585	0	5	3	1600	180000	235	1999	1960	139	11	61	55	58	36	27	2	23	27	8	137
66654742_zpid	66654742_zpid	10451	587 Walton Ave, Bronx, NY 10451	40.8199471	-73.9282027	0.160465772461	4	0.558287300958	1	0.189142876123	4	6	4	3312	439900	99	1573	1918	203	23	70	58	59	6	9	4	19	17	12	132
29776823_zpid	29776823_zpid	10454	419 E 139th St, Bronx, NY 10454	40.809568	-73.921322	0.262996418231	4	0.107897338816	6	0.262217414894	2	5	2.5	2160	296000	55	1742	1910	222	30	111	136	115	10	18	12	32	39	19	227
30715320_zpid	30715320_zpid	11214	1963 20th Dr, Brooklyn, NY 11214	40.599709	-74.004289	0.264182877719	5	0.439033497821	3	0.747510870417	1	2	1	900	558000	43	1960	1945	116	11	32	21	21	47	34	34	11	9	10	105
30759452_zpid	30759452_zpid	11234	827 E 57th St, Brooklyn, NY 11234	40.632525	-73.921241	0.386772964097	7	0.191966924966	3	2.2306346761	0	3	3.5	1782	310000	3	1800	1945	27	12	8	21	11	36	12	14	11	11	1	52
30754500_zpid	30754500_zpid	11210	1350 E 35th St, Brooklyn, NY 11210	40.621117	-73.941291	0.374118738772	2	0.389579220544	2	1.41059475548	0	3	1	2360	220000	201	2050	1925	25	5	15	17	10	39	31	11	14	4	2	60
30789329_zpid	30789329_zpid	11235	14 Brighton 7th Walk, Brooklyn, NY 11235	40.5806671	-73.9611533	0.154521589624	9	0.122465428738	5	0.334377843445	1	3	1.5	807	350000	17	1600	1910	832	228	256	364	204	328	220	124	188	132	104	1012
30789329_zpid	30789329_zpid	11235	14 Brighton 7th Walk, Brooklyn, NY 11235	40.5806671	-73.9611533	0.149755436306	11	0.122465428738	5	0.334377843445	1	3	1.5	807	350000	17	1600	1910	832	228	256	364	204	328	220	124	188	132	104	1012
30634262_zpid	30634262_zpid	11207	269 New Jersey Ave, Brooklyn, NY 11207	40.6731	-73.89486	0.145637688474	7	0.0934177940947	5	0.214657982922	7	11	3	3240	430000	129	2500	1910	95	18	77	93	80	59	42	28	31	34	23	205
30648029_zpid	30648029_zpid	11207	1019 Barbey St, Brooklyn, NY 11207	40.657936	-73.8801359	0.423452376738	4	0.385969898411	3	0.979080128391	0	4	3.5	3291	550000	6	2633	1960	52	16	40	48	28	28	40	16	0	8	4	100
30642675_zpid	30642675_zpid	11208	3219 Fulton St, Brooklyn, NY 11208	40.6826739	-73.8762493	0.0582121469018	8	0.348301794666	5	0.215934760209	2	1	1	3200	125000	224	1524	1920	87	37	46	65	46	46	41	23	62	30	11	193
30588356_zpid	30588356_zpid	11215	495 13th St, Brooklyn, NY 11215	40.662723	-73.979431	0.139595421867	14	0.214706444757	6	0.235019625341	2	5	2.5	3145	3250000	4	2083	1901	56	42	26	34	19	22	36	24	20	7	8	109
30602110_zpid	30602110_zpid	11221	1089 Dekalb Ave, Brooklyn, NY 11221	40.693795	-73.931957	0.124854956849	11	0.359078573459	5	0.270029937943	3	8	3	2560	749000	0	1827	1899	564	352	304	384	376	204	136	76	124	184	148	948
30613661_zpid	30613661_zpid	11238	433 Classon Ave, Brooklyn, NY 11238	40.685844	-73.959129	0.369640737238	14	0.382943593551	7	0.34641616809	5	6	3.5	2630	1632000	26	1280	1899	109	139	70	100	55	28	38	16	43	16	36	146
30728944_zpid	30728944_zpid	11229	1827 E 29th St, Brooklyn, NY 11229	40.606583	-73.9437839	0.184039200534	2	0.725043149948	2	1.20845866326	0	3	2	1530	558000	21	2800	1930	9	12	5	17	6	19	29	20	20	1	1	64
30659194_zpid	30659194_zpid	11203	143 E 43rd St, Brooklyn, NY 11203	40.65242	-73.936954	0.380885224178	2	0.433927221848	2	1.08028328711	0	3	1	1152	369900	0	2000	1915	588	60	352	272	272	252	100	36	136	156	40	584
30659194_zpid	30659194_zpid	11203	143 E 43rd St, Brooklyn, NY 11203	40.65242	-73.936954	0.145469917975	3	0.433927221848	2	1.08028328711	0	3	1	1152	369900	0	2000	1915	588	60	352	272	272	252	100	36	136	156	40	584
30608311_zpid	30608311_zpid	11221	72 Van Buren St, Brooklyn, NY 11221	40.6898744	-73.9426778	0.27281930868	10	0.267318430878	4	0.753058784113	0	6	4	2268	925000	23	1805	1901	174	46	83	116	90	28	29	8	31	49	24	194
