30628066_zpid	30628066_zpid	11221	601 Knickerbocker Ave, Brooklyn, NY 11221	40.696307	-73.913588	0.290928575585	9	0.27531890979	4	0.405527375389	3	8	3	1200	899000	0	1320	1910	60	13	56	68	51	13	23	5	27	25	18	109
29833450_zpid	29833450_zpid	10466	1036 E 226th St, Bronx, NY 10466	40.885122	-73.850273	0.17892329047	6	0.168687194463	3	0.906721603346	0	4	2	1664	277600	65	2726	1950	52	9	25	18	16	55	10	4	31	18	12	67
30782273_zpid	30782273_zpid	11234	2066 E 72nd St, Brooklyn, NY 11234	40.620538	-73.907377	0.433192715516	2	0.405474610693	1	2.94447586942	0	3	3	1036	400000	110	2000	1925	18	6	8	13	6	19	17	9	21	4	4	66
30679862_zpid	30679862_zpid	11204	2128 58th St, Brooklyn, NY 11204	40.61854	-73.978916	0.341197225942	7	0.617457804949	4	0.395969946282	3	3	1	1958	450000	33	2000	1920	20	8	3	15	11	23	24	28	13	4	4	60
30648056_zpid	30648056_zpid	11207	964 Ashford St, Brooklyn, NY 11207	40.658799	-73.878277	0.250726570076	4	0.511259274628	3	0.953122151571	0	4	3.5	1836	490000	14	2550	1960	12	3	8	12	7	7	13	4	0	2	1	23
30606059_zpid	30606059_zpid	11233	205 Bainbridge St, Brooklyn, NY 11233	40.681409	-73.929195	0.193208476456	8	0.226894838844	5	0.26190472867	2	5	3	2555	1060000	17	1700	1899	125	70	93	127	72	15	19	11	35	42	28	190
30694821_zpid	30694821_zpid	11209	77 Bay Ridge Pkwy, Brooklyn, NY 11209	40.633118	-74.033758	0.225747737147	8	0.517980416135	3	0.791692301719	0	4	2.5	2068	1295000	10	2178	1920	87	8	17	23	19	48	38	91	19	6	3	85
2099034605_zpid	2099034605_zpid	11234	126 Barlow Dr S, Brooklyn, NY 11234	40.608857	-73.905342	0.975436819173	0	0.99444266024	0	4.21787356202	0	4	3	2450	1100000	0	4200	1960	2	1	1	7	0	3	9	2	7	2	1	21
30619864_zpid	30619864_zpid	11222	169 India St, Brooklyn, NY 11222	40.732679	-73.953107	0.165068503083	12	0.181998416029	4	0.292954856485	1	6	3	3000	2999000	0	2500	1901	98	100	64	71	47	51	39	22	25	22	13	238
30774300_zpid	30774300_zpid	11236	1205 E 93rd St, Brooklyn, NY 11236	40.641197	-73.902892	0.326218210832	9	0.651912923813	1	0.613813305748	1	4	2	5125	330000	68	2232450.0	1920	52	10	21	22	17	57	28	9	16	15	8	92
29830207_zpid	29830207_zpid	10469	1674 Givan Ave, Bronx, NY 10469	40.875246	-73.842684	0.362318372019	4	0.453119521789	2	0.625908594671	2	3	2.5	2300	330000	147	3998	1959	42	8	31	34	21	39	36	14	38	10	10	86
29833108_zpid	29833108_zpid	10466	4107 Paulding Ave, Bronx, NY 10466	40.888208	-73.850392	0.275945719035	7	0.2831450422	3	0.814264657619	0	5	3	1848	15000	23	1742	1925	88	14	44	36	28	93	15	5	33	14	15	82
30607432_zpid	30607432_zpid	11206	636 Willoughby Ave, Brooklyn, NY 11206	40.69423	-73.943966	0.17308560233	9	0.27984725559	3	0.449266247143	2	3	3	2532	1026473	14	1875	1910	480	136	276	436	228	180	76	148	80	152	92	632
30607432_zpid	30607432_zpid	11206	636 Willoughby Ave, Brooklyn, NY 11206	40.69423	-73.943966	0.17308560233	8	0.27984725559	3	0.449266247143	2	3	3	2532	1026473	14	1875	1910	480	136	276	436	228	180	76	148	80	152	92	632
30574989_zpid	30574989_zpid	11232	441 43rd St, Brooklyn, NY 11232	40.649833	-74.007149	0.157567376526	9	0.106895106273	7	0.26101694022	2	6	3	2766	1230000	2	2003	1899	70	44	27	33	32	5	30	16	16	13	4	101
30761594_zpid	30761594_zpid	11210	1235 E 40th St, Brooklyn, NY 11210	40.625049	-73.936485	0.223653514585	1	0.814006388395	0	1.28059168925	0	4	2	1236	484500	32	8400	1940	244	28	104	128	76	136	128	36	76	44	36	280
30761594_zpid	30761594_zpid	11210	1235 E 40th St, Brooklyn, NY 11210	40.625049	-73.936485	0.223653514585	2	0.814006388395	0	1.28059168925	0	4	2	1236	484500	32	8400	1940	244	28	104	128	76	136	128	36	76	44	36	280
29788285_zpid	29788285_zpid	10468	114 E 198th St, Bronx, NY 10468	40.870239	-73.891601	0.184575681372	11	0.0836372101591	6	0.376166567949	4	9	3	3222	166500	141	2450	1920	352	31	129	118	123	20	9	3	37	33	12	158
30786736_zpid	30786736_zpid	11234	2127 Kimball St, Brooklyn, NY 11234	40.609588	-73.925823	0.391496752881	1	1.11760712861	0	2.70557644219	0	3	2	1200	475000	14	3000	1920	6	9	1	6	2	21	22	17	16	0	6	72
30784722_zpid	30784722_zpid	11234	1689 E 55th St, Brooklyn, NY 11234	40.615377	-73.921355	0.233988532979	7	1.03031443896	0	2.95130963222	0	3	2.5	1815	498000	8	2000	1955	19	6	14	13	14	39	15	16	22	7	8	108
30705835_zpid	30705835_zpid	11228	1112 Bay Ridge Pkwy, Brooklyn, NY 11228	40.622537	-74.011677	0.433495254171	7	0.46468715908	2	1.12071940248	0	5	3	1360	1200000	3	2000	1940	12	11	3	20	3	43	49	34	16	2	4	66
30598570_zpid	30598570_zpid	11233	1871 Prospect Pl, Brooklyn, NY 11233	40.672635	-73.914505	0.38621745873	4	0.408754566779	5	0.724172143718	1	6	2.5	3000	795000	5	2555	1899	656	52	408	424	268	76	88	56	128	148	88	524
30702958_zpid	30702958_zpid	11204	2054 Bay Ridge Ave, Brooklyn, NY 11204	40.613236	-73.987017	0.13009967564	12	0.295800494745	9	0.460312461654	2	3	2.5	1500	630000	43	2000	1935	85	23	37	54	58	68	36	26	27	12	2	150
30572850_zpid	30572850_zpid	11231	81 2nd St, Brooklyn, NY 11231	40.678161	-73.992187	0.190148531882	9	0.461445579711	2	0.339211471624	2	4	2.5	1800	1500000	34	1375	1901	15	24	2	19	11	12	40	32	20	4	3	97
64732355_zpid	64732355_zpid	11216	295 Tompkins Ave, Brooklyn, NY 11216	40.687939	-73.944565	0.0934717570451	12	0.264673477395	5	0.634538944427	1	4	2	2599	225000	45	1444	2004	89	30	43	70	66	15	21	7	25	33	20	111
30602147_zpid	30602147_zpid	11221	379 Kosciuszko St, Brooklyn, NY 11221	40.69218	-73.939563	0.131999749901	10	0.204073356108	5	0.649492347508	1	6	3	2600	925000	14	1579	1899	149	50	63	106	69	30	25	11	27	43	30	186
30637121_zpid	30637121_zpid	11207	87 Arlington Ave, Brooklyn, NY 11207	40.680043	-73.891432	0.162978826944	4	0.106774512634	4	0.252408181609	4	5	4	2592	499999	25	1829	1910	111	45	70	82	57	68	51	36	48	37	12	173
30640941_zpid	30640941_zpid	11207	585 Miller Ave, Brooklyn, NY 11207	40.666299	-73.889327	0.33994072551	9	0.37613606198	8	0.106190512807	4	9	3	2400	195000	49	2375	1920	940	92	564	556	572	136	172	44	260	288	80	1048
30608565_zpid	30608565_zpid	11221	688 Greene Ave, Brooklyn, NY 11221	40.689309	-73.941157	0.220680087375	10	0.210416106088	3	0.884269090811	0	2	1	3600	1600000	14	20	1931	209	55	106	146	103	33	33	13	43	56	31	243
29823662_zpid	29823662_zpid	10469	2724 Eastchester Rd, Bronx, NY 10469	40.866007	-73.843016	0.366775636382	3	0.740679108428	1	0.483571907234	1	3	1.1	1705	420000	28	1598	1954	29	13	11	14	9	22	20	13	18	9	4	61
30593544_zpid	30593544_zpid	11225	1194 Union St, Brooklyn, NY 11225	40.6687439	-73.951812	0.136384057056	12	0.397144574589	5	0.135172676851	5	4	2	1720	1489500	0	2555	1915	346	63	146	172	143	21	18	7	39	64	19	206
30655115_zpid	30655115_zpid	11236	156 E 87th St, Brooklyn, NY 11236	40.648517	-73.91939	0.314773717783	5	0.790002528601	0	1.46307794005	0	4	3	1860	405000	31	2192	1935	15	4	11	11	8	21	15	6	8	9	4	56
29852030_zpid	29852030_zpid	10463	262 W 236th St, Bronx, NY 10463	40.88389	-73.903195	0.152371628637	12	0.216536443137	5	0.213939403328	2	3	1	1620	527000	17	2252	1952	543	45	66	60	64	43	51	13	42	27	19	153
30748296_zpid	30748296_zpid	11235	2413 E 26th St, Brooklyn, NY 11235	40.5929659	-73.944057	0.284564085381	12	0.288101421862	3	0.972325153197	0	6	4	2100	882000	7	4000	1930	47	14	9	11	7	21	19	25	20	1	1	58
30744737_zpid	30744737_zpid	11229	2203 E 21st St, Brooklyn, NY 11229	40.598785	-73.949949	0.117863414097	7	0.364130102173	7	0.508687844256	2	6	2.5	2416	658000	25	2000	1920	93	27	28	34	50	59	46	22	26	15	7	168
30792120_zpid	30792120_zpid	11235	11 Canda Ave, Brooklyn, NY 11235	40.5845684	-73.939601	0.545542568248	3	0.754452068857	0	1.25737792107	0	2	2	1576	317000	32	1698	1920	37	6	20	28	13	30	19	15	30	7	5	83
30624688_zpid	30624688_zpid	11206	92 Moore St, Brooklyn, NY 11206	40.7036709	-73.9418628	0.0590923775426	10	0.0952411167645	4	0.384757376962	4	2	1	4125	450000	152	2500	1931	75	143	35	41	20	21	39	15	28	17	10	187
30775748_zpid	30775748_zpid	11236	10576 Flatlands 1st St, Brooklyn, NY 11236	40.646343	-73.890229	0.255188595458	2	0.222675286009	3	0.912626160568	0	5	3	1800	540000	20	3050	1960	152	20	48	56	48	56	44	8	40	24	28	208
30775748_zpid	30775748_zpid	11236	10576 Flatlands 1st St, Brooklyn, NY 11236	40.646343	-73.890229	0.255188595458	3	0.222675286009	3	0.912626160568	0	5	3	1800	540000	20	3050	1960	152	20	48	56	48	56	44	8	40	24	28	208
30769840_zpid	30769840_zpid	11236	8114 Avenue J, Brooklyn, NY 11236	40.634426	-73.910032	0.289550919158	6	0.284981525956	2	1.5266223566	0	6	4	2900	620000	12	2000	1960	35	8	15	23	6	75	28	11	27	12	9	90
29818034_zpid	29818034_zpid	10461	1938 Tenbroeck Ave, Bronx, NY 10461	40.854497	-73.850961	0.388449377176	4	0.798719207498	0	0.61591495345	1	4	2	2000	620000	41	3484	1940	25	3	5	8	6	10	27	9	14	4	2	60
30623856_zpid	30623856_zpid	11222	111 Beadel St, Brooklyn, NY 11222	40.722217	-73.93647	0.404533252426	2	0.625648597533	1	1.06532857474	0	5	3	1880	1225000	0	1755	1910	19	23	15	25	10	5	24	20	23	4	8	81
30791112_zpid	30791112_zpid	11235	176 Irwin St, Brooklyn, NY 11235	40.578501	-73.943933	0.74939919739	1	1.23742396854	0	1.27286687854	0	4	4	3406	47500	9	8000	1940	17	6	3	11	3	10	21	8	15	1	1	28
30705147_zpid	30705147_zpid	11204	1837 74th St, Brooklyn, NY 11204	40.6135374	-73.9942205	0.209578580384	14	0.14441566204	6	0.539957342504	1	7	3	3000	1200000	3	2517	1930	47	13	17	44	18	43	24	20	16	8	4	85
30669868_zpid	30669868_zpid	11230	675 Rugby Rd, Brooklyn, NY 11230	40.632867	-73.963494	0.114715710398	6	0.124548443771	4	0.253584388141	2	6	4	2803	1300000	12	6000	1910	76	32	54	53	48	65	39	34	23	15	5	128
30762222_zpid	30762222_zpid	11234	1455 E 49th St, Brooklyn, NY 11234	40.625318	-73.928279	0.306814482882	9	0.202265326527	1	1.83752816855	0	4	3	1664	600000	26	4000	1935	15	16	10	16	7	49	28	21	21	3	5	95
30739758_zpid	30739758_zpid	11235	740 Desmond Ct, Brooklyn, NY 11235	40.5906946	-73.9613569	0.322037937359	8	0.755792263338	0	0.728704775404	2	5	3	2340	193750	15	4000	1960	41	10	7	13	12	36	25	21	15	4	2	47
30702117_zpid	30702117_zpid	11209	135 99th St, Brooklyn, NY 11209	40.6143701	-74.0360749	0.249220810951	8	0.286928186256	3	0.45547804175	1	4	3	4137	1695000	0	4408	1925	158	28	15	19	20	44	38	38	6	9	5	91
30630565_zpid	30630565_zpid	11207	863 Knickerbocker Ave, Brooklyn, NY 11207	40.6916635	-73.9053881	0.00631552350936	9	0.950168961219	0	0.342073304355	2	3	1	2700	465000	14	1306	1931	74	28	48	65	54	16	16	11	27	32	14	130
30591961_zpid	30591961_zpid	11216	818 Prospect Pl, Brooklyn, NY 11216	40.6742686	-73.9495228	0.0673478648414	11	0.06157404482	5	0.470709692719	5	4	2	1300	630000	45	3194	1920	1404	368	736	932	816	144	160	44	228	304	148	1176
30772621_zpid	30772621_zpid	11236	1435 E 80th St, Brooklyn, NY 11236	40.628178	-73.900952	0.940802884252	0	0.656350361563	1	2.0581373582	0	5	3	3905	510000	23	2600	1960	144	24	52	60	20	156	72	32	88	16	32	184
30608020_zpid	30608020_zpid	11205	578 Lafayette Ave, Brooklyn, NY 11205	40.6895669	-73.951832	0.300054612158	10	0.369282103833	6	0.0469968049397	3	7	4	2048	1764000	9	1600	1899	100	28	17	29	18	11	16	17	10	9	11	78
30623499_zpid	30623499_zpid	11211	631 Grand St, Brooklyn, NY 11211	40.7115545	-73.9469097	0.0938999095663	14	0.0314127099389	5	0.336805393575	6	2	1	4510	1200000	107	2050	1920	42	111	27	45	26	30	45	9	18	11	9	189
30661204_zpid	30661204_zpid	11203	681 E 46th St, Brooklyn, NY 11203	40.644817	-73.933243	0.315305623425	6	0.616292518397	2	1.32781770782	0	3	1	1300	302100	65	2000	1925	26	15	11	12	12	27	17	6	13	10	5	75
30777186_zpid	30777186_zpid	11236	1425 E 95th St, Brooklyn, NY 11236	40.637397	-73.896132	0.0331268487725	7	0.0743582101802	3	1.13805920332	0	9	6	3300	660000	9	2562	1960	35	20	30	30	12	53	23	14	16	15	3	83
30793560_zpid	30793560_zpid	11229	21 Nova Ct, Brooklyn, NY 11229	40.5873276	-73.9245853	0.353959789675	2	1.34880798425	0	2.50022463064	0	3	2.5	1632	318000	6	1793	1920	2	3	1	14	0	0	31	11	22	2	5	40
30631246_zpid	30631246_zpid	11207	35 De Sales Pl, Brooklyn, NY 11207	40.681489	-73.905672	0.184319387072	4	0.324570173212	3	0.102379203214	8	3	2	3000	580000	35	2000	2004	196	72	176	200	148	40	64	56	48	76	24	420
30595780_zpid	30595780_zpid	11233	1767 Dean St, Brooklyn, NY 11233	40.6759879	-73.929254	0.230938376092	8	0.412466662324	5	0.395918348033	2	6	2	1162	650000	0	1777	1920	54	17	42	48	35	9	13	1	16	20	8	86
30571416_zpid	30571416_zpid	11217	244 Wyckoff St, Brooklyn, NY 11217	40.683562	-73.985172	0.16695780617	13	0.287213288825	2	0.537178631433	8	5	3	2600	998000	150	2000	1850	56	102	11	44	13	47	47	23	26	17	14	160
30765409_zpid	30765409_zpid	11234	1719 E 51st St, Brooklyn, NY 11234	40.618321	-73.925504	0.066050585544	10	0.62106769863	1	2.47170134604	0	3	1.5	1261	345700	152	2250	1920	13	50	5	6	11	34	30	17	17	6	7	146
30773950_zpid	30773950_zpid	11236	1102 E 95th St, Brooklyn, NY 11236	40.6435629	-73.9036613	0.31319930219	5	0.886306583893	0	0.376577709219	1	3	2	1440	550000	119	2767	1930	56	10	17	22	16	59	23	8	9	19	8	102
30763775_zpid	30763775_zpid	11234	1527 Kimball St, Brooklyn, NY 11234	40.6193284	-73.9368294	0.477016231878	3	0.354811834081	2	1.75941778428	0	3	2	1828	589000	0	1566	1920	36	12	19	19	12	42	29	18	23	9	2	101
30746392_zpid	30746392_zpid	11229	2223 E 28th St, Brooklyn, NY 11229	40.597499	-73.9429959	0.122153024308	6	0.2829760913	4	1.05841514458	0	2	2	1500	615000	2	1600	1940	16	15	11	11	9	18	34	25	21	3	5	93
29846079_zpid	29846079_zpid	10465	843 Vincent Ave, Bronx, NY 10465	40.8314949	-73.819248	0.382965316388	4	0.422948237845	2	1.99082742324	0	2	1	1100	293550	29	1900	1925	24	24	20	56	12	68	88	104	60	12	20	148
30749805_zpid	30749805_zpid	11235	2675 E 21st St, Brooklyn, NY 11235	40.587018	-73.947719	0.126555025834	10	0.466950626567	2	0.544257226197	1	4	4	2750	855000	9	2000	1965	216	56	44	132	20	192	132	96	148	28	20	516
30781723_zpid	30781723_zpid	11234	2011 E 60th St, Brooklyn, NY 11234	40.615968	-73.916672	0.161367368863	6	0.629631331812	1	3.2207012913	0	3	2	1876	495000	6	1800	1960	9	8	8	6	7	25	20	8	20	1	5	83
30764004_zpid	30764004_zpid	11234	1626 Hendrickson St, Brooklyn, NY 11234	40.618407	-73.9339339	0.348203566884	9	0.419780847317	3	1.9802449357	0	3	3	1980	580000	7	2000	1930	44	196	36	60	52	176	128	92	64	36	4	548
30764004_zpid	30764004_zpid	11234	1626 Hendrickson St, Brooklyn, NY 11234	40.618407	-73.9339339	0.348203566884	10	0.419780847317	3	1.9802449357	0	3	3	1980	580000	7	2000	1930	44	196	36	60	52	176	128	92	64	36	4	548
30791316_zpid	30791316_zpid	11235	162 Norfolk St, Brooklyn, NY 11235	40.579313	-73.939228	1.01557929782	0	1.33992242871	0	1.51827002404	0	3	3	2350	230000	222	2900	2006	2	5	0	6	0	12	12	3	8	1	1	19
83045614_zpid	83045614_zpid	11208	281 Fountain Ave, Brooklyn, NY 11208	40.6730329	-73.8744959	0.125948128044	8	0.101905834071	6	0.329855314254	2	1	1	6340	416250	106	2750	1930	168	20	91	103	79	63	40	10	26	64	18	184
83050222_zpid	83050222_zpid	11208	1023 Hegeman Ave, Brooklyn, NY 11208	40.6672579	-73.875171	0.3891735388	8	0.428106198318	6	0.729311882444	1	6	3	3996	399000	0	2340	2005	82	13	65	65	53	32	39	8	18	30	13	126
30634339_zpid	30634339_zpid	11207	269 Pennsylvania Ave, Brooklyn, NY 11207	40.671052	-73.895331	0.179245071376	6	0.171247104255	6	0.401863011972	5	5	2	2048	336500	40	1620	1910	105	12	86	93	89	26	37	10	28	33	22	176
30775835_zpid	30775835_zpid	11236	10521 Avenue K, Brooklyn, NY 11236	40.644799	-73.89064	0.39204625729	2	0.356122079774	3	0.969095899613	0	4	2.5	1552	449000	0	2000	1965	42	5	18	17	13	21	13	3	13	9	7	67
30724425_zpid	30724425_zpid	11230	974 E 17th St, Brooklyn, NY 11230	40.626666	-73.960049	0.18494389991	4	0.200630912021	4	0.168215982105	2	7	5	1744	340000	231	4617	1899	712	88	336	308	380	184	116	144	92	84	40	596
29782933_zpid	29782933_zpid	10456	659 Jefferson Pl, Bronx, NY 10456	40.833248	-73.8989566	0.11704301363	4	0.289950664605	6	0.692282817256	1	4	3.5	1875	400000	37	1393	1901	214	12	78	110	55	24	10	4	13	28	14	146
30647151_zpid	30647151_zpid	11207	658 Ashford St, Brooklyn, NY 11207	40.665556	-73.883223	0.10096895653	8	0.174079502181	5	0.0928364785149	2	15	6	3766	500000	115	4000	1930	87	7	58	45	37	22	26	10	28	32	13	117
30779071_zpid	30779071_zpid	11236	1597 E 94th St, Brooklyn, NY 11236	40.633665	-73.893289	0.254262468977	7	0.25680891648	4	1.61668300644	0	3	3	600	285000	15	2000	1945	30	11	16	22	4	47	16	15	10	9	0	57
30746319_zpid	30746319_zpid	11229	2236 E 28th St, Brooklyn, NY 11229	40.597175	-73.943518	0.177649513701	8	0.317197475606	3	1.00729662514	0	3	2	1624	600000	8	1600	1940	10	16	7	10	9	18	32	23	22	3	5	95
29846975_zpid	29846975_zpid	10465	228 Reynolds Ave, Bronx, NY 10465	40.81957	-73.808124	0.215802767587	1	0.820560946821	0	3.59917666992	0	3	1	1988	340000	10	1800	1960	19	11	4	6	2	10	21	13	13	3	4	46
30632810_zpid	30632810_zpid	11212	339 Legion St, Brooklyn, NY 11212	40.660381	-73.915862	0.43945810656	9	0.136505070455	6	0.125628815155	2	7	2	2400	400000	12	2613	1930	366	16	206	176	144	47	40	13	37	52	30	256
30660753_zpid	30660753_zpid	11226	241 E 32nd St, Brooklyn, NY 11226	40.644751	-73.946717	0.190369929615	5	0.257665763907	3	0.193269751803	3	4	2	2120	485000	106	1999	1910	201	45	76	88	73	53	30	8	19	35	24	164
30791363_zpid	30791363_zpid	11235	168 Oxford St, Brooklyn, NY 11235	40.5790719	-73.938246	1.08727810132	0	1.37137168701	0	1.60237836005	0	3	3	2880	680000	105	2482	1935	8	20	0	24	0	48	44	12	32	4	4	72
30791363_zpid	30791363_zpid	11235	168 Oxford St, Brooklyn, NY 11235	40.5790719	-73.938246	0.572039459785	1	1.37137168701	0	1.60237836005	0	3	3	2880	680000	105	2482	1935	8	20	0	24	0	48	44	12	32	4	4	72
30731978_zpid	30731978_zpid	11214	218 Bay 48th St, Brooklyn, NY 11214	40.586487	-73.989147	0.425779254773	4	0.543414723761	1	0.52504730748	1	2	2	928	590000	5	1536	1945	12	7	9	20	5	15	22	14	18	6	2	35
30639461_zpid	30639461_zpid	11208	203 Atkins Ave, Brooklyn, NY 11208	40.674046	-73.878586	0.18243322821	6	0.150661210937	3	0.182941216768	2	6	3	2156	585000	10	2178	1901	179	29	104	116	92	51	42	14	40	63	25	215
30602496_zpid	30602496_zpid	11221	211 Van Buren St, Brooklyn, NY 11221	40.690897	-73.937858	0.165506251794	10	0.377692782733	5	0.726576119534	1	1	1	3540	268710	146	1967	1899	204	54	104	139	89	38	27	13	42	54	32	230
30712855_zpid	30712855_zpid	11228	150 Bay 10th St, Brooklyn, NY 11228	40.608104	-74.0120759	0.155411274628	7	0.480175657575	2	0.874000423132	0	3	2.5	1782	710000	32	1933	1940	6	12	2	10	2	22	32	27	21	3	5	56
30607996_zpid	30607996_zpid	11205	510 Lafayette Ave, Brooklyn, NY 11205	40.689309	-73.954632	0.161741148631	10	0.212368393047	6	0.265785621362	2	6	3	2160	405000	92	1200	1931	114	45	26	41	24	21	23	23	15	10	14	100
30778960_zpid	30778960_zpid	11236	1611 E 92nd St, Brooklyn, NY 11236	40.63277	-73.89482	0.368465012104	7	0.107871195911	4	1.65571567742	0	6	4.5	1368	597938	95	5400	1925	32	8	17	18	7	49	19	16	15	9	1	66
30606890_zpid	30606890_zpid	11205	707 Myrtle Ave, Brooklyn, NY 11205	40.6949278	-73.9547834	0.146548852148	6	0.070414763284	7	0.490483910665	3	3	2	3600	307400	132	2155	1931	122	52	27	54	29	33	47	38	22	11	19	157
30612272_zpid	30612272_zpid	11205	289 Washington Ave, Brooklyn, NY 11205	40.690297	-73.965746	0.304888799332	11	0.366344574049	4	0.205518127799	2	7	3.5	6155	4750000	0	9000	1901	50	69	23	33	21	38	21	10	22	16	12	129
30606737_zpid	30606737_zpid	11206	652 Flushing Ave, Brooklyn, NY 11206	40.699906	-73.946745	0.0611693180075	9	0.39080499989	7	0.289507698011	5	5	3	3	615000	70	3210	1995	64	34	22	39	21	34	28	27	21	12	15	149
30767518_zpid	30767518_zpid	11234	633 E 57th St, Brooklyn, NY 11234	40.637473	-73.921734	0.22317582575	3	0.534040979666	1	1.9660858765	0	3	2	1296	472500	8	1800	1960	15	5	1	8	3	11	10	2	10	2	1	27
30737207_zpid	30737207_zpid	11223	2239 E 4th St, Brooklyn, NY 11223	40.5956319	-73.9672083	0.44516504591	6	0.477349135935	1	0.521941720268	1	2	2.5	2496	1400000	0	2075	1930	144	36	52	136	48	120	128	88	76	16	16	328
30737207_zpid	30737207_zpid	11223	2239 E 4th St, Brooklyn, NY 11223	40.5956319	-73.9672083	0.555146584964	5	0.477349135935	1	0.521941720268	1	2	2.5	2496	1400000	0	2075	1930	144	36	52	136	48	120	128	88	76	16	16	328
30636351_zpid	30636351_zpid	11207	708 Snediker Ave, Brooklyn, NY 11207	40.657223	-73.898211	0.498421303462	1	0.610814891553	1	0.188916006302	2	5	2	1598	180050	9	2178	1910	180	24	128	176	100	80	64	40	48	92	32	308
