30668952_zpid	30668952_zpid	11230	541 Argyle Rd, Brooklyn, NY 11230	40.635965	-73.965041	0.110955504146	8	0.140857581977	6	0.213834909746	2	8	4	3269	770000	125	4000	1910	24	19	21	24	17	25	23	16	16	7	3	71
30635943_zpid	30635943_zpid	11207	577 Pennsylvania Ave, Brooklyn, NY 11207	40.663025	-73.893231	0.17940439109	5	0.176727532199	8	0.227737479887	4	8	4	2280	567100	117	2383	1920	291	19	176	164	179	35	51	14	47	88	19	307
30791397_zpid	30791397_zpid	11235	1612 Shore Blvd, Brooklyn, NY 11235	40.580605	-73.93858	0.399419433937	1	1.19899004961	0	1.49139320252	0	3	3	3000	600000	12	2500	2016	9	7	6	14	8	12	16	3	22	2	1	38
30598361_zpid	30598361_zpid	11233	2380 Dean St, Brooklyn, NY 11233	40.674379	-73.908919	0.133635440608	7	0.333957004603	5	0.483829440579	6	4	2	2304	510000	31	4715	1925	600	52	312	508	284	120	112	72	156	192	80	544
29812472_zpid	29812472_zpid	10460	1716 Van Buren St, Bronx, NY 10460	40.841696	-73.870306	0.289186513089	4	0.658215408706	1	0.268877775158	1	4	2	1500	240000	9	2500	1905	202	23	59	70	84	45	20	13	30	39	27	138
29828199_zpid	29828199_zpid	10469	1026 E 216TH St, Bronx, NY 10469	40.878297	-73.854802	0.433997354192	8	0.623027429933	1	0.907817278115	0	4	3	2605	528471	22	2613	2008	85	8	42	71	55	64	11	7	30	24	16	108
30789140_zpid	30789140_zpid	11235	245 Ocean View Ave, Brooklyn, NY 11235	40.5790252	-73.9655256	0.218608570439	6	0.273983896351	7	0.389840222204	2	4	3	1800	425000	28	1800	1930	488	188	300	400	256	220	156	80	200	96	92	980
30789140_zpid	30789140_zpid	11235	245 Ocean View Ave, Brooklyn, NY 11235	40.5790252	-73.9655256	0.174087760779	7	0.273983896351	7	0.389840222204	2	4	3	1800	425000	28	1800	1930	488	188	300	400	256	220	156	80	200	96	92	980
30647425_zpid	30647425_zpid	11207	508 Hegeman Ave, Brooklyn, NY 11207	40.6592775	-73.8926373	0.397304920572	3	0.25745126606	5	0.560191810143	2	3	1	3116	395000	29	2423	1930	128	16	81	73	75	29	43	12	30	44	10	171
30730013_zpid	30730013_zpid	11214	29 Bay 40th St, Brooklyn, NY 11214	40.5967119	-73.986872	0.118386799434	10	0.0898493879258	6	0.110499857755	2	2	2	1200	550000	59	1740	1950	15	11	9	9	6	21	26	16	13	5	2	58
30778954_zpid	30778954_zpid	11236	1643 E 92nd St, Brooklyn, NY 11236	40.632285	-73.894207	0.323396473702	7	0.16892589563	4	1.72492947913	0	3	2	1200	404250	9	2000	1925	148	40	64	60	24	152	64	64	52	32	8	236
30778954_zpid	30778954_zpid	11236	1643 E 92nd St, Brooklyn, NY 11236	40.632285	-73.894207	0.323396473702	6	0.16892589563	4	1.72492947913	0	3	2	1200	404250	9	2000	1925	148	40	64	60	24	152	64	64	52	32	8	236
30591784_zpid	30591784_zpid	11216	843 Prospect Pl, Brooklyn, NY 11216	40.674468	-73.94855	0.141005037155	11	0.114567887531	7	0.436372127071	3	6	4	3976	1385000	21	1706	1905	339	89	172	221	196	39	32	8	54	78	35	284
30624591_zpid	30624591_zpid	11206	74 Manhattan Ave, Brooklyn, NY 11206	40.7047865	-73.9442963	0.00149870287684	12	0.190466384745	5	0.281758685927	4	8	5	3750	750000	120	1875	1920	72	160	36	60	35	12	41	18	30	16	10	180
30700353_zpid	30700353_zpid	11209	313 89th St, Brooklyn, NY 11209	40.621441	-74.03129	0.15746560572	15	0.20331584246	6	0.280978113588	2	5	3	2320	1195000	0	2000	1925	84	56	39	53	27	66	34	25	14	8	5	227
30789441_zpid	30789441_zpid	11235	42 Brighton 1st Path, Brooklyn, NY 11235	40.5780299	-73.9660013	0.116997411393	8	0.263658073075	7	0.285026956834	2	7	6.5	3150	530000	5	1800	1920	428	164	260	324	236	200	128	60	176	76	88	900
30789441_zpid	30789441_zpid	11235	42 Brighton 1st Path, Brooklyn, NY 11235	40.5780299	-73.9660013	0.116997411393	7	0.263658073075	7	0.285026956834	2	7	6.5	3150	530000	5	1800	1920	428	164	260	324	236	200	128	60	176	76	88	900
30629359_zpid	30629359_zpid	11221	105 Weirfield St, Brooklyn, NY 11221	40.688813	-73.913721	0.13689050128	8	0.341890456553	3	0.366666792475	3	5	1.5	3000	455000	34	2000	1915	136	32	88	114	80	35	21	6	42	41	32	138
29843991_zpid	29843991_zpid	10465	1525 Kennellworth Pl, Bronx, NY 10465	40.8449839	-73.822498	0.609794696594	2	0.282420833887	1	0.872101469939	0	6	5	4032	899000	0	5000	1981	1	4	4	3	0	13	30	15	6	0	0	26
30649886_zpid	30649886_zpid	11208	516 Fountain Ave, Brooklyn, NY 11208	40.66713	-73.872536	0.206817724728	4	0.20799066631	4	0.918769435582	0	3	3	1360	350000	118	4000	1901	228	32	228	232	172	100	128	32	56	84	20	468
29843210_zpid	29843210_zpid	10465	3147 Valhalla Dr, Bronx, NY 10465	40.840774	-73.822811	0.692711359004	3	0.51046818852	2	1.0614853778	0	3	2	1300	360000	21	2250	1925	4	44	28	12	4	24	120	56	20	4	8	112
29852600_zpid	29852600_zpid	10471	320 W 245th St, Bronx, NY 10471	40.891853	-73.902815	0.415694477024	5	0.896034284348	0	0.43890550452	1	6	3.5	3642	1080000	46	12632.4	1925	41	10	0	6	1	1	12	1	6	1	2	20
30771056_zpid	30771056_zpid	11236	1207 E 82nd St, Brooklyn, NY 11236	40.631489	-73.905913	0.734712699471	3	0.753857718655	0	1.72269502065	0	6	4	2850	450000	135	2182	1955	164	32	64	100	40	256	104	24	112	28	32	244
30608638_zpid	30608638_zpid	11216	240 Lexington Ave, Brooklyn, NY 11216	40.68728	-73.952195	0.211264465661	11	0.233507050522	6	0.301484895824	2	5	3	2700	560000	139	1600	1899	148	119	89	120	82	36	33	17	36	53	37	245
30614253_zpid	30614253_zpid	11238	514 Classon Ave, Brooklyn, NY 11238	40.682508	-73.959039	0.202473802827	10	0.219772589456	4	0.315804678401	4	2	1	3040	300000	60	2000	1901	97	138	57	99	63	37	41	20	35	17	37	194
30638697_zpid	30638697_zpid	11207	353 Warwick St, Brooklyn, NY 11207	40.675126	-73.886042	0.287102908164	7	0.460698492177	6	0.460340721279	4	5	3	2400	415000	14	2250	1910	50	21	42	50	35	56	29	13	34	25	11	144
30604833_zpid	30604833_zpid	11233	561 Halsey St, Brooklyn, NY 11233	40.684266	-73.930348	0.0743452040523	7	0.257370452089	2	0.546635188706	1	4	2	2208	750000	28	16	1899	116	53	80	107	56	14	18	10	29	26	19	151
30705515_zpid	30705515_zpid	11228	1528 74th St, Brooklyn, NY 11228	40.617606	-74.001852	0.0727523841553	11	0.320872098282	4	0.335373624797	2	5	3	3024	1228000	0	2000	1925	8	4	9	18	10	35	23	35	12	2	1	60
29784246_zpid	29784246_zpid	10458	465 E 185th St, Bronx, NY 10458	40.8568071	-73.8924999	0.14570348971	11	0.40978008245	7	0.544159148105	3	4	2	1500	369000	38	1667	1910	418	42	190	186	218	24	31	14	43	69	29	320
30748592_zpid	30748592_zpid	11235	2540 E 11th St, Brooklyn, NY 11235	40.588529	-73.959715	0.105922419417	9	0.526583963507	2	0.503955418921	1	6	4	2880	935000	5	2000	1960	188	52	40	112	64	212	120	132	92	40	20	340
30681544_zpid	30681544_zpid	11204	1658 64th St, Brooklyn, NY 11204	40.621508	-73.992968	0.305837195884	5	0.374437702569	4	0.235055817839	4	7	4	3280	1150000	5	2700	1931	42	17	23	43	11	42	43	92	20	9	7	111
30712230_zpid	30712230_zpid	11214	47 Bay 20th St, Brooklyn, NY 11214	40.6052899	-74.001944	0.333436145122	12	0.122967341427	8	0.297086783692	2	2	2.5	2800	635000	54	2175	2004	102	24	36	49	22	63	46	44	26	13	5	157
29837905_zpid	29837905_zpid	10466	2129 Edenwald Ave, Bronx, NY 10466	40.894193	-73.839044	0.657926833519	1	0.462415618146	3	0.952719123769	0	3	2	1025	345000	73	3746	1940	31	2	7	10	2	52	31	11	21	7	4	45
30607111_zpid	30607111_zpid	11206	485 Willoughby Ave, Brooklyn, NY 11206	40.69397	-73.950279	0.141967552743	7	0.433672739368	5	0.200301600324	3	2	1	3476	815000	87	18	1901	52	21	49	77	38	27	14	15	26	19	19	118
30628282_zpid	30628282_zpid	11221	1351 Putnam Ave, Brooklyn, NY 11221	40.694138	-73.913179	0.205521823947	8	0.32534453537	3	0.627166663327	3	8	4.5	2880	590000	40	2000	1910	114	24	96	103	80	29	32	7	42	46	28	153
29787452_zpid	29787452_zpid	10463	3829 Cannon Pl, Bronx, NY 10463	40.8832137	-73.8963023	0.156040676261	4	0.284294801728	2	0.417079939105	1	3	3	1800	549000	0	1742	1930	513	7	48	73	55	22	31	20	23	17	15	116
30758102_zpid	30758102_zpid	11234	1150 E 48th St, Brooklyn, NY 11234	40.6330979	-73.93064	0.261551174762	7	0.974585626682	0	1.43662479025	0	2	2	1470	385000	3	2200	1945	18	10	14	11	3	19	19	7	16	8	2	52
30668078_zpid	30668078_zpid	11226	253 E 28th St, Brooklyn, NY 11226	40.643731	-73.950445	0.154593414823	9	0.200174969227	7	0.197258846173	2	5	2	3192	411500	0	2178	1901	332	70	144	171	134	81	42	13	38	70	29	284
29785612_zpid	29785612_zpid	10458	386 E 184th St, Bronx, NY 10458	40.856783	-73.895974	0.156894656677	13	0.371226973279	9	0.408648889908	4	5	4	2985	253000	168	1855	1889	405	28	190	178	196	19	19	12	34	60	24	261
30787866_zpid	30787866_zpid	11234	267 Whitman Dr, Brooklyn, NY 11234	40.606943	-73.904549	1.19814535962	0	1.21758655747	0	4.42508552247	0	3	2.5	2454	689000	29	3800	1960	1	1	0	5	0	1	7	1	7	2	1	12
30629878_zpid	30629878_zpid	11207	1283 Bushwick Ave, Brooklyn, NY 11207	40.686948	-73.913201	0.34647978832	7	0.250635291239	3	0.291090782024	2	12	6	4000	1650000	0	1600	1925	82	19	69	88	54	26	21	11	24	38	19	131
29784249_zpid	29784249_zpid	10458	459 E 185th St, Bronx, NY 10458	40.8568971	-73.8927193	0.161841377602	12	0.402999173214	8	0.540599245936	3	9	3	2664	475000	126	1650	1910	413	43	192	185	215	24	30	14	42	66	30	318
30777204_zpid	30777204_zpid	11236	1454 E 96th St, Brooklyn, NY 11236	40.637049	-73.895113	0.0932307841162	7	0.165224306853	4	1.21122890625	0	5	2.5	3136	425000	23	3223	1925	28	20	25	27	6	54	20	15	12	12	2	79
30672938_zpid	30672938_zpid	11218	108 E 8th St, Brooklyn, NY 11218	40.647273	-73.9729629	0.057581425662	13	0.674734656882	1	0.367409558112	2	2	2	1148	910000	33	1500	1901	428	136	192	260	216	148	128	108	112	88	36	536
30672938_zpid	30672938_zpid	11218	108 E 8th St, Brooklyn, NY 11218	40.647273	-73.9729629	0.057581425662	13	0.54645266499	2	0.367409558112	2	2	2	1148	910000	33	1500	1901	428	136	192	260	216	148	128	108	112	88	36	536
30727297_zpid	30727297_zpid	11229	1779 E 14th St, Brooklyn, NY 11229	40.606279	-73.958477	0.2264907544	7	0.507426984222	4	0.272489875512	1	3	2	3120	462000	7	2000	1901	141	33	50	57	49	63	43	25	21	17	9	175
30609385_zpid	30609385_zpid	11216	827 Marcy Ave, Brooklyn, NY 11216	40.68535	-73.946967	0.132725052654	10	0.294025071781	9	0.579895880707	2	6	5	3600	1300000	10	2000	1901	171	78	87	132	96	29	40	18	58	63	26	230
30764275_zpid	30764275_zpid	11234	1626 E 48th St, Brooklyn, NY 11234	40.62081	-73.9293129	0.179487524677	8	0.38461230774	2	2.04702419801	0	3	1.5	1065	373000	129	1892	1920	12	58	2	18	9	43	40	17	18	7	3	150
30666569_zpid	30666569_zpid	11226	2819 Snyder Ave, Brooklyn, NY 11226	40.649101	-73.950576	0.183323964907	4	0.179808702266	7	0.211546480761	2	5	3	3095	300000	60	3097	1901	387	45	169	169	174	80	29	14	47	75	30	286
30570327_zpid	30570327_zpid	11231	45 Woodhull St, Brooklyn, NY 11231	40.681624	-74.003225	0.0844804557455	15	0.20572985418	4	0.756879160701	0	1	1	2400	1850000	19	2000	1900	29	48	22	46	19	19	43	34	6	9	11	140
29852663_zpid	29852663_zpid	10471	4421 Fieldston Rd, Bronx, NY 10471	40.8913658	-73.9056154	0.439961646764	7	0.727317710717	1	0.640087748918	1	5	3.5	3416	1450000	43	10890.0	1920	120	40	8	4	0	8	76	12	16	0	4	72
30602125_zpid	30602125_zpid	11221	1075 Dekalb Ave, Brooklyn, NY 11221	40.693764	-73.932537	0.165079564191	11	0.406541428729	3	0.317725504011	3	4	1	3000	350000	37	2178	1991	556	344	296	380	364	192	144	68	112	180	152	924
29850469_zpid	29850469_zpid	10464	72 Hawkins St, Bronx, NY 10464	40.845886	-73.787815	0.211580309103	3	3.20437759582	0	3.39890311634	0	3	1.5	2223	528000	9	2513	2007	17	20	5	7	3	1	36	9	7	2	31	46
97293938_zpid	97293938_zpid	11229	36 Keen Ct, Brooklyn, NY 11229	40.5884387	-73.9244424	0.250727282515	2	1.32468662888	0	2.51768637696	0	3	2	1350	539000	0	1799	2012	2	3	2	15	0	1	32	11	22	2	4	40
30614916_zpid	30614916_zpid	11205	135 Park Ave, Brooklyn, NY 11205	40.6963669	-73.974205	0.358921488089	6	0.326850071311	2	0.937703687806	0	3	1	800	245000	154	2175	1899	29	31	14	23	19	35	7	25	10	12	7	68
30573203_zpid	30573203_zpid	11231	537 Court St, Brooklyn, NY 11231	40.6743967	-73.9994648	0.171175440093	8	0.418396729672	1	0.186326201924	1	6	2.5	3150	3850000	0	1713	1931	18	23	6	7	6	14	33	8	7	2	5	85
29789813_zpid	29789813_zpid	10470	311 E 242nd St, Bronx, NY 10470	40.9025717	-73.8675028	0.438215527661	1	0.580124381242	1	0.890655435827	0	5	3	2200	512300	24	6465	1945	30	9	5	6	8	20	10	9	8	3	3	40
30573266_zpid	30573266_zpid	11231	298 Van Brunt St, Brooklyn, NY 11231	40.679545	-74.010683	0.0480403838499	4	0.0850817438139	3	1.25915493531	0	2	1	1800	25000	246	1800	1925	28	53	15	20	11	9	26	9	11	8	2	55
30641683_zpid	30641683_zpid	11208	21 Hemlock St, Brooklyn, NY 11208	40.6894009	-73.872206	0.286235429507	6	0.221345290324	6	0.0667680172516	3	6	3	2200	539000	5	1667	1925	70	20	44	61	31	53	30	13	31	25	3	112
30791246_zpid	30791246_zpid	11235	124 Mackenzie St, Brooklyn, NY 11235	40.580135	-73.940457	0.881017375393	0	1.24988862183	0	1.3811462344	0	3	4	2900	1575000	0	3223	2016	9	7	5	14	8	12	13	5	18	2	1	31
30782156_zpid	30782156_zpid	11234	2006 E 68th St, Brooklyn, NY 11234	40.619568	-73.911384	0.243504612787	5	0.308211504058	1	3.120920979	0	2	2	2812	570000	20	2000	1960	16	8	9	15	6	21	24	10	19	2	5	69
29830775_zpid	29830775_zpid	10469	3146 Tiemann Ave, Bronx, NY 10469	40.873547	-73.841206	0.515706921738	4	0.651317575926	1	0.624774395355	2	4	2	1558	319000	0	2374	1920	40	4	35	31	17	38	33	16	28	8	11	70
30747312_zpid	30747312_zpid	11229	2329 E 26th St, Brooklyn, NY 11229	40.594748	-73.94437	0.288932232566	11	0.281087989242	5	0.913824964175	0	2	2	2134	750000	5	2200	1950	4	10	4	16	3	19	24	21	15	1	2	55
30716524_zpid	30716524_zpid	11230	1014 E 10th St, Brooklyn, NY 11230	40.624181	-73.966369	0.158711181145	5	0.341691443851	4	0.487493888373	2	9	5	5500	2459999	0	4500	1930	116	19	40	47	49	35	49	27	19	16	6	134
30784010_zpid	30784010_zpid	11234	3619 Fillmore Ave, Brooklyn, NY 11234	40.6118809	-73.932819	0.254368828055	3	0.473696653988	1	2.14233630101	0	3	1	952	499000	5	1530	1925	4	19	4	5	2	14	29	28	32	1	3	48
30572927_zpid	30572927_zpid	11231	39 3rd St, Brooklyn, NY 11231	40.6783507	-73.9943623	0.105985568123	9	0.608969335995	2	0.265506198665	2	5	4	2340	2600000	1	1600	1901	20	36	8	30	11	13	55	35	22	7	4	138
30763159_zpid	30763159_zpid	11234	1541 E 52nd St, Brooklyn, NY 11234	40.622017	-73.924958	0.0054598922946	11	0.261424987512	1	2.26351081989	0	3	1	988	425000	0	1800	1925	8	30	6	12	7	43	33	19	17	7	8	121
30706768_zpid	30706768_zpid	11214	1723 77th St, Brooklyn, NY 11214	40.613435	-73.998767	0.100142335438	12	0.176957915596	8	0.155915298193	3	3	3	1875	715000	17	1750	1920	49	6	12	24	8	20	22	23	15	9	7	97
30784111_zpid	30784111_zpid	11234	1845 E 37th St, Brooklyn, NY 11234	40.612766	-73.933078	0.329849559949	3	0.420739072953	1	2.13953152001	0	3	2	1064	450000	92	18	1925	3	41	2	7	2	20	32	28	32	2	3	63
112506146_zpid	112506146_zpid	10467	747 E 220TH St, Bronx, NY 10467	40.8837559	-73.8607253	0.177586225413	6	0.337946702172	2	0.167631777628	2	6	4	1166	690000	0	2857	2016	152	11	78	100	90	69	16	4	30	49	10	160
55677701_zpid	55677701_zpid	11234	11 Bergen Beach Pl, Brooklyn, NY 11234	40.622555	-73.914928	0.335728655022	5	0.753302255095	0	2.90127647957	0	3	4	2100	580000	0	2455	1999	20	4	8	11	5	56	27	24	19	6	9	108
30702175_zpid	30702175_zpid	11209	442 Marine Ave, Brooklyn, NY 11209	40.61324	-74.031646	0.139922944084	9	0.415551011929	3	0.328614261518	1	3	2	1972	820100	2	1892	1925	55	21	15	17	18	44	32	33	6	7	4	83
30631832_zpid	30631832_zpid	11212	508 Thomas S Boyland St, Brooklyn, NY 11212	40.668098	-73.91358	0.441531112837	5	0.339257326643	9	0.730657685465	1	3	2	1340	10	9	2000	1987	200	28	104	140	56	116	108	28	104	36	40	460
30631832_zpid	30631832_zpid	11212	508 Thomas S Boyland St, Brooklyn, NY 11212	40.668098	-73.91358	0.304747911866	7	0.339257326643	9	0.730657685465	1	3	2	1340	10	9	2000	1987	200	28	104	140	56	116	108	28	104	36	40	460
29783258_zpid	29783258_zpid	10459	799 Jennings St, Bronx, NY 10459	40.832258	-73.895858	0.0986032354039	4	0.222979301147	7	0.412625685865	1	4	2	1080	359000	142	2500	1918	170	72	75	91	82	24	16	5	19	42	14	145
30708384_zpid	30708384_zpid	11228	1366 79th St, Brooklyn, NY 11228	40.616839	-74.008282	0.205366286631	9	0.561149659803	3	0.747243025711	1	5	2.5	2450	630000	14	2000	1910	8	15	4	21	2	31	41	46	20	4	4	69
30791221_zpid	30791221_zpid	11235	195 Kensington St, Brooklyn, NY 11235	40.578358	-73.941429	0.680158196935	1	1.4265975895	0	1.43558824467	0	4	5	4500	1200000	22	6000	1930	8	20	0	32	0	48	52	20	36	4	4	84
30791221_zpid	30791221_zpid	11235	195 Kensington St, Brooklyn, NY 11235	40.578358	-73.941429	0.956656614252	0	1.4265975895	0	1.43558824467	0	4	5	4500	1200000	22	6000	1930	8	20	0	32	0	48	52	20	36	4	4	84
30633888_zpid	30633888_zpid	11207	31 Bradford St, Brooklyn, NY 11207	40.678914	-73.893493	0.0667539148161	5	0.0820902984953	4	0.202570903047	4	3	2	1438	225000	60	2500	1901	102	37	68	78	56	73	48	36	44	34	12	162
29845490_zpid	29845490_zpid	10465	2989 Lawton Ave, Bronx, NY 10465	40.81809	-73.813883	0.309481874704	4	0.367996667895	1	3.43562607427	0	6	3	2400	440000	140	2442	1925	6	10	1	9	5	16	23	11	10	5	10	63
30745065_zpid	30745065_zpid	11229	2144 E 29th St, Brooklyn, NY 11229	40.599194	-73.942965	0.178009783811	6	0.0991693872057	2	1.09581513266	0	3	3	2022	515000	45	1785	1940	17	18	10	14	9	13	33	16	21	3	5	99
29786887_zpid	29786887_zpid	10468	125 W 197th St, Bronx, NY 10468	40.872402	-73.900306	0.426469697603	9	0.308502730023	9	0.580117678703	1	8	3	2814	193000	227	2500	1927	396	20	121	115	131	28	14	6	39	39	14	202
30776923_zpid	30776923_zpid	11236	10556 Flatlands 4th St, Brooklyn, NY 11236	40.643893	-73.888248	0.57416049041	3	0.480630073689	3	1.18928674132	0	3	2	2600	391400	20	2600	1960	100	8	36	40	48	52	32	8	40	28	24	164
30776923_zpid	30776923_zpid	11236	10556 Flatlands 4th St, Brooklyn, NY 11236	40.643893	-73.888248	0.57416049041	4	0.480630073689	3	1.18928674132	0	3	2	2600	391400	20	2600	1960	100	8	36	40	48	52	32	8	40	28	24	164
30607188_zpid	30607188_zpid	11206	232 Vernon Ave, Brooklyn, NY 11206	40.695172	-73.942407	0.0962356154049	10	0.132779683363	4	0.559346738553	3	11	8	3440	1450000	29	1800	1931	115	40	60	97	56	55	21	35	17	36	24	153
30598704_zpid	30598704_zpid	11233	1831 Park Pl, Brooklyn, NY 11233	40.671793	-73.9166089	0.548588571276	4	0.479141148039	5	0.877099697303	0	8	3	2955	447000	144	1742	1899	195	9	108	114	78	10	12	9	29	37	22	146
30747683_zpid	30747683_zpid	11235	1215 Doone Ct, Brooklyn, NY 11235	40.590632	-73.958222	0.284761961778	13	0.465390653913	4	0.539599643632	2	2	1.5	1024	750000	0	2000	1920	41	14	7	21	13	37	27	26	18	7	2	67
30605260_zpid	30605260_zpid	11233	764 Halsey St, Brooklyn, NY 11233	40.684568	-73.923458	0.308878426252	9	0.600727741323	4	0.572352743597	3	5	4	2430	1495000	0	1799	1899	159	54	104	118	89	14	18	13	43	64	17	205
30642170_zpid	30642170_zpid	11208	375 Ridgewood Ave, Brooklyn, NY 11208	40.685072	-73.875051	0.109875123059	8	0.224342820899	5	0.234790070227	3	5	2	2100	163000	197	2128	1901	90	37	60	78	53	61	37	17	60	36	10	183
30719428_zpid	30719428_zpid	11204	1517 W 7th St, Brooklyn, NY 11204	40.6099885	-73.980951	0.10950469559	10	0.0897303198986	6	0.224458915859	3	8	5	3650	1449000	0	2000	1989	860	124	208	236	296	356	132	124	84	44	32	568
30719428_zpid	30719428_zpid	11204	1517 W 7th St, Brooklyn, NY 11204	40.6099885	-73.980951	0.10950469559	11	0.0897303198986	6	0.224458915859	3	8	5	3650	1449000	0	2000	1989	860	124	208	236	296	356	132	124	84	44	32	568
29853531_zpid	29853531_zpid	10471	5912 Spencer Ave, Bronx, NY 10471	40.907052	-73.898996	0.263246948627	4	0.26426419891	3	1.31805643866	0	3	1.5	2780	173000	226	3150	1950	11	8	6	11	6	19	29	11	16	2	7	51
30773168_zpid	30773168_zpid	11236	9202 Foster Ave, Brooklyn, NY 11236	40.645518	-73.909561	0.200653132654	4	0.759558846136	0	0.663460611354	1	4	2.5	1644	498000	101	2500	1935	38	4	25	30	16	43	34	6	12	16	4	93
83042202_zpid	83042202_zpid	11216	795 Saint Johns Pl, Brooklyn, NY 11216	40.671951	-73.951807	0.10987967203	14	0.143684739004	2	0.260418449261	5	8	6	2925	390000	14	1950	2003	284	73	146	175	165	21	35	9	41	58	32	244
30663777_zpid	30663777_zpid	11210	748 E 37th St, Brooklyn, NY 11210	40.638596	-73.94179	0.540149604016	2	0.531336043241	2	0.57973868234	1	4	3	1710	525000	0	1800	1940	167	7	111	96	102	35	11	3	25	29	6	179
30670004_zpid	30670004_zpid	11210	756 E 21st St, Brooklyn, NY 11210	40.635062	-73.957384	0.393632007059	10	0.412419621154	5	0.45694332889	2	6	3.5	2538	180000	267	5000	1910	39	13	27	31	30	22	8	10	10	8	4	71
30656572_zpid	30656572_zpid	11203	823 E 49th St, Brooklyn, NY 11203	40.64127	-73.929993	0.167209897457	7	0.968166224717	0	1.56252134061	0	2	1	3840	615000	92	2550	1930	94	18	20	22	19	48	36	13	26	17	5	122
30691069_zpid	30691069_zpid	11220	413 63rd St, Brooklyn, NY 11220	40.639029	-74.019536	0.0982650101335	11	0.225323485421	8	0.294944522901	2	6	3	3200	1349000	0	2086	1910	127	51	46	57	44	25	48	35	33	17	3	150
30760821_zpid	30760821_zpid	11234	4703 Avenue K, Brooklyn, NY 11234	40.6259159	-73.930302	0.280199768049	9	0.366529807467	1	1.65515567834	0	4	3	2071	481000	16	2000	1950	27	14	13	22	17	44	26	18	19	3	1	89
30638475_zpid	30638475_zpid	11207	651 Liberty Ave, Brooklyn, NY 11207	40.676189	-73.88585	0.170981252028	10	0.378286483383	8	0.430650034188	4	6	6	5000	525000	6	2500	1920	45	24	41	47	31	55	24	14	33	21	10	138
30701347_zpid	30701347_zpid	11209	43 Marine Ave, Brooklyn, NY 11209	40.619327	-74.036929	0.338705193077	9	0.395476945755	3	0.595241134056	1	5	4	2164	880000	74	2400	1925	171	28	23	37	28	37	34	27	12	6	5	121
30689938_zpid	30689938_zpid	11220	842 67th St, Brooklyn, NY 11220	40.630655	-74.012887	0.235741123157	9	0.184734649675	6	0.472645412258	2	5	3	1905	600000	74	2000	1935	14	4	11	16	6	23	29	9	4	5	1	43
30684407_zpid	30684407_zpid	11219	1447 45th St, Brooklyn, NY 11219	40.635375	-73.986197	0.147264549485	2	0.406579008755	7	0.676946411527	2	6	2	2160	1100000	1	2178	1910	73	9	23	46	17	23	89	51	14	8	7	111
