2099498759_zpid	2099498759_zpid	11216	14A Saint Andrews Pl, Brooklyn, NY 11216	40.678839	-73.943403	0.241490440518	8	0.13290380069	7	0.246310900695	3	7	3	3240	1399000	0	1530	1910	226	78	98	146	98	37	35	20	45	48	29	206
29845114_zpid	29845114_zpid	10465	2951 Schley Ave, Bronx, NY 10465	40.825043	-73.819279	0.560876239689	1	0.396844671324	2	2.53961563479	0	4	2	1488	125000	281	5000	1920	14	16	6	16	5	13	19	21	14	1	5	63
30732988_zpid	30732988_zpid	11224	2860 W 33rd St, Brooklyn, NY 11224	40.575936	-74.00011	0.498324179625	1	0.222554282536	2	1.60462193091	0	3	2	1444	569900	0	2583	1988	58	22	26	44	17	4	22	9	21	20	0	74
29854588_zpid	29854588_zpid	10471	5770 Palisade Ave, Bronx, NY 10471	40.9069047	-73.9100939	0.515707748731	3	0.427151964653	2	0.470116677773	1	6	4.5	4566	2199000	0	10244	1975	8	6	2	7	5	4	13	3	6	2	3	19
30733479_zpid	30733479_zpid	11224	2027 Mermaid Ave, Brooklyn, NY 11224	40.576524	-73.987755	0.334934227599	2	0.223583790681	5	0.560427899264	1	6	5	4800	710000	12	1600	1930	75	14	38	45	32	15	28	9	11	27	8	84
29843511_zpid	29843511_zpid	10465	3260 Spencer Dr, Bronx, NY 10465	40.841934	-73.8187669	0.801914405748	0	0.672744577991	1	1.2827978926	0	4	4	3432	600000	87	3736	2007	1	10	5	3	0	10	26	13	5	1	1	32
30711167_zpid	30711167_zpid	11214	2215 85th St, Brooklyn, NY 11214	40.602358	-73.992438	0.176613481601	10	0.106645545973	7	0.126444230131	3	3	1.5	3170	976000	38	2000	1930	684	108	224	220	192	424	180	136	112	52	36	700
30711167_zpid	30711167_zpid	11214	2215 85th St, Brooklyn, NY 11214	40.602358	-73.992438	0.176613481601	12	0.106645545973	8	0.126444230131	3	3	1.5	3170	976000	38	2000	1930	684	108	224	220	192	424	180	136	112	52	36	700
30667611_zpid	30667611_zpid	11218	398 Westminster Rd, Brooklyn, NY 11218	40.639128	-73.967165	0.377046214361	10	0.231970564832	8	0.341452850722	3	6	2	2613	1200000	10	2500	1910	92	34	38	46	18	57	23	26	17	7	9	131
29822029_zpid	29822029_zpid	10469	1516 Mace Ave, Bronx, NY 10469	40.862493	-73.842596	0.0722036262396	2	0.635090720441	1	0.845363415753	0	4	3	1956	500000	8	1955	1932	14	10	4	8	0	21	23	16	17	2	4	54
30747634_zpid	30747634_zpid	11235	2452 E 12th St, Brooklyn, NY 11235	40.590458	-73.959002	0.319487102792	11	0.493869188817	4	0.570192905721	2	2	2	1200	500000	17	2477	1930	41	13	7	22	13	39	26	26	19	6	2	69
29831396_zpid	29831396_zpid	10469	2814 Tiemann Ave, Bronx, NY 10469	40.86725	-73.838127	0.510984631863	3	0.526887275801	1	0.739822587572	1	3	2	1040	300000	7	3555	1925	24	9	20	17	11	27	28	14	20	1	5	61
29854388_zpid	29854388_zpid	10471	4659 Independence Ave, Bronx, NY 10471	40.893768	-73.911859	0.809523917571	0	0.953473771089	0	1.15279714459	0	3	2	1300	925000	8	15681.599999999999	1901	9	5	2	3	1	1	37	2	7	0	1	13
29813021_zpid	29813021_zpid	10462	1651 Holland Ave, Bronx, NY 10462	40.8431866	-73.8637268	0.25263128256	10	0.32537800338	6	0.743671712365	1	6	3	1896	392945	14	1363	1901	95	15	52	58	42	48	22	13	32	24	11	123
30789672_zpid	30789672_zpid	11235	3045 Brighton 8th St, Brooklyn, NY 11235	40.5788693	-73.9602541	0.0749620528277	10	0.107105982723	5	0.159552057317	1	5	3	1944	510638	27	1680	1931	900	256	304	412	260	324	208	104	200	140	100	1136
30789672_zpid	30789672_zpid	11235	3045 Brighton 8th St, Brooklyn, NY 11235	40.5788693	-73.9602541	0.0749620528277	11	0.107105982723	5	0.159552057317	1	5	3	1944	510638	27	1680	1931	900	256	304	412	260	324	208	104	200	140	100	1136
30633918_zpid	30633918_zpid	11207	2531 Atlantic Ave, Brooklyn, NY 11207	40.6758499	-73.900987	0.295383451474	2	0.684324212705	1	0.154008351188	8	6	3	3000	300000	19	1891	1910	19	7	18	28	22	8	21	9	12	7	3	54
30638087_zpid	30638087_zpid	11207	171 Jerome St, Brooklyn, NY 11207	40.67799	-73.887657	0.137031707036	9	0.12652301677	6	0.335090632995	5	10	3.5	3000	444000	24	2375	1901	65	35	49	66	36	64	40	19	45	27	7	162
68311728_zpid	68311728_zpid	10469	1036 E 212th St, Bronx, NY 10469	40.875537	-73.855917	0.20158800938	6	0.704892407167	1	0.909699369917	0	6	4	3472	479000	0	3659	2004	62	4	33	58	37	52	21	10	33	23	18	94
30738669_zpid	30738669_zpid	11223	10 Southgate Ct, Brooklyn, NY 11223	40.590808	-73.972484	0.176170761164	7	0.499761447388	2	0.199439396376	3	5	2	1600	1280000	0	4000	1925	54	10	16	21	7	37	39	39	19	5	5	100
30784961_zpid	30784961_zpid	11234	1922 E 35th St, Brooklyn, NY 11234	40.610318	-73.933642	0.296925159338	3	0.517526020325	1	2.05104361596	0	3	2	980	585000	0	1800	1925	4	44	12	16	8	40	104	100	124	4	8	144
30662159_zpid	30662159_zpid	11203	725 E 45th St, Brooklyn, NY 11203	40.64351	-73.934043	0.175717762411	6	0.776524601679	0	1.27223092195	0	4	1.5	1568	371000	16	2000	1930	88	40	40	52	36	132	84	28	72	44	12	324
30569154_zpid	30569154_zpid	11231	453 Henry St, Brooklyn, NY 11231	40.685972	-73.998222	0.220663139319	15	0.183293128017	4	0.621576537736	2	4	4	2610	2600000	11	1650	1901	76	144	64	180	36	56	124	76	76	4	32	412
30605613_zpid	30605613_zpid	11233	521 Macdonough St, Brooklyn, NY 11233	40.683365	-73.925115	0.413296767526	9	0.52533540392	3	0.598034836695	3	5	3	2328	400000	5	1800	1901	153	71	104	122	77	17	15	13	44	48	25	204
30776888_zpid	30776888_zpid	11236	10545 Flatlands 4th St, Brooklyn, NY 11236	40.644082	-73.888811	0.530565533179	2	0.496229796361	3	1.13793827369	0	5	3	2750	220000	262	2230	1960	27	3	10	10	12	14	10	2	11	6	6	41
30722883_zpid	30722883_zpid	11223	1842 W 6th St, Brooklyn, NY 11223	40.602435	-73.978976	0.223662728424	7	0.310757412279	4	0.202440698751	3	7	3	3600	995000	16	2500	1920	320	104	176	116	136	380	128	248	96	52	28	448
30770507_zpid	30770507_zpid	11236	1165 E 85th St, Brooklyn, NY 11236	40.633466	-73.9042879	0.585343473666	5	0.69617247744	2	1.48245441012	0	4	2	2040	390000	19	2150	1955	52	12	20	28	10	67	28	11	26	7	9	84
30634213_zpid	30634213_zpid	11207	475 Glenmore Ave, Brooklyn, NY 11207	40.673865	-73.8928169	0.288251347205	7	0.207660225711	8	0.225130005325	4	3	1	1188	425000	22	5000	1910	105	17	83	102	84	70	42	30	33	42	21	220
30620178_zpid	30620178_zpid	11222	122 Franklin St, Brooklyn, NY 11222	40.728928	-73.957164	0.0573132673949	12	0.330667197989	4	0.296328250118	2	7	4	3400	2262500	5	1750	1899	228	384	100	184	104	172	116	92	88	48	36	764
30712165_zpid	30712165_zpid	11214	76 Bay 19th St, Brooklyn, NY 11214	40.605429	-74.003593	0.340464426961	12	0.0442100123648	7	0.321927680274	2	4	1	1200	550000	61	965	1930	62	25	27	38	14	51	41	44	25	10	6	127
30602595_zpid	30602595_zpid	11221	507 Van Buren St, Brooklyn, NY 11221	40.691981	-73.9286319	0.0763282364773	9	0.147566316135	4	0.152283465663	3	1	1	2079	628000	102	1733	1899	206	75	95	123	128	52	38	14	44	52	35	302
30601421_zpid	30601421_zpid	11233	1943 Atlantic Ave, Brooklyn, NY 11233	40.6770015	-73.9187407	0.0691963599055	2	0.469873067039	3	0.303661585319	2	6	6	2080	555200	42	1306	1915	208	17	116	133	91	38	33	18	52	54	34	187
29778536_zpid	29778536_zpid	10452	1008 Dr Martin L King Jr Blvd, Bronx, NY 10452	40.833661	-73.930561	0.266680285498	2	0.352369690729	4	0.637167216716	1	3	1	2100	480000	39	2075	1930	1348	160	628	648	640	136	52	12	272	256	100	1052
29846165_zpid	29846165_zpid	10465	753 Vincent Ave, Bronx, NY 10465	40.829858	-73.817859	0.498775484455	5	0.538911169397	2	2.20194004779	0	3	1.5	1079	315000	46	1916	1935	24	20	12	52	0	52	72	136	64	4	12	176
30694668_zpid	30694668_zpid	11209	640 73rd St, Brooklyn, NY 11209	40.6287417	-74.0187115	0.301617420808	12	0.365213263352	5	0.585063731401	1	1	1	1041	609000	12	2000	1920	17	13	10	27	15	23	33	39	18	3	3	84
30739954_zpid	30739954_zpid	11223	2568 E 2nd St, Brooklyn, NY 11223	40.586871	-73.9679139	0.30314356389	6	0.334420555108	1	0.616885962461	1	8	5.5	3968	1125000	63	3000	2006	83	8	7	11	8	15	31	21	12	1	4	52
30673830_zpid	30673830_zpid	11218	407 E 3rd St, Brooklyn, NY 11218	40.6420389	-73.976853	0.211516074935	12	0.238042474283	10	0.326514567125	2	4	2	1683	780000	33	2000	1910	196	48	69	95	62	67	53	66	31	24	16	214
29793720_zpid	29793720_zpid	10473	2163 Turnbull Ave, Bronx, NY 10473	40.8241361	-73.8496849	0.422907273771	4	0.468104642202	3	1.14135665266	0	4	2.5	1887	477360	25	2607	1970	46	19	20	10	10	29	14	6	13	7	8	61
29832255_zpid	29832255_zpid	10466	724 E 232nd St, Bronx, NY 10466	40.892196	-73.856778	0.116767502573	6	0.134212179589	3	0.12545213358	4	4	3	1299	355000	33	2874	1920	289	25	126	103	148	88	31	5	47	64	21	242
30635563_zpid	30635563_zpid	11207	560 Pennsylvania Ave, Brooklyn, NY 11207	40.663487	-73.894087	0.263533393634	3	0.130295085453	8	0.144867422857	5	7	4	3600	487000	4	2178	1930	274	17	155	143	166	34	47	14	43	73	18	284
29844222_zpid	29844222_zpid	10465	1538 Stadium Ave, Bronx, NY 10465	40.845425	-73.81999	0.826021359603	0	0.498136182193	1	1.02757914994	0	3	2.5	1836	525000	123	2500	1975	1	4	4	4	0	15	31	15	9	1	0	34
30669823_zpid	30669823_zpid	11230	663 Rugby Rd, Brooklyn, NY 11230	40.633343	-73.963578	0.071674599383	6	0.0711205332309	4	0.204628319013	2	5	4.5	2620	1700000	9	5000	1910	71	29	47	51	47	56	37	33	23	15	5	118
30770651_zpid	30770651_zpid	11236	2 Beach Pl, Brooklyn, NY 11236	40.6348794	-73.9020969	0.344688364706	7	0.513293018917	2	1.31090838671	0	3	1	1280	268000	146	1560	1925	49	17	25	27	11	53	21	8	21	11	9	90
30755689_zpid	30755689_zpid	11210	1457 E 27th St, Brooklyn, NY 11210	40.615494	-73.94736	0.431311402211	3	0.529991567608	3	1.04442032594	0	3	1.5	1472	595000	19	2000	1910	60	8	4	36	16	64	64	48	32	0	16	140
29812740_zpid	29812740_zpid	10460	641 Mead St, Bronx, NY 10460	40.842871	-73.8663739	0.30624467179	9	0.442994874651	5	0.608901947832	2	6	3	1914	520000	116	2500	1925	133	15	39	49	47	45	14	10	23	31	23	93
29854177_zpid	29854177_zpid	10471	680 W 246th St APT 6, Bronx, NY 10471	40.8918675	-73.9135783	0.68709138411	3	0.80377948465	0	1.30810721153	0	6	5	4100	1836000	15	5289	1987	9	5	2	3	0	1	34	2	6	0	1	12
29786936_zpid	29786936_zpid	10463	3966 Orloff Ave, Bronx, NY 10463	40.883807	-73.892398	0.475751316382	2	0.109903045958	1	0.719412629893	1	4	3.5	2856	350000	41	2482	1935	458	12	33	45	39	19	26	17	16	10	9	75
30782248_zpid	30782248_zpid	11234	2015 E 71st St, Brooklyn, NY 11234	40.621286	-73.908687	0.452119456888	3	0.454638163324	1	2.88241383808	0	3	2	1036	509000	0	2000	1925	18	2	9	12	6	28	22	11	18	3	3	63
30608477_zpid	30608477_zpid	11216	571 Greene Ave, Brooklyn, NY 11216	40.688618	-73.947427	0.233553843568	13	0.414569518239	5	0.382102091342	1	8	4	3600	1830000	4	19	1920	127	60	67	100	76	24	28	11	30	40	27	168
30672144_zpid	30672144_zpid	11218	163 Minna St, Brooklyn, NY 11218	40.644468	-73.985775	0.498462186615	8	0.432993155511	7	0.517176485622	1	5	2.5	1900	910000	4	1900	1940	42	17	22	30	20	42	41	42	4	10	3	118
30769084_zpid	30769084_zpid	11236	963 E 79th St, Brooklyn, NY 11236	40.633955	-73.912476	0.14206665273	5	0.160999651602	3	1.67453154264	0	4	2.5	2088	600000	2	2933	1939	96	28	64	68	36	248	112	40	84	28	28	296
30635566_zpid	30635566_zpid	11207	635 New Jersey Ave, Brooklyn, NY 11207	40.663671	-73.892444	0.15580603418	6	0.21763671327	7	0.233130544075	3	7	4	3360	600000	4	2334	1930	1228	88	744	692	724	128	192	48	204	336	84	1272
30583437_zpid	30583437_zpid	11215	337 1st St, Brooklyn, NY 11215	40.673767	-73.981328	0.114452402206	13	0.270423626671	6	0.422749302166	2	6	3.5	3762	3350000	24	1800	1901	68	80	26	46	26	27	48	43	28	14	22	201
30789102_zpid	30789102_zpid	11235	121 Ocean View Ave, Brooklyn, NY 11235	40.5787581	-73.9669695	0.156755448462	7	0.366106658235	8	0.301519144171	3	4	5	1950	585000	34	2190	1950	84	38	52	66	48	48	32	16	38	18	18	185
30764873_zpid	30764873_zpid	11234	1419 E 58th St, Brooklyn, NY 11234	40.619881	-73.918939	0.0855385855739	10	0.807600803428	0	2.82147845099	0	4	2	1526	419000	28	1999	1920	8	9	6	6	9	35	29	14	20	3	6	105
30776461_zpid	30776461_zpid	11236	1168 E 100th St, Brooklyn, NY 11236	40.640503	-73.893489	0.322863586611	5	0.416428090826	2	0.983668491034	0	3	2	1540	350000	14	2000	1955	40	8	26	24	14	28	18	10	16	16	4	72
30754173_zpid	30754173_zpid	11210	1237 E 28th St, Brooklyn, NY 11210	40.620818	-73.947423	0.445451132018	2	0.148346479244	2	1.0728086879	0	4	2	2091	940000	4	2850	1925	23	4	3	15	5	38	30	9	20	1	1	56
30780484_zpid	30780484_zpid	11234	7221 Avenue M, Brooklyn, NY 11234	40.625652	-73.911838	0.765278874551	0	0.763575695815	0	2.48552469351	0	6	2	2509	350000	7	2125	1970	72	12	28	28	12	176	44	76	52	16	24	252
30671015_zpid	30671015_zpid	11218	165 Mcdonald Ave, Brooklyn, NY 11218	40.6506339	-73.980497	0.275240206115	6	0.216038687006	3	0.409723688237	2	4	3	2040	1110000	11	2548	1915	10	16	10	16	10	18	20	20	12	2	3	45
29839761_zpid	29839761_zpid	10466	4418 Murdock Ave, Bronx, NY 10466	40.900529	-73.843487	0.268458240534	2	0.504265897061	2	0.666114034962	1	4	2.5	2000	406300	10	3933	1952	50	7	27	27	13	18	38	12	19	9	2	64
30747684_zpid	30747684_zpid	11235	1217 Doone Ct, Brooklyn, NY 11235	40.59064	-73.95815	0.279183814925	13	0.462465124571	4	0.536433705318	2	1	1	480	600000	18	3998	1920	164	56	28	84	52	148	108	104	68	28	8	264
30747684_zpid	30747684_zpid	11235	1217 Doone Ct, Brooklyn, NY 11235	40.59064	-73.95815	0.279183814925	13	0.462465124571	5	0.536433705318	2	1	1	480	600000	18	3998	1920	164	56	28	84	52	148	108	104	68	28	8	264
30790595_zpid	30790595_zpid	11235	190 Amherst St, Brooklyn, NY 11235	40.577235	-73.952253	0.036961372962	8	0.549714573207	3	0.764471239897	0	4	3	2624	1200000	70	3000	1950	119	30	22	40	26	25	40	20	26	14	3	87
30624006_zpid	30624006_zpid	11211	230 Withers St, Brooklyn, NY 11211	40.717377	-73.942095	0.0735199086571	8	0.401981631575	4	0.353950661149	3	5	2	1600	1800000	5	2500	1910	17	124	12	35	15	24	33	5	23	9	19	122
29787921_zpid	29787921_zpid	10458	2655 Bainbridge Ave, Bronx, NY 10458	40.8652219	-73.8920341	0.381583236078	10	0.0448645893331	10	0.231586242271	4	5	2	1838	250000	22	1925	1915	556	67	220	236	277	31	19	3	81	73	28	372
30747478_zpid	30747478_zpid	11229	2322 Brigham St, Brooklyn, NY 11229	40.596038	-73.934581	0.229084555985	9	0.580079362219	3	1.74180264123	0	3	2	1760	526000	12	2000	1955	8	17	2	6	1	10	19	8	17	3	2	45
30671774_zpid	30671774_zpid	11218	1117 37th St, Brooklyn, NY 11218	40.643983	-73.9883569	0.506742173785	6	0.390512305608	5	0.565767301378	3	7	3	3072	540000	5	1800	1901	22	12	16	26	16	44	33	50	2	9	1	88
30580663_zpid	30580663_zpid	11215	337 21st St, Brooklyn, NY 11215	40.6594845	-73.9899414	0.380159942712	11	0.349012633656	6	0.695656182423	2	3	2.5	1648	1265000	28	2504	1925	26	40	13	34	13	24	34	10	13	7	7	95
30571157_zpid	30571157_zpid	11217	244 Bergen St, Brooklyn, NY 11217	40.684092	-73.984505	0.239992059917	10	0.36769085181	2	0.48307981274	9	6	3.5	3200	4100000	24	1992	1900	58	93	13	46	16	43	49	26	28	18	15	181
29793038_zpid	29793038_zpid	10473	2246 Homer Ave, Bronx, NY 10473	40.821869	-73.846611	0.291897388921	3	0.209633249459	2	1.44600829395	0	3	2	1785	350000	34	2482	1965	25	8	12	2	4	15	9	1	10	2	2	48
30729564_zpid	30729564_zpid	11214	2448 84th St, Brooklyn, NY 11214	40.59948	-73.987148	0.176314216587	6	0.188747655354	6	0.199533564391	3	6	2	1920	230000	258	3000	1920	35	13	13	15	11	39	30	19	15	5	2	75
30651040_zpid	30651040_zpid	11212	161 E 94th St, Brooklyn, NY 11212	40.661695	-73.924498	0.179989257546	11	0.188132124538	6	0.372518602685	2	8	3	3600	556500	26	2500	1930	2004	60	772	844	656	228	76	32	156	276	108	1180
30604211_zpid	30604211_zpid	11221	770 Putnam Ave, Brooklyn, NY 11221	40.685979	-73.931037	0.126829011155	8	0.104871546097	3	0.736837307997	1	3	2	2288	168750	15	2000	1899	131	30	66	108	68	34	23	7	23	42	24	158
2100922443_zpid	2100922443_zpid	11234	2116 East 65th Street, Brooklyn, NY 11234	40.616368	-73.9115	0.147589972693	7	0.201373145786	1	3.46859036017	0	6	4	2760	699000	0	2000	1960	68	40	36	36	24	72	76	40	72	4	20	208
30630004_zpid	30630004_zpid	11207	796 Knickerbocker Ave, Brooklyn, NY 11207	40.6925389	-73.907893	0.197942684206	8	0.805436827026	0	0.468641465369	2	8	3	4800	393000	70	2000	1920	74	29	47	61	55	18	15	12	26	27	13	125
30789039_zpid	30789039_zpid	11234	2434 E 63rd St, Brooklyn, NY 11234	40.610923	-73.909878	0.598379772538	3	0.70420975425	1	4.01644242698	0	3	1.5	612	470000	23	1800	1960	2	6	2	3	3	17	7	13	15	1	1	31
68314208_zpid	68314208_zpid	11209	6917 Shore Rd APT 4A, Brooklyn, NY 11209	40.6382469	-74.0358352	0.531127074183	3	0.760457851532	0	1.11394788903	0	2	2	1270	870604	123	7595	2005	28	3	4	8	5	19	14	44	5	1	1	32
30671406_zpid	30671406_zpid	11218	137 E 2nd St, Brooklyn, NY 11218	40.648632	-73.979102	0.0272562441072	10	0.218414479823	5	0.309249938528	2	4	3	1508	900000	19	1684	1925	212	104	68	104	92	88	124	108	76	24	24	404
30671406_zpid	30671406_zpid	11218	137 E 2nd St, Brooklyn, NY 11218	40.648632	-73.979102	0.0272562441072	10	0.452210079997	4	0.309249938528	2	4	3	1508	900000	19	1684	1925	212	104	68	104	92	88	124	108	76	24	24	404
30586988_zpid	30586988_zpid	11215	10 Polhemus Pl, Brooklyn, NY 11215	40.672627	-73.976015	0.0329107387869	16	0.0800507128572	4	0.526694046646	2	4	4.5	3905	3297000	32	1760	1899	35	45	10	26	13	15	51	32	27	7	10	166
30676382_zpid	30676382_zpid	11230	811 Foster Ave, Brooklyn, NY 11230	40.631492	-73.968987	0.372684042567	9	0.270192353888	7	0.658420569145	3	4	3	1500	687000	19	2003	1920	86	38	48	40	43	60	43	56	26	16	12	162
30651103_zpid	30651103_zpid	11212	147 E 95th St, Brooklyn, NY 11212	40.662397	-73.923973	0.12718482764	11	0.140865253253	6	0.283303658475	2	7	4	3198	451000	21	3250	1930	475	22	182	198	159	53	22	10	40	72	23	288
30572256_zpid	30572256_zpid	11231	300 Bond St, Brooklyn, NY 11231	40.680453	-73.989456	0.350470550247	12	0.219752193131	2	0.413176840158	3	2	1	2520	35000	314	1500	1931	10	23	2	22	10	11	23	27	12	3	2	78
29821350_zpid	29821350_zpid	10469	2532 Tenbroeck Ave, Bronx, NY 10469	40.863771	-73.85265	0.537456305472	2	0.433366316349	3	0.595635402126	1	3	2	1470	475000	9	3117	1940	26	8	7	9	5	36	26	16	25	5	6	70
29854473_zpid	29854473_zpid	10471	4970 Independence Ave, Bronx, NY 10471	40.898412	-73.910704	0.987818645623	0	0.972328332856	0	0.683538470812	1	8	4	8600	3800000	0	35719.2	1899	0	0	1	5	1	1	24	1	4	0	0	8
30793742_zpid	30793742_zpid	11229	46 Gotham Ave, Brooklyn, NY 11229	40.589874	-73.926793	0.381238146686	2	1.09812324314	0	2.33671948787	0	2	2.75	1072	485000	10	1680	1920	4	24	4	60	4	4	104	44	76	4	12	136
30620834_zpid	30620834_zpid	11222	127 Jewel St, Brooklyn, NY 11222	40.728495	-73.947826	0.179187636086	16	0.309211632006	5	0.519031571097	2	1	1	3000	215000	231	2500	1930	30	45	18	24	12	24	25	26	18	16	11	136
30610428_zpid	30610428_zpid	11216	127 Halsey St, Brooklyn, NY 11216	40.682128	-73.948576	0.201051500243	10	0.152515900142	8	0.197802818696	5	6	4	3430	1600000	13	1463	1899	232	153	124	163	120	28	58	27	59	72	30	296
30651461_zpid	30651461_zpid	11212	1040 Winthrop St, Brooklyn, NY 11212	40.660438	-73.924995	0.222333357266	11	0.32084079657	5	0.517833710923	2	9	6	3280	350000	34	2000	1930	492	15	186	199	158	50	20	8	40	63	28	256
29812622_zpid	29812622_zpid	10460	1622 Melville St, Bronx, NY 10460	40.841073	-73.868474	0.123854278191	7	0.497473902196	4	0.43203448944	1	8	3	3324	625000	1	1950	1920	258	27	85	105	110	53	25	13	33	52	27	163
30783056_zpid	30783056_zpid	11234	2353 E 71st St, Brooklyn, NY 11234	40.6156549	-73.902434	0.714436365699	1	0.615405756074	1	3.45115671007	0	5	4	4000	735000	16	4000	1965	2	13	2	6	0	6	19	9	13	1	3	48
29781027_zpid	29781027_zpid	10459	1169 W Farms Rd, Bronx, NY 10459	40.828001	-73.889301	0.23868751309	4	0.262354572696	6	0.302693559072	3	5	2	2100	425000	18	2072	1992	232	35	79	125	93	32	31	10	37	30	25	201
30664800_zpid	30664800_zpid	11225	60 Midwood St, Brooklyn, NY 11225	40.659395	-73.95859	0.169993927838	13	0.281267293163	6	0.395734437152	2	6	4	3800	2100000	8	2000	1901	396	108	177	150	159	20	45	22	53	47	13	264
30665388_zpid	30665388_zpid	11225	155 Winthrop St, Brooklyn, NY 11225	40.657018	-73.955	0.148535600681	13	0.261616822542	6	0.422753504244	3	2	1	2421	800000	11	53143.2	1901	1064	228	540	448	356	104	132	64	172	176	24	688
30665388_zpid	30665388_zpid	11225	155 Winthrop St, Brooklyn, NY 11225	40.657018	-73.955	0.148535600681	13	0.261616822542	7	0.422753504244	3	2	1	2421	800000	11	53143.2	1901	1064	228	540	448	356	104	132	64	172	176	24	688
30782348_zpid	30782348_zpid	11234	2045 E 73rd St, Brooklyn, NY 11234	40.621662	-73.906637	0.570919564692	1	0.545316659991	1	2.81133425534	0	3	1	1064	450000	9	2000	1925	72	8	28	28	24	72	64	20	76	8	8	204
30651679_zpid	30651679_zpid	11203	248 E 48th St, Brooklyn, NY 11203	40.656025	-73.933087	0.24146185925	7	0.518227932541	4	1.30795553718	0	5	4	2152	158000	7	2800	1940	115	19	69	51	69	65	37	11	29	31	13	158
30602342_zpid	30602342_zpid	11221	454 Kosciuszko St, Brooklyn, NY 11221	40.692149	-73.935899	0.353895849904	10	0.498040255389	6	0.563424334167	2	5	4	2070	740000	31	1742	1899	165	65	79	117	91	40	30	15	29	49	40	206
30712458_zpid	30712458_zpid	11214	60 Bay 26th St, Brooklyn, NY 11214	40.6026822	-73.9982216	0.273725838947	8	0.254537093364	10	0.208639648054	3	3	1	2544	745000	132	2900	1930	169	21	41	56	45	92	46	42	22	17	7	185
