30665749_zpid	30665749_zpid	11226	54 Clarkson Ave, Brooklyn, NY 11226	40.654582	-73.957856	0.102400112602	12	0.123986880282	8	0.317322153845	3	2	1	2096	445000	40	5000	1905	512	99	271	264	257	45	37	22	64	71	20	356
30669335_zpid	30669335_zpid	11210	685 E 22nd St, Brooklyn, NY 11210	40.635694	-73.955973	0.323108469188	9	0.484600651589	5	0.580146744818	1	7	4	2406	1175000	24	5000	1910	58	23	42	38	45	26	15	13	15	17	5	96
29847408_zpid	29847408_zpid	10465	3205 Tierney Pl, Bronx, NY 10465	40.814296	-73.8017179	0.992198600184	0	1.47633207355	0	4.39647324935	0	3	2	1332	365000	7	2583	1955	0	0	0	0	0	3	10	4	3	0	0	10
83047532_zpid	83047532_zpid	11207	61 Stewart St, Brooklyn, NY 11207	40.681541	-73.9033	0.303951129821	4	0.515018922777	1	0.177885923119	9	6	5	3526	480000	52	1700	2007	34	15	25	36	22	4	13	13	9	10	4	78
29833589_zpid	29833589_zpid	10466	1009 E 228th St, Bronx, NY 10466	40.887153	-73.849849	0.332076150607	6	0.267672097474	3	0.888258669627	0	4	2	2462	395000	0	2735	1961	79	14	38	31	22	80	16	5	33	21	15	74
30769179_zpid	30769179_zpid	11236	978 E 81st St, Brooklyn, NY 11236	40.634427	-73.911094	0.203430364327	6	0.21032758698	3	1.56917833907	0	7	5	2760	225000	307	2000	1975	148	28	72	76	36	288	108	44	104	48	32	360
83178982_zpid	83178982_zpid	10469	2575 Tiemann Ave, Bronx, NY 10469	40.8647469	-73.8381575	0.501393558267	3	0.315696600914	1	0.873287697045	0	5	2.5	2200	960000	19	3084	2007	10	12	3	5	3	16	23	13	14	3	2	47
30712677_zpid	30712677_zpid	11228	8733 14th Ave, Brooklyn, NY 11228	40.609891	-74.014276	0.360960092748	4	0.526805206645	1	1.08147445024	0	3	2	2024	748000	22	2127	1950	6	11	2	11	2	20	36	25	22	2	4	54
30701926_zpid	30701926_zpid	11209	9512 Fort Hamilton Pkwy, Brooklyn, NY 11209	40.614664	-74.029871	0.199715013768	9	0.320747160695	3	0.204113502546	1	4	2	3100	876288	21	2800	1901	328	124	88	92	96	204	136	148	24	44	16	476
30734726_zpid	30734726_zpid	11223	1939 W 4th St, Brooklyn, NY 11223	40.6004038	-73.976082	0.245076951067	6	0.398521473066	4	0.41607560029	4	3	2	1280	593000	86	2500	1925	188	116	84	132	64	304	120	340	104	36	24	468
30670728_zpid	30670728_zpid	11218	67 Seeley St, Brooklyn, NY 11218	40.653577	-73.9795029	0.276791583407	8	0.391297454068	2	0.526056779511	1	2	1	3076	985000	44	2500	1940	1	15	8	11	5	20	15	24	12	0	2	39
30574476_zpid	30574476_zpid	11232	188A 32nd St, Brooklyn, NY 11232	40.655821	-74.001368	0.12826097398	5	0.575896059019	3	0.30211711316	2	2	2	1910	1250000	2	1628	1987	92	120	52	64	44	36	144	64	60	4	36	272
30574476_zpid	30574476_zpid	11232	188A 32nd St, Brooklyn, NY 11232	40.655821	-74.001368	0.12826097398	4	0.575896059019	3	0.30211711316	2	2	2	1910	1250000	2	1628	1987	92	120	52	64	44	36	144	64	60	4	36	272
30630742_zpid	30630742_zpid	11207	151 Cooper St, Brooklyn, NY 11207	40.6881119	-73.907374	0.318750455178	9	0.611301156788	2	0.290143353304	3	7	3	3100	1425000	0	2500	1910	130	39	110	141	102	27	28	18	43	56	25	220
30765066_zpid	30765066_zpid	11234	1766 Kimball St, Brooklyn, NY 11234	40.615125	-73.932754	0.245962619515	6	0.466678425555	2	2.23625246146	0	3	4	2000	175000	199	1999	1920	6	43	1	10	2	25	28	16	23	3	2	87
30603042_zpid	30603042_zpid	11221	540 Lexington Ave, Brooklyn, NY 11221	40.688837	-73.938655	0.260853623891	7	0.201620012413	3	0.965493628859	0	5	4	2400	1295000	0	2000	1899	968	236	472	672	404	168	164	72	196	248	132	1076
30750511_zpid	30750511_zpid	11210	811 E 22nd St, Brooklyn, NY 11210	40.632442	-73.95535	0.541013744507	5	0.535405964093	2	0.63794620297	3	5	2	2712	870000	105	4000	1920	42	14	23	32	39	32	14	14	19	11	2	71
30788659_zpid	30788659_zpid	11234	2222 E 57th Pl, Brooklyn, NY 11234	40.609211	-73.913162	0.824961014619	0	0.948221923972	0	3.77413138922	0	5	3	3300	747500	27	3000	1964	2	5	2	6	3	19	5	26	19	2	1	28
30701981_zpid	30701981_zpid	11209	340 97th St, Brooklyn, NY 11209	40.6152113	-74.0332955	0.108587726399	9	0.156175968367	3	0.204337000795	1	3	2	1260	670000	6	867	1925	202	35	29	29	30	59	48	47	8	10	6	138
30599379_zpid	30599379_zpid	11233	663 Macdonough St, Brooklyn, NY 11233	40.684001	-73.919606	0.242936021551	7	0.388910693787	3	0.364479037207	3	3	1	5600	975000	17	2000	1910	213	54	137	154	125	21	30	10	57	86	22	245
30652096_zpid	30652096_zpid	11212	279 E 95th St, Brooklyn, NY 11212	40.659756	-73.921048	0.0850253543334	13	0.164434820532	6	0.441158036512	2	8	4	3567	655000	95	3249	1931	605	22	237	231	189	71	27	9	43	84	36	305
30717217_zpid	30717217_zpid	11230	1296 E 10th St, Brooklyn, NY 11230	40.617561	-73.965114	0.18867244302	6	0.213487996459	6	0.482956049298	1	3	3	2320	995000	11	2350	1915	88	18	21	32	26	56	60	19	31	7	2	136
30777120_zpid	30777120_zpid	11236	1484 E 94th St, Brooklyn, NY 11236	40.635726	-73.89632	0.205558674326	7	0.195711313553	4	1.30309973919	0	7	2.5	2166	530000	15	2500	1920	37	23	24	26	5	59	24	14	14	13	4	88
30735191_zpid	30735191_zpid	11223	2072 W 11th St, Brooklyn, NY 11223	40.596379	-73.982572	0.350051949008	8	0.230471564712	5	0.314851810446	3	7	4	2970	225000	235	4000	1925	23	22	8	18	7	32	27	39	13	5	5	54
30728842_zpid	30728842_zpid	11229	1859 E 27th St, Brooklyn, NY 11229	40.60566	-73.945488	0.256581364896	2	0.651154402728	2	1.0945226089	0	3	1.5	1400	710000	5	2000	1925	40	40	16	64	16	120	128	112	88	4	8	324
30739904_zpid	30739904_zpid	11223	2536 E 1st St, Brooklyn, NY 11223	40.587554	-73.9690059	0.236210894698	5	0.272383429324	1	0.499422234156	1	1	1	1325	435000	77	4000	2013	85	9	10	16	8	20	38	26	15	2	6	77
30760843_zpid	30760843_zpid	11234	1839 Schenectady Ave, Brooklyn, NY 11234	40.62745	-73.930404	0.256260623706	8	0.499452237823	1	1.57491935521	0	3	2	1440	178000	227	2500	1925	22	13	14	13	7	47	27	19	20	3	2	67
30696274_zpid	30696274_zpid	11209	43 78th St, Brooklyn, NY 11209	40.631275	-74.036111	0.511394672232	3	0.896443614845	0	0.911718963866	0	4	2	1568	965000	63	3061	1925	14	6	5	5	7	21	30	58	9	2	1	34
30659422_zpid	30659422_zpid	11226	23 E 32nd St, Brooklyn, NY 11226	40.650273	-73.9473	0.306229030569	5	0.372627797112	6	0.202347398941	2	6	3	2004	849000	0	2050	1915	277	26	110	118	120	63	20	8	42	47	18	200
30636574_zpid	30636574_zpid	11207	237 Sunnyside Ave, Brooklyn, NY 11207	40.6831699	-73.889269	0.491414339193	6	0.435712513503	4	0.530553217255	2	5	3	3120	330000	153	1600	1901	45	29	32	34	29	37	26	15	26	10	6	79
30788420_zpid	30788420_zpid	11234	2304 E 64th St, Brooklyn, NY 11234	40.6130714	-73.9092549	0.435120082393	3	0.464134685756	1	3.79038100868	0	3	3.5	2991	995000	12	4617	1950	0	9	3	5	2	10	7	11	9	0	0	32
83050086_zpid	83050086_zpid	11206	893 Myrtle Ave APT 1A, Brooklyn, NY 11206	40.695859	-73.947029	0.172921569877	7	0.472100700922	5	0.172885950752	3	1	1.5	750	235000	102	2000	2006	108	38	74	107	54	56	23	44	29	31	30	164
89069013_zpid	89069013_zpid	11206	102 Jefferson St, Brooklyn, NY 11206	40.6992648	-73.9311947	0.220351231031	16	0.203729601214	7	0.356776107632	3	4	2	2975	875000	41	992	2008	46	51	32	34	15	26	21	16	29	15	10	121
30621267_zpid	30621267_zpid	11222	34A Jewel St, Brooklyn, NY 11222	40.72657	-73.946187	0.130770253893	14	0.448211788999	3	0.480404105188	1	8	3	2000	495000	153	1501	1910	33	55	18	31	10	24	33	19	21	12	12	149
30599880_zpid	30599880_zpid	11233	575 Bainbridge St, Brooklyn, NY 11233	40.683145	-73.913906	0.213993549677	6	0.187595520179	4	0.292585318647	4	5	4	2430	1495000	0	1800	1901	197	40	154	161	119	23	35	10	47	79	11	214
30601693_zpid	30601693_zpid	11233	1354 Herkimer St, Brooklyn, NY 11233	40.677181	-73.908725	0.169714121156	5	0.155041069159	3	0.226172802185	8	8	3	2565	500000	16	1537	1910	203	24	138	170	115	41	34	21	54	73	28	198
30592795_zpid	30592795_zpid	11216	904 Saint Johns Pl, Brooklyn, NY 11216	40.671245	-73.948393	0.143577457351	12	0.171818325007	4	0.261003196618	3	4	3.5	2757	1895000	0	2268	1901	191	52	100	111	116	12	22	3	31	42	23	162
30611742_zpid	30611742_zpid	11205	120 Washington Ave, Brooklyn, NY 11205	40.6949955	-73.9674457	0.189298986663	6	0.134185496635	3	0.742507731887	1	2	1	1300	285000	200	1667	1901	64	87	36	38	41	48	10	21	26	24	15	180
29824493_zpid	29824493_zpid	10469	2891 Dewitt Pl, Bronx, NY 10469	40.86784	-73.847256	0.348625096931	2	0.983611492159	0	0.201529041505	1	3	1	1520	392200	125	1524	1950	36	15	18	22	15	39	25	12	24	16	5	75
83043753_zpid	83043753_zpid	11207	279 Ashford St, Brooklyn, NY 11207	40.675654	-73.885333	0.216045416773	8	0.45212429314	5	0.422486910407	4	6	3	3115	535600	126	2250	2005	44	20	41	45	28	50	26	13	31	20	8	131
30733440_zpid	30733440_zpid	11224	2867 W 22nd St, Brooklyn, NY 11224	40.576746	-73.988766	0.42049652125	3	0.244889242944	5	0.641350240887	1	4	2	1400	415000	17	2380	1960	344	52	188	200	136	44	92	36	64	112	32	372
29796810_zpid	29796810_zpid	10472	2167 Bruckner Blvd, Bronx, NY 10472	40.827727	-73.850573	0.0709087579631	7	0.616751261982	1	0.735086446903	1	8	3	2469	620000	111	2613	1901	40	11	12	27	16	20	19	5	14	10	8	49
30627528_zpid	30627528_zpid	11221	186 Linden St, Brooklyn, NY 11221	40.695163	-73.917294	0.287976301184	7	0.0403730699912	4	0.43988867064	4	12	4	4125	615000	17	3242	1920	102	34	81	105	69	23	38	8	60	32	29	149
30650510_zpid	30650510_zpid	11212	7 E 92nd St, Brooklyn, NY 11212	40.663884	-73.929432	0.275470600955	11	0.134786854391	6	0.574391595337	2	4	3	2376	478000	18	1800	1945	109	5	49	54	37	26	8	4	15	18	8	110
30749080_zpid	30749080_zpid	11235	4582 Bedford Ave, Brooklyn, NY 11235	40.589846	-73.945064	0.078217048899	12	0.488116328026	3	0.835742313893	0	2	2	1653	625000	13	2175	1930	92	14	17	32	8	46	33	35	41	5	1	117
30751967_zpid	30751967_zpid	11210	1748 Flatbush Ave, Brooklyn, NY 11210	40.6275525	-73.9424454	0.325089843682	5	0.418398058044	2	0.733943322365	1	4	1	2376	575000	109	1674	1920	152	23	79	62	61	79	40	24	31	21	12	162
30634061_zpid	30634061_zpid	11207	82 Williams Ave, Brooklyn, NY 11207	40.674317	-73.900663	0.377081225567	5	0.579071265536	5	0.235210611724	8	3	3	1402	300000	28	1559	1901	26	6	28	38	25	10	22	10	12	8	5	61
30668553_zpid	30668553_zpid	11226	330 E 25th St, Brooklyn, NY 11226	40.642124	-73.953749	0.217142181153	6	0.259707298601	4	0.510848578658	2	4	2	1936	465000	85	2000	1905	488	131	217	252	219	78	53	20	58	97	25	399
30786065_zpid	30786065_zpid	11234	2054 Kimball St, Brooklyn, NY 11234	40.610462	-73.927567	0.223761190014	2	0.943937041425	0	2.56399432618	0	3	2.5	1120	530000	43	2500	1925	7	9	2	6	1	25	25	20	18	0	6	76
30738867_zpid	30738867_zpid	11223	2374 E 3rd St, Brooklyn, NY 11223	40.592037	-73.967963	0.157275637354	2	0.711898947375	1	0.595687365235	2	4	2.5	2784	665000	20	2000	1920	51	8	16	21	11	39	35	29	14	4	3	76
30746777_zpid	30746777_zpid	11229	2366 E 17th St, Brooklyn, NY 11229	40.5929069	-73.953666	0.238346101262	12	0.315514072685	6	0.289432672081	3	3	2	1950	580000	47	2178	1940	74	15	16	17	19	33	19	14	13	8	3	69
30769706_zpid	30769706_zpid	11236	19 Paerdegat 3rd St, Brooklyn, NY 11236	40.631818	-73.911377	0.382780029848	5	0.415895543934	4	1.83717673075	0	7	6	3328	240000	254	2983	1965	100	16	48	44	20	168	72	12	76	12	4	216
30764387_zpid	30764387_zpid	11234	1635 E 49th St, Brooklyn, NY 11234	40.6208706	-73.9279171	0.0957816816154	9	0.33352560316	2	2.13341022045	0	4	6	1952	482300	52	3998	1920	10	37	3	16	6	37	31	13	17	6	4	142
30614246_zpid	30614246_zpid	11238	56 Putnam Ave, Brooklyn, NY 11238	40.6827309	-73.959382	0.240111660597	11	0.212326200998	4	0.353669124676	4	4	4	750	1750000	0	1600	1901	97	141	56	103	67	35	43	21	43	17	41	198
30593043_zpid	30593043_zpid	11216	439 Eastern Pkwy, Brooklyn, NY 11216	40.670473	-73.953791	0.293046189821	14	0.357890062686	3	0.267435044735	5	6	3	2856	1499000	0	2012	1899	173	54	103	106	98	14	24	4	26	36	21	162
30778953_zpid	30778953_zpid	11236	1645 E 92nd St, Brooklyn, NY 11236	40.632243	-73.89416	0.320519363378	6	0.174234371481	4	1.73075219288	0	3	2	1632	457500	2	2000	1945	148	40	64	60	24	152	64	64	52	32	8	228
30778953_zpid	30778953_zpid	11236	1645 E 92nd St, Brooklyn, NY 11236	40.632243	-73.89416	0.320519363378	7	0.174234371481	4	1.73075219288	0	3	2	1632	457500	2	2000	1945	148	40	64	60	24	152	64	64	52	32	8	228
30682154_zpid	30682154_zpid	11204	2125 66th St, Brooklyn, NY 11204	40.614343	-73.983421	0.267664366532	12	0.153179199596	6	0.303856766614	2	4	2	1440	750000	21	2400	1925	91	31	33	51	50	69	34	37	25	8	5	153
30604879_zpid	30604879_zpid	11233	643 Halsey St, Brooklyn, NY 11233	40.684661	-73.926652	0.255818761638	8	0.358056739455	4	0.665424913361	2	6	3	3240	1150000	11	1400	1901	130	63	80	100	55	15	9	13	41	29	23	153
30601574_zpid	30601574_zpid	11233	19 Marconi Pl, Brooklyn, NY 11233	40.6769929	-73.9124667	0.428671358698	2	0.120292260305	3	0.219816715735	4	5	2	1530	389000	48	1639	1901	243	26	157	174	119	58	36	27	61	70	33	222
30770468_zpid	30770468_zpid	11236	1102 E 85th St, Brooklyn, NY 11236	40.634296	-73.906077	0.468696990863	8	0.559854718783	2	1.42126783541	0	4	2	1844	425000	144	2178	1960	44	6	16	25	9	76	24	12	29	8	10	83
30606203_zpid	30606203_zpid	11233	313 Bainbridge St, Brooklyn, NY 11233	40.681989	-73.924121	0.507006137681	7	0.361379699958	3	0.423508595029	2	6	3	2048	939000	10	1999	1899	192	79	117	154	101	27	27	17	54	68	27	236
30781525_zpid	30781525_zpid	11234	1483 E 70th St, Brooklyn, NY 11234	40.621107	-73.909697	0.410425207259	5	0.431248409114	1	2.92011842112	0	4	4	2910	695000	73	3100	1960	18	3	9	14	6	31	23	12	23	3	3	66
30638842_zpid	30638842_zpid	11207	277 Van Siclen Ave, Brooklyn, NY 11207	40.673226	-73.890157	0.0781089961912	8	0.362300341839	5	0.0605333324082	3	9	4	3200	650000	113	2500	1925	456	104	340	380	304	272	152	100	180	152	76	888
30638842_zpid	30638842_zpid	11207	277 Van Siclen Ave, Brooklyn, NY 11207	40.673226	-73.890157	0.0781089961912	8	0.362300341839	6	0.0605333324082	3	9	4	3200	650000	113	2500	1925	456	104	340	380	304	272	152	100	180	152	76	888
30641878_zpid	30641878_zpid	11208	24 Grant Ave, Brooklyn, NY 11208	40.690295	-73.86921	0.24007875784	6	0.270370366391	6	0.2089939567	2	6	3	1872	499000	30	3023	1899	38	16	25	38	22	34	17	8	18	12	1	79
30743058_zpid	30743058_zpid	11229	2005 E 14th St, Brooklyn, NY 11229	40.600821	-73.957434	0.292437525707	9	0.24584638209	7	0.211776649544	2	3	2	1432	895000	0	1840	1920	87	27	21	32	28	70	31	16	13	5	4	113
30664386_zpid	30664386_zpid	11225	604 Flatbush Ave, Brooklyn, NY 11225	40.6587729	-73.9608	0.0737555041575	13	0.147765371124	5	0.33960605374	2	2	1	4087	665000	107	1908	1928	297	93	150	120	138	12	34	17	48	39	12	203
29848937_zpid	29848937_zpid	10465	224 Revere Ave, Bronx, NY 10465	40.816471	-73.81666	0.320039389733	3	0.346998285104	1	3.39297092048	0	3	2.5	1589	453200	111	2069	1955	9	9	4	7	4	17	16	11	13	4	9	57
30769991_zpid	30769991_zpid	11236	1067 E 85th St, Brooklyn, NY 11236	40.635103	-73.906094	0.405223481535	8	0.525736003567	2	1.33488930244	0	5	3	2840	640000	8	2833	1970	46	7	17	26	9	73	25	13	32	7	10	88
30746268_zpid	30746268_zpid	11229	2284 E 28th St, Brooklyn, NY 11229	40.5960729	-73.943311	0.249337088244	8	0.439769170607	3	1.00586786976	0	3	2.5	2012	710000	105	2613	1950	8	12	4	17	4	18	30	21	18	3	3	72
83047450_zpid	83047450_zpid	11212	128 Osborn St, Brooklyn, NY 11212	40.669307	-73.9089578	0.0919998331502	6	0.020784851994	8	0.58962332122	2	3	1	938	350000	25	1877	2007	80	11	25	38	31	21	25	7	13	14	14	114
29818651_zpid	29818651_zpid	10461	2068 Tenbroeck Ave, Bronx, NY 10461	40.856651	-73.852324	0.310635701774	3	0.791845250679	0	0.360775816144	2	4	3	2595	332500	17	2613	1940	20	2	3	5	1	11	21	9	6	3	2	45
29778065_zpid	29778065_zpid	10456	314 E 169th St, Bronx, NY 10456	40.834591	-73.911596	0.343721144421	8	0.30325120841	9	0.546419565722	2	6	3	2080	427500	16	2000	1931	557	104	247	245	275	43	33	8	89	87	40	347
29788029_zpid	29788029_zpid	10458	236 E 198th St, Bronx, NY 10458	40.869114	-73.889729	0.0480644435441	8	0.123377438592	9	0.388521195271	5	7	4	3151	775000	16	3029	1931	642	54	178	202	240	38	19	5	68	62	26	277
30731151_zpid	30731151_zpid	11214	86 Bay 46th St, Brooklyn, NY 11214	40.590825	-73.986535	0.250764617837	5	0.713439411945	2	0.321884190857	2	3	1	1200	90000	215	1933	1925	13	8	7	16	2	20	27	22	24	7	5	52
30783174_zpid	30783174_zpid	11234	2315 E 74th St, Brooklyn, NY 11234	40.617773	-73.901086	0.799641650966	0	0.705998719958	1	3.21566602278	0	3	1	1650	750000	7	4007	1960	2	12	2	6	0	5	17	7	14	1	3	47
30621927_zpid	30621927_zpid	11222	43 Hausman St, Brooklyn, NY 11222	40.725025	-73.938988	0.251751211071	5	0.4676873176	1	1.03765365302	0	5	2.5	1848	533550	80	2000	1901	22	19	15	27	10	11	27	24	22	5	12	111
29812344_zpid	29812344_zpid	10460	1123 E Tremont Ave, Bronx, NY 10460	40.8401828	-73.8761131	0.368141151895	3	0.262763756963	1	0.291823510888	2	11	6	3558	450000	47	1638	1970	108	16	29	38	43	14	8	4	17	13	10	79
30724506_zpid	30724506_zpid	11230	997 E 19th St, Brooklyn, NY 11230	40.62634	-73.957421	0.348353118421	4	0.346490982857	2	0.307994477367	2	6	2	2186	240000	278	4000	1910	185	15	85	101	104	32	21	27	20	38	9	169
30695777_zpid	30695777_zpid	11209	255 77th St, Brooklyn, NY 11209	40.630459	-74.029242	0.139481651644	17	0.545569718186	4	0.325238699225	2	5	4.5	4069	1225000	57	4905	1910	89	44	39	29	28	52	53	87	14	16	7	130
29852779_zpid	29852779_zpid	10471	4601 Fieldston Rd, Bronx, NY 10471	40.8939189	-73.905821	0.716428823474	2	0.987321128915	0	0.775384284304	0	7	6	6320	2280139	30	17424.0	1928	10	5	2	4	1	1	29	3	5	0	1	17
62647213_zpid	62647213_zpid	11216	294 Tompkins Ave, Brooklyn, NY 11216	40.687838	-73.945108	0.131962963376	11	0.307794692154	5	0.59621821889	1	7	5	4620	890000	11	2225	2001	424	128	188	340	292	64	88	28	120	144	80	504
30758012_zpid	30758012_zpid	11234	1554 Schenectady Ave, Brooklyn, NY 11234	40.634535	-73.931803	0.254868118135	3	1.07119960515	0	1.35136482745	0	3	2	1452	453000	0	1600	1950	2	8	8	5	2	7	14	5	8	7	2	40
30717306_zpid	30717306_zpid	11204	2227 60th St, Brooklyn, NY 11204	40.616404	-73.977464	0.130063414032	8	0.473180829409	6	0.309857715854	4	7	4	3280	1470000	4	2604	1928	57	10	8	24	16	34	28	22	14	4	4	64
30599282_zpid	30599282_zpid	11233	714 Macon St, Brooklyn, NY 11233	40.683993	-73.922079	0.298366769822	8	0.555489884192	3	0.533619441653	3	6	2.5	2430	550000	64	1800	1899	170	51	112	133	102	17	24	14	48	72	18	223
30773173_zpid	30773173_zpid	11236	9218 Foster Ave, Brooklyn, NY 11236	40.645738	-73.909224	0.210380907081	4	0.795301093876	0	0.631123910167	1	6	3	1923	383000	10	2500	1935	34	7	24	30	16	43	31	4	11	16	6	89
30699582_zpid	30699582_zpid	11228	701 86th St, Brooklyn, NY 11228	40.6191061	-74.0217662	0.335079844085	7	0.359782231537	3	0.687676958237	1	6	2.5	3135	1500000	12	1900	1923	15	2	9	9	6	15	30	12	16	2	1	31
30721270_zpid	30721270_zpid	11223	1752 W 13th St, Brooklyn, NY 11223	40.603922	-73.985907	0.262757803523	8	0.56315004948	6	0.469405962439	3	6	2	3465	999000	2	2533	1920	112	80	32	36	32	168	76	80	36	12	12	212
