30715102_zpid	30715102_zpid	11214	260 Bay 20th St, Brooklyn, NY 11214	40.601346	-74.0068019	0.330187141105	7	0.279501397652	4	0.812514290412	0	3	2	1776	635000	43	2200	1940	89	20	27	31	17	37	37	42	11	8	8	116
30768208_zpid	30768208_zpid	11236	672 E 87th St, Brooklyn, NY 11236	40.6405349	-73.9103962	0.314420281099	6	0.472567967256	3	0.992518498948	0	3	2.5	1584	249000	172	1393	1960	172	32	100	76	44	296	124	56	88	60	32	456
30768208_zpid	30768208_zpid	11236	672 E 87th St, Brooklyn, NY 11236	40.6405349	-73.9103962	0.314420281099	6	0.472567967256	2	0.992518498948	0	3	2.5	1584	249000	172	1393	1960	172	32	100	76	44	296	124	56	88	60	32	456
30721341_zpid	30721341_zpid	11223	37 Highlawn Ave, Brooklyn, NY 11223	40.6029254	-73.9849216	0.372922083088	9	0.536407077708	6	0.401778464899	2	5	4	2622	665000	69	1500	1920	212	96	92	52	64	192	88	144	48	32	16	260
30721341_zpid	30721341_zpid	11223	37 Highlawn Ave, Brooklyn, NY 11223	40.6029254	-73.9849216	0.152472077142	8	0.536407077708	6	0.401778464899	2	5	4	2622	665000	69	1500	1920	212	96	92	52	64	192	88	144	48	32	16	260
30629984_zpid	30629984_zpid	11207	1216 Halsey St, Brooklyn, NY 11207	40.691736	-73.908956	0.10621120835	9	0.761539411975	0	0.530299190129	2	7	2.5	2565	550000	0	2000	1920	80	30	61	76	62	18	16	13	37	33	17	141
30763658_zpid	30763658_zpid	11234	1217 E 59th St, Brooklyn, NY 11234	40.623616	-73.918397	0.25442119439	7	0.697728919579	2	2.67548955503	0	3	2	1296	410000	18	2000	1960	60	28	40	36	28	140	96	84	72	40	28	436
29846513_zpid	29846513_zpid	10465	543 Vincent Ave, Bronx, NY 10465	40.826104	-73.814684	0.583837832528	5	0.719447742755	1	2.68877250938	0	6	4	6500	630000	109	3742	2000	44	16	24	56	4	16	56	64	52	0	16	148
29812866_zpid	29812866_zpid	10462	1723 White Plains Rd, Bronx, NY 10462	40.8442719	-73.866067	0.236097438235	7	0.309845625341	3	0.545655465544	2	5	3	1783	262500	39	1306	1920	83	13	46	52	41	52	24	11	20	25	10	111
30614450_zpid	30614450_zpid	11217	129 S Oxford St, Brooklyn, NY 11217	40.68541	-73.972959	0.215704762701	9	0.358118496362	2	0.114305615853	10	6	3.5	3600	2175625	104	1845	1879	40	56	24	27	15	13	11	27	18	10	22	106
29841162_zpid	29841162_zpid	10465	1119 Stadium Ave, Bronx, NY 10465	40.836435	-73.818104	0.260867796687	3	0.245179681066	1	1.67864211957	0	2	1	2500	990000	31	16988.4	1900	5	3	7	5	7	9	18	11	10	3	3	32
83048061_zpid	83048061_zpid	11233	275 Hull St, Brooklyn, NY 11233	40.6802376	-73.9061276	0.305006792132	4	0.368461631748	3	0.15931341664	9	4	2	4000	875000	9	2565	2006	436	52	384	464	252	48	104	28	124	176	48	452
30582351_zpid	30582351_zpid	11217	107 Saint Johns Pl, Brooklyn, NY 11217	40.677334	-73.975742	0.257702768898	16	0.28105260596	6	0.294909488872	4	4	3	2512	3261000	12	1650	1899	62	96	16	33	25	26	59	47	34	13	21	143
30721340_zpid	30721340_zpid	11223	1798 W 12th St, Brooklyn, NY 11223	40.602966	-73.984678	0.173404885928	8	0.554208640252	6	0.380745174524	2	7	4	2621	1349888	0	1485	1920	53	24	23	15	16	49	22	36	13	8	4	71
30596096_zpid	30596096_zpid	11213	1204 Saint Marks Ave, Brooklyn, NY 11213	40.673834	-73.929802	0.0563016259829	9	0.498014427673	4	0.610187409147	2	6	3	2421	640000	11	3171	1910	243	28	135	146	126	28	21	5	32	47	17	225
29845269_zpid	29845269_zpid	10465	566 Logan Ave, Bronx, NY 10465	40.825081	-73.818164	0.556661652123	1	0.474541210287	2	2.59043701577	0	3	1.5	1300	385000	96	1458	1930	13	17	5	16	5	12	19	20	13	0	4	57
30762697_zpid	30762697_zpid	11234	1141 E 59th St, Brooklyn, NY 11234	40.625412	-73.9185927	0.277340579889	6	0.497142341435	2	2.58963737912	0	8	4	2660	570000	34	2358	1955	88	28	88	56	52	208	72	124	68	68	24	396
30765200_zpid	30765200_zpid	11234	1730 E 46th St, Brooklyn, NY 11234	40.618127	-73.930978	0.216675376025	9	0.582973416493	2	2.15947849786	0	3	2	1632	550000	0	2000	1925	10	55	1	11	5	36	30	21	11	8	0	132
30640239_zpid	30640239_zpid	11208	539 Shepherd Ave, Brooklyn, NY 11208	40.671315	-73.87978	0.0509674113028	8	0.426690899702	3	0.32388934852	2	5	3	1600	350000	28	2500	1901	736	116	376	464	288	216	116	44	148	228	104	760
30595554_zpid	30595554_zpid	11225	399 Lincoln Rd, Brooklyn, NY 11225	40.661867	-73.949515	0.0961997512629	7	0.154857498583	6	0.148983144462	3	6	2	1808	600000	92	871200	1920	410	74	155	149	143	49	41	22	38	71	14	289
30644960_zpid	30644960_zpid	11208	942 Glenmore Ave, Brooklyn, NY 11208	40.676062	-73.875158	0.141809802029	9	0.230632524534	5	0.268714239252	3	8	3	3000	400000	19	1500	1920	153	16	80	95	67	56	53	10	43	42	14	190
30763604_zpid	30763604_zpid	11234	1218 E 59th St, Brooklyn, NY 11234	40.623569	-73.91897	0.208461039526	7	0.678553022419	2	2.63289476406	0	3	1.5	1408	438000	19	2000	1925	56	32	44	40	28	140	80	84	76	40	40	428
30773793_zpid	30773793_zpid	11236	641 E 104th St, Brooklyn, NY 11236	40.649355	-73.897637	0.222097176856	4	0.333072931499	3	0.206747712934	2	7	3	200	460000	119	2178	1925	88	24	60	64	4	84	28	12	36	16	12	236
30773793_zpid	30773793_zpid	11236	641 E 104th St, Brooklyn, NY 11236	40.649355	-73.897637	0.0963446224066	5	0.333072931499	3	0.206747712934	2	7	3	200	460000	119	2178	1925	88	24	60	64	4	84	28	12	36	16	12	236
30607529_zpid	30607529_zpid	11206	628 Marcy Ave, Brooklyn, NY 11206	40.6928539	-73.948981	0.10637623094	9	0.569061996064	5	0.294080465177	2	8	4	3012	498000	45	1506	1925	68	24	54	88	40	26	12	14	27	23	21	120
30663282_zpid	30663282_zpid	11203	696 E 43rd St, Brooklyn, NY 11203	40.6382819	-73.936042	0.424055426794	3	0.970503245431	0	1.06154214666	0	3	2	2040	500000	0	1759	1930	88	40	32	52	40	148	72	16	60	44	20	244
30663282_zpid	30663282_zpid	11203	696 E 43rd St, Brooklyn, NY 11203	40.6382819	-73.936042	0.424055426794	2	0.970503245431	0	1.06154214666	0	3	2	2040	500000	0	1759	1930	88	40	32	52	40	148	72	16	60	44	20	244
29825252_zpid	29825252_zpid	10467	3233 Cruger Ave, Bronx, NY 10467	40.872381	-73.86642	0.0993633514953	7	0.156670588044	4	0.130159912063	3	8	3	2300	365000	142	2300	1970	234	32	90	95	94	41	25	9	39	37	20	184
30607008_zpid	30607008_zpid	11206	111 Vernon Ave, Brooklyn, NY 11206	40.695025	-73.947648	0.151428975519	7	0.537387535739	5	0.127130880454	3	4	2	2400	499000	29	20	1899	103	35	72	104	52	49	20	42	29	28	28	152
30653803_zpid	30653803_zpid	11236	958 Ralph Ave, Brooklyn, NY 11236	40.651122	-73.920973	0.221479041593	8	0.538672623987	2	1.21512953947	0	8	3	1956	590000	0	2200	1940	21	3	11	18	7	19	12	4	8	10	2	43
30621591_zpid	30621591_zpid	11222	45 Mcguinness Blvd, Brooklyn, NY 11222	40.724027	-73.948235	0.0471394797018	15	0.390786998385	4	0.26541103522	1	1	1	2112	139000	309	2500	2010	160	324	76	156	48	120	140	112	80	52	56	720
30621591_zpid	30621591_zpid	11222	45 Mcguinness Blvd, Brooklyn, NY 11222	40.724027	-73.948235	0.0471394797018	14	0.390786998385	4	0.26541103522	1	1	1	2112	139000	309	2500	2010	160	324	76	156	48	120	140	112	80	52	56	720
29813766_zpid	29813766_zpid	10461	1546 Lurting Ave, Bronx, NY 10461	40.8448183	-73.8502372	0.228399895982	7	0.506273989663	3	0.819096183629	0	4	3	2607	500000	4	3724	1925	103	15	30	42	18	39	31	22	21	10	5	112
30787822_zpid	30787822_zpid	11234	326 Whitman Dr, Brooklyn, NY 11234	40.606945	-73.9067	1.11558698851	0	1.16861692833	0	4.24686825295	0	5	3	2760	970000	55	4400	1960	2	1	0	4	0	3	7	6	9	2	1	21
30659771_zpid	30659771_zpid	11203	269 E 40th St, Brooklyn, NY 11203	40.650637	-73.9396469	0.182917347675	2	0.501103455898	2	0.838816095295	0	2	1	1750	338000	155	2178	1925	103	19	70	59	56	62	17	6	27	22	4	109
30579683_zpid	30579683_zpid	11220	653 60th St, Brooklyn, NY 11220	40.637507	-74.012397	0.236866524256	9	0.34012891152	10	0.350567262753	2	6	4.5	1800	930000	28	1786	1910	124	44	44	50	24	54	77	40	22	20	5	220
29846686_zpid	29846686_zpid	10465	200 Throggs Neck Blvd, Bronx, NY 10465	40.817301	-73.812292	0.468943940846	4	0.526899875272	1	3.58326443621	0	5	3	884	212000	38	2811	1901	20	28	8	28	12	32	88	48	40	16	36	252
30789229_zpid	30789229_zpid	11235	2926 Brighton 5th St, Brooklyn, NY 11235	40.5804145	-73.9636818	0.186601871563	8	0.302065881761	7	0.367474272149	2	2	1	1600	300000	35	1600	1940	472	232	276	388	172	292	204	108	172	100	104	1012
30789229_zpid	30789229_zpid	11235	2926 Brighton 5th St, Brooklyn, NY 11235	40.5804145	-73.9636818	0.31831725987	7	0.302065881761	7	0.367474272149	2	2	1	1600	300000	35	1600	1940	472	232	276	388	172	292	204	108	172	100	104	1012
55677181_zpid	55677181_zpid	11207	587 Williams Ave, Brooklyn, NY 11207	40.6613792	-73.8968099	0.806764222333	0	0.269185482515	5	0.358620396462	4	3	1.5	1296	265000	47	1800	2000	182	14	103	98	106	25	43	12	31	45	13	199
30609934_zpid	30609934_zpid	11221	490 Putnam Ave, Brooklyn, NY 11221	40.6849619	-73.9419068	0.106974938931	10	0.277634291975	7	0.568092056359	1	7	4.5	3240	1750000	3	1800	1915	424	104	268	312	248	56	76	36	124	148	32	516
30719230_zpid	30719230_zpid	11204	1563 W 10th St, Brooklyn, NY 11204	40.608667	-73.9833785	0.187262159654	12	0.281100926633	7	0.379677887291	2	5	4.5	2700	1218000	20	1999	1965	312	92	124	148	192	240	76	112	64	32	20	392
30596279_zpid	30596279_zpid	11213	1470 Prospect Pl, Brooklyn, NY 11213	40.672924	-73.9276995	0.234873290678	8	0.56250567303	5	0.629986967654	1	2	1	2898	630000	8	1319	1945	262	36	147	153	141	38	19	5	31	60	23	242
30702427_zpid	30702427_zpid	11228	277 Dahlgren Pl, Brooklyn, NY 11228	40.613388	-74.026921	0.417141485283	8	0.562237486663	2	0.478936808815	1	4	2.5	1806	680000	21	1672	1940	0	0	0	2	0	1	7	3	2	0	0	6
30782054_zpid	30782054_zpid	11234	2024 E 67th St, Brooklyn, NY 11234	40.618799	-73.911766	0.179984984947	7	0.264081249879	1	3.21196831635	0	4	2.5	1260	495000	42	2000	1930	17	8	11	15	6	22	28	10	18	3	5	75
30774683_zpid	30774683_zpid	11236	946 E 102nd St, Brooklyn, NY 11236	40.645105	-73.8961659	0.422909338309	6	0.46480832488	1	0.510126793078	2	5	3	2160	649900	0	2000	1960	63	7	30	22	20	48	18	7	18	17	10	104
30735458_zpid	30735458_zpid	11223	2006 W 6th St, Brooklyn, NY 11223	40.59851	-73.97821	0.0456222933395	6	0.308022614588	4	0.139518270474	6	8	5	4222	1275000	0	2080	1930	128	92	52	108	36	220	104	176	88	32	28	384
30735458_zpid	30735458_zpid	11223	2006 W 6th St, Brooklyn, NY 11223	40.59851	-73.97821	0.0456222933395	6	0.308022614588	4	0.139518270474	6	8	5	4222	1175000	0	2080	1930	128	92	52	108	36	220	104	176	88	32	28	384
30735458_zpid	30735458_zpid	11223	2006 W 6th St, Brooklyn, NY 11223	40.59851	-73.97821	0.0456222933395	5	0.308022614588	4	0.139518270474	6	8	5	4222	1275000	0	2080	1930	128	92	52	108	36	220	104	176	88	32	28	384
30735458_zpid	30735458_zpid	11223	2006 W 6th St, Brooklyn, NY 11223	40.59851	-73.97821	0.0456222933395	5	0.308022614588	4	0.139518270474	6	8	5	4222	1175000	0	2080	1930	128	92	52	108	36	220	104	176	88	32	28	384
30658473_zpid	30658473_zpid	11203	59 E 43rd St, Brooklyn, NY 11203	40.6546019	-73.937187	0.524075311887	3	0.562906936319	1	1.11961817561	0	3	3	1680	520000	4	1799	1940	408	60	232	196	176	188	112	36	116	136	28	420
30658473_zpid	30658473_zpid	11203	59 E 43rd St, Brooklyn, NY 11203	40.6546019	-73.937187	0.376476201063	3	0.562906936319	1	1.11961817561	0	3	3	1680	520000	4	1799	1940	408	60	232	196	176	188	112	36	116	136	28	420
30631295_zpid	30631295_zpid	11207	72 De Sales Pl, Brooklyn, NY 11207	40.682394	-73.904067	0.201342014621	3	0.43828602253	1	0.091201027139	8	8	4	3000	925000	27	2500	1911	184	64	160	196	132	44	68	56	40	72	20	388
29778592_zpid	29778592_zpid	10452	1319 Dr Martin L King Jr Blvd, Bronx, NY 10452	40.840902	-73.927252	0.302879592975	2	0.217426412514	4	0.774330476535	0	3	3	2299	186000	5	1765	1901	1072	104	444	428	364	128	76	36	160	128	40	480
30770725_zpid	30770725_zpid	11236	4 Paerdegat 6th St, Brooklyn, NY 11236	40.630163	-73.908643	0.673538756916	2	0.690912935773	1	1.92336335173	0	6	3.5	3028	640000	116	1800	1965	116	16	16	44	24	160	56	8	72	16	16	144
30614163_zpid	30614163_zpid	11238	48 Madison St, Brooklyn, NY 11238	40.683694	-73.957179	0.23551588627	11	0.238950421768	4	0.323925158313	4	4	4	3000	802000	47	2000	1901	84	122	50	92	60	24	37	18	29	13	35	149
29846820_zpid	29846820_zpid	10465	136 Meagher Ave, Bronx, NY 10465	40.815621	-73.809301	0.650803081908	1	0.837972684552	0	3.88125730492	0	2	2	1536	401500	17	2108	1950	20	28	12	20	4	20	72	44	36	12	20	164
30682441_zpid	30682441_zpid	11204	1948 66th St, Brooklyn, NY 11204	40.616329	-73.987627	0.203461644728	11	0.381758627386	6	0.250572309502	3	3	2.5	1403	590000	32	16	1920	43	14	30	51	27	55	35	44	27	10	9	147
30670926_zpid	30670926_zpid	11218	226 Seeley St, Brooklyn, NY 11218	40.654984	-73.97441	0.0696637137873	3	0.330450760039	1	0.589414560568	1	4	2.5	1970	1450000	14	2550	1905	9	9	8	13	5	19	13	14	11	1	2	40
30779391_zpid	30779391_zpid	11236	1472 E 101st St, Brooklyn, NY 11236	40.635988	-73.887263	0.26647187683	6	0.421478691614	2	1.71113078149	0	3	2	1560	462000	5	3000	1960	18	9	13	10	0	12	11	9	14	4	2	47
30694029_zpid	30694029_zpid	11209	257 73rd St, Brooklyn, NY 11209	40.633257	-74.028059	0.0843865400962	14	0.24391664399	4	0.438951456708	2	5	2	2000	1030000	2	2000	1925	146	32	48	52	38	41	46	108	23	18	5	158
29845113_zpid	29845113_zpid	10465	2959 Schley Ave, Bronx, NY 10465	40.8250947	-73.8191229	0.564442630739	1	0.404428222604	2	2.54233788172	0	3	2	1328	356000	109	2500	1902	13	17	6	15	5	13	18	21	13	0	5	61
30598119_zpid	30598119_zpid	11233	2305 Pacific St, Brooklyn, NY 11233	40.675647	-73.909234	0.19827866059	7	0.197485800492	4	0.342271120642	6	4	2	1280	540000	58	1250	1901	190	18	113	161	108	37	29	18	51	63	30	174
30732990_zpid	30732990_zpid	11224	2864 W 33rd St, Brooklyn, NY 11224	40.575808	-74.000085	0.487404350264	1	0.234508379724	2	1.60405440582	0	3	2	1465	399000	44	2573	1988	59	22	26	43	19	4	22	9	21	20	0	77
30695317_zpid	30695317_zpid	11209	222 Bay Ridge Pkwy, Brooklyn, NY 11209	40.6316599	-74.02979	0.134235787064	16	0.473961008527	4	0.419913105978	2	3	2.5	1836	1175000	8	1752	1935	107	45	47	46	36	51	49	107	21	17	6	140
30717155_zpid	30717155_zpid	11230	817 Avenue M, Brooklyn, NY 11230	40.617532	-73.966073	0.243384046258	6	0.293859066312	6	0.564030713924	2	7	3	2072	695000	39	3179	1925	91	10	22	31	31	55	62	25	31	6	3	122
30626198_zpid	30626198_zpid	11221	1125 Lafayette Ave, Brooklyn, NY 11221	40.6930651	-73.9266405	0.172315814911	9	0.097451045348	4	0.186023127144	3	1	1	1	385000	70	1600	1915	204	87	81	117	112	56	39	22	47	40	31	298
30761841_zpid	30761841_zpid	11234	2026 E 41st St, Brooklyn, NY 11234	40.6238529	-73.934606	0.208518086906	8	0.235030150219	2	1.4876076643	0	3	2	1368	380000	24	2283	1925	160	40	72	88	84	92	96	80	56	16	0	300
30733751_zpid	30733751_zpid	11224	4216 Surf Ave, Brooklyn, NY 11224	40.575429	-74.008634	0.453013335874	2	0.60835439766	1	2.32739408009	0	5	2.5	2552	550000	20	2850	1960	12	5	6	23	4	1	17	2	9	2	0	23
30789948_zpid	30789948_zpid	11235	30 Brighton 10th Path, Brooklyn, NY 11235	40.5811216	-73.9582006	0.238939572282	11	0.140972043491	6	0.46446435759	2	6	3	2400	575000	13	1306	1920	1000	220	280	372	248	308	216	112	192	128	104	992
30789948_zpid	30789948_zpid	11235	30 Brighton 10th Path, Brooklyn, NY 11235	40.5811216	-73.9582006	0.238939572282	10	0.140972043491	6	0.46446435759	2	6	3	2400	575000	13	1306	1920	1000	220	280	372	248	308	216	112	192	128	104	992
30791609_zpid	30791609_zpid	11235	3322 Shore Pkwy, Brooklyn, NY 11235	40.584492	-73.952972	0.218794872897	10	0.297018218372	5	0.285689210023	1	4	3	1152	540000	4	1045	1930	132	19	34	55	26	43	34	30	29	18	12	148
30631272_zpid	30631272_zpid	11207	71 De Sales Pl, Brooklyn, NY 11207	40.682576	-73.904621	0.150387715951	3	0.391203173996	2	0.052661255592	7	5	2	1980	760000	11	1650	1905	196	76	176	208	156	44	68	56	56	76	28	404
89073587_zpid	89073587_zpid	11239	545 Vandalia Ave, Brooklyn, NY 11239	40.656195	-73.8726629	0.343168158763	2	0.306284252458	2	1.461809484	0	2	1	3240	488000	83	1900	2008	1	0	0	0	0	0	1	2	2	0	0	12
30660331_zpid	30660331_zpid	11203	976 Schenectady Ave, Brooklyn, NY 11203	40.649211	-73.933358	0.249293635379	5	0.252589993889	3	1.38165817103	0	4	2	2368	390000	0	1999	1920	143	13	67	56	62	38	27	3	24	28	10	147
30758680_zpid	30758680_zpid	11210	967 E 42nd St, Brooklyn, NY 11210	40.631358	-73.93564	0.424413268868	5	0.713936284392	1	1.0272043975	0	3	2	1300	479000	0	3000	1935	52	4	40	52	36	64	64	56	36	12	8	160
64919560_zpid	64919560_zpid	11217	173 S Portland Ave, Brooklyn, NY 11217	40.684238	-73.973719	0.269336304164	14	0.406981641831	3	0.209601783522	9	2	1	3200	450959	146	4162	2002	48	98	29	39	21	18	21	62	24	14	23	141
29791384_zpid	29791384_zpid	10473	436 Bolton Ave, Bronx, NY 10473	40.814479	-73.857241	0.531991845121	2	0.80598222043	0	2.08760250524	0	6	2	2650	499000	0	1742	1970	34	8	14	32	10	35	12	16	17	18	8	83
29788392_zpid	29788392_zpid	10468	3185 Villa Ave, Bronx, NY 10468	40.876712	-73.8871	0.170797064656	9	0.174526727892	2	0.395881661566	4	2	1	2100	450000	43	5000	2014	216	7	59	41	34	6	6	0	17	15	7	72
83042406_zpid	83042406_zpid	11221	210 Malcolm X Blvd, Brooklyn, NY 11221	40.686056	-73.929986	0.0403308517086	10	0.0574323930882	4	0.747585835628	1	7	3	3600	699000	5	2500	2005	139	39	74	118	83	34	20	6	25	45	25	165
29793637_zpid	29793637_zpid	10473	871 Olmstead Ave, Bronx, NY 10473	40.824744	-73.852802	0.426187939182	5	0.418098409144	3	1.06508666104	0	3	1.5	1650	205100	11	2256	1920	79	21	22	22	14	21	14	5	12	11	6	55
30728841_zpid	30728841_zpid	11229	1863 E 27th St, Brooklyn, NY 11229	40.605595	-73.945475	0.25429827062	2	0.643928515478	2	1.09780695976	0	3	2	1991	737000	13	3001	1925	40	40	16	64	16	120	128	112	88	4	8	324
30775255_zpid	30775255_zpid	11236	1272 E 95th St, Brooklyn, NY 11236	40.640031	-73.899895	0.23644044103	6	0.380569325763	2	0.755535822043	0	3	2	1645	350000	4	5000	1899	52	19	22	22	18	48	25	12	17	18	8	93
30728231_zpid	30728231_zpid	11229	1876 E 13th St, Brooklyn, NY 11229	40.603718	-73.959602	0.526508022302	10	0.366707195295	6	0.572068212106	2	5	5	3360	1590000	0	3200	1975	97	23	34	35	30	56	22	17	16	11	5	119
29846689_zpid	29846689_zpid	10465	206 Throggs Neck Blvd, Bronx, NY 10465	40.817474	-73.812377	0.453632053447	4	0.511956857826	1	3.56333061049	0	2	2	960	335000	48	2265	1950	20	40	8	28	12	40	88	52	48	16	36	260
30775066_zpid	30775066_zpid	11236	1310 E 91st St, Brooklyn, NY 11236	40.637794	-73.902323	0.351531152456	8	0.45072317053	1	0.987099591804	0	4	3	2300	480000	4	2250	1920	38	17	17	21	10	53	27	8	19	11	11	99
30764790_zpid	30764790_zpid	11234	1358 E 57th St, Brooklyn, NY 11234	40.620327	-73.920519	0.227974730183	11	0.669025959345	1	2.68148041526	0	3	2	1012	205000	154	1775	1920	36	28	16	36	36	156	108	48	80	16	40	472
30571926_zpid	30571926_zpid	11217	126 Douglass St, Brooklyn, NY 11217	40.682299	-73.990146	0.276587280963	13	0.188871568524	1	0.394213531136	2	6	5.5	2800	1980000	5	2335	1920	4	20	0	14	0	22	16	3	6	3	1	29
29851434_zpid	29851434_zpid	10475	3542 Mc Owen Ave, Bronx, NY 10475	40.888765	-73.819357	0.88983844931	0	0.387792555631	1	0.967242322063	0	5	2	1568	470000	39	5000	1955	0	0	0	1	0	2	2	4	0	0	1	3
29841147_zpid	29841147_zpid	10465	3264 Fairmount Ave, Bronx, NY 10465	40.836417	-73.818563	0.232638514855	2	0.213300223456	1	1.65220744551	0	3	1.5	1296	485000	73	2800	1955	5	4	7	5	7	9	18	12	10	4	3	34
30599915_zpid	30599915_zpid	11233	402 Bainbridge St, Brooklyn, NY 11233	40.681894	-73.920786	0.340996679474	6	0.432842153372	3	0.356593477245	2	3	1	2400	1200000	2	17	1899	234	60	143	172	137	24	36	12	63	90	27	266
29793914_zpid	29793914_zpid	10473	2225 Lafayette Ave, Bronx, NY 10473	40.823639	-73.847952	0.477796482568	3	0.383831127049	2	1.22534939169	0	3	3	1552	280000	16	2500	1930	20	13	14	7	5	25	11	5	10	4	6	54
