29792492_zpid	29792492_zpid	10473	2269 Cincinnatus Ave, Bronx, NY 10473	40.820918	-73.845829	0.228974267878	2	0.180715408596	2	1.5669560094	0	4	2.5	1730	239000	0	1925	1935	22	3	11	2	2	13	7	0	9	1	2	44
29777792_zpid	29777792_zpid	10451	298 E 151st St, Bronx, NY 10451	40.818218	-73.92084	0.283709792272	4	0.179045854623	8	0.350112808397	3	8	2	1935	350000	135	3049	1899	106	12	39	50	33	4	14	7	13	19	25	121
30786184_zpid	30786184_zpid	11234	2072 Hendrickson St, Brooklyn, NY 11234	40.611066	-73.9257779	0.373500211014	2	1.06551296227	0	2.72050196799	0	3	2	1170	490000	58	2500	1930	6	10	4	7	4	30	27	18	17	4	8	84
30750486_zpid	30750486_zpid	11210	861 E 21st St, Brooklyn, NY 11210	40.63259	-73.956318	0.48168887683	8	0.602547239675	3	0.581952511869	3	9	3	3808	1250000	11	6000	1915	41	14	24	31	33	22	13	13	16	7	3	62
30654275_zpid	30654275_zpid	11203	5016 Snyder Ave, Brooklyn, NY 11203	40.649893	-73.929526	0.250599872266	5	0.0854196188064	3	1.69659716057	0	5	3	2805	581000	19	2000	1940	201	23	78	67	81	56	37	8	25	38	11	202
30610371_zpid	30610371_zpid	11216	57 Halsey St, Brooklyn, NY 11216	40.681842	-73.951341	0.214158068596	13	0.223924492012	8	0.196287650127	4	2	1.5	3760	870000	36	2000	1901	227	164	100	150	105	22	56	24	53	60	42	278
30606902_zpid	30606902_zpid	11205	125 Sandford St, Brooklyn, NY 11205	40.6952738	-73.9533082	0.259157390723	7	0.195377739443	8	0.362726620696	3	6	2	1440	850000	3	1001	1910	456	172	92	200	84	104	168	108	44	40	40	504
30606902_zpid	30606902_zpid	11205	125 Sandford St, Brooklyn, NY 11205	40.6952738	-73.9533082	0.259157390723	8	0.195377739443	8	0.362726620696	3	6	2	1440	850000	3	1001	1910	456	172	92	200	84	104	168	108	44	40	40	504
30769245_zpid	30769245_zpid	11236	965 E 83rd St, Brooklyn, NY 11236	40.635853	-73.9094719	0.171179421011	6	0.228460096884	2	1.36388261736	0	5	3	2280	210000	260	2870	1965	39	7	17	22	7	82	26	11	29	12	10	95
29793877_zpid	29793877_zpid	10473	2220 Turnbull Ave, Bronx, NY 10473	40.823914	-73.848005	0.471797149141	3	0.414623877719	2	1.19462447513	0	3	2	1550	349000	16	3001	1930	80	52	56	32	24	108	44	20	40	16	24	220
30625128_zpid	30625128_zpid	11221	1207 Myrtle Ave, Brooklyn, NY 11221	40.6975326	-73.9317946	0.0356736360316	14	0.367600221192	5	0.327989490752	3	6	3	3126	1150000	9	1677	1910	73	74	29	47	44	34	25	15	20	25	21	147
30612164_zpid	30612164_zpid	11205	165 Taaffe Pl, Brooklyn, NY 11205	40.6935208	-73.9598003	0.163344225108	9	0.32705652843	6	0.517891285395	1	3	3	2970	690000	8	1824	1910	58	96	35	60	32	45	44	48	27	14	24	192
79725960_zpid	79725960_zpid	11233	56 Mother Gaston Blvd, Brooklyn, NY 11233	40.68002	-73.908658	0.23909809892	5	0.285728526055	4	0.246537802789	8	8	4	2932	290000	29	1200	2005	176	18	139	155	109	33	35	12	45	67	22	164
30644437_zpid	30644437_zpid	11208	434 Grant Ave, Brooklyn, NY 11208	40.680012	-73.866824	0.344324535573	8	0.17522750714	9	0.362755149337	4	3	1.5	1824	195000	61	1901	1910	107	23	49	70	43	51	34	11	87	25	5	186
30699621_zpid	30699621_zpid	11228	8502 11th Ave, Brooklyn, NY 11228	40.617341	-74.018066	0.390986603404	2	0.728966821119	2	1.05655985845	0	4	4.5	3176	3400000	105	5000	2000	9	5	3	6	1	16	34	9	10	1	1	26
30586750_zpid	30586750_zpid	11217	27 8th Ave, Brooklyn, NY 11217	40.6745677	-73.9718805	0.185897157592	17	0.233983825254	5	0.117553788859	4	8	4.5	5000	330000	214	2200	1899	20	17	3	7	2	4	22	9	18	6	6	61
30766991_zpid	30766991_zpid	11236	542 E 85th St, Brooklyn, NY 11236	40.642012	-73.914652	0.575677925851	6	0.761459596529	0	1.19845629058	0	2	1.5	1056	379000	39	2500	1925	36	4	19	12	8	40	32	6	24	7	7	81
83044371_zpid	83044371_zpid	11233	1856 Park Pl, Brooklyn, NY 11233	40.6714005	-73.9161181	0.562873036801	4	0.498617594368	5	0.909343645365	0	9	3	3300	799000	101	1527	2006	156	6	86	101	59	10	11	8	24	36	18	121
29846613_zpid	29846613_zpid	10465	260 Throggs Neck Blvd, Bronx, NY 10465	40.818957	-73.813137	0.342816467861	4	0.401943277765	1	3.39123172556	0	3	1.5	1890	450000	90	2600	1960	24	48	4	36	20	56	88	40	48	24	40	244
30607462_zpid	30607462_zpid	11206	686 Willoughby Ave, Brooklyn, NY 11206	40.694475	-73.9418589	0.163692052535	9	0.185996309023	3	0.6053794789	3	3	2	6000	1800000	36	6000	1899	420	136	212	348	184	160	76	116	68	144	80	540
30619499_zpid	30619499_zpid	11249	66 S 6th St, Brooklyn, NY 11249	40.71098	-73.966086	0.0760327572548	7	0.181144453758	2	0.75103836077	0	6	4	3000	338500	146	2609	1899	80	316	32	96	36	48	108	132	68	20	32	288
30787835_zpid	30787835_zpid	11234	11 Dakota Pl, Brooklyn, NY 11234	40.607279	-73.908438	1.01775596821	0	1.11180044283	0	4.11092454218	0	4	3	2300	895000	79	4643	1960	3	4	1	8	2	11	6	19	19	2	1	30
30722716_zpid	30722716_zpid	11223	1875 W 10th St, Brooklyn, NY 11223	40.601295	-73.981989	0.0950934506673	9	0.529076324844	6	0.323578867827	3	4	3	1440	683000	32	2000	1925	50	24	22	19	15	60	26	46	18	6	4	83
30724626_zpid	30724626_zpid	11230	1037 E 13th St, Brooklyn, NY 11230	40.624028	-73.962769	0.188365631432	6	0.162655995907	6	0.217078596131	2	6	3	2440	700000	22	2825	1920	87	20	40	51	52	50	38	27	18	16	6	141
30623341_zpid	30623341_zpid	11211	259 Manhattan Ave, Brooklyn, NY 11211	40.712499	-73.946	0.143229835428	13	0.109400092189	4	0.282635456147	5	4	3	1449	1380000	9	1500	1920	37	104	24	53	29	35	48	9	18	13	16	193
30768102_zpid	30768102_zpid	11236	610 E 85th St, Brooklyn, NY 11236	40.640668	-73.913169	0.440100884834	7	0.60388876264	1	1.1653818265	0	4	3	1786	257000	8	1992	1960	42	6	27	14	11	63	34	11	25	10	10	103
30566936_zpid	30566936_zpid	11217	140 Dean St, Brooklyn, NY 11217	40.686198	-73.987702	0.181931481971	13	0.461772689097	3	0.266809201433	8	5	4	3016	1950000	56	1560	1910	22	53	3	26	7	23	36	12	11	8	9	79
30760059_zpid	30760059_zpid	11234	1311 E 48th St, Brooklyn, NY 11234	40.629105	-73.92962	0.210056864875	7	0.63246000708	1	1.57817676559	0	4	2	1540	455000	16	2200	1945	35	12	19	24	12	50	30	22	24	10	2	75
83048971_zpid	83048971_zpid	11216	707 Dekalb Ave, Brooklyn, NY 11216	40.692025	-73.94773	0.185854349156	11	0.485773506588	5	0.399977190022	2	2	1	1000	400000	60	2000	2005	208	88	84	124	128	44	44	16	48	72	48	236
83048971_zpid	83048971_zpid	11216	707 Dekalb Ave, Brooklyn, NY 11216	40.692025	-73.94773	0.185854349156	11	0.485773506588	6	0.399977190022	2	2	1	1000	400000	60	2000	2005	208	88	84	124	128	44	44	16	48	72	48	236
30701448_zpid	30701448_zpid	11209	9320 Lafayette Walk, Brooklyn, NY 11209	40.6175331	-74.0317059	0.173253861636	11	0.0692534433724	5	0.156192113119	2	3	2	1000	255000	70	930	1925	123	45	32	37	32	82	48	32	6	13	8	186
83178458_zpid	83178458_zpid	10460	1661 Adams St, Bronx, NY 10460	40.8401836	-73.870215	0.165482226051	2	0.558352181857	2	0.335006950227	1	5	3	3916	725000	101	1306	2007	263	27	82	101	110	54	25	15	36	52	28	164
30770513_zpid	30770513_zpid	11236	1151 E 85th St, Brooklyn, NY 11236	40.6337562	-73.9046142	0.591377312945	6	0.697264760789	2	1.4546387265	0	6	3	1976	330000	142	2150	1955	50	12	21	30	10	69	30	11	26	10	10	81
30740355_zpid	30740355_zpid	11235	2631 Hubbard St, Brooklyn, NY 11235	40.5862478	-73.9626198	0.247363797347	8	0.568751133364	3	0.719231707289	1	2	3	1604	729000	0	1600	1930	132	72	80	112	40	172	168	120	72	32	32	360
30690484_zpid	30690484_zpid	11219	1347 Bay Ridge Ave, Brooklyn, NY 11219	40.623102	-74.002467	0.170393263258	9	0.36212231005	3	0.495593010435	3	9	4	2904	1350000	9	4000	1910	172	36	52	60	36	164	188	144	48	24	56	324
30652973_zpid	30652973_zpid	11203	214 E 54th St, Brooklyn, NY 11203	40.6535719	-73.926967	0.126356771238	8	0.109679540914	3	1.25580993333	0	5	4	5000	610000	65	3998	1910	213	28	89	84	93	77	38	13	30	38	17	202
30647310_zpid	30647310_zpid	11208	742 Shepherd Ave, Brooklyn, NY 11208	40.666126	-73.878253	0.186436690991	6	0.33268822706	4	0.461681007043	1	4	2	2000	430000	43	2003	1910	88	9	72	70	55	25	37	9	23	27	16	144
29795686_zpid	29795686_zpid	10472	1240 Colgate Ave, Bronx, NY 10472	40.829649	-73.881988	0.277837862867	9	0.170001454875	2	0.266439205108	3	4	2	2476	370000	0	1999	1920	204	28	88	101	92	40	23	7	39	28	7	165
30759089_zpid	30759089_zpid	11234	1177 E 49th St, Brooklyn, NY 11234	40.632366	-73.929035	0.250805243148	5	0.843083602243	0	1.57279841622	0	3	2	1584	539000	0	3275	1940	28	11	18	22	12	26	22	9	18	14	2	73
55677699_zpid	55677699_zpid	11234	15 Bergen Beach Pl, Brooklyn, NY 11234	40.622464	-73.914827	0.330820204393	5	0.74006398656	1	2.90741826801	0	3	4	1400	520000	53	2454	1999	22	4	8	10	4	55	27	24	21	5	9	108
30732248_zpid	30732248_zpid	11224	3713 Polar St, Brooklyn, NY 11224	40.580432	-74.004469	0.546192413271	1	0.401575982236	1	1.98492918718	0	3	2	1520	160000	194	1520	1983	38	9	7	22	11	2	11	2	10	7	2	34
30598399_zpid	30598399_zpid	11233	1882 Bergen St, Brooklyn, NY 11233	40.674159	-73.918966	0.249086565241	3	0.537212034314	3	0.553325519959	1	7	6	2700	1050000	0	2000	1930	209	28	142	136	97	21	31	14	48	49	27	201
30722794_zpid	30722794_zpid	11223	1827 W 9th St, Brooklyn, NY 11223	40.6024899	-73.9812821	0.162183785689	8	0.386749640222	3	0.177810787189	3	3	1	864	910000	13	3000	1925	308	104	168	84	116	268	116	184	84	40	28	388
30722794_zpid	30722794_zpid	11223	1827 W 9th St, Brooklyn, NY 11223	40.6024899	-73.9812821	0.162183785689	8	0.386749640222	4	0.177810787189	3	3	1	864	910000	13	3000	1925	308	104	168	84	116	268	116	184	84	40	28	388
29782127_zpid	29782127_zpid	10453	1909 Harrison Ave, Bronx, NY 10453	40.8533201	-73.9110846	0.10887239554	10	0.273984531205	8	0.286714139586	4	3	2	1850	474950	102	5352	1980	624	42	230	253	243	96	33	24	107	76	31	360
30779641_zpid	30779641_zpid	11236	10547 Flatlands 9th St, Brooklyn, NY 11236	40.639702	-73.883954	0.763800659696	0	0.754970956888	0	1.69820907827	0	4	2	1872	450000	18	4000	1960	32	4	32	32	8	12	36	8	44	8	8	108
30669548_zpid	30669548_zpid	11210	2516 Foster Ave, Brooklyn, NY 11210	40.638259	-73.952893	0.0769156427558	4	0.199461093594	3	0.423665181494	2	4	2	2250	525000	15	1863	1933	131	25	82	73	58	24	21	10	17	38	7	157
30694568_zpid	30694568_zpid	11209	463 74th St, Brooklyn, NY 11209	40.630837	-74.022893	0.110694893467	18	0.17521208974	5	0.252468763498	2	3	2	1332	875000	4	1717	1925	58	42	35	50	23	41	50	62	25	16	7	155
30775174_zpid	30775174_zpid	11236	9323 Avenue K, Brooklyn, NY 11236	40.638927	-73.899731	0.288807807113	6	0.28547827689	3	0.878590522832	0	3	2.5	1158	472000	8	3000	1930	52	19	22	24	14	52	24	12	16	13	8	88
30726480_zpid	30726480_zpid	11230	1549 E 16th St, Brooklyn, NY 11230	40.611796	-73.957604	0.248249478161	6	0.300151177865	6	0.347919635048	2	3	2	1408	712000	1	2413	1920	304	84	172	212	124	264	72	124	72	24	12	416
29823398_zpid	29823398_zpid	10469	2718 Wilson Ave, Bronx, NY 10469	40.865931	-73.84876	0.573655501683	4	0.817045443603	0	0.447394362112	1	3	3	1925	499000	0	5641	1950	29	12	16	20	10	43	26	19	24	11	4	80
30788665_zpid	30788665_zpid	11234	2244 E 57th Pl, Brooklyn, NY 11234	40.608932	-73.912605	0.755222452787	0	0.963317647528	0	3.81535511501	0	5	3	2552	830000	39	3800	1965	2	6	2	6	3	19	6	27	19	2	1	30
30738893_zpid	30738893_zpid	11223	412 Avenue W, Brooklyn, NY 11223	40.592753	-73.967567	0.222457599457	6	0.737472572911	1	0.612618775296	2	3	3	2070	785000	5	2000	1950	56	8	16	25	12	42	40	29	13	5	3	74
30785745_zpid	30785745_zpid	11234	2058 E 35th St, Brooklyn, NY 11234	40.608056	-73.931093	0.312843824771	3	0.799249316119	0	2.25937296368	0	3	3	2352	637500	16	2008	1930	4	36	16	4	8	44	76	76	76	0	4	128
30641590_zpid	30641590_zpid	11208	8 Cypress Ct, Brooklyn, NY 11208	40.687437	-73.873106	0.288131625337	5	0.165067782605	5	0.282667297067	3	7	4	2400	849000	0	2156	1935	364	144	236	308	176	256	156	64	184	156	28	696
30607678_zpid	30607678_zpid	11206	648 Marcy Ave, Brooklyn, NY 11206	40.6921869	-73.948855	0.177250950884	10	0.580268650353	5	0.340043390791	2	3	3	2988	685000	105	1510	1952	56	21	52	80	36	26	12	14	26	22	18	112
30702487_zpid	30702487_zpid	11209	258 Battery Ave, Brooklyn, NY 11209	40.6134879	-74.026377	0.418760403143	9	0.582409093081	2	0.508187314421	1	3	2	2072	755000	3	2170	1925	164	24	28	28	36	44	72	12	12	8	12	112
30596835_zpid	30596835_zpid	11213	248 Rochester Ave, Brooklyn, NY 11213	40.670249	-73.928467	0.169389303642	10	0.26398965688	6	0.406712429562	1	4	3	2400	490000	27	1600	1901	395	38	225	225	210	44	28	13	40	91	32	324
29785441_zpid	29785441_zpid	10458	2306 Prospect Ave, Bronx, NY 10458	40.851703	-73.88338	0.2596202688	9	0.323580239988	2	1.24289580348	0	4	2	2358	30000	6	2500	1899	286	59	90	113	107	13	12	5	32	48	13	158
30639375_zpid	30639375_zpid	11208	428 Shepherd Ave, Brooklyn, NY 11208	40.673874	-73.881027	0.139865094954	7	0.355602744829	3	0.036865373541	2	4	2	1900	260000	50	1900	1901	148	23	75	88	66	43	30	11	30	52	22	169
30619372_zpid	30619372_zpid	11249	64 S 4th St, Brooklyn, NY 11249	40.7125739	-73.965568	0.0662123532254	9	0.287101177929	3	0.801193825357	0	4	4	3344	3750000	0	1800	1899	112	348	32	132	36	88	88	144	80	12	32	384
30619372_zpid	30619372_zpid	11249	64 S 4th St, Brooklyn, NY 11249	40.7125739	-73.965568	0.0662123532254	8	0.287101177929	3	0.801193825357	0	4	4	3344	3750000	0	1800	1899	112	348	32	132	36	88	88	144	80	12	32	384
30734005_zpid	30734005_zpid	11224	3844 Atlantic Ave, Brooklyn, NY 11224	40.573772	-74.0060699	0.71870818931	1	0.534224262274	1	2.13896927102	0	3	2	1372	630000	22	4500	1955	28	7	8	27	4	3	14	6	7	3	0	31
30642923_zpid	30642923_zpid	11208	238 Autumn Ave, Brooklyn, NY 11208	40.6844814	-73.8705987	0.181334177329	5	0.175985803993	5	0.304770800301	2	7	3	2080	215000	4	2003	1910	113	41	58	86	52	69	39	12	64	43	7	195
30672538_zpid	30672538_zpid	11218	127 Chester Ave, Brooklyn, NY 11218	40.642379	-73.982711	0.184541396278	10	0.209027766156	9	0.316010075217	1	3	2	1640	724994	116	2000	1920	84	32	42	49	40	57	67	53	14	13	8	192
29791383_zpid	29791383_zpid	10473	434 Bolton Ave, Bronx, NY 10473	40.814426	-73.857228	0.531448110807	2	0.81198262441	0	2.09341951351	0	3	1	2650	425000	11	1950	1970	34	8	14	31	11	35	12	16	17	19	8	83
30642697_zpid	30642697_zpid	11208	354 Ridgewood Ave, Brooklyn, NY 11208	40.684507	-73.875451	0.0675587105277	8	0.238689521669	5	0.202835059183	3	5	2	1366	510000	14	1340	1901	83	38	58	72	49	56	40	14	65	38	10	184
30699711_zpid	30699711_zpid	11209	8611 Colonial Rd, Brooklyn, NY 11209	40.624239	-74.036334	0.474531043827	8	0.602903087425	1	0.692428659768	1	5	5	3300	1400000	43	4985	1925	132	116	48	120	40	120	120	84	48	16	4	320
30641656_zpid	30641656_zpid	11208	103 Hemlock St, Brooklyn, NY 11208	40.687544	-73.871758	0.17374976473	6	0.254443290027	5	0.275079942989	3	4	4	2000	473800	14	1963	1925	83	34	56	78	40	63	38	15	44	37	7	180
30643730_zpid	30643730_zpid	11208	939 Liberty Ave, Brooklyn, NY 11208	40.677786	-73.874798	0.170022026193	10	0.325179185062	5	0.351520666278	4	8	3	2700	593000	5	1799	1920	129	17	76	77	57	51	53	13	54	27	12	206
30733764_zpid	30733764_zpid	11224	3734 Nautilus Ave, Brooklyn, NY 11224	40.575828	-74.004439	0.648635354032	1	0.275043605453	2	1.97010339702	0	6	4	4500	825000	113	4033	1920	50	13	15	40	13	5	19	7	19	13	1	49
30729387_zpid	30729387_zpid	11214	2339 82nd St, Brooklyn, NY 11214	40.60241	-73.988038	0.333953453213	8	0.3166423616	6	0.49158775456	3	4	2	2400	990000	11	3000	1920	98	16	25	39	33	59	38	30	19	8	6	113
30746280_zpid	30746280_zpid	11229	2275 E 27th St, Brooklyn, NY 11229	40.596169	-73.943692	0.260439283692	8	0.429748518941	3	0.974871314467	0	3	2	1848	699000	0	2200	1950	36	52	16	68	16	72	128	88	72	12	12	304
30746280_zpid	30746280_zpid	11229	2275 E 27th St, Brooklyn, NY 11229	40.596169	-73.943692	0.260439283692	8	0.281919729401	4	0.974871314467	0	3	2	1848	699000	0	2200	1950	36	52	16	68	16	72	128	88	72	12	12	304
30712152_zpid	30712152_zpid	11214	36 Bay 19th St, Brooklyn, NY 11214	40.606158	-74.002868	0.338712222649	12	0.08125472363	8	0.221640206647	2	6	2.5	2144	650000	104	1932	1930	86	27	33	46	22	51	44	40	30	13	5	144
30636953_zpid	30636953_zpid	11208	149 Ridgewood Ave, Brooklyn, NY 11208	40.683245	-73.883257	0.271221179703	7	0.341317083059	3	0.339887472795	2	2	1	2478	305000	23	2000	1910	76	31	46	51	47	38	28	21	33	19	13	136
30766134_zpid	30766134_zpid	11236	109 Branton St, Brooklyn, NY 11236	40.646188	-73.919469	0.300418682731	3	0.958004610168	0	1.48905699707	0	2	1.5	1380	350000	6	1440	1940	8	2	9	11	7	15	13	3	5	6	3	37
30659773_zpid	30659773_zpid	11203	187 E 40th St, Brooklyn, NY 11203	40.650916	-73.9397089	0.17238980736	3	0.520524055543	2	0.833304095323	0	6	2	3200	495000	116	2432	1920	114	16	72	62	60	65	19	6	26	25	5	111
30698980_zpid	30698980_zpid	11209	537 84th St, Brooklyn, NY 11209	40.622431	-74.024222	0.180730782717	15	0.214858141235	4	0.35399241617	1	7	4	3109	1550000	19	2000	1910	117	54	37	45	36	32	21	25	9	27	5	192
30663935_zpid	30663935_zpid	11210	3314 Farragut Rd, Brooklyn, NY 11210	40.636255	-73.944567	0.481439273317	2	0.441269350183	3	0.460801210982	2	3	2.5	1404	438000	21	2003	1920	309	25	171	162	150	56	37	12	39	61	7	317
29779610_zpid	29779610_zpid	10456	768 E 169th St, Bronx, NY 10456	40.830347	-73.899654	0.13753000642	6	0.163329267165	9	0.65883351458	1	4	2	1489	287000	150	1742	1987	267	15	111	128	77	41	7	8	18	41	21	179
30640973_zpid	30640973_zpid	11207	535 Van Siclen Ave, Brooklyn, NY 11207	40.666391	-73.888425	0.357688289268	10	0.404161740973	8	0.0894320865873	4	4	2	1190	357500	140	1750	1930	884	80	524	496	508	128	140	48	248	292	92	980
30629928_zpid	30629928_zpid	11207	1114 Halsey St, Brooklyn, NY 11207	40.6891279	-73.911522	0.261407507525	11	0.504295577433	2	0.527413523016	3	8	3	4480	725000	12	2000	1900	112	29	84	122	82	22	24	18	43	52	26	189
30596858_zpid	30596858_zpid	11213	1411 Lincoln Pl, Brooklyn, NY 11213	40.6698949	-73.929768	0.0770700541061	12	0.16466394048	6	0.290104076151	1	2	1	3420	190000	11	3005	1920	460	49	271	269	246	49	32	13	50	101	39	376
55541056_zpid	55541056_zpid	10457	459 E 179th St, Bronx, NY 10457	40.8499656	-73.8968989	0.514002118412	6	0.18484053576	6	0.392956653907	2	5	3	2340	380000	28	2178	1998	253	38	127	128	118	33	23	20	48	54	23	262
30642882_zpid	30642882_zpid	11208	217 Hemlock St, Brooklyn, NY 11208	40.684631	-73.871086	0.163072737442	5	0.140379975262	5	0.278386531764	2	8	3	3120	699000	0	1999	1910	118	41	67	99	54	75	39	11	65	46	8	207
30781595_zpid	30781595_zpid	11234	2042 Pearson St, Brooklyn, NY 11234	40.613272	-73.919513	0.250941790937	4	0.961079307819	0	3.22361729642	0	8	4.5	3432	499358	99	958320	1970	16	3	12	10	10	30	17	13	19	5	6	83
29843384_zpid	29843384_zpid	10465	1369 Siegfried Pl, Bronx, NY 10465	40.841555	-73.823741	0.580128136067	1	0.396791775462	1	0.945984785749	0	2	2	2655	494000	8	3042	1955	1	6	6	2	0	6	29	11	4	1	1	23
30701246_zpid	30701246_zpid	11209	238 92nd St, Brooklyn, NY 11209	40.619438	-74.034277	0.11432814033	11	0.172403522406	3	0.444776424329	2	5	3	1584	1125000	20	4000	1899	752	176	96	164	140	268	164	120	44	32	24	680
30773293_zpid	30773293_zpid	11236	976 E 95th St, Brooklyn, NY 11236	40.645983	-73.906538	0.2316487334	4	0.972122374758	0	0.40294679473	1	2	3	2500	390000	4	2500	1910	41	7	25	33	18	56	27	7	7	21	8	98
30761367_zpid	30761367_zpid	11234	1120 E 58th St, Brooklyn, NY 11234	40.627362	-73.920316	0.338456200504	5	0.301468213004	3	2.38766730245	0	5	3	2288	629000	0	2200	1960	27	10	24	14	17	41	17	24	18	17	6	87
30616183_zpid	30616183_zpid	11211	322 Roebling St, Brooklyn, NY 11211	40.7087514	-73.9611651	0.469786574307	13	0.349413354834	9	0.279301583694	2	3	1	2055	1800000	0	1055	1920	96	168	72	131	60	10	48	39	35	25	21	249
30586289_zpid	30586289_zpid	11215	350 15th St, Brooklyn, NY 11215	40.663266	-73.985134	0.0905542067909	18	0.247743158587	8	0.527416515682	3	4	2	2160	1778502	9	1900	1899	71	72	25	61	24	43	58	25	25	10	13	155
30607810_zpid	30607810_zpid	11216	211 Kosciuszko St, Brooklyn, NY 11216	40.691411	-73.94652	0.195755653369	11	0.393535115146	4	0.458496515654	2	8	3	4400	730000	90	4400	1901	61	26	26	38	36	12	10	5	13	21	13	68
