30691999_zpid	30691999_zpid	11220	6815 Colonial Rd, Brooklyn, NY 11220	40.6378119	-74.030738	0.246557791732	10	0.355633963886	3	0.697826024141	1	5	2	2038	860000	131	3543	1925	172	56	88	96	56	88	76	100	24	40	4	224
30691999_zpid	30691999_zpid	11220	6815 Colonial Rd, Brooklyn, NY 11220	40.6378119	-74.030738	0.246557791732	10	0.355633963886	4	0.697826024141	1	5	2	2038	860000	131	3543	1925	172	56	88	96	56	88	76	100	24	40	4	224
29798340_zpid	29798340_zpid	10472	1412 Bronx River Ave, Bronx, NY 10472	40.834036	-73.879133	0.331900524167	5	0.675721426432	2	0.606693778772	3	12	4	3520	510000	37	2500	1926	492	52	268	332	240	132	48	24	92	96	28	372
29798340_zpid	29798340_zpid	10472	1412 Bronx River Ave, Bronx, NY 10472	40.834036	-73.879133	0.34611027348	4	0.675721426432	2	0.606693778772	3	12	4	3520	510000	37	2500	1926	492	52	268	332	240	132	48	24	92	96	28	372
30784364_zpid	30784364_zpid	11234	1825 Hendrickson St, Brooklyn, NY 11234	40.615453	-73.9299039	0.0945624010959	4	0.706728657364	1	2.44757485897	0	4	2.5	3040	675000	17	30	1940	52	212	8	36	8	116	120	88	68	16	8	416
30636969_zpid	30636969_zpid	11208	25 Shepherd Ave, Brooklyn, NY 11208	40.6843	-73.882575	0.336601558775	5	0.400061391797	2	0.386432649608	2	3	2	1328	330720	36	1752	1920	70	25	36	46	47	35	24	20	33	16	10	117
30769106_zpid	30769106_zpid	11236	926 E 80th St, Brooklyn, NY 11236	40.634748	-73.912885	0.0517824152416	5	0.0672677044184	3	1.62033000773	0	4	3	2024	217215	22	2200	1960	30	7	20	17	8	65	28	12	23	9	7	76
30599862_zpid	30599862_zpid	11233	611 Bainbridge St, Brooklyn, NY 11233	40.6832769	-73.912768	0.11914922807	5	0.160116052476	4	0.19979508557	4	2	1	2430	720000	9	1800	1901	145	31	121	106	84	14	27	8	38	53	10	159
30585617_zpid	30585617_zpid	11215	213 13th St, Brooklyn, NY 11215	40.6679338	-73.990271	0.0618893432782	14	0.249528495652	2	0.27732778441	3	3	2.5	1785	2025000	10	884	1901	90	82	33	67	32	34	62	33	38	20	16	238
64471632_zpid	64471632_zpid	11236	675 E 103rd St, Brooklyn, NY 11236	40.6482923	-73.897771	0.131044859009	6	0.26323219555	3	0.292257784104	2	6	3.5	2040	385000	152	4591	2001	104	28	80	76	16	132	52	24	48	32	16	272
64471632_zpid	64471632_zpid	11236	675 E 103rd St, Brooklyn, NY 11236	40.6482923	-73.897771	0.207669655239	5	0.26323219555	3	0.292257784104	2	6	3.5	2040	385000	152	4591	2001	104	28	80	76	16	132	52	24	48	32	16	272
30605720_zpid	30605720_zpid	11233	430 Macdonough St, Brooklyn, NY 11233	40.682361	-73.92965	0.181759891727	8	0.177909320827	5	0.345835844201	1	5	4	2880	1350000	21	2000	1910	133	70	98	122	72	17	21	11	38	38	24	186
30725108_zpid	30725108_zpid	11230	1176 E 18th St, Brooklyn, NY 11230	40.621877	-73.958163	0.407430834721	8	0.407695812333	6	0.436528579339	2	5	3	2204	1198000	0	3000	1920	179	21	78	95	82	34	34	14	19	41	9	183
30636548_zpid	30636548_zpid	11207	157 Sunnyside Ave, Brooklyn, NY 11207	40.682214	-73.891504	0.337319311966	2	0.242130072959	4	0.493693113613	2	4	2.5	2383	169000	214	3049	1910	70	28	42	43	30	56	38	34	31	14	7	94
30631332_zpid	30631332_zpid	11207	86 Vanderveer St, Brooklyn, NY 11207	40.681818	-73.903475	0.274896826641	4	0.494627617485	1	0.151305951983	9	3	1	2100	95000	321	1750	1905	35	15	30	39	24	4	13	13	9	11	4	83
30789910_zpid	30789910_zpid	11235	14 Brighton 10th Ct, Brooklyn, NY 11235	40.5814472	-73.9588214	0.239004716998	11	0.0791709343713	6	0.469454610437	2	5	4	2496	360000	48	1800	1920	948	212	272	376	204	332	216	124	200	128	108	992
30789910_zpid	30789910_zpid	11235	14 Brighton 10th Ct, Brooklyn, NY 11235	40.5814472	-73.9588214	0.239004716998	13	0.0791709343713	6	0.469454610437	2	5	4	2496	360000	48	1800	1920	948	212	272	376	204	332	216	124	200	128	108	992
30788626_zpid	30788626_zpid	11234	595 Mayfair Dr S, Brooklyn, NY 11234	40.60985	-73.912771	0.652452710004	1	0.870166643023	0	3.80893221789	0	8	4	1638	740000	26	2508	1965	2	7	2	6	3	19	5	23	20	2	1	28
29783192_zpid	29783192_zpid	10460	1827 Trafalgar Pl, Bronx, NY 10460	40.840215	-73.8871606	0.332706316885	11	0.305234210696	4	0.329391305508	2	5	2	1498	126000	99	1611	1899	225	26	113	111	99	18	20	3	30	31	17	183
30575556_zpid	30575556_zpid	11220	345 46th St, Brooklyn, NY 11220	40.649449	-74.011073	0.143201272217	8	0.113830738059	8	0.106510400438	2	4	2	2460	582750	15	2178	1910	76	32	49	69	36	15	43	17	22	23	7	149
30625070_zpid	30625070_zpid	11237	94 Wilson Ave, Brooklyn, NY 11237	40.701683	-73.927824	0.0579785988625	14	0.204818902019	4	0.427430222711	3	8	4	3840	2200000	0	1306	1899	128	79	85	124	96	32	23	7	22	45	22	226
30651855_zpid	30651855_zpid	11203	119 E 54th St, Brooklyn, NY 11203	40.656138	-73.926653	0.226728286151	10	0.396534129102	3	1.01544302075	0	7	2.5	4140	565000	12	2800	1920	165	25	64	69	74	62	32	10	21	27	15	148
30777319_zpid	30777319_zpid	11236	1425 E 98th St, Brooklyn, NY 11236	40.6384169	-73.892902	0.197862307149	8	0.180518657968	4	1.1883007951	0	4	2	1512	228500	187	2156	1925	30	10	25	26	5	40	19	14	13	10	2	72
30761635_zpid	30761635_zpid	11234	4103 Kings Hwy, Brooklyn, NY 11234	40.6247318	-73.9350199	0.286550901287	8	0.318486949076	2	1.39680152755	0	4	2	1708	380000	15	1760	1935	41	7	18	21	21	20	22	17	13	4	0	70
29854384_zpid	29854384_zpid	10471	8 Ploughmans Bush, Bronx, NY 10471	40.892806	-73.912696	0.757920371206	0	0.870575868226	0	1.24980094612	0	5	2.5	2576	1200000	11	8420	1940	18	5	2	4	0	2	36	2	6	0	1	16
30636928_zpid	30636928_zpid	11208	18 Shepherd Ave, Brooklyn, NY 11208	40.684377	-73.88319	0.367950146063	5	0.43433031349	2	0.424078664516	2	4	2	2000	355670	142	2000	1901	264	96	140	172	176	120	80	68	112	64	40	428
30698482_zpid	30698482_zpid	11209	172 82nd St, Brooklyn, NY 11209	40.627021	-74.033606	0.302605303117	8	0.793916807575	0	0.652984397626	2	3	2.5	2697	1425000	18	3600	1920	31	34	11	20	8	37	42	26	9	7	3	85
30570267_zpid	30570267_zpid	11231	194 Carroll St, Brooklyn, NY 11231	40.681255	-73.998153	0.121754851688	13	0.388596673492	2	0.327364159202	2	4	3	2520	2875000	31	1433	1899	124	208	84	208	68	72	268	124	100	28	56	708
30608347_zpid	30608347_zpid	11221	126 Van Buren St, Brooklyn, NY 11221	40.690097	-73.940769	0.129718796412	9	0.25717217757	4	0.901448053922	0	5	2	2598	990000	19	1925	1899	203	54	101	147	100	31	32	13	40	58	32	234
30631173_zpid	30631173_zpid	11207	88 Pilling St, Brooklyn, NY 11207	40.684391	-73.906782	0.152047006413	4	0.292815720266	2	0.269238792811	7	3	3	3180	690600	34	2000	1905	90	21	74	103	59	18	29	13	23	36	16	164
29783193_zpid	29783193_zpid	10460	1823 Trafalgar Pl, Bronx, NY 10460	40.8401654	-73.887217	0.338364502361	11	0.298731568839	5	0.32325653876	2	6	3	1500	160000	139	1625	1920	211	26	110	111	98	18	20	3	30	30	17	185
30651102_zpid	30651102_zpid	11212	151 E 95th St, Brooklyn, NY 11212	40.662345	-73.923913	0.13487456143	10	0.148553297649	6	0.28688183373	2	7	4	3198	540000	132	3250	1930	481	22	184	200	162	53	22	10	40	72	24	292
30735080_zpid	30735080_zpid	11223	2014 W 13th St, Brooklyn, NY 11223	40.597589	-73.9847039	0.138276692541	11	0.203248645461	6	0.180078989891	2	5	3	2088	945000	16	2400	1920	25	14	9	16	7	26	23	39	13	7	2	41
30638531_zpid	30638531_zpid	11208	329 Shepherd Ave, Brooklyn, NY 11208	40.677029	-73.881223	0.323045197559	9	0.385619929784	4	0.325176550984	3	9	3.5	2820	65500	235	2000	1930	568	84	292	384	300	160	188	96	132	156	48	784
30671216_zpid	30671216_zpid	11218	616 Vanderbilt St, Brooklyn, NY 11218	40.653502	-73.9755349	0.10247933682	6	0.40059891615	1	0.413557889246	1	3	2	1237	899000	25	1298	1899	10	20	13	18	11	21	18	25	17	1	4	52
30614072_zpid	30614072_zpid	11238	489 Classon Ave, Brooklyn, NY 11238	40.683974	-73.958737	0.304882299675	12	0.296565188979	6	0.412689520928	4	7	3	3420	680000	92	1794	1899	106	158	62	104	60	30	44	17	41	17	38	175
29851755_zpid	29851755_zpid	10463	3132 Fairfield Ave, Bronx, NY 10463	40.884005	-73.913633	0.312663295801	9	0.402487474935	1	0.916044659465	0	3	2	1000	328000	262	3917	1960	58	12	6	26	12	22	44	13	14	4	5	61
30569171_zpid	30569171_zpid	11231	36 Strong Pl, Brooklyn, NY 11231	40.685496	-73.998041	0.187379856509	16	0.153856515842	4	0.610292917891	2	3	2.5	2000	5800000	4	3470	1901	19	38	16	45	9	16	33	21	21	3	8	110
30683413_zpid	30683413_zpid	11218	1160 40th St, Brooklyn, NY 11218	40.641416	-73.989637	0.374297760327	4	0.249483746533	6	0.397675759127	3	4	3	2500	850000	11	1900	1901	22	11	24	32	18	50	34	45	1	7	0	88
30693144_zpid	30693144_zpid	11209	7110 Narrows Ave, Brooklyn, NY 11209	40.635907	-74.035138	0.31527560425	5	0.654037516814	1	0.99902774467	0	5	3	3212	1322500	7	2000	1925	40	6	7	13	7	30	16	70	10	2	1	43
30571081_zpid	30571081_zpid	11217	162 Bergen St, Brooklyn, NY 11217	40.6854051	-73.9874747	0.14362402063	14	0.375091908691	2	0.297559280106	5	5	3.5	3520	4375000	14	2183	1899	23	54	5	33	10	29	38	12	12	9	9	90
30667794_zpid	30667794_zpid	11226	447 E 21st St, Brooklyn, NY 11226	40.643249	-73.958395	0.0584886793887	8	0.264923000266	4	0.526917613423	2	8	2	3600	745000	21	1920	1965	564	119	306	322	323	62	43	28	75	105	17	494
30739722_zpid	30739722_zpid	11235	734 Avenue X, Brooklyn, NY 11235	40.5913974	-73.9617592	0.405844041614	11	0.761719008582	0	0.703298469607	1	3	2	1932	660000	23	2199	1945	34	10	7	12	10	32	23	20	14	4	2	43
29835043_zpid	29835043_zpid	10466	3709 Rombouts Ave, Bronx, NY 10466	40.886789	-73.8305	0.239055415413	2	0.242248666208	2	0.170536175737	1	3	2	1349	325000	0	1807	1910	18	8	11	14	1	17	20	13	15	5	1	56
30714560_zpid	30714560_zpid	11228	299 Bay 10th St, Brooklyn, NY 11228	40.60484	-74.014774	0.360000008504	3	0.695921725092	1	1.15512921472	0	4	2.5	1998	695000	39	2880	1955	7	2	2	6	1	9	15	21	10	1	2	30
30719730_zpid	30719730_zpid	11230	1582 E 2nd St, Brooklyn, NY 11230	40.611025	-73.972658	0.19868619895	9	0.340215954143	4	0.24543465525	2	3	3	1654	1100000	61	4960	1930	22	4	7	23	10	39	18	15	3	7	4	67
29818037_zpid	29818037_zpid	10461	1954 Tenbroeck Ave, Bronx, NY 10461	40.854982	-73.851304	0.35385727212	4	0.833961282615	0	0.555677410789	1	5	2.75	3108	675000	73	8433	1940	29	4	4	8	6	11	25	9	14	5	2	60
30666188_zpid	30666188_zpid	11226	176 Martense St, Brooklyn, NY 11226	40.65124	-73.953186	0.460220188301	10	0.148773147961	7	0.308160106685	2	5	2	2336	660000	19	2400	1915	516	79	250	249	250	100	39	20	67	84	22	395
29813261_zpid	29813261_zpid	10462	1830 Victor St, Bronx, NY 10462	40.8459908	-73.8670167	0.0423772075001	6	0.314776413858	1	0.338322616441	2	6	2	2630	539999	0	2500	1899	110	15	65	76	60	68	26	17	22	29	13	142
30722464_zpid	30722464_zpid	11223	2096 Coney Island Ave, Brooklyn, NY 11223	40.606117	-73.962109	0.315133332592	6	0.417127212919	4	0.461245899375	1	9	6	6960	1197000	9	2203	1920	43	13	13	25	19	19	20	6	18	9	4	84
30721688_zpid	30721688_zpid	11223	1800 W 7th St, Brooklyn, NY 11223	40.6034555	-73.980063	0.217264639998	6	0.238724523404	2	0.0575247120535	3	3	1.5	1370	790000	5	1179	1920	336	112	172	104	132	420	120	248	92	60	24	444
30782641_zpid	30782641_zpid	11234	2152 E 73rd St, Brooklyn, NY 11234	40.619649	-73.905167	0.514509192196	1	0.447877576739	1	3.01921483457	0	4	4.5	3060	292000	200	4000	1960	56	28	24	36	20	48	68	32	68	12	16	228
30782130_zpid	30782130_zpid	11234	2075 E 67th St, Brooklyn, NY 11234	40.618128	-73.910252	0.0765626849567	5	0.121806232299	1	3.25386308657	0	3	2	1787	525000	67	2000	1960	16	12	10	15	7	19	21	13	22	2	6	70
30647384_zpid	30647384_zpid	11207	474 Hegeman Ave, Brooklyn, NY 11207	40.658758	-73.893772	0.487765732498	3	0.301678079974	3	0.461091060813	2	4	2.5	1590	130000	67	1900	1920	130	13	83	85	72	28	43	13	25	45	10	172
29844847_zpid	29844847_zpid	10465	818 Logan Ave, Bronx, NY 10465	40.829467	-73.821789	0.48808334464	4	0.285883318169	2	2.01651838319	0	3	3	1400	366800	18	2787	1935	10	19	2	18	1	18	25	33	15	2	6	66
30629124_zpid	30629124_zpid	11221	1225 Hancock St, Brooklyn, NY 11221	40.692162	-73.9116	0.290065920497	10	0.547831458234	2	0.74099271088	2	4	2	1200	635000	8	2000	1910	118	28	89	112	85	33	31	7	46	53	27	156
29846688_zpid	29846688_zpid	10465	204 Throggs Neck Blvd, Bronx, NY 10465	40.817423	-73.812352	0.458099047904	4	0.516317608556	1	3.56920357821	0	2	1	960	300000	2	2247	1901	20	40	8	28	12	40	88	52	44	16	36	264
30719244_zpid	30719244_zpid	11204	1521 W 10th St # 1, Brooklyn, NY 11204	40.6096806	-73.9835779	0.112772134967	11	0.215109575953	7	0.284164415858	2	10	5	3200	314000	290	4000	1925	608	112	160	216	280	300	92	140	84	56	32	540
30719244_zpid	30719244_zpid	11204	1521 W 10th St # 1, Brooklyn, NY 11204	40.6096806	-73.9835779	0.112772134967	12	0.215109575953	7	0.284164415858	2	10	5	3200	314000	290	4000	1925	608	112	160	216	280	300	92	140	84	56	32	540
29784738_zpid	29784738_zpid	10458	2459 Cambreleng Ave, Bronx, NY 10458	40.856191	-73.884286	0.246091098617	7	0.274284031151	2	0.788836392177	0	6	3	3588	400000	11	2500	1899	393	85	134	158	153	23	32	14	51	70	22	284
29790937_zpid	29790937_zpid	10473	315 Bolton Ave, Bronx, NY 10473	40.811824	-73.85721	0.628482452361	1	1.09863358555	0	2.36022066049	0	3	1	1850	375000	57	2178	1935	40	7	22	29	13	24	11	17	12	21	5	81
30581758_zpid	30581758_zpid	11217	30 Saint Marks Ave, Brooklyn, NY 11217	40.680274	-73.976584	0.137279501431	15	0.218984765616	5	0.139836323929	9	4	3.5	3402	2550000	26	1517	2000	67	141	27	45	30	40	51	68	40	13	31	194
30608018_zpid	30608018_zpid	11205	574 Lafayette Ave, Brooklyn, NY 11205	40.6896179	-73.9519401	0.296778926694	11	0.35859827698	6	0.0468895963158	3	5	3	2001	240000	17	1667	1899	100	28	17	32	18	11	16	17	10	9	11	79
83178128_zpid	83178128_zpid	10460	802 Elsmere Pl, Bronx, NY 10460	40.842928	-73.888312	0.3415248302	6	0.142677842341	3	0.629726130159	1	5	4	2500	415000	54	2500	2003	201	13	99	81	92	15	14	7	32	29	17	149
29850297_zpid	29850297_zpid	10464	35 Winters St, Bronx, NY 10464	40.843372	-73.788028	0.225000636954	3	3.18767154026	0	3.45717144249	0	3	2	2376	560000	32	4875	1950	16	12	5	6	3	2	32	10	7	3	20	42
30574475_zpid	30574475_zpid	11232	188 32nd St, Brooklyn, NY 11232	40.655844	-74.0014039	0.12455444476	5	0.574921320329	3	0.30077205883	2	2	2	1910	238500	315	1628	1987	92	120	52	64	44	36	144	68	60	4	36	272
30574475_zpid	30574475_zpid	11232	188 32nd St, Brooklyn, NY 11232	40.655844	-74.0014039	0.12455444476	4	0.574921320329	3	0.30077205883	2	2	2	1910	238500	315	1628	1987	92	120	52	64	44	36	144	68	60	4	36	272
30654169_zpid	30654169_zpid	11203	536 E 48th St, Brooklyn, NY 11203	40.648646	-73.932299	0.306493774153	5	0.20866672856	3	1.46152243209	0	3	1	1036	299000	31	2500	1935	138	12	58	57	63	38	27	2	19	29	9	151
30602638_zpid	30602638_zpid	11221	212 Van Buren St, Brooklyn, NY 11221	40.690424	-73.937862	0.177122741965	10	0.382950821662	5	0.77767753783	0	1	1	3420	305000	181	1900	1899	208	56	106	150	89	39	30	13	44	57	34	232
89025833_zpid	89025833_zpid	11233	2308 Dean St, Brooklyn, NY 11233	40.6747572	-73.9113477	0.167523893407	8	0.153627491581	5	0.418578246196	4	6	6	2760	574500	48	1150	2007	210	16	113	152	93	41	33	20	49	69	27	182
29787699_zpid	29787699_zpid	10458	364 E 198th St, Bronx, NY 10458	40.8667256	-73.8867164	0.0737301955035	7	0.246698638658	6	0.304277314958	4	4	2	2200	349000	0	1498	1925	2720	268	692	688	876	180	84	36	276	212	104	1024
30769687_zpid	30769687_zpid	11236	76 Paerdegat 2nd St, Brooklyn, NY 11236	40.6330743	-73.910861	0.304171363394	5	0.319654389501	3	1.69250498526	0	3	11	1980	200000	8	4850	1965	124	24	56	64	24	256	108	28	100	32	12	292
29778673_zpid	29778673_zpid	10454	739 E 136th St, Bronx, NY 10454	40.8032856	-73.9125215	0.193344780004	4	0.575010064235	2	0.264861875689	2	4	2	1500	135000	46	1500	1920	46	5	12	28	13	11	12	7	11	10	7	64
30602189_zpid	30602189_zpid	11221	539 Kosciuszko St, Brooklyn, NY 11221	40.692923	-73.933241	0.264711903155	10	0.460695159337	3	0.376555673821	3	3	1	1401	194655	136	1667	1910	148	85	82	114	105	45	34	17	29	49	39	236
30716957_zpid	30716957_zpid	11230	1339 E 4th St, Brooklyn, NY 11230	40.617995	-73.971357	0.158798437983	6	0.124562724885	4	0.398245091691	2	4	3	1261	775000	22	2003	1920	156	40	44	88	56	152	168	88	84	20	20	216
30623743_zpid	30623743_zpid	11222	46 N Henry St, Brooklyn, NY 11222	40.7206649	-73.942468	0.165950090576	12	0.280337789825	2	0.692081090152	1	3	1	3700	2115000	14	3050	1980	116	140	56	164	36	48	112	72	104	24	36	460
30598243_zpid	30598243_zpid	11233	2427 Dean St, Brooklyn, NY 11233	40.67475	-73.906915	0.298970777634	5	0.404483388867	5	0.329075952687	8	4	2	3060	700000	18	2143	1920	100	9	65	101	66	27	23	13	35	36	15	112
30665232_zpid	30665232_zpid	11225	69 Hawthorne St, Brooklyn, NY 11225	40.65761	-73.957993	0.191251869099	11	0.230288578875	6	0.392490687722	3	5	2	3600	1150000	12	2526	1920	375	103	166	133	154	20	36	16	54	42	12	215
30613979_zpid	30613979_zpid	11238	464 Classon Ave, Brooklyn, NY 11238	40.6841168	-73.9593001	0.300003806403	13	0.263148403325	6	0.454072016154	5	2	1	1050	972500	121	2000	1931	115	166	65	115	66	32	47	18	49	18	44	190
29834786_zpid	29834786_zpid	10466	3885 Amundson Ave, Bronx, NY 10466	40.8888559	-73.8357259	0.487823829812	2	0.386871432128	4	0.416306520426	1	3	3	1701	385000	0	1800	1957	46	6	16	23	5	46	24	12	26	8	2	64
30650939_zpid	30650939_zpid	11212	153 E 92nd St, Brooklyn, NY 11212	40.661247	-73.926461	0.103432495354	11	0.257070602384	5	0.502299908494	1	6	2	2680	225000	9	2533	1925	1720	56	564	564	520	188	56	24	132	236	80	944
30650939_zpid	30650939_zpid	11212	153 E 92nd St, Brooklyn, NY 11212	40.661247	-73.926461	0.103432495354	11	0.257070602384	7	0.502299908494	1	6	2	2680	225000	9	2533	1925	1720	56	564	564	520	188	56	24	132	236	80	944
30691278_zpid	30691278_zpid	11220	531 66th St, Brooklyn, NY 11220	40.635768	-74.018716	0.196631424368	10	0.412020873618	10	0.403717140252	3	5	3	2130	1350000	0	1620	1920	88	38	29	36	33	30	51	26	20	15	6	135
30786604_zpid	30786604_zpid	11234	2145 E 38th St, Brooklyn, NY 11234	40.608345	-73.926877	0.38916617946	1	0.996413871561	0	2.61487377041	0	2	3	2176	520000	41	2000	1930	1	8	3	4	1	16	23	15	17	0	3	70
30628141_zpid	30628141_zpid	11221	1036 Madison St, Brooklyn, NY 11221	40.690309	-73.917353	0.249786141839	8	0.431166388874	5	0.42186004162	2	5	2	2700	1295000	0	2000	1910	800	236	492	648	480	196	144	32	280	200	204	864
30575302_zpid	30575302_zpid	11220	413 45th St, Brooklyn, NY 11220	40.649143	-74.009025	0.169660774241	10	0.0767483417823	8	0.0859106812091	3	6	3	2952	875000	25	2003	1899	85	34	55	66	37	16	41	16	19	25	8	159
30626560_zpid	30626560_zpid	11221	612 Van Buren St, Brooklyn, NY 11221	40.692666	-73.925191	0.168993858982	9	0.2118910465	4	0.314918792254	3	6	4.5	2340	730000	16	1934	1920	202	75	85	116	108	53	42	21	47	44	27	308
30791392_zpid	30791392_zpid	11235	117 Norfolk St, Brooklyn, NY 11235	40.580365	-73.938704	0.425324431135	1	1.22491352718	0	1.49495683547	0	5	5	3367	1695000	0	2500	2012	9	7	5	14	8	12	15	3	20	2	1	37
30763657_zpid	30763657_zpid	11234	1219 E 59th St, Brooklyn, NY 11234	40.62356	-73.918391	0.256202688506	6	0.703982931323	2	2.67835585237	0	3	1.5	1296	500000	110	2000	1960	60	32	40	36	28	140	84	84	72	40	28	440
29812862_zpid	29812862_zpid	10462	1731 White Plains Rd, Bronx, NY 10462	40.844539	-73.866166	0.228304358948	7	0.298050355832	2	0.514953447776	2	4	3	2000	357000	10	1123	1901	85	13	48	56	41	58	25	14	22	26	10	121
30670973_zpid	30670973_zpid	11218	4 E 2nd St, Brooklyn, NY 11218	40.651751	-73.980223	0.346821579592	6	0.602004740604	1	0.434438408471	1	4	2	1440	1243500	31	1517	1920	16	68	44	72	40	80	60	76	44	8	16	188
30670973_zpid	30670973_zpid	11218	4 E 2nd St, Brooklyn, NY 11218	40.651751	-73.980223	0.346821579592	6	0.243819996827	2	0.434438408471	1	4	2	1440	1243500	31	1517	1920	16	68	44	72	40	80	60	76	44	8	16	188
29790026_zpid	29790026_zpid	10473	403 Harding Park, Bronx, NY 10473	40.806066	-73.8577509	1.1376581239	0	1.73312477274	0	2.95176343393	0	3	1.5	1980	47000	242	3358	1945	40	24	40	36	24	20	32	20	16	16	8	124
30701186_zpid	30701186_zpid	11209	42 Oliver St, Brooklyn, NY 11209	40.619403	-74.038557	0.475714631809	5	0.497811921977	3	0.715226326964	1	4	3	1920	1599000	0	2500	1925	162	23	16	26	18	25	30	20	6	4	4	92
30779185_zpid	30779185_zpid	11236	1585 E 96th St, Brooklyn, NY 11236	40.634714	-73.891692	0.228792669702	6	0.247272970846	4	1.58205553653	0	4	1	1088	302100	4	1650	1910	33	9	16	22	3	38	13	17	12	7	1	52
30698671_zpid	30698671_zpid	11228	8225 7th Ave, Brooklyn, NY 11228	40.6206729	-74.019982	0.42031344577	6	0.461393082003	3	0.74561260711	1	3	2.5	1952	760000	24	1529	1910	16	4	9	8	6	15	36	15	16	2	4	34
30694613_zpid	30694613_zpid	11209	562 73rd St, Brooklyn, NY 11209	40.630011	-74.020459	0.178317680718	14	0.228555370386	6	0.427777599549	2	6	3	2400	1085000	8	1942	1910	48	18	30	33	15	30	44	43	23	11	4	117
30721412_zpid	30721412_zpid	11223	1773 W 12th St, Brooklyn, NY 11223	40.6035328	-73.9843566	0.225231506949	9	0.535693209321	6	0.341148792505	2	3	3	1680	1200000	0	1968	1950	61	24	28	18	22	51	22	39	15	8	5	80
30589357_zpid	30589357_zpid	11238	993 Pacific St, Brooklyn, NY 11238	40.679746	-73.960829	0.358997463862	12	0.400175778721	3	0.432741553375	4	8	3	2700	2195000	0	2000	1910	122	208	67	106	68	51	47	41	39	23	32	239
30607422_zpid	30607422_zpid	11206	608 Willoughby Ave, Brooklyn, NY 11206	40.693953	-73.944988	0.105148639388	8	0.319061300888	2	0.38121222909	2	5	4.5	3600	949000	0	1785	1910	472	144	312	444	236	168	88	160	108	156	88	644
30612541_zpid	30612541_zpid	11205	300 Dekalb Ave, Brooklyn, NY 11205	40.689374	-73.966615	0.196151167465	12	0.261374419809	3	0.126154466368	5	5	3	3400	247500	235	2000	1899	168	244	80	120	76	108	80	28	64	64	36	444
30612541_zpid	30612541_zpid	11205	300 Dekalb Ave, Brooklyn, NY 11205	40.689374	-73.966615	0.196151167465	10	0.261374419809	3	0.126154466368	5	5	3	3400	247500	235	2000	1899	168	244	80	120	76	108	80	28	64	64	36	444
30732327_zpid	30732327_zpid	11224	3725 Maple Ave, Brooklyn, NY 11224	40.579707	-74.004791	0.504297438746	1	0.354385944965	1	2.00797673177	0	3	2	1935	448000	66	2613	1960	45	10	12	33	13	3	15	3	13	11	2	45
