30643035_zpid	30643035_zpid	11208	196 Grant Ave, Brooklyn, NY 11208	40.686046	-73.868162	0.222299696649	10	0.106846305414	5	0.570254709093	3	6	2	2160	359000	157	2000	1899	65	32	45	59	37	60	30	11	43	27	6	142
30682523_zpid	30682523_zpid	11204	2102 66th St, Brooklyn, NY 11204	40.614199	-73.984343	0.28064156283	11	0.188450788774	7	0.332077915664	2	5	3	2950	1395000	0	3600	1915	96	29	38	55	56	66	35	35	27	9	5	158
30590492_zpid	30590492_zpid	11238	152 Underhill Ave, Brooklyn, NY 11238	40.6758635	-73.9666331	0.0807109922685	13	0.245316437866	5	0.361329074255	3	5	4	4332	1250000	87	1942	1910	208	150	79	97	93	25	40	36	43	39	12	220
94718396_zpid	94718396_zpid	11213	1561 Pacific St, Brooklyn, NY 11213	40.67729	-73.939294	0.211315925954	7	0.367702613706	5	0.321268146171	1	9	6	3717	860000	40	2090	2010	150	35	68	70	65	25	19	6	26	31	11	149
30699664_zpid	30699664_zpid	11209	38 86th St, Brooklyn, NY 11209	40.625053	-74.038955	0.713566950572	5	0.813754878256	0	0.930049846216	0	4	4	1496	570000	167	2492	1910	17	12	1	16	4	16	23	12	8	2	1	51
30740365_zpid	30740365_zpid	11235	2609 Hubbard St, Brooklyn, NY 11235	40.5867195	-73.9627135	0.218804686967	9	0.619749562708	2	0.723788395186	1	2	2	1632	605000	17	1600	1930	120	52	56	76	40	156	176	104	72	28	24	312
30740365_zpid	30740365_zpid	11235	2609 Hubbard St, Brooklyn, NY 11235	40.5867195	-73.9627135	0.218804686967	9	0.619749562708	1	0.723788395186	1	2	2	1632	605000	17	1600	1930	120	52	56	76	40	156	176	104	72	28	24	312
29778099_zpid	29778099_zpid	10456	284 E 169th St, Bronx, NY 10456	40.8348579	-73.912388	0.350241847152	6	0.26453852837	9	0.502442156987	3	9	3	2142	540000	103	1995	2009	582	103	255	252	285	43	30	7	89	88	41	358
29844103_zpid	29844103_zpid	10465	3263 Spencer Dr, Bronx, NY 10465	40.842426	-73.818857	0.854797809818	0	0.642105787312	1	1.2536040412	0	1	1	352	369000	0	5898	1920	2	10	4	4	0	12	26	12	5	1	0	32
30682146_zpid	30682146_zpid	11204	2147 66th St, Brooklyn, NY 11204	40.614028	-73.982883	0.21421172889	12	0.105398669291	6	0.253944385723	3	4	3	2400	965000	3	2400	1925	153	31	37	60	67	69	32	40	23	12	6	158
30607407_zpid	30607407_zpid	11206	163 Tompkins Ave, Brooklyn, NY 11206	40.693809	-73.94569	0.0818659960302	7	0.359798655253	2	0.338029497379	2	4	2	3390	95000	280	1742	1930	456	148	316	448	236	168	92	160	120	160	96	636
30585793_zpid	30585793_zpid	11215	227 14th St, Brooklyn, NY 11215	40.666765	-73.989496	0.122696518484	15	0.186773070377	4	0.322302384864	3	4	2.5	1750	594000	18	2000	1899	90	84	28	75	30	45	70	24	37	20	20	241
30790915_zpid	30790915_zpid	11235	267 Dover St, Brooklyn, NY 11235	40.575633	-73.9486019	0.392916152519	5	0.897545499343	0	1.09529408559	0	4	4.5	4000	2200000	11	4320	1997	13	11	3	10	3	7	25	17	16	2	2	32
30787569_zpid	30787569_zpid	11234	2739 E 64th St, Brooklyn, NY 11234	40.6063857	-73.9129929	1.10844044957	0	1.24552748543	0	3.71361291718	0	7	4	2120	735000	1	2500	1965	3	4	2	5	3	17	4	27	20	2	1	26
29784666_zpid	29784666_zpid	10457	607 E 182nd St, Bronx, NY 10457	40.85215	-73.8895639	0.321596458345	11	0.36875630401	3	1.01996415884	0	5	2	1632	379000	0	2125	1901	764	124	380	484	360	84	44	36	156	172	88	704
30593588_zpid	30593588_zpid	11225	1235 President St, Brooklyn, NY 11225	40.668245	-73.948927	0.178597545584	15	0.437458098643	8	0.15364751753	4	4	3	2156	1499000	0	2556	1935	207	40	95	109	87	16	19	7	24	50	9	146
30607100_zpid	30607100_zpid	11206	507 Willoughby Ave, Brooklyn, NY 11206	40.694061	-73.949506	0.0816948860578	8	0.497374331833	6	0.164861502053	3	7	4.5	3600	1350000	3	1999	1899	71	24	56	89	42	29	15	17	28	23	21	126
29788212_zpid	29788212_zpid	10458	192 E 205th St, Bronx, NY 10458	40.8748455	-73.8844744	0.0372255571871	11	0.111568511884	5	0.391355774021	4	3	2	2411	240000	12	2408	1910	402	22	39	64	39	20	10	8	9	21	9	104
30780349_zpid	30780349_zpid	11234	1257 E 69th St, Brooklyn, NY 11234	40.624181	-73.915071	0.500139026712	4	0.71359197591	1	2.73967404505	0	8	5.5	3200	610000	135	4617	1975	21	5	13	13	10	58	21	24	17	9	8	93
30612560_zpid	30612560_zpid	11205	14 Saint James Pl, Brooklyn, NY 11205	40.6892885	-73.9652238	0.214281313085	11	0.267568548557	3	0.103224598719	3	4	2	2764	2144000	16	1106	1899	176	164	76	116	76	88	72	24	56	56	36	372
30612560_zpid	30612560_zpid	11205	14 Saint James Pl, Brooklyn, NY 11205	40.6892885	-73.9652238	0.214281313085	10	0.267568548557	3	0.103224598719	3	4	2	2764	2144000	16	1106	1899	176	164	76	116	76	88	72	24	56	56	36	372
30787008_zpid	30787008_zpid	11234	2032 E 55th St, Brooklyn, NY 11234	40.612533	-73.921077	0.383575595772	2	1.11633624833	0	3.13425045413	0	3	1	1152	400000	20	2000	1925	15	5	9	10	10	31	20	14	18	5	6	98
29848444_zpid	29848444_zpid	10465	2876 Schley Ave, Bronx, NY 10465	40.823856	-73.821081	0.488414360352	1	0.400477066557	2	2.56916252914	0	3	2	1188	469000	6	2448	1960	13	19	8	18	7	14	21	21	12	1	3	57
30711300_zpid	30711300_zpid	11228	1381 86th St, Brooklyn, NY 11228	40.61306	-74.011689	0.126031814047	6	0.339647023423	1	0.937516003094	0	4	2	1710	765000	28	1800	1935	28	56	8	52	4	100	180	132	104	28	28	228
30573437_zpid	30573437_zpid	11231	32 Dikeman St, Brooklyn, NY 11231	40.675242	-74.0108659	0.205794940985	3	0.215484694353	4	1.14985648518	0	3	3	1340	480000	147	2000	1899	100	216	20	84	16	44	120	12	32	28	8	228
30779082_zpid	30779082_zpid	11236	1604 E 95th St, Brooklyn, NY 11236	40.63361	-73.89275	0.209613000766	6	0.297419571788	4	1.64296401153	0	2	1	768	313000	15	3000	1945	29	11	15	21	3	41	16	16	10	7	0	55
29827142_zpid	29827142_zpid	10467	844 E 216th St, Bronx, NY 10467	40.879772	-73.85954	0.542579640683	4	0.526469236567	1	0.525731155582	2	8	3	4101	679000	0	5806	1925	624	56	284	316	244	212	40	8	92	164	44	580
116170881_zpid	116170881_zpid	11224	3806 Atlantic Ave, Brooklyn, NY 11224	40.5735627	-74.0047438	0.768400517925	0	0.488410225286	1	2.0337944254	0	4	5	19200	2999999	0	5000	2015	116	28	32	104	16	16	52	24	36	16	0	140
30677832_zpid	30677832_zpid	11204	1755 52nd St, Brooklyn, NY 11204	40.627191	-73.98342	0.204849228508	6	0.139196713291	7	0.617560376831	2	6	2	4423	1800000	66	3628	1940	16	6	6	18	5	21	71	35	26	6	5	79
30674023_zpid	30674023_zpid	11218	274 E 9th St, Brooklyn, NY 11218	40.641868	-73.970677	0.119341383986	13	0.20178198516	5	0.582701746833	2	4	3	2200	545000	116	2000	1901	684	236	260	320	192	212	148	148	120	76	48	804
29784374_zpid	29784374_zpid	10458	508 E 183rd St, Bronx, NY 10458	40.854646	-73.892342	0.0152367857988	12	0.370826674158	6	0.725291904924	1	6	3	1362	449000	11	1316	1901	346	63	130	144	141	18	26	10	32	48	21	215
30707143_zpid	30707143_zpid	11228	1466 77th St, Brooklyn, NY 11228	40.616664	-74.004955	0.234304000381	10	0.4622648785	4	0.508710363919	2	6	4	2098	999000	0	2667	1925	6	10	5	17	5	37	33	39	16	3	2	66
30587410_zpid	30587410_zpid	11215	598 2nd St, Brooklyn, NY 11215	40.669476	-73.975162	0.302823260784	13	0.60573949662	1	0.562020690914	2	6	3	3860	4450000	11	1821	1901	136	132	44	104	52	52	228	144	96	24	40	584
30636355_zpid	30636355_zpid	11207	717 Snediker Ave, Brooklyn, NY 11207	40.65711	-73.897589	0.543243553086	1	0.589239899138	1	0.227801269697	2	7	7	1788	265000	133	2000	1910	200	24	140	164	116	84	72	40	52	100	32	312
30772366_zpid	30772366_zpid	11236	1461 E 87th St, Brooklyn, NY 11236	40.629555	-73.897488	0.699786917081	1	0.377849841444	1	1.93878881147	0	5	3	2484	503000	20	1800	1960	156	28	60	68	24	160	84	24	88	28	20	184
30636575_zpid	30636575_zpid	11207	235 Sunnyside Ave, Brooklyn, NY 11207	40.683141	-73.88933	0.488541027369	6	0.429901585722	4	0.532203611468	2	9	3	3120	495500	53	1611	1901	180	116	128	136	116	152	104	60	104	40	24	320
30778413_zpid	30778413_zpid	11236	1511 E 98th St, Brooklyn, NY 11236	40.6366609	-73.890979	0.36713543468	7	0.0988643451663	4	1.44246297749	0	6	2	3258	538500	18	3300	1960	27	7	21	27	2	31	13	16	14	8	1	66
30566850_zpid	30566850_zpid	11217	534 1/2 Pacific St, Brooklyn, NY 11217	40.6839469	-73.9795348	0.190445532569	11	0.452814305933	3	0.0687119237229	10	3	3	2464	2250000	13	1450	1915	66	117	31	50	19	45	61	64	40	24	27	229
30720040_zpid	30720040_zpid	11230	1541 Ocean Pkwy, Brooklyn, NY 11230	40.610987	-73.967304	0.539645668874	10	0.294924063862	3	0.5351763942	2	5	4.5	5187	350000	272	4125	1925	25	13	11	23	13	46	28	19	19	9	4	93
94716823_zpid	94716823_zpid	11214	2757 Cropsey Ave # 1, Brooklyn, NY 11214	40.5870397	-73.9887428	0.369315267974	4	0.57189085939	1	0.466141128517	1	2	1	830	309270	70	4626	2008	48	40	36	96	20	84	84	76	84	32	16	188
29784111_zpid	29784111_zpid	10457	410 E 182nd St, Bronx, NY 10457	40.854497	-73.896036	0.319619065625	12	0.372683344124	6	0.434167599737	1	3	1.5	1460	85000	217	1328	1899	361	29	140	174	153	22	13	11	32	52	21	244
30743201_zpid	30743201_zpid	11229	2055 E 18th St, Brooklyn, NY 11229	40.600057	-73.953442	0.382403821138	8	0.104937486976	5	0.226468537962	2	9	5	3455	2499000	0	4000	1910	476	136	136	128	200	332	176	84	88	52	20	640
30621715_zpid	30621715_zpid	11222	26 Diamond St, Brooklyn, NY 11222	40.723774	-73.945631	0.0851895590522	12	0.177344383201	1	0.485869163195	1	6	4	2450	1175000	46	1113	1901	35	70	23	47	15	19	34	21	23	13	14	196
30774808_zpid	30774808_zpid	11236	970 E 104th St, Brooklyn, NY 11236	40.645631	-73.894212	0.331419158034	5	0.308087211787	2	0.655104934851	2	5	2	1600	417500	36	2500	1930	228	32	104	80	72	140	60	24	68	52	36	392
30774808_zpid	30774808_zpid	11236	970 E 104th St, Brooklyn, NY 11236	40.645631	-73.894212	0.331419158034	4	0.308087211787	2	0.655104934851	2	5	2	1600	417500	36	2500	1930	228	32	104	80	72	140	60	24	68	52	36	392
30643670_zpid	30643670_zpid	11208	46 Fountain Ave, Brooklyn, NY 11208	40.6790158	-73.8765304	0.368753547687	12	0.397626477107	6	0.398454499064	5	5	2	1536	336500	157	1799	1899	107	21	61	83	57	46	46	20	53	25	11	193
29778753_zpid	29778753_zpid	10455	528 Wales Ave, Bronx, NY 10455	40.812121	-73.907217	0.0800010473641	7	0.385382197092	4	0.262785057912	3	6	3	2001	240000	20	1666	1920	202	28	90	74	71	14	33	17	40	25	15	172
30733718_zpid	30733718_zpid	11224	4911 Surf Ave, Brooklyn, NY 11224	40.578519	-74.010253	0.0832091276669	2	0.715880348006	1	2.45666474551	0	8	5	3762	689000	142	5356	1930	44	20	12	60	16	0	52	0	32	4	8	68
30643690_zpid	30643690_zpid	11208	88 Fountain Ave, Brooklyn, NY 11208	40.678011	-73.876311	0.279963717298	11	0.398562421404	6	0.460439315021	5	6	3	2835	461100	50	2000	1901	109	21	66	73	60	48	51	20	46	27	12	205
30706548_zpid	30706548_zpid	11228	1359 77th St, Brooklyn, NY 11228	40.618367	-74.00693	0.171934293673	10	0.369373765608	3	0.69500121135	1	3	1.5	1561	800000	11	2250	1925	11	13	7	25	8	51	50	44	22	3	3	77
2111335978_zpid	2111335978_zpid	11223	2063 W 6th St, Brooklyn, NY 11223	40.5971881	-73.9775994	0.0791805749135	4	0.0547243712646	4	0.133779415691	3	5	3	3800	1075000	22	3999	1905	35	19	10	29	8	51	23	41	27	5	7	90
29790053_zpid	29790053_zpid	10473	623 Harding Park, Bronx, NY 10473	40.806271	-73.855844	1.04481065618	0	1.69335265085	0	2.97943553476	0	5	2	2794	127000	201	5070	1939	48	28	44	48	28	28	44	28	20	16	8	144
30766984_zpid	30766984_zpid	11236	520 E 85th St, Brooklyn, NY 11236	40.64238	-73.915061	0.594333046729	5	0.807515129326	0	1.21306918563	0	4	2	1120	450000	0	2500	1925	28	3	17	11	7	34	28	7	22	5	5	75
30764675_zpid	30764675_zpid	11234	1512 E 55th St, Brooklyn, NY 11234	40.619796	-73.922392	0.285757899482	11	0.590266195754	1	2.58036190962	0	3	2	1260	399900	0	2000	1925	48	96	16	32	40	156	120	56	84	12	36	516
30668254_zpid	30668254_zpid	11226	499 Rugby Rd, Brooklyn, NY 11226	40.637544	-73.964378	0.225153646173	7	0.279887882422	7	0.305026583399	3	6	4	2528	1850000	9	3998	1905	119	29	48	52	50	21	19	10	15	17	3	99
30601492_zpid	30601492_zpid	11233	12 Roosevelt Pl, Brooklyn, NY 11233	40.677281	-73.915735	0.287014233687	3	0.32481229151	3	0.440157525175	2	5	4	2028	820000	9	1584	1899	236	20	135	157	106	56	37	18	58	68	35	209
29796961_zpid	29796961_zpid	10472	2126 Cross Bronx Expy, Bronx, NY 10472	40.830396	-73.852278	0.149488273772	11	0.5373738168	5	0.434596079914	1	3	1.5	2060	250000	28	1649	1950	62	15	35	45	34	28	27	5	32	14	8	75
30640966_zpid	30640966_zpid	11207	558 Van Siclen Ave, Brooklyn, NY 11207	40.665945	-73.888895	0.392080787027	8	0.345003238981	7	0.0525052293022	3	7	4	3120	639000	0	2374	1930	1004	92	616	584	584	140	156	40	268	300	88	1052
30738787_zpid	30738787_zpid	11223	2349 West St, Brooklyn, NY 11223	40.591461	-73.97011	0.086998602812	7	0.587035257397	2	0.405559613916	3	3	2	1268	850000	10	4000	1920	168	44	68	92	36	184	168	152	80	24	20	420
30770304_zpid	30770304_zpid	11236	1177 E 82nd St, Brooklyn, NY 11236	40.631952	-73.9063539	0.671906228096	5	0.694633603659	2	1.68025801834	0	3	1	1120	399000	0	1600	1960	46	8	16	25	10	68	26	7	26	7	8	67
29788047_zpid	29788047_zpid	10458	2860 Valentine Ave, Bronx, NY 10458	40.869613	-73.889262	0.0268663480226	9	0.119000566839	9	0.320924866274	5	10	3	3390	240000	145	2481	1910	669	50	171	189	220	36	21	5	64	59	24	278
30567541_zpid	30567541_zpid	11201	3 Monroe Pl, Brooklyn, NY 11201	40.697092	-73.99243	0.0459984823915	16	0.0600167124202	3	0.0692725214591	8	7	4	4360	2475000	48	1700	1849	47	108	17	22	17	7	53	24	25	6	10	158
30762916_zpid	30762916_zpid	11234	2077 Schenectady Ave, Brooklyn, NY 11234	40.621349	-73.929759	0.242561848108	9	0.357737576929	2	1.97937551005	0	3	3	1885	569999	0	1999	1955	16	37	1	18	10	43	39	18	20	7	2	152
83050179_zpid	83050179_zpid	11233	324 Ralph Ave, Brooklyn, NY 11233	40.6778675	-73.921909	0.300236863954	3	0.187931440618	1	0.10254402932	1	6	2	2750	420000	28	1365	2007	157	32	101	125	84	30	31	9	45	57	29	194
79722065_zpid	79722065_zpid	11212	108 Livonia Ave, Brooklyn, NY 11212	40.661539	-73.913973	0.450551585046	9	0.0961344656024	7	0.199011322264	2	8	4	3240	760000	98	2000	2005	205	10	155	96	87	45	44	13	39	33	19	178
30774827_zpid	30774827_zpid	11236	941 E 104th St, Brooklyn, NY 11236	40.646399	-73.894307	0.268863491821	4	0.251930145966	2	0.637735276182	2	2	2.5	1600	381444	142	2500	1930	160	32	88	64	52	148	48	20	64	36	36	332
30774827_zpid	30774827_zpid	11236	941 E 104th St, Brooklyn, NY 11236	40.646399	-73.894307	0.268863491821	5	0.0999392878467	3	0.637735276182	2	2	2.5	1600	381444	142	2500	1930	160	32	88	64	52	148	48	20	64	36	36	332
30779594_zpid	30779594_zpid	11236	1423 E 104th St, Brooklyn, NY 11236	40.638532	-73.885549	0.584507568815	1	0.582060464489	2	1.64722324069	0	3	1.5	1445	417000	8	2200	1960	64	16	52	48	12	16	32	16	52	8	8	132
30792617_zpid	30792617_zpid	11235	1126 Banner Ave, Brooklyn, NY 11235	40.5834731	-73.9581	0.189254945476	12	0.246319770055	7	0.506377605161	2	3	3	1152	555000	6	1400	1920	213	37	59	77	46	61	49	33	41	32	21	188
30701988_zpid	30701988_zpid	11209	358 97th St, Brooklyn, NY 11209	40.61479	-74.032784	0.0486090334732	9	0.218064998436	3	0.202142560033	1	3	2	2080	905000	3	2290	1950	177	33	26	26	29	56	45	46	8	10	5	129
29826506_zpid	29826506_zpid	10467	670 E 222nd St, Bronx, NY 10467	40.885824	-73.8629179	0.132892065291	4	0.221609145792	1	0.221567926676	2	4	2	1400	318000	134	2178	1916	96	8	38	58	63	48	13	4	24	21	5	104
30706761_zpid	30706761_zpid	11214	1725 77th St, Brooklyn, NY 11214	40.613403	-73.998716	0.104965178077	11	0.182330833152	8	0.160423236814	3	4	3	1190	450000	105	1700	1920	49	6	12	24	8	20	23	23	15	9	7	97
30591217_zpid	30591217_zpid	11213	1473 Dean St, Brooklyn, NY 11213	40.676543	-73.93949	0.165578422804	8	0.451564370735	6	0.393372603085	1	5	3	2376	999000	0	2063	1899	149	38	71	77	71	26	22	7	30	37	14	169
30607054_zpid	30607054_zpid	11206	255 Vernon Ave # A, Brooklyn, NY 11206	40.695744	-73.941433	0.102461865211	10	0.0414469770847	4	0.503386079197	3	7	4	3360	1301000	8	2000	1901	127	53	66	92	53	50	23	34	23	38	24	191
29795341_zpid	29795341_zpid	10472	1205 Saint Lawrence Ave, Bronx, NY 10472	40.8298994	-73.8670839	0.419179841435	6	0.416936969603	4	0.184741003792	3	4	2	2700	10	144	4792	1970	233	156	80	98	82	59	26	11	46	53	21	189
29850759_zpid	29850759_zpid	10464	176 Schofield St, Bronx, NY 10464	40.845214	-73.784133	0.174223786768	3	3.51233544375	0	3.71786052397	0	4	1.5	1827	625000	0	5000	1925	17	13	5	8	3	1	33	8	8	2	25	40
30624948_zpid	30624948_zpid	11206	69 Central Ave, Brooklyn, NY 11206	40.7011752	-73.9302066	0.0297570002473	15	0.155718803074	5	0.438938387045	3	1	1	700	273001	140	2500	1931	46	61	28	32	13	21	16	12	26	13	10	108
29816887_zpid	29816887_zpid	10461	2872 E 195th St, Bronx, NY 10461	40.852937	-73.8321689	0.217561864261	6	0.304275495897	1	0.427682717543	2	2	1	1000	410000	47	2482	1920	61	15	14	17	22	31	23	18	12	6	5	52
30776795_zpid	30776795_zpid	11236	10518 Avenue K, Brooklyn, NY 11236	40.644386	-73.890295	0.445056170644	2	0.409222763464	3	1.00810957276	0	6	4.5	3000	672000	3	1999	1960	42	4	17	17	13	20	13	3	13	8	6	64
29813402_zpid	29813402_zpid	10462	1822 Wallace Ave, Bronx, NY 10462	40.846519	-73.863441	0.120999281916	8	0.0496203297151	2	0.494447036819	1	5	2	1752	212000	198	2375	1899	108	23	67	84	57	85	39	21	29	30	17	163
29785554_zpid	29785554_zpid	10460	931 E 181st St, Bronx, NY 10460	40.845381	-73.880457	0.180652524284	8	0.528863356	1	0.567212554159	2	2	2	3087	487000	8	2583	1997	1044	40	396	420	480	72	36	36	140	124	92	728
29785554_zpid	29785554_zpid	10460	931 E 181st St, Bronx, NY 10460	40.845381	-73.880457	0.180652524284	8	0.528863356	2	0.567212554159	2	2	2	3087	487000	8	2583	1997	1044	40	396	420	480	72	36	36	140	124	92	728
30776243_zpid	30776243_zpid	11236	1351 E 96th St, Brooklyn, NY 11236	40.639333	-73.896826	0.190573575833	5	0.215332785879	3	0.918836600194	0	3	2.5	1040	360000	22	2800	1920	44	16	27	25	15	48	22	12	13	16	4	86
94717799_zpid	94717799_zpid	11207	50 Schenck Ave, Brooklyn, NY 11207	40.6802333	-73.8905622	0.214473786771	4	0.178203589189	4	0.287248646043	2	7	4	3524	567500	36	1850	2008	105	42	70	81	58	66	49	35	47	32	11	166
30641336_zpid	30641336_zpid	11207	782 Livonia Ave, Brooklyn, NY 11207	40.665435	-73.887942	0.3228641216	9	0.325007172792	7	0.0491164817562	3	5	2	2080	499000	0	2700	1901	240	22	144	133	134	32	38	11	64	77	24	255
30780352_zpid	30780352_zpid	11234	1247 E 69th St, Brooklyn, NY 11234	40.6246099	-73.914739	0.554013057047	4	0.685769298308	1	2.68464875361	0	3	1	3396	750000	21	4791	1975	84	16	52	52	36	208	56	92	60	36	24	348
30766658_zpid	30766658_zpid	11234	631 E 59th St, Brooklyn, NY 11234	40.63842	-73.919977	0.395469088842	5	0.595626082864	2	1.78453990863	0	3	4	3375	649000	0	2000	1925	60	8	4	16	8	20	32	8	40	8	4	88
30689083_zpid	30689083_zpid	11219	1021 64th St, Brooklyn, NY 11219	40.630372	-74.006724	0.163715851901	7	0.199375592324	7	0.161852392518	2	5	3	3828	1410000	16	2708	1925	43	22	11	23	8	48	36	28	13	5	8	112
30567468_zpid	30567468_zpid	11201	101 Willow St, Brooklyn, NY 11201	40.697945	-73.995211	0.12301451789	12	0.213362867061	2	0.1871046884	4	8	6	5300	7275000	21	2513	1838	172	344	68	80	64	24	172	80	76	24	40	492
2112109269_zpid	2112109269_zpid	11226	2514 Beverley Rd, Brooklyn, NY 11226	40.644654	-73.953528	0.195180320312	6	0.396951791872	5	0.389072438231	2	3	2.5	1280	345000	34	1872	1930	348	60	174	196	144	84	43	13	41	75	29	345
29847751_zpid	29847751_zpid	10465	937 Quincy Ave, Bronx, NY 10465	40.829319	-73.828886	0.254318557391	2	0.544487091288	1	1.67400570449	0	5	3	3102	552000	9	3400	1960	11	13	8	9	4	11	23	15	9	2	6	50
89074079_zpid	89074079_zpid	10463	668 W 232nd St, Bronx, NY 10463	40.8847289	-73.9153435	0.428912641186	6	0.519612581628	2	0.886313914813	0	6	4	3528	1450000	4	2436	2008	39	10	6	20	12	17	34	11	9	4	3	44
30662062_zpid	30662062_zpid	11203	774 E 45th St, Brooklyn, NY 11203	40.642305	-73.934505	0.0933598350163	7	0.915529199673	0	1.20312323146	0	2	1	1820	359000	15	2000	1930	104	40	48	72	40	176	96	40	80	40	8	372
30650437_zpid	30650437_zpid	11212	99 E 91st St, Brooklyn, NY 11212	40.661949	-73.928466	0.103523896771	13	0.141445998712	6	0.576775798734	1	3	2	2090	430000	9	2171	1940	237	11	87	86	72	36	9	4	22	33	11	146
29846612_zpid	29846612_zpid	10465	258 Throggs Neck Blvd, Bronx, NY 10465	40.818895	-73.813106	0.34628349158	4	0.405528661358	1	3.39837895417	0	3	3	1732	459800	2	1799	1960	24	48	4	36	20	56	92	40	48	24	40	240
30765375_zpid	30765375_zpid	11234	1750 E 51st St, Brooklyn, NY 11234	40.6176389	-73.9260089	0.146596141529	10	0.689135274906	1	2.49052731549	0	10	4.5	2256	62500	164	4117	1925	64	204	20	28	40	116	120	92	56	24	20	596
30652820_zpid	30652820_zpid	11203	360 E 49th St, Brooklyn, NY 11203	40.653101	-73.931828	0.174101784509	6	0.184652397637	3	1.50833418553	0	7	4	4400	715000	8	4000	1930	212	21	91	82	97	71	42	8	43	44	19	204
30774007_zpid	30774007_zpid	11236	9823 Flatlands Ave, Brooklyn, NY 11236	40.644819	-73.8993689	0.303938327041	5	0.437029249925	2	0.292649104956	2	6	2.5	1680	5000	120	1870	1930	61	9	24	20	16	60	17	8	12	20	8	103
30663105_zpid	30663105_zpid	11210	733 E 38th St, Brooklyn, NY 11210	40.637533	-73.9401369	0.666353491144	4	0.692475300322	2	0.749616901727	1	2	2	1216	399000	14	1600	1940	480	32	388	352	352	124	40	12	112	108	20	612
30647158_zpid	30647158_zpid	11207	696 Ashford St, Brooklyn, NY 11207	40.664816	-73.882654	0.190692896395	6	0.230258185862	5	0.188106370086	2	5	3	1960	312000	42	2400	1930	87	6	55	44	35	20	22	10	26	33	13	111
