29842803_zpid	29842803_zpid	10461	1517 Crosby Ave, Bronx, NY 10461	40.842712	-73.830457	0.179765187493	6	0.450218560952	1	0.489631578971	2	2	1	966	331500	1	2164	1935	69	14	19	16	19	48	38	16	9	12	3	102
29790597_zpid	29790597_zpid	10473	1410 Harding Park, Bronx, NY 10473	40.80977	-73.857673	0.803915554558	0	1.3221170098	0	2.56089130212	0	3	2	875	325000	0	4351	1930	32	9	21	21	9	15	14	16	11	17	3	69
30571343_zpid	30571343_zpid	11201	88 Wyckoff St APT J, Brooklyn, NY 11201	40.6857241	-73.9905556	0.114064140844	15	0.456920762072	3	0.0535190188663	5	2	2	1750	92500	17	11761.2	1903	160	240	36	172	28	76	124	108	60	24	24	540
30721354_zpid	30721354_zpid	11223	1761 W 13th St, Brooklyn, NY 11223	40.6037149	-73.9853585	0.175234687766	8	0.579715598757	6	0.423682958144	3	3	2.5	1440	808888	21	2500	1925	51	21	22	15	16	48	21	30	9	8	4	65
30613917_zpid	30613917_zpid	11238	68 Downing St, Brooklyn, NY 11238	40.68372	-73.961142	0.149167606317	12	0.119875216401	5	0.477878797367	5	6	4	3600	845500	57	2020	1871	138	176	78	127	75	45	58	22	48	17	41	221
29816267_zpid	29816267_zpid	10461	1191 Morris Park Ave, Bronx, NY 10461	40.851309	-73.849298	0.478611839027	5	0.626082408508	1	0.987783382807	0	3	1.5	1703	395200	20	2731	1940	45	12	4	21	9	26	29	12	19	3	3	73
29794064_zpid	29794064_zpid	10473	944 Castle Hill Ave, Bronx, NY 10473	40.8266909	-73.849461	0.140974244186	7	0.682694001982	2	0.865061219635	0	5	3	1816	436000	3	1655	1910	27	12	7	11	9	19	12	5	6	4	5	30
30785171_zpid	30785171_zpid	11234	1928 E 38th St, Brooklyn, NY 11234	40.611629	-73.931315	0.134580764858	3	0.601601101695	1	2.26352022598	0	3	3	2064	530000	13	2000	1930	16	64	16	16	8	44	104	120	104	8	12	216
30744113_zpid	30744113_zpid	11229	2054 Coyle St, Brooklyn, NY 11229	40.60188	-73.937644	0.289438389146	4	0.313467706161	3	1.57192559743	0	5	3	2060	700000	20	1800	1930	28	9	10	12	7	14	36	19	18	0	3	64
30794692_zpid	30794692_zpid	11229	2532 Gerritsen Ave, Brooklyn, NY 11229	40.595992	-73.929023	0.395729820568	2	0.720931588502	1	2.21093299766	0	3	5	1360	430000	65	1456	1955	3	17	0	5	2	7	15	7	13	3	2	26
30714259_zpid	30714259_zpid	11214	184 Bay 26th St, Brooklyn, NY 11214	40.600121	-74.000873	0.127333794433	7	0.161810389302	7	0.544068165781	2	7	3.75	3140	1190000	4	2900	1925	181	20	50	46	35	75	44	30	17	15	10	126
30790018_zpid	30790018_zpid	11235	196 Brighton 10th St, Brooklyn, NY 11235	40.581206	-73.9577429	0.25520333594	10	0.174217509445	9	0.494644960203	2	4	2	1848	450000	16	2400	1930	241	54	67	88	58	73	52	28	47	31	24	234
30613109_zpid	30613109_zpid	11238	384 Vanderbilt Ave, Brooklyn, NY 11238	40.685827	-73.9687	0.222123077051	10	0.241114231803	4	0.295973854687	5	5	5	3360	3500000	15	1867	1931	112	59	55	73	58	32	33	10	24	23	22	114
30625636_zpid	30625636_zpid	11221	752 Bushwick Ave, Brooklyn, NY 11221	40.695626	-73.929708	0.152843512275	13	0.320301493293	5	0.26521403408	3	7	4	2508	1225000	8	1480	1899	143	98	57	85	83	52	39	19	35	38	29	252
30748008_zpid	30748008_zpid	11235	2496 E 21st St, Brooklyn, NY 11235	40.591454	-73.949151	0.173559234169	12	0.339108275528	5	0.660513883467	2	5	2	3060	999000	0	2626	1930	42	13	6	24	7	26	34	26	31	4	1	99
30761469_zpid	30761469_zpid	11234	1035 E 59th St, Brooklyn, NY 11234	40.627802	-73.918852	0.429332901096	3	0.230288456047	2	2.49599537329	0	7	3	3181	660000	18	2117	1975	100	44	88	52	44	152	52	96	64	68	12	324
30713357_zpid	30713357_zpid	11214	121 Bay 26th St, Brooklyn, NY 11214	40.601146	-73.999094	0.0877820015743	5	0.174638282229	9	0.387583497587	2	5	3	3121	1120000	15	4486	1925	181	22	49	50	39	96	43	39	23	17	11	163
29850324_zpid	29850324_zpid	10464	104 Centre St, Bronx, NY 10464	40.8441339	-73.785824	0.100786752847	3	3.37026935759	0	3.61025231158	0	3	2	1942	396550	15	2648	1960	72	52	20	32	12	8	144	44	36	12	100	196
29787761_zpid	29787761_zpid	10458	324 E 196th St, Bronx, NY 10458	40.8659984	-73.8897849	0.315782503272	8	0.237460949904	10	0.331932984324	5	7	3	2436	450000	34	2090	1910	602	78	218	239	292	38	19	3	81	70	30	338
30642338_zpid	30642338_zpid	11208	133 Hemlock St, Brooklyn, NY 11208	40.686705	-73.8715579	0.189310950081	5	0.293146732128	5	0.369835726601	3	5	2	3027	227000	158	1983	1910	94	40	64	85	47	77	39	16	56	43	7	198
30733935_zpid	30733935_zpid	11224	4703 Beach 47th St, Brooklyn, NY 11224	40.5765619	-74.0120225	0.311603357548	1	0.859318147769	0	2.60503633603	0	10	7.5	3330	1500000	13	15245.999999999998	1930	4	5	2	13	3	0	6	0	4	1	0	8
30676905_zpid	30676905_zpid	11230	964 Mcdonald Ave, Brooklyn, NY 11230	40.630195	-73.97739	0.117784360329	9	0.126277495672	6	0.0611614729338	3	6	4	3000	1120000	0	2178	1945	24	33	13	23	17	27	12	34	5	3	3	58
94719200_zpid	94719200_zpid	11203	1021 Schenectady Ave, Brooklyn, NY 11203	40.648281	-73.9327461	0.345732645468	7	0.264088171905	3	1.41448325675	0	4	3	1925	474639	46	1028	2008	130	11	49	42	49	37	26	1	15	23	9	129
30643678_zpid	30643678_zpid	11208	64 Fountain Ave, Brooklyn, NY 11208	40.6786109	-73.8764659	0.332634784102	12	0.430082640105	6	0.433681200934	5	7	2.5	1800	464449	10	1800	1899	448	84	244	332	224	196	184	80	200	104	40	800
30778733_zpid	30778733_zpid	11236	1328 E 105th St, Brooklyn, NY 11236	40.640273	-73.887008	0.729795401124	2	0.570042970072	1	1.44090912451	0	4	1.5	1620	399000	7	2600	1955	20	1	14	15	7	4	12	4	12	3	2	47
29799063_zpid	29799063_zpid	10462	1971 Benedict Ave, Bronx, NY 10462	40.834476	-73.85811	0.19777609828	13	0.238771392594	11	0.267034081606	2	10	3.5	2552	600000	8	2501	1920	120	20	28	35	39	23	28	15	14	16	6	177
30607854_zpid	30607854_zpid	11221	261 Kosciuszko St, Brooklyn, NY 11221	40.691612	-73.94454	0.214495825109	9	0.226299461624	4	0.574371870107	2	6	3	2250	82000	220	1594	1899	82	32	36	70	46	15	21	5	14	21	11	118
30718460_zpid	30718460_zpid	11204	1409 W 7th St, Brooklyn, NY 11204	40.610934	-73.9811383	0.115523898671	15	0.0346870925553	6	0.122166973725	2	8	4	3030	900000	57	4000	1930	216	29	53	60	79	101	34	42	22	13	9	166
29798052_zpid	29798052_zpid	10472	1319 Noble Ave, Bronx, NY 10472	40.833035	-73.87084	0.663704215512	7	0.412685300841	2	0.320163015953	2	8	3	3628	360000	139	2613	1935	249	26	74	96	69	38	18	11	33	53	12	180
30788203_zpid	30788203_zpid	11234	312 Mayfair Dr N, Brooklyn, NY 11234	40.6096829	-73.9040909	0.939912029635	0	0.953773457484	0	4.1199563575	0	4	5	4500	2299000	0	5600	1965	0	8	1	6	0	2	7	4	7	2	0	25
30610435_zpid	30610435_zpid	11216	109 Halsey St, Brooklyn, NY 11216	40.682086	-73.949228	0.175480986439	10	0.162081530345	8	0.172995785201	5	1	1	3332	1400000	22	1850	1901	239	154	121	151	118	28	61	27	57	73	38	291
30702072_zpid	30702072_zpid	11209	206 Marine Ave, Brooklyn, NY 11209	40.615111	-74.035062	0.196833558181	8	0.171537297845	3	0.344185798094	1	4	2	2080	1125000	0	2000	1925	189	31	26	26	27	52	43	45	7	10	5	118
30779051_zpid	30779051_zpid	11236	1649 E 94th St, Brooklyn, NY 11236	40.632737	-73.89225	0.152010016688	6	0.269757043529	4	1.74863528497	0	4	3.5	2340	578000	78	2933	1960	27	9	14	14	3	39	17	17	10	7	1	41
30651900_zpid	30651900_zpid	11203	947 Lenox Rd, Brooklyn, NY 11203	40.655951	-73.924229	0.11204942388	11	0.430343226975	3	0.905773495538	0	4	2	1672	477000	12	1600	1950	128	20	51	57	57	52	19	7	17	21	13	111
30633377_zpid	30633377_zpid	11212	521 Watkins St, Brooklyn, NY 11212	40.6596959	-73.9050093	0.280905263202	4	0.310406967918	4	0.459218711223	4	3	1	3	295000	80	1800	1986	89	15	67	61	44	27	35	6	39	18	10	135
30687838_zpid	30687838_zpid	11219	1031 58th St, Brooklyn, NY 11219	40.633612	-74.002896	0.146437928936	6	0.182750580541	6	0.323137963212	4	3	2.5	1344	400000	46	1552	1925	46	18	21	35	14	59	55	49	22	9	8	99
30732496_zpid	30732496_zpid	11224	3826 Cypress Ave, Brooklyn, NY 11224	40.5783569	-74.006997	0.327401846502	2	0.44275773646	1	2.18082172959	0	11	4.5	4002	650000	129	4000	1925	31	10	8	26	7	3	20	2	14	3	2	39
29789006_zpid	29789006_zpid	10470	15 E 235th St, Bronx, NY 10470	40.897067	-73.875744	0.275694009158	1	0.702613636627	1	1.09600427961	0	3	2.5	2210	470000	32	3000	1925	11	3	4	6	1	12	5	6	1	3	0	21
30772993_zpid	30772993_zpid	11236	9311 Foster Ave, Brooklyn, NY 11236	40.646647	-73.908766	0.30012638927	3	0.874280752419	0	0.584144436336	1	5	3.5	2500	180000	238	2500	1930	34	7	23	31	17	43	31	6	9	19	5	87
30666333_zpid	30666333_zpid	11226	150 E 18th St, Brooklyn, NY 11226	40.6474977	-73.9627909	0.327756902223	9	0.485406061888	2	0.337606169968	3	1	1	550	1650000	315	14810.400000000001	1937	475	58	322	289	328	36	35	15	70	88	13	414
29823922_zpid	29823922_zpid	10467	2934 Cruger Ave, Bronx, NY 10467	40.869092	-73.865999	0.247384884868	12	0.193170138799	6	0.270435263389	2	2	1	1362	189000	153	1080	1920	370	45	155	184	174	39	29	10	48	64	37	266
30571801_zpid	30571801_zpid	11231	289 Court St, Brooklyn, NY 11231	40.6841395	-73.9948055	0.0459811601595	17	0.394412205568	5	0.380975623983	2	1	1	2100	3650000	4	1551	1931	16	35	15	40	13	16	34	18	22	3	6	124
30606754_zpid	30606754_zpid	11206	194 Hopkins St, Brooklyn, NY 11206	40.699366	-73.944929	0.2172151657	10	0.425917332089	6	0.336030706974	4	5	4	2916	980000	10	2067	1994	85	46	34	66	34	45	28	33	21	19	16	173
30655467_zpid	30655467_zpid	11236	621 E 93rd St, Brooklyn, NY 11236	40.6524209	-73.915393	0.271709303219	7	0.758510298587	0	1.00853788019	0	3	2	1781	382000	14	2250	1945	47	3	15	24	20	42	17	10	9	12	5	80
29853927_zpid	29853927_zpid	10471	6103 Liebig Ave, Bronx, NY 10471	40.909965	-73.9015635	0.417892363909	7	0.4513917959	4	1.24932035496	0	5	3	3100	875000	0	2321	1963	8	9	6	13	5	10	27	10	11	4	5	40
29783045_zpid	29783045_zpid	10457	740 E 175th St, Bronx, NY 10457	40.841887	-73.89232	0.247091944561	5	0.378541461077	3	0.641303530123	1	8	3	2310	325000	106	2997	1901	126	11	41	49	40	2	9	3	14	19	3	91
64920194_zpid	64920194_zpid	11232	204 21st St APT 1B, Brooklyn, NY 11232	40.6620395	-73.9947796	0.143340117106	7	0.351804484432	3	0.334101011167	2	2	1.5	1075	379236	131	2505	2003	30	22	16	21	9	18	21	25	15	7	4	68
30601340_zpid	30601340_zpid	11233	1417 Herkimer St, Brooklyn, NY 11233	40.677499	-73.906462	0.363729163462	5	0.348598622045	3	0.22729817687	9	2	1.5	2550	385000	21	1700	1899	616	72	396	536	340	128	112	64	172	236	76	624
30611934_zpid	30611934_zpid	11205	191 Classon Ave, Brooklyn, NY 11205	40.694533	-73.960913	0.110660946805	9	0.24390164895	8	0.634073316231	1	1	1	623	965000	21	1140	1901	55	79	30	54	28	46	25	39	30	11	23	177
30624582_zpid	30624582_zpid	11206	234 Boerum St, Brooklyn, NY 11206	40.706107	-73.938307	0.238032991997	11	0.312566264606	4	0.223515971132	4	6	3	1892	665000	73	2187	1930	70	176	41	39	24	18	31	11	26	12	9	143
30719504_zpid	30719504_zpid	11204	1516 W 4th St, Brooklyn, NY 11204	40.61038	-73.978449	0.240573203641	12	0.194289949212	6	0.333938562049	4	5	3	2016	900000	20	4000	1930	804	120	188	204	248	328	116	96	60	40	28	532
30591769_zpid	30591769_zpid	11216	783 Prospect Pl, Brooklyn, NY 11216	40.674574	-73.950546	0.106398872491	10	0.0624026475583	4	0.466978083574	5	7	3	3292	750000	133	2178	1910	1568	400	824	976	856	148	180	60	224	328	176	1272
30712907_zpid	30712907_zpid	11228	155 Bay 11th St, Brooklyn, NY 11228	40.607335	-74.011011	0.0670211225368	7	0.501404970221	4	0.786871974452	0	4	3	2235	950000	19	2178	1965	24	36	8	40	8	88	112	104	84	12	20	216
30789001_zpid	30789001_zpid	11234	2528 E 63rd St, Brooklyn, NY 11234	40.609844	-73.910471	0.689570964748	1	0.828074112481	0	4.00317444482	0	4	3	1920	605000	5	2000	1960	2	6	2	5	2	17	8	17	21	2	1	29
30714363_zpid	30714363_zpid	11214	2165 Cropsey Ave, Brooklyn, NY 11214	40.597873	-73.998991	0.173195967804	6	0.189924522098	3	0.627782614262	2	5	3	2362	237500	261	1800	1940	636	64	176	200	144	276	116	68	72	52	36	468
30714363_zpid	30714363_zpid	11214	2165 Cropsey Ave, Brooklyn, NY 11214	40.597873	-73.998991	0.173195967804	7	0.189924522098	3	0.627782614262	2	5	3	2362	237500	261	1800	1940	636	64	176	200	144	276	116	68	72	52	36	468
30623075_zpid	30623075_zpid	11211	545 Lorimer St, Brooklyn, NY 11211	40.7132069	-73.9493972	0.119708116417	15	0.209212663536	6	0.0880863095212	3	5	3	2016	850000	47	828	1901	51	143	35	72	37	33	48	17	20	13	15	209
29822161_zpid	29822161_zpid	10469	1525 Fielding St, Bronx, NY 10469	40.863755	-73.842436	0.213277077512	3	0.622077341758	1	0.723305465195	1	4	2.5	2149	470000	11	2248	1940	17	11	5	9	2	19	22	14	16	2	3	55
30627169_zpid	30627169_zpid	11237	208 Wyckoff Ave, Brooklyn, NY 11237	40.7013586	-73.9147726	0.0508894866932	11	0.301750573156	6	0.317584413147	5	2	1	4875	690000	90	2416	1931	704	316	528	660	456	172	144	112	284	284	104	1124
30627169_zpid	30627169_zpid	11237	208 Wyckoff Ave, Brooklyn, NY 11237	40.7013586	-73.9147726	0.0508894866932	12	0.301750573156	6	0.317584413147	5	2	1	4875	690000	90	2416	1931	704	316	528	660	456	172	144	112	284	284	104	1124
30624141_zpid	30624141_zpid	11211	12 Sharon St, Brooklyn, NY 11211	40.715071	-73.938428	0.311811885478	8	0.433732012544	2	0.390731844282	2	4	2	1692	125000	273	1800	1950	24	121	12	40	17	26	32	11	23	12	17	134
30598432_zpid	30598432_zpid	11233	1519 Saint Marks Ave, Brooklyn, NY 11233	40.673604	-73.917214	0.342891261566	2	0.485851230283	3	0.677122471387	1	5	2	2748	700000	10	1608	1901	206	15	126	124	79	18	28	14	41	43	30	180
29844927_zpid	29844927_zpid	10465	3717 E Tremont Ave, Bronx, NY 10465	40.8267138	-73.821777	0.670549238273	1	0.121376322441	1	2.26828890652	0	4	2	2232	750000	14	2975	1925	13	18	5	21	2	13	26	37	19	1	5	77
30700556_zpid	30700556_zpid	11228	80 Battery Ave, Brooklyn, NY 11228	40.61728	-74.023678	0.252386890931	7	0.406115816708	3	0.650544412934	2	5	3	1584	690000	30	1999	1899	8	0	3	7	1	9	20	8	5	0	1	21
89074087_zpid	89074087_zpid	11222	185 India St APT 3A, Brooklyn, NY 11222	40.7327102	-73.9524711	0.144363010851	13	0.231113145387	4	0.314813798404	1	1	1	523	379000	88	2500	2007	88	79	63	65	44	47	35	19	24	21	13	231
30575981_zpid	30575981_zpid	11220	621 47th St, Brooklyn, NY 11220	40.645297	-74.005621	0.351953667929	10	0.276733708577	8	0.549127562623	2	3	2.5	2668	1155000	7	1861	1910	109	48	56	85	45	47	67	21	26	18	8	208
30734547_zpid	30734547_zpid	11223	1974 W 6th St, Brooklyn, NY 11223	40.599331	-73.978403	0.0482286541273	6	0.385920396135	4	0.215935936451	6	6	3	3204	1348000	0	2400	1925	37	25	15	26	11	69	28	50	21	9	7	99
30575682_zpid	30575682_zpid	11220	634 45th St, Brooklyn, NY 11220	40.645827	-74.004498	0.365747275331	8	0.321750297818	9	0.580031442697	1	5	3	3076	1375000	0	2003	1910	91	46	48	71	39	48	57	21	21	16	8	178
29833613_zpid	29833613_zpid	10466	1066 E 229th St, Bronx, NY 10466	40.886975	-73.848249	0.366479707293	6	0.17648328296	3	1.02428067029	0	4	2	1692	387500	126	1794	1935	53	12	29	19	18	69	15	3	31	14	10	68
30587586_zpid	30587586_zpid	11215	586 4th St, Brooklyn, NY 11215	40.667653	-73.974955	0.384186686824	13	0.624391450146	1	0.477215751395	1	6	4.5	4400	6000000	4	2000	1899	92	112	44	80	40	28	188	100	64	16	24	444
30759967_zpid	30759967_zpid	11234	1772 Schenectady Ave, Brooklyn, NY 11234	40.629199	-73.931228	0.320922088008	7	0.700861429212	1	1.44459074096	0	3	2.5	1662	510500	129	2500	1940	17	8	15	9	3	38	25	20	21	7	1	66
30629678_zpid	30629678_zpid	11207	1069 Halsey St, Brooklyn, NY 11207	40.68826	-73.913077	0.217225880979	8	0.341349968427	3	0.364433712693	2	5	4	3300	970000	13	2000	1920	90	21	71	97	54	20	25	12	25	41	18	144
30757410_zpid	30757410_zpid	11234	1727 E 32nd St, Brooklyn, NY 11234	40.612355	-73.938836	0.110956291047	2	0.16303366016	2	1.65539909775	0	3	2	1432	553000	19	2178	1920	3	10	3	9	2	14	23	19	36	4	1	59
30625922_zpid	30625922_zpid	11237	311 Stockholm St, Brooklyn, NY 11237	40.703233	-73.919416	0.142901648675	15	0.0825776638088	5	0.10551847164	3	4	2	2290	110000	288	2500	1931	226	124	152	211	175	55	36	22	85	89	36	340
30568436_zpid	30568436_zpid	11201	24 Verandah Pl, Brooklyn, NY 11201	40.688085	-73.996491	0.0747624340692	17	0.327360630985	4	0.521927310529	2	4	3.5	3192	6150000	9	1206	1899	34	51	12	52	7	28	51	29	19	9	5	148
30743190_zpid	30743190_zpid	11229	2074 E 19th St, Brooklyn, NY 11229	40.599671	-73.953003	0.341238717249	8	0.108899684672	5	0.250737046503	2	4	1.75	1272	630000	9	2000	1930	480	136	140	136	228	332	176	96	96	60	28	660
62635617_zpid	62635617_zpid	10473	220 Howe Ave, Bronx, NY 10473	40.8125829	-73.847295	0.401368239405	1	0.756857552978	0	2.44310548829	0	4	3	1902	457000	12	3987	2001	10	3	5	3	2	11	6	7	4	4	4	23
30740108_zpid	30740108_zpid	11235	2533 E 6th St, Brooklyn, NY 11235	40.5881464	-73.9638834	0.279048777614	7	0.416752606828	2	0.834110471236	0	4	2	2040	640000	10	1900	1920	80	40	36	56	28	148	156	76	56	28	8	228
30740108_zpid	30740108_zpid	11235	2533 E 6th St, Brooklyn, NY 11235	40.5881464	-73.9638834	0.279048777614	7	0.699310084154	1	0.834110471236	0	4	2	2040	640000	10	1900	1920	80	40	36	56	28	148	156	76	56	28	8	228
30774441_zpid	30774441_zpid	11236	9710 Flatlands Ave, Brooklyn, NY 11236	40.643667	-73.900183	0.193565753071	7	0.746892300016	1	0.361094313595	1	3	2	1248	450000	118	1600	1925	49	11	21	19	16	54	21	7	13	19	8	102
30757227_zpid	30757227_zpid	11229	1771 Madison Pl, Brooklyn, NY 11229	40.610219	-73.940326	0.351688290895	3	0.43209120294	1	1.48797200024	0	3	2	1374	600000	77	3100	1920	23	3	10	16	8	3	11	9	8	2	2	40
30602216_zpid	30602216_zpid	11221	563 Kosciuszko St, Brooklyn, NY 11221	40.693043	-73.932194	0.185248886279	11	0.371839147931	4	0.287219794458	3	4	2	940	750000	8	1990	1992	147	88	82	105	103	51	38	18	31	52	40	244
64904542_zpid	64904542_zpid	11234	6610 Avenue M, Brooklyn, NY 11234	40.622391	-73.915713	0.293692883638	5	0.782577831033	0	2.93749442364	0	4	2.5	2210	494000	32	2221	2002	13	5	4	8	5	48	25	21	19	6	7	96
30602171_zpid	30602171_zpid	11221	1036 Dekalb Ave, Brooklyn, NY 11221	40.693182	-73.933408	0.261920539352	11	0.453724678402	3	0.388159291106	3	6	4.5	3500	1375000	6	2000	1920	548	324	308	416	360	176	128	72	112	204	156	908
29834756_zpid	29834756_zpid	10466	1145 Grenada Pl, Bronx, NY 10466	40.888276	-73.84451	0.46790662168	4	0.155152520402	3	1.11112418806	0	3	2	1188	280000	13	1781	1940	28	11	10	12	6	52	19	3	30	11	8	55
29842512_zpid	29842512_zpid	10461	2823 Zulette Ave, Bronx, NY 10461	40.842252	-73.836003	0.113290289297	6	0.783416372529	0	0.181336635603	3	5	2	4792	425000	10	4750	1958	268	48	88	68	60	124	88	52	52	40	12	308
30585603_zpid	30585603_zpid	11215	257 13th St, Brooklyn, NY 11215	40.667171	-73.988586	0.0349085739388	17	0.100327221164	4	0.374116672853	4	2	1	700	1600000	28	2500	1901	88	89	28	74	32	45	71	28	40	23	21	244
30601159_zpid	30601159_zpid	11233	108 Somers St, Brooklyn, NY 11233	40.67892	-73.907359	0.353974549737	5	0.337083558118	3	0.248811365288	8	2	1.5	2430	300000	21	1875	1910	173	18	124	157	105	34	32	14	43	68	21	170
30587998_zpid	30587998_zpid	11215	567 10th St, Brooklyn, NY 11215	40.666041	-73.981052	0.144083057944	16	0.431179229288	6	0.068073612429	2	5	3.5	3705	2500000	20	1778	1901	61	68	24	49	23	27	60	40	25	9	17	171
2144155349_zpid	2144155349_zpid	11225	220 Rogers Ave, Brooklyn, NY 11225	40.6683606	-73.9536025	0.237018284026	12	0.44714531807	5	0.25217762344	5	8	3	3807	2299000	0	1269	1930	461	76	188	203	186	23	20	9	51	84	25	256
30745533_zpid	30745533_zpid	11229	2267 E 13th St, Brooklyn, NY 11229	40.594902	-73.957244	0.0694229803984	13	0.231311906206	8	0.180187830132	2	7	4	2600	1100000	20	4000	1964	76	18	11	17	17	35	18	16	9	5	4	84
29839434_zpid	29839434_zpid	10470	4618 Richardson Ave, Bronx, NY 10470	40.902862	-73.851809	0.456683507426	5	0.187671961098	1	0.104235421705	3	3	3	1870	370000	76	1.3282315199999999E8	1915	141	12	77	68	68	29	21	5	26	31	4	139
30713054_zpid	30713054_zpid	11214	138 Bay 14th St, Brooklyn, NY 11214	40.606484	-74.008786	0.0773435771974	10	0.34427751308	6	0.617876831156	1	6	3	2228	625000	32	2167	1930	16	20	16	26	5	33	18	34	20	1	2	82
30777579_zpid	30777579_zpid	11236	1246 E 104th St, Brooklyn, NY 11236	40.641125	-73.889191	0.618303038629	2	0.52935703874	1	1.23374778997	0	3	2	1536	480500	15	4200	1960	80	12	56	72	40	64	52	28	60	36	20	232
30756518_zpid	30756518_zpid	11234	1574 E 37th St, Brooklyn, NY 11234	40.616933	-73.93852	0.411771906516	4	0.181041699328	4	1.7659194549	0	3	1.75	1472	534000	70	2000	1925	18	15	14	25	6	44	21	22	33	6	3	106
30608844_zpid	30608844_zpid	11221	494 Lexington Ave, Brooklyn, NY 11221	40.688601	-73.940764	0.279866877696	8	0.143726882445	3	0.926812282293	0	2	1	900	213000	272	2916	1993	228	62	112	158	112	35	41	16	50	60	30	262
29854569_zpid	29854569_zpid	10471	715 Ladd Rd, Bronx, NY 10471	40.904638	-73.910346	0.579521708015	3	0.466066920481	2	0.326334276802	1	4	3	3626	1200000	52	10890.0	1957	7	7	2	8	4	4	24	4	8	2	1	20
83179163_zpid	83179163_zpid	10460	814 Elsmere Pl, Bronx, NY 10460	40.8427423	-73.8879455	0.0896733789278	10	0.143443920664	3	0.607431109731	2	7	6	3300	575000	0	1668	2009	203	15	102	83	94	20	15	7	32	29	17	156
30645081_zpid	30645081_zpid	11208	508 Hemlock St, Brooklyn, NY 11208	40.676658	-73.869622	0.106146539414	9	0.123294447415	8	0.25360276077	2	5	2.5	2200	250000	147	2000	1910	187	27	102	108	62	67	47	13	96	45	15	243
30766725_zpid	30766725_zpid	11236	530 E 80th St, Brooklyn, NY 11236	40.639862	-73.918567	0.595018426539	5	0.677692178371	1	1.60171821077	0	6	4	2256	170000	16	2343	1960	16	5	13	13	6	19	23	8	16	3	5	47
30637338_zpid	30637338_zpid	11208	82 Ridgewood Ave, Brooklyn, NY 11208	40.68244	-73.885912	0.404827270361	7	0.336874398245	5	0.297600173975	3	4	2	1672	460000	12	22	1910	55	15	30	26	32	33	22	17	17	15	9	86
30600853_zpid	30600853_zpid	11233	252 Macdougal St, Brooklyn, NY 11233	40.680178	-73.910083	0.250694897851	6	0.272768287504	5	0.196496979502	6	8	3	3000	400000	0	1159	1899	192	18	149	158	114	38	40	16	50	75	25	184
30773954_zpid	30773954_zpid	11236	130 Conklin Ave, Brooklyn, NY 11236	40.642942	-73.903023	0.335372564746	5	0.798674858676	0	0.424929900776	1	4	2	1344	170000	0	1742	1925	56	10	23	24	18	60	29	9	15	19	6	100
30724754_zpid	30724754_zpid	11230	1104 E 18th St, Brooklyn, NY 11230	40.623698	-73.9585	0.297935600533	10	0.272791423782	6	0.259276221146	3	5	3.25	2230	985000	14	4000	1920	226	18	88	113	106	38	23	16	20	43	12	191
30630501_zpid	30630501_zpid	11207	166 Schaefer St, Brooklyn, NY 11207	40.688951	-73.908181	0.211764713932	9	0.626709907139	3	0.349652440858	2	5	2	2700	1100000	0	2000	1915	130	35	98	125	95	24	27	18	43	56	24	207
30740150_zpid	30740150_zpid	11235	2539 Hubbard St, Brooklyn, NY 11235	40.5882159	-73.9629874	0.205346365301	9	0.774231553961	0	0.760987686777	0	5	5.5	2760	799888	11	2500	1908	34	12	10	16	11	41	42	25	15	8	4	64
30667940_zpid	30667940_zpid	11226	2463 Bedford Ave, Brooklyn, NY 11226	40.6435389	-73.954292	0.289222707159	7	0.332191671008	4	0.482734262402	2	6	2	2000	665000	26	2000	1901	512	118	235	264	230	81	44	19	65	100	26	418
30721983_zpid	30721983_zpid	11223	1733 W 1st St, Brooklyn, NY 11223	40.6056373	-73.9742159	0.131560157429	8	0.357680050949	4	0.311716480179	3	4	3	2344	890000	1	2000	1930	388	80	148	116	104	316	96	172	112	60	8	528
30640308_zpid	30640308_zpid	11208	311 Atkins Ave, Brooklyn, NY 11208	40.671169	-73.8778449	0.213772623334	9	0.374899705419	3	0.41086268427	3	8	4	2500	420000	3	2500	1930	159	31	87	101	74	58	38	10	30	55	27	190
