30758268_zpid	30758268_zpid	11234	1024 E 53rd St, Brooklyn, NY 11234	40.634135	-73.925888	0.26907633227	5	0.584366712115	1	1.84344389761	0	4	2	1642	519400	80	2450	1960	36	9	12	22	13	31	23	10	18	13	2	63
30791442_zpid	30791442_zpid	11235	192 Pembroke St, Brooklyn, NY 11235	40.578651	-73.937304	0.631688191943	1	1.4268766061	0	1.69470215847	0	3	2	2013	835000	62	2200	1950	2	5	0	6	0	12	10	3	5	1	1	19
29776802_zpid	29776802_zpid	10454	436 E 140th St, Bronx, NY 10454	40.809652	-73.9207799	0.283450111392	4	0.154076748407	6	0.243933741258	3	4	4	2400	330000	49	1667	1910	248	34	115	138	118	10	18	12	32	40	18	230
30631196_zpid	30631196_zpid	11207	43 Furman Ave, Brooklyn, NY 11207	40.6825199	-73.906999	0.0874536270682	4	0.19046834366	3	0.158349686174	7	8	3	3420	600000	35	2000	1931	70	21	58	82	50	13	23	15	14	26	10	135
30622121_zpid	30622121_zpid	11222	38 Broome St, Brooklyn, NY 11222	40.72207	-73.94556	0.105778268347	14	0.177453568611	1	0.560500107156	1	7	3	2823	1700000	11	2500	1910	29	64	16	49	10	16	37	17	22	10	13	181
30762652_zpid	30762652_zpid	11234	1182 E 58th St, Brooklyn, NY 11234	40.625709	-73.9201089	0.476030237463	6	0.473034561018	2	2.45770207462	0	5	3	3443	560000	25	2400	1955	84	40	96	44	56	196	72	120	72	72	36	364
30762652_zpid	30762652_zpid	11234	1182 E 58th St, Brooklyn, NY 11234	40.625709	-73.9201089	0.211343489868	7	0.473034561018	2	2.45770207462	0	5	3	3443	560000	25	2400	1955	84	40	96	44	56	196	72	120	72	72	36	364
30772226_zpid	30772226_zpid	11236	1479 E 85th St, Brooklyn, NY 11236	40.628363	-73.89864	0.854792133733	0	0.536683591848	1	2.054121391	0	8	4	3150	585000	18	2100	1960	112	24	44	52	20	140	72	24	76	20	24	172
64687067_zpid	64687067_zpid	11211	226 S 2nd St APT 1, Brooklyn, NY 11211	40.7119976	-73.9588687	0.115786415889	17	0.143742361386	4	0.4167412554	4	3	2.5	1500	1800000	33	1600	2003	512	992	332	500	284	116	208	100	136	140	116	1224
64687067_zpid	64687067_zpid	11211	226 S 2nd St APT 1, Brooklyn, NY 11211	40.7119976	-73.9588687	0.115786415889	15	0.143742361386	4	0.4167412554	4	3	2.5	1500	1800000	33	1600	2003	512	992	332	500	284	116	208	100	136	140	116	1224
30646565_zpid	30646565_zpid	11207	485 Hegeman Ave, Brooklyn, NY 11207	40.6592603	-73.8936411	0.719112860711	2	0.245508152936	3	0.47576995162	2	8	3.5	2036	499500	31	1500	1901	160	13	98	87	88	29	42	11	33	50	14	195
2115340950_zpid	2115340950_zpid	10465	569 Hollywood Ave, Bronx, NY 10465	40.82505	-73.817746	0.357552020141	5	0.507352006716	2	2.61414055045	0	8	5	5105	680000	28	5000	1986	13	16	5	17	5	12	20	20	15	0	4	55
30757580_zpid	30757580_zpid	11234	1773 E 35th St, Brooklyn, NY 11234	40.612947	-73.935796	0.299621480428	5	0.195596250793	2	1.92061431761	0	3	3	1092	450000	24	2200	1935	8	68	16	36	12	84	108	84	136	16	4	248
29781828_zpid	29781828_zpid	10457	210 E 179th St, Bronx, NY 10457	40.850782	-73.904117	0.103728300719	12	0.111581278998	9	0.102229359351	6	4	2	1606	500	113	1380	1899	317	58	193	197	188	30	25	9	70	61	21	250
30611138_zpid	30611138_zpid	11216	11 Decatur St, Brooklyn, NY 11216	40.680565	-73.94281	0.310744636731	9	0.160289319366	6	0.179706850613	3	4	3.5	2520	725000	37	2000	1899	197	84	97	146	92	27	37	23	49	50	30	224
29854067_zpid	29854067_zpid	10471	437 W 263rd St, Bronx, NY 10471	40.912608	-73.901308	0.387995213792	6	0.416041068295	3	1.31792863467	0	7	3	2156	875000	0	3476	1960	7	7	5	7	3	6	16	8	5	1	3	31
83049912_zpid	83049912_zpid	11221	19 Kossuth Pl, Brooklyn, NY 11221	40.69345	-73.927489	0.133749895786	9	0.0421258816329	5	0.112478998901	3	3	1	4216	800000	111	2066	2007	201	88	79	117	103	50	43	19	42	42	36	303
30701442_zpid	30701442_zpid	11209	9323 Lafayette Walk, Brooklyn, NY 11209	40.6173606	-74.0315317	0.154451672609	11	0.0544167216001	5	0.134216925452	2	2	1.5	1138	465000	75	1021	1925	122	36	32	37	31	75	48	31	6	13	8	183
29844573_zpid	29844573_zpid	10465	1031 Hollywood Ave, Bronx, NY 10465	40.833136	-73.824413	0.305474561246	4	0.40075015506	2	1.5594483766	0	5	2	2084	478000	9	4191	1920	6	14	7	11	7	17	26	26	11	3	4	45
94715632_zpid	94715632_zpid	10466	3648 Palmer Ave, Bronx, NY 10466	40.8842202	-73.8381207	0.863580642065	0	0.461088010754	2	0.514353878445	1	5	2	1854	569000	0	2509	2009	10	7	5	3	1	11	6	7	7	3	1	24
30784617_zpid	30784617_zpid	11234	1733 E 53rd St, Brooklyn, NY 11234	40.616089	-73.923328	0.366858429231	9	0.910948983264	0	2.77410809924	0	3	2	1184	469000	0	2942	1925	52	76	32	36	44	152	96	72	88	20	28	460
30641559_zpid	30641559_zpid	11208	30 Cox Pl, Brooklyn, NY 11208	40.6876869	-73.874546	0.366560945006	4	0.0864048933452	4	0.302240504033	3	4	2	1700	392000	66	3442	1930	84	21	54	70	39	60	27	16	43	32	7	140
30751206_zpid	30751206_zpid	11210	1078 E 37th St, Brooklyn, NY 11210	40.630489	-73.940928	0.263281197045	3	0.31406790954	2	0.624489639827	1	4	2	1728	610000	113	2000	1925	79	20	42	48	36	55	32	20	21	15	8	122
30636511_zpid	30636511_zpid	11207	215A Highland Blvd, Brooklyn, NY 11207	40.682089	-73.893896	0.296768425979	3	0.23148319369	3	0.516847463748	2	8	3	3000	610000	119	3386	2003	70	27	45	44	28	48	32	36	25	20	8	97
30712169_zpid	30712169_zpid	11214	86 Bay 19th St, Brooklyn, NY 11214	40.605241	-74.003779	0.318345575328	12	0.0641035550761	8	0.347881662779	2	2	2	1360	560000	46	1360	1935	61	25	29	38	14	56	41	45	23	11	6	127
29841105_zpid	29841105_zpid	10465	3205 Fairmount Ave, Bronx, NY 10465	40.836304	-73.820908	0.170121883936	3	0.13037723842	1	1.52714771749	0	5	3	2120	399000	51	2000	1955	6	7	7	8	7	10	28	13	11	4	3	43
29844322_zpid	29844322_zpid	10465	1627 Research Ave, Bronx, NY 10465	40.847067	-73.819502	0.913086133561	0	0.592689788704	1	0.913566402934	0	3	2	1376	469999	0	2500	1940	1	3	2	4	0	12	20	15	6	1	0	27
30734768_zpid	30734768_zpid	11223	1927 W 3rd St, Brooklyn, NY 11223	40.6007561	-73.9752322	0.325149479001	6	0.316953773585	4	0.365972583433	4	3	2	1700	680000	0	1890	1925	32	28	16	28	12	72	28	80	28	7	5	111
30574592_zpid	30574592_zpid	11232	188 33rd St, Brooklyn, NY 11232	40.655287	-74.001977	0.123723852602	4	0.573322354171	3	0.229514537535	2	6	2.5	1930	1000000	0	1903	1920	33	33	13	20	17	9	38	12	17	2	9	86
30788771_zpid	30788771_zpid	11234	2629 E 63rd St, Brooklyn, NY 11234	40.608561	-73.911072	0.813760916711	0	0.976180783118	0	3.92883713101	0	3	2	2384	491000	53	1992	1960	2	6	2	6	3	19	7	27	21	2	1	31
30641678_zpid	30641678_zpid	11208	37 Hemlock St, Brooklyn, NY 11208	40.6890519	-73.872121	0.255810234512	7	0.212699461085	6	0.105390400588	3	5	2	1680	525000	93	2500	1925	71	21	45	61	32	55	31	13	31	27	3	118
29791729_zpid	29791729_zpid	10473	407 Zerega Ave, Bronx, NY 10473	40.815325	-73.845403	0.469816835817	3	0.419952121549	2	2.17516356683	0	3	1.5	1560	365000	41	5096	1965	11	3	5	3	2	10	6	3	4	3	3	28
30784469_zpid	30784469_zpid	11234	1844 E 51st St, Brooklyn, NY 11234	40.615279	-73.92576	0.39528993456	6	0.952515136478	0	2.69035740787	0	3	2	2052	674000	0	2392	1930	15	47	5	8	10	26	27	19	17	5	8	103
29791624_zpid	29791624_zpid	10473	453 Castle Hill Ave, Bronx, NY 10473	40.816272	-73.847737	0.311115785529	3	0.414988831025	2	2.03170333936	0	7	3	2650	529995	0	2167	1970	24	4	14	3	3	14	9	4	9	4	3	37
30705097_zpid	30705097_zpid	11204	1745 74th St, Brooklyn, NY 11204	40.614907	-73.996407	0.148868718933	16	0.112662213734	7	0.388126478921	2	6	3	1800	940000	2	1999	1910	76	64	36	156	32	156	100	84	48	20	20	280
30705097_zpid	30705097_zpid	11204	1745 74th St, Brooklyn, NY 11204	40.614907	-73.996407	0.205858959491	14	0.112662213734	7	0.388126478921	2	6	3	1800	940000	2	1999	1910	76	64	36	156	32	156	100	84	48	20	20	280
30598554_zpid	30598554_zpid	11233	1578 Saint Marks Ave, Brooklyn, NY 11233	40.673011	-73.914906	0.410331482359	3	0.389622046394	5	0.702911154111	1	6	2.5	2000	725000	9	2540	1899	748	64	456	448	296	80	100	56	168	156	108	580
83048536_zpid	83048536_zpid	11229	1777 E 21st St, Brooklyn, NY 11229	40.6095029	-73.951986	0.330948097372	4	0.21387350455	4	0.501179725204	1	8	5	3840	765000	138	6000	1915	117	19	40	37	38	53	54	41	22	12	3	153
30613761_zpid	30613761_zpid	11238	210 Saint James Pl, Brooklyn, NY 11238	40.68399	-73.964209	0.100273639947	8	0.142225779162	3	0.223200147406	3	5	1.5	3500	2500000	9	1675	1899	580	620	296	516	356	196	236	64	176	100	128	836
30638269_zpid	30638269_zpid	11208	178 Essex St, Brooklyn, NY 11208	40.679984	-73.882978	0.141118290377	7	0.0428917171038	3	0.140282939369	3	5	2	1760	637000	5	1406	1901	85	27	60	73	52	44	39	22	34	28	14	168
30757073_zpid	30757073_zpid	11234	1645 E 36th St, Brooklyn, NY 11234	40.615577	-73.937428	0.300971836003	3	0.219148002052	3	1.87041569581	0	3	3	1084	175000	270	1800	1920	11	16	11	21	5	41	27	21	39	8	3	100
30753634_zpid	30753634_zpid	11210	1213 E 35th St, Brooklyn, NY 11210	40.624449	-73.941281	0.284413521838	3	0.620544266646	2	1.07725993949	0	1	1	2156	175000	231	2613	1915	480	48	240	200	184	288	192	64	132	64	40	464
30753634_zpid	30753634_zpid	11210	1213 E 35th St, Brooklyn, NY 11210	40.624449	-73.941281	0.126466857202	4	0.620544266646	2	1.07725993949	0	1	1	2156	175000	231	2613	1915	480	48	240	200	184	288	192	64	132	64	40	464
79712930_zpid	79712930_zpid	11233	10 Columbus Pl, Brooklyn, NY 11233	40.677781	-73.923031	0.379113492394	2	0.126281143821	1	0.166628865631	2	6	6	4032	795000	100	1785	2007	122	27	80	92	66	22	28	8	38	40	25	176
30736949_zpid	30736949_zpid	11223	320 Avenue U, Brooklyn, NY 11223	40.596868	-73.972264	0.393827187545	4	0.427496911721	4	0.128707887764	4	2	2	2600	695000	31	1590	1931	23	17	7	31	6	43	28	56	27	2	5	95
30627180_zpid	30627180_zpid	11237	251 Wyckoff Ave, Brooklyn, NY 11237	40.701597	-73.9144249	0.0195843014809	13	0.320015186561	5	0.311605715937	5	3	1	4125	70000	211	2529	1931	174	75	129	160	107	42	35	28	66	69	26	272
30791381_zpid	30791381_zpid	11235	153 Norfolk St, Brooklyn, NY 11235	40.579534	-73.938664	0.517877884913	1	1.31744818505	0	1.54493704224	0	1	1	2190	1200000	59	2500	2010	9	6	4	9	8	12	13	3	13	2	1	27
30574532_zpid	30574532_zpid	11232	218 32nd St, Brooklyn, NY 11232	40.6552663	-74.0003157	0.234408600349	5	0.602422411756	2	0.362205398523	2	3	1	1440	1050000	0	936	1925	88	120	40	68	44	28	108	56	52	4	36	252
30574532_zpid	30574532_zpid	11232	218 32nd St, Brooklyn, NY 11232	40.6552663	-74.0003157	0.234408600349	4	0.602422411756	2	0.362205398523	2	3	1	1440	1050000	0	936	1925	88	120	40	68	44	28	108	56	52	4	36	252
30654278_zpid	30654278_zpid	11203	5024 Snyder Ave, Brooklyn, NY 11203	40.649904	-73.929307	0.262584679103	5	0.103784745582	3	1.68951060524	0	5	2	2016	545000	4	2000	1901	199	23	77	65	80	55	37	8	25	36	11	202
30656481_zpid	30656481_zpid	11203	1303 Schenectady Ave, Brooklyn, NY 11203	40.640903	-73.931822	0.172751297052	7	1.01379813716	0	1.40515040641	0	3	2	1275	425000	117	2400	1935	35	19	12	21	14	50	33	13	25	15	7	118
30668372_zpid	30668372_zpid	11226	463 E 19th St, Brooklyn, NY 11226	40.639416	-73.959852	0.344695745025	10	0.329098326439	5	0.380387771723	3	9	3	4663	1450000	126	10449	1898	463	105	198	197	196	58	37	29	52	85	11	333
30757898_zpid	30757898_zpid	11210	942 E 40th St, Brooklyn, NY 11210	40.6323823	-73.9381821	0.432184853151	1	0.496855730237	1	0.800770934715	0	3	2.5	1408	500000	4	1589	1925	108	20	64	88	64	100	72	60	56	36	12	276
30646361_zpid	30646361_zpid	11208	728 Hemlock St, Brooklyn, NY 11208	40.671015	-73.86825	0.120803898267	5	0.276337493631	6	0.584612722919	2	4	3	1800	290000	44	2000	1965	90	11	58	49	32	43	28	7	24	34	9	126
30605725_zpid	30605725_zpid	11233	304 Malcolm X Blvd, Brooklyn, NY 11233	40.682422	-73.9292509	0.215963329437	8	0.212265106684	4	0.362563754196	1	3	1	1100	10	131	1376	1927	136	69	99	124	71	16	20	11	41	38	24	189
30771331_zpid	30771331_zpid	11236	1252 E 87th St, Brooklyn, NY 11236	40.632785	-73.901853	0.491908476407	3	0.48628532118	2	1.54389003861	0	3	1	1058	372000	12	27	1935	52	16	25	29	10	61	24	11	28	10	9	92
30646934_zpid	30646934_zpid	11207	701 Bradford St, Brooklyn, NY 11207	40.661765	-73.88837	0.290297793385	4	0.189627356716	6	0.425800559844	3	5	3	2480	430000	20	2500	1930	198	16	114	97	106	21	34	9	44	67	13	200
29789307_zpid	29789307_zpid	10470	226 E 236th St, Bronx, NY 10470	40.897802	-73.8696609	0.286758006184	2	0.196232222025	1	0.629249241024	1	4	4	2800	430000	38	2482	1928	54	14	8	9	7	39	12	16	14	5	3	75
30567032_zpid	30567032_zpid	11217	235 Bergen St, Brooklyn, NY 11217	40.684525	-73.98426	0.213689282193	10	0.414476015601	3	0.469895772626	9	5	3.5	2880	3495000	18	2000	1910	56	93	12	46	14	42	56	27	30	18	16	186
30634471_zpid	30634471_zpid	11207	295 Pennsylvania Ave, Brooklyn, NY 11207	40.670336	-73.8951079	0.101015231476	5	0.154906954797	6	0.470117671222	4	3	1	1800	275000	36	1890	1910	126	17	90	95	104	25	35	8	32	33	22	193
30738661_zpid	30738661_zpid	11223	23 Southgate Ct, Brooklyn, NY 11223	40.591265	-73.9720959	0.155722795159	8	0.547905002264	2	0.258246863432	3	3	3	1988	565000	28	2100	1925	53	11	16	19	8	40	38	42	22	5	5	103
30759070_zpid	30759070_zpid	11234	1237 E 49th St, Brooklyn, NY 11234	40.631004	-73.9288739	0.121132041988	6	0.819236888699	0	1.59861554046	0	3	2	2310	420000	38	2500	1935	34	16	18	28	12	45	28	14	20	14	4	81
30602728_zpid	30602728_zpid	11221	819 Greene Ave, Brooklyn, NY 11221	40.690426	-73.935399	0.378208430756	10	0.463802201316	6	0.643657094843	1	5	3	2972	625000	128	1650	1915	192	43	102	144	104	38	35	14	36	53	42	240
30754637_zpid	30754637_zpid	11210	1514 E 21st St, Brooklyn, NY 11210	40.616379	-73.953849	0.259356635398	4	0.342858386587	5	0.488837243088	1	8	3	3381	1218800	13	4000	1910	21	0	3	6	4	20	16	10	9	2	4	31
30664454_zpid	30664454_zpid	11225	51 Maple St, Brooklyn, NY 11225	40.660532	-73.958887	0.146295921101	11	0.297053336441	7	0.30834242096	3	5	2.5	3618	2408000	15	5000	1910	448	105	193	160	177	16	44	22	61	54	14	283
30712906_zpid	30712906_zpid	11228	157 Bay 11th St, Brooklyn, NY 11228	40.607289	-74.011069	0.0601988394629	7	0.508184196665	4	0.792217308663	0	5	3	2148	535000	59	2148	1960	24	36	8	40	8	88	112	104	84	12	20	220
30781254_zpid	30781254_zpid	11234	6216 Mill Ln, Brooklyn, NY 11234	40.618621	-73.9166765	0.0798965807816	7	0.632874434138	1	3.05757567013	0	3	2	1428	499000	0	1934	1920	10	8	6	7	4	22	22	10	20	3	5	101
30667498_zpid	30667498_zpid	11226	315 E 16th St, Brooklyn, NY 11226	40.642885	-73.963495	0.147239700001	8	0.159770461499	4	0.171944692525	2	7	3	3174	1290000	18	5000	1900	1624	284	808	892	884	136	88	88	196	240	28	1200
30639398_zpid	30639398_zpid	11208	451 Shepherd Ave, Brooklyn, NY 11208	40.6734269	-73.880323	0.199729510693	8	0.312035184337	3	0.0861722822277	2	5	3	2200	400000	17	1999	1901	692	108	352	392	308	208	144	40	136	248	96	752
29815929_zpid	29815929_zpid	10461	1810 Mulford Ave, Bronx, NY 10461	40.84763	-73.834867	0.19791522929	8	0.484260411292	1	0.213959824282	2	3	2.5	1260	164500	195	2374	1920	90	14	19	14	16	36	24	14	13	13	8	93
30666361_zpid	30666361_zpid	11226	216 E 21st St, Brooklyn, NY 11226	40.649101	-73.9600449	0.177188595754	8	0.343511124792	5	0.294507108354	3	4	3	3507	125000	113	2475	1930	553	82	384	314	368	37	45	20	78	110	18	505
30618559_zpid	30618559_zpid	11211	104 Roebling St, Brooklyn, NY 11211	40.7159342	-73.9558192	0.180623585856	14	0.320855359039	4	0.252112058999	3	4	4	3000	4200000	0	1100	1899	276	748	92	308	100	156	192	88	60	44	68	840
30618559_zpid	30618559_zpid	11211	104 Roebling St, Brooklyn, NY 11211	40.7159342	-73.9558192	0.180623585856	13	0.320855359039	4	0.252112058999	3	4	4	3000	4200000	0	1100	1899	276	748	92	308	100	156	192	88	60	44	68	840
30631354_zpid	30631354_zpid	11207	9 Fanchon Pl, Brooklyn, NY 11207	40.6792796	-73.898656	0.275117082099	3	0.491853198373	2	0.254654523115	9	4	2	2310	552000	118	2753	1910	44	14	28	25	16	30	31	31	17	16	5	94
55540779_zpid	55540779_zpid	10454	596 E 139th St, Bronx, NY 10454	40.806781	-73.915882	0.125740122904	4	0.103071177203	4	0.220859195408	3	5	3	2280	465000	2	1999	2000	764	88	452	544	452	56	52	40	136	144	52	740
30568302_zpid	30568302_zpid	11201	149 Amity St, Brooklyn, NY 11201	40.689297	-73.99555	0.113780050737	16	0.173647270757	4	0.528874526954	4	7	5	3704	4200000	4	1667	1899	55	77	22	66	17	33	67	40	29	10	7	192
29786348_zpid	29786348_zpid	10468	2344 Aqueduct Ave, Bronx, NY 10468	40.86093	-73.9050759	0.196161904447	4	0.14956576594	10	0.298389704222	5	4	3	1624	305500	32	1263	1901	510	70	224	278	282	35	33	15	80	84	50	374
30762985_zpid	30762985_zpid	11234	1587 E 48th St, Brooklyn, NY 11234	40.621911	-73.928855	0.171470095474	8	0.261044988678	2	1.99961207487	0	5	2	1980	390000	21	1800	1899	12	37	2	17	9	38	40	20	19	7	3	140
30613770_zpid	30613770_zpid	11238	181 Saint James Pl, Brooklyn, NY 11238	40.684072	-73.963609	0.13108224774	8	0.13244340824	4	0.274655774629	4	5	3	3200	2530000	10	1667	1899	560	624	364	560	408	184	220	64	192	120	140	876
29841810_zpid	29841810_zpid	10461	2939 Waterbury Ave, Bronx, NY 10461	40.8380667	-73.8300499	0.454828270762	3	0.823973953211	0	0.833873513564	0	3	2	1420	369000	24	1206	1955	14	23	4	12	4	35	33	21	8	3	1	64
30710196_zpid	30710196_zpid	11228	1518 83rd St, Brooklyn, NY 11228	40.612626	-74.007382	0.253706956587	14	0.162880177435	4	0.58049936561	2	2	2	1800	655000	30	2000	1945	7	13	2	13	1	26	35	29	21	6	3	57
30683133_zpid	30683133_zpid	11204	2153 Bay Ridge Ave, Brooklyn, NY 11204	40.612267	-73.984517	0.0808872107243	11	0.126816218708	6	0.227707960231	2	7	3	2640	971000	37	2500	1925	524	108	152	228	228	276	140	116	92	48	24	620
30683133_zpid	30683133_zpid	11204	2153 Bay Ridge Ave, Brooklyn, NY 11204	40.612267	-73.984517	0.0808872107243	12	0.126816218708	6	0.227707960231	2	7	3	2640	971000	37	2500	1925	524	108	152	228	228	276	140	116	92	48	24	620
30722796_zpid	30722796_zpid	11223	1821 W 9th St, Brooklyn, NY 11223	40.602635	-73.9812819	0.178049463369	7	0.374308757615	3	0.163466337398	3	5	3	1932	1060000	1	3000	1925	328	100	168	84	120	300	120	196	96	44	28	392
30722796_zpid	30722796_zpid	11223	1821 W 9th St, Brooklyn, NY 11223	40.602635	-73.9812819	0.178049463369	6	0.374308757615	2	0.163466337398	3	5	3	1932	1060000	1	3000	1925	328	100	168	84	120	300	120	196	96	44	28	392
30638173_zpid	30638173_zpid	11208	268 Cleveland St, Brooklyn, NY 11208	40.678509	-73.885558	0.11469392667	8	0.244578609779	6	0.177887469565	4	4	4	2000	699000	0	2500	1905	47	14	37	46	38	28	22	21	18	30	10	110
30669316_zpid	30669316_zpid	11210	703 E 21st St, Brooklyn, NY 11210	40.636571	-73.957096	0.358476670767	10	0.440734257969	6	0.509006563228	1	7	4	3150	995100	11	5000	1910	40	14	29	26	29	23	7	9	6	7	4	71
30783137_zpid	30783137_zpid	11234	2351 E 73rd St, Brooklyn, NY 11234	40.616688	-73.901111	0.801668892643	0	0.704063678908	1	3.3363840395	0	4	3	2200	799000	0	3000	1960	8	52	8	24	0	16	68	36	52	4	12	184
30580302_zpid	30580302_zpid	11218	1706 11th Ave, Brooklyn, NY 11218	40.655606	-73.978253	0.337482975089	8	0.141981738345	3	0.576003752143	2	7	4	2700	1768100	29	2575	1930	2	12	10	11	5	17	13	16	10	0	2	33
30646598_zpid	30646598_zpid	11207	503 Hegeman Ave, Brooklyn, NY 11207	40.659602	-73.892963	0.655770367276	2	0.214848216938	5	0.538162998929	2	8	4	3	450000	140	2374	1922	174	15	101	93	93	31	45	11	33	49	14	211
30595566_zpid	30595566_zpid	11225	1077 Nostrand Ave, Brooklyn, NY 11225	40.66175	-73.950479	0.0170106339339	7	0.136001202317	5	0.114786819904	3	4	1	3300	600000	32	1523	1925	430	77	167	160	161	43	38	18	40	71	14	299
30619404_zpid	30619404_zpid	11211	168 S 4th St, Brooklyn, NY 11211	40.711107	-73.96133	0.209185754216	13	0.373837892848	5	0.423610465097	1	1	1	3360	475000	69	1449	1910	113	209	81	135	63	25	48	35	36	28	24	273
30599895_zpid	30599895_zpid	11233	366 Bainbridge St, Brooklyn, NY 11233	40.681748	-73.922033	0.44546258519	8	0.365593663099	2	0.337857867338	2	2	1	1000	675000	119	1800	1901	192	56	127	153	120	28	27	13	58	85	26	250
30599868_zpid	30599868_zpid	11233	599 Bainbridge St, Brooklyn, NY 11233	40.683234	-73.913148	0.150440561421	6	0.16335740626	4	0.230398058581	4	4	4.5	2430	368000	24	2400	1901	162	36	131	123	93	17	30	9	43	64	12	182
30739729_zpid	30739729_zpid	11235	741 Desmond Ct, Brooklyn, NY 11235	40.5909502	-73.9614104	0.350825887316	9	0.77152405761	0	0.712561946117	1	4	3	1296	500000	109	1800	1945	34	10	7	12	11	35	24	21	15	4	2	46
29788891_zpid	29788891_zpid	10467	3262 Decatur Ave, Bronx, NY 10467	40.8755949	-73.873882	0.120914681829	10	0.341801767704	4	0.364119787374	4	6	4	2395	399000	47	2395	1925	481	58	126	157	159	50	26	25	54	44	23	241
30787783_zpid	30787783_zpid	11234	400 Mayfair Dr S, Brooklyn, NY 11234	40.607697	-73.906166	1.06733237231	0	1.0970556364	0	4.30845537327	0	4	3	1959	745000	23	4600	1960	2	1	0	6	0	2	8	3	9	2	1	21
30623100_zpid	30623100_zpid	11211	532 Lorimer St, Brooklyn, NY 11211	40.7128642	-73.9489586	0.154455744442	13	0.162366180871	6	0.12838889317	4	4	3	2790	2000000	14	2500	1901	54	133	35	64	34	33	51	15	21	12	16	196
30732691_zpid	30732691_zpid	11224	2792 W 15th St, Brooklyn, NY 11224	40.579422	-73.983322	0.301839458248	2	0.398281016679	3	0.28418960328	2	8	2	2262	590000	1	1280	1920	200	32	76	108	88	60	108	52	40	64	16	292
30635560_zpid	30635560_zpid	11207	552 Pennsylvania Ave, Brooklyn, NY 11207	40.663683	-73.894138	0.275792273988	3	0.108882508911	8	0.123761465494	5	8	2.5	2400	65000	251	2383	1910	262	17	151	143	163	34	47	14	44	69	19	280
29794448_zpid	29794448_zpid	10472	1038 Metcalf Ave, Bronx, NY 10472	40.825867	-73.871534	0.251081066302	8	0.398784135827	4	0.483266036486	3	4	2	1800	525000	97	1511	1930	166	42	79	93	89	31	17	2	33	30	16	139
29846900_zpid	29846900_zpid	10465	283 Prentiss Ave, Bronx, NY 10465	40.8207763	-73.81031	0.152177892094	4	0.653143388278	1	3.37713286121	0	3	1	1400	350200	48	4051	1945	19	11	3	7	3	11	13	12	13	3	4	45
89070356_zpid	89070356_zpid	10459	1246 Rev James A Polite Ave, Bronx, NY 10459	40.8284065	-73.8964674	0.443642874114	7	0.374897370972	7	0.435198636902	3	7	5	3064	263000	51	1742	2003	199	74	103	135	105	30	23	6	28	46	27	184
