30586008_zpid	30586008_zpid	11215	181 15th St, Brooklyn, NY 11215	40.6661811	-73.9902597	0.129616132574	16	0.272497627052	4	0.236530956771	3	2	1	1675	1775000	25	2500	1850	348	292	116	276	112	168	252	64	136	84	68	844
30586008_zpid	30586008_zpid	11215	181 15th St, Brooklyn, NY 11215	40.6661811	-73.9902597	0.129616132574	16	0.272497627052	5	0.236530956771	3	2	1	1675	1775000	25	2500	1850	348	292	116	276	112	168	252	64	136	84	68	844
29832155_zpid	29832155_zpid	10466	766 E 229th St, Bronx, NY 10466	40.88965	-73.856633	0.270883963531	7	0.395566007425	3	0.36085701186	2	4	2.5	1966	365000	13	2746	1960	264	21	116	117	101	94	34	7	44	53	21	218
30668202_zpid	30668202_zpid	11226	462 Rugby Rd, Brooklyn, NY 11226	40.63818	-73.965056	0.308909833095	9	0.370909975328	7	0.321239459139	3	7	2.5	2509	1689000	2	3998	1905	86	28	40	37	35	20	15	11	15	10	2	87
30673564_zpid	30673564_zpid	11218	1426 35th St, Brooklyn, NY 11218	40.640895	-73.981177	0.142414989365	9	0.210011406109	10	0.372397392007	2	8	5	3000	710000	22	2003	1910	312	112	160	200	132	260	260	224	68	52	28	776
30673564_zpid	30673564_zpid	11218	1426 35th St, Brooklyn, NY 11218	40.640895	-73.981177	0.142414989365	9	0.210011406109	9	0.372397392007	2	8	5	3000	710000	22	2003	1910	312	112	160	200	132	260	260	224	68	52	28	776
29792287_zpid	29792287_zpid	10473	1756 Seward Ave, Bronx, NY 10473	40.818703	-73.8648885	0.239777662184	3	0.385855801821	2	1.44398013467	0	7	3	3680	437000	126	2178	1940	62	13	23	18	20	22	18	7	25	10	5	86
30631254_zpid	30631254_zpid	11207	78 Aberdeen St, Brooklyn, NY 11207	40.6828969	-73.904751	0.130142813808	3	0.382209839148	2	0.0725818606531	7	4	3.5	2271	999900	9	1683	1905	196	76	180	220	160	44	64	56	56	76	28	436
30682104_zpid	30682104_zpid	11204	2039 66th St, Brooklyn, NY 11204	40.615453	-73.985272	0.226424978187	12	0.3433024611	7	0.218841743569	3	4	2	1	685000	69	2300	1915	89	15	34	50	44	60	38	40	26	10	5	141
30633996_zpid	30633996_zpid	11207	92 Bradford St, Brooklyn, NY 11207	40.67725	-73.893666	0.250560034594	6	0.255471118807	4	0.182805002742	4	8	3	2328	143000	319	3325	1901	120	38	82	103	58	86	49	51	43	41	16	201
29815875_zpid	29815875_zpid	10461	1824 Hutchinson River Pkwy, Bronx, NY 10461	40.848828	-73.835257	0.289282087896	8	0.438383348483	1	0.318902262482	2	2	2	1260	50000	262	2375	1950	70	13	19	14	15	26	18	12	10	12	7	76
30792595_zpid	30792595_zpid	11235	2815 Bragg St, Brooklyn, NY 11235	40.585319	-73.932942	0.725645160412	1	0.82713055883	0	1.80190321067	0	7	5	3000	830000	7	1306800	1970	52	12	22	29	28	27	17	8	22	9	1	78
30600115_zpid	30600115_zpid	11233	247 Ralph Ave, Brooklyn, NY 11233	40.6810601	-73.9221033	0.480749747892	4	0.294439932622	1	0.263173140314	2	4	2	3300	680000	26	1500	1910	187	52	119	151	114	28	26	14	55	79	24	244
29854149_zpid	29854149_zpid	10471	1 Blackstone Pl, Bronx, NY 10471	40.8929789	-73.910764	0.687591019966	3	0.849547960657	0	1.10620578268	0	7	5.5	3670	2875000	10	13503.6	1904	18	5	2	4	1	2	37	3	7	0	1	18
30788356_zpid	30788356_zpid	11234	2260 E 64th St, Brooklyn, NY 11234	40.613594	-73.909623	0.375240894264	3	0.406164448974	1	3.73835253468	0	3	1	983	700000	18	5175	1950	0	28	12	20	8	44	24	20	44	0	0	144
30649843_zpid	30649843_zpid	11208	513 Atkins Ave, Brooklyn, NY 11208	40.66625	-73.875517	0.379644353046	6	0.475608462265	5	0.692312706201	1	5	3	1920	359000	60	2800	1910	72	10	64	68	58	27	38	8	18	30	15	125
30701146_zpid	30701146_zpid	11228	110 Parrott Pl, Brooklyn, NY 11228	40.615812	-74.023725	0.384544897648	7	0.559553266086	3	0.636149216871	1	4	2.5	2723	781500	33	2877	1925	2	0	3	5	1	6	18	8	5	0	1	18
111025561_zpid	111025561_zpid	11207	33A Granite St # A, Brooklyn, NY 11207	40.682755	-73.907937	0.0913040910099	4	0.113656874795	3	0.213200310913	7	4	2.5	2700	350000	49	2613	2011	80	20	64	90	58	15	25	16	14	30	13	141
29796644_zpid	29796644_zpid	10472	2053 Watson Ave, Bronx, NY 10472	40.829405	-73.854684	0.1394895753	11	0.452684064654	5	0.597654746365	2	3	1	3500	540000	24	3726	1935	87	19	57	60	42	47	31	7	53	21	9	101
30782119_zpid	30782119_zpid	11234	2043 E 68th St, Brooklyn, NY 11234	40.619371	-73.910409	0.211223762056	5	0.251848199855	1	3.12201503235	0	3	1.5	1750	499000	8	2300	1960	60	16	36	60	24	80	92	32	88	8	24	272
30601778_zpid	30601778_zpid	11233	19 Jardine Pl, Brooklyn, NY 11233	40.676401	-73.904881	0.498178389723	4	0.485798614198	2	0.187207876124	9	5	3	2295	650000	14	1706	1920	98	11	63	93	64	22	20	14	27	41	16	99
30609799_zpid	30609799_zpid	11216	348 Putnam Ave, Brooklyn, NY 11216	40.684068	-73.947442	0.232261941883	12	0.197521365134	8	0.4335621367	4	6	4	2582	1165000	21	1700	1901	226	92	127	166	117	32	46	21	62	71	30	290
30636566_zpid	30636566_zpid	11207	32 Sunnyside Ct, Brooklyn, NY 11207	40.6831729	-73.889739	0.495710963485	4	0.41089522324	4	0.560639420933	2	5	3	2000	595000	18	1600	1901	52	26	34	33	28	38	27	19	27	10	6	74
30719214_zpid	30719214_zpid	11204	1556 W 9th St, Brooklyn, NY 11204	40.608887	-73.983054	0.15396481485	14	0.245294237611	7	0.34785261365	2	3	1.5	1372	570000	39	2395	1925	80	23	31	37	47	63	20	29	16	8	5	103
30613494_zpid	30613494_zpid	11238	408 Classon Ave, Brooklyn, NY 11238	40.686162	-73.959733	0.420632790105	11	0.415681156322	7	0.303124859129	5	7	3	2930	650000	63	1296	1899	123	136	77	100	61	28	45	16	45	17	36	156
29783419_zpid	29783419_zpid	10459	815 Freeman St, Bronx, NY 10459	40.8304998	-73.8975831	0.295940898642	5	0.314093808462	9	0.48564836309	1	9	3	2805	349000	40	2787	1901	163	80	81	105	86	21	16	4	22	41	18	147
30603193_zpid	30603193_zpid	11221	124 Malcolm X Blvd, Brooklyn, NY 11221	40.689437	-73.930632	0.357717998484	9	0.322887361619	4	0.460991666335	2	5	4	2598	999000	24	1540	1900	220	59	109	162	131	60	36	18	38	68	39	279
30791059_zpid	30791059_zpid	11235	166 Girard St, Brooklyn, NY 11235	40.578524	-73.945822	0.59324761944	3	1.07774430678	0	1.16828263998	0	4	4	1870	980000	142	4000	2005	72	24	12	32	20	24	100	36	80	4	4	124
30728195_zpid	30728195_zpid	11223	2193 Coney Island Ave, Brooklyn, NY 11223	40.603663	-73.961236	0.452945252993	9	0.239114164051	5	0.628358231207	2	9	6	3120	810000	40	2483	1932	53	13	17	27	16	24	15	7	16	7	3	72
30581975_zpid	30581975_zpid	11217	105 6th Ave, Brooklyn, NY 11217	40.678904	-73.975223	0.137940313517	18	0.319293892708	6	0.214549690043	8	5	4	3368	2995000	0	1892	1920	65	114	21	39	26	30	57	60	40	11	30	146
30728137_zpid	30728137_zpid	11229	3015 Avenue R, Brooklyn, NY 11229	40.609333	-73.941157	0.438263388849	3	0.552381636949	1	1.4096956674	0	4	2	1720	900000	2	3600	1925	15	6	9	17	7	10	15	16	12	2	2	46
30631359_zpid	30631359_zpid	11207	2 Marginal St W, Brooklyn, NY 11207	40.6793313	-73.8981511	0.272471813709	3	0.449050592749	2	0.263847938534	9	5	4	2040	420000	23	1140	1910	220	52	156	140	100	124	116	112	80	68	24	428
30707290_zpid	30707290_zpid	11214	1734 77th St, Brooklyn, NY 11214	40.6129589	-73.998879	0.112243559866	12	0.196321162239	7	0.158237026331	3	3	3	2420	800000	18	2000	1930	53	6	16	26	9	23	31	26	17	9	7	104
2099665207_zpid	2099665207_zpid	11234	2049 East 68th Street, Brooklyn, NY 11234	40.61925	-73.910273	0.198754755259	5	0.235393936337	1	3.1324902969	0	3	2	1224	569000	0	1800	1960	15	7	9	15	6	20	23	10	22	2	6	71
29827401_zpid	29827401_zpid	10467	850 E 222nd St, Bronx, NY 10467	40.883889	-73.856878	0.229615822755	6	0.450880594599	2	0.491198733602	2	6	1	2440	490000	110	2613	1925	77	4	42	56	41	45	8	1	17	28	4	78
30771270_zpid	30771270_zpid	11236	1226 E 86th St, Brooklyn, NY 11236	40.632761	-73.90304	0.556656332882	2	0.586567429969	2	1.54982499929	0	6	5	2480	650000	0	2633	1955	224	56	88	104	36	248	104	44	104	28	32	304
30598073_zpid	30598073_zpid	11233	2065 Pacific St, Brooklyn, NY 11233	40.676197	-73.919009	0.0232191731156	1	0.494811755023	4	0.353232933109	2	1	1	1800	333900	53	2000	1901	179	17	100	104	72	35	31	15	53	41	30	182
30681571_zpid	30681571_zpid	11204	1720 64th St, Brooklyn, NY 11204	40.620584	-73.991457	0.373110082917	4	0.253511283935	5	0.0886594709862	4	4	2	1296	965000	16	1799	1945	53	19	27	48	14	46	47	100	20	10	8	131
30657031_zpid	30657031_zpid	11225	16 Tampa Ct, Brooklyn, NY 11225	40.6606712	-73.9460182	0.32522432435	5	0.297717763903	7	0.468631687647	2	3	2	960	442000	18	1300	1930	265	49	103	106	111	38	25	12	25	37	9	171
30573591_zpid	30573591_zpid	11215	149 17th St, Brooklyn, NY 11215	40.665898	-73.994413	0.154942552103	11	0.61202645874	2	0.140833594024	3	7	4	3000	1100000	0	2121	1899	35	37	11	24	17	17	42	8	21	10	6	120
30633900_zpid	30633900_zpid	11207	88 Miller Ave, Brooklyn, NY 11207	40.679175	-73.893178	0.0334223975989	4	0.0427035852311	3	0.203707228061	5	5	3	2500	410000	10	2500	1900	103	39	69	83	58	75	49	42	40	33	11	163
29812477_zpid	29812477_zpid	10460	1734 Van Buren St, Bronx, NY 10460	40.842071	-73.8707189	0.0964442746575	6	0.711734453693	2	0.234030628767	1	4	3	1344	560000	108	2500	1910	171	20	46	54	62	43	17	13	30	34	25	124
79716917_zpid	79716917_zpid	11208	529 Milford St, Brooklyn, NY 11208	40.6662765	-73.8735174	0.29750342835	5	0.315701769485	5	0.861135200994	0	2	1	3087	400000	30	3400	2006	53	8	51	45	35	24	34	8	14	16	6	109
29845230_zpid	29845230_zpid	10465	571 Logan Ave, Bronx, NY 10465	40.824765	-73.8184969	0.522404293786	1	0.468662630093	2	2.60263973286	0	4	3	1998	531000	2	2800	1960	13	17	6	15	5	12	18	20	14	0	5	60
30573185_zpid	30573185_zpid	11231	194 W 9th St, Brooklyn, NY 11231	40.674762	-73.998557	0.126858399351	8	0.477274058972	1	0.109994926263	1	10	2	2160	90500	321	1875	1901	20	25	6	10	6	14	37	8	11	3	6	89
30612457_zpid	30612457_zpid	11205	225 Skillman St, Brooklyn, NY 11205	40.691484	-73.956206	0.093670383273	9	0.064272891875	5	0.42469943196	2	5	3	2112	900000	11	1600	1901	144	83	38	63	36	32	45	32	26	14	22	168
30622134_zpid	30622134_zpid	11222	592 Humboldt St, Brooklyn, NY 11222	40.722156	-73.944577	0.122223669754	13	0.110450547198	1	0.6290155761	1	4	2	2264	1385000	20	1700	1910	31	55	17	49	12	14	36	22	25	8	12	168
30592732_zpid	30592732_zpid	11216	181 Rogers Ave # A, Brooklyn, NY 11216	40.671131	-73.952878	0.228654920706	13	0.255846622469	3	0.235278248089	5	3	2	2673	400500	16	1520	1910	220	60	115	130	124	19	33	8	32	45	29	193
30629468_zpid	30629468_zpid	11221	223 Weirfield St, Brooklyn, NY 11221	40.691741	-73.910848	0.218603281709	10	0.626731089121	2	0.662918593342	2	10	9	4400	1210000	4	2200	1886	109	22	86	105	82	33	25	7	43	51	26	145
30656712_zpid	30656712_zpid	11203	950 E 49th St, Brooklyn, NY 11203	40.63817	-73.930232	0.369811476051	8	1.09588221694	0	1.54859612773	0	3	2	2035	430000	17	2033	1940	38	9	10	20	13	36	30	10	18	10	5	93
29815485_zpid	29815485_zpid	10461	1726 Libby Pl, Bronx, NY 10461	40.8465419	-73.8357767	0.277910341002	7	0.62302545469	1	0.271761017457	2	5	2	1672	244500	151	2705	1920	96	11	21	13	13	26	22	11	14	13	7	78
30568226_zpid	30568226_zpid	11201	136 Atlantic Ave, Brooklyn, NY 11201	40.6902919	-73.9953682	0.0203913603947	16	0.109201214821	4	0.499199750962	6	9	5	4620	3800000	10	1686	1931	62	97	28	68	17	32	75	49	36	12	6	215
30692937_zpid	30692937_zpid	11209	76 Mackay Pl, Brooklyn, NY 11209	40.636201	-74.033192	0.215515520723	8	0.491023183819	2	0.84044095219	0	3	1.5	1462	620000	63	1806	1935	110	7	11	22	14	33	21	87	18	3	1	64
30710814_zpid	30710814_zpid	11214	1684 84th St, Brooklyn, NY 11214	40.609934	-74.0041169	0.143782750192	9	0.280084968657	8	0.298441765566	2	5	3	3000	757000	35	2600	1899	53	11	24	26	9	23	33	29	25	8	7	112
29833717_zpid	29833717_zpid	10466	1022 E 231st St, Bronx, NY 10466	40.888742	-73.84858	0.204979319715	7	0.141005463466	3	0.897530622786	0	3	2	1485	390000	8	1981	1955	51	14	29	19	14	74	19	5	30	13	10	79
30606965_zpid	30606965_zpid	11206	57 Vernon Ave, Brooklyn, NY 11206	40.694776	-73.9498459	0.152665958749	8	0.467650206892	8	0.106152233052	3	4	2	2952	550000	6	1800	1910	79	26	55	93	42	36	17	18	27	22	19	125
30653405_zpid	30653405_zpid	11203	937 Schenectady Ave, Brooklyn, NY 11203	40.650325	-73.932852	0.119276123716	4	0.14496270221	3	1.41356281876	0	4	1	1920	305000	20	1958	1920	164	12	76	65	75	45	28	4	32	33	13	170
30766165_zpid	30766165_zpid	11236	8525 Coventry Rd, Brooklyn, NY 11236	40.646794	-73.919506	0.342375856316	3	0.906749333387	0	1.49135292193	0	3	2	1720	310000	33	2112	1920	9	2	9	11	7	16	13	3	5	6	4	41
30783150_zpid	30783150_zpid	11234	2330 E 74th St, Brooklyn, NY 11234	40.6171783	-73.901161	0.793318284625	0	0.69719110096	1	3.28173616515	0	9	6	7485	1550000	35	9000	1965	2	13	2	6	0	5	17	9	14	1	3	47
29811966_zpid	29811966_zpid	10462	1666 Castle Hill Ave, Bronx, NY 10462	40.8395765	-73.8524891	0.366935011732	12	0.352157390352	8	0.573694450173	2	8	3.5	3720	755000	108	1781	1901	104	15	26	37	27	30	20	11	26	12	4	83
30746248_zpid	30746248_zpid	11229	2214 E 28th St, Brooklyn, NY 11229	40.59766	-73.94361	0.166873451235	7	0.263664403129	2	1.01266767823	0	3	3	1632	767432	0	1600	1940	17	16	9	11	9	18	36	25	20	3	5	101
29845711_zpid	29845711_zpid	10465	3183 Barkley Ave, Bronx, NY 10465	40.833574	-73.82078	0.141468014452	4	0.179949344887	2	1.7393019625	0	4	2.5	1690	365000	20	1842	1960	7	6	9	12	8	15	29	27	14	4	4	43
30789908_zpid	30789908_zpid	11235	10 Brighton 10th Ct, Brooklyn, NY 11235	40.581429	-73.9590937	0.227628549612	13	0.0580774598475	5	0.457882615332	2	3	3	1988	140000	271	1800	1920	236	53	69	93	51	84	53	31	50	31	27	247
30737784_zpid	30737784_zpid	11223	2412 Mcdonald Ave, Brooklyn, NY 11223	40.593124	-73.974134	0.41415087754	4	0.377427447256	2	0.33369533541	4	6	2	1582	780000	0	2788	1910	34	14	12	26	7	45	29	40	21	4	7	118
30603231_zpid	30603231_zpid	11221	740 Lexington Ave, Brooklyn, NY 11221	40.689888	-73.929533	0.25855707207	9	0.372303324123	3	0.389257427626	2	5	2.5	2142	711040	3	1700	1901	784	244	420	592	468	212	144	64	156	260	152	1140
79712989_zpid	79712989_zpid	11226	2519 Snyder Ave, Brooklyn, NY 11226	40.6489369	-73.953389	0.379990748745	10	0.220666028639	6	0.385729791682	2	2	1	3268	780000	123	2042	2005	401	52	175	158	172	86	38	15	53	66	26	295
68313921_zpid	68313921_zpid	11212	442 Blake Ave, Brooklyn, NY 11212	40.666441	-73.9025489	0.414795012433	5	0.0303510356325	13	0.31535649507	5	4	2	2754	510000	123	1750	2005	21	5	8	12	6	5	10	0	6	8	7	40
30748315_zpid	30748315_zpid	11235	2458 E 28th St, Brooklyn, NY 11235	40.59214	-73.942575	0.166240674595	13	0.254826106815	3	1.11866511784	0	5	4	1652	813000	9	2000	1940	52	15	16	12	8	22	23	27	20	2	1	62
79723492_zpid	79723492_zpid	11212	122 Livonia Ave, Brooklyn, NY 11212	40.661739	-73.913383	0.396445978398	8	0.148757672026	7	0.250632787895	2	5	3	2250	377000	39	1009	2005	174	11	132	83	68	42	41	14	37	24	16	163
30645303_zpid	30645303_zpid	11208	231 Fountain Ave, Brooklyn, NY 11208	40.674373	-73.874827	0.193932203563	8	0.174080974564	5	0.255470698945	2	5	2	2040	430000	2	2000	1940	176	19	98	110	85	56	42	6	32	55	19	197
30724309_zpid	30724309_zpid	11230	966 E 14th St, Brooklyn, NY 11230	40.625835	-73.962746	0.134307141992	5	0.101522632241	4	0.178276669125	2	4	1.5	1824	235000	303	3001	1915	103	23	48	55	63	49	30	34	16	19	7	149
83046708_zpid	83046708_zpid	11221	264 Kosciuszko St, Brooklyn, NY 11221	40.691207	-73.9441219	0.271748094482	10	0.212864742777	4	0.631548275338	2	2	1	4013	717000	121	827640	2005	111	37	49	90	59	17	22	7	17	30	15	141
30733258_zpid	30733258_zpid	11224	2832 W 25th St, Brooklyn, NY 11224	40.57739	-73.992792	0.549082389349	1	0.305468664091	4	0.977322902918	0	2	1.5	1120	118500	313	1663	1989	62	17	38	36	27	3	15	3	17	17	6	92
30697423_zpid	30697423_zpid	11209	359 80th St, Brooklyn, NY 11209	40.6275989	-74.027354	0.199475924671	16	0.405432318292	2	0.284931486885	2	6	2	2040	955000	5	2500	1925	84	58	38	31	20	54	54	47	16	20	7	172
30656972_zpid	30656972_zpid	11225	10 Palm Ct, Brooklyn, NY 11225	40.6607804	-73.9465946	0.35489472303	5	0.331736270198	7	0.420486630375	2	3	2	1002	250000	49	1306	1930	283	52	108	120	117	39	30	14	26	43	12	201
30743255_zpid	30743255_zpid	11229	2132 E 21st St, Brooklyn, NY 11229	40.600547	-73.950872	0.196108410159	3	0.31321243744	7	0.449403273732	2	3	2.5	1456	570000	95	2000	1930	103	31	32	32	49	74	54	18	21	14	8	166
30786475_zpid	30786475_zpid	11234	2165 E 36th St, Brooklyn, NY 11234	40.607089	-73.92797	0.451368942768	1	0.829312815147	0	2.51708417583	0	3	2	1520	517500	104	3125	1920	1	6	2	2	1	13	16	13	14	0	2	36
30770409_zpid	30770409_zpid	11236	1120 E 84th St, Brooklyn, NY 11236	40.633502	-73.906419	0.519936595708	7	0.579568604864	2	1.51408994728	0	7	5	2900	625000	31	1871	2013	49	8	17	27	10	78	27	11	27	9	9	79
30658038_zpid	30658038_zpid	11203	11 E 40th St, Brooklyn, NY 11203	40.655671	-73.940201	0.530248173939	2	0.776924605747	0	0.844491763399	0	3	2	1808	449000	18	1808	1940	75	9	41	38	22	59	28	19	20	27	6	96
30642862_zpid	30642862_zpid	11208	444 Ridgewood Ave, Brooklyn, NY 11208	40.685246	-73.8724019	0.194611053588	5	0.117717753439	4	0.256536139675	2	4	3	2508	463500	11	1742	1920	108	41	67	97	54	76	42	16	68	48	8	218
30634144_zpid	30634144_zpid	11212	297 Mother Gaston Blvd, Brooklyn, NY 11212	40.672057	-73.907136	0.270685611986	7	0.26947538243	6	0.500254876219	4	6	2	1530	104000	16	1783	1901	78	8	25	29	30	5	16	5	8	12	14	93
30645308_zpid	30645308_zpid	11208	221 Fountain Ave, Brooklyn, NY 11208	40.674601	-73.874882	0.206935606759	8	0.169938616892	5	0.249781756491	2	5	3	1500	452400	12	1700	1935	704	76	384	448	328	228	180	28	148	220	68	784
30601691_zpid	30601691_zpid	11233	1350 Herkimer St, Brooklyn, NY 11233	40.677188	-73.908868	0.157799517788	5	0.143031719018	3	0.21656606618	8	6	2	3400	950000	0	1600	1910	204	24	139	170	115	41	34	21	54	73	28	199
29788885_zpid	29788885_zpid	10467	366 E 207th St, Bronx, NY 10467	40.87469	-73.874397	0.215652243683	11	0.389790358252	4	0.375486399739	4	6	3	2384	345438	12	2525	1901	351	52	95	105	109	48	24	26	43	33	17	197
30788118_zpid	30788118_zpid	11234	353 Mayfair Dr S, Brooklyn, NY 11234	40.6082449	-73.904049	1.0825624905	0	1.09900338515	0	4.2797159544	0	5	5	2437	1399000	0	5501	1960	0	1	0	5	0	0	7	1	7	2	0	12
29847135_zpid	29847135_zpid	10465	145 Prentiss Ave, Bronx, NY 10465	40.816136	-73.8080279	0.594780976442	1	0.907089462798	0	3.89955794883	0	3	2	1476	370000	0	4116	1925	3	7	3	4	1	6	19	10	10	3	4	42
30607062_zpid	30607062_zpid	11206	237 Vernon Ave, Brooklyn, NY 11206	40.695657	-73.9421909	0.0744352837861	10	0.0810483713499	4	0.520225916446	3	3	2	1200	960000	18	1783	1901	114	44	60	95	55	53	22	36	19	36	25	170
30769610_zpid	30769610_zpid	11236	12 Paerdegat 1st St, Brooklyn, NY 11236	40.632153	-73.912653	0.281754174098	5	0.349004546903	4	1.85432735816	0	3	2	1440	191500	210	2500	1970	17	3	13	8	5	26	21	2	20	4	2	42
30788277_zpid	30788277_zpid	11234	285 Mayfair Dr N, Brooklyn, NY 11234	40.610907	-73.904003	0.829595495918	0	0.840084348443	0	3.9834929498	0	4	4	3970	1599000	0	5883	1965	0	9	1	5	0	3	12	3	8	2	1	29
30647308_zpid	30647308_zpid	11208	738 Shepherd Ave, Brooklyn, NY 11208	40.666222	-73.878324	0.174596164052	6	0.324390981576	4	0.455358052674	1	2	1	1000	410000	58	2178	1910	92	9	76	74	55	25	38	9	23	30	16	145
30656732_zpid	30656732_zpid	11203	961 E 48th St, Brooklyn, NY 11203	40.637863	-73.930566	0.34828771855	8	1.10339468295	0	1.5254985927	0	4	2	1488	499000	0	2000	1930	28	9	10	16	10	35	29	10	17	9	5	88
30623953_zpid	30623953_zpid	11211	267 Withers St, Brooklyn, NY 11211	40.717873	-73.940917	0.180243985445	8	0.49905801868	3	0.453449826131	2	4	2	2100	1550000	2	2079	1920	52	464	28	120	56	88	84	20	80	32	72	384
30785747_zpid	30785747_zpid	11234	2062 E 35th St, Brooklyn, NY 11234	40.6079719	-73.9309959	0.320061492953	3	0.792976863134	0	2.26788027667	0	3	3	1648	590000	120	2008	1930	4	36	16	4	8	44	76	76	72	0	8	128
30721303_zpid	30721303_zpid	11223	1719 Stillwell Ave, Brooklyn, NY 11223	40.604576	-73.986403	0.188418482507	10	0.588328964707	5	0.516464953729	2	4	3	1989	1049000	0	1883	1955	26	14	6	8	7	36	14	19	8	3	1	39
89069537_zpid	89069537_zpid	11201	133 Water St, Brooklyn, NY 11201	40.7033228	-73.988947	0.0843798408635	7	0.714412963587	1	0.283379240358	3	1	1	1100	14640000	127	10018	2006	12	188	12	64	0	84	108	76	28	12	16	304
30597482_zpid	30597482_zpid	11213	1703 Carroll St, Brooklyn, NY 11213	40.666267	-73.929261	0.206433790873	15	0.198178820623	9	0.426985989887	2	2	1	3136	450000	28	3015	1923	379	42	190	164	164	35	25	13	29	73	33	252
29793932_zpid	29793932_zpid	10473	2250 Hermany Ave, Bronx, NY 10473	40.824746	-73.847341	0.409991295751	3	0.507847874341	2	1.12248576387	0	4	3	2800	375000	19	2575	1960	20	12	13	7	5	23	11	4	9	4	6	44
