30592977_zpid	30592977_zpid	11213	1166 Saint Johns Pl, Brooklyn, NY 11213	40.6708039	-73.939786	0.143715263418	9	0.176415171991	5	0.279221081201	2	6	4	5100	1430000	9	3000	1910	1372	284	528	628	608	180	188	68	152	260	144	1184
30592977_zpid	30592977_zpid	11213	1166 Saint Johns Pl, Brooklyn, NY 11213	40.6708039	-73.939786	0.143715263418	10	0.176415171991	5	0.279221081201	2	6	4	5100	1430000	9	3000	1910	1372	284	528	628	608	180	188	68	152	260	144	1184
29826885_zpid	29826885_zpid	10467	732 E 220th St, Bronx, NY 10467	40.883669	-73.861373	0.148246415775	5	0.353288333301	2	0.114447750032	2	6	2	3716	190000	241	5710	1910	620	44	320	420	364	288	68	16	120	196	40	664
30567661_zpid	30567661_zpid	11201	44 Grace Ct, Brooklyn, NY 11201	40.694006	-73.9973274	0.108447843895	14	0.487054506034	4	0.525832220608	4	8	4	5500	2887500	168	1970	1915	55	86	21	28	15	13	57	36	24	9	12	158
30595511_zpid	30595511_zpid	11225	349 Lincoln Rd, Brooklyn, NY 11225	40.66176	-73.951245	0.0505438821519	8	0.143601643014	6	0.114291226033	3	3	3.5	2080	1350000	2	2050	1905	391	79	163	144	160	40	37	16	40	70	14	282
30782367_zpid	30782367_zpid	11234	2034 E 74th St, Brooklyn, NY 11234	40.622046	-73.9066069	0.607698050077	1	0.585225806672	1	2.76866857526	0	2	2	1200	404000	21	2000	1925	18	2	8	9	6	25	14	9	17	2	2	47
30765313_zpid	30765313_zpid	11234	1789 E 48th St, Brooklyn, NY 11234	40.616921	-73.92832	0.179419541418	6	0.772133139945	0	2.40912119824	0	3	1	1728	395000	9	1850	1930	68	212	24	40	28	136	132	88	52	24	16	544
30763261_zpid	30763261_zpid	11234	1443 E 53rd St, Brooklyn, NY 11234	40.623317	-73.924074	0.158236508976	13	0.252299323364	1	2.25557492043	0	3	2	868	429000	0	1800	1960	8	16	8	9	10	41	28	17	22	8	7	107
83046480_zpid	83046480_zpid	11216	245 Tompkins Ave, Brooklyn, NY 11216	40.6908027	-73.945243	0.269720561081	10	0.317207067593	5	0.544811409548	2	6	6	3660	1495000	0	1250	2006	260	92	104	168	136	48	44	20	60	80	56	256
30665387_zpid	30665387_zpid	11225	159 Winthrop St, Brooklyn, NY 11225	40.65703	-73.954815	0.1342776703	12	0.270524583785	8	0.40708674718	3	2	1	1938	1325000	14	5300	1901	976	216	520	416	324	108	132	64	176	168	24	660
30665387_zpid	30665387_zpid	11225	159 Winthrop St, Brooklyn, NY 11225	40.65703	-73.954815	0.1342776703	13	0.270524583785	7	0.40708674718	3	2	1	1938	1325000	14	5300	1901	976	216	520	416	324	108	132	64	176	168	24	660
30655583_zpid	30655583_zpid	11236	624 E 96th St, Brooklyn, NY 11236	40.653182	-73.913133	0.360433194898	7	0.554936545589	1	0.959419835938	0	3	2	1776	450000	116	1776	1945	44	4	15	23	22	32	14	6	5	9	3	66
30586351_zpid	30586351_zpid	11215	169 Prospect Ave, Brooklyn, NY 11215	40.6660018	-73.9932877	0.110311068879	11	0.517500010707	1	0.074253912008	4	4	3	1800	998400	16	1225	1899	51	51	15	35	17	22	48	10	22	13	8	145
30779563_zpid	30779563_zpid	11236	1458 E 104th St, Brooklyn, NY 11236	40.637623	-73.8853029	0.507335857844	5	0.579672334979	2	1.72170430389	0	3	2	1584	370000	140	2200	1960	64	16	48	44	8	28	28	16	52	8	8	128
30580209_zpid	30580209_zpid	11215	536 17th St, Brooklyn, NY 11215	40.657348	-73.981242	0.165428444242	12	0.236991745037	6	0.38438537059	1	3	2	2400	1300000	75	2003	1910	29	29	15	21	15	22	18	11	16	2	7	57
30605385_zpid	30605385_zpid	11233	410 Macon St, Brooklyn, NY 11233	40.682588	-73.934422	0.207175781631	10	0.234079262385	5	0.475393893931	2	6	2.5	2560	1400000	26	2000	1899	82	49	63	79	50	5	21	4	24	20	16	114
30776895_zpid	30776895_zpid	11236	10525 Flatlands 4th St, Brooklyn, NY 11236	40.643771	-73.8892879	0.541491251176	2	0.506241035194	3	1.10852561805	0	5	3	2200	593600	83	2200	1960	160	12	48	56	48	68	44	12	52	36	28	192
30749448_zpid	30749448_zpid	11235	2530 E 28th St, Brooklyn, NY 11235	40.590684	-73.942299	0.254866547747	11	0.236695841367	3	1.08735096063	0	3	2	1554	500000	41	2000	1955	57	17	16	17	9	30	25	38	26	2	4	80
30634097_zpid	30634097_zpid	11207	204 New Jersey Ave, Brooklyn, NY 11207	40.6746604	-73.8957016	0.204326864537	7	0.280454112009	5	0.0726646069191	6	6	3	2532	570000	8	1000	1901	84	20	72	94	70	67	40	35	26	35	19	202
30615736_zpid	30615736_zpid	11205	322 Carlton Ave, Brooklyn, NY 11205	40.687956	-73.972132	0.166362912032	10	0.370703552538	3	0.228950189239	9	4	3	4075	3480000	23	1900	1899	24	30	5	20	3	15	19	5	13	5	4	61
30776753_zpid	30776753_zpid	11236	1115 E 104th St, Brooklyn, NY 11236	40.643559	-73.891143	0.516509417998	4	0.480690712745	4	0.967768441127	0	6	2	1820	190000	170	20	1960	180	20	76	84	52	104	56	20	48	44	28	264
29834794_zpid	29834794_zpid	10466	3867 Amundson Ave, Bronx, NY 10466	40.888433	-73.835569	0.4773550563	2	0.377411041819	4	0.398753711129	1	4	2.5	1701	425000	100	18295.2	1957	40	6	16	23	4	44	23	15	26	8	3	63
64473412_zpid	64473412_zpid	11234	1328 E 70th St, Brooklyn, NY 11234	40.623434	-73.913055	0.504193052347	5	0.755215135106	0	2.75270470167	0	5	3.5	2920	710000	28	4104	2004	21	3	7	10	3	46	16	22	17	4	5	88
29836268_zpid	29836268_zpid	10466	2078 Edenwald Ave, Bronx, NY 10466	40.893334	-73.840594	0.780647453524	0	0.497076771424	3	0.994291282106	0	3	3	1700	355000	28	2134	1930	35	4	13	18	5	71	40	12	28	11	5	72
29823960_zpid	29823960_zpid	10467	2932 Holland Ave, Bronx, NY 10467	40.868878	-73.865048	0.265163739122	12	0.266687610453	7	0.328360998277	2	6	3	2695	238000	164	5227	1935	339	44	149	168	149	39	28	10	43	58	38	254
83179125_zpid	83179125_zpid	10473	252 Soundview Ave, Bronx, NY 10473	40.810814	-73.8552629	0.581714037297	1	1.22110622606	0	2.52796041694	0	5	2	2584	300000	142	2789	2007	34	9	19	23	13	19	14	18	10	19	3	72
29792025_zpid	29792025_zpid	10473	542 Bolton Ave, Bronx, NY 10473	40.816746	-73.857788	0.565648548763	2	0.549458478774	1	1.84023705204	0	3	2	1290	130000	31	2309	1925	31	7	7	29	9	27	13	14	16	9	7	68
30609397_zpid	30609397_zpid	11216	350 Tompkins Ave, Brooklyn, NY 11216	40.6856274	-73.944536	0.0426372560019	9	0.32594331765	8	0.707052276725	2	7	4	3024	475000	116	1280	1905	532	164	276	468	308	68	108	56	168	184	68	680
30626036_zpid	30626036_zpid	11221	86 Stockholm St, Brooklyn, NY 11221	40.6970079	-73.924842	0.243321588021	14	0.167560675377	8	0.235444217425	3	6	3	5000	400000	39	5000	1915	144	61	67	98	67	54	23	21	47	37	25	202
68311648_zpid	68311648_zpid	10459	809 Freeman St, Bronx, NY 10459	40.8303246	-73.8978134	0.281583888585	6	0.30159391867	10	0.503815698154	1	2	1	3550	401787	103	1620	2005	163	80	82	106	86	19	16	4	21	42	18	141
29832006_zpid	29832006_zpid	10466	765 E 224th St, Bronx, NY 10466	40.886578	-73.858484	0.293163049821	5	0.18097095239	2	0.224193180024	3	4	3	1496	280000	145	1993	1925	188	14	84	100	85	76	20	11	38	56	15	145
29812692_zpid	29812692_zpid	10460	632 Mead St, Bronx, NY 10460	40.842417	-73.866235	0.299971088111	9	0.478605039548	5	0.613578069132	2	8	2	2100	390000	0	2500	1920	186	20	61	77	78	45	16	10	26	39	25	122
30646273_zpid	30646273_zpid	11208	1262 Blake Ave, Brooklyn, NY 11208	40.671183	-73.8701899	0.090131701506	6	0.321285335677	5	0.494107499818	1	7	3	3352	610000	109	2178	1925	122	17	75	69	53	55	38	7	29	41	11	139
30583550_zpid	30583550_zpid	11215	318 1st St, Brooklyn, NY 11215	40.6736256	-73.981907	0.068519009305	15	0.296861105	5	0.423182089988	2	3	3.5	2500	1800000	73	1800	1901	264	332	108	176	100	112	184	180	112	60	92	824
30583550_zpid	30583550_zpid	11215	318 1st St, Brooklyn, NY 11215	40.6736256	-73.981907	0.068519009305	15	0.296861105	6	0.423182089988	2	3	3.5	2500	1800000	73	1800	1901	264	332	108	176	100	112	184	180	112	60	92	824
29834384_zpid	29834384_zpid	10466	1141 E 223rd St, Bronx, NY 10466	40.8825652	-73.8489162	0.0593069399076	7	0.152750149299	4	0.977787498887	0	2	1	882	115000	249	8275	1910	152	24	76	40	48	156	28	8	84	40	16	152
29783196_zpid	29783196_zpid	10460	891 E 175th St, Bronx, NY 10460	40.8398383	-73.8874982	0.4367593926	8	0.258170792199	4	0.284591824017	2	6	2	2361	294000	16	2273	1920	840	112	412	416	396	64	80	12	104	112	60	720
29783196_zpid	29783196_zpid	10460	891 E 175th St, Bronx, NY 10460	40.8398383	-73.8874982	0.376272505941	11	0.258170792199	4	0.284591824017	2	6	2	2361	294000	16	2273	1920	840	112	412	416	396	64	80	12	104	112	60	720
29789798_zpid	29789798_zpid	10470	339 E 241st St, Bronx, NY 10470	40.902038	-73.866428	0.154515383991	2	0.527076043655	1	0.799869707296	0	5	2	2541	480000	2	2500	1935	46	15	5	19	8	25	10	16	11	5	5	61
29852139_zpid	29852139_zpid	10463	3526 Riverdale Ave, Bronx, NY 10463	40.885261	-73.907007	0.204227622009	11	0.188954594376	2	0.520707590306	2	3	2	1800	750000	107	2250	1910	172	46	53	49	41	43	47	14	30	22	12	146
30766521_zpid	30766521_zpid	11203	5393 Kings Hwy, Brooklyn, NY 11203	40.640248	-73.92532	0.336621154316	7	0.952384216506	0	1.95076981986	0	3	2	2070	425000	35	2523	1940	77	12	16	15	13	19	27	9	11	7	3	69
112507738_zpid	112507738_zpid	11236	929 E 84TH St, Brooklyn, NY 11236	40.636947	-73.9094779	0.0576074408046	6	0.22323455265	2	1.25809274437	0	3	2	280	100000	120	2000	1930	168	28	76	72	40	320	120	52	120	60	44	404
30597005_zpid	30597005_zpid	11213	1492 Lincoln Pl, Brooklyn, NY 11213	40.669346	-73.927176	0.137575613184	11	0.391400804809	7	0.489406824651	2	1	1	950	278500	155	2000	1910	339	35	184	192	171	35	22	12	35	80	28	267
30748474_zpid	30748474_zpid	11235	2429 Coyle St, Brooklyn, NY 11235	40.5935569	-73.935442	0.0698817151413	8	0.431736996724	3	1.6773949183	0	5	2.5	2244	530000	72	2000	1955	6	13	9	2	5	3	7	10	5	2	1	53
29788205_zpid	29788205_zpid	10468	3189 Grand Concourse, Bronx, NY 10468	40.876602	-73.886115	0.187839977261	9	0.164450214276	4	0.371355572847	4	3	2.5	2856	450000	19	1960	1910	216	7	59	41	34	6	6	0	17	15	7	71
30626043_zpid	30626043_zpid	11221	81 Stanhope St, Brooklyn, NY 11221	40.696732	-73.92466	0.277658774702	15	0.20146585152	7	0.262762495985	3	2	1	1683	1475000	23	5000	1901	168	64	69	105	72	54	25	21	50	33	29	219
30706563_zpid	30706563_zpid	11228	1321 77th St, Brooklyn, NY 11228	40.618938	-74.007865	0.0975470288842	6	0.329579444244	2	0.764005257834	0	3	3	2360	715000	24	2000	1920	8	14	6	24	4	47	50	44	22	2	3	72
30663689_zpid	30663689_zpid	11210	1464 New York Ave, Brooklyn, NY 11210	40.637172	-73.945518	0.601578063964	3	0.311664192654	4	0.395636812138	2	7	2	3228	565000	4	2051	1905	298	25	178	160	147	50	33	12	36	61	8	305
29845531_zpid	29845531_zpid	10465	213 Throggs Neck Blvd, Bronx, NY 10465	40.817412	-73.813061	0.406659141719	4	0.46394337092	1	3.53678520108	0	3	2	1620	425000	58	2482	1955	24	32	8	28	20	48	92	52	48	20	36	244
30643687_zpid	30643687_zpid	11208	82 Fountain Ave, Brooklyn, NY 11208	40.6781689	-73.876353	0.293295985039	12	0.415615676423	6	0.47450087502	5	5	2	1620	480000	145	1867	1899	109	22	60	74	55	48	49	19	48	25	12	200
30712854_zpid	30712854_zpid	11228	148 Bay 10th St, Brooklyn, NY 11228	40.608147	-74.01203	0.15850800952	7	0.474018083714	3	0.870226793875	0	3	2.5	1944	650000	43	1933	1940	6	12	2	10	2	22	32	27	21	3	5	56
30673620_zpid	30673620_zpid	11218	252 Dahill Rd, Brooklyn, NY 11218	40.6410989	-73.980462	0.110177092353	10	0.167120545964	10	0.334141095583	2	6	1.5	1440	208000	197	1440	1920	78	32	38	48	40	63	57	71	16	13	9	189
29784261_zpid	29784261_zpid	10458	448 E 185th St APT A, Bronx, NY 10458	40.856689	-73.893289	0.213378001338	12	0.437018254293	9	0.57985301342	3	5	2.5	2400	385100	16	1500	1997	435	46	204	196	227	23	27	12	42	69	30	316
30748732_zpid	30748732_zpid	11235	2566 E 14th St, Brooklyn, NY 11235	40.588316	-73.955633	0.185828658399	15	0.129207148124	4	0.201491553822	1	3	3	2052	829000	0	1850	1970	84	21	20	43	24	48	35	25	31	15	9	134
30729524_zpid	30729524_zpid	11214	2415 84th St, Brooklyn, NY 11214	40.6003169	-73.987571	0.190146680674	8	0.178153541559	5	0.297551231994	3	5	4.5	3712	1139900	6	3998	1915	252	48	56	116	64	216	132	88	60	28	4	348
30567659_zpid	30567659_zpid	11201	36 Grace Ct, Brooklyn, NY 11201	40.6940761	-73.9976094	0.0914286490518	14	0.507127854526	4	0.53680148414	4	1	1	4210	3325000	94	1889	1915	47	81	21	25	15	11	49	32	22	8	12	137
30620895_zpid	30620895_zpid	11222	80 Jewel St, Brooklyn, NY 11222	40.728003	-73.946966	0.13779985857	15	0.399806524964	4	0.522334956619	2	3	2	1728	1270000	17	1800	1901	24	41	17	22	9	21	24	18	16	13	10	116
116166681_zpid	116166681_zpid	11208	176 Atkins Ave, Brooklyn, NY 11208	40.6747439	-73.879322	0.275886565575	8	0.208133132325	4	0.138584037271	4	6	3	3960	550000	29	2000	2012	168	26	98	111	83	51	44	14	42	61	21	205
29815570_zpid	29815570_zpid	10461	2910 Roberts Ave, Bronx, NY 10461	40.845132	-73.832226	0.231166764791	7	0.539718769378	2	0.189014082508	2	4	2.5	2280	530000	64	2500	1986	186	19	42	59	44	47	35	21	18	27	14	149
29778782_zpid	29778782_zpid	10455	529 Timpson Pl, Bronx, NY 10455	40.811251	-73.904337	0.16893893901	7	0.182467757974	4	0.0985922599577	3	4	3	1900	190000	38	2717	1901	209	24	93	76	75	18	26	17	43	23	14	162
30698480_zpid	30698480_zpid	11209	166 82nd St, Brooklyn, NY 11209	40.627079	-74.033839	0.323322336304	8	0.814615715664	0	0.671098034328	1	5	4	3307	960000	135	30	1930	31	32	11	20	8	37	42	27	9	6	2	85
30614860_zpid	30614860_zpid	11216	20 Brevoort Pl, Brooklyn, NY 11216	40.6798069	-73.954666	0.101928934395	11	0.263591859229	7	0.131615267663	5	7	3	4000	600000	32	1520	1879	688	496	280	360	276	52	152	80	96	124	148	692
30614860_zpid	30614860_zpid	11216	20 Brevoort Pl, Brooklyn, NY 11216	40.6798069	-73.954666	0.101928934395	11	0.263591859229	8	0.131615267663	5	7	3	4000	600000	32	1520	1879	688	496	280	360	276	52	152	80	96	124	148	692
30712886_zpid	30712886_zpid	11228	86 Bay 11th St, Brooklyn, NY 11228	40.60885	-74.0101099	0.251912384786	9	0.316603782656	5	0.714681589001	1	4	5	2212	839999	46	2900	1997	28	44	12	44	8	84	144	116	108	8	20	228
29833080_zpid	29833080_zpid	10466	945 E 228th St, Bronx, NY 10466	40.887775	-73.851794	0.178168646331	8	0.404743250697	3	0.71981193993	1	3	2	2200	10	139	2325	1955	95	16	51	44	29	85	17	6	29	23	18	98
30785764_zpid	30785764_zpid	11234	2055 E 35th St, Brooklyn, NY 11234	40.608367	-73.93068	0.271875439748	1	0.84330709733	0	2.29347652569	0	3	1.5	2452	527500	15	2042	1935	8	36	16	4	8	56	84	80	80	0	8	128
29828575_zpid	29828575_zpid	10469	1144 E 213th St, Bronx, NY 10469	40.875494	-73.853046	0.15673703205	9	0.471217247199	1	0.869392516162	0	3	1.5	1255	288000	62	1784	1945	260	32	136	264	184	176	68	36	100	104	64	484
30735331_zpid	30735331_zpid	11223	2033 W 10th St, Brooklyn, NY 11223	40.597494	-73.981258	0.301605199577	8	0.198459935874	6	0.179292504997	5	3	2	1024	660000	5	2000	1930	132	84	40	96	36	176	120	168	72	28	16	308
30735331_zpid	30735331_zpid	11223	2033 W 10th St, Brooklyn, NY 11223	40.597494	-73.981258	0.301605199577	6	0.198459935874	5	0.179292504997	5	3	2	1024	660000	5	2000	1930	132	84	40	96	36	176	120	168	72	28	16	308
30793453_zpid	30793453_zpid	11229	20 Gain Ct, Brooklyn, NY 11229	40.5867549	-73.9226879	0.361145367341	1	1.52129198758	0	2.66022309463	0	4	2	1600	649000	0	1800	1997	2	3	1	13	0	0	29	9	20	2	5	36
29820448_zpid	29820448_zpid	10467	2449 Olinville Ave, Bronx, NY 10467	40.8628223	-73.868699	0.253099087391	7	0.370695557137	4	0.312525492191	2	1	1	3296	390000	73	2500	1910	319	24	111	119	121	21	18	12	33	41	23	230
30640936_zpid	30640936_zpid	11207	603 Miller Ave, Brooklyn, NY 11207	40.665902	-73.889227	0.372161172479	9	0.333969593766	7	0.0715352511465	3	6	4	3116	336000	12	2375	1925	249	23	148	146	142	33	41	11	64	73	19	254
30711623_zpid	30711623_zpid	11228	35 Bay 7th St, Brooklyn, NY 11228	40.611429	-74.011507	0.0766387488269	6	0.266846185679	1	0.911861238159	0	6	2	2960	855000	12	2320	1930	9	15	3	18	2	26	42	37	27	6	6	67
30621711_zpid	30621711_zpid	11222	168 Driggs Ave, Brooklyn, NY 11222	40.7231253	-73.9453066	0.0185160322791	13	0.126691921254	1	0.530989138198	1	1	1	3225	3000000	6	1945	1931	32	69	23	50	13	17	37	21	23	11	14	197
30689600_zpid	30689600_zpid	11219	1374 65th St, Brooklyn, NY 11219	40.624684	-73.999826	0.0740989946188	7	0.541048877795	3	0.293961734502	3	5	2	2160	1250000	5	3000	1920	45	9	16	20	13	55	61	54	13	7	15	122
30631881_zpid	30631881_zpid	11212	563 Thomas S Boyland St, Brooklyn, NY 11212	40.667083	-73.91265	0.453171574965	3	0.339148915758	5	0.593172536667	2	4	2.5	1640	399000	0	2000	1987	232	24	156	180	84	112	108	32	108	40	44	480
30631881_zpid	30631881_zpid	11212	563 Thomas S Boyland St, Brooklyn, NY 11212	40.667083	-73.91265	0.386598395844	4	0.339148915758	5	0.593172536667	2	4	2.5	1640	399000	0	2000	1987	232	24	156	180	84	112	108	32	108	40	44	480
29784323_zpid	29784323_zpid	10457	2075 Bathgate Ave, Bronx, NY 10457	40.850702	-73.895267	0.108770314569	10	0.235067773398	4	0.544572569378	1	3	2	1344	210000	38	1742	1899	299	43	128	139	115	32	24	21	37	53	26	295
64853101_zpid	64853101_zpid	11233	22 Mother Gaston Blvd, Brooklyn, NY 11233	40.681388	-73.9089383	0.0892514868697	5	0.131705684279	4	0.210910408443	6	6	4.5	2867	430000	35	1229	2004	129	17	117	128	84	21	23	10	32	48	11	135
29827481_zpid	29827481_zpid	10469	940 Tilden St, Bronx, NY 10469	40.8766877	-73.858153	0.25910541223	6	0.642189512519	1	0.700177495581	1	5	2	2148	225000	120	1481	1910	51	5	25	38	21	53	10	5	24	23	15	67
30581087_zpid	30581087_zpid	11232	563 41st St, Brooklyn, NY 11232	40.6493139	-74.0032389	0.192931511629	8	0.157550547355	7	0.573067865737	2	8	3	2060	1499000	0	2060	1910	284	204	104	132	124	36	140	60	48	56	24	388
30581087_zpid	30581087_zpid	11232	563 41st St, Brooklyn, NY 11232	40.6493139	-74.0032389	0.192931511629	7	0.157550547355	7	0.573067865737	2	8	3	2060	1499000	0	2060	1910	284	204	104	132	124	36	140	60	48	56	24	388
29851483_zpid	29851483_zpid	10475	3521 Mc Owen Ave, Bronx, NY 10475	40.888064	-73.819374	0.893076247007	0	0.462145723646	1	0.9647884368	0	3	1	1093	295000	36	5009	1925	0	0	0	1	0	3	2	6	0	0	1	4
30584994_zpid	30584994_zpid	11215	282 10th St, Brooklyn, NY 11215	40.669767	-73.989699	0.0564877638331	13	0.331337023205	3	0.071171018217	3	7	4	3000	2190000	0	1437	1901	72	87	29	63	29	39	62	38	34	22	19	248
30660804_zpid	30660804_zpid	11203	3410 Beverley Rd, Brooklyn, NY 11203	40.6452062	-73.944704	0.265737021115	5	0.255672402605	3	0.359598562299	2	8	4	2499	600000	11	1020	1931	91	8	73	47	61	31	13	4	22	18	13	77
30623882_zpid	30623882_zpid	11222	126 Beadel St, Brooklyn, NY 11222	40.721936	-73.935809	0.439249945243	2	0.685490546981	1	1.07567971542	0	2	2	1000	120000	298	2000	1910	14	19	7	15	6	5	19	19	14	3	6	61
30733831_zpid	30733831_zpid	11224	3702 Oceanic Ave, Brooklyn, NY 11224	40.575297	-74.00308	0.676247071639	1	0.252787424248	2	1.86228339687	0	5	4	2061	460000	18	3100	1955	48	16	16	43	14	4	18	8	16	14	1	58
30764424_zpid	30764424_zpid	11234	1632 E 51st St, Brooklyn, NY 11234	40.620529	-73.926325	0.102691134127	9	0.366753608564	1	2.2628813932	0	3	1	1200	450000	2	3001	1920	7	30	2	10	5	41	32	15	15	4	6	128
30711119_zpid	30711119_zpid	11214	2150 84th St, Brooklyn, NY 11214	40.603483	-73.993722	0.19848358211	11	0.167838302875	9	0.17417190334	2	7	3	3025	800000	29	3001	1906	177	23	51	67	49	104	46	34	26	16	8	200
30772767_zpid	30772767_zpid	11236	737 E 94th St, Brooklyn, NY 11236	40.650532	-73.9120779	0.342858057921	4	0.729570377141	1	0.965712365645	0	4	2.75	2052	491000	6	1900	1950	37	3	17	22	24	44	22	10	5	7	4	95
30636808_zpid	30636808_zpid	11207	37 Ridgewood Ave, Brooklyn, NY 11207	40.6825476	-73.8876836	0.433989485351	7	0.407773233236	5	0.387129117296	3	4	3	1502	142500	6	871200	1901	38	28	32	34	24	35	27	14	26	10	4	66
30710765_zpid	30710765_zpid	11228	1578 84th St, Brooklyn, NY 11228	40.611233	-74.006478	0.294651863937	10	0.158888774778	5	0.542063799426	2	4	2.5	1824	780000	28	19	1955	6	13	2	8	1	19	24	24	20	5	3	40
30756852_zpid	30756852_zpid	11234	1631 E 32nd St, Brooklyn, NY 11234	40.6139129	-73.940588	0.128470364209	2	0.227382669182	2	1.56826379761	0	5	3	800	512000	39	2482	1930	5	13	4	12	2	23	20	19	31	3	3	67
30737021_zpid	30737021_zpid	11223	2156 E 1st St, Brooklyn, NY 11223	40.59593	-73.970584	0.542208087001	4	0.710278099175	2	0.234859828745	3	1	1	3700	440000	192	3783	1930	26	5	10	25	6	46	26	52	23	1	4	87
30619848_zpid	30619848_zpid	11222	83 India St # 1, Brooklyn, NY 11222	40.732287	-73.9571	0.0607594129956	12	0.187443427609	4	0.351545665913	1	6	4	2640	960000	49	1667	1901	368	456	228	276	160	204	164	92	100	84	56	956
30619848_zpid	30619848_zpid	11222	83 India St # 1, Brooklyn, NY 11222	40.732287	-73.9571	0.0607594129956	13	0.187443427609	4	0.351545665913	1	6	4	2640	960000	49	1667	1901	368	456	228	276	160	204	164	92	100	84	56	956
30639058_zpid	30639058_zpid	11208	179 Atkins Ave, Brooklyn, NY 11208	40.6748	-73.878751	0.242339547523	8	0.162020611231	5	0.184516310435	3	5	3	1748	614000	0	1917	1930	172	20	96	112	82	50	43	14	43	60	17	215
30606052_zpid	30606052_zpid	11233	326 Malcolm X Blvd, Brooklyn, NY 11233	40.681649	-73.929076	0.220513263694	8	0.229191978951	5	0.290128674505	2	4	4	2160	387500	14	1500	1901	128	72	94	130	72	16	20	11	37	40	27	193
30718645_zpid	30718645_zpid	11230	1605 Mcdonald Ave, Brooklyn, NY 11230	40.613722	-73.973585	0.0185418407947	8	0.387016011467	4	0.166106911729	3	6	3	3000	475000	49	1640	1931	31	7	13	25	16	45	24	24	11	8	6	73
30581430_zpid	30581430_zpid	11217	399 Dean St, Brooklyn, NY 11217	40.682836	-73.9779522	0.141503812221	12	0.386422056906	2	0.117390016097	8	7	5	4500	2442750	8	1600	2005	70	131	36	46	28	46	49	70	43	20	31	230
30616067_zpid	30616067_zpid	11238	350 Clermont Ave, Brooklyn, NY 11238	40.687281	-73.969997	0.297780340274	9	0.310735789694	3	0.357803017289	7	4	2	3600	1145000	135	1848	1899	94	29	41	55	47	22	26	6	12	20	15	84
30743207_zpid	30743207_zpid	11229	2035 E 18th St, Brooklyn, NY 11229	40.60055	-73.953536	0.402054132626	7	0.14893787044	5	0.245503387716	2	6	3	2970	1100000	3	4000	1930	126	31	36	32	55	79	45	22	22	13	4	159
29817957_zpid	29817957_zpid	10461	1923 Tenbroeck Ave, Bronx, NY 10461	40.854037	-73.851244	0.377906799635	5	0.742355499715	1	0.643612377095	1	3	3	1520	499000	0	2474	1940	40	3	6	11	7	13	28	9	14	4	2	65
30787944_zpid	30787944_zpid	11234	2588 National Dr, Brooklyn, NY 11234	40.605493	-73.90363	1.37683462121	0	1.39586540523	0	4.47367973182	0	5	3	2021	1400000	0	4791	1965	0	0	0	2	0	0	5	1	4	2	0	7
30699442_zpid	30699442_zpid	11209	162 85th St, Brooklyn, NY 11209	40.624878	-74.034228	0.332882834012	8	0.590887906216	1	0.549662439186	1	5	4	3146	400000	80	80	1899	31	31	17	28	11	40	29	23	12	6	2	98
29784825_zpid	29784825_zpid	10457	2003 Crotona Ave, Bronx, NY 10457	40.8470889	-73.890097	0.188276917913	11	0.231527432179	2	0.809929304281	0	3	1	1292	350000	115	2500	1920	251	51	126	141	118	26	13	6	46	49	24	223
68314015_zpid	68314015_zpid	11203	151 E 42nd St, Brooklyn, NY 11203	40.6521712	-73.9380312	0.196902522184	3	0.517477847405	3	0.986096968016	0	3	2	1530	302100	75	2178	1945	472	60	312	244	256	244	104	40	120	124	36	500
68314015_zpid	68314015_zpid	11203	151 E 42nd St, Brooklyn, NY 11203	40.6521712	-73.9380312	0.337199685655	2	0.517477847405	3	0.986096968016	0	3	2	1530	302100	75	2178	1945	472	60	312	244	256	244	104	40	120	124	36	500
30579946_zpid	30579946_zpid	11218	603 17th St, Brooklyn, NY 11218	40.656292	-73.978553	0.262926681058	8	0.10006013973	4	0.495872753246	1	4	3	2400	1400000	34	1803	1960	2	8	10	9	5	16	12	12	9	0	2	30
30621223_zpid	30621223_zpid	11222	733 Humboldt St, Brooklyn, NY 11222	40.726928	-73.945955	0.145485666758	13	0.476476643134	3	0.516464668726	1	9	3	3225	1657500	5	1875	1899	27	43	17	30	10	23	26	16	17	10	9	124
30599685_zpid	30599685_zpid	11233	383 Bainbridge St, Brooklyn, NY 11233	40.682299	-73.921398	0.377321764746	8	0.444136725781	2	0.39646287408	2	5	3.5	2289	539000	66	1775	1899	207	58	130	160	121	20	29	12	61	86	25	253
29815286_zpid	29815286_zpid	10461	1830 Haight Ave, Bronx, NY 10461	40.850535	-73.853522	0.189904764153	7	0.308927908013	1	0.725543897637	1	4	2	1850	525000	0	2500	1940	55	11	10	25	12	32	28	15	17	6	2	84
30734691_zpid	30734691_zpid	11223	1956 W 3rd St, Brooklyn, NY 11223	40.600057	-73.975564	0.258002630685	5	0.386699654302	5	0.417069821548	4	4	3	1440	918000	0	2050	1925	32	28	17	28	12	67	29	74	26	6	6	108
