30747658_zpid	30747658_zpid	11235	1223 Doone Ct # 2, Brooklyn, NY 11235	40.590659	-73.957984	0.266438546386	13	0.456015701414	4	0.529383679183	2	8	4	3100	935000	41	3500	1985	41	14	7	22	13	36	27	26	18	8	2	69
29834989_zpid	29834989_zpid	10466	3708 Harper Ave, Bronx, NY 10466	40.887281	-73.833056	0.318469986995	2	0.243460419373	2	0.218712180228	1	2	2	1138	390000	0	2374	1935	34	9	15	18	3	30	19	13	18	9	3	66
30591999_zpid	30591999_zpid	11213	946 Prospect Pl, Brooklyn, NY 11213	40.67378	-73.945366	0.378961866706	14	0.394076669632	7	0.557232597507	3	3	3	4368	456300	152	3711	2002	225	51	99	106	93	22	20	7	29	40	18	200
30731205_zpid	30731205_zpid	11214	67 Bay 47th St, Brooklyn, NY 11214	40.589909	-73.985593	0.201854890318	5	0.684279400121	1	0.194972389616	2	4	2	2532	200000	164	4000	1899	12	5	7	23	3	18	21	20	23	7	4	42
30735687_zpid	30735687_zpid	11223	232 Lake St, Brooklyn, NY 11223	40.598403	-73.974158	0.300604328943	4	0.471125212488	3	0.26914256051	4	3	2.5	1080	675000	7	1800	1925	104	80	44	132	40	200	96	268	104	24	28	396
30605162_zpid	30605162_zpid	11233	640 Halsey St, Brooklyn, NY 11233	40.684016	-73.928365	0.134938570969	7	0.318393671263	3	0.554980489259	1	8	3	2466	770000	25	1842	1899	122	65	84	110	58	14	11	11	38	33	21	162
30789203_zpid	30789203_zpid	11235	44 Brighton 3rd Ct, Brooklyn, NY 11235	40.5801352	-73.9651007	0.155037542171	7	0.342339143882	7	0.42443769191	2	2	2	1312	545000	16	1200	1910	448	200	280	372	196	240	148	96	168	88	104	960
30789203_zpid	30789203_zpid	11235	44 Brighton 3rd Ct, Brooklyn, NY 11235	40.5801352	-73.9651007	0.343468175216	6	0.342339143882	7	0.42443769191	2	2	2	1312	545000	16	1200	1910	448	200	280	372	196	240	148	96	168	88	104	960
30698878_zpid	30698878_zpid	11209	339 84th St, Brooklyn, NY 11209	40.624889	-74.029021	0.109758345247	16	0.358209705815	6	0.250713597107	2	3	1	1630	865000	8	2100	1920	84	77	34	41	23	55	35	31	19	17	5	200
30589566_zpid	30589566_zpid	11238	716 Dean St, Brooklyn, NY 11238	40.6796099	-73.966494	0.153027815694	14	0.354381619055	4	0.444062059062	4	3	3	2400	2520000	2	2200	1984	416	620	144	272	152	152	164	160	156	56	52	692
30659497_zpid	30659497_zpid	11203	230 E 35th St, Brooklyn, NY 11203	40.649639	-73.944903	0.309942755561	5	0.269010618785	4	0.416729778932	2	3	2.5	1344	480000	5	2000	1965	556	84	448	388	332	264	52	20	108	120	40	472
30659497_zpid	30659497_zpid	11203	230 E 35th St, Brooklyn, NY 11203	40.649639	-73.944903	0.309942755561	6	0.269010618785	4	0.416729778932	2	3	2.5	1344	480000	5	2000	1965	556	84	448	388	332	264	52	20	108	120	40	472
29847261_zpid	29847261_zpid	10465	3242 Hatting Pl, Bronx, NY 10465	40.81628	-73.802233	0.794926978247	0	1.36329588009	0	4.20388002835	0	4	3	1840	395000	0	3998	1939	2	1	3	0	0	1	9	7	4	0	0	17
30566865_zpid	30566865_zpid	11201	60 Dean St, Brooklyn, NY 11201	40.687415	-73.990735	0.0597790964945	17	0.283838917287	4	0.141781623033	8	8	4	3304	3850000	11	1967	1915	56	91	14	59	15	22	49	34	24	11	10	208
30657971_zpid	30657971_zpid	11203	99 E 37th St, Brooklyn, NY 11203	40.655071	-73.942962	0.458952311206	4	0.633093101376	2	0.639284232673	2	4	3	3880	494400	91	2072	1940	96	18	55	62	49	58	22	21	17	33	6	98
30611752_zpid	30611752_zpid	11205	146 Washington Ave, Brooklyn, NY 11205	40.694253	-73.967387	0.114233878335	8	0.216182275929	2	0.660543625441	1	2	1	3200	630000	56	2000	1901	68	94	37	41	41	55	14	21	29	24	16	188
30733543_zpid	30733543_zpid	11224	2850 W 17th St, Brooklyn, NY 11224	40.57761	-73.985287	0.167653672062	2	0.42664216049	4	0.343404476781	1	9	4	3396	175000	204	2451	1920	224	40	92	128	104	68	128	52	44	68	16	336
29813154_zpid	29813154_zpid	10462	1706 Matthews Ave, Bronx, NY 10462	40.845045	-73.861079	0.197241498877	9	0.218899968006	4	0.750564329937	0	3	2	1366	350000	32	1263	1970	166	26	52	70	44	66	35	19	30	26	10	135
30769680_zpid	30769680_zpid	11236	54 Paerdegat 2nd St, Brooklyn, NY 11236	40.632625	-73.911178	0.326037163919	5	0.344029937387	4	1.74922173758	0	3	2	1440	465000	116	2600	1965	28	4	12	13	6	58	26	3	21	8	2	68
30787517_zpid	30787517_zpid	11234	2720 E 64th St, Brooklyn, NY 11234	40.607071	-73.912841	0.961447593783	0	1.16842303188	0	3.74303271314	0	3	2	1260	560000	14	2300	1965	3	5	2	6	3	19	4	27	20	2	1	30
29792488_zpid	29792488_zpid	10473	634 Underhill Ave, Bronx, NY 10473	40.818528	-73.859146	0.500841144841	2	0.343893976627	1	1.6116559102	0	5	3	2600	555000	4	2000	1970	63	12	22	36	17	27	17	12	20	14	10	94
30667513_zpid	30667513_zpid	11226	330 E 18th St, Brooklyn, NY 11226	40.6430689	-73.962143	0.173713595019	9	0.197222946572	4	0.237168842632	2	1	1	3207	1525000	18	5000	1899	472	87	258	257	270	42	28	22	69	72	10	381
29790990_zpid	29790990_zpid	10473	321 Newman Ave, Bronx, NY 10473	40.812171	-73.855163	0.466808972902	1	1.08988342334	0	2.39171900916	0	8	3	2325	371000	32	2786	1920	38	7	20	23	13	22	11	23	11	23	4	81
30631219_zpid	30631219_zpid	11207	84 Granite St, Brooklyn, NY 11207	40.683906	-73.906136	0.0926023063514	3	0.303689864885	2	0.195822210778	7	2	2	2020	445000	47	1822	1925	85	20	68	95	58	16	26	18	20	33	15	156
30626778_zpid	30626778_zpid	11221	1094 Greene Ave, Brooklyn, NY 11221	40.692304	-73.924385	0.157909506249	10	0.153637654009	5	0.347096214448	3	3	3	2001	735000	15	1667	1901	204	58	80	118	101	46	39	18	58	44	31	279
30682975_zpid	30682975_zpid	11204	1731 Bay Ridge Ave, Brooklyn, NY 11204	40.617899	-73.993817	0.141659039381	12	0.216241584316	6	0.421784183559	3	5	2.5	3036	980000	20	3100	1925	228	80	116	256	80	252	172	180	88	52	32	472
30682975_zpid	30682975_zpid	11204	1731 Bay Ridge Ave, Brooklyn, NY 11204	40.617899	-73.993817	0.141659039381	11	0.216241584316	7	0.421784183559	3	5	2.5	3036	980000	20	3100	1925	228	80	116	256	80	252	172	180	88	52	32	472
29827914_zpid	29827914_zpid	10469	959 E 221st St, Bronx, NY 10469	40.882715	-73.8541879	0.32928704884	5	0.455051987665	2	0.728416397904	1	4	1	1960	344000	24	1986	1935	64	15	28	27	26	32	5	3	18	8	2	48
30600863_zpid	30600863_zpid	11233	284 Macdougal St, Brooklyn, NY 11233	40.680285	-73.90899	0.211085641305	5	0.252741038615	4	0.249939296231	8	2	1	2100	350000	120	20	1899	177	18	141	157	108	33	31	13	43	68	23	165
30719629_zpid	30719629_zpid	11204	1550 W 2nd St, Brooklyn, NY 11204	40.609524	-73.9764019	0.171075597884	12	0.314899662373	7	0.300452774451	4	3	2	1530	800000	12	2000	1920	576	72	112	116	128	260	56	84	44	24	24	344
30719629_zpid	30719629_zpid	11204	1550 W 2nd St, Brooklyn, NY 11204	40.609524	-73.9764019	0.171075597884	11	0.314899662373	7	0.300452774451	4	3	2	1530	800000	12	2000	1920	576	72	112	116	128	260	56	84	44	24	24	344
30777032_zpid	30777032_zpid	11236	1442 E 92nd St, Brooklyn, NY 11236	40.635683	-73.898585	0.083546928882	5	0.233125015178	3	1.25203904485	0	7	2.5	3573	406000	148	4121	1965	136	84	84	92	28	216	96	48	64	48	20	340
29845553_zpid	29845553_zpid	10465	193 Throggs Neck Blvd, Bronx, NY 10465	40.816936	-73.812843	0.451393399633	4	0.507265172049	1	3.59110323777	0	3	1.5	1944	390000	37	2613	1959	5	7	2	7	5	11	23	13	11	4	9	58
29832279_zpid	29832279_zpid	10466	774 E 233rd St, Bronx, NY 10466	40.892266	-73.855015	0.0454154752369	6	0.256211141024	2	0.231154460001	4	5	2.75	2736	332000	65	1644	1901	230	21	120	89	130	91	27	7	42	52	17	210
30625399_zpid	30625399_zpid	11221	716 Bushwick Ave, Brooklyn, NY 11221	40.696214	-73.930776	0.139599264309	12	0.424693480896	4	0.338794136259	3	8	4	3800	1782000	5	1875	1899	124	88	47	70	70	46	31	17	29	37	27	207
30769763_zpid	30769763_zpid	11236	8011 Avenue K, Brooklyn, NY 11236	40.6326449	-73.9093989	0.428002559892	5	0.441045811168	2	1.68481918774	0	4	3.5	3320	230000	251	1800	1965	43	5	14	21	7	66	24	7	28	6	5	73
30612549_zpid	30612549_zpid	11205	331 Washington Ave, Brooklyn, NY 11205	40.688915	-73.965617	0.161947307084	12	0.217655669166	4	0.052847892781	3	6	3.75	3968	2550000	18	1944	1899	152	128	68	100	68	88	60	16	52	52	28	292
30612549_zpid	30612549_zpid	11205	331 Washington Ave, Brooklyn, NY 11205	40.688915	-73.965617	0.161947307084	13	0.217655669166	4	0.052847892781	3	6	3.75	3968	2550000	18	1944	1899	152	128	68	100	68	88	60	16	52	52	28	292
30667791_zpid	30667791_zpid	11226	467 E 21st St, Brooklyn, NY 11226	40.642775	-73.95831	0.127730637306	9	0.217183368254	4	0.514351056766	2	6	3	2420	699000	12	2000	1901	577	118	300	307	291	67	46	29	69	95	15	493
30573624_zpid	30573624_zpid	11215	164 17th St, Brooklyn, NY 11215	40.6652609	-73.9941318	0.101358168207	11	0.612343770925	2	0.107732906147	3	6	4	2800	1101000	47	2000	1910	37	40	11	26	19	17	43	7	22	10	7	124
30752722_zpid	30752722_zpid	11210	1893 New York Ave, Brooklyn, NY 11210	40.626374	-73.94359	0.324790743954	4	0.358298054122	3	0.79664886624	0	5	2.5	2432	825000	9	3000	1935	141	16	74	60	58	88	49	23	34	16	11	152
30732920_zpid	30732920_zpid	11224	3510 Neptune Ave, Brooklyn, NY 11224	40.576837	-74.001443	0.649196295877	1	0.0734135587112	2	1.71000819879	0	5	2	1428	470000	104	2178	1901	51	17	14	36	13	5	21	10	17	14	1	60
30670987_zpid	30670987_zpid	11218	44 E 2nd St, Brooklyn, NY 11218	40.650879	-73.980079	0.288541219849	7	0.187077464716	3	0.383171420234	1	4	2.5	2250	645000	53	1785	1910	40	68	40	64	40	92	80	80	48	8	12	188
30670987_zpid	30670987_zpid	11218	44 E 2nd St, Brooklyn, NY 11218	40.650879	-73.980079	0.288541219849	7	0.68904052825	2	0.383171420234	1	4	2.5	2250	645000	53	1785	1910	40	68	40	64	40	92	80	80	48	8	12	188
30643675_zpid	30643675_zpid	11208	58 Fountain Ave, Brooklyn, NY 11208	40.678756	-73.876503	0.346159007957	12	0.417262992159	6	0.419993311544	5	4	2	1512	600000	14	1785	1899	440	84	244	328	224	188	180	76	200	104	40	788
29792661_zpid	29792661_zpid	10473	732 Commonwealth Ave, Bronx, NY 10473	40.819974	-73.865193	0.182494999886	3	0.260235794321	2	1.3002166722	0	3	1	2800	479000	0	1973	1965	36	11	24	16	16	14	14	6	23	10	7	70
30569195_zpid	30569195_zpid	11231	23 Strong Pl, Brooklyn, NY 11231	40.685524	-73.997303	0.218255446642	16	0.207028329797	4	0.548081716645	2	5	4	2800	1965000	57	17	1900	22	41	16	46	10	17	31	13	21	3	8	111
30666161_zpid	30666161_zpid	11226	66 Martense St, Brooklyn, NY 11226	40.6510869	-73.956753	0.282159347849	13	0.385701434597	8	0.529764551373	3	4	2	864	785000	0	2395	1915	544	76	344	315	309	51	44	22	72	98	28	468
29779564_zpid	29779564_zpid	10456	1002 Tinton Ave, Bronx, NY 10456	40.824169	-73.90219	0.171184948777	7	0.173924160683	6	0.506662470063	2	6	3	1616	367000	6	1875	1920	137	19	51	50	36	15	7	3	12	16	15	87
30634054_zpid	30634054_zpid	11207	68 Williams Ave, Brooklyn, NY 11207	40.674624	-73.9007419	0.356363938631	3	0.598712934702	3	0.214421736101	8	5	2	1662	232140	78	2500	1901	23	6	26	37	25	10	23	10	13	7	5	60
89068997_zpid	89068997_zpid	10457	629 Oak Tree Pl, Bronx, NY 10457	40.8510528	-73.8895192	0.343067084403	12	0.455623594302	4	0.962164045045	0	8	6	3420	583000	68	3441	2008	201	40	106	133	114	25	16	8	41	52	23	187
29779607_zpid	29779607_zpid	10456	1242 Tinton Ave, Bronx, NY 10456	40.830181	-73.899692	0.145789961477	4	0.17306088563	8	0.661650225385	1	3	3	1320	325000	120	2081	1987	269	15	111	128	77	41	7	8	18	40	20	180
30781179_zpid	30781179_zpid	11234	1542 E 59th St, Brooklyn, NY 11234	40.616126	-73.91818	0.0797020362296	7	0.751241246048	0	3.10750675459	0	4	2.5	1296	10	23	1800	1955	56	44	52	32	48	116	92	48	92	20	24	420
29849098_zpid	29849098_zpid	10465	152 Calhoun Ave, Bronx, NY 10465	40.814518	-73.81672	0.535847627164	3	0.557650952372	1	3.53592410669	0	3	2	1728	184000	202	2252	1955	5	5	2	5	4	7	12	7	6	2	6	33
30664146_zpid	30664146_zpid	11210	782 E 38th St, Brooklyn, NY 11210	40.636203	-73.940553	0.517238487364	1	0.550567119681	1	0.706486806419	1	3	2.5	1840	470000	5	2600	1930	504	32	420	404	396	152	84	36	120	116	20	708
30667414_zpid	30667414_zpid	11226	301 Rugby Rd, Brooklyn, NY 11226	40.642394	-73.965287	0.176953246178	8	0.207107215032	4	0.201428831622	2	6	4	2376	955000	75	5000	1920	249	45	115	111	98	27	20	20	27	30	3	168
62648025_zpid	62648025_zpid	11206	585 Flushing Ave, Brooklyn, NY 11206	40.6997798	-73.9513104	0.35819705302	5	0.17822066186	10	0.0971617030518	4	1	1	3503	606000	217	2500	1934	40	19	20	39	19	19	19	25	16	6	10	104
30701501_zpid	30701501_zpid	11209	209 Gelston Ave, Brooklyn, NY 11209	40.616307	-74.028988	0.119013808325	11	0.204575485663	5	0.190688594106	2	4	2	1350	665000	22	2178	1899	84	28	25	28	25	57	32	21	4	8	5	140
30567294_zpid	30567294_zpid	11201	58 Hicks St, Brooklyn, NY 11201	40.700283	-73.9937379	0.179772273188	13	0.312585884322	2	0.218267808037	3	6	5	3659	2200000	104	40	1899	25	71	11	26	13	11	34	20	18	8	5	91
30653341_zpid	30653341_zpid	11212	449 E 96th St, Brooklyn, NY 11212	40.656699	-73.916214	0.11276161187	10	0.390429152797	5	0.529298885127	1	11	4	3400	315000	172	1045440	1925	379	17	195	184	150	59	23	10	34	61	24	240
30728420_zpid	30728420_zpid	11229	1849 E 18th St, Brooklyn, NY 11229	40.604934	-73.954302	0.442819280249	4	0.564842508382	5	0.511425469655	2	3	1.5	1378	485000	7	2800	1925	148	30	46	49	56	83	55	25	18	18	3	141
30572914_zpid	30572914_zpid	11231	54 2nd St, Brooklyn, NY 11231	40.67842	-73.993858	0.116677112067	9	0.581068664295	2	0.260923179343	2	4	2.5	2700	2600000	16	1800	1901	19	37	8	30	11	12	53	35	22	7	4	133
30640670_zpid	30640670_zpid	11207	949 Dumont Ave, Brooklyn, NY 11207	40.668142	-73.883425	0.185079542891	7	0.183168282538	2	0.206349619496	3	7	3	2360	530000	19	2100	1901	62	8	38	37	24	21	26	8	22	23	11	95
30656154_zpid	30656154_zpid	11203	738 E 51st St, Brooklyn, NY 11203	40.6432239	-73.928745	0.0882678108767	6	0.764656025143	0	1.70027333038	0	3	1.5	2516	416000	14	2500	1930	112	23	28	22	24	41	37	12	17	14	7	127
30794176_zpid	30794176_zpid	11229	2822 Gerritsen Ave, Brooklyn, NY 11229	40.590957	-73.92348	0.148023922819	2	1.36656751478	0	2.63224270582	0	3	2	1140	368000	51	1350	1955	1	6	1	13	0	1	28	9	20	1	4	34
83048499_zpid	83048499_zpid	11206	802 Flushing Ave, Brooklyn, NY 11206	40.701005	-73.9400125	0.189111902018	10	0.107985441451	5	0.125334856451	4	3	1.5	2187	725000	13	3516	1931	61	131	34	42	22	26	31	16	24	15	10	165
30719533_zpid	30719533_zpid	11204	1585 W 5th St, Brooklyn, NY 11204	40.6086826	-73.9785794	0.352862104998	13	0.329744729552	6	0.451742018037	3	4	3	1728	500000	38	4000	1925	154	26	36	41	47	68	17	21	12	11	7	97
30674398_zpid	30674398_zpid	11218	125 Cortelyou Rd, Brooklyn, NY 11218	40.638242	-73.977645	0.325755756001	6	0.0589527308215	12	0.242319548614	2	5	2.5	1900	527000	120	1440	1925	131	52	60	67	54	85	44	108	25	14	5	204
29791663_zpid	29791663_zpid	10473	446 Castle Hill Ave, Bronx, NY 10473	40.816542	-73.847033	0.316712122689	3	0.353554239398	2	2.01279381136	0	5	2	1482	549000	0	2966	1965	24	4	14	3	3	14	9	4	8	3	3	40
30631521_zpid	30631521_zpid	11212	51 Tapscott St, Brooklyn, NY 11212	40.6666	-73.920391	0.235875232268	8	0.183328611001	5	0.284417281525	2	9	3	2850	564000	22	2000	1930	216	16	68	79	66	31	25	10	35	33	9	147
30690908_zpid	30690908_zpid	11220	584 61st St, Brooklyn, NY 11220	40.6374939	-74.014868	0.258597385239	10	0.254429898458	9	0.470649025451	2	4	2	2360	1390000	6	1663	1915	452	160	176	180	144	140	268	164	124	96	20	688
30690908_zpid	30690908_zpid	11220	584 61st St, Brooklyn, NY 11220	40.6374939	-74.014868	0.258597385239	8	0.254429898458	9	0.470649025451	2	4	2	2360	1390000	6	1663	1915	452	160	176	180	144	140	268	164	124	96	20	688
30735127_zpid	30735127_zpid	11223	2070 W 12th St, Brooklyn, NY 11223	40.596469	-73.983537	0.27291565125	10	0.3126107573	5	0.310367355332	3	3	2	928	590000	14	2417	1930	16	17	5	15	6	30	26	39	13	5	2	44
30688287_zpid	30688287_zpid	11219	5812 New Utrecht Ave, Brooklyn, NY 11219	40.628938	-73.996506	0.360650275259	3	0.42942537992	5	0.276474212594	3	6	3	3120	1499000	0	2000	1931	42	9	19	19	20	36	77	43	15	7	6	117
29833280_zpid	29833280_zpid	10466	922 E 233rd St, Bronx, NY 10466	40.89107	-73.85084	0.0346909512047	5	0.447724840948	4	0.606145147185	1	6	3	2950	150000	154	1681	1931	79	7	41	29	29	86	32	8	25	15	15	99
30614879_zpid	30614879_zpid	11205	3 N Elliott Pl, Brooklyn, NY 11205	40.6979124	-73.9772932	0.439873438592	4	0.585471800448	2	0.887460926567	0	5	2.5	2340	375100	80	1567	1997	10	8	3	5	3	19	4	18	0	7	3	26
30674431_zpid	30674431_zpid	11218	493 E 2nd St, Brooklyn, NY 11218	40.6393	-73.977286	0.415555351259	9	0.158911835577	11	0.363865484512	2	7	2	3600	950000	22	3058	1925	852	248	284	352	216	332	188	300	124	80	36	964
30739815_zpid	30739815_zpid	11223	2536 W 3rd St, Brooklyn, NY 11223	40.5871939	-73.972712	0.125823916864	4	0.121213950093	1	0.299738884294	2	3	1	2665	655000	40	1983	1965	74	11	11	16	7	17	35	24	15	3	5	82
30764909_zpid	30764909_zpid	11234	1320 E 59th St, Brooklyn, NY 11234	40.621293	-73.918732	0.196833004413	10	0.75129822811	0	2.75990761671	0	3	2	1260	420000	6	1900	1920	28	28	12	24	36	144	108	80	84	24	36	424
30615624_zpid	30615624_zpid	11217	56 S Oxford St, Brooklyn, NY 11217	40.687912	-73.974098	0.104538654553	9	0.209494645618	3	0.0831665662567	9	8	5	5500	2125000	112	2250	1870	36	45	20	21	9	10	16	18	14	10	9	89
30794506_zpid	30794506_zpid	11229	34 Fane Ct, Brooklyn, NY 11229	40.5920868	-73.9280773	0.221117447029	3	0.980727104472	0	2.27895117786	0	3	2	1300	450000	2	1785	1920	2	5	1	8	1	1	19	4	16	4	3	23
29817299_zpid	29817299_zpid	10462	1921 Wallace Ave, Bronx, NY 10462	40.8486199	-73.864776	0.12060336016	7	0.308484134587	3	0.310828273369	2	6	3	2000	330000	3	2375	1905	297	25	102	91	93	71	43	18	36	37	15	196
30643409_zpid	30643409_zpid	11208	257 Autumn Ave, Brooklyn, NY 11208	40.6839	-73.869958	0.203689149718	6	0.219929856848	7	0.332482094994	2	4	2	2140	425000	20	1750	1910	118	39	72	94	64	65	36	12	67	49	7	198
83050068_zpid	83050068_zpid	11206	620 Willoughby Ave, Brooklyn, NY 11206	40.694164	-73.94453	0.128768775905	9	0.305447765914	3	0.406958328009	2	1	1	1200	784052	121	2000	2004	119	35	74	111	57	43	22	38	24	39	21	158
29846366_zpid	29846366_zpid	10465	609 Vincent Ave, Bronx, NY 10465	40.827045	-73.81545	0.523588925929	2	0.646268973382	1	2.56812506784	0	3	2	1806	469000	76	40	1955	44	24	24	44	4	28	64	80	52	0	16	164
30705758_zpid	30705758_zpid	11204	2036 74th St, Brooklyn, NY 11204	40.6106849	-73.9904169	0.120794072944	14	0.155815380467	7	0.734335218544	1	6	3	3300	1390000	5	2448	1920	57	10	18	27	28	36	21	19	17	8	2	76
29831867_zpid	29831867_zpid	10466	630 E 230th St, Bronx, NY 10466	40.891883	-73.861049	0.288688516478	2	0.299364338635	3	0.334395853428	3	6	3	2860	590000	105	2874	1901	287	20	122	118	150	71	21	5	39	69	15	232
30641718_zpid	30641718_zpid	11208	23 Hemlock St, Brooklyn, NY 11208	40.689357	-73.872195	0.28226526865	6	0.21990964543	6	0.071584024891	3	3	1	2640	185000	300	1667	1925	70	20	44	61	31	53	30	13	31	25	3	112
30580614_zpid	30580614_zpid	11215	682 6th Ave, Brooklyn, NY 11215	40.6603489	-73.991201	0.237157911012	9	0.405773543249	4	0.581231845262	2	6	3	2148	376000	69	1574	1899	23	38	13	32	13	22	34	9	12	6	7	91
29841008_zpid	29841008_zpid	10465	1120 Throggmorton Ave, Bronx, NY 10465	40.835389	-73.821477	0.108788647472	4	0.0862558235851	1	1.56617206303	0	3	2	1320	325000	9	2374	1903	6	7	9	10	8	10	28	12	11	5	4	43
30634679_zpid	30634679_zpid	11207	333 Pennsylvania Ave, Brooklyn, NY 11207	40.669238	-73.894825	0.0545768110886	5	0.0774957895102	7	0.512437704401	5	3	1	1	312000	64	2000	1901	122	15	103	107	109	22	34	9	35	36	22	204
29846359_zpid	29846359_zpid	10465	605 Vincent Ave, Bronx, NY 10465	40.826952	-73.815369	0.529017703394	2	0.653280273712	1	2.58034372762	0	4	2	1806	455000	43	4067	1955	11	6	6	12	1	6	16	20	13	0	4	41
30735272_zpid	30735272_zpid	11223	2023 W 11th St, Brooklyn, NY 11223	40.597631	-73.982231	0.346875095967	8	0.265413043031	6	0.262110489952	4	7	3	3420	930000	12	2300	1935	128	88	40	88	36	152	124	176	72	32	16	292
30735272_zpid	30735272_zpid	11223	2023 W 11th St, Brooklyn, NY 11223	40.597631	-73.982231	0.346875095967	6	0.265413043031	5	0.262110489952	4	7	3	3420	930000	12	2300	1935	128	88	40	88	36	152	124	176	72	32	16	292
29846916_zpid	29846916_zpid	10465	3115 Wissman Ave, Bronx, NY 10465	40.82077	-73.809342	0.0913048250312	4	0.732677094015	1	3.43111346033	0	2	1	736	319000	30	5000	1950	19	12	3	6	2	11	12	11	13	3	3	44
30615632_zpid	30615632_zpid	11217	65 S Oxford St, Brooklyn, NY 11217	40.687705	-73.9734425	0.144568888104	9	0.256726212014	3	0.115290837867	10	1	1	4784	590000	207	2300	1930	35	41	20	20	9	10	11	19	14	9	10	75
30790172_zpid	30790172_zpid	11235	23 Corbin Pl, Brooklyn, NY 11235	40.581277	-73.954647	0.217740297102	11	0.431109910624	7	0.626885664298	2	4	3	1962	750000	19	1800	1940	243	37	50	65	48	65	45	25	40	25	16	171
30792647_zpid	30792647_zpid	11235	131 Neptune Ave, Brooklyn, NY 11235	40.582451	-73.958567	0.232055343548	11	0.133419334012	8	0.579970758298	2	9	4.5	2907	675000	5	1785	1915	222	43	63	82	46	74	50	31	45	27	26	211
29844453_zpid	29844453_zpid	10465	1655 Bayshore Ave # A, Bronx, NY 10465	40.847719	-73.816626	1.08165013011	0	0.843259705382	0	1.05507247071	0	3	3	1836	549000	0	2613	1955	1	2	0	3	0	9	12	10	5	1	0	23
29828426_zpid	29828426_zpid	10469	1039 E 219th St, Bronx, NY 10469	40.88067	-73.852931	0.410650434287	8	0.489923648091	2	0.895790272504	0	5	2.5	3100	260000	3	1089000	1950	86	19	43	56	46	60	8	7	26	19	6	85
30579347_zpid	30579347_zpid	11220	446 58th St, Brooklyn, NY 11220	40.641088	-74.016223	0.108665181281	7	0.104670854784	8	0.143333492416	2	6	3	3074	1200000	18	2003	1899	164	61	57	75	58	31	66	37	47	27	7	235
30667793_zpid	30667793_zpid	11226	449 E 21st St, Brooklyn, NY 11226	40.643181	-73.958383	0.0660058945091	8	0.257950420111	4	0.528599838496	2	8	4	1920	860000	15	1920	1965	591	120	311	325	323	61	44	27	74	102	17	496
30639534_zpid	30639534_zpid	11207	372 Van Siclen Ave, Brooklyn, NY 11207	40.6706425	-73.8899156	0.213414096442	7	0.21139662033	5	0.244193331147	4	5	2	2700	443000	10	1711	1901	452	92	376	372	368	220	160	76	200	188	88	916
30639534_zpid	30639534_zpid	11207	372 Van Siclen Ave, Brooklyn, NY 11207	40.6706425	-73.8899156	0.213414096442	7	0.417439451788	4	0.244193331147	4	5	2	2700	443000	10	1711	1901	452	92	376	372	368	220	160	76	200	188	88	916
30779370_zpid	30779370_zpid	11236	1416 E 101st St, Brooklyn, NY 11236	40.636966	-73.88835	0.345542852752	7	0.316919510247	3	1.56953272214	0	5	2	1560	515000	21	2000	1960	88	28	72	52	4	64	52	28	48	16	8	212
30618386_zpid	30618386_zpid	11211	188 N 9th St, Brooklyn, NY 11211	40.71833	-73.956028	0.0884236457919	12	0.176258893569	4	0.138906306336	3	1	1	1750	980000	52	2500	1910	176	472	60	220	72	104	144	56	44	44	56	580
30711177_zpid	30711177_zpid	11228	8513 11th Ave, Brooklyn, NY 11228	40.616873	-74.0178059	0.438084648811	1	0.775269834686	0	1.10449214616	0	3	1	1472	350000	28	2325	1920	9	5	3	7	1	16	29	8	9	2	1	27
29784635_zpid	29784635_zpid	10457	612 E 181st St, Bronx, NY 10457	40.849997	-73.890606	0.262262832686	13	0.549570790978	4	0.829888260099	0	4	3	1352	349000	0	1825	1901	952	224	552	592	480	120	68	48	204	228	108	908
29784635_zpid	29784635_zpid	10457	612 E 181st St, Bronx, NY 10457	40.849997	-73.890606	0.262262832686	13	0.549570790978	5	0.829888260099	0	4	3	1352	349000	0	1825	1901	952	224	552	592	480	120	68	48	204	228	108	908
30634064_zpid	30634064_zpid	11207	92 Williams Ave, Brooklyn, NY 11207	40.674096	-73.90057	0.360820933457	5	0.562961368796	5	0.254654063608	8	11	4	3282	283500	75	1600	1901	26	6	28	38	25	10	21	10	12	8	5	63
30600071_zpid	30600071_zpid	11233	618 Bainbridge St, Brooklyn, NY 11233	40.682845	-73.91239	0.125012565609	3	0.21378181569	4	0.163349563185	4	8	1.5	3600	1188000	0	2000	1899	147	24	123	115	83	18	27	6	40	49	11	147
29822577_zpid	29822577_zpid	10469	2414 Tiemann Ave, Bronx, NY 10469	40.861339	-73.837751	0.422131575953	2	0.297928619377	1	1.16567394465	0	3	2.5	1728	420000	9	2491	1963	7	10	2	5	0	7	30	12	11	1	3	46
30598980_zpid	30598980_zpid	11221	101 Ralph Ave, Brooklyn, NY 11221	40.6866537	-73.9232192	0.202112179746	9	0.483052605795	3	0.340870398341	2	6	4	3300	493000	108	1481	1925	151	50	74	117	81	28	18	7	32	46	27	176
29843319_zpid	29843319_zpid	10465	3169 Parsifal Pl, Bronx, NY 10465	40.839937	-73.822443	0.594624388941	2	0.554890417191	2	1.1456644069	0	3	2.5	1920	480000	6	2173	1940	1	12	7	2	1	4	27	13	7	2	2	33
29794683_zpid	29794683_zpid	10472	1129 Ward Ave, Bronx, NY 10472	40.827107	-73.8771919	0.0846824248131	6	0.370471393247	4	0.233279582168	2	5	2	2920	185500	263	2500	1940	641	63	235	271	236	51	31	6	74	99	23	361
29788386_zpid	29788386_zpid	10468	3053 Villa Ave, Bronx, NY 10468	40.873384	-73.888603	0.0759848134623	9	0.258903894203	4	0.123019247906	2	3	2	1650	335000	6	2500	1910	226	17	79	71	63	17	9	0	15	25	11	107
29783239_zpid	29783239_zpid	10459	1281 Union Ave, Bronx, NY 10459	40.830879	-73.898965	0.174642941679	5	0.190873784591	9	0.60599432689	1	3	2	1260	399000	0	1500	1901	140	75	77	89	78	15	11	3	18	38	13	121
30793743_zpid	30793743_zpid	11229	42 Gotham Ave, Brooklyn, NY 11229	40.589787	-73.926924	0.392730319795	2	1.08867674921	0	2.32439856079	0	2	2	868	569000	0	1680	1920	4	24	4	56	4	4	104	44	76	4	12	136
