94719838_zpid	94719838_zpid	11213	1741 Pacific St, Brooklyn, NY 11213	40.676938	-73.932494	0.0726063525645	8	0.123023045339	5	0.308441001848	1	4	2	2050	300000	6	3049	1923	384	48	156	224	196	136	92	24	76	48	24	500
94719838_zpid	94719838_zpid	11213	1741 Pacific St, Brooklyn, NY 11213	40.676938	-73.932494	0.0726063525645	7	0.123023045339	5	0.308441001848	1	4	2	2050	300000	6	3049	1923	384	48	156	224	196	136	92	24	76	48	24	500
30611946_zpid	30611946_zpid	11205	581 Myrtle Ave, Brooklyn, NY 11205	40.6942169	-73.9609633	0.0822063191448	9	0.224562521959	7	0.599639562188	1	2	1	3772	475000	137	1383	1958	55	81	30	51	29	47	27	37	30	11	23	178
29813729_zpid	29813729_zpid	10461	1069 Sackett Ave, Bronx, NY 10461	40.844734	-73.850538	0.232215102469	6	0.522159102112	3	0.832199527149	0	4	3	1800	460000	10	2844	1931	102	11	30	42	17	37	31	22	20	10	5	108
30739315_zpid	30739315_zpid	11223	2438 West St, Brooklyn, NY 11223	40.589531	-73.970332	0.131608351914	5	0.375704955929	1	0.331355785891	1	5	4	2640	760000	7	3001	1960	76	15	16	22	10	38	41	39	15	4	7	107
30791382_zpid	30791382_zpid	11235	149 Norfolk St, Brooklyn, NY 11235	40.579603	-73.938668	1.01886595693	0	1.30976102716	0	1.54058828921	0	3	4	2350	450000	24	2500	1935	36	24	16	40	32	48	56	12	52	8	4	116
30791382_zpid	30791382_zpid	11235	149 Norfolk St, Brooklyn, NY 11235	40.579603	-73.938668	0.510189698572	1	1.30976102716	0	1.54058828921	0	3	4	2350	450000	24	2500	1935	36	24	16	40	32	48	56	12	52	8	4	116
30748457_zpid	30748457_zpid	11235	2475 Coyle St, Brooklyn, NY 11235	40.592581	-73.935246	0.179335961682	6	0.395912500038	3	1.70934373125	0	5	3	2440	440000	50	2000	1955	6	13	9	2	5	4	7	14	6	2	2	58
30620104_zpid	30620104_zpid	11222	188 Kent St, Brooklyn, NY 11222	40.730797	-73.953097	0.130847648213	12	0.0819159522837	4	0.107710412032	2	4	1	1440	1602000	14	1250	1899	77	97	45	61	36	54	44	29	26	19	16	228
30763057_zpid	30763057_zpid	11234	1543 E 49th St, Brooklyn, NY 11234	40.623086	-73.928039	0.146200591976	8	0.117488296369	1	1.98014338985	0	6	3	2409	683400	15	2667	1920	8	33	8	14	8	50	35	19	16	6	5	122
30790020_zpid	30790020_zpid	11235	194 Brighton 10th St, Brooklyn, NY 11235	40.581012	-73.957881	0.249669748399	10	0.170619199692	5	0.470396344392	2	2	1.5	1848	360000	24	2400	1930	248	55	69	92	62	75	52	28	48	32	24	241
30595469_zpid	30595469_zpid	11225	185 Lincoln Rd, Brooklyn, NY 11225	40.66143	-73.956439	0.350895602798	9	0.343274466533	8	0.490736553118	3	1	1	2772	187000	246	2084	1905	544	100	197	157	182	22	39	19	55	60	21	303
30750107_zpid	30750107_zpid	11235	2679 E 27th St, Brooklyn, NY 11235	40.587421	-73.942033	0.308439359713	6	0.481527228737	2	1.02643393032	0	3	2	2000	729000	23	3100	1930	68	40	44	92	20	148	104	132	124	8	20	392
30750107_zpid	30750107_zpid	11235	2679 E 27th St, Brooklyn, NY 11235	40.587421	-73.942033	0.308439359713	5	0.481527228737	2	1.02643393032	0	3	2	2000	729000	23	3100	1930	68	40	44	92	20	148	104	132	124	8	20	392
30664567_zpid	30664567_zpid	11225	346 Lincoln Rd, Brooklyn, NY 11225	40.6612889	-73.951339	0.0833296945358	8	0.195760135676	6	0.16694566475	3	6	3	2880	969000	26	2100	1901	405	82	176	162	169	42	36	16	42	71	15	285
30774830_zpid	30774830_zpid	11236	933 E 104th St, Brooklyn, NY 11236	40.646557	-73.8944829	0.267445057378	4	0.253385917982	2	0.615101650633	2	3	2	1600	575000	11	2500	1930	160	36	92	64	52	156	48	16	68	36	32	344
30774830_zpid	30774830_zpid	11236	933 E 104th St, Brooklyn, NY 11236	40.646557	-73.8944829	0.267445057378	5	0.0769543571951	3	0.615101650633	2	3	2	1600	575000	11	2500	1930	160	36	92	64	52	156	48	16	68	36	32	344
30705366_zpid	30705366_zpid	11228	1123 Bay Ridge Pkwy # A, Brooklyn, NY 11228	40.622756	-74.010994	0.390743391939	7	0.415039084972	3	1.07248431246	0	3	1	1883	685000	25	1306	1925	11	13	3	21	3	45	45	38	14	2	4	72
30584673_zpid	30584673_zpid	11215	426 6th Ave, Brooklyn, NY 11215	40.6684295	-73.9838975	0.0218338605192	20	0.135919804529	3	0.386975392214	3	3	2.5	2500	900000	167	1160	1899	78	96	29	61	21	33	57	42	36	19	29	266
29792257_zpid	29792257_zpid	10473	2090 Randall Ave, Bronx, NY 10473	40.818256	-73.851814	0.374524667505	3	0.404743635552	3	1.78328708913	0	5	3.5	2325	499990	11	2178	1987	48	13	22	14	8	16	12	7	16	8	6	52
30781650_zpid	30781650_zpid	11234	2076 E 58th St, Brooklyn, NY 11234	40.613611	-73.917285	0.226183258482	6	0.778325258768	0	3.34050674511	0	6	3	2700	485000	48	2200	1970	11	9	9	6	6	27	15	11	13	4	3	60
30714532_zpid	30714532_zpid	11228	284 Bay 10th St, Brooklyn, NY 11228	40.605432	-74.0149	0.333573651713	3	0.719627377982	1	1.14740889423	0	4	5.5	2007	1135000	91	3866	1925	7	2	2	6	1	9	18	22	10	1	2	31
30774490_zpid	30774490_zpid	11236	9824 Flatlands Ave, Brooklyn, NY 11236	40.644431	-73.898953	0.261398090426	5	0.698904494429	1	0.348012136211	2	6	2	1800	455000	15	2265	1925	236	36	100	76	72	232	76	32	52	76	36	400
30774490_zpid	30774490_zpid	11236	9824 Flatlands Ave, Brooklyn, NY 11236	40.644431	-73.898953	0.261398090426	4	0.698904494429	1	0.348012136211	2	6	2	1800	455000	15	2265	1925	236	36	100	76	72	232	76	32	52	76	36	400
30782562_zpid	30782562_zpid	11234	2115 E 70th St, Brooklyn, NY 11234	40.619199	-73.907594	0.314321437845	2	0.266802262971	1	3.0945593594	0	3	2	1984	195000	10	2500	1975	16	6	9	17	5	15	16	10	23	4	4	67
29793031_zpid	29793031_zpid	10473	2230 Homer Ave, Bronx, NY 10473	40.821783	-73.847237	0.271969515752	3	0.182032057906	2	1.44050927616	0	3	2	1674	350000	40	2178	1915	29	17	14	3	4	16	9	2	12	5	4	55
30602158_zpid	30602158_zpid	11221	964 Dekalb Ave, Brooklyn, NY 11221	40.6929024	-73.9366997	0.336843033612	11	0.414245236019	5	0.487200211687	2	6	3	2532	150000	257	1500	1920	560	252	284	388	328	140	96	56	100	188	128	752
79726014_zpid	79726014_zpid	10469	3561 Corsa Ave, Bronx, NY 10469	40.878577	-73.8486	0.253256817917	7	0.218722209772	3	0.901074910862	0	4	2.5	1720	405000	23	2298	1915	78	21	37	63	53	39	15	10	30	19	9	114
30771035_zpid	30771035_zpid	11236	1259 E 82nd St, Brooklyn, NY 11236	40.630513	-73.904819	0.844541557662	0	0.77891482865	0	1.81422690953	0	5	2.5	2850	565000	14	2183	1955	50	6	14	24	11	65	22	7	29	6	8	56
30638843_zpid	30638843_zpid	11207	271 Van Siclen Ave, Brooklyn, NY 11207	40.673328	-73.89018	0.0895191562383	8	0.363570149234	5	0.06921407266	3	5	2	1824	775000	0	1089000	1910	460	104	344	384	308	268	148	100	176	152	76	880
30638843_zpid	30638843_zpid	11207	271 Van Siclen Ave, Brooklyn, NY 11207	40.673328	-73.89018	0.0895191562383	8	0.095342374961	7	0.06921407266	3	5	2	1824	775000	0	1089000	1910	460	104	344	384	308	268	148	100	176	152	76	880
29853436_zpid	29853436_zpid	10471	436 W 259th St, Bronx, NY 10471	40.906484	-73.902999	0.0822093890839	4	0.158642331693	3	0.976750575021	0	3	2	1090	478000	6	2178	1910	15	13	3	9	6	18	34	9	16	4	7	55
29854632_zpid	29854632_zpid	10471	550 W 261st St, Bronx, NY 10471	40.910214	-73.904642	0.398812513346	6	0.384969931345	3	1.05739956509	0	5	5.5	5500	1496000	3	13068.0	1955	4	7	3	9	5	8	20	3	5	4	5	32
83178276_zpid	83178276_zpid	10457	1787 Monroe Ave, Bronx, NY 10457	40.846526	-73.906811	0.144505599517	11	0.222103130434	8	0.288538436145	5	9	6	4400	470000	0	2374	2007	406	84	245	268	238	28	20	13	69	64	30	294
30719309_zpid	30719309_zpid	11204	1515 W 9th St, Brooklyn, NY 11204	40.6098741	-73.9827554	0.0446325711889	13	0.146028444211	7	0.235468953172	2	2	1	1400	885000	24	4000	1930	580	116	160	212	260	320	100	132	76	48	32	552
30614250_zpid	30614250_zpid	11238	64 Putnam Ave, Brooklyn, NY 11238	40.682769	-73.959085	0.221778388521	9	0.238143547086	3	0.335769612456	4	1	1	3040	2250000	21	1600	1901	96	137	54	102	63	35	41	20	39	16	37	193
30720706_zpid	30720706_zpid	11223	1650 W 2nd St, Brooklyn, NY 11223	40.607194	-73.975949	0.315023517525	8	0.304607296879	6	0.311216884663	4	8	3	2197	290000	201	3005	1920	356	72	168	100	120	260	100	144	96	48	8	444
30720706_zpid	30720706_zpid	11223	1650 W 2nd St, Brooklyn, NY 11223	40.607194	-73.975949	0.315023517525	9	0.304607296879	6	0.311216884663	4	8	3	2197	290000	201	3005	1920	356	72	168	100	120	260	100	144	96	48	8	444
30636713_zpid	30636713_zpid	11207	182 Sunnyside Ave, Brooklyn, NY 11207	40.682075	-73.890527	0.367637323047	3	0.27405582029	4	0.486894582432	2	7	3	2128	165000	238	2000	1910	74	31	48	49	37	59	39	34	33	19	7	109
30669633_zpid	30669633_zpid	11210	579 E 28th St, Brooklyn, NY 11210	40.636651	-73.949704	0.302305273597	4	0.278739117568	4	0.384955616527	2	6	3	3000	575000	2	2500	1910	312	32	160	142	126	61	36	18	35	56	9	301
29816262_zpid	29816262_zpid	10461	1761 Tenbroeck Ave, Bronx, NY 10461	40.851429	-73.849188	0.493861031009	5	0.641224485612	1	0.981392469283	0	3	2	1260	459000	0	1698	1947	43	12	4	21	9	26	27	12	19	3	3	72
30780319_zpid	30780319_zpid	11234	6820 Avenue L, Brooklyn, NY 11234	40.6248689	-73.916145	0.448928060571	4	0.605486423504	1	2.70913571358	0	5	4	2068	685000	5	3000	1960	100	20	60	52	40	240	68	108	64	48	28	408
30692932_zpid	30692932_zpid	11209	62A Mackay Pl, Brooklyn, NY 11209	40.636333	-74.033625	0.248230079012	8	0.528736472394	3	0.878969611772	0	3	1	1138	530000	70	1134	1930	102	7	8	18	14	32	20	84	15	3	1	57
30647500_zpid	30647500_zpid	11207	596 Hegeman Ave, Brooklyn, NY 11207	40.660585	-73.889505	0.270538354609	3	0.266921845322	6	0.563635156823	2	7	4	3189	430000	39	2518	1930	195	17	111	102	104	21	35	7	43	69	14	202
30786187_zpid	30786187_zpid	11234	2077 Hendrickson St, Brooklyn, NY 11234	40.611238	-73.925208	0.423383125287	4	1.10717994795	0	2.7703397619	0	2	1	1268	443000	5	2200	1945	24	32	28	44	24	144	112	68	72	16	24	352
29783002_zpid	29783002_zpid	10460	1460 Crotona Park E, Bronx, NY 10460	40.835009	-73.895212	0.115892376705	4	0.11688338248	7	0.611960122566	2	3	1.5	1152	309500	131	1742	1989	25	10	10	15	8	6	3	1	2	9	2	38
30758848_zpid	30758848_zpid	11234	1228 E 45th St, Brooklyn, NY 11234	40.63093	-73.933289	0.413444986153	5	0.916829417622	0	1.23098441545	0	3	2	1284	436200	0	2000	1925	24	36	36	40	8	52	68	48	36	32	4	204
30608256_zpid	30608256_zpid	11216	533 Greene Ave, Brooklyn, NY 11216	40.688806	-73.9495869	0.331650836368	11	0.356398035666	5	0.212293793316	2	6	4	3420	887500	38	1899	1899	149	66	76	110	83	29	33	12	33	43	32	208
30602989_zpid	30602989_zpid	11221	91A Malcolm X Blvd, Brooklyn, NY 11221	40.690558	-73.930302	0.258621130444	9	0.357412460623	3	0.334395708334	2	5	3	3300	650000	33	1600	1899	199	72	107	137	120	56	33	18	37	64	41	285
30755210_zpid	30755210_zpid	11234	1463 E 35th St, Brooklyn, NY 11234	40.618356	-73.94015	0.569083064312	3	0.0787239310664	4	1.62859368764	0	3	3	2134	545000	49	1742	1940	96	52	68	76	40	128	72	76	92	24	12	336
30585601_zpid	30585601_zpid	11215	261 13th St, Brooklyn, NY 11215	40.6670441	-73.9885535	0.0378966105543	17	0.101372399534	4	0.388453068067	4	4	2	1915	1549000	0	946	1901	89	90	30	75	30	45	71	28	39	22	21	246
30696432_zpid	30696432_zpid	11209	474 77th St, Brooklyn, NY 11209	40.628057	-74.023887	0.0897662846522	17	0.154754121552	3	0.232347768659	2	4	3.5	2500	780000	48	4500	1925	103	55	39	38	29	41	52	65	24	25	6	162
30637989_zpid	30637989_zpid	11207	121 Van Siclen Ave, Brooklyn, NY 11207	40.677416	-73.891233	0.246240899703	6	0.264349646205	5	0.0518577326716	5	5	4	2500	560000	12	2158	1993	456	172	336	388	220	400	176	144	196	168	52	880
30785813_zpid	30785813_zpid	11234	2072 E 36th St, Brooklyn, NY 11234	40.608279	-73.930096	0.278481536941	1	0.852130057882	0	2.34299075382	0	5	2.5	2256	485000	10	3117	1935	2	9	3	2	2	16	18	20	17	0	2	38
83046830_zpid	83046830_zpid	11233	215 Macdougal St, Brooklyn, NY 11233	40.680311	-73.91259	0.392737690044	3	0.375754319123	4	0.254101125894	5	9	4.5	5200	630000	5	2500	2006	251	28	171	177	122	51	41	16	65	80	25	217
30753514_zpid	30753514_zpid	11210	3302 Avenue K, Brooklyn, NY 11210	40.624474	-73.943383	0.292663209937	3	0.502204177915	2	0.997978645037	0	5	3	2304	775000	7	1800	1925	132	14	63	53	47	80	52	18	32	16	6	131
29781149_zpid	29781149_zpid	10474	881 Longfellow Ave, Bronx, NY 10474	40.8195807	-73.8859967	0.266967674136	6	0.317953154317	4	0.412598252762	1	4	2	3173	485000	113	2500	1901	134	10	85	78	72	13	18	11	27	22	13	125
83178328_zpid	83178328_zpid	10459	873 Union Ave, Bronx, NY 10459	40.8209888	-73.9027422	0.262682099587	12	0.195883494451	8	0.176431617164	3	6	3	2655	440000	0	1742	2004	121	9	55	67	66	9	11	4	20	35	15	117
30714761_zpid	30714761_zpid	11214	277 Bay 14th St, Brooklyn, NY 11214	40.603319	-74.011312	0.33511120078	3	0.399086201528	2	0.959794695917	0	3	2.5	1950	762000	5	1795	1930	13	6	8	20	6	28	14	33	15	1	2	55
29840884_zpid	29840884_zpid	10461	1169 Crosby Ave, Bronx, NY 10461	40.835653	-73.827479	0.374814442462	5	0.590827652868	1	1.17894376012	0	3	3	1280	380000	14	1785	1925	5	8	0	8	0	12	18	13	4	0	1	28
30635893_zpid	30635893_zpid	11207	327 New Lots Ave, Brooklyn, NY 11207	40.661335	-73.894805	0.755019613313	0	0.100767396028	4	0.367432922868	5	8	4	2720	8000	46	2022	1915	231	15	135	122	125	28	48	14	40	59	17	246
29843359_zpid	29843359_zpid	10465	1327 Stadium Ave, Bronx, NY 10465	40.840004	-73.820236	0.575811460069	2	0.537906386866	2	1.285578172	0	5	3.5	7260	1250000	43	8232	1993	4	10	8	2	4	5	31	13	8	2	2	36
29850743_zpid	29850743_zpid	10464	155 Horton St, Bronx, NY 10464	40.8399717	-73.7832897	0.4094024972	2	3.62233090978	0	3.96052557624	0	2	1	1200	388000	4	5004	1960	44	20	16	12	12	4	60	12	32	12	40	92
30789888_zpid	30789888_zpid	11223	10 Brighton Ct, Brooklyn, NY 11223	40.587037	-73.967296	0.35735016165	6	0.389182617027	1	0.654419772659	1	3	3	2156	180000	199	1700	1920	304	28	28	36	16	60	100	84	44	4	16	176
29791524_zpid	29791524_zpid	10473	443 Torry Ave, Bronx, NY 10473	40.815717	-73.849662	0.141976096008	3	0.523821830834	2	2.07300725639	0	7	2.5	2336	540000	9	2238	1965	25	4	6	5	3	13	11	7	9	4	4	33
30671072_zpid	30671072_zpid	11218	39 E 2nd St, Brooklyn, NY 11218	40.651119	-73.979532	0.305840495874	7	0.650264426994	2	0.350067366355	1	5	2	2816	1255000	17	2500	1910	44	80	48	84	48	100	88	84	56	8	12	200
30671072_zpid	30671072_zpid	11218	39 E 2nd St, Brooklyn, NY 11218	40.651119	-73.979532	0.305840495874	7	0.155560604979	3	0.350067366355	1	5	2	2816	1255000	17	2500	1910	44	80	48	84	48	100	88	84	56	8	12	200
30610384_zpid	30610384_zpid	11216	23 Halsey St, Brooklyn, NY 11216	40.681698	-73.952545	0.251635078436	12	0.304522296962	8	0.26909627382	4	3	1	3600	525000	46	1785	1899	210	158	89	132	97	21	50	21	51	55	41	260
30750124_zpid	30750124_zpid	11235	2615 E 27th St, Brooklyn, NY 11235	40.588844	-73.942312	0.219509708194	8	0.358680449582	2	1.02438740512	0	4	2	2160	550000	9	4000	1905	244	52	60	80	40	156	124	164	124	16	16	420
30750124_zpid	30750124_zpid	11235	2615 E 27th St, Brooklyn, NY 11235	40.588844	-73.942312	0.219509708194	9	0.358680449582	2	1.02438740512	0	4	2	2160	550000	9	4000	1905	244	52	60	80	40	156	124	164	124	16	16	420
30587945_zpid	30587945_zpid	11215	454 9th St, Brooklyn, NY 11215	40.666507	-73.981379	0.0986529378164	17	0.433172608803	5	0.0944147913593	2	4	4	3512	2175000	23	1900	1899	56	68	23	52	20	31	62	41	30	9	17	184
29796928_zpid	29796928_zpid	10472	2164 Cross Bronx Expy, Bronx, NY 10472	40.8307418	-73.8524202	0.137905695377	11	0.49899568694	6	0.398023027836	1	5	2.5	2100	455000	103	3348	1958	65	13	48	50	35	29	26	5	31	17	9	88
30788300_zpid	30788300_zpid	11234	2278 E 66th St, Brooklyn, NY 11234	40.614128	-73.90785	0.35313531883	3	0.370607916087	1	3.65608789503	0	3	2.5	2480	825000	5	5367	1960	1	15	5	6	2	12	11	10	9	1	1	50
30625738_zpid	30625738_zpid	11221	1357 Dekalb Ave, Brooklyn, NY 11221	40.698928	-73.9248719	0.109343982436	16	0.125501516891	7	0.244193741619	3	2	1	2754	1350000	2	2696	1920	396	160	192	252	152	140	68	56	128	108	72	528
30607967_zpid	30607967_zpid	11221	268 Kosciuszko St, Brooklyn, NY 11221	40.691222	-73.943991	0.277352107112	10	0.202648604315	4	0.637589122814	2	4	1.5	3000	375900	136	1875	1899	111	38	49	90	60	18	22	7	17	30	15	143
30591771_zpid	30591771_zpid	11216	775 Prospect Pl # 1, Brooklyn, NY 11216	40.674585	-73.95077	0.117911981493	10	0.0801497111877	4	0.474149041445	5	7	3	2880	434900	57	2000	1910	395	102	206	240	215	37	47	15	56	81	44	313
30629925_zpid	30629925_zpid	11207	1106 Halsey St, Brooklyn, NY 11207	40.688953	-73.911695	0.25524017551	11	0.481173669952	3	0.504143720273	3	3	2	4480	805000	13	2000	1925	113	31	83	124	81	21	28	18	43	52	25	192
30610556_zpid	30610556_zpid	11216	253 Halsey St, Brooklyn, NY 11216	40.682801	-73.942983	0.100816788325	10	0.32556134356	9	0.367376037477	3	4	0.5	2100	1680000	3	1700	1899	141	85	92	133	77	18	39	22	42	47	26	197
30743385_zpid	30743385_zpid	11229	2097 E 22nd St, Brooklyn, NY 11229	40.600138	-73.949261	0.0711284070356	3	0.444150328913	5	0.571261179447	2	2	1	2249	600000	122	2192	1920	75	21	29	29	36	65	58	19	28	11	7	160
30662226_zpid	30662226_zpid	11203	717 E 46th St, Brooklyn, NY 11203	40.643737	-73.9331349	0.196620869752	5	0.726478392439	1	1.34515003317	0	3	2	1408	325000	76	2000	1930	28	14	12	14	13	30	20	7	18	11	4	89
83049409_zpid	83049409_zpid	11208	775 Liberty Ave, Brooklyn, NY 11208	40.676859	-73.881105	0.336812468574	9	0.406995564784	4	0.30526575844	3	6	4.5	1500	420000	40	1500	2005	142	21	74	96	75	43	47	24	33	39	13	192
30706358_zpid	30706358_zpid	11204	2154 Bay Ridge Pkwy, Brooklyn, NY 11204	40.608464	-73.988303	0.298754462697	12	0.431237171408	6	0.663364491991	1	6	3	2480	1299000	0	2492	1920	50	14	15	26	30	28	15	10	15	8	1	57
30583871_zpid	30583871_zpid	11215	322 4th St, Brooklyn, NY 11215	40.671667	-73.983229	0.147286043124	17	0.34627677565	4	0.437939979476	4	6	2	2920	2583750	21	1667	1899	59	77	26	45	26	27	62	43	32	15	22	228
30602556_zpid	30602556_zpid	11221	297 Van Buren St, Brooklyn, NY 11221	40.691215	-73.935154	0.393931028191	10	0.548467142173	6	0.585170218237	2	4	2	2280	340000	10	1900	1899	175	41	95	126	99	41	28	15	36	50	44	226
30668813_zpid	30668813_zpid	11226	365 E 28th St, Brooklyn, NY 11226	40.6414947	-73.9502635	0.334111020633	9	0.215751674589	4	0.231100960704	2	3	2	1040	840000	112	2000	1899	320	98	133	158	127	62	40	10	30	66	19	251
30631032_zpid	30631032_zpid	11207	186 Moffat St, Brooklyn, NY 11207	40.687682	-73.905904	0.414078215026	6	0.63783665427	2	0.197748597917	3	6	3	3300	510000	48	2003	1915	97	30	97	112	85	20	23	13	40	44	18	187
29778415_zpid	29778415_zpid	10452	1116 Nelson Ave, Bronx, NY 10452	40.835575	-73.926517	0.311210211753	4	0.0898474346929	4	0.430990611383	2	7	3	2064	479000	5	2340	1901	458	63	192	218	221	48	25	11	86	87	34	333
29815477_zpid	29815477_zpid	10461	1724 Hutchinson River Pkwy, Bronx, NY 10461	40.8464556	-73.8359224	0.292317274428	7	0.638498244292	1	0.285129243516	2	3	2	1288	336000	34	2613	1920	97	11	22	13	15	24	20	9	14	13	7	74
30772692_zpid	30772692_zpid	11236	727 E 92nd St, Brooklyn, NY 11236	40.649992	-73.91394	0.175030794832	6	0.86351751821	0	1.08663605122	0	1	1	2280	376000	43	2000	1955	42	4	15	19	19	39	22	10	6	12	3	94
30596102_zpid	30596102_zpid	11213	1226 Saint Marks Ave, Brooklyn, NY 11213	40.673796	-73.929093	0.109994600433	8	0.533679473594	4	0.634839300209	2	5	2	2000	398000	59	2000	1910	248	29	137	148	129	29	18	3	32	51	19	228
30626177_zpid	30626177_zpid	11221	24 Kossuth Pl, Brooklyn, NY 11221	40.6933249	-73.9269995	0.160394349019	9	0.0697664992068	4	0.153162114468	3	7	3	2100	539000	36	1219	1915	202	88	82	115	112	49	42	19	44	42	35	300
30598440_zpid	30598440_zpid	11233	1968 Bergen St, Brooklyn, NY 11233	40.673943	-73.9157479	0.382998075597	3	0.362444757391	3	0.657961322657	2	6	3	2760	550000	14	2555	1901	205	16	122	116	83	24	29	15	45	47	32	162
30660229_zpid	30660229_zpid	11203	4302 Snyder Ave, Brooklyn, NY 11203	40.649461	-73.936817	0.411682126284	2	0.464539605523	3	1.08844553214	0	6	3	2790	560000	28	2000	1920	105	11	58	55	52	36	18	2	23	22	8	95
29785667_zpid	29785667_zpid	10457	2182 Valentine Ave, Bronx, NY 10457	40.854406	-73.89879	0.194507044069	10	0.14487406255	9	0.249503789451	3	3	1	3828	210000	33	2376	1910	376	33	161	186	172	25	15	8	54	65	26	265
29846622_zpid	29846622_zpid	10465	278 Throggs Neck Blvd, Bronx, NY 10465	40.8194625	-73.8133361	0.324057643076	4	0.381372490213	1	3.33561738113	0	5	3	2090	440000	51	2395	1960	20	44	4	28	20	60	88	36	40	20	40	224
30735747_zpid	30735747_zpid	11223	271 Lake St, Brooklyn, NY 11223	40.5974906	-73.9738132	0.276798504023	3	0.30773333665	4	0.163531027289	4	4	2	1500	635000	5	1498	1899	16	19	7	32	7	52	26	60	27	3	6	97
