30721772_zpid	30721772_zpid	11223	1788 W 5th St, Brooklyn, NY 11223	40.603948	-73.978202	0.225810250225	8	0.139675729602	3	0.181816763047	4	5	3.5	1878	875000	17	3033	1920	104	29	49	28	38	100	30	49	24	15	6	123
30764908_zpid	30764908_zpid	11234	1318 E 59th St, Brooklyn, NY 11234	40.621346	-73.9187369	0.202561721011	10	0.748754552854	1	2.75679806543	0	3	1	1260	416000	5	1899	1920	28	28	12	24	24	144	108	80	84	20	36	428
30778704_zpid	30778704_zpid	11236	1381 E 104th St, Brooklyn, NY 11236	40.639159	-73.8862429	0.626328517543	1	0.554405210288	1	1.56013300216	0	3	2	1152	485000	108	2178	1955	68	16	60	52	12	16	40	16	52	12	8	140
30734444_zpid	30734444_zpid	11223	1929 W 9th St, Brooklyn, NY 11223	40.6001013	-73.9808829	0.106863701675	10	0.458822169824	6	0.327689323403	3	3	1	1600	505000	42	1600	1925	148	76	72	100	68	256	120	192	72	28	20	320
30734444_zpid	30734444_zpid	11223	1929 W 9th St, Brooklyn, NY 11223	40.6001013	-73.9808829	0.106863701675	10	0.458822169824	5	0.327689323403	3	3	1	1600	505000	42	1600	1925	148	76	72	100	68	256	120	192	72	28	20	320
30777063_zpid	30777063_zpid	11236	1447 E 92nd St, Brooklyn, NY 11236	40.635996	-73.897983	0.0693577771535	6	0.176876179161	3	1.23058649602	0	6	4	2232	740000	7	24393.600000000002	1930	128	88	88	104	24	232	92	44	60	52	24	348
30735922_zpid	30735922_zpid	11223	2035 West St, Brooklyn, NY 11223	40.5985234	-73.9715571	0.49651419076	4	0.427634171625	3	0.313307494133	3	3	2	1404	1325000	9	3000	1925	96	56	36	96	24	184	104	268	100	20	16	372
30735922_zpid	30735922_zpid	11223	2035 West St, Brooklyn, NY 11223	40.5985234	-73.9715571	0.49651419076	3	0.427634171625	4	0.313307494133	3	3	2	1404	1325000	9	3000	1925	96	56	36	96	24	184	104	268	100	20	16	372
30629956_zpid	30629956_zpid	11207	1166 Halsey St, Brooklyn, NY 11207	40.690437	-73.9102319	0.148469839437	8	0.679748700843	2	0.554360862795	2	7	3.5	3240	660000	12	1800	1925	115	31	85	108	81	22	24	17	39	57	21	193
30667070_zpid	30667070_zpid	11226	981 Rogers Ave, Brooklyn, NY 11226	40.646209	-73.95172	0.0774956246819	5	0.46120352382	8	0.263970246956	3	5	2	2120	325000	95	1263	1901	312	46	123	137	96	100	38	22	30	61	34	264
30765752_zpid	30765752_zpid	11234	5823 Avenue O, Brooklyn, NY 11234	40.61737	-73.9181739	0.195235225949	7	0.740572973627	1	3.02705036412	0	2	2	1600	167000	227	1780	1955	14	11	7	6	10	25	28	10	21	2	5	114
30750830_zpid	30750830_zpid	11210	942 E 37th St, Brooklyn, NY 11210	40.633746	-73.9412679	0.254589056185	1	0.302740873889	2	0.547927000306	1	4	3	1260	399000	38	2003	1925	62	21	41	48	45	48	26	14	25	18	4	105
30771583_zpid	30771583_zpid	11236	27 Paerdegat 12th St, Brooklyn, NY 11236	40.628574	-73.903858	0.982446960765	0	0.805755436338	0	2.01979159056	0	4	2.5	2375	485000	40	1916	1965	156	12	56	64	32	180	76	24	100	20	28	168
68310610_zpid	68310610_zpid	11208	206 Fountain Ave, Brooklyn, NY 11208	40.675077	-73.875504	0.218775146128	8	0.1355386592	4	0.288818533878	2	6	3.5	2840	510000	116	2840	2005	692	84	380	444	332	220	196	32	172	208	68	784
68310610_zpid	68310610_zpid	11208	206 Fountain Ave, Brooklyn, NY 11208	40.675077	-73.875504	0.218775146128	9	0.1355386592	4	0.288818533878	2	6	3.5	2840	510000	116	2840	2005	692	84	380	444	332	220	196	32	172	208	68	784
30701095_zpid	30701095_zpid	11228	629 92nd St, Brooklyn, NY 11228	40.616053	-74.025113	0.265968771713	10	0.512413591225	4	0.51775076866	1	5	3	2300	875000	10	1991	1935	2	0	3	5	1	5	14	5	5	0	1	15
30606813_zpid	30606813_zpid	11206	154 Ellery St, Brooklyn, NY 11206	40.6984039	-73.947092	0.218665348429	8	0.492911948705	6	0.296578758761	4	6	8	3015	550000	43	1793	1992	84	25	38	70	33	36	18	37	20	17	20	141
30791909_zpid	30791909_zpid	11235	2754 E 28th St, Brooklyn, NY 11235	40.585794	-73.941298	0.265444322888	4	0.633744315157	1	1.09381823296	0	4	2	1440	625000	11	1820	1930	92	28	56	88	48	132	80	76	136	16	20	336
30791909_zpid	30791909_zpid	11235	2754 E 28th St, Brooklyn, NY 11235	40.585794	-73.941298	0.433241784154	3	0.633744315157	1	1.09381823296	0	4	2	1440	625000	11	1820	1930	92	28	56	88	48	132	80	76	136	16	20	336
30769323_zpid	30769323_zpid	11236	970 E 85th St, Brooklyn, NY 11236	40.636432	-73.908419	0.160026859856	6	0.306564118293	2	1.26598721912	0	6	2	1760	405000	9	3000	1930	42	7	16	19	8	80	30	13	30	11	10	94
30607852_zpid	30607852_zpid	11221	269 Kosciuszko St, Brooklyn, NY 11221	40.69167	-73.944218	0.227386559075	9	0.19843995244	3	0.587925536429	2	18	8	8200	1450000	30	2350	1931	93	33	37	74	46	15	21	7	14	25	13	127
30726856_zpid	30726856_zpid	11229	1616 E 14th St, Brooklyn, NY 11229	40.6098489	-73.9597019	0.19624548346	8	0.39965739663	4	0.206175070393	1	3	1	1378	589500	23	2000	1920	75	21	31	34	26	29	15	16	10	11	6	135
30688090_zpid	30688090_zpid	11219	918 58th St, Brooklyn, NY 11219	40.634803	-74.005804	0.135205080738	7	0.321478995189	7	0.382298966557	2	4	2	2100	995000	27	2003	1925	38	14	15	24	9	48	36	37	14	6	6	75
30643425_zpid	30643425_zpid	11208	262 Lincoln Ave, Brooklyn, NY 11208	40.683635	-73.869573	0.231734934292	7	0.216369916647	7	0.358933806071	2	8	5	3120	252000	162	2188	1910	106	37	66	94	60	63	37	11	69	42	7	197
30766136_zpid	30766136_zpid	11236	105 Branton St, Brooklyn, NY 11236	40.646256	-73.919545	0.29986868876	3	0.948083686385	0	1.49522810212	0	2	1	960	283500	80	1440	1940	9	2	9	11	7	15	14	3	5	6	3	36
29833261_zpid	29833261_zpid	10466	949 E 232nd St, Bronx, NY 10466	40.890595	-73.850199	0.0835559869204	5	0.372189326011	4	0.677000775979	1	5	3	2166	294000	154	2613	1930	81	10	39	27	29	79	32	9	27	15	13	90
30601640_zpid	30601640_zpid	11233	12 Pleasant Pl, Brooklyn, NY 11233	40.677045	-73.910214	0.0431649670069	6	0.0299850167981	3	0.167811046361	8	2	3	1256	202800	139	1598	1901	229	26	158	193	129	50	39	27	62	78	31	222
30714949_zpid	30714949_zpid	11214	328 Bay 13th St, Brooklyn, NY 11214	40.603134	-74.013384	0.442193669817	3	0.575347937317	1	1.12115707835	0	2	1.75	1392	635000	21	1619	1945	4	4	5	8	4	13	10	14	9	0	0	37
29780996_zpid	29780996_zpid	10459	1165 Vyse Ave, Bronx, NY 10459	40.828117	-73.890231	0.239339653801	4	0.194957916504	6	0.262777540511	3	5	2	2160	203500	283	1999	1992	237	39	84	132	109	36	33	11	37	34	28	212
30730620_zpid	30730620_zpid	11214	8724 26th Ave, Brooklyn, NY 11214	40.594232	-73.987814	0.405162604088	8	0.368610198456	5	0.395367267537	2	4	2.5	2256	880000	7	1933	1955	17	7	5	18	5	22	30	24	21	8	4	61
30780254_zpid	30780254_zpid	11234	1244 E 68th St, Brooklyn, NY 11234	40.623613	-73.916332	0.418093896743	5	0.731101924071	1	2.83751557139	0	8	4.5	22	675000	29	4486	1970	18	6	10	9	7	55	21	22	18	9	6	111
30609048_zpid	30609048_zpid	11221	494A Quincy St # A, Brooklyn, NY 11221	40.6879363	-73.940992	0.23357150762	8	0.0702282887633	3	0.892330813937	0	8	7	4890	1649000	2	1875	1901	216	58	107	148	105	32	38	15	48	59	26	252
30789296_zpid	30789296_zpid	11235	2965 Brighton 7th St, Brooklyn, NY 11235	40.5800328	-73.9612008	0.108431478117	11	0.0880887977335	5	0.263683065623	2	7	3	1920	640000	11	2200	1931	804	240	284	380	212	328	232	124	192	128	112	1116
30789296_zpid	30789296_zpid	11235	2965 Brighton 7th St, Brooklyn, NY 11235	40.5800328	-73.9612008	0.108431478117	9	0.0880887977335	5	0.263683065623	2	7	3	1920	640000	11	2200	1931	804	240	284	380	212	328	232	124	192	128	112	1116
30699919_zpid	30699919_zpid	11209	156 87th St, Brooklyn, NY 11209	40.623361	-74.035065	0.345955454831	8	0.462759267825	2	0.568286745516	1	4	1.5	1920	849000	15	2100	1920	61	35	22	40	16	48	31	20	12	5	4	110
30757893_zpid	30757893_zpid	11210	926 E 40th St, Brooklyn, NY 11210	40.632756	-73.938318	0.426508427766	1	0.490556615313	1	0.787743862723	0	3	1.5	1372	409000	19	2000	1925	26	5	15	22	16	21	19	13	14	9	3	65
30698793_zpid	30698793_zpid	11209	161 84th St, Brooklyn, NY 11209	40.626035	-74.0338249	0.294410602936	8	0.708483624368	1	0.590886980623	1	6	4.5	3469	2275000	4	4000	1905	31	41	11	21	10	36	30	25	12	7	1	90
30788532_zpid	30788532_zpid	11234	2529 E 63rd St, Brooklyn, NY 11234	40.609675	-73.909949	0.722523424298	1	0.843256393014	0	4.04670932976	0	3	3	1188	584999	0	1800	1960	2	6	2	5	2	17	9	15	21	2	1	30
30701339_zpid	30701339_zpid	11209	29 94th St, Brooklyn, NY 11209	40.61838	-74.038314	0.452962768787	8	0.414054271879	3	0.646313792467	1	3	2	1632	1400000	0	2500	1925	158	25	17	29	22	25	28	24	6	4	4	97
29794191_zpid	29794191_zpid	10473	2335 Story Ave, Bronx, NY 10473	40.826245	-73.84512	0.435040244977	1	0.709032190074	1	1.05171096089	0	4	2	2200	395200	11	2575	1965	12	2	2	4	2	13	8	2	5	3	3	22
30695458_zpid	30695458_zpid	11209	566 Bay Ridge Pkwy, Brooklyn, NY 11209	40.628222	-74.021103	0.145608065282	14	0.196439141523	4	0.40897050658	1	5	2	2930	691000	47	2003	1915	65	26	33	43	26	35	47	48	23	25	5	126
30619858_zpid	30619858_zpid	11222	174 Huron St, Brooklyn, NY 11222	40.732901	-73.954372	0.0568916583624	12	0.128139569363	4	0.30820097765	1	8	4	2214	1599000	0	954	1901	100	130	66	74	48	55	44	24	28	23	15	253
30615545_zpid	30615545_zpid	11217	16 S Portland Ave, Brooklyn, NY 11217	40.689053	-73.975275	0.190264925168	7	0.221777645736	2	0.197541085857	8	5	3.5	5780	5020000	11	2000	1901	35	45	20	22	9	8	22	19	13	9	8	90
30788102_zpid	30788102_zpid	11234	366 Mayfair Dr S, Brooklyn, NY 11234	40.608151	-73.904927	1.06146208925	0	1.08032879068	0	4.29401098444	0	4	2.5	2255	648500	153	4133	1963	2	1	0	5	0	2	8	2	7	2	1	19
30707400_zpid	30707400_zpid	11214	1956 77th St, Brooklyn, NY 11214	40.609975	-73.993922	0.153096987647	15	0.105765580696	9	0.688110877375	3	4	2	2520	850000	28	2500	1920	80	9	26	31	16	50	37	24	20	9	6	102
30606595_zpid	30606595_zpid	11233	34 Rochester Ave, Brooklyn, NY 11233	40.678008	-73.927755	0.226526987182	5	0.343545622873	3	0.292954808178	2	6	2	1680	193471	76	1372	1901	93	46	59	81	61	15	13	2	28	32	16	138
30770381_zpid	30770381_zpid	11236	1167 E 83rd St, Brooklyn, NY 11236	40.632509	-73.9057459	0.643464170109	5	0.691876434972	2	1.6086367159	0	4	2	1880	250000	2	2142	1955	49	8	18	29	10	71	33	7	25	7	11	74
30671211_zpid	30671211_zpid	11218	604 Vanderbilt St, Brooklyn, NY 11218	40.653365	-73.975879	0.0721273620079	6	0.403446312355	1	0.397909034901	1	8	4	3192	900000	61	2600	1899	10	22	13	19	11	22	20	27	18	1	4	54
30666588_zpid	30666588_zpid	11226	2402 Snyder Ave, Brooklyn, NY 11226	40.648477	-73.954687	0.423119381158	10	0.261781830736	6	0.505748303943	3	3	2	1326	351000	125	2657	1910	339	50	188	157	163	85	40	17	51	57	24	281
29849783_zpid	29849783_zpid	10465	2583 Harding Ave, Bronx, NY 10465	40.8132715	-73.8270313	1.06628068869	0	1.0344020108	0	3.0852941225	0	3	2	1620	385000	7	1659	1956	9	9	6	1	1	9	7	15	6	1	1	15
30575745_zpid	30575745_zpid	11220	750 45th St, Brooklyn, NY 11220	40.644245	-74.0018769	0.156612990276	7	0.122298640591	8	0.677426890824	2	7	4	2138	1150000	6	2504	1920	76	27	33	51	31	60	46	15	23	9	4	123
30711132_zpid	30711132_zpid	11214	2117 85th St, Brooklyn, NY 11214	40.603689	-73.994631	0.214533043805	9	0.0877545618914	10	0.208546433108	2	5	2	3245	900000	46	2613	1950	772	88	224	280	208	424	192	140	112	76	36	800
30711132_zpid	30711132_zpid	11214	2117 85th St, Brooklyn, NY 11214	40.603689	-73.994631	0.214533043805	10	0.0877545618914	10	0.208546433108	2	5	2	3245	900000	46	2613	1950	772	88	224	280	208	424	192	140	112	76	36	800
30637978_zpid	30637978_zpid	11207	140 Van Siclen Ave, Brooklyn, NY 11207	40.676905	-73.891687	0.312048271018	6	0.300108495579	4	0.0975751178281	5	5	2	2352	5000	3	2500	1901	472	164	340	408	228	380	180	140	192	192	56	916
30637978_zpid	30637978_zpid	11207	140 Van Siclen Ave, Brooklyn, NY 11207	40.676905	-73.891687	0.312048271018	6	0.300108495579	5	0.0975751178281	5	5	2	2352	5000	3	2500	1901	472	164	340	408	228	380	180	140	192	192	56	916
29852729_zpid	29852729_zpid	10471	305 W 246th St, Bronx, NY 10471	40.8938913	-73.9013392	0.420983049705	2	1.15252934671	0	0.509473236386	1	8	5	3769	3100000	0	12196.800000000001	1920	18	2	5	8	5	1	16	3	6	1	4	20
30636712_zpid	30636712_zpid	11207	180 Sunnyside Ave, Brooklyn, NY 11207	40.682045	-73.8905879	0.36184438882	3	0.268156499027	4	0.48266415267	2	2	3	2128	499000	120	2000	1910	76	31	48	49	38	59	39	34	33	19	7	111
30633869_zpid	30633869_zpid	11207	58 Bradford St, Brooklyn, NY 11207	40.678208	-73.8939089	0.152774369369	5	0.165970538606	4	0.199312425876	4	2	1	1456	325000	36	2500	1901	111	38	75	87	63	74	48	39	43	33	13	174
30628445_zpid	30628445_zpid	11221	1274 Putnam Ave, Brooklyn, NY 11221	40.692402	-73.9141549	0.277848168365	7	0.373686654632	4	0.707487046426	1	3	1	1839	695000	7	1750	1910	160	44	116	143	106	39	36	10	69	61	43	195
30650174_zpid	30650174_zpid	11208	706 Cozine Ave, Brooklyn, NY 11208	40.661944	-73.8670829	0.610716664458	1	0.314305660213	3	1.48589831842	0	3	2	1824	223500	54	1700	1930	18	4	5	8	2	7	20	3	5	4	1	38
30582686_zpid	30582686_zpid	11217	137 Berkeley Pl, Brooklyn, NY 11217	40.675646	-73.975817	0.0830084698476	15	0.118167096929	6	0.355199279963	4	5	3.5	3378	2750000	46	1667	1899	50	50	9	25	15	10	39	15	29	11	9	110
55540728_zpid	55540728_zpid	10455	411 E 153rd St, Bronx, NY 10455	40.818931	-73.915865	0.391939743265	4	0.152188866139	9	0.352267660324	2	5	2	1960	480000	2	1960	1995	64	28	32	46	41	16	21	3	10	8	12	151
30783493_zpid	30783493_zpid	11229	1827 Burnett St, Brooklyn, NY 11229	40.608816	-73.9400129	0.449521899871	3	0.565809622271	1	1.50456593148	0	3	4	2000	673500	45	2178	1935	15	6	7	17	7	11	14	9	10	2	2	41
30621701_zpid	30621701_zpid	11222	641 Humboldt St, Brooklyn, NY 11222	40.724455	-73.9455459	0.0885062921962	13	0.220686896464	2	0.483913678999	1	2	3	1852	835000	39	1617	1901	140	288	88	180	52	80	148	84	108	44	60	756
30621701_zpid	30621701_zpid	11222	641 Humboldt St, Brooklyn, NY 11222	40.724455	-73.9455459	0.0885062921962	14	0.220686896464	2	0.483913678999	1	2	3	1852	835000	39	1617	1901	140	288	88	180	52	80	148	84	108	44	60	756
30623505_zpid	30623505_zpid	11211	144 Powers St, Brooklyn, NY 11211	40.712083	-73.94512	0.116485619788	10	0.13131893565	4	0.290593531557	5	3	2	1080	115000	206	750	1910	26	87	21	47	27	27	43	7	19	13	14	174
29852719_zpid	29852719_zpid	10471	271 College Rd, Bronx, NY 10471	40.896624	-73.9001569	0.635176128477	1	0.967717159957	0	0.759198922554	0	4	2.5	2800	1360000	17	8760	1935	24	1	6	6	5	4	13	3	6	0	4	20
64804594_zpid	64804594_zpid	11212	24 Tapscott St, Brooklyn, NY 11212	40.667265	-73.921154	0.138365041875	7	0.0863957811638	5	0.308886072331	1	7	5	4524	372433	132	2200	2002	119	13	40	57	38	27	21	7	26	14	4	102
30774736_zpid	30774736_zpid	11236	940 E 103rd St, Brooklyn, NY 11236	40.645654	-73.89555	0.386851586319	6	0.385712471763	2	0.543638218672	2	5	2.5	2244	600000	120	2000	1960	232	32	104	84	60	188	68	28	68	60	40	404
30774736_zpid	30774736_zpid	11236	940 E 103rd St, Brooklyn, NY 11236	40.645654	-73.89555	0.401814219045	5	0.385712471763	2	0.543638218672	2	5	2.5	2244	600000	120	2000	1960	232	32	104	84	60	188	68	28	68	60	40	404
30793676_zpid	30793676_zpid	11229	14 Kay Ct, Brooklyn, NY 11229	40.58856	-73.926604	0.398027381813	2	1.14462829886	0	2.33643908375	0	2	1	1200	290000	26	1680	1925	8	16	4	64	4	4	112	44	80	4	12	144
30791092_zpid	30791092_zpid	11235	183 Girard St, Brooklyn, NY 11235	40.578226	-73.945205	0.63830322797	3	1.13002277276	0	1.22639282109	0	7	5	2664	1980000	38	6240	1920	18	6	3	12	5	9	22	10	18	2	2	30
30756498_zpid	30756498_zpid	11234	1528 E 37th St, Brooklyn, NY 11234	40.6177629	-73.939457	0.498802458993	3	0.0821643610695	4	1.68516271082	0	3	2	1472	689000	0	2000	1925	96	56	72	92	44	156	88	84	112	24	12	404
30592498_zpid	30592498_zpid	11216	793 Saint Johns Pl, Brooklyn, NY 11216	40.6719549	-73.951882	0.115942567293	13	0.149953095982	2	0.263017732438	5	3	3.5	1500	1795000	0	1983	1920	284	73	146	175	165	21	35	9	41	58	32	244
30634451_zpid	30634451_zpid	11207	314 Pennsylvania Ave, Brooklyn, NY 11207	40.6697318	-73.8956581	0.107348767473	5	0.0795454942088	9	0.534902953938	4	5	3	2400	407000	19	5000	1910	460	64	412	432	428	84	136	36	128	136	80	740
30634451_zpid	30634451_zpid	11207	314 Pennsylvania Ave, Brooklyn, NY 11207	40.6697318	-73.8956581	0.107348767473	5	0.0795454942088	10	0.534902953938	4	5	3	2400	407000	19	5000	1910	460	64	412	432	428	84	136	36	128	136	80	740
29826613_zpid	29826613_zpid	10467	779 E 211th St, Bronx, NY 10467	40.877706	-73.862574	0.327845065984	6	0.253282377173	2	0.322100279566	3	7	3	3658	567000	9	3937	1910	172	16	73	69	56	45	19	3	26	32	14	158
30589531_zpid	30589531_zpid	11238	583 Bergen St, Brooklyn, NY 11238	40.680083	-73.970552	0.195090824944	18	0.329513659646	6	0.337623072722	6	10	3	2727	1650000	10	1480	1920	75	59	27	43	18	16	33	17	18	11	12	117
30585325_zpid	30585325_zpid	11215	185 12th St, Brooklyn, NY 11215	40.6693659	-73.991377	0.130163787052	11	0.40285830648	3	0.175311499729	3	3	2	1250	2450000	5	2500	1899	296	284	124	240	116	156	220	132	124	76	48	888
30664566_zpid	30664566_zpid	11225	342 Lincoln Rd, Brooklyn, NY 11225	40.6612889	-73.951413	0.0877887098941	8	0.197734055317	6	0.168600007671	3	4	2	3087	1200000	0	2050	1905	405	82	176	162	169	43	36	16	42	71	15	284
30599797_zpid	30599797_zpid	11233	543 Bainbridge St, Brooklyn, NY 11233	40.682992	-73.915311	0.145327494915	6	0.269492658285	3	0.383828639837	4	2	1	2700	455000	132	2000	1910	210	39	153	172	130	27	38	16	49	89	16	233
30672505_zpid	30672505_zpid	11218	64 Louisa St, Brooklyn, NY 11218	40.643247	-73.981911	0.172389611457	9	0.151424517314	9	0.20829665594	1	6	3	1872	215000	242	2200	1920	87	31	34	46	39	55	58	41	14	14	9	186
30610440_zpid	30610440_zpid	11216	101 Halsey St, Brooklyn, NY 11216	40.682048	-73.94956	0.169816750857	10	0.160379258944	8	0.164255094907	4	5	4	3332	377000	82	1850	1901	1000	668	468	652	480	140	240	112	224	280	152	1176
30610440_zpid	30610440_zpid	11216	101 Halsey St, Brooklyn, NY 11216	40.682048	-73.94956	0.169816750857	11	0.160379258944	8	0.164255094907	4	5	4	3332	377000	82	1850	1901	1000	668	468	652	480	140	240	112	224	280	152	1176
30714941_zpid	30714941_zpid	11214	312 Bay 13th St, Brooklyn, NY 11214	40.603448	-74.013052	0.399393221545	3	0.543559699347	1	1.07992777274	0	2	2	928	699999	0	1653	1945	6	4	7	11	5	15	11	17	10	0	1	39
29842394_zpid	29842394_zpid	10461	2891 Dudley Ave, Bronx, NY 10461	40.840965	-73.833079	0.34972508709	5	0.741091986731	1	0.422683008515	2	4	2	1598	425000	43	2908	1920	69	18	19	18	16	53	34	25	14	10	3	101
30643689_zpid	30643689_zpid	11208	86 Fountain Ave, Brooklyn, NY 11208	40.678066	-73.876325	0.284507448382	12	0.404500038293	6	0.465266377341	5	10	3.5	2835	475000	126	20	1910	111	22	61	75	60	47	49	19	46	25	12	203
30756960_zpid	30756960_zpid	11234	1630 E 35th St, Brooklyn, NY 11234	40.6150639	-73.938924	0.200922823436	3	0.179349434481	2	1.74770227938	0	3	2	1036	450000	32	1742	1925	48	60	32	72	20	136	96	92	152	32	12	368
30627188_zpid	30627188_zpid	11237	388 Bleecker St, Brooklyn, NY 11237	40.702075	-73.913943	0.0650902601393	13	0.310674853866	5	0.324794504529	5	1	1	900	999000	19	2000	1931	150	65	113	144	101	44	31	26	60	57	24	249
30764541_zpid	30764541_zpid	11234	1600 E 53rd St, Brooklyn, NY 11234	40.619503	-73.924328	0.123638410312	12	0.527188109885	1	2.46635356175	0	3	2.5	660	11000	5	2095	1920	14	25	5	9	11	44	27	17	19	5	8	137
30628196_zpid	30628196_zpid	11221	1239A Putnam Ave, Brooklyn, NY 11221	40.691822	-73.915418	0.227742383091	7	0.381451543182	4	0.620873614316	2	2	1	18	1195000	0	17	1910	183	47	125	168	115	47	43	9	77	63	53	218
30792504_zpid	30792504_zpid	11235	2823 Batchelder St, Brooklyn, NY 11235	40.584761	-73.935712	0.616904456636	1	0.72143199742	1	1.57717410718	0	3	1	2240	599000	0	2800	1920	56	12	23	32	28	27	21	14	28	9	5	92
29844035_zpid	29844035_zpid	10465	1604 Kennellworth Pl, Bronx, NY 10465	40.8464219	-73.821877	0.70060383208	1	0.382048140352	1	0.847345633873	0	3	2	2442	475000	36	3750	1955	1	4	2	3	0	13	27	13	8	0	0	23
30634030_zpid	30634030_zpid	11207	2752 Fulton St, Brooklyn, NY 11207	40.67759	-73.89301	0.210432786408	6	0.208316513793	4	0.119528206378	4	3	1.5	2500	425000	111	2500	1968	122	44	90	104	71	93	48	50	46	41	15	206
30764040_zpid	30764040_zpid	11234	1629 Hendrickson St, Brooklyn, NY 11234	40.6186269	-73.9334219	0.375532855546	8	0.415540690557	3	1.98630322048	0	3	2	1680	485000	81	40	1920	9	43	8	16	13	43	32	23	14	9	1	133
30602694_zpid	30602694_zpid	11221	300 Van Buren St, Brooklyn, NY 11221	40.690815	-73.935006	0.406336867854	10	0.518317272653	6	0.593532927231	2	5	2.5	1512	650000	44	17	1899	182	41	99	134	97	42	30	16	35	52	43	233
30724291_zpid	30724291_zpid	11230	953 E 12th St, Brooklyn, NY 11230	40.626001	-73.96409	0.246779896028	5	0.210231562565	4	0.291838008051	2	4	2	1913	690000	23	2400	1930	432	96	216	224	232	200	112	132	76	68	32	612
30740000_zpid	30740000_zpid	11235	2546 Ocean Pkwy, Brooklyn, NY 11235	40.5877124	-73.9664367	0.402280500203	6	0.478915644624	1	0.693801912699	1	3	2	1820	760000	4	1820	1955	52	24	32	44	8	88	100	52	32	28	4	124
30613114_zpid	30613114_zpid	11238	394 Vanderbilt Ave, Brooklyn, NY 11238	40.685576	-73.968653	0.233341404667	10	0.254688452901	4	0.270596546442	5	5	4	3336	2500000	3	1867	1899	113	61	53	74	55	32	34	11	24	23	22	118
30604751_zpid	30604751_zpid	11233	503 Halsey St, Brooklyn, NY 11233	40.683993	-73.932778	0.0447861252356	9	0.229461577797	4	0.543554658998	1	4	3	2544	975000	7	1750	1899	90	55	66	96	47	9	22	6	25	25	17	129
30608853_zpid	30608853_zpid	11221	514 Lexington Ave, Brooklyn, NY 11221	40.6887198	-73.9399414	0.2551178358	8	0.194194048431	3	0.982529329279	0	5	2	2880	805000	9	2000	1993	944	252	468	672	456	144	164	68	204	256	116	1068
30608853_zpid	30608853_zpid	11221	514 Lexington Ave, Brooklyn, NY 11221	40.6887198	-73.9399414	0.2551178358	9	0.194194048431	3	0.982529329279	0	5	2	2880	805000	9	2000	1993	944	252	468	672	456	144	164	68	204	256	116	1068
29796663_zpid	29796663_zpid	10472	2037 Watson Ave, Bronx, NY 10472	40.82932	-73.855329	0.175578629578	11	0.418150703261	5	0.630729109801	2	3	2	1714	355000	2	1854	1955	91	18	58	62	45	47	33	10	55	24	8	106
