29793704_zpid	29793704_zpid	10473	2142 Hermany Ave, Bronx, NY 10473	40.824259	-73.850661	0.415874087595	4	0.514676171031	2	1.11842550749	0	3	2	1624	320000	19	3619	1930	57	20	25	20	14	28	15	6	13	9	8	58
30624429_zpid	30624429_zpid	11206	61 Montrose Ave, Brooklyn, NY 11206	40.7071031	-73.947528	0.343911710865	11	0.229264566386	10	0.279597274112	4	1	2	4750	65000	304	2500	1930	62	96	29	50	33	13	32	12	26	10	5	146
30676355_zpid	30676355_zpid	11230	238 Parkville Ave, Brooklyn, NY 11230	40.631369	-73.969906	0.305587482582	8	0.328196634693	6	0.620832282761	3	5	3	3500	1099900	0	2003	1925	78	36	49	44	45	63	40	49	24	17	13	156
30625050_zpid	30625050_zpid	11206	104 Central Ave, Brooklyn, NY 11206	40.700289	-73.92956	0.124683043641	15	0.0490566878052	4	0.326524736779	3	6	3	2000	1285000	9	2500	1899	45	36	27	29	12	18	15	12	25	12	9	93
30787481_zpid	30787481_zpid	11234	2769 E 63rd St, Brooklyn, NY 11234	40.6064549	-73.914328	1.05916333718	0	1.27035765947	0	3.60511952609	0	3	4	2028	689000	7	1800	1965	3	4	2	5	3	17	4	26	19	2	1	25
30620344_zpid	30620344_zpid	11222	129 Calyer St, Brooklyn, NY 11222	40.727446	-73.9559979	0.104235700525	15	0.253928812514	4	0.342785995325	2	3	2	1962	1500000	0	1425	1901	61	84	20	47	27	40	33	25	22	14	11	169
30789052_zpid	30789052_zpid	11234	2306 E 63rd St, Brooklyn, NY 11234	40.612732	-73.910074	0.418829171956	2	0.504842662	1	3.83956732606	0	5	3.5	1744	290000	212	7000	1950	0	7	3	5	2	10	5	14	11	1	0	25
30757176_zpid	30757176_zpid	11229	3025 Avenue R, Brooklyn, NY 11229	40.609603	-73.94072	0.426586253668	3	0.50827428641	1	1.44840879466	0	3	1	1986	755000	10	3200	1920	23	5	11	17	9	7	13	15	10	2	2	44
30636706_zpid	30636706_zpid	11207	162 Sunnyside Ave, Brooklyn, NY 11207	40.681823	-73.891102	0.316323737395	3	0.221640489576	4	0.45216679193	2	6	2	2252	425000	81	1650	1950	83	31	53	54	44	62	40	34	35	22	7	118
29833413_zpid	29833413_zpid	10466	1040 E 225th St, Bronx, NY 10466	40.8843729	-73.850513	0.13339908552	5	0.134204913149	2	0.921480576852	0	6	3	3063	385000	6	5471	1930	50	9	24	18	14	53	8	4	26	17	9	63
30642959_zpid	30642959_zpid	11208	200 Lincoln Ave, Brooklyn, NY 11208	40.685234	-73.869955	0.271312585636	7	0.17513224581	4	0.395094898173	3	4	2	2160	425000	19	1751	1940	99	36	51	82	46	68	39	12	60	38	7	187
30779262_zpid	30779262_zpid	11236	1422 E 99th St, Brooklyn, NY 11236	40.6359489	-73.889678	0.241679402758	6	0.231140460696	4	1.5739230094	0	6	4.5	3102	550000	21	2100	1960	20	10	18	16	2	21	10	14	15	7	1	59
83044717_zpid	83044717_zpid	11216	261 Tompkins Ave, Brooklyn, NY 11216	40.689302	-73.94479	0.24596007364	11	0.346733492448	4	0.5792408364	1	10	5	4125	1590000	0	4200	1910	344	96	152	244	212	48	64	20	84	96	68	400
83044717_zpid	83044717_zpid	11216	261 Tompkins Ave, Brooklyn, NY 11216	40.689302	-73.94479	0.284326639556	10	0.346733492448	4	0.5792408364	1	10	5	4125	1590000	0	4200	1910	344	96	152	244	212	48	64	20	84	96	68	400
30730060_zpid	30730060_zpid	11214	35 Bay 41st St, Brooklyn, NY 11214	40.596148	-73.986275	0.172149918352	9	0.166003073938	6	0.179431244967	2	15	19	7683	465000	205	4283	2013	11	11	6	11	6	20	22	14	14	5	2	42
29782125_zpid	29782125_zpid	10453	1915 Harrison Ave, Bronx, NY 10453	40.8534965	-73.9109493	0.112243098684	11	0.279271373766	8	0.274982140697	4	4	2	2126	360000	57	6420	1920	602	42	223	241	228	95	31	24	105	74	27	350
29788725_zpid	29788725_zpid	10467	308 E 207th St, Bronx, NY 10467	40.875176	-73.876222	0.226721289709	11	0.282203613761	4	0.225321350386	2	3	1	2720	540000	93	2887	1901	546	57	156	186	199	60	29	31	63	51	25	265
30782654_zpid	30782654_zpid	11234	2149 E 73rd St, Brooklyn, NY 11234	40.619938	-73.904728	0.562479110704	1	0.496863669175	1	2.9839332732	0	4	1.5	600	550000	56	4000	1925	11	6	6	10	5	12	17	8	15	3	4	56
29827614_zpid	29827614_zpid	10469	931 E 215th St # 2, Bronx, NY 10469	40.878796	-73.857263	0.493431275985	4	0.693983769186	1	0.725058170009	1	6	5	3112	563000	49	1971	2011	62	6	37	44	33	56	5	5	24	19	13	82
29847347_zpid	29847347_zpid	10465	3176 Giegerich Pl, Bronx, NY 10465	40.81414	-73.802818	0.954657061847	0	1.39866485151	0	4.3487952718	0	3	1.25	1750	420000	6	4000	1950	0	4	1	2	0	3	11	6	5	0	1	17
30709538_zpid	30709538_zpid	11214	1633 82nd St, Brooklyn, NY 11214	40.612	-74.003885	0.173394356562	10	0.354373448237	6	0.323284700268	2	4	2	1800	780000	3	2000	1945	41	5	11	22	9	17	30	28	14	7	6	101
30660893_zpid	30660893_zpid	11203	433 E 35th St, Brooklyn, NY 11203	40.644495	-73.943774	0.154620036933	5	0.321841745331	3	0.443065556714	2	2	1	2860	75000	17	3005	1920	448	40	300	196	260	136	60	24	92	64	52	340
30733672_zpid	30733672_zpid	11224	5115 Surf Ave, Brooklyn, NY 11224	40.579279	-74.009636	0.0919039155787	1	0.685646101502	1	2.41032799336	0	4	3.5	2315	667000	8	7929	1970	11	5	3	15	4	1	15	0	9	1	2	19
30740158_zpid	30740158_zpid	11235	2515 Hubbard St, Brooklyn, NY 11235	40.5887098	-73.9630678	0.22879435991	7	0.784364391857	0	0.780047279464	0	3	3	1728	375000	60	2160	1970	27	12	10	15	10	41	39	25	16	8	4	63
30647586_zpid	30647586_zpid	11207	804 Miller Ave, Brooklyn, NY 11207	40.660858	-73.88728	0.169502482978	4	0.300943804479	5	0.536425677047	2	7	2.5	3100	457500	2	2500	1920	148	10	101	89	82	19	30	7	40	55	12	176
30655587_zpid	30655587_zpid	11236	631 E 95th St, Brooklyn, NY 11236	40.652956	-73.91347	0.369901580013	6	0.592890712562	1	0.976168150687	0	3	2	1809	525000	100	3293	1945	46	4	15	23	22	33	15	7	6	9	3	66
29777857_zpid	29777857_zpid	10451	296 E 163rd St, Bronx, NY 10451	40.826674	-73.916617	0.168170472967	9	0.295818420223	6	0.154790535113	1	5	2	2472	460000	0	2874	1901	696	116	264	284	244	36	68	64	88	68	96	628
29777857_zpid	29777857_zpid	10451	296 E 163rd St, Bronx, NY 10451	40.826674	-73.916617	0.07898865686	10	0.295818420223	6	0.154790535113	1	5	2	2472	460000	0	2874	1901	696	116	264	284	244	36	68	64	88	68	96	628
30624627_zpid	30624627_zpid	11206	3 Seigel Ct, Brooklyn, NY 11206	40.70536	-73.935837	0.262276770591	9	0.467539776055	2	0.243523225495	3	4	2	1100	725000	7	1843	1989	25	80	20	14	7	19	29	8	16	9	5	100
2099058490_zpid	2099058490_zpid	10457	612 E 181st St, Bronx, NY 10457	40.849997	-73.890606	0.262262832686	13	0.549570790978	4	0.829888260099	0	3	3	1352	359000	0	1868	1901	238	56	138	148	120	30	17	12	51	57	27	227
30660482_zpid	30660482_zpid	11226	169 E 32nd St, Brooklyn, NY 11226	40.646585	-73.946895	0.236580110937	5	0.280139516639	4	0.240401533155	3	7	3	3000	629000	12	2000	1920	832	140	272	336	244	292	88	44	76	140	84	660
30790325_zpid	30790325_zpid	11235	131 Corbin Pl, Brooklyn, NY 11235	40.578656	-73.953961	0.0742754797342	8	0.390490249111	4	0.628318583151	1	4	5	1962	999000	0	1799	1930	159	40	40	51	34	46	51	26	35	20	8	127
30641077_zpid	30641077_zpid	11207	845 Livonia Ave, Brooklyn, NY 11207	40.6661549	-73.885548	0.113361659863	8	0.303481941573	3	0.155565477202	2	6	2	1320	370000	33	801	1901	166	16	106	98	86	27	30	11	43	64	21	188
30641923_zpid	30641923_zpid	11208	99 Grant Ave, Brooklyn, NY 11208	40.68864	-73.868185	0.168177581337	6	0.361292145894	6	0.311553557232	2	3	1	1106	266000	57	4000	1925	48	24	33	46	30	39	22	9	23	18	3	101
29777882_zpid	29777882_zpid	10451	293 E 163rd St, Bronx, NY 10451	40.827129	-73.916452	0.219005716201	9	0.338401368665	8	0.183763395923	1	4	4	2232	265500	136	1718	1901	177	28	70	72	60	9	17	15	20	17	23	157
29830009_zpid	29830009_zpid	10469	3211 Mickle Ave, Bronx, NY 10469	40.873633	-73.843776	0.447217170632	6	0.477529854964	1	0.507165994244	1	3	1	1348	150000	0	2578	1940	45	10	35	29	19	41	28	9	31	18	10	92
30724455_zpid	30724455_zpid	11230	975 E 17th St, Brooklyn, NY 11230	40.626827	-73.959463	0.230159123149	4	0.242358139487	2	0.206811710055	2	6	3	3192	850000	52	4000	1901	178	21	90	81	99	46	23	33	19	23	9	146
30701440_zpid	30701440_zpid	11209	9319 Lafayette Walk, Brooklyn, NY 11209	40.6174209	-74.0314804	0.161514032926	11	0.0494280144345	5	0.140120220205	2	2	2	910	749000	0	1021	1925	121	41	32	37	31	79	48	29	6	12	8	183
30705399_zpid	30705399_zpid	11228	1265 Bay Ridge Pkwy, Brooklyn, NY 11228	40.620806	-74.007762	0.0830321924071	7	0.155073345099	2	0.763955010119	0	7	3	3120	650000	94	2000	1915	10	10	6	25	6	49	52	50	21	2	2	74
30791165_zpid	30791165_zpid	11235	114 Kensington St, Brooklyn, NY 11235	40.58032	-73.942381	0.78278629844	0	1.2233969801	0	1.23559868508	0	3	3.5	2300	1650000	4	6240	1943	68	28	4	56	12	68	96	20	52	4	8	124
30791165_zpid	30791165_zpid	11235	114 Kensington St, Brooklyn, NY 11235	40.58032	-73.942381	0.516661292042	1	1.2233969801	0	1.23559868508	0	3	3.5	2300	1650000	4	6240	1943	68	28	4	56	12	68	96	20	52	4	8	124
30642492_zpid	30642492_zpid	11208	157 Grant Ave, Brooklyn, NY 11208	40.687219	-73.867821	0.16662020317	8	0.2348166662	6	0.460578246665	3	5	3	3316	665000	8	4356	1901	228	116	156	220	136	204	108	40	128	92	16	484
30595365_zpid	30595365_zpid	11225	556 Empire Blvd, Brooklyn, NY 11225	40.663794	-73.943878	0.0604067451767	8	0.091779117939	7	0.600261605173	3	7	5	3280	735000	48	3061	1923	179	20	61	80	77	21	23	12	21	23	5	119
29826625_zpid	29826625_zpid	10467	717 E 213th St, Bronx, NY 10467	40.8790985	-73.8644657	0.124487839944	4	0.123876500007	2	0.237494803405	3	8	3	2920	448050	29	2500	1975	820	68	320	332	280	200	104	16	128	136	68	712
30739738_zpid	30739738_zpid	11235	721 Desmond Ct, Brooklyn, NY 11235	40.5908759	-73.962035	0.356985066631	9	0.815189367879	0	0.757821698985	0	3	1.5	1296	537000	79	1800	1945	34	10	9	12	10	31	27	19	14	4	2	45
30637552_zpid	30637552_zpid	11208	99 Shepherd Ave, Brooklyn, NY 11208	40.68248	-73.88212	0.143270817554	7	0.21309964714	3	0.21224735019	3	5	2	1080	312500	44	2000	1910	320	136	196	212	212	192	128	92	140	88	56	616
30781878_zpid	30781878_zpid	11234	2028 E 64th St, Brooklyn, NY 11234	40.617297	-73.913753	0.272128311153	6	0.366921198404	1	3.34523031321	0	3	2	1840	455000	2	2800	1925	19	8	9	10	5	22	21	9	17	2	4	74
30670439_zpid	30670439_zpid	11218	200 Terrace Pl, Brooklyn, NY 11218	40.6556799	-73.974971	0.137139321037	7	0.248398574163	2	0.659008831199	2	7	3	3705	1100000	72	2125	1920	6	8	8	11	2	18	13	14	10	0	1	36
29789689_zpid	29789689_zpid	10470	338 E 239th St, Bronx, NY 10470	40.900293	-73.865939	0.295801010942	3	0.34887162296	1	0.605090205512	1	3	3.5	2400	599000	0	2178	1915	72	18	12	24	12	38	13	18	17	6	5	81
29819948_zpid	29819948_zpid	10469	1482 Astor Ave, Bronx, NY 10469	40.859271	-73.843315	0.291564211039	2	0.813193608431	0	1.0234820973	0	3	2	1769	410000	8	2660	1950	12	7	2	9	2	18	21	6	13	2	2	39
30783003_zpid	30783003_zpid	11234	2369 E 70th St, Brooklyn, NY 11234	40.614977	-73.902919	0.701602398261	1	0.603648213373	1	3.52742382099	0	3	2.5	1998	680000	9	2550	1956	8	48	8	32	0	20	76	36	52	4	12	192
30739988_zpid	30739988_zpid	11223	16 Manhattan Ct, Brooklyn, NY 11223	40.58775	-73.967211	0.368962704781	5	0.41889544919	1	0.630410093135	1	2	1	1050	649000	0	2000	1930	208	40	40	60	16	64	108	92	48	4	20	236
29813530_zpid	29813530_zpid	10462	1834 Delancey Pl, Bronx, NY 10462	40.84745	-73.860658	0.150158587651	7	0.267783956327	2	0.674408986174	1	2	2	1280	355000	12	1799	1950	71	29	37	54	24	79	37	31	27	21	14	111
30785735_zpid	30785735_zpid	11234	2034 E 35th St, Brooklyn, NY 11234	40.608481	-73.931579	0.281839567521	1	0.785848878465	0	2.2173483646	0	3	3	1568	501000	48	2000	1930	4	28	16	8	8	44	88	84	76	4	4	136
30794127_zpid	30794127_zpid	11229	115 Abbey Ct, Brooklyn, NY 11229	40.590643	-73.923545	0.129252323249	2	1.36263800811	0	2.62104635934	0	3	1	600	225000	7	1800	1920	4	24	4	56	0	4	116	44	80	4	16	144
30768610_zpid	30768610_zpid	11236	740 E 83rd St, Brooklyn, NY 11236	40.637504	-73.9120949	0.0770088493199	6	0.114183838136	2	1.33654728117	0	6	4	2740	640000	120	2000	1960	37	7	29	21	11	80	30	14	31	12	12	107
30751612_zpid	30751612_zpid	11210	945 E 28th St, Brooklyn, NY 11210	40.627864	-73.948775	0.12857863661	3	0.117503484547	3	0.561696459654	1	3	2.5	1424	211000	236	2000	1925	82	21	46	30	28	56	31	19	27	7	6	114
30774889_zpid	30774889_zpid	11236	941 E 105th St, Brooklyn, NY 11236	40.646923	-73.8936	0.185448930861	4	0.128836866803	3	0.641988156425	2	3	2	1224	495000	0	1400	1960	35	7	21	14	11	30	12	3	14	7	8	73
83043271_zpid	83043271_zpid	11231	111 Sullivan St, Brooklyn, NY 11231	40.678027	-74.012989	0.305720102036	3	0.176338803738	3	1.38075795353	0	1	1	3079	850000	116	2375	2004	21	49	7	17	1	6	29	6	9	5	2	54
29846356_zpid	29846356_zpid	10465	619 Vincent Ave, Bronx, NY 10465	40.827273	-73.815648	0.511357011182	2	0.629831884414	1	2.53821062218	0	4	2.5	2000	510000	96	25	1965	11	6	6	11	1	8	16	20	14	0	4	44
30787482_zpid	30787482_zpid	11234	2767 E 63rd St, Brooklyn, NY 11234	40.606485	-73.9142789	1.05737577221	0	1.26583727351	0	3.60990708572	0	3	2.5	2028	221500	210	1800	1965	3	4	2	5	3	17	4	26	20	2	1	23
30615041_zpid	30615041_zpid	11205	109 Clermont Ave, Brooklyn, NY 11205	40.694403	-73.970774	0.168638592306	7	0.258806349568	2	0.786756248902	0	6	2	2110	1585000	0	2000	1899	54	87	28	39	28	44	17	26	27	18	13	150
30578821_zpid	30578821_zpid	11220	413 57th St, Brooklyn, NY 11220	40.642439	-74.016025	0.0852318768908	8	0.120511084873	8	0.197362429446	2	6	2	2280	3000000	4	2000	1899	158	67	52	85	58	39	65	35	43	30	9	258
29784723_zpid	29784723_zpid	10458	660 E 188th St, Bronx, NY 10458	40.855348	-73.885165	0.175197891178	9	0.158985705632	2	0.817794847541	0	6	2	2380	469000	15	1900	1910	412	92	137	166	160	25	32	17	55	74	26	299
30768200_zpid	30768200_zpid	11236	616D E 87th St, Brooklyn, NY 11236	40.6411852	-73.9110302	0.384166681247	6	0.530903864485	3	0.985843825201	0	6	2.5	2869	510000	8	1506	2000	168	28	104	64	32	260	108	40	92	48	32	452
30729998_zpid	30729998_zpid	11214	63 Bay 40th St, Brooklyn, NY 11214	40.596089	-73.987517	0.204726609066	8	0.160798946886	6	0.18895249174	2	3	1	1746	537000	53	1740	1950	60	44	40	44	24	100	108	80	60	20	12	220
30731491_zpid	30731491_zpid	11214	189 Bay 46th St, Brooklyn, NY 11214	40.5884995	-73.9883113	0.309323036457	4	0.697134433129	1	0.386201682002	1	5	4	2359	946972	2	1933	1920	13	9	9	25	6	22	24	23	27	8	5	47
29844430_zpid	29844430_zpid	10465	1626 Bayview Ave, Bronx, NY 10465	40.846905	-73.817058	1.10255561857	0	0.7773295607	0	1.07879854074	0	4	3	2052	510000	18	2408	1960	1	2	0	4	0	13	16	15	5	1	0	28
30673972_zpid	30673972_zpid	11218	405 E 7th St, Brooklyn, NY 11218	40.6419659	-73.972103	0.188186254549	14	0.291476635359	7	0.680261365723	3	4	4	1825	800000	28	3354	1925	169	59	63	81	54	59	41	63	31	20	12	206
30690102_zpid	30690102_zpid	11219	1161 Ovington Ave, Brooklyn, NY 11219	40.626047	-74.006061	0.185592482765	7	0.372247615224	5	0.597354135173	1	4	2	1880	950000	20	2600	1960	35	11	15	17	10	34	45	44	11	4	14	96
30691923_zpid	30691923_zpid	11220	6823 Narrows Ave, Brooklyn, NY 11220	40.638382	-74.033401	0.446102504916	6	0.579290539569	2	0.92820030819	0	1	1	2504	795000	77	2527	1925	27	6	6	5	8	13	12	14	4	2	1	44
29850345_zpid	29850345_zpid	10464	25 Centre St, Bronx, NY 10464	40.843928	-73.788844	0.301783498614	3	3.11659736873	0	3.37293941014	0	4	3.5	3934	800000	68	5000	1940	16	12	5	6	3	1	35	10	5	3	21	39
30659926_zpid	30659926_zpid	11203	432 E 46th St, Brooklyn, NY 11203	40.651068	-73.934502	0.127616821026	5	0.217203960675	3	1.27327027156	0	4	2.5	1376	350000	2	2000	1950	141	11	76	63	69	39	33	5	35	31	10	153
30656636_zpid	30656636_zpid	11203	928 E 48th St, Brooklyn, NY 11203	40.638599	-73.931225	0.393406709288	7	1.19238407375	0	1.45970129665	0	3	1.5	1912	629000	0	1999	1930	34	10	10	18	12	39	29	11	18	11	6	95
30793485_zpid	30793485_zpid	11229	22 Cyrus Ave, Brooklyn, NY 11229	40.5880186	-73.9253956	0.342090424255	2	1.25965738778	0	2.43445883101	0	2	1	434	180000	27	3600	1925	2	3	2	15	0	1	31	10	20	1	4	36
29819985_zpid	29819985_zpid	10469	2222 Woodhull Ave, Bronx, NY 10469	40.858656	-73.841595	0.368052690773	2	0.738272361601	1	1.16749912187	0	3	2	1957	509000	11	2500	1955	8	6	2	5	1	12	24	6	8	0	1	25
83178457_zpid	83178457_zpid	10458	508 E 184th St, Bronx, NY 10458	40.8551732	-73.8914827	0.0790958425976	11	0.2925022867	5	0.704947579511	1	9	4	3800	451000	6	4356	2005	1444	260	600	676	648	76	124	44	148	224	92	1020
30581281_zpid	30581281_zpid	11232	852 41st St, Brooklyn, NY 11232	40.645141	-73.997266	0.137254369565	5	0.171244545528	4	0.279581097602	2	12	4	3120	990000	15	2504	1914	220	108	104	104	100	192	52	48	28	28	20	296
29832744_zpid	29832744_zpid	10466	839 E 232nd St, Bronx, NY 10466	40.891558	-73.853335	0.182578525085	6	0.416995764617	3	0.392914013643	2	3	2	1020	409000	0	1584	1955	648	60	336	244	248	308	116	32	120	120	52	628
30591506_zpid	30591506_zpid	11216	1004 Bergen St, Brooklyn, NY 11216	40.676115	-73.9537299	0.272203948554	12	0.360483461079	5	0.361160303362	6	1	1	1485	740000	103	2142	1930	265	86	146	190	167	30	39	14	41	52	46	222
30791369_zpid	30791369_zpid	11235	1605 Oriental Blvd, Brooklyn, NY 11235	40.578659	-73.93866	1.10271495682	0	1.41469515699	0	1.59902443858	0	2	2	1400	675000	9	2482	1925	8	20	0	24	0	48	44	12	32	4	4	76
30791369_zpid	30791369_zpid	11235	1605 Oriental Blvd, Brooklyn, NY 11235	40.578659	-73.93866	0.615183417458	1	1.41469515699	0	1.59902443858	0	2	2	1400	675000	9	2482	1925	8	20	0	24	0	48	44	12	32	4	4	76
30653946_zpid	30653946_zpid	11236	9119 Avenue A, Brooklyn, NY 11236	40.6521649	-73.917034	0.132430867114	7	0.746107974233	1	1.03566901255	0	5	2	1974	375000	3	2400	1930	44	4	18	27	20	39	16	8	10	12	4	75
29788919_zpid	29788919_zpid	10467	3317 Parkside Pl, Bronx, NY 10467	40.8765542	-73.8727948	0.129579618745	11	0.250072120983	5	0.2235314163	4	3	2	4750	100000	238	4748	1920	428	53	116	142	148	42	26	21	56	37	26	185
30634085_zpid	30634085_zpid	11207	122 Pennsylvania Ave, Brooklyn, NY 11207	40.6748797	-73.8969757	0.217692120661	6	0.35875441486	7	0.0521257969786	9	6	3	3108	290000	25	2500	1901	68	18	59	75	50	43	36	24	20	31	13	137
30644677_zpid	30644677_zpid	11208	32 Doscher St, Brooklyn, NY 11208	40.6768101	-73.8732955	0.0388989685489	9	0.258105288506	6	0.188508439225	4	10	3	3120	270000	50	2000	1901	157	21	84	94	57	59	57	13	68	40	14	226
30782164_zpid	30782164_zpid	11234	2026 E 68th St, Brooklyn, NY 11234	40.619221	-73.911	0.198061454437	5	0.258251631351	1	3.15013968818	0	7	3	3280	579000	30	25	1960	16	8	9	14	6	20	24	9	21	2	5	72
30733880_zpid	30733880_zpid	11224	5110 Ocean View Ave, Brooklyn, NY 11224	40.580292	-74.010273	0.129411636764	1	0.776825766227	0	2.43471545071	0	3	4	2688	774867	39	3200	1950	28	20	12	44	16	4	20	0	32	4	8	44
30605122_zpid	30605122_zpid	11233	274 Malcolm X Blvd, Brooklyn, NY 11233	40.683613	-73.9293936	0.123756476178	7	0.259780182455	3	0.486245140183	1	1	1	3000	640000	105	2000	1927	133	66	93	115	70	15	18	10	41	31	22	177
30776407_zpid	30776407_zpid	11236	1163 E 99th St, Brooklyn, NY 11236	40.640229	-73.893673	0.288642604196	5	0.392241553792	2	0.994281586875	0	5	2	1184	160000	2	2500	1920	38	11	26	25	14	30	20	10	16	17	4	76
