30720713_zpid	30720713_zpid	11223	1672 W 2nd St, Brooklyn, NY 11223	40.6067139	-73.9758559	0.261084090592	8	0.274160831629	6	0.339564508717	3	3	2	1348	640000	115	2000	1925	368	76	172	100	124	276	104	148	104	48	16	452
30720713_zpid	30720713_zpid	11223	1672 W 2nd St, Brooklyn, NY 11223	40.6067139	-73.9758559	0.261084090592	9	0.274160831629	6	0.339564508717	3	3	2	1348	640000	115	2000	1925	368	76	172	100	124	276	104	148	104	48	16	452
30784099_zpid	30784099_zpid	11234	1871 E 37th St, Brooklyn, NY 11234	40.61231	-73.932567	0.263922886457	3	0.476163273816	1	2.17172287388	0	3	1.5	1064	475000	61	1800	1925	4	19	3	6	2	15	31	30	30	2	3	58
30785438_zpid	30785438_zpid	11234	1907 Hendrickson St, Brooklyn, NY 11234	40.6140159	-73.9284411	0.293070221405	4	0.802125557693	0	2.55254261603	0	5	2	2000	496000	45	2000	1960	10	35	4	3	2	26	26	19	14	2	4	80
29852614_zpid	29852614_zpid	10471	300 W 246th St, Bronx, NY 10471	40.8933589	-73.901414	0.385917819861	2	1.10087392666	0	0.463164390369	1	4	3	4829	1299000	0	16988.4	1970	44	11	5	9	6	1	16	3	5	1	3	26
30614028_zpid	30614028_zpid	11238	25 Monroe St, Brooklyn, NY 11238	40.6847769	-73.958125	0.315262096434	11	0.29461055072	7	0.46541501529	4	4	4	3260	2750000	7	1764	1899	102	150	61	111	61	28	38	16	43	15	37	166
30606088_zpid	30606088_zpid	11233	147 Bainbridge St, Brooklyn, NY 11233	40.681178	-73.931198	0.125518236444	9	0.111118317367	5	0.205778447962	1	4	3.5	3098	185000	216	2000	1905	122	63	87	119	67	14	23	8	37	32	20	171
30719455_zpid	30719455_zpid	11204	1584 W 5th St, Brooklyn, NY 11204	40.608713	-73.979103	0.313476628187	13	0.296478496292	6	0.423099517627	3	3	2	1196	212000	251	2000	1925	640	104	152	164	188	292	68	88	52	44	28	420
30719455_zpid	30719455_zpid	11204	1584 W 5th St, Brooklyn, NY 11204	40.608713	-73.979103	0.313476628187	12	0.296478496292	6	0.423099517627	3	3	2	1196	212000	251	2000	1925	640	104	152	164	188	292	68	88	52	44	28	420
30606859_zpid	30606859_zpid	11206	192 Throop Ave, Brooklyn, NY 11206	40.6984064	-73.9442217	0.296552947002	9	0.346249091169	8	0.332920621443	5	5	1	2310	300000	82	2200	1931	97	49	44	79	35	45	26	40	20	28	17	169
30725577_zpid	30725577_zpid	11230	1601 Avenue N, Brooklyn, NY 11230	40.615965	-73.958513	0.191991590232	7	0.272087311553	7	0.198658552464	1	6	3	4170	725000	26	4000	1920	624	128	216	344	224	308	164	160	96	60	12	700
30725577_zpid	30725577_zpid	11230	1601 Avenue N, Brooklyn, NY 11230	40.615965	-73.958513	0.191991590232	7	0.272087311553	8	0.198658552464	1	6	3	4170	725000	26	4000	1920	624	128	216	344	224	308	164	160	96	60	12	700
79723359_zpid	79723359_zpid	10460	2112 Mapes Ave, Bronx, NY 10460	40.8467547	-73.885179	0.120429113136	10	0.360491399447	2	0.83888392399	0	9	3	3504	475000	26	1611	2006	255	12	111	99	125	21	13	9	32	29	20	195
30608177_zpid	30608177_zpid	11216	282 Clifton Pl, Brooklyn, NY 11216	40.688667	-73.953118	0.152831338127	10	0.343778756236	6	0.191962571056	2	5	2.5	3150	1200000	12	1867	1899	103	64	65	87	58	29	24	11	19	34	32	184
30579931_zpid	30579931_zpid	11215	612 Prospect Ave, Brooklyn, NY 11215	40.6561359	-73.977794	0.280377574134	8	0.0728655766259	3	0.530255590716	2	6	3	3042	2151250	9	2003	1920	14	14	8	8	10	13	9	3	8	2	4	30
30624580_zpid	30624580_zpid	11206	222 Boerum St, Brooklyn, NY 11206	40.706058	-73.938846	0.217432620042	9	0.274423116813	5	0.205414354861	4	2	1	2	437000	136	2175	1930	70	168	41	38	23	17	31	14	24	10	8	146
30650552_zpid	30650552_zpid	11212	53 E 94th St, Brooklyn, NY 11212	40.663824	-73.926884	0.1402216181	13	0.125955639892	7	0.366047813571	1	7	4.5	3514	760000	23	435	1930	339	11	114	112	101	37	11	6	32	52	15	190
30580567_zpid	30580567_zpid	11218	585 20th St, Brooklyn, NY 11218	40.654814	-73.980639	0.422107525933	8	0.339686007075	3	0.651510216806	2	3	2.5	1728	1300000	10	1828	1930	1	11	8	8	4	13	13	16	7	0	2	27
29829464_zpid	29829464_zpid	10469	3310 Fish Ave, Bronx, NY 10469	40.874041	-73.848571	0.274694347093	8	0.308902501726	1	0.535261984079	1	3	1.5	1690	343000	3	1799	1935	59	14	46	64	50	37	31	9	31	20	9	125
29852983_zpid	29852983_zpid	10471	236 W 256th St, Bronx, NY 10471	40.903045	-73.898157	0.351441254032	4	0.351529962157	3	1.34761395048	0	3	2.5	1408	365000	71	2129	1930	12	2	3	5	5	20	14	6	15	0	2	29
30760935_zpid	30760935_zpid	11234	1418 E 49th St, Brooklyn, NY 11234	40.626514	-73.928988	0.210120828138	9	0.34739421725	1	1.72596480498	0	5	3.5	1900	615000	5	2500	1930	29	17	10	18	12	50	28	17	23	1	3	83
30746263_zpid	30746263_zpid	11229	2270 E 28th St, Brooklyn, NY 11229	40.596382	-73.943369	0.224685226052	8	0.405309046189	3	1.00473228045	0	3	2	1848	775000	4	2199	1950	32	48	16	68	20	72	132	88	80	12	12	312
30794222_zpid	30794222_zpid	11229	118 Noel Ave, Brooklyn, NY 11229	40.589643	-73.925279	0.255897108926	2	1.22852952425	0	2.4601556446	0	4	2	1200	360000	30	1800	1925	2	6	1	17	1	1	30	11	21	1	4	36
30569177_zpid	30569177_zpid	11231	52 Strong Pl, Brooklyn, NY 11231	40.685142	-73.998183	0.151569883424	16	0.121435313435	4	0.588264436031	2	7	4	4042	1500000	73	2610	1900	19	43	16	48	10	18	37	21	22	3	8	118
30790684_zpid	30790684_zpid	11235	149 Beaumont St, Brooklyn, NY 11235	40.578347	-73.9509719	0.18140854951	6	0.642289006127	2	0.874585924973	0	3	1.5	2628	1100000	14	4000	1920	97	24	24	38	23	26	43	20	27	13	3	83
30610777_zpid	30610777_zpid	11216	316 Halsey St, Brooklyn, NY 11216	40.682518	-73.941377	0.228152790752	10	0.387186049537	8	0.292397892855	3	5	4.5	3060	1790000	0	2000	1910	118	77	78	100	65	15	35	21	31	33	24	158
30781427_zpid	30781427_zpid	11234	1498 E 69th St, Brooklyn, NY 11234	40.620477	-73.910876	0.335243292797	5	0.381095031675	1	3.01212167637	0	5	4	2112	970000	86	50	1986	72	16	36	60	24	132	96	52	84	12	24	276
30633700_zpid	30633700_zpid	11212	646 Osborn St, Brooklyn, NY 11212	40.655836	-73.905545	0.161230523058	4	0.216576624758	2	0.623078536638	1	5	3	1920	440000	71	2250	1950	78	11	48	57	43	23	19	7	35	15	7	123
30791435_zpid	30791435_zpid	11235	172 Pembroke St, Brooklyn, NY 11235	40.579127	-73.9373279	0.579692456316	1	1.37412843785	0	1.66486863807	0	5	2	2100	860000	55	2700	1940	2	5	0	6	0	12	10	3	5	1	1	19
29791949_zpid	29791949_zpid	10473	575 Underhill Ave, Bronx, NY 10473	40.817154	-73.859397	0.434651241066	1	0.498007950804	1	1.74159529825	0	7	3	3100	545900	12	2156	1960	47	15	16	31	16	36	13	17	20	17	11	100
29790541_zpid	29790541_zpid	10473	1114 Harding Park, Bronx, NY 10473	40.809381	-73.85853	0.885761253071	0	1.36178348472	0	2.57950998739	0	2	1	1596	260000	2	2941	1945	27	5	16	18	6	11	14	10	9	15	3	54
30595671_zpid	30595671_zpid	11233	1901 Pacific St, Brooklyn, NY 11233	40.676577	-73.925914	0.447608228503	5	0.300468812129	2	0.442590961953	2	3	1	1328	4703475	100	1600	1910	83	28	66	70	58	12	18	2	27	32	13	126
30665888_zpid	30665888_zpid	11226	46 Rugby Rd, Brooklyn, NY 11226	40.648734	-73.967083	0.146905134193	7	0.833058531284	0	0.399759809901	3	6	2.5	2573	1400000	4	5000	1899	203	38	148	122	140	16	16	9	31	45	3	190
29783374_zpid	29783374_zpid	10460	860 E 172nd St, Bronx, NY 10460	40.835071	-73.892073	0.189196817097	5	0.246157780876	4	0.440970415629	2	3	3	2700	370000	26	7000	1985	132	20	49	72	46	16	12	2	18	27	8	122
30624827_zpid	30624827_zpid	11206	36 Arion Pl, Brooklyn, NY 11206	40.6987965	-73.9355087	0.122512840227	12	0.252451355289	5	0.17738444957	3	5	4	2460	840000	30	1440	1930	284	276	156	176	108	76	128	80	164	56	48	768
30624827_zpid	30624827_zpid	11206	36 Arion Pl, Brooklyn, NY 11206	40.6987965	-73.9355087	0.122512840227	12	0.252451355289	6	0.17738444957	3	5	4	2460	840000	30	1440	1930	284	276	156	176	108	76	128	80	164	56	48	768
30603180_zpid	30603180_zpid	11221	702 Lexington Ave, Brooklyn, NY 11221	40.6896739	-73.931402	0.390162595968	10	0.363610802999	4	0.463088892344	1	5	3	2868	1295000	0	1869	1905	840	248	452	624	516	220	144	64	152	264	168	1124
29847792_zpid	29847792_zpid	10465	2781 Barkley Ave, Bronx, NY 10465	40.829329	-73.8304129	0.344812708632	2	0.662154651922	1	1.5847795425	0	3	2	1665	340000	19	1742	1955	9	10	6	7	3	9	19	14	7	1	5	36
29826636_zpid	29826636_zpid	10467	762 E 214th St, Bronx, NY 10467	40.878959	-73.862671	0.276323064197	5	0.247881742288	2	0.350898151196	3	5	4	2288	445000	27	2288	1928	198	15	73	78	64	68	26	4	31	34	17	174
30596554_zpid	30596554_zpid	11233	522 Ralph Ave, Brooklyn, NY 11233	40.671526	-73.922623	0.317632821157	6	0.212726273807	2	0.753195825254	0	3	1	3600	620000	84	1900	1960	206	24	104	95	88	15	16	7	25	34	10	138
30599732_zpid	30599732_zpid	11233	485 Bainbridge St, Brooklyn, NY 11233	40.682737	-73.917531	0.0529365184442	7	0.430291820719	4	0.406407553747	4	5	2	3300	965000	2	2000	1899	230	48	154	173	135	30	40	12	58	96	19	273
30793805_zpid	30793805_zpid	11229	17 Joval Ct, Brooklyn, NY 11229	40.590316	-73.929062	0.420234077191	3	0.901342357712	0	2.15515766702	0	3	2	2072	453000	61	2678	1925	4	12	4	24	4	4	76	16	60	8	12	76
30777130_zpid	30777130_zpid	11236	1483 E 94th St, Brooklyn, NY 11236	40.636005	-73.895901	0.1882737975	8	0.181818952729	4	1.28755032014	0	4	2	2640	455000	15	2500	1920	35	20	24	27	6	55	24	16	13	14	3	86
30566892_zpid	30566892_zpid	11201	98 Dean St, Brooklyn, NY 11201	40.686816	-73.98935	0.0587165931674	16	0.409508431163	3	0.147882235729	7	7	4	3200	3299000	0	2	1910	148	344	36	212	32	76	128	96	68	32	28	708
30604214_zpid	30604214_zpid	11221	774 Putnam Ave, Brooklyn, NY 11221	40.686001	-73.930833	0.109516994105	8	0.0903386821435	3	0.738879620543	1	2	1	1878	765000	2	1700	1899	131	30	65	109	74	34	23	7	23	42	24	165
30636562_zpid	30636562_zpid	11207	13 Barbey St, Brooklyn, NY 11207	40.683144	-73.890326	0.475605348063	2	0.380320048971	4	0.597612822281	2	3	2	2900	225000	43	2902	1910	208	100	136	128	108	148	120	108	108	44	24	300
30655724_zpid	30655724_zpid	11203	4808 Beverley Rd, Brooklyn, NY 11203	40.645972	-73.931395	0.453634722438	8	0.449586906498	2	1.48671429757	0	5	2.5	1600	400000	29	1600	1945	72	18	19	19	20	37	21	5	12	14	8	106
30730840_zpid	30730840_zpid	11214	2367 Cropsey Ave, Brooklyn, NY 11214	40.594628	-73.995035	0.41461033125	7	0.649196515403	5	0.773541194184	0	4	2.5	1764	680500	40	1793	1965	140	20	80	96	40	148	128	56	64	40	8	256
30739580_zpid	30739580_zpid	11235	65 Parkway Ct, Brooklyn, NY 11235	40.58995	-73.964389	0.392072721011	9	0.744498312974	1	0.834404832894	0	4	2	1735	760000	5	1110780.0	1945	17	9	7	8	3	25	33	17	12	6	1	47
30631339_zpid	30631339_zpid	11207	100 Vanderveer St, Brooklyn, NY 11207	40.682088	-73.903212	0.281077687172	4	0.51268208426	1	0.164939753392	8	4	3	2364	500000	131	1300	1905	35	15	30	39	24	5	13	13	9	11	4	81
83043347_zpid	83043347_zpid	11210	1478 New York Ave, Brooklyn, NY 11210	40.636834	-73.945479	0.564892676588	2	0.342292212702	4	0.427760805281	2	7	3	4320	803000	115	2020	2005	311	26	180	165	149	54	37	13	37	63	8	310
30702171_zpid	30702171_zpid	11209	432 Marine Ave, Brooklyn, NY 11209	40.613355	-74.031874	0.11679523615	9	0.394955997421	3	0.318565080808	1	3	1.25	1410	710000	10	1883	1925	224	100	64	72	72	184	132	136	28	28	16	344
30669950_zpid	30669950_zpid	11230	624 E 19th St, Brooklyn, NY 11230	40.635343	-73.959767	0.192500340991	10	0.208698181374	7	0.257273724474	3	5	2.5	2800	880000	92	4500	1910	60	10	39	40	48	21	16	6	13	11	2	57
30741949_zpid	30741949_zpid	11229	1958 E 19th St, Brooklyn, NY 11229	40.602487	-73.953524	0.505875303192	7	0.358151191086	4	0.408882555845	1	3	3	1920	975000	7	2800	1920	456	156	136	156	200	336	208	92	72	44	16	608
30790889_zpid	30790889_zpid	11235	275 Coleridge St, Brooklyn, NY 11235	40.5752669	-73.949458	0.356500598577	5	0.845987821252	0	1.03434222721	0	5	10	9200	1250000	196	8000	2001	23	13	5	12	3	9	26	15	17	2	2	30
29846798_zpid	29846798_zpid	10465	160 Kearney Ave, Bronx, NY 10465	40.816351	-73.810792	0.593562267762	4	0.68851192899	1	3.74217119665	0	2	1	1024	128000	205	1589	1955	28	28	8	24	8	28	80	44	44	12	16	208
30776510_zpid	30776510_zpid	11236	1132 E 101st St, Brooklyn, NY 11236	40.641568	-73.893475	0.433237284219	6	0.53097692876	3	0.906072266081	0	5	2	1571	460000	16	2000	1955	260	28	108	92	88	136	68	36	60	68	32	332
30730428_zpid	30730428_zpid	11214	8741 25th Ave, Brooklyn, NY 11214	40.594932	-73.989875	0.400000615286	8	0.369422855976	4	0.401882501154	1	4	2	1856	860000	9	1740	1950	25	6	15	17	8	41	37	21	20	9	3	78
30733727_zpid	30733727_zpid	11224	3822 Nautilus Ave, Brooklyn, NY 11224	40.57562	-74.0063179	0.543305411616	1	0.420955974513	1	2.13042777932	0	5	3	2	564000	68	5000	1930	144	52	40	124	36	16	76	16	40	16	8	160
30672542_zpid	30672542_zpid	11218	95 Louisa St, Brooklyn, NY 11218	40.642506	-73.98254	0.173608263035	10	0.192746645928	9	0.296038474402	1	2	3	3840	735000	127	2500	1925	85	32	42	49	42	57	62	50	14	14	9	197
30789270_zpid	30789270_zpid	11235	34 Brighton 5th Walk, Brooklyn, NY 11235	40.5804647	-73.9629284	0.260647075768	7	0.24167860122	5	0.341531058914	2	6	3	2040	539000	0	1600	1940	512	244	268	360	172	296	204	120	180	104	108	1028
30789270_zpid	30789270_zpid	11235	34 Brighton 5th Walk, Brooklyn, NY 11235	40.5804647	-73.9629284	0.148884929903	8	0.24167860122	5	0.341531058914	2	6	3	2040	539000	0	1600	1940	512	244	268	360	172	296	204	120	180	104	108	1028
29844930_zpid	29844930_zpid	10465	3703 E Tremont Ave, Bronx, NY 10465	40.82706	-73.822173	0.619594490935	1	0.0800877764045	1	2.21785140179	0	3	1.5	1200	400000	150	3050	1950	9	19	3	14	2	13	26	36	19	1	6	73
30619246_zpid	30619246_zpid	11211	384 S 2nd St, Brooklyn, NY 11211	40.7095075	-73.9522369	0.118524815317	14	0.302093624666	7	0.318497565394	6	16	8	7800	330000	157	1261	1920	117	248	88	93	68	18	34	15	31	19	11	254
59997183_zpid	59997183_zpid	11234	2361 E 69th St, Brooklyn, NY 11234	40.61459	-73.903689	0.66218755337	1	0.566379953203	1	3.5727278458	0	3	3.5	2448	390000	172	2592	2001	0	12	3	7	1	7	19	8	14	1	3	45
30607777_zpid	30607777_zpid	11205	14 Spencer Ct, Brooklyn, NY 11205	40.690484	-73.954633	0.223936288979	9	0.112518100805	6	0.262901774599	3	1	1	4740	450000	26	1974	1899	133	63	32	56	31	26	33	30	22	10	18	141
29812371_zpid	29812371_zpid	10460	1112 E 180th St, Bronx, NY 10460	40.84165	-73.875698	0.409268749393	4	0.307789868274	1	0.188087286859	2	6	3	2100	259000	0	2500	1899	133	20	39	59	56	17	8	5	24	21	16	110
29838183_zpid	29838183_zpid	10466	4388 Richardson Ave, Bronx, NY 10466	40.898441	-73.85538	0.380792632693	3	0.23952636176	2	0.0847612810016	4	5	3	2241	220000	245	2625	1920	132	10	52	46	68	47	15	2	25	25	5	121
30780137_zpid	30780137_zpid	11234	1128 E 72nd St, Brooklyn, NY 11234	40.626723	-73.915921	0.546137507981	2	0.434547144823	1	2.51705416401	0	3	3	25	230000	286	2834	1970	25	4	15	11	10	51	8	30	14	11	6	83
64708271_zpid	64708271_zpid	11232	204 21st St APT 3B, Brooklyn, NY 11232	40.6620395	-73.9947796	0.143340117106	7	0.351804484432	3	0.334101011167	2	2	1.5	651	303186	132	2505	2003	30	22	16	21	9	18	21	25	15	7	4	68
68310670_zpid	68310670_zpid	11208	721 Fountain Ave, Brooklyn, NY 11208	40.662777	-73.868488	0.481921120781	3	0.200521942354	3	1.34436204913	0	6	3	2530	579000	122	2618	2006	18	4	6	10	3	8	22	2	6	5	1	40
30636462_zpid	30636462_zpid	11207	15 Crosby Ave, Brooklyn, NY 11207	40.682085	-73.895631	0.355256874957	3	0.324182125199	3	0.586966716345	2	4	2	2000	505000	133	4767	1925	240	100	168	144	108	160	100	124	84	64	32	328
30719512_zpid	30719512_zpid	11204	1546 W 4th St, Brooklyn, NY 11204	40.609696	-73.978323	0.317433106316	12	0.267886054074	7	0.386023358984	4	3	2	1288	780000	5	1999	1925	181	29	46	48	56	79	21	23	14	10	6	120
30663425_zpid	30663425_zpid	11203	655 E 43rd St, Brooklyn, NY 11203	40.6391579	-73.9355894	0.289802800987	7	1.06786645014	0	1.08680039454	0	3	2	2080	462000	115	1600	1930	30	13	11	17	13	46	21	4	22	13	5	85
30647572_zpid	30647572_zpid	11207	640 Hegeman Ave, Brooklyn, NY 11207	40.661219	-73.888055	0.242717376899	4	0.25236979296	6	0.487832606723	3	3	1	3120	450000	18	1760	1960	187	16	114	96	99	19	34	8	43	69	12	193
79713787_zpid	79713787_zpid	10459	863 E 169th St, Bronx, NY 10459	40.8291988	-73.8967112	0.416035326375	6	0.430396733394	7	0.423745371801	2	8	6.5	2449	480000	33	1701	2008	191	83	104	135	107	25	22	6	28	46	21	189
79709198_zpid	79709198_zpid	11234	38 Harbor Dr, Brooklyn, NY 11234	40.6100484	-73.9151226	0.662819529107	2	0.934702138145	0	3.61118473703	0	4	5	4313	1069162	9	5060	2007	4	7	4	5	6	23	5	21	20	4	1	28
30673269_zpid	30673269_zpid	11218	292 E 7th St, Brooklyn, NY 11218	40.644732	-73.973253	0.106364955761	13	0.583893519982	7	0.548115535949	3	5	3	2180	1300000	11	2467	1925	122	40	43	65	43	57	39	35	29	17	9	186
29777912_zpid	29777912_zpid	10456	1046 Clay Ave, Bronx, NY 10456	40.828445	-73.91251	0.235871770929	8	0.169421754625	8	0.376567681423	1	7	6	3733	530000	2	2160	1899	277	20	125	141	151	26	28	6	62	56	20	208
29854630_zpid	29854630_zpid	10471	568 W 261st St, Bronx, NY 10471	40.91031	-73.905105	0.416756063183	6	0.395847996654	3	1.03556374261	0	4	3	2970	995000	0	13503.6	1930	4	6	3	8	5	7	21	3	6	4	4	32
30575900_zpid	30575900_zpid	11220	560 46th St, Brooklyn, NY 11220	40.646282	-74.006676	0.231416241252	10	0.156331141354	8	0.40815279056	2	7	4.5	2260	1100000	5	2145	1935	113	51	59	92	52	41	59	20	23	23	9	192
30591148_zpid	30591148_zpid	11216	1362 Pacific St, Brooklyn, NY 11216	40.6771706	-73.9452722	0.111224130144	10	0.298569217744	8	0.28294512839	3	7	4	3215	1750000	0	3215	1905	281	60	130	191	153	32	27	8	56	64	27	257
30662514_zpid	30662514_zpid	11203	588 E 40th St, Brooklyn, NY 11203	40.641131	-73.939238	0.382909828526	3	0.793215793668	0	0.785606655505	0	3	2	1344	335000	14	2000	1930	336	24	128	132	124	172	88	24	80	80	8	352
30766172_zpid	30766172_zpid	11236	273 E 86th St, Brooklyn, NY 11236	40.6464659	-73.917511	0.372908117795	3	1.00699801479	0	1.32293759509	0	2	2	1050	315000	14	1700	1945	36	8	40	44	28	68	60	20	28	24	8	200
30784107_zpid	30784107_zpid	11234	1853 E 37th St, Brooklyn, NY 11234	40.612615	-73.932909	0.307997849573	3	0.438729283817	1	2.14999832042	0	3	1	1100	465000	19	1800	1925	3	29	3	6	2	19	33	29	31	2	4	61
30788025_zpid	30788025_zpid	11234	15 Whitman Dr, Brooklyn, NY 11234	40.612665	-73.905882	0.578224982023	3	0.590102058707	1	3.79894111213	0	6	5	5400	1240000	47	4000	2005	0	14	4	6	1	5	11	8	9	1	2	42
29812342_zpid	29812342_zpid	10460	1129 E Tremont Ave, Bronx, NY 10460	40.840129	-73.876081	0.364107569539	5	0.266843078944	1	0.293752572147	2	4	2	1628	110000	79	1633	1910	108	16	29	38	43	14	8	4	16	13	5	78
30736832_zpid	30736832_zpid	11223	2142 W 5th St, Brooklyn, NY 11223	40.595512	-73.976587	0.135174708039	4	0.284723431256	2	0.279827441661	4	4	3	2200	680000	125	2000	1940	34	13	6	32	10	53	20	38	27	5	8	103
30785179_zpid	30785179_zpid	11234	1950 E 38th St, Brooklyn, NY 11234	40.611249	-73.930891	0.079517805486	3	0.651137487244	1	2.29331500268	0	3	2	2064	649000	0	2000	1930	16	56	16	16	8	60	120	124	108	8	12	240
30724364_zpid	30724364_zpid	11230	941 E 14th St, Brooklyn, NY 11230	40.626434	-73.962281	0.149374619855	4	0.134530548786	4	0.1823279799	2	4	3	1728	730000	14	2000	1901	160	23	65	75	79	53	30	37	20	21	8	171
30599447_zpid	30599447_zpid	11233	606 Macdonough St, Brooklyn, NY 11233	40.683244	-73.922108	0.37822989327	9	0.5202289578	2	0.504039406928	3	4	2	2428	481010	47	1873	1899	192	52	123	151	109	24	22	13	55	76	25	232
30691362_zpid	30691362_zpid	11220	6637 Bergen Pl, Brooklyn, NY 11220	40.639563	-74.027681	0.332196576681	9	0.411896618235	3	0.627653436517	1	3	2.5	1600	515000	79	3083	1905	36	16	24	27	15	25	24	31	8	11	2	55
30739110_zpid	30739110_zpid	11223	50 Lancaster Ave, Brooklyn, NY 11223	40.592592	-73.96262	0.386818151156	15	0.634436916108	1	0.696291658691	1	5	3	2252	1100000	0	2733	1940	124	40	24	60	40	92	120	56	40	12	4	168
29833449_zpid	29833449_zpid	10466	1034 E 226th St, Bronx, NY 10466	40.885149	-73.850353	0.185066873486	6	0.175259216479	3	0.899359937844	0	3	1.5	2000	328600	83	2725	1928	52	9	25	18	16	56	10	4	30	19	12	69
29846380_zpid	29846380_zpid	10465	646 Vincent Ave, Bronx, NY 10465	40.828219	-73.8157839	0.531005809145	2	0.630415987113	1	2.45456042525	0	3	2	1224	399840	21	1663	1960	7	3	4	10	0	9	14	30	14	1	4	38
30665158_zpid	30665158_zpid	11225	181 Fenimore St, Brooklyn, NY 11225	40.6584987	-73.9563253	0.329804801439	12	0.388462209499	9	0.553824133939	4	4	3.5	2952	1545000	19	2000	1910	441	108	204	160	177	29	44	21	55	63	13	278
29846860_zpid	29846860_zpid	10465	3101 Miles Ave, Bronx, NY 10465	40.821404	-73.810199	0.123064967926	4	0.681220372155	1	3.33042918948	0	3	1	1836	387500	7	2617	1940	19	10	3	6	2	10	10	10	12	3	3	35
30694605_zpid	30694605_zpid	11209	542 73rd St, Brooklyn, NY 11209	40.630238	-74.020951	0.137164318833	15	0.202742433382	6	0.389098967016	2	4	2	3120	150000	127	1920	1915	47	21	31	36	17	34	49	42	23	11	4	121
30773381_zpid	30773381_zpid	11236	933 E 96th St, Brooklyn, NY 11236	40.647466	-73.905914	0.213007321323	3	0.913211569959	0	0.35495645082	2	4	3	1824	440000	16	4000	1925	32	5	19	30	15	43	22	6	6	16	5	73
29790673_zpid	29790673_zpid	10473	1949 Gildersleeve Ave, Bronx, NY 10473	40.8097769	-73.85383	0.619246292223	1	1.26778629265	0	2.67585984484	0	5	3	1730	398000	32	5009	1935	108	36	72	76	36	60	60	60	36	64	12	236
30660514_zpid	30660514_zpid	11203	1099 New York Ave, Brooklyn, NY 11203	40.646342	-73.945883	0.322185241562	5	0.214340352721	4	0.294412604001	3	4	2	1504	345000	14	1933	1920	71	9	74	52	50	32	10	2	17	16	14	72
68311643_zpid	68311643_zpid	10460	1818 Trafalgar Pl, Bronx, NY 10460	40.839878	-73.886982	0.37021490143	10	0.27361061083	4	0.29519151099	2	2	1	4191	332517	136	1703	2002	221	28	112	119	106	18	21	3	29	30	18	198
