30659417_zpid	30659417_zpid	11226	37 E 32nd St, Brooklyn, NY 11226	40.649943	-73.947261	0.276836681155	5	0.380398042617	6	0.219619333758	2	7	3	2480	586000	10	2500	1925	273	26	108	114	113	64	21	9	40	46	19	202
79723417_zpid	79723417_zpid	10474	668 Manida St, Bronx, NY 10474	40.813865	-73.887904	0.0687328238165	5	0.205714643808	3	0.760720975628	0	6	5.5	2773	440000	64	2774	2005	137	18	99	93	73	26	17	7	35	20	13	153
29787994_zpid	29787994_zpid	10458	315 E 201st St, Bronx, NY 10458	40.8709303	-73.8831405	0.325502369967	12	0.340455411132	7	0.389496205966	4	8	3	2371	370000	33	2482	1901	588	30	87	104	105	31	18	10	28	42	11	159
30780852_zpid	30780852_zpid	11234	7218 Bergen Ct, Brooklyn, NY 11234	40.624733	-73.910788	0.636648704855	2	0.842287149578	0	2.55437806083	0	8	4	3870	725000	10	3000	1972	76	8	28	28	8	164	56	80	60	16	20	280
30599893_zpid	30599893_zpid	11233	362 Bainbridge St, Brooklyn, NY 11233	40.681733	-73.922162	0.456319891743	8	0.359731887051	2	0.337794071043	2	1	1	750	680000	118	1800	1901	201	57	128	157	121	28	27	14	57	88	26	257
30629949_zpid	30629949_zpid	11207	1152 Halsey St, Brooklyn, NY 11207	40.690155	-73.91051	0.181659741947	11	0.641636735854	2	0.567163452381	2	10	4	4056	1405000	4	1950	1925	116	34	85	113	81	22	25	17	41	58	22	198
59997192_zpid	59997192_zpid	11234	2331 E 69th St, Brooklyn, NY 11234	40.615079	-73.904233	0.596115625112	1	0.499298530931	1	3.5206737225	0	3	4	2448	585000	142	2592	2001	0	48	20	40	8	36	76	40	60	4	12	188
30698461_zpid	30698461_zpid	11209	55 83rd St, Brooklyn, NY 11209	40.627573	-74.037155	0.607576112718	6	0.65769772805	1	0.91828893297	0	6	5	2896	2200000	33	8000	1910	3	9	0	7	1	19	28	21	9	1	1	44
30781277_zpid	30781277_zpid	11234	1471 E 63rd St, Brooklyn, NY 11234	40.618299	-73.915384	0.192753133663	6	0.518288555783	1	3.16967782983	0	4	3.5	2250	799000	0	4500	1920	14	10	9	11	2	25	22	8	19	2	6	96
29790029_zpid	29790029_zpid	10473	409 Harding Park, Bronx, NY 10473	40.806005	-73.85712	1.11784257157	0	1.74364083131	0	2.97365195271	0	5	2	2211	399000	0	2213	1993	10	6	9	9	6	5	10	7	4	4	2	32
30721494_zpid	30721494_zpid	11223	1729 W 11th St, Brooklyn, NY 11223	40.6046331	-73.9836252	0.183969168363	7	0.445367739362	2	0.287629626697	1	3	2	1486	699000	23	2583	1920	70	22	31	18	25	57	24	29	13	8	5	85
30643220_zpid	30643220_zpid	11208	207 Pine St, Brooklyn, NY 11208	40.681662	-73.872303	0.204506543463	8	0.28467646896	8	0.211508966411	3	3	1	2090	478000	21	3583	1925	128	33	74	90	57	55	34	12	84	36	9	221
30692322_zpid	30692322_zpid	11209	6922 Narrows Ave, Brooklyn, NY 11209	40.637712	-74.034351	0.410116990561	4	0.622316226152	1	0.976100016857	0	6	2	3014	999000	0	1793	1925	66	3	6	14	8	24	16	60	9	2	1	41
30763740_zpid	30763740_zpid	11234	1526 Kimball St, Brooklyn, NY 11234	40.619154	-73.937281	0.488673338186	3	0.31212745607	3	1.75671781358	0	6	2	3080	450000	134	2500	1953	36	17	19	21	12	42	29	19	26	9	2	100
30641604_zpid	30641604_zpid	11208	24 Hemlock St, Brooklyn, NY 11208	40.689288	-73.872731	0.312885952198	6	0.176616672295	5	0.0742797881107	3	8	3	1750	358000	144	1750	1935	71	17	44	61	30	55	30	13	31	25	4	118
30770705_zpid	30770705_zpid	11236	1384 Remsen Ave, Brooklyn, NY 11236	40.636461	-73.902249	0.310995184758	8	0.454657820965	2	1.13517999907	0	5	3	2880	583212	2	1938	1960	44	18	22	28	11	55	21	8	19	10	11	94
30655734_zpid	30655734_zpid	11203	667 E 49th St, Brooklyn, NY 11203	40.645319	-73.930414	0.351313153877	8	0.51645458918	2	1.56658748303	0	5	2.5	2200	504000	4	2200	1930	65	23	16	18	18	40	25	8	14	13	5	112
30568056_zpid	30568056_zpid	11201	187 State St, Brooklyn, NY 11201	40.6903491	-73.9916463	0.0420091663765	17	0.126943428545	3	0.261259101155	8	6	3	3763	2900000	20	967	1910	67	103	17	63	17	16	75	40	36	11	12	297
30696278_zpid	30696278_zpid	11209	7717 Colonial Rd, Brooklyn, NY 11209	40.630762	-74.033626	0.447005378261	8	0.774749000658	0	0.695005503158	1	3	1.5	1478	717000	48	2200	1925	52	34	13	15	15	35	43	92	15	5	2	88
30758168_zpid	30758168_zpid	11234	1095 E 51st St, Brooklyn, NY 11234	40.634315	-73.927209	0.159396604197	5	0.697730727559	1	1.73399804903	0	2	1	1406	120400	113	2150	1940	19	8	8	9	2	25	21	9	13	10	2	53
30717289_zpid	30717289_zpid	11230	1211 E 10th St, Brooklyn, NY 11230	40.619546	-73.964908	0.039510286623	7	0.147984850506	8	0.512595576774	2	6	4	2841	995000	5	2000	1920	122	10	38	51	43	44	53	18	27	11	6	138
30764889_zpid	30764889_zpid	11234	1367 E 58th St, Brooklyn, NY 11234	40.621046	-73.919066	0.183265132861	10	0.736099070521	1	2.74799482176	0	3	3	1268	499000	3	2000	1920	24	24	12	24	36	144	108	72	88	20	36	404
30787918_zpid	30787918_zpid	11234	12 Kansas Pl, Brooklyn, NY 11234	40.606083	-73.904493	1.28936836827	0	1.30959915175	0	4.41237053546	0	4	4.5	4010	995000	50	4300	2001	0	1	0	2	0	1	7	1	7	2	1	11
30735231_zpid	30735231_zpid	11223	2014 W 10th St, Brooklyn, NY 11223	40.597901	-73.98192	0.332369052564	6	0.268636913754	5	0.240008589765	4	3	1	1148	638000	8	1750	1925	32	22	11	25	10	39	31	44	19	8	5	78
30595589_zpid	30595589_zpid	11225	461 E New York Ave, Brooklyn, NY 11225	40.661976	-73.947429	0.272750255985	7	0.29266948843	6	0.301201043226	3	3	2	1000	200000	142	1800	1935	1228	224	536	560	532	172	156	76	140	192	44	956
30595589_zpid	30595589_zpid	11225	461 E New York Ave, Brooklyn, NY 11225	40.661976	-73.947429	0.272750255985	7	0.29266948843	7	0.301201043226	3	3	2	1000	200000	142	1800	1935	1228	224	536	560	532	172	156	76	140	192	44	956
30768497_zpid	30768497_zpid	11236	717 E 80th St, Brooklyn, NY 11236	40.636817	-73.914271	0.212241303706	7	0.191937525328	2	1.51655204282	0	5	2	2214	330000	171	1799	1960	36	10	27	19	12	60	31	17	30	10	9	97
29790722_zpid	29790722_zpid	10473	1997 Gildersleeve Ave, Bronx, NY 10473	40.810117	-73.851451	0.533553482677	1	1.15518293729	0	2.68937014736	0	2	1	630	250000	13	2500	1930	13	8	13	10	8	14	10	13	8	7	2	37
2109578921_zpid	2109578921_zpid	11204	1612 73rd St, Brooklyn, NY 11204	40.6170936	-73.9992125	0.10562130806	9	0.305499961281	4	0.279343150334	2	4	3.5	4000	1025000	10	1867	1931	9	12	6	25	7	23	13	15	10	2	2	41
30748347_zpid	30748347_zpid	11235	2429 E 27th St, Brooklyn, NY 11235	40.5927239	-73.943059	0.19804698476	12	0.231759556976	2	1.06080182791	0	3	2	1811	657000	7	2183	1940	184	52	40	44	28	72	84	100	72	4	4	220
30663860_zpid	30663860_zpid	11210	3120 Farragut Rd, Brooklyn, NY 11210	40.6361289	-73.946369	0.524535298952	2	0.339168947004	3	0.382013233211	2	5	2.5	2464	475250	68	3500	1920	330	30	183	173	165	64	40	15	38	69	7	332
29840662_zpid	29840662_zpid	10475	3329 Delavall Ave, Bronx, NY 10475	40.8593404	-73.8179605	0.768985835914	0	0.64759872064	2	1.04860841003	0	2	2	1600	335000	38	3484	1925	0	0	0	1	0	0	3	2	0	0	1	0
30697214_zpid	30697214_zpid	11209	8016 Narrows Ave, Brooklyn, NY 11209	40.62968	-74.037652	0.717622993965	4	0.715598963119	1	1.02582937601	0	5	4.5	3500	2300000	3	4325	1930	2	6	0	4	0	6	20	15	7	0	1	30
30782838_zpid	30782838_zpid	11234	2258 E 72nd St, Brooklyn, NY 11234	40.617478	-73.903959	0.556193261042	1	0.461493304505	1	3.25274082982	0	4	3	1620	305000	184	2667	1930	11	14	6	11	5	13	22	11	18	2	4	61
30662909_zpid	30662909_zpid	11203	871 E 45th St, Brooklyn, NY 11203	40.639989	-73.9336919	0.182075356081	7	1.14129876784	0	1.24334137888	0	3	3	1600	479000	0	2000	1925	144	48	52	72	48	184	96	52	104	52	24	400
30714557_zpid	30714557_zpid	11228	305 Bay 10th St, Brooklyn, NY 11228	40.604712	-74.01491	0.37781597383	3	0.705204028111	1	1.17041429614	0	4	2	1860	825000	4	1933	1955	28	8	8	24	4	32	52	60	32	4	8	120
30763237_zpid	30763237_zpid	11234	1501 E 53rd St, Brooklyn, NY 11234	40.622025	-73.923941	0.0864726239514	9	0.323991673598	1	2.33624993608	0	3	1	976	415000	129	3000	1930	9	29	6	12	8	44	30	17	19	8	8	118
30778753_zpid	30778753_zpid	11236	1309 E 105th St, Brooklyn, NY 11236	40.640895	-73.886876	0.774074107596	0	0.625499039787	2	1.41799535589	0	4	3	5000	633000	6	5000	1960	18	1	13	13	7	4	12	3	11	3	2	48
63163883_zpid	63163883_zpid	11234	945 E 57th St, Brooklyn, NY 11234	40.629524	-73.920919	0.239343434135	6	0.169389231415	2	2.28752657046	0	6	4.5	2880	579500	20	3500	2003	30	11	24	23	18	48	18	26	12	18	3	72
30729135_zpid	30729135_zpid	11229	1822 Stuart St, Brooklyn, NY 11229	40.608178	-73.941271	0.342441725674	3	0.671141754715	1	1.39926042843	0	3	3	1890	560000	20	1800	1930	60	24	36	72	32	64	92	68	64	8	12	204
30655808_zpid	30655808_zpid	11203	631 E 51st St, Brooklyn, NY 11203	40.64594	-73.928469	0.391275457334	8	0.480025847078	3	1.73320603701	0	3	2.5	21	400000	12	2100	1930	82	23	22	20	26	39	34	10	13	15	8	117
30663698_zpid	30663698_zpid	11210	3315 Farragut Rd, Brooklyn, NY 11210	40.636702	-73.944643	0.531385346276	2	0.400711090204	3	0.483128918902	2	5	3	2020	535000	11	2075	1910	303	24	172	163	146	57	33	12	36	60	7	303
30766445_zpid	30766445_zpid	11203	766 E 53rd St, Brooklyn, NY 11203	40.64064	-73.926585	0.230110404255	7	1.04972854216	0	1.84517936645	0	4	2	3456	381600	29	2325	1940	86	13	19	19	16	33	30	12	18	10	5	96
30601921_zpid	30601921_zpid	11206	115 Marcus Garvey Blvd, Brooklyn, NY 11206	40.694785	-73.940122	0.0675304313378	13	0.185584261474	4	0.463364076157	2	4	3	3116	515000	122	1640	1940	106	44	46	74	42	36	21	31	21	31	15	149
29813562_zpid	29813562_zpid	10462	1867 Bronxdale Ave, Bronx, NY 10462	40.848145	-73.860894	0.225552809753	7	0.304524376748	2	0.641377865784	2	7	3	2790	480000	97	2483	1930	69	27	36	49	22	72	40	30	24	18	15	107
30793128_zpid	30793128_zpid	11229	405 Allen Ave, Brooklyn, NY 11229	40.595473	-73.932475	0.308109935095	8	0.654545270671	2	1.91775876568	0	2	1.5	1728	379000	0	1840	1930	7	15	0	6	2	7	17	6	18	3	2	34
30732752_zpid	30732752_zpid	11224	4010 Sea Gate Ave, Brooklyn, NY 11224	40.576988	-74.005912	0.47370603942	1	0.340660480174	1	2.08718126477	0	4	3	1936	220000	310	3000	1901	42	14	16	39	10	4	20	3	14	9	2	51
30575189_zpid	30575189_zpid	11220	227 45th St, Brooklyn, NY 11220	40.651672	-74.0132129	0.177568955185	7	0.275069160627	7	0.407331044481	2	4	3	1952	735000	5	2003	1920	27	13	22	31	11	10	23	4	13	7	3	59
29784125_zpid	29784125_zpid	10457	4445 Park Ave, Bronx, NY 10457	40.853757	-73.896343	0.243178657276	9	0.287219021818	7	0.452490804834	1	4	2	1497	209000	0	1694	1899	371	29	148	186	162	26	16	12	42	58	22	270
29850220_zpid	29850220_zpid	10464	30 Earley St, Bronx, NY 10464	40.842343	-73.787699	0.224095097354	3	2.87476392143	0	3.52025229488	0	3	3	2619	625000	136	5662	2014	64	40	20	24	12	8	124	40	36	12	76	132
29850220_zpid	29850220_zpid	10464	30 Earley St, Bronx, NY 10464	40.842343	-73.787699	0.224095097354	3	3.22285639232	0	3.52025229488	0	3	3	2619	625000	136	5662	2014	64	40	20	24	12	8	124	40	36	12	76	132
30707415_zpid	30707415_zpid	11214	1961 78th St, Brooklyn, NY 11214	40.6096689	-73.993993	0.170026913905	15	0.0724480299903	9	0.669660899052	3	8	4	3750	1392000	3	2500	1924	340	40	104	124	72	200	144	96	84	40	24	416
30707415_zpid	30707415_zpid	11214	1961 78th St, Brooklyn, NY 11214	40.6096689	-73.993993	0.170026913905	13	0.0724480299903	9	0.669660899052	3	8	4	3750	1392000	3	2500	1924	340	40	104	124	72	200	144	96	84	40	24	416
29784214_zpid	29784214_zpid	10457	458 E 182nd St, Bronx, NY 10457	40.854199	-73.894604	0.212059249827	14	0.41160282241	8	0.558083814608	1	9	4	4000	327600	18	2003	1899	293	20	109	147	123	15	13	12	31	38	19	218
30788901_zpid	30788901_zpid	11234	612 Mayfair Dr S, Brooklyn, NY 11234	40.610356	-73.912795	0.740754878982	2	0.817834408793	0	3.80924262024	0	7	5	2120	899000	0	2500	1960	2	5	2	6	3	19	5	22	19	2	1	30
30652975_zpid	30652975_zpid	11203	222 E 54th St, Brooklyn, NY 11203	40.65339	-73.9269489	0.107360632288	9	0.0896169275306	3	1.26895862915	0	8	3	2814	629000	0	3000	1920	205	28	85	81	88	75	39	13	30	39	18	197
30611517_zpid	30611517_zpid	11213	4 Alice Ct, Brooklyn, NY 11213	40.678173	-73.940318	0.222842224018	8	0.327277819188	7	0.1998552796	2	6	2	1240	695000	0	1219	1899	131	28	64	67	58	23	19	6	26	29	11	139
30644431_zpid	30644431_zpid	11208	418 Grant Ave, Brooklyn, NY 11208	40.680378	-73.866908	0.367672008855	9	0.214363260909	9	0.402924529382	4	11	6	3116	565000	131	2050	1923	108	23	50	69	43	50	34	11	83	25	5	190
30699460_zpid	30699460_zpid	11209	111 86th St, Brooklyn, NY 11209	40.624892	-74.035832	0.465670058056	8	0.643234542606	1	0.674368821057	1	6	4.25	3608	2416000	7	5183	1901	116	116	36	100	32	116	120	84	52	16	8	360
30674517_zpid	30674517_zpid	11218	555 E 4th St, Brooklyn, NY 11218	40.638718	-73.975285	0.29095311883	8	0.0867516980668	10	0.382781640424	2	6	5	2096	410000	171	2000	1925	936	244	344	368	228	364	184	428	148	76	24	956
30732381_zpid	30732381_zpid	11224	3606 Bayview Ave, Brooklyn, NY 11224	40.58071	-74.003128	0.663713326183	1	0.383571232025	1	1.87054396291	0	4	2	1520	395000	44	1800	1981	38	7	9	19	10	2	10	3	7	9	2	37
29851254_zpid	29851254_zpid	10464	626 King Ave, Bronx, NY 10464	40.85602	-73.788272	0.162478130661	1	3.40296588406	0	3.28642421268	0	6	2.5	2323	1200000	4	32670.0	1920	0	8	0	2	0	2	7	21	4	1	2	10
30596846_zpid	30596846_zpid	11213	1445 Lincoln Pl, Brooklyn, NY 11213	40.669869	-73.928727	0.156122343016	13	0.249297747919	7	0.371974073728	1	6	3	2280	450000	5	2800	1901	412	41	234	230	215	46	29	13	40	94	32	340
30657746_zpid	30657746_zpid	11203	160 E 45th St, Brooklyn, NY 11203	40.658215	-73.9362249	0.420978707455	4	0.48365881921	5	1.16881383339	0	3	2	720	350000	92	2000	1940	54	17	31	27	17	35	31	18	19	17	6	92
68310301_zpid	68310301_zpid	10469	1052 E 215th St, Bronx, NY 10469	40.877387	-73.854304	0.334953298171	7	0.561081700881	1	1.00845701874	0	6	6	3060	589000	116	2375	2005	85	8	40	72	55	63	12	9	27	23	15	118
30691873_zpid	30691873_zpid	11220	724 67th St, Brooklyn, NY 11220	40.631913	-74.0149859	0.222007998737	10	0.18502289545	6	0.462349289036	1	5	2	2360	1130000	10	2067	1930	18	8	11	16	7	30	35	11	6	6	1	56
30601734_zpid	30601734_zpid	11233	1420 Herkimer St, Brooklyn, NY 11233	40.677027	-73.906557	0.351838192063	5	0.337988836618	3	0.259876607878	9	7	3	1860	509600	110	1518	1910	588	68	396	512	328	128	112	64	172	232	80	572
30721269_zpid	30721269_zpid	11223	1748 W 13th St, Brooklyn, NY 11223	40.603992	-73.985921	0.179847369472	8	0.567674344744	6	0.470651618698	3	6	2	2520	999000	11	2517	1920	28	19	8	9	8	40	19	20	9	3	2	52
30645953_zpid	30645953_zpid	11208	316 Fountain Ave, Brooklyn, NY 11208	40.671921	-73.874802	0.178924656276	9	0.160380579255	5	0.447012443016	2	4	2	2000	200000	7	5000	1910	656	84	372	388	316	224	160	44	88	236	72	684
30588249_zpid	30588249_zpid	11215	586 11th St, Brooklyn, NY 11215	40.664094	-73.97983	0.0518632670363	13	0.271411916658	7	0.245639176232	2	4	3	2521	1895000	45	1858	1899	53	56	24	40	17	20	49	34	21	6	9	122
29789319_zpid	29789319_zpid	10470	268 E 236th St, Bronx, NY 10470	40.897954	-73.868229	0.401306512677	3	0.0958634288307	1	0.532152878946	1	3	2.5	1650	360000	8	2500	1908	68	17	12	22	9	44	15	19	17	5	4	88
30640961_zpid	30640961_zpid	11207	542 Van Siclen Ave, Brooklyn, NY 11207	40.666277	-73.888976	0.366552738433	8	0.379190606079	7	0.0870050894405	4	7	4	2375	989990	0	2375	1930	924	92	556	552	568	144	156	44	248	288	84	1056
30688267_zpid	30688267_zpid	11219	1280 58th St, Brooklyn, NY 11219	40.6299639	-73.9976881	0.322431694991	5	0.376939646014	6	0.248483121442	5	8	3	1908	850000	26	1223	1905	32	9	16	24	17	40	81	56	14	6	8	118
30641658_zpid	30641658_zpid	11208	99 Hemlock St, Brooklyn, NY 11208	40.687652	-73.871785	0.17552029882	6	0.247729167804	5	0.262864956824	3	5	3	2800	367000	16	2000	1925	83	34	56	78	40	62	38	15	44	35	7	177
30607951_zpid	30607951_zpid	11216	664 Lafayette Ave, Brooklyn, NY 11216	40.690508	-73.947788	0.326071786487	10	0.525819141348	4	0.327604868865	2	6	3	3200	1425000	8	1950	1899	88	46	44	63	53	18	20	7	20	29	19	119
30783065_zpid	30783065_zpid	11234	2317 E 71st St, Brooklyn, NY 11234	40.61638	-73.903232	0.62956901288	1	0.5308475605	1	3.37210807941	0	4	4	2500	900000	15	4000	1965	12	52	16	32	8	40	68	40	60	4	12	216
30702489_zpid	30702489_zpid	11209	264 Battery Ave, Brooklyn, NY 11209	40.613394	-74.026433	0.427202789621	9	0.58729182355	2	0.510640474132	1	3	1.75	2072	850000	7	2160	1925	38	6	7	6	9	11	19	3	3	1	3	27
30613964_zpid	30613964_zpid	11238	17 Irving Pl, Brooklyn, NY 11238	40.684512	-73.959799	0.292014692654	12	0.347561848244	5	0.486002964213	5	2	1	3000	2000000	29	2000	1899	126	183	81	119	69	29	50	19	51	21	42	202
30567862_zpid	30567862_zpid	11201	36 Garden Pl, Brooklyn, NY 11201	40.692283	-73.996618	0.217014185441	14	0.300533297211	4	0.546012190096	4	5	6.5	5500	7785000	11	1500	1901	50	95	24	42	17	24	66	38	31	7	12	200
30695070_zpid	30695070_zpid	11209	529 Bay Ridge Pkwy, Brooklyn, NY 11209	40.629208	-74.021598	0.117273430253	14	0.11685063733	4	0.33580637111	2	1	1	3300	730000	46	2285	1899	54	25	34	38	27	39	47	49	27	13	6	128
30750688_zpid	30750688_zpid	11210	1617 New York Ave, Brooklyn, NY 11210	40.633199	-73.944475	0.163723253385	2	0.135446893188	3	0.27058232048	1	5	2	2024	749000	9	4000	1901	126	24	60	58	66	65	35	12	22	25	5	167
30599859_zpid	30599859_zpid	11233	617 Bainbridge St, Brooklyn, NY 11233	40.683298	-73.91258	0.103933655178	5	0.160936448686	4	0.184882005866	4	9	6	2430	960000	18	1800	1901	144	29	118	103	85	13	27	6	37	53	10	155
30750338_zpid	30750338_zpid	11235	2670 Batchelder St, Brooklyn, NY 11235	40.588191	-73.936967	0.261420817368	7	0.417503456693	2	1.46016323501	0	5	3	2232	559000	63	2160	1960	40	10	25	28	19	27	16	23	28	10	5	115
30747492_zpid	30747492_zpid	11229	2356 Brigham St, Brooklyn, NY 11229	40.5952119	-73.934423	0.158434933449	8	0.568560519917	3	1.75294011796	0	3	2	1540	559000	5	2833	1955	7	17	0	5	1	7	17	5	18	3	2	36
30766792_zpid	30766792_zpid	11236	568 E 81st St, Brooklyn, NY 11236	40.639713	-73.91701	0.546093505581	7	0.586179985796	1	1.49557689015	0	7	5	2900	660000	119	2200	1965	25	6	17	15	8	36	25	10	24	7	8	59
30606197_zpid	30606197_zpid	11233	325 Bainbridge St, Brooklyn, NY 11233	40.6820359	-73.923691	0.541104420331	7	0.3657454877	3	0.410492857956	2	4	2.5	1500	475000	0	2000	1899	191	77	117	152	100	28	26	17	53	71	30	242
30657941_zpid	30657941_zpid	11203	780 New York Ave, Brooklyn, NY 11203	40.654756	-73.947398	0.201332876381	4	0.274253118528	4	0.348596002786	2	5	2	1676	480000	24	2500	1920	64	12	32	54	32	37	15	17	11	22	6	66
30786203_zpid	30786203_zpid	11234	2025 Hendrickson St, Brooklyn, NY 11234	40.612151	-73.926229	0.367239947705	3	1.00188826574	0	2.69720843447	0	2	2	1208	440000	137	3000	1925	12	10	4	6	4	28	24	22	17	4	7	91
30654671_zpid	30654671_zpid	11203	5907 Tilden Ave, Brooklyn, NY 11203	40.648948	-73.921066	0.372736341249	6	0.647895899396	1	1.44843977846	0	2	2	1035	320000	31	2613	1940	44	5	19	17	19	23	21	5	6	11	4	56
30575443_zpid	30575443_zpid	11220	745 45th St, Brooklyn, NY 11220	40.644519	-74.001373	0.134154234329	9	0.129014488455	9	0.627249742934	2	7	5	3240	530000	35	2000	1930	224	100	108	144	108	188	156	48	76	16	12	388
30575443_zpid	30575443_zpid	11220	745 45th St, Brooklyn, NY 11220	40.644519	-74.001373	0.134154234329	8	0.129014488455	9	0.627249742934	2	7	5	3240	530000	35	2000	1930	224	100	108	144	108	188	156	48	76	16	12	388
30695157_zpid	30695157_zpid	11228	1028 74th St, Brooklyn, NY 11228	40.624248	-74.012855	0.406531520237	7	0.335752811846	3	1.01652647689	0	3	3	2060	1249000	0	2000	1910	10	8	4	20	4	48	42	35	13	3	3	66
30749412_zpid	30749412_zpid	11235	2554 E 28th St, Brooklyn, NY 11235	40.590096	-73.942185	0.232508616407	10	0.256340009797	2	1.07276908945	0	5	3	1674	240000	215	2667	1940	63	16	18	20	11	35	28	41	33	3	4	103
30606070_zpid	30606070_zpid	11233	183 Bainbridge St, Brooklyn, NY 11233	40.68132	-73.929954	0.184296123872	8	0.172614739551	5	0.227357887444	1	4	3	2220	1085000	28	1742	1899	130	65	87	121	68	13	24	10	35	38	22	182
2110883671_zpid	2110883671_zpid	10458	309 Bedford Park Blvd, Bronx, NY 10458	40.8701239	-73.884922	0.225038787589	8	0.320586857581	8	0.312130574016	4	21	10	7380	1690000	0	2613	1910	653	48	124	142	147	40	24	9	42	50	14	214
30670732_zpid	30670732_zpid	11218	64 Terrace Pl, Brooklyn, NY 11218	40.653949	-73.979359	0.28084782136	8	0.348693404398	2	0.553033601178	2	3	2	1930	1412500	11	2033	1930	4	56	32	44	16	80	60	96	52	0	8	156
30794406_zpid	30794406_zpid	11229	1 Fane Ct, Brooklyn, NY 11229	40.5906779	-73.926922	0.300616897401	2	1.07748987089	0	2.34034307582	0	3	1	1360	495000	8	1802	1930	1	7	1	12	1	1	23	10	20	2	3	34
99350280_zpid	99350280_zpid	10456	769 E 168TH St, Bronx, NY 10456	40.8294238	-73.9006665	0.179313408755	4	0.208482246204	8	0.747992138314	1	5	5	2400	480636	27	1500	2012	275	17	95	124	70	38	8	7	21	39	22	175
29793524_zpid	29793524_zpid	10473	2030 Turnbull Ave, Bronx, NY 10473	40.823174	-73.853617	0.502651975224	4	0.449842031345	3	1.24631750537	0	3	2	1782	370000	7	4	1950	89	23	25	27	13	19	18	5	15	9	5	68
30611361_zpid	30611361_zpid	11216	333 Herkimer St, Brooklyn, NY 11216	40.679449	-73.942281	0.26628967753	9	0.181679139472	6	0.131118936216	3	2	1	2800	95000	196	2000	1901	179	77	84	134	76	26	34	21	39	42	28	198
30608530_zpid	30608530_zpid	11221	485 Lexington Ave, Brooklyn, NY 11221	40.6887659	-73.9426842	0.268740697795	10	0.178546752392	4	0.763941009141	0	5	3.5	2700	580500	46	2000	1899	187	51	94	135	93	28	30	10	36	50	25	210
30654486_zpid	30654486_zpid	11203	371 E 54th St, Brooklyn, NY 11203	40.649582	-73.92596	0.342555125244	8	0.347158183057	3	1.55180828298	0	6	3	1980	490000	68	1742400	1925	125	15	45	47	49	43	34	7	16	27	7	141
30692149_zpid	30692149_zpid	11220	369 Bay Ridge Ave, Brooklyn, NY 11220	40.635091	-74.024021	0.103861634606	14	0.0951633635702	4	0.056127301643	2	6	3	3800	199000	272	2400	1915	46	33	28	31	20	23	30	21	10	14	6	89
30698630_zpid	30698630_zpid	11209	587 83rd St, Brooklyn, NY 11209	40.622386	-74.022775	0.246809457812	12	0.29060847379	3	0.476285323624	1	6	2	2320	1349000	0	4787	1920	110	46	30	36	32	31	19	25	8	25	5	162
30596689_zpid	30596689_zpid	11213	1569 Saint Johns Pl, Brooklyn, NY 11213	40.670509	-73.925613	0.0519484880536	12	0.346953314461	5	0.644306545662	2	6	2	3270	485000	26	1260	1923	217	27	134	132	126	25	12	5	24	55	20	201
30623970_zpid	30623970_zpid	11211	163 Maspeth Ave, Brooklyn, NY 11211	40.7169669	-73.936623	0.499043449557	6	0.693542491469	2	0.64873876484	2	3	2	1552	1120000	6	1397	1955	19	105	6	26	7	18	23	12	18	7	12	78
30782401_zpid	30782401_zpid	11234	2045 E 74th St, Brooklyn, NY 11234	40.622119	-73.905937	0.646892003213	1	0.617481448888	1	2.75296005484	0	3	2	1092	398500	33	2003	1925	13	2	4	6	6	15	11	4	15	2	2	41
30585792_zpid	30585792_zpid	11215	229 14th St, Brooklyn, NY 11215	40.666736	-73.989435	0.119518528329	15	0.183116033734	5	0.325394162989	3	3	2	1943	1410000	2	2000	1899	360	328	112	300	120	176	276	100	148	80	80	960
30585792_zpid	30585792_zpid	11215	229 14th St, Brooklyn, NY 11215	40.666736	-73.989435	0.119518528329	16	0.183116033734	4	0.325394162989	3	3	2	1943	1410000	2	2000	1899	360	328	112	300	120	176	276	100	148	80	80	960
30740557_zpid	30740557_zpid	11235	2811 Brighton 6th St, Brooklyn, NY 11235	40.582715	-73.962773	0.119777625774	10	0.284366047597	5	0.576240025979	1	6	3	2916	510000	58	2225	1930	336	136	136	232	96	272	204	132	112	64	88	644
30740557_zpid	30740557_zpid	11235	2811 Brighton 6th St, Brooklyn, NY 11235	40.582715	-73.962773	0.119777625774	9	0.284366047597	5	0.576240025979	1	6	3	2916	510000	58	2225	1930	336	136	136	232	96	272	204	132	112	64	88	644
